/*--------------------------------*- C++ -*----------------------------------*\
| =========                 |                                                 |
| \\      /  F ield         | OpenFOAM: The Open Source CFD Toolbox           |
|  \\    /   O peration     | Version:  v1906                                 |
|   \\  /    A nd           | Web:      www.OpenFOAM.com                      |
|    \\/     M anipulation  |                                                 |
\*---------------------------------------------------------------------------*/
FoamFile
{
    version     2.0;
    format      ascii;
    class       volScalarField;
    location    "532";
    object      alpha;
}
// * * * * * * * * * * * * * * * * * * * * * * * * * * * * * * * * * * * * * //

dimensions      [0 0 -1 0 0 0 0];


internalField   nonuniform List<scalar> 
9216
(
199.999999997
200
200
200
200
200
200
200
200
200
200
200
200
200
200
200
200
200
200
200
200
200
200
200
200
200
200
200
200
200
200
200
200
200
200
200
200
200
200
200
200
200
200
200
200
200
200
200
200
200
200
200
200
200
200
200
200
200
200
200
200
200
200
200
200
200
200
200
200
200
200
200
200
200
200
200
200
200
200
200
200
200
200
200
196.723071324
178.285339847
159.48801379
135.785846773
109.000426107
85.6387899438
64.7298833093
48.0731989387
34.6027932397
22.3323979826
12.8253034216
1.53641581147
200
200
200
200
200
200
200
200
200
200
200
200
200
200
200
200
200
200
200
200
200
200
200
200
200
200
200
200
200
200
200
200
200
200
200
200
200
200
200
200
200
200
200
200
200
200
200
200
200
200
200
200
200
200
200
200
200
200
200
200
200
200
200
200
200
200
200
200
200
200
200
200
200
200
200
200
200
200
200
200
200
200
200
200
200
191.478774251
172.817037636
148.118519895
124.959845042
98.3813884851
75.1556245222
59.6645532999
47.0327300529
30.6306158925
20.2074979924
15.2265987212
200
200
200
200
200
200
200
200
200
200
200
200
200
200
200
200
200
200
200
200
200
200
200
200
200
200
200
200
200
200
200
200
200
200
200
200
200
200
200
200
200
200
200
200
200
200
200
200
200
200
200
200
200
200
200
200
200
200
200
200
200
200
200
200
200
200
200
200
200
200
200
200
200
200
200
200
200
200
200
200
200
200
200
200
199.999999998
188.282409108
163.565065094
148.3382264
130.17988948
100.3514972
72.5173548294
63.6127472355
46.5510188637
35.8216576879
31.3840869898
21.2902659142
200
200
200
200
200
200
200
200
200
200
200
200
200
200
200
200
200
200
200
200
200
200
200
200
200
200
200
200
200
200
200
200
200
200
200
200
200
200
200
200
200
200
200
200
200
200
200
200
200
200
200
200
200
200
200
200
200
200
200
200
200
200
200
200
200
200
200
200
200
200
200
200
200
200
200
200
200
200
200
200
200
200
200
200
199.999981707
181.495468465
161.312221961
146.602854942
123.001410737
105.005411058
84.9632391242
61.3842101962
55.245809
46.0405896996
39.9401518376
27.6427327904
200
200
200
200
200
200
200
200
200
200
200
200
200
200
200
200
200
200
200
200
200
200
200
200
200
200
200
200
200
200
200
200
200
200
200
200
200
200
200
200
200
200
200
200
200
200
200
200
200
200
200
200
200
200
200
200
200
200
200
200
200
200
200
200
200
200
200
200
200
200
200
200
200
200
200
200
200
200
200
200
200
200
200
200
195.572145201
172.786323785
153.027196553
139.885533182
130.263784213
106.846885188
91.714293474
71.1144109073
57.013767281
55.8626668424
52.2395201944
39.9246220605
200
200
200
200
200
200
200
200
200
200
200
200
200
200
200
200
200
200
200
200
200
200
200
200
200
200
200
200
200
200
200
200
200
200
200
200
200
200
200
200
200
200
200
200
200
200
200
200
200
200
200
200
200
200
200
200
200
200
200
200
200
200
200
200
200
200
200
200
200
200
200
200
200
200
200
200
200
200
200
200
200
200
200
200
191.968079076
170.84857211
158.167715892
139.727246272
119.755365444
101.025569963
98.3058108052
85.8851800926
67.9196309476
64.7060283239
63.8300276705
51.0368617893
200
200
200
200
200
200
200
200
200
200
200
200
200
200
200
200
200
200
200
200
200
200
200
200
200
200
200
200
200
200
200
200
200
200
200
200
200
200
200
200
200
200
200
200
200
200
200
200
200
200
200
200
200
200
200
200
200
200
200
200
200
200
200
200
200
200
200
200
200
200
200
200
200
200
200
200
200
200
200
200
200
200
200
199.999998136
187.407184308
169.172007219
153.750013578
139.186979636
119.549250858
110.528385928
96.5282513403
95.1465153145
85.8082611866
75.1268017131
74.927834772
61.6791249646
200
200
200
200
200
200
200
200
200
200
200
200
200
200
200
200
200
200
200
200
200
200
200
200
200
200
200
200
200
200
200
200
200
200
200
200
200
200
200
200
200
200
200
200
200
200
200
200
200
200
200
200
200
200
200
200
200
200
200
200
200
200
200
200
200
200
200
200
200
200
200
200
200
200
200
200
200
200
200
200
200
200
200
199.99996029
183.594418034
167.918531106
149.512613754
135.037976419
122.861102996
116.022374782
107.228095388
97.5639190072
97.9749148215
84.7327036275
85.3957570329
72.2050583725
200
200
200
200
200
200
200
200
200
200
200
200
200
200
200
200
200
200
200
200
200
200
200
200
200
200
200
200
200
200
200
200
200
200
200
200
200
200
200
200
200
200
200
200
200
200
200
200
200
200
200
200
200
200
200
200
200
200
200
200
200
200
200
200
200
200
200
200
200
200
200
200
200
200
200
200
200
200
200
200
200
200
200
199.162777236
183.243124648
168.475908
152.960964302
136.571397053
125.159718362
112.808953125
114.581830584
108.618736774
102.333594964
97.7763090705
94.1394102459
81.65478088
200
200
200
200
200
200
200
200
200
200
200
200
200
200
200
200
200
200
200
200
200
200
200
200
200
200
200
200
200
200
200
200
200
200
200
200
200
200
200
200
200
200
200
200
200
200
200
200
200
200
200
200
200
200
200
200
200
200
200
200
200
200
200
200
200
200
200
200
200
200
200
200
200
200
200
200
200
200
200
200
200
200
200
195.834767556
182.278717872
168.014899801
152.463462347
139.42016285
129.010882043
121.387806297
114.798169114
115.757746335
111.143640255
108.961323881
102.486425316
91.544685061
200
200
200
200
200
200
200
200
200
200
200
200
200
200
200
200
200
200
200
200
200
200
200
200
200
200
200
200
200
200
200
200
200
200
200
200
200
200
200
200
200
200
200
200
200
200
200
200
200
200
200
200
200
200
200
200
200
200
200
200
200
200
200
200
200
200
200
200
200
200
200
200
200
200
200
200
200
200
200
200
200
200
199.999999999
195.119451594
181.319368458
164.715457999
151.88755749
142.12495369
136.309580678
129.328289339
124.048003043
116.856186388
118.65513134
120.892629751
110.905685322
99.3048551275
200
200
200
200
200
200
200
200
200
200
200
200
200
200
200
200
200
200
200
200
200
200
200
200
200
200
200
200
200
200
200
200
200
200
200
200
200
200
200
200
200
200
200
200
200
200
200
200
200
200
200
200
200
200
200
200
200
200
200
200
200
200
200
200
200
200
200
200
200
200
200
200
200
200
200
200
200
200
200
200
200
200
199.999999994
194.3338677
179.71437689
165.496004488
155.56370246
147.398304522
139.667449764
134.515612299
129.695560289
126.06220584
121.338257139
126.656372173
118.51761945
105.409781861
200
200
200
200
200
200
200
200
200
200
200
200
200
200
200
200
200
200
200
200
200
200
200
200
200
200
200
200
200
200
200
200
200
200
200
200
200
200
200
200
200
200
200
200
200
200
200
200
200
200
200
200
200
200
200
200
200
200
200
200
200
200
200
196.431497937
140.183386716
45.477043579
18.0975497853
12.3824906084
14.5270575628
24.7332195105
53.4849768952
127.424781053
174.119747326
193.96443361
199.8846216
200
200
200
200
200
200
200
199.999999862
193.995226262
179.436987395
169.389221147
159.986938645
151.204354776
143.564079053
138.532776202
133.738770115
130.235785672
128.093004856
130.378853098
124.963686899
110.882405316
200
200
200
200
200
200
200
200
200
200
200
200
200
200
200
200
200
200
200
200
200
200
200
200
200
200
200
200
200
200
200
200
200
200
200
200
200
200
200
200
200
200
200
200
200
200
200
200
200
200
200
200
200
200
200
200
200
200
200
34.1276286257
0.697488864615
0.060734306835
0.0121863232484
0.0035929178589
0.001310108516
0.00072046855109
0.000651336560818
0.000877552758834
0.00153903553683
0.00325698473811
0.00799347465673
0.0225447121585
0.073272757225
0.280467512026
1.29155879448
7.35629265725
53.3857749437
179.52336257
199.707972066
200
199.97712801
200
199.999999991
193.892643596
183.649805195
171.200244545
162.88098062
153.95023482
147.017125943
143.912396883
138.049881345
134.98153788
132.262006421
130.332960488
132.820166855
115.596861977
200
200
200
200
200
200
200
200
200
200
200
200
200
200
200
200
200
200
200
200
200
200
200
200
200
200
200
200
200
200
200
200
200
200
200
200
200
200
200
200
200
200
200
200
200
200
200
200
200
200
200
200
200
200
200
200
200
1.33087997494
0.00026514887292
2.13696858463e-05
3.82944813571e-06
1.00432115265e-06
3.59449787764e-07
1.70936541759e-07
1.23102822288e-07
1.3278648114e-07
1.89727573939e-07
3.26120378838e-07
6.50041196887e-07
1.49834336903e-06
3.92604360451e-06
1.17772206322e-05
4.07395022706e-05
0.00016516687086
0.000794311727113
0.00464358799243
0.0319267674146
0.267876911485
2.80620893747
38.6254599265
181.57828565
199.950240122
199.916965603
196.10702258
183.367521649
174.500119128
162.713884542
156.428672901
152.297776259
148.283817648
142.397030789
138.933663348
135.529051987
133.691397691
138.066123845
119.630644429
200
200
200
200
200
200
200
200
200
200
200
200
200
200
200
200
200
200
200
200
200
200
200
200
200
200
200
200
200
200
200
200
200
200
200
200
200
200
200
200
200
200
200
200
200
200
200
200
200
200
200
200
200
200
200
0.991286657405
2.84029198491e-06
2.48537412514e-08
3.25878904701e-09
7.81609572462e-10
2.67203697798e-10
1.17335299173e-10
6.74241007326e-11
5.66000684691e-11
6.63500999948e-11
9.76593086898e-11
1.686183905e-10
3.32686863989e-10
7.34151933524e-10
1.84492645832e-09
5.23088461656e-09
1.68234887015e-08
6.14911337442e-08
2.54267836975e-07
1.21771024831e-06
6.85151947841e-06
4.53488971927e-05
0.000357275637074
0.00343830512149
0.0402996887312
0.591009220239
11.3970823467
159.242779874
194.46661912
183.69009795
173.798530022
165.122328598
162.358653106
157.310313618
150.446135591
144.753595301
141.636038294
139.338444468
136.309935557
139.195416887
122.639214287
200
200
200
200
200
200
200
200
200
200
200
200
200
200
200
200
200
200
200
200
200
200
200
200
200
200
200
200
200
200
200
200
200
200
200
200
200
200
200
200
200
200
200
200
200
200
200
200
200
200
200
200
200
200
5.20084762106e-07
2.23744049754e-10
1.13535998101e-11
2.06682044448e-12
5.79091908068e-13
2.23397118093e-13
1.1062840942e-13
6.94516433926e-14
6.09117957391e-14
7.18472423992e-14
1.04937385498e-13
1.77556114343e-13
3.38312250614e-13
7.28674556753e-13
1.76644107915e-12
4.72470952591e-12
1.43194101157e-11
4.92342386561e-11
1.89506769833e-10
8.11648936464e-10
3.94485779829e-09
2.19471522391e-08
1.3673277173e-07
9.79292586701e-07
8.44744202534e-06
8.73503780253e-05
0.00110266526615
0.0171431692553
0.339325429064
7.45216679379
138.558916523
171.680292461
167.566447081
164.583991461
154.484359217
149.72914534
147.156296338
143.24293024
141.426122961
138.440454231
139.602610908
124.514763555
200
200
200
200
200
200
200
200
200
200
200
200
200
200
200
200
200
200
200
200
200
200
200
200
200
200
200
200
200
200
200
200
200
200
200
200
200
200
200
200
200
200
200
200
200
200
200
200
200
200
200
200
200
3.25350403549e-11
2.23289358475e-13
2.26592347048e-14
4.70774034827e-15
1.36781655638e-15
5.24903877384e-16
2.4506739394e-16
1.49494268152e-16
1.22962836318e-16
1.37500453026e-16
1.9586021977e-16
3.51538067068e-16
6.81105246429e-16
1.46371708691e-15
3.43302505105e-15
9.01299264725e-15
2.64048819729e-14
8.54142021239e-14
2.99809214237e-13
1.16995142993e-12
4.97161468169e-12
2.41400805629e-11
1.29643490729e-10
7.68815104737e-10
5.18697972895e-09
4.05997436618e-08
3.58971850012e-07
3.78040649207e-06
4.93831589036e-05
0.000724081690803
0.0127439793482
0.277078640876
8.90638560814
149.667917121
161.819289976
155.670140514
152.171586604
149.05086703
146.277290658
141.617089889
140.41765698
138.825370192
125.797478894
200
200
200
200
200
200
200
200
200
200
200
200
200
200
200
200
200
200
200
200
200
200
200
200
200
200
200
200
200
200
200
200
200
200
200
200
200
200
200
200
200
200
200
200
200
200
200
200
200
200
200
200
4.21448860552e-14
9.84127473367e-16
2.34468842107e-17
0
0
0
0
0
0
0
0
0
4.99550272091e-19
1.64408552297e-18
8.33711272788e-18
2.48567432201e-17
8.41782559297e-17
2.84902769152e-16
9.98346273639e-16
3.63837551127e-15
1.43112986607e-14
6.07266806879e-14
2.75546647437e-13
1.37706834954e-12
7.60544451914e-12
4.81266731395e-11
3.34059299177e-10
2.61208078107e-09
2.40264870019e-08
2.35411375992e-07
2.7183367693e-06
3.98136673184e-05
0.000735047953442
0.0184832933708
0.811943765724
50.3321871645
156.338558868
154.986087235
151.432421235
147.36444454
143.351567763
141.448931306
138.384645217
127.121333915
200
200
200
200
200
200
200
200
200
200
200
200
200
200
200
200
200
200
200
200
200
200
200
200
200
200
200
200
200
200
200
200
200
200
200
200
200
200
200
200
200
200
200
200
200
200
200
200
200
200
200
4.94494243378e-16
0
0
0
0
0
0
0
0
0
0
0
0
0
0
0
3.77332104542e-19
1.03661588928e-18
4.60470151157e-18
1.94060104152e-17
7.89213674618e-17
3.25738643116e-16
1.35100727037e-15
5.74378457465e-15
2.72652768483e-14
1.35140557344e-13
7.41110542434e-13
4.55076044109e-12
3.2453867494e-11
2.34813558657e-10
1.92510579623e-09
1.86721135208e-08
2.18965404832e-07
3.2860148987e-06
7.66120123693e-05
0.00227090022765
0.0950592096091
8.28722182716
146.60351225
153.211139372
149.47203976
146.451934742
141.867519143
139.767922014
128.310142518
200
200
200
200
200
200
200
200
200
200
200
200
200
200
200
200
200
200
200
200
200
200
200
200
200
200
200
200
200
200
200
200
200
200
200
200
200
200
200
200
200
200
200
200
200
200
200
200
200
200
5.3045228783e-21
0
0
0
0
0
0
0
0
0
0
0
0
0
0
0
0
0
0
3.63678316188e-20
5.86373663396e-19
1.65999540324e-18
7.4333461168e-18
4.09448267067e-17
1.63787176619e-16
8.32089304854e-16
3.7775405241e-15
1.97837249347e-14
1.00908632286e-13
5.97301672794e-13
3.70156411712e-12
2.71701908639e-11
2.18557449927e-10
2.09813205656e-09
2.57240806956e-08
4.4976361812e-07
1.00308192778e-05
0.000334258280856
0.0191526706797
1.9856138607
130.594991433
150.29693238
148.413852062
143.020410273
140.915983159
128.838394412
200
200
200
200
200
200
200
200
200
200
200
200
200
200
200
200
200
200
200
200
200
200
200
200
200
200
200
200
200
200
200
200
200
200
200
200
200
200
200
200
200
200
200
200
200
200
200
200
200
0
0
0
0
0
0
0
0
0
0
0
0
0
0
0
0
0
0
0
0
0
0
0
3.64416186204e-19
1.07282414436e-18
5.74210001483e-18
2.86052861718e-17
1.18245447793e-16
6.30937840897e-16
3.01816705651e-15
1.61569821496e-14
8.62362651905e-14
5.74476595618e-13
4.03380886636e-12
3.34694773896e-11
3.28799463951e-10
4.50853253028e-09
7.47236832941e-08
1.95624391237e-06
7.09846845155e-05
0.00489581615054
0.693090309598
114.7297592
147.880295244
143.954711449
140.237568709
127.800153243
200
200
200
200
200
200
200
200
200
200
200
200
200
200
200
200
200
200
200
200
200
200
200
200
200
200
200
200
200
200
200
200
200
200
200
200
200
200
200
200
200
200
200
200
200
200
200
200
0
0
0
0
0
0
0
0
0
0
0
0
0
0
0
0
0
0
0
0
0
0
0
0
0
0
2.81068750029e-19
1.06441968862e-18
5.09005496088e-18
2.59792938077e-17
1.20121136111e-16
6.64589797089e-16
3.29471823365e-15
1.89217073395e-14
1.21485764919e-13
8.22192706058e-13
6.79052836784e-12
7.52967329401e-11
9.14072559877e-10
1.59823392309e-08
4.2787265087e-07
2.05093234518e-05
0.00181987305828
0.369461403995
114.292786081
143.377532453
138.130133307
125.074138204
200
200
200
200
200
200
200
200
200
200
200
200
200
200
200
200
200
200
200
200
200
200
200
200
200
200
200
200
200
200
200
200
200
200
200
200
200
200
200
200
200
200
200
200
200
200
200
0
0
0
0
0
0
0
0
0
0
0
0
0
0
0
0
0
0
0
0
0
0
0
0
0
0
0
0
0
2.67917301867e-19
1.19345790397e-18
6.29865181157e-18
3.35874762629e-17
1.63714755203e-16
9.83609453196e-16
5.3499471905e-15
3.37724812696e-14
2.28166576469e-13
1.79553900407e-12
1.99351123843e-11
2.46553879704e-10
4.93525294203e-09
1.522075359e-07
8.4086033251e-06
0.00102921880806
0.412884247694
123.942533248
135.877906558
121.376285325
200
200
200
200
200
200
200
200
200
200
200
200
200
200
200
200
200
200
200
200
200
200
200
200
200
200
200
200
200
200
200
200
200
200
200
200
200
200
200
200
200
200
200
200
200
200
0
0
0
0
0
0
0
0
0
0
0
0
0
0
0
0
0
0
0
0
0
0
0
0
0
0
0
0
0
0
0
0
3.50448798863e-19
1.64683535631e-18
9.14191858103e-18
5.18572014868e-17
3.03385043991e-16
1.72032489717e-15
1.15841289194e-14
7.73904764495e-14
6.63136029269e-13
6.47482902598e-12
9.65818790732e-11
2.0309080479e-09
7.11770428811e-08
4.97349358333e-06
0.0010619515199
1.12152958555
127.413644838
117.13629355
200
200
200
200
200
200
200
200
200
200
200
200
200
200
200
200
200
200
200
200
200
200
200
200
200
200
200
200
200
200
200
200
200
200
200
200
200
200
200
200
200
200
200
200
200
0
0
0
0
0
0
0
0
0
0
0
0
0
0
0
0
0
0
0
0
0
0
0
0
0
0
0
0
0
0
0
0
0
0
0
5.64067986993e-19
2.90539326189e-18
2.26531487237e-17
1.17803419842e-16
7.45619441428e-16
5.09107012375e-15
3.18313635678e-14
2.6665153156e-13
3.02294520344e-12
4.70562684116e-11
1.04894592869e-09
4.33245986796e-08
4.79335358309e-06
0.00226072597643
12.2224016623
111.834590188
200
200
200
200
200
200
200
200
200
200
200
200
200
200
200
200
200
200
200
200
200
200
200
200
200
200
200
200
200
200
200
200
200
200
200
200
200
200
200
200
200
200
200
200
200
0
0
0
0
0
0
0
0
0
0
0
0
0
0
0
0
0
0
0
0
0
0
0
0
0
0
0
0
0
0
0
0
0
0
0
0
1.71251944849e-19
1.26170875137e-18
9.25070690745e-18
5.62431307679e-17
3.79144670519e-16
2.50965580147e-15
1.7426631597e-14
1.4584029848e-13
1.59094423469e-12
2.6108498128e-11
6.48038953688e-10
4.01488966655e-08
8.68896954086e-06
0.0161686399597
95.4160578747
200
200
200
200
200
200
200
200
200
200
200
200
200
200
200
200
200
200
200
200
200
200
200
200
200
200
200
200
200
200
200
200
200
200
200
200
200
200
200
200
200
200
200
200
199.999999999
0
0
0
0
0
0
0
0
0
0
0
0
0
0
0
0
0
0
0
0
0
0
0
0
0
0
0
0
0
0
0
0
0
0
0
0
0
0
5.97935276274e-19
5.02573656238e-18
3.02162562431e-17
2.26035841791e-16
1.41741839774e-15
9.25683579701e-15
7.69033476193e-14
9.80066260016e-13
1.70830273685e-11
6.10109267799e-10
6.24316791093e-08
4.75728266367e-05
1.58432930342
200
200
200
200
200
200
200
200
200
200
200
200
200
200
200
200
200
200
200
200
200
200
200
200
200
200
200
200
200
200
200
200
200
200
200
200
200
200
200
200
200
200
200
200
0
0
0
0
0
0
0
0
0
0
0
0
0
0
0
0
0
0
0
0
0
0
0
0
0
0
0
0
0
0
0
0
0
0
0
0
0
0
0
0
2.68640883579e-19
3.1363954749e-18
2.18117189389e-17
1.53868726752e-16
9.45706802637e-16
7.58340060541e-15
5.90728443689e-14
7.98071947217e-13
1.85947077541e-11
8.82919415334e-10
2.53706682996e-07
0.00157432168975
200
200
200
200
200
200
200
200
200
200
200
200
200
200
200
200
200
200
200
200
200
200
200
200
200
200
200
200
200
200
200
200
200
200
200
200
200
200
200
200
200
200
200
200
0
0
0
0
0
0
0
0
0
0
0
2.5335674193e-19
1.26758442982e-18
1.9546564411e-18
3.353832692e-18
0
0
0
0
0
0
0
0
0
0
0
0
0
0
0
0
0
0
0
0
0
0
0
0
0
0
1.13809067112e-19
2.16024634312e-18
1.93333109604e-17
1.28394705374e-16
8.52470303501e-16
6.63083415296e-15
6.39245221579e-14
9.33351294126e-13
2.54783799002e-11
2.90182391732e-09
4.11083951332e-06
200
200
200
3.21880792815e-22
0
0
0
0
0
0
0
0
0
0
0
0
0
0
0
0
0
0
0
4.02288022983e-17
5.83666372913e-15
200
200
200
200
200
200
200
200
200
200
200
200
200
200
200
200
200
200
200
0
0
0
0
0
0
0
0
0
8.79023157067e-19
1.45760132456e-17
8.98761795098e-17
6.42945901826e-16
4.23337018417e-15
8.04367995597e-15
1.12751358656e-14
3.03223857466e-16
2.05903642148e-17
0
0
0
0
0
0
0
0
0
0
0
0
0
0
0
0
0
0
0
0
0
0
0
0
2.00859818733e-20
1.8153476899e-18
1.45261763834e-17
1.02576533941e-16
8.24616538804e-16
6.64822654615e-15
6.47492227835e-14
1.31703705555e-12
6.96225720628e-11
2.75413712405e-08
4.0073616971e-23
2.10913773531e-23
0
0
0
0
0
0
0
0
0
0
0
0
0
0
0
0
0
0
0
0
0
0
0
0
0
0
0
0
2.31010975546e-16
3.16325468795e-14
200
200
200
200
200
200
200
200
200
200
200
0
0
0
0
0
0
0
0
2.19595294639e-19
1.89645230402e-17
9.59690240751e-16
8.42277006682e-14
200
200
200
200
200
200
200
200
199.999999907
199.993627586
0
0
0
0
0
0
0
0
0
0
0
0
0
0
0
0
0
0
0
0
0
0
7.89312514332e-22
2.10942729014e-18
1.66896615527e-17
1.48415020854e-16
1.12324756253e-15
9.44277334279e-15
1.22358464102e-13
3.29922189172e-12
4.52778877625e-10
0
0
0
0
0
0
0
0
0
0
0
0
0
0
0
0
0
0
0
0
0
0
0
0
0
0
0
0
0
0
0
0
0
0
0
3.17025329483e-16
1.55196745701e-14
200
200
200
200
200
200
0
0
0
0
0
0
0
2.37336903279e-18
5.53198363188e-16
4.2217422688e-13
200
200
200
200
200
200
200
200
200
200
200
200
199.999999926
0
0
0
0
0
0
0
0
0
0
0
0
0
0
0
0
0
0
0
0
0
0
7.60469735914e-20
3.03068787861e-18
2.67142372958e-17
1.90017206769e-16
1.78658362025e-15
1.77269008948e-14
2.82506741736e-13
1.72045650756e-11
0
0
0
0
0
0
0
0
0
0
0
0
0
0
0
0
0
0
0
0
0
0
0
0
0
0
0
0
0
0
0
0
0
0
0
0
0
0
2.60797334608e-18
2.3105759964e-16
2.8990236798e-15
6.73477376999e-15
1.51790432277e-16
0
0
0
0
0
0
2.41090973429e-17
1.54117309224e-14
200
200
200
200
200
200
200
200
200
200
200
200
200
200
200
200
0
0
0
0
0
0
0
0
0
0
0
0
0
0
0
0
0
0
0
0
0
0
2.38531063399e-19
5.89929950816e-18
4.0936848227e-17
3.33402132386e-16
2.96868253554e-15
4.0769941627e-14
1.19293807101e-12
0
0
0
0
0
0
0
0
0
0
0
0
0
0
0
0
0
0
0
0
0
0
0
0
0
0
0
0
0
0
0
0
0
0
0
0
0
0
0
0
0
0
1.74811046244e-17
0
0
3.10544707686e-21
5.33203921784e-21
3.32984676874e-19
1.92502349484e-16
9.52654555788e-13
200
200
200
200
200
200
200
200
200
200
200
200
200
200
200
200
200
200
0
0
0
0
0
0
0
0
0
0
0
0
0
0
0
0
0
0
0
0
0
0
7.03685197041e-19
1.09243973275e-17
9.16027127044e-17
8.05118041558e-16
8.68412482843e-15
1.4052785564e-13
0
0
0
0
0
0
0
0
0
0
0
0
0
0
0
0
0
0
0
0
0
0
0
0
0
0
0
0
0
0
0
0
0
0
0
0
0
0
0
0
0
0
0
0
3.94803865021e-21
2.58036023789e-20
2.01477005268e-18
3.91631421256e-16
1.44908352295e-10
200
200
200
200
200
200
200
200
200
200
200
200
200
200
200
200
200
200
200
200
0
0
0
0
0
0
0
0
0
0
0
0
0
0
0
0
0
0
0
0
0
0
2.35052075305e-18
2.17802757853e-17
2.50202856325e-16
2.46446862839e-15
2.72560671714e-14
0
0
0
0
0
0
0
0
0
0
0
0
0
0
0
0
0
0
0
0
0
0
0
0
0
0
0
0
0
0
0
0
0
0
0
0
0
0
0
0
0
0
0
0
0
1.35015181674e-18
1.51691775017e-16
200
200
200
200
200
200
200
200
200
200
200
200
200
200
200
200
200
200
200
200
200
200
200
0
0
0
0
0
0
0
0
0
0
0
0
0
0
0
0
0
0
0
0
0
3.39051262224e-19
7.83422019906e-18
6.52137428949e-17
7.3279336462e-16
7.3823406865e-15
0
0
0
0
0
0
0
0
0
0
0
0
0
0
0
0
0
0
0
0
0
0
0
0
0
0
0
0
0
0
0
0
0
0
0
0
0
0
0
0
0
0
0
0
0
0
1.40605794124e-14
200
200
200
200
200
200
200
200
200
200
200
200
200
200
200
200
200
200
200
200
200
200
200
200
0
0
0
0
0
0
0
0
0
0
0
0
0
0
0
0
0
0
0
0
0
2.13066754462e-18
2.51745847905e-17
2.78035094576e-16
2.48641633587e-15
0
0
0
0
0
0
0
0
0
0
0
0
0
0
0
0
0
0
0
0
0
0
0
0
0
0
0
0
0
0
0
0
0
0
0
0
0
0
0
0
0
0
0
0
0
0
0
0
2.9379351544e-22
200
200
200
200
200
200
200
200
200
200
200
200
200
200
200
200
200
200
200
200
200
200
200
0
0
0
0
0
0
0
0
0
0
0
0
0
0
0
0
0
0
0
0
5.86756225613e-19
1.08569415947e-17
1.21059457333e-16
1.01622773748e-15
0
0
0
0
0
0
0
0
0
0
0
0
0
0
0
0
0
0
0
0
0
0
0
0
0
0
0
0
0
0
0
0
0
0
0
0
0
0
0
0
0
0
0
0
0
0
0
0
0
2.64414163896e-22
3.5404065574e-21
2.03505780612e-15
200
200
200
200
200
200
200
200
200
200
200
200
200
200
200
200
200
200
200
200
199.999817593
0
0
0
0
0
0
0
0
0
0
0
0
0
0
0
0
0
0
0
1.46341514717e-19
5.31454334455e-18
5.9588855876e-17
4.89762544656e-16
0
0
0
0
0
0
0
0
0
0
0
0
0
0
0
0
0
0
0
0
0
0
0
0
0
0
0
0
0
0
0
0
0
0
0
0
0
0
0
0
0
0
0
0
0
0
0
0
0
0
2.37972747507e-22
1.33679313898e-21
1.64393175091e-20
7.49724853893e-15
200
200
200
200
200
200
200
200
200
200
200
200
200
200
200
200
200
200
200
0
0
0
0
0
0
0
0
0
0
0
0
0
0
0
0
0
0
0
0
2.42368393269e-18
2.98894388393e-17
2.70365754627e-16
0
0
0
0
0
0
0
0
0
0
0
0
0
0
0
0
0
0
0
0
0
0
0
0
0
0
0
0
0
0
0
0
0
0
0
0
0
0
0
0
0
0
0
0
0
0
0
0
0
0
0
4.52148220262e-22
1.0103558996e-21
1.41200256501e-20
4.05258908145e-20
1.53924361888e-13
200
200
200
200
200
200
200
200
200
200
200
200
200
200
200
200
200
199.99986536
0
0
0
0
0
0
0
0
0
0
0
0
0
0
0
0
0
0
0
1.18988491691e-18
1.63374222888e-17
1.6682322639e-16
0
0
0
0
0
0
0
0
0
0
0
0
0
0
0
0
0
0
0
0
0
0
0
0
0
0
0
0
0
0
0
0
0
0
0
0
0
0
0
0
0
0
0
0
0
0
0
0
0
0
0
0
4.06933398236e-22
9.09320309639e-22
1.25345409522e-20
2.76157779426e-20
3.08416940543e-15
200
200
200
200
200
200
200
200
200
200
200
200
200
200
200
200
200
0
0
0
0
0
0
0
0
0
0
0
0
0
0
0
0
0
0
0
7.27538978809e-19
1.22961139605e-17
1.12768157899e-16
0
0
0
0
0
0
0
0
0
0
0
0
0
0
0
0
0
0
0
0
0
0
0
0
0
0
0
0
0
0
0
0
0
0
0
0
0
0
0
0
0
0
0
0
0
0
0
0
0
0
0
0
0
5.80415531168e-22
1.98546186693e-21
9.62168708407e-21
1.49275066859e-20
2.99919495469e-16
200
200
200
200
200
200
200
200
200
200
200
200
200
200
200
200
199.999658224
0
0
0
0
0
0
0
0
0
0
0
0
0
0
0
0
0
0
4.31201804947e-19
9.87850860806e-18
8.4157027187e-17
0
0
0
0
0
0
0
0
0
0
0
0
0
0
0
0
0
0
0
0
0
0
0
0
0
0
0
0
0
0
0
0
0
0
0
0
0
0
0
0
0
0
0
0
0
0
0
0
0
0
0
0
0
1.73482132932e-22
3.66240058413e-22
3.0377861103e-21
8.09122049601e-21
1.33671987995e-20
1.29935387119e-20
200
200
200
200
200
200
200
200
200
200
200
200
200
200
200
200
0
0
0
0
0
0
0
0
0
0
0
0
0
0
0
0
0
0
3.56661888247e-19
7.96745027855e-18
6.91688029695e-17
0
0
0
0
0
0
0
0
0
0
0
0
0
0
0
0
0
0
0
0
0
0
0
0
0
0
0
0
0
0
0
0
0
0
0
0
0
0
0
0
0
0
0
0
0
0
0
0
0
0
0
0
0
1.73482132932e-22
3.29616052571e-22
3.29616052571e-22
3.20773622858e-21
7.79404600137e-21
1.1752213719e-20
1.12028441776e-20
200
200
200
200
200
200
200
200
200
200
200
200
200
200
200
0
0
0
0
0
0
0
0
0
0
0
0
0
0
0
0
0
0
3.2883609142e-19
7.8027500649e-18
6.41357826788e-17
0
0
0
0
0
0
0
0
0
0
0
0
0
0
0
0
0
0
0
0
0
0
0
0
0
0
0
0
0
0
0
0
0
0
0
0
0
0
0
0
0
0
0
0
0
0
0
0
0
0
0
0
0
0
3.29616052571e-22
3.29616052571e-22
3.29616052571e-22
3.890235403e-21
8.94986434617e-21
9.6554395252e-21
4.9400164188e-17
200
200
200
200
200
200
200
200
200
200
200
200
200
200
0
0
0
0
0
0
0
0
0
0
0
0
0
0
0
0
0
0
3.36605994503e-19
7.72292482696e-18
6.56630996752e-17
0
0
0
0
0
0
0
0
0
0
0
0
0
0
0
0
0
0
0
0
0
0
0
0
0
0
0
0
0
0
0
0
0
0
0
0
0
0
0
0
0
0
0
0
0
0
0
0
0
0
0
0
0
0
0
3.29616052571e-22
3.29616052571e-22
3.29616052571e-22
4.64856781902e-21
6.98891117711e-21
6.75438524384e-21
1.05541490306e-15
200
200
200
200
200
200
200
200
200
200
200
200
200
0
0
0
0
0
0
0
0
0
0
0
0
0
0
0
0
0
0
4.67919403168e-19
8.0764553241e-18
7.24492766783e-17
0
0
0
0
0
0
0
0
0
0
0
0
0
0
0
0
0
0
0
0
0
0
0
0
0
0
0
0
0
0
0
0
0
0
0
0
0
0
0
0
0
0
0
0
0
0
0
0
0
0
0
0
0
0
0
0
0
1.73482132932e-22
5.22373978052e-22
4.40943056786e-21
5.81759663176e-21
4.18758549486e-21
200
200
200
200
200
200
200
200
200
200
200
200
200
0
0
0
0
0
0
0
0
0
0
0
0
0
0
0
0
0
0
6.4247180708e-19
1.09376559881e-17
8.53623149899e-17
0
0
0
0
0
0
0
0
0
0
0
0
0
0
0
0
0
0
0
0
0
0
0
0
0
0
0
0
0
0
0
0
0
0
0
0
0
0
0
0
0
0
0
0
0
0
0
0
0
0
0
0
0
0
0
0
0
0
9.09320309639e-22
1.20311382508e-21
1.08280244257e-21
2.18802688791e-21
2.81321851846e-19
200
200
200
200
200
200
200
200
200
200
200
200
0
0
0
0
0
0
0
0
0
0
0
0
0
0
0
0
0
0
9.44876280693e-19
1.41172786442e-17
1.07050224364e-16
0
0
0
0
0
0
0
0
0
0
0
0
0
0
0
0
0
0
0
0
0
0
0
0
0
0
0
0
0
0
0
0
0
0
0
0
0
0
0
0
0
0
0
0
0
0
0
0
0
0
0
0
0
0
0
0
0
0
2.37972747507e-22
1.0103558996e-21
1.52955106446e-21
1.20311382508e-21
5.99149835788e-20
200
200
200
200
200
200
200
200
200
200
200
200
0
0
0
0
0
0
0
0
0
0
0
0
0
0
0
0
0
0
1.61332508595e-18
1.79965011188e-17
1.32214291082e-16
0
0
0
0
0
0
0
0
0
0
0
0
0
0
0
0
0
0
0
0
0
0
0
0
0
0
0
0
0
0
0
0
0
0
0
0
0
0
0
0
0
0
0
0
0
0
0
0
0
0
0
0
0
0
0
0
0
0
0
0
1.12261766622e-21
1.69950118273e-21
2.43256011349e-20
5.10942221436e-19
200
200
200
200
200
200
200
200
200
200
200
1.73482132932e-22
0
0
0
0
0
0
0
0
0
0
0
0
0
0
0
0
8.96895099562e-20
2.81786178948e-18
2.58600858395e-17
1.56827887984e-16
0
0
0
0
0
0
0
0
0
0
0
0
0
0
0
0
0
0
0
0
0
0
0
0
0
0
0
0
0
0
0
0
0
0
0
0
0
0
0
0
0
0
0
0
0
0
0
0
0
0
0
0
0
0
0
0
0
0
0
0
0
1.24735296247e-21
2.7431454643e-20
1.92139899884e-19
200
200
200
200
200
200
200
200
200
200
200
1.73482132932e-22
1.73482132932e-22
0
0
0
0
0
0
0
0
0
0
0
0
0
0
0
2.83347557416e-19
4.68725245731e-18
3.89536579477e-17
4.04984617823e-16
0
0
0
0
0
0
0
0
0
0
0
0
0
0
0
0
0
0
0
0
0
0
0
0
0
0
0
0
0
0
0
0
0
0
0
0
0
0
0
0
0
0
0
0
0
0
0
0
0
0
0
0
0
0
0
0
0
0
0
0
0
0
1.18512192599e-20
6.37542916426e-20
200
200
200
200
200
200
200
200
200
200
200
1.73482132932e-22
1.73482132932e-22
1.73482132932e-22
0
0
0
0
0
0
0
0
0
0
0
0
0
0
7.18799389962e-19
7.44763273419e-18
5.30642156418e-17
1.31481139646e-15
0
0
0
0
0
0
0
0
0
0
0
0
0
0
0
0
0
0
0
0
0
0
0
0
0
0
0
0
0
0
0
0
0
0
0
0
0
0
0
0
0
0
0
0
0
0
0
0
0
0
0
0
0
0
0
0
0
0
0
0
0
0
0
6.01610791574e-20
200
200
200
200
200
200
200
200
200
200
0
1.56133919639e-22
1.73482132932e-22
1.73482132932e-22
1.73482132932e-22
0
0
0
0
0
0
0
0
0
0
0
0
7.76335779856e-21
1.31400947937e-18
1.34370319311e-17
6.7163076257e-17
2.37501739454e-15
0
0
0
0
0
0
0
0
0
0
0
0
0
0
0
0
0
0
0
0
0
0
0
0
0
0
0
0
0
0
0
0
0
0
0
0
0
0
0
0
0
0
0
0
0
0
0
0
0
0
0
0
0
0
0
0
0
0
0
0
0
0
0
5.49944242483e-20
200
200
200
200
200
200
200
200
200
200
0
0
1.56133919639e-22
1.73482132932e-22
1.73482132932e-22
0
0
0
0
0
0
0
0
0
0
0
0
2.29781835836e-19
2.22979163283e-18
1.72945994537e-17
7.30204483104e-17
3.94114303247e-15
0
0
0
0
0
0
0
0
0
0
0
0
0
0
0
0
0
0
0
0
0
0
0
0
0
0
0
0
0
0
0
0
0
0
0
0
0
0
0
0
0
0
0
0
0
0
0
0
0
0
0
0
0
0
0
0
0
0
0
0
0
0
0
0
200
200
200
200
200
200
200
200
200
0
0
0
0
1.73482132932e-22
1.73482132932e-22
1.73482132932e-22
0
0
0
0
0
0
0
0
0
0
0
4.70057251854e-19
4.70121051888e-18
2.29337467862e-17
1.52470785512e-16
5.52489950715e-15
0
0
0
0
0
0
0
0
0
0
0
0
0
0
0
0
0
0
0
0
0
0
0
0
0
0
0
0
0
0
0
0
0
0
0
0
0
0
0
0
0
0
0
0
0
0
0
0
0
0
0
0
0
0
0
0
0
0
0
0
0
0
0
0
200
200
200
200
200
200
200
200
0
0
0
0
0
0
1.73482132932e-22
1.73482132932e-22
0
0
0
0
0
0
0
0
0
0
1.21533167399e-19
8.85379894979e-19
5.40728993188e-18
2.19117262479e-17
3.38741404753e-16
8.56311439617e-15
0
0
0
0
0
0
0
0
0
0
0
0
0
0
0
0
0
0
0
0
0
0
0
0
0
0
0
0
0
0
0
0
0
0
0
0
0
0
0
0
0
0
0
0
0
0
0
0
0
0
0
0
0
0
0
0
0
0
0
0
0
0
0
0
200
200
200
200
200
200
200
0
0
0
0
0
0
0
0
1.73482132932e-22
0
0
0
0
0
0
0
0
0
0
3.40991925601e-19
1.81533423616e-18
6.29457398933e-18
1.53093918001e-17
3.99857615081e-16
1.27653027069e-14
0
0
0
0
0
0
0
0
0
0
0
0
0
0
0
0
0
0
0
0
0
0
0
0
0
0
0
0
0
0
0
0
0
0
0
0
0
0
0
0
0
0
0
0
0
0
0
0
0
0
0
0
0
0
0
0
0
0
0
0
0
0
0
11.4767801215
200
200
200
200
200
200
0
0
0
0
0
0
0
0
0
0
0
0
0
0
0
0
0
0
0
1.3456244858e-19
5.01557027788e-19
2.01627914015e-18
3.7324060436e-18
3.42979900991e-17
6.12174923e-16
1.80844251202e-14
0
0
0
0
0
0
0
0
0
0
0
0
0
0
0
0
0
0
0
0
0
0
0
0
0
0
0
0
0
0
0
0
0
0
0
0
0
0
0
0
0
0
0
0
0
0
0
0
0
0
0
0
0
0
0
0
0
0
0
0
0
0
0
200
200
200
200
200
200
0
0
0
0
0
0
0
0
0
0
0
0
0
0
0
0
0
0
0
0
3.70780390498e-19
1.3799520419e-18
2.31805424274e-18
6.63065173285e-19
3.32718865727e-17
1.03824381868e-15
1.9480462551e-14
0
0
0
0
0
0
0
0
0
0
0
0
0
0
0
0
0
0
0
0
0
0
0
0
0
0
0
0
0
0
0
0
0
0
0
0
0
0
0
0
0
0
0
0
0
0
0
0
0
0
0
0
0
0
0
0
0
0
0
0
0
0
0
200
200
200
200
0
0
0
0
0
0
0
0
0
0
0
0
0
0
0
0
0
0
0
0
0
2.09369237148e-19
7.70056282545e-19
2.50424990547e-18
4.23188194697e-18
2.77127638083e-19
8.55564166431e-18
1.73561884009e-15
1.79660393057e-14
0
0
0
0
0
0
0
0
0
0
0
0
0
0
0
0
0
0
0
0
0
0
0
0
0
0
0
0
0
0
0
0
0
0
0
0
0
0
0
0
0
0
0
0
0
0
0
0
0
0
0
0
0
0
0
0
0
0
0
0
0
0
0
200
0
0
0
0
0
0
0
0
0
0
0
0
0
0
0
0
0
0
0
0
0
0
0
1.40024385351e-19
3.6333731399e-19
9.91422385286e-19
2.37051139447e-18
2.68389230695e-18
8.36507970953e-18
3.3606072416e-17
8.78406225228e-16
9.6952296329e-15
0
0
0
0
0
0
0
0
0
0
0
0
0
0
0
0
0
0
0
0
0
0
0
0
0
0
0
0
0
0
0
0
0
0
0
0
0
0
0
0
0
0
0
0
0
0
0
0
0
0
0
0
0
0
0
0
0
0
0
0
0
0
0
0
0
0
0
0
0
0
0
0
0
0
0
0
0
0
0
0
0
0
0
0
0
0
9.44904055872e-20
4.66363461943e-19
7.2168014275e-19
1.00957048375e-18
1.05016473766e-18
4.91670366018e-17
6.11795642958e-17
1.1430982143e-16
6.55538109843e-16
1.55084841799e-14
4.0073616971e-23
0
0
0
0
0
0
0
0
0
0
0
0
0
0
0
0
0
0
0
0
0
0
0
0
0
0
0
0
0
0
0
0
0
0
0
0
0
0
0
0
0
0
0
0
0
0
0
0
0
0
0
0
0
0
0
0
0
0
0
0
0
0
0
0
0
0
0
0
0
0
0
0
0
0
0
0
0
0
0
0
0
0
0
0
8.39930284199e-20
5.10637437166e-19
7.69603429792e-19
8.39934899917e-19
1.67118567669e-18
1.2190956664e-17
1.36132232333e-17
2.05393974671e-17
4.83442107442e-17
2.8357800078e-16
9.06025010283e-15
200
200
9.64969575981e-23
0
0
0
0
0
0
0
0
0
0
0
0
0
0
0
0
0
0
0
0
0
0
0
0
0
0
0
0
0
0
0
0
0
0
0
0
0
0
0
0
0
0
0
0
0
0
0
0
0
0
0
0
0
0
0
0
0
0
0
0
0
0
0
0
0
0
0
0
0
0
0
0
0
0
0
0
0
0
0
0
0
1.33335292277e-19
5.69660187442e-19
5.64777825145e-19
1.04677857893e-18
5.06611431476e-18
4.50645666834e-18
4.87006825688e-18
7.74068792816e-18
1.36155743025e-17
3.31008206512e-17
1.85220134344e-16
8.3196094096e-15
200
200
200
200
200
0
0
0
0
0
0
0
0
0
0
0
0
0
0
0
0
0
0
0
0
0
0
0
0
0
0
0
0
0
0
0
0
0
0
0
0
0
0
0
0
0
0
0
0
0
0
0
0
0
0
0
0
0
0
0
0
0
0
0
0
0
0
0
0
0
0
0
0
0
0
0
0
0
0
5.80415531168e-22
6.44906145743e-22
4.06933398236e-22
6.48911109807e-20
4.49079801488e-19
5.84355669878e-19
5.70315444085e-19
2.95191587926e-18
2.81687424012e-18
2.86840009046e-18
3.3349933589e-18
4.23299806918e-18
5.67323933087e-18
7.97499314563e-18
1.43933025573e-17
7.22979158216e-17
5.89850558366e-15
200
200
200
200
200
34.0241308208
6.59789954116e-22
0
0
0
0
0
0
0
0
0
0
0
0
0
0
0
0
0
0
0
0
0
0
0
0
0
0
0
0
0
0
0
0
0
0
0
0
0
0
0
0
0
0
0
0
0
0
0
0
0
0
0
0
0
0
0
0
0
0
0
0
0
0
0
0
0
0
2.5096070335e-19
3.2002982228e-19
2.10411282192e-18
3.21117411714e-18
7.12879371914e-18
9.40566113403e-18
1.08527591367e-17
1.16452515024e-17
7.95215226351e-18
1.48830439937e-18
5.05864233086e-19
2.83959244445e-18
2.09207078419e-18
1.98583606507e-18
2.22989011433e-18
2.62512564498e-18
3.05996312036e-18
3.6573915031e-18
4.54509518543e-18
5.73422704752e-18
7.84420410472e-18
1.69072177687e-17
3.50509193376e-15
200
200
200
200
7.83583461996e-12
4.83499290421e-16
3.57922011211e-15
1.0108770337e-15
1.75171484595e-22
0
0
0
0
0
0
0
0
0
0
0
0
0
0
0
0
0
0
0
0
0
0
0
0
0
0
0
0
0
0
0
0
0
0
0
0
0
0
0
0
0
0
0
0
0
0
0
0
0
0
0
0
0
0
0
0
0
0
0
0
0
0
2.72531130714e-18
1.44241482614e-17
2.94232464234e-17
4.49913847331e-17
5.36413736594e-17
5.77343345223e-17
6.45333730398e-17
5.76144176805e-17
5.17114620566e-17
3.63876142157e-17
1.42094226189e-17
5.89513088653e-18
2.61251798096e-18
1.79188981657e-18
1.78894745366e-18
1.97449993586e-18
2.1886680271e-18
2.46924142945e-18
2.80971221351e-18
3.24297079888e-18
3.81382562015e-18
4.52938940036e-18
5.5181573964e-18
7.60176764371e-18
1.6550128902e-15
200
200
200
5.14109109416e-12
7.48326064009e-15
8.18810548946e-16
1.27097028686e-16
8.68496598238e-19
1.81601301449e-18
1.8901779832e-20
0
0
0
0
0
0
0
0
0
0
0
0
0
0
0
0
0
0
0
0
0
0
0
0
0
0
0
0
0
0
0
0
0
0
0
0
0
0
0
0
0
0
0
0
0
0
0
0
0
0
0
0
0
0
0
0
0
0
0
0
0
1.32424118973e-17
3.82997878469e-17
4.14236794023e-17
4.29088007159e-17
4.66213740597e-17
4.9900154397e-17
5.3009891717e-17
5.40540483396e-17
5.1486380715e-17
4.61640046568e-17
3.70006044672e-17
7.89632150361e-18
3.03565648268e-18
2.26047901968e-18
2.0391057152e-18
2.06412641079e-18
2.18764462177e-18
2.39091249156e-18
2.64835546812e-18
2.96889074756e-18
3.35967929765e-18
3.83080936533e-18
4.40299457154e-18
5.25715912244e-18
6.656518274e-16
200
33.8931646827
1.99176402559e-12
1.2672967798e-14
1.1771380179e-15
4.08952768244e-17
2.24234201535e-18
5.69697782414e-19
3.36214885836e-19
7.81423998994e-19
1.07198688549e-18
7.89362980634e-22
0
0
0
0
0
0
0
0
0
0
0
0
0
0
0
0
0
0
0
0
0
0
0
0
0
0
0
0
0
0
0
0
0
0
0
0
0
0
0
0
0
0
0
0
0
0
0
0
0
0
0
0
0
0
0
0
0
0
0
3.03756635934e-17
4.44070163599e-17
4.63628670354e-17
4.78749965797e-17
5.02346143693e-17
5.23069406897e-17
5.45839135864e-17
5.60954605689e-17
5.81359714799e-17
5.88849697602e-17
5.47851303335e-17
2.44029088854e-17
4.97333291383e-18
2.98145973669e-18
2.37426255115e-18
2.23270354783e-18
2.26127267674e-18
2.3771181983e-18
2.56101164452e-18
2.7992195839e-18
3.07807612045e-18
3.40509199074e-18
3.77240089725e-18
4.25848431904e-18
2.47392207404e-16
4.20765295279e-11
7.38679453432e-13
1.73840436822e-14
1.38666317361e-15
8.59241086303e-17
3.14732856322e-18
7.79034365584e-19
4.50077103425e-19
3.73655879352e-19
4.61254558277e-19
3.73468658364e-19
6.32722302163e-19
9.37797045644e-21
0
0
0
0
0
0
0
0
0
0
0
0
0
0
0
0
0
0
0
0
0
0
0
0
0
0
0
0
0
0
0
0
0
0
0
0
0
0
0
0
0
0
0
0
0
0
0
0
0
0
0
0
0
0
0
0
0
0
2.76002010331e-17
4.87586264459e-17
4.9345317741e-17
5.28002421437e-17
5.4668031168e-17
5.5904870996e-17
5.74995314679e-17
5.91418827371e-17
6.16805260487e-17
6.60183865416e-17
6.93632492123e-17
4.51039874474e-17
7.81996937862e-18
3.82334242611e-18
2.82299460398e-18
2.4811098073e-18
2.39761923101e-18
2.43219925565e-18
2.54791000109e-18
2.71326232512e-18
2.91720005924e-18
3.15378071287e-18
3.4065847544e-18
3.72362407173e-18
7.34561688224e-17
2.1442489378e-13
1.87463620257e-14
1.78413499802e-15
1.36958788992e-16
4.06857446306e-18
7.01119363021e-19
4.44230175047e-19
3.36290291416e-19
3.02593397253e-19
3.02553710105e-19
2.79332332694e-19
2.44785076285e-19
5.69382861414e-19
1.50814097662e-19
0
0
0
0
0
0
0
0
0
0
0
0
0
0
0
0
0
0
0
0
0
0
0
0
0
0
0
0
0
0
0
0
0
0
0
0
0
0
0
0
0
0
0
0
0
0
0
0
0
0
0
0
0
0
0
0
0
0
7.44462699131e-17
5.78048648809e-17
6.09714838184e-17
6.18043897477e-17
6.18450547896e-17
6.26798569983e-17
6.37358105287e-17
6.63267112735e-17
6.94100125003e-17
7.54440191512e-17
6.53633504051e-17
1.67759942847e-17
4.98369818598e-18
3.35111193562e-18
2.78908465259e-18
2.5895640729e-18
2.54814023402e-18
2.59433491459e-18
2.71432998777e-18
2.86583391908e-18
3.04066250333e-18
3.22117158261e-18
199.566567141
199.956012059
2.25103562949e-14
2.23351064277e-15
2.01700880744e-16
1.41482271632e-18
5.48252549589e-19
3.7770109682e-19
3.02661262275e-19
2.72334057527e-19
2.45032786752e-19
2.44993099605e-19
2.44900006296e-19
2.72111118107e-19
3.83954609657e-19
9.3418560943e-19
4.77429132196e-19
0
0
0
0
0
0
0
0
0
0
0
0
0
0
0
0
0
0
0
0
0
0
0
0
0
0
0
0
0
0
0
0
0
0
0
0
0
0
0
0
0
0
0
0
0
0
0
0
0
0
0
0
0
0
0
0
0
1.24698800407e-16
8.02114826088e-17
7.69559468864e-17
7.31610016735e-17
7.06211106709e-17
6.96292801241e-17
7.0160218742e-17
7.11463308632e-17
7.36906749099e-17
7.74665045506e-17
8.27648221885e-17
3.09732470668e-17
6.53029760338e-18
3.97207878589e-18
3.15810668883e-18
2.82968154451e-18
2.70124267011e-18
2.70396445089e-18
2.76598402757e-18
2.87653706152e-18
199.924812669
199.999258544
199.999928096
199.999963884
3.68370747626e-15
2.59492207063e-16
5.1520595827e-19
4.04106477191e-19
3.2340422142e-19
2.72070345687e-19
2.32121120716e-19
2.17845631678e-19
1.9844441068e-19
1.98408692247e-19
2.13625072084e-19
2.42145488043e-19
3.19788242908e-19
7.19083380466e-19
1.76398716089e-17
2.24257038033e-18
0
0
0
0
0
0
0
0
0
0
0
0
0
0
0
0
0
0
0
0
0
0
0
0
0
0
0
0
0
0
0
0
0
0
0
0
0
0
0
0
0
0
0
0
0
0
0
0
0
0
0
0
0
0
0
0
1.32737136681e-16
1.09093822649e-16
9.60554306284e-17
8.81104415731e-17
8.18713210014e-17
7.91002818674e-17
7.73672524591e-17
7.70040093391e-17
7.82050946483e-17
8.0727326356e-17
9.31055017582e-17
4.51434876616e-17
8.32557540967e-18
4.65779856211e-18
3.57046329977e-18
3.11018467843e-18
2.91918953036e-18
2.86139971872e-18
199.961419778
199.999675388
199.999985187
199.999998054
199.999999458
199.999999559
3.61459704745e-16
3.21831752413e-19
2.90318171683e-19
2.55320057339e-19
2.2113279422e-19
1.98497648647e-19
1.78599969612e-19
1.73283613601e-19
1.62935370819e-19
1.65826277182e-19
1.78492417442e-19
1.98275911791e-19
2.71953412473e-19
4.41532895328e-15
1.57285593362e-15
4.94068591085e-16
3.84199892088e-18
0
0
0
0
0
0
0
0
0
0
0
0
0
0
0
0
0
0
0
0
0
0
0
0
0
0
0
0
0
0
0
0
0
0
0
0
0
0
0
0
0
0
0
0
0
0
0
0
0
0
0
0
0
0
0
1.39927809757e-16
1.34967787493e-16
1.15959541829e-16
1.04790308925e-16
9.66919738028e-17
9.00874407388e-17
8.57328132891e-17
8.34292723822e-17
8.28541892676e-17
8.37607360901e-17
9.35654017266e-17
5.2191183554e-17
9.98832660884e-18
5.38017425941e-18
4.0186419252e-18
3.43579297348e-18
199.997899345
199.999822521
199.999992071
199.999999212
199.99999983
199.999999957
199.999999982
199.999999983
2.2143601131e-19
2.12246386868e-19
1.99584533648e-19
1.8389266423e-19
1.69218401241e-19
1.5849898251e-19
1.44611004718e-19
1.43397590886e-19
1.3834735897e-19
1.41787914759e-19
1.44503452548e-19
1.63713134772e-19
6.96644723722e-10
2.98770748256e-09
4.33448642213e-11
3.19355073862e-13
1.26416074706e-14
1.0552798677e-18
0
0
0
0
0
0
0
0
0
0
0
0
0
0
0
0
0
0
0
0
0
0
0
0
0
0
0
0
0
0
0
0
0
0
0
0
0
0
0
0
0
0
0
0
0
0
0
0
0
0
0
0
0
0
1.20630124445e-16
1.57159277289e-16
1.33112711981e-16
1.205774452e-16
1.11046895143e-16
1.01779404636e-16
9.47800993569e-17
8.98104056678e-17
8.69166719237e-17
8.56588206966e-17
9.27529829544e-17
5.05270325142e-17
199.955426263
199.999203909
199.999850387
199.999986869
199.999998009
199.999999626
199.999999909
199.999999983
199.999999995
199.999999998
199.999999999
199.999999998
1.61670346318e-19
1.56764424799e-19
1.5068293673e-19
1.43852870368e-19
1.34378437569e-19
1.29132658887e-19
1.20001389965e-19
1.17047796564e-19
1.17047796564e-19
1.17012078131e-19
1.21695391211e-19
0.000255498576849
200
200
200
1.4157747077e-07
6.72863370196e-12
6.83908778263e-14
1.72218953526e-19
0
0
0
0
0
0
0
0
0
0
0
0
0
0
0
0
0
0
0
0
0
0
0
0
0
0
0
0
0
0
0
0
0
0
0
0
0
0
0
0
0
0
0
0
0
0
0
0
0
0
0
0
0
8.55043051285e-17
1.71880781531e-16
199.999386644
199.999691092
199.999774806
199.999817593
199.99985225
199.999892291
199.999930018
199.999962444
199.999982174
199.999992235
199.999997385
199.999999188
199.999999731
199.999999894
199.999999974
199.999999992
199.999999997
199.999999999
200
200
200
200
1.2718513312e-19
1.25296887641e-19
1.21751133377e-19
1.17148948701e-19
1.12079077232e-19
1.05364108285e-19
1.0302309197e-19
9.84940249683e-20
9.60866594813e-20
9.74749319981e-20
1.04482928582e-19
200
200
200
200
200
200
1.21451774203e-10
5.53966105023e-14
4.47787708337e-22
0
0
0
0
0
0
0
0
0
0
0
0
0
0
0
0
0
0
0
0
0
0
0
0
0
0
0
0
0
0
0
0
0
0
0
0
0
0
0
0
0
0
0
0
0
0
0
0
0
0
0
0
199.999989393
199.999999487
199.999999806
199.999999875
199.999999869
199.999999831
199.999999826
199.999999826
199.999999826
199.999999865
199.999999916
199.999999954
199.999999978
199.99999999
199.999999995
199.999999998
199.999999999
199.999999999
200
200
200
200
200
200
1.07027079605e-19
1.03887778318e-19
1.01854114588e-19
9.87239107118e-20
9.41562500853e-20
9.02899985566e-20
8.60452810919e-20
8.41392829133e-20
8.27617219261e-20
8.35576619144e-20
8.52407264376e-20
9.47476366967e-20
200
200
200
200
200
200
9.8337439444e-11
1.15918089285e-15
0
0
0
0
0
0
0
0
0
0
0
0
0
0
0
0
0
0
0
0
0
0
0
0
0
0
0
0
0
0
0
0
0
0
0
0
0
0
0
0
0
0
0
0
0
0
0
0
0
0
0
199.99999871
199.999999995
199.999999999
199.999999999
200
200
199.999999999
199.999999999
199.999999999
199.999999999
199.999999999
199.999999999
199.999999999
199.999999999
199.999999999
200
200
200
200
200
200
200
200
200
200
9.02552560805e-20
8.90149355793e-20
8.61141638348e-20
8.24818756482e-20
8.00335875914e-20
7.52801440977e-20
7.2944302645e-20
7.07032159429e-20
6.9219353916e-20
6.93194677386e-20
7.20195137116e-20
7.86628328755e-20
9.89291647688e-20
200
200
200
200
200
200
5.61823490757e-12
7.32019688938e-16
0
0
0
0
0
0
0
0
0
0
0
0
0
0
0
0
0
0
0
0
0
0
0
0
0
0
0
0
0
0
0
0
0
0
0
0
0
0
0
0
0
0
0
0
0
0
0
0
0
199.999997816
199.999999998
200
200
200
200
200
200
200
200
200
200
200
200
200
200
200
200
200
200
200
200
200
200
200
200
7.58606495738e-20
7.3627957923e-20
7.22286606039e-20
6.97357731302e-20
6.64247801228e-20
6.47295366668e-20
6.15161512323e-20
5.97771587913e-20
5.88450407861e-20
5.87685729652e-20
6.01237512454e-20
6.46583562722e-20
7.76012534045e-20
9.81499381908e-18
200
200
200
200
200
8.96462299473e-05
2.79209787405e-13
1.30010506872e-18
0
0
0
0
0
0
0
0
0
0
0
0
0
0
0
0
0
0
0
0
0
0
0
0
0
0
0
0
0
0
0
0
0
0
0
0
0
0
0
0
0
0
0
0
0
0
0
0
199.999999998
200
200
200
200
200
200
200
200
200
200
200
200
200
200
200
200
200
200
200
200
200
200
200
200
200
6.36838872472e-20
6.24824353035e-20
6.12018092306e-20
5.92809258158e-20
5.74689115978e-20
5.49086412404e-20
5.3266301663e-20
5.20262805873e-20
5.0841923802e-20
5.01788907115e-20
5.11014424183e-20
5.32910567582e-20
6.03678826639e-20
3.29560461915e-18
1.33019580743e-16
199.999999761
200
200
200
200
2.14597795027e-10
6.19946160107e-16
1.17051399908e-19
0
0
0
0
0
0
0
0
0
0
0
0
0
0
0
0
0
0
0
0
0
0
0
0
0
0
0
0
0
0
0
0
0
0
0
0
0
0
0
0
0
0
0
0
0
0
199.999999939
200
200
200
200
200
200
200
200
200
200
200
200
200
200
200
200
200
200
200
200
200
200
200
200
200
200
5.59321268713e-20
5.47292085657e-20
5.34151800271e-20
5.20235544469e-20
5.03504183722e-20
4.83008403759e-20
4.73350098012e-20
4.57355602942e-20
4.41454488894e-20
4.36619921614e-20
4.36678656769e-20
4.4663995387e-20
4.84128828373e-20
9.28054461896e-20
6.40319237879e-17
1.18426100555e-16
199.999998408
200
200
200
0.0215024600182
8.23012167888e-16
8.42580798343e-16
0
0
0
0
0
0
0
0
0
0
0
0
0
0
0
0
0
0
0
0
0
0
0
0
0
0
0
0
0
0
0
0
0
0
0
0
0
0
0
0
0
0
0
0
0
0
200
200
200
200
200
200
200
200
200
200
200
200
200
200
200
200
200
200
200
200
200
200
200
200
200
200
200
5.03811124251e-20
4.92924707352e-20
4.81969221829e-20
4.6872114563e-20
4.55044283353e-20
4.37471797251e-20
4.26581055161e-20
4.08168775376e-20
3.92225350317e-20
3.85514657269e-20
3.81795612125e-20
3.8466003989e-20
4.01887769471e-20
4.8094199515e-20
1.64700137694e-17
1.67996969691e-16
1.05734614668e-16
1.53583814855e-16
199.999999785
200
200
6.34159482899e-16
1.26790054912e-15
8.56774272976e-16
0
0
0
0
0
0
0
0
0
0
0
0
0
0
0
0
0
0
0
0
0
0
0
0
0
0
0
0
0
0
0
0
0
0
0
0
0
0
0
0
0
0
0
0
199.999999154
200
200
200
200
200
200
200
200
200
200
200
200
200
200
200
200
200
200
200
200
200
200
200
200
200
200
200
4.65961828491e-20
4.54294722148e-20
4.45954714463e-20
4.32151537698e-20
4.16795450899e-20
4.02658147582e-20
3.85067757236e-20
3.68119178648e-20
3.50649702922e-20
3.42037867408e-20
3.31820315322e-20
3.28002074076e-20
3.38705173882e-20
3.72404339181e-20
2.91667141586e-18
8.48189605299e-17
1.01131839757e-16
1.54608114816e-16
2.25309702781e-16
3.0104429346e-16
4.53215743574e-16
6.20805026406e-16
9.90421485244e-16
2.24274044968e-15
1.17360129666e-14
0
0
0
0
0
0
0
0
0
0
0
0
0
0
0
0
0
0
0
0
0
0
0
0
0
0
0
0
0
0
0
0
0
0
0
0
0
0
0
0
0
0
0
199.999999998
200
200
200
200
200
200
200
200
200
200
200
200
200
200
200
200
200
200
200
200
200
200
200
200
200
200
200
4.38898438096e-20
4.26606715397e-20
4.17342436575e-20
4.04445251443e-20
3.88250874686e-20
3.71530782119e-20
3.52277299973e-20
3.33129891799e-20
3.14492246749e-20
3.00199531992e-20
2.86838532122e-20
2.8072647834e-20
2.80209518865e-20
2.93893262818e-20
3.91308707649e-20
1.59678456854e-17
9.31838442592e-17
1.2238510942e-16
2.55211208521e-16
3.86037940088e-16
5.79027472104e-16
7.87279310001e-16
1.21016306672e-15
3.0266397373e-15
8.61758451951e-15
6.12046700249e-16
0
0
0
0
0
0
0
0
0
0
0
0
0
0
0
0
0
0
0
0
0
0
0
0
0
0
0
0
0
0
0
0
0
0
0
0
0
0
0
0
0
0
200
200
200
200
200
200
200
200
200
200
200
200
200
200
200
200
200
200
200
200
200
200
200
200
200
200
200
200
4.22660358879e-20
4.07066166118e-20
3.96846909875e-20
3.83168575731e-20
3.63126732186e-20
3.45062006028e-20
3.23755566786e-20
3.01914954228e-20
2.82750397448e-20
2.65580260874e-20
2.51294971019e-20
2.40392358858e-20
2.32037045972e-20
2.32450171325e-20
2.52903739622e-20
1.3735942069e-18
2.66348548827e-17
6.0947830502e-17
1.37459378466e-16
2.60785365548e-16
5.08327689341e-16
8.84602344454e-16
1.60070874542e-15
2.06231093496e-15
2.12955638731e-15
5.32230197339e-15
0
0
0
0
0
0
0
0
0
0
0
0
0
0
0
0
0
0
0
0
0
0
0
0
0
0
0
0
0
0
0
0
0
0
0
0
0
0
0
0
0
0
200
200
200
200
200
200
200
200
200
200
200
200
200
200
200
200
200
200
200
200
200
200
200
200
200
200
200
200
4.17751129477e-20
3.97449974113e-20
3.84369499379e-20
3.67122069754e-20
3.46236480007e-20
3.23418236537e-20
2.99916317615e-20
2.77666593832e-20
2.56202622043e-20
2.37797021745e-20
2.23092125709e-20
2.10010501079e-20
2.0190314986e-20
1.94778334695e-20
1.94828845728e-20
2.20331708907e-20
3.60704621778e-18
1.77195557097e-17
3.98571729545e-17
9.12428487031e-17
1.74721811145e-16
3.60013575284e-16
6.7546992952e-16
1.10958699882e-15
1.38666304197e-15
2.18157706789e-15
1.4071668292e-14
2.52967916191e-08
0
0
0
0
0
0
0
0
0
0
0
0
0
0
0
0
0
0
0
0
0
0
0
0
0
0
0
0
0
0
0
0
0
0
0
0
0
0
0
199.999999996
200
200
200
200
200
200
200
200
200
200
200
200
200
200
200
200
200
200
200
200
200
200
200
200
200
200
200
200
4.30224258738e-20
3.99683982937e-20
3.81867214031e-20
3.61156730928e-20
3.34465445837e-20
3.08680095309e-20
2.82882603759e-20
2.57800253743e-20
2.36300120465e-20
2.16759407283e-20
2.00989435321e-20
1.88899084182e-20
1.77415023335e-20
1.66603195869e-20
1.62068077112e-20
1.62405499485e-20
3.13368014666e-20
3.01594847797e-18
7.72688251265e-18
1.77210473018e-17
3.80085875049e-17
8.06338384545e-17
1.63621766241e-16
3.4543993622e-16
6.49120328447e-16
1.35894310281e-15
1.75967718446e-08
98.8064851619
0
0
0
0
0
0
0
0
0
0
0
0
0
0
0
0
0
0
0
0
0
0
0
0
0
0
0
0
0
0
0
0
0
0
0
0
0
0
0
200
200
200
200
200
200
200
200
200
200
200
200
200
200
200
200
200
200
200
200
200
200
200
200
200
200
200
200
200
199.817882213
4.25177083581e-20
3.9422920009e-20
3.61040862305e-20
3.29987095973e-20
2.99181457919e-20
2.71102335144e-20
2.4494848669e-20
2.22571443663e-20
2.02533807775e-20
1.86986561463e-20
1.71629653628e-20
1.58409100802e-20
1.46500799937e-20
1.34383559363e-20
1.2783006668e-20
1.28476064764e-20
1.77225761592e-19
1.50584258134e-18
3.12787394195e-18
6.05632662552e-18
1.07666638373e-17
2.04958593278e-17
5.29037895325e-17
2.17644785535e-16
6.21757611837e-14
6.07396044046e-08
5.96911366274e-16
73.6630977919
0
0
0
0
0
0
0
0
0
0
0
0
0
0
0
0
0
0
0
0
0
0
0
0
0
0
0
0
0
0
0
0
0
0
0
0
0
0
200
200
200
200
200
200
200
200
200
200
200
200
200
200
200
200
200
200
200
200
200
200
200
200
200
200
200
200
200
1.0232604418e-05
4.95531523531e-20
4.33311445824e-20
3.78373329996e-20
3.34394863271e-20
2.96402442024e-20
2.63532035016e-20
2.35320280661e-20
2.0979825438e-20
1.91986205049e-20
1.74153554073e-20
1.5841523537e-20
1.42781936216e-20
1.27761016576e-20
1.13819107554e-20
1.02411975732e-20
9.50039120456e-21
9.75019139178e-21
1.60221807663e-19
5.02388853373e-19
9.21169211969e-19
1.52762124129e-18
2.22201329696e-18
3.07613562759e-18
5.52017407057e-18
2.66455584585e-17
1.87317406823e-16
2.2772982988e-17
199.999999362
0
0
0
0
0
0
0
0
0
0
0
0
0
0
0
0
0
0
0
0
0
0
0
0
0
0
0
0
0
0
0
0
0
0
0
0
0
199.999996671
200
200
200
200
200
200
200
200
200
200
200
200
200
200
200
200
200
200
200
200
200
200
200
200
200
200
200
200
200
2.38635731403e-14
7.05191758318e-20
5.30684087569e-20
4.18808330188e-20
3.48565512686e-20
2.98693381931e-20
2.60672197022e-20
2.28436119044e-20
2.041483665e-20
1.8300134931e-20
1.65012662477e-20
1.4834721582e-20
1.3132461402e-20
1.14185308544e-20
9.89159164743e-21
8.64770773477e-21
7.58200753155e-21
6.79976191536e-21
8.75059916161e-21
5.63268784991e-20
1.04537993573e-19
1.81234446475e-19
2.61603657948e-19
2.43649731983e-19
1.74138591599e-19
5.18210244473e-20
4.52680273132e-20
1.97107967031e-20
3.06929105921e-19
200
0
0
0
0
0
0
0
0
0
0
0
0
0
0
0
0
0
0
0
0
0
0
0
0
0
0
0
0
0
0
0
0
0
0
0
0
200
200
200
200
200
200
200
200
200
200
200
200
200
200
200
200
200
200
200
200
200
200
200
200
200
200
200
200
200
200
1.76651034638e-13
2.13135436142e-11
99.3747987352
4.94025312456e-20
3.716248106e-20
3.05700273136e-20
2.60045089996e-20
2.25152012792e-20
1.99864004245e-20
1.78496307813e-20
1.5862836674e-20
1.41414075479e-20
1.2387332815e-20
1.06370016402e-20
9.08431991685e-21
7.67307642249e-21
6.07926288961e-21
3.93630472837e-21
4.26893627443e-21
7.58385533374e-21
1.39225332305e-20
1.95454303158e-20
1.86983178515e-20
1.06648529143e-20
1.38906845871e-20
1.9422536036e-20
3.29947902524e-20
5.59835982483e-20
3.73736471848e-19
5.19880356946e-18
0
0
0
0
0
0
0
0
0
0
0
0
0
0
0
0
0
0
0
0
0
0
0
0
0
0
0
0
0
0
0
0
0
0
0
4.0073616971e-23
200
200
200
200
200
200
200
200
200
200
200
200
200
200
200
200
200
200
200
200
200
200
200
200
200
200
200
200
200
200
6.41697500255e-13
2.07824035861e-14
2.31410170678e-08
199.999999994
0.00132108277751
3.13927719305e-20
2.59233797949e-20
2.23100303782e-20
1.96997822833e-20
1.74962010229e-20
1.55832382904e-20
1.37614450764e-20
1.18535815562e-20
1.01136617228e-20
8.43203771651e-21
6.65552168406e-21
4.72516205758e-21
2.52562591261e-21
4.47784208278e-22
8.00073527295e-22
9.34986532065e-22
1.06145500697e-21
2.37387044803e-21
3.44728555916e-21
5.68518659821e-21
1.18393452193e-20
2.96799356131e-20
1.13818641694e-19
6.3324065135e-19
5.69901210601e-19
1.89822396178e-23
0
0
0
0
0
0
0
0
0
0
0
0
0
0
0
0
0
0
0
0
0
0
0
0
0
0
0
0
0
0
0
0
0
0
200
200
200
200
200
200
200
200
200
200
200
200
200
200
200
200
200
200
200
200
200
200
200
200
200
200
200
200
200
200
200
5.10100726407e-13
5.41850507052e-13
5.5865672848e-13
1.08436676539e-12
2.26816736034e-07
200
199.999999999
2.31610086089e-20
1.99729004239e-20
1.76244485463e-20
1.55784688643e-20
1.37014239579e-20
1.15283403024e-20
9.86763124918e-21
8.14002681302e-21
6.71009631822e-21
4.9621939579e-21
2.37865439078e-21
4.47784208278e-22
7.22935667032e-22
9.13895154712e-22
1.04036362962e-21
1.31325414567e-21
3.07651826577e-21
4.33949655656e-21
9.22374806606e-21
2.67119420518e-20
5.59989738624e-20
1.05493955686e-19
4.32412094247e-21
3.07605664406e-18
0
0
0
0
0
0
0
0
0
0
0
0
0
0
0
0
0
0
0
0
0
0
0
0
0
0
0
0
0
0
0
0
0
0
200
200
200
200
200
200
200
200
200
200
200
200
200
200
200
200
200
200
200
200
200
200
200
200
200
200
200
200
200
200
171.716825877
)
;

boundaryField
{
    frontAndBack
    {
        type            empty;
    }
    leftWall
    {
        type            calculated;
        value           uniform 0;
    }
    outlet
    {
        type            calculated;
        value           uniform 0;
    }
    rightWall
    {
        type            calculated;
        value           uniform 0;
    }
    inlet
    {
        type            calculated;
        value           uniform 2.83723323883e-17;
    }
}


// ************************************************************************* //
