/*--------------------------------*- C++ -*----------------------------------*\
| =========                 |                                                 |
| \\      /  F ield         | OpenFOAM: The Open Source CFD Toolbox           |
|  \\    /   O peration     | Version:  v1906                                 |
|   \\  /    A nd           | Web:      www.OpenFOAM.com                      |
|    \\/     M anipulation  |                                                 |
\*---------------------------------------------------------------------------*/
FoamFile
{
    version     2.0;
    format      ascii;
    class       volScalarField;
    location    "478";
    object      alpha;
}
// * * * * * * * * * * * * * * * * * * * * * * * * * * * * * * * * * * * * * //

dimensions      [0 0 -1 0 0 0 0];


internalField   nonuniform List<scalar> 
9216
(
199.999999206
200
200
200
200
200
200
200
200
200
200
200
200
200
200
200
200
200
200
200
200
200
200
200
200
200
200
200
200
200
200
200
200
200
200
200
200
200
200
200
200
200
200
200
200
200
200
200
200
200
200
200
200
200
200
200
200
200
200
200
200
200
200
200
200
200
200
200
200
200
200
200
200
200
200
200
200
200
200
200
200
200
200
200
194.373775124
176.278188466
157.843103467
134.4141879
107.840925724
84.7031582971
63.9962284247
47.5290054522
34.2325751367
22.1141691447
12.7361996694
1.51921078635
200
200
200
200
200
200
200
200
200
200
200
200
200
200
200
200
200
200
200
200
200
200
200
200
200
200
200
200
200
200
200
200
200
200
200
200
200
200
200
200
200
200
200
200
200
200
200
200
200
200
200
200
200
200
200
200
200
200
200
200
200
200
200
200
200
200
200
200
200
200
200
200
200
200
200
200
200
200
200
200
200
200
200
200
199.999999953
189.491480478
171.213111188
146.781035202
123.865358518
97.4602912457
74.4033222725
59.1055103988
46.6424056566
30.3476891646
20.023206114
15.1429910262
200
200
200
200
200
200
200
200
200
200
200
200
200
200
200
200
200
200
200
200
200
200
200
200
200
200
200
200
200
200
200
200
200
200
200
200
200
200
200
200
200
200
200
200
200
200
200
200
200
200
200
200
200
200
200
200
200
200
200
200
200
200
200
200
200
200
200
200
200
200
200
200
200
200
200
200
200
200
200
200
200
200
200
200
199.99999927
186.31498935
161.917111006
147.069641248
129.191967462
99.5044187199
71.7582055206
63.0897632117
46.1366957833
35.4993640046
31.1166194773
21.085161625
200
200
200
200
200
200
200
200
200
200
200
200
200
200
200
200
200
200
200
200
200
200
200
200
200
200
200
200
200
200
200
200
200
200
200
200
200
200
200
200
200
200
200
200
200
200
200
200
200
200
200
200
200
200
200
200
200
200
200
200
200
200
200
200
200
200
200
200
200
200
200
200
200
200
200
200
200
200
200
200
200
200
200
200
199.994590085
179.540115935
159.738557489
145.397467388
122.008310293
104.24986473
84.3522306917
60.8148815087
54.8266162373
45.65693545
39.544115621
27.2807870592
200
200
200
200
200
200
200
200
200
200
200
200
200
200
200
200
200
200
200
200
200
200
200
200
200
200
200
200
200
200
200
200
200
200
200
200
200
200
200
200
200
200
200
200
200
200
200
200
200
200
200
200
200
200
200
200
200
200
200
200
200
200
200
200
200
200
200
200
200
200
200
200
200
200
200
200
200
200
200
200
200
200
200
199.999999998
193.271041229
170.843143518
151.443263948
138.659754886
129.382494212
106.127265494
91.1574058183
70.5677386693
56.4600229424
55.3699274959
51.7371805484
39.444267341
200
200
200
200
200
200
200
200
200
200
200
200
200
200
200
200
200
200
200
200
200
200
200
200
200
200
200
200
200
200
200
200
200
200
200
200
200
200
200
200
200
200
200
200
200
200
200
200
200
200
200
200
200
200
200
200
200
200
200
200
200
200
200
200
200
200
200
200
200
200
200
200
200
200
200
200
200
200
200
200
200
200
200
199.99999993
189.798736998
169.03401324
156.747058132
138.549600706
118.793063863
100.224313456
97.7253162093
85.3506140585
67.2890052307
64.0699522366
63.2069819078
50.4280324922
200
200
200
200
200
200
200
200
200
200
200
200
200
200
200
200
200
200
200
200
200
200
200
200
200
200
200
200
200
200
200
200
200
200
200
200
200
200
200
200
200
200
200
200
200
200
200
200
200
200
200
200
200
200
200
200
200
200
200
200
200
200
200
200
200
200
200
200
200
200
200
200
200
200
200
200
200
200
200
200
200
200
200
199.999448625
185.346276207
167.463246858
152.355149346
138.068013229
118.58440268
109.735316559
95.7961273206
94.5307456739
85.1572828274
74.379166494
74.1946998795
60.9551833172
200
200
200
200
200
200
200
200
200
200
200
200
200
200
200
200
200
200
200
200
200
200
200
200
200
200
200
200
200
200
200
200
200
200
200
200
200
200
200
200
200
200
200
200
200
200
200
200
200
200
200
200
200
200
200
200
200
200
200
200
200
200
200
200
200
200
200
200
200
200
200
200
200
200
200
200
200
200
200
200
200
200
200
199.988256313
181.656569449
166.315762435
148.12906735
133.875228384
121.864726703
115.177398056
106.452584203
96.7901605526
97.2522393808
83.8863113985
84.5661459721
71.386317757
200
200
200
200
200
200
200
200
200
200
200
200
200
200
200
200
200
200
200
200
200
200
200
200
200
200
200
200
200
200
200
200
200
200
200
200
200
200
200
200
200
200
200
200
200
200
200
200
200
200
200
200
200
200
200
200
200
200
200
200
200
200
200
200
200
200
200
200
200
200
200
200
200
200
200
200
200
200
200
200
200
200
199.999999999
197.025770424
181.460218552
166.975274424
151.663198248
135.402175643
124.106817955
111.802779766
113.728312317
107.785586769
101.483440508
96.8941652762
93.216662022
80.7486849826
200
200
200
200
200
200
200
200
200
200
200
200
200
200
200
200
200
200
200
200
200
200
200
200
200
200
200
200
200
200
200
200
200
200
200
200
200
200
200
200
200
200
200
200
200
200
200
200
200
200
200
200
200
200
200
200
200
200
200
200
200
200
200
200
200
200
200
200
200
200
200
200
200
200
200
200
200
200
200
200
200
200
199.999999952
193.829826084
180.605831718
166.576786679
151.17829134
138.248950227
127.920052668
120.353629547
113.795544362
114.841064343
110.224884835
108.037081242
101.487691272
90.579748234
200
200
200
200
200
200
200
200
200
200
200
200
200
200
200
200
200
200
200
200
200
200
200
200
200
200
200
200
200
200
200
200
200
200
200
200
200
200
200
200
200
200
200
200
200
200
200
200
200
200
200
200
200
200
200
200
200
200
200
200
200
200
200
200
200
200
200
200
200
200
200
200
200
200
200
200
200
200
200
200
200
200
199.999999733
193.276316375
179.75233293
163.302216718
150.601430906
140.934538956
135.211410767
128.269591
123.02127151
115.810398366
117.672821757
119.95996882
109.860583025
98.2822261397
200
200
200
200
200
200
200
200
200
200
200
200
200
200
200
200
200
200
200
200
200
200
200
200
200
200
200
200
200
200
200
200
200
200
200
200
200
200
200
200
200
200
200
200
200
200
200
200
200
200
200
200
200
200
200
200
200
200
200
200
200
200
200
200
200
200
200
200
200
200
200
200
200
200
200
200
200
200
200
200
200
200
199.999998232
192.646266998
178.247665872
164.151115218
154.321743859
146.226848147
138.537466174
133.429079302
128.629630207
125.011080666
120.268373418
125.67282702
117.448677692
104.341881536
200
200
200
200
200
200
200
200
200
200
200
200
200
200
200
200
200
200
200
200
200
200
200
200
200
200
200
200
200
200
200
200
200
200
200
200
200
200
200
200
200
200
200
200
200
200
200
200
200
200
200
200
200
200
200
200
200
200
200
200
200
200
200
200
200
200
198.240807273
196.128145901
197.547093184
199.735174041
200
200
200
200
200
200
200
200
200
200
200
200
199.999959286
192.484103808
178.101052184
168.158371676
158.814473582
150.063033753
142.44352901
137.437203144
132.647806925
129.147759985
127.014806111
129.353765815
123.883907849
109.78746042
200
200
200
200
200
200
200
200
200
200
200
200
200
200
200
200
200
200
200
200
200
200
200
200
200
200
200
200
200
200
200
200
200
200
200
200
200
200
200
200
200
200
200
200
200
200
200
200
200
200
200
200
200
200
200
200
200
200
200
200
167.565724585
17.9613331989
3.60393694668
1.06255587959
0.387446515964
0.213068632538
0.192623800339
0.259524119439
0.455148523505
0.963208294515
2.36395983109
6.66728753576
21.6694068889
82.9443966268
179.776923247
199.084664859
200
200
200
200
200
200
199.999997351
192.603233134
182.552795367
170.103443435
161.80144225
152.859873755
145.923981693
142.844075422
136.962657064
133.894764067
131.169260772
129.242227279
131.763133967
114.487082539
200
200
200
200
200
200
200
200
200
200
200
200
200
200
200
200
200
200
200
200
200
200
200
200
200
200
200
200
200
200
200
200
200
200
200
200
200
200
200
200
200
200
200
200
200
200
200
200
200
200
200
200
200
200
200
200
200
183.394510187
0.0784141204868
0.00631978971761
0.00113250644517
0.000297014122684
0.000106302314833
5.05521235429e-05
3.64059610468e-05
3.92697695315e-05
5.61093120202e-05
9.64456020415e-05
0.000192240714331
0.000443114376373
0.00116107322219
0.003482950493
0.012048145649
0.0488458229877
0.234906732916
1.37327707382
9.44190091864
79.2209002492
189.708516087
200
199.994403243
199.99512921
199.999999949
195.293629501
182.615348769
173.605761002
161.738717224
155.40412238
151.265187283
147.250989286
141.336882417
137.861743215
134.43842722
132.595492872
137.022642227
118.520975119
200
200
200
200
200
200
200
200
200
200
200
200
200
200
200
200
200
200
200
200
200
200
200
200
200
200
200
200
200
200
200
200
200
200
200
200
200
200
200
200
200
200
200
200
200
200
200
200
200
200
200
200
200
200
200
169.575728752
0.000839977162527
7.35015102865e-06
9.63741893975e-07
2.31150245949e-07
7.90218065907e-08
3.47002956694e-08
1.99397474345e-08
1.67386892489e-08
1.9622126536e-08
2.88813929847e-08
4.98665622952e-08
9.83875494166e-08
2.17115304082e-07
5.45611542673e-07
1.54696194654e-06
4.97531464313e-06
1.81851543142e-05
7.51962042491e-05
0.00036012100326
0.00202624234446
0.0134113105941
0.105659339766
1.01683129593
11.9180768636
142.318228886
197.764123748
199.950692856
194.29147397
183.627680999
173.228190254
164.327654382
161.440324183
156.355691287
149.457111614
143.728588702
140.593665886
138.278741121
135.223319812
138.145566546
121.543718213
200
200
200
200
200
200
200
200
200
200
200
200
200
200
200
200
200
200
200
200
200
200
200
200
200
200
200
200
200
200
200
200
200
200
200
200
200
200
200
200
200
200
200
200
200
200
200
200
200
200
200
200
200
200
0.000153807891959
6.61692153634e-08
3.35767048022e-09
6.11233627258e-10
1.71258441162e-10
6.60666151118e-11
3.27168255703e-11
2.05393651989e-11
1.80138230932e-11
2.12478305493e-11
3.10337837734e-11
5.25097707938e-11
1.00051179889e-10
2.15495445482e-10
5.2240057477e-10
1.39726764798e-09
4.23476795412e-09
1.45603467197e-08
5.60440122528e-08
2.40033973352e-07
1.16663726039e-06
6.49056743508e-06
4.04368305203e-05
0.000289612269665
0.00249821441625
0.0258326689894
0.326098037242
5.06985575577
100.350813435
187.388494546
181.869716647
171.164164548
166.9308237
163.74792754
153.562752851
148.788827278
146.196449063
142.245298644
140.405324651
137.385978283
138.56275505
123.445756234
200
200
200
200
200
200
200
200
200
200
200
200
200
200
200
200
200
200
200
200
200
200
200
200
200
200
200
200
200
200
200
200
200
200
200
200
200
200
200
200
200
200
200
200
200
200
200
200
200
200
200
200
200
9.62178924742e-09
6.60347466918e-11
6.70115599855e-12
1.39224924784e-12
4.04512872617e-13
1.55233078806e-13
7.24753001744e-14
4.42108669966e-14
3.63645621278e-14
4.06638616706e-14
5.7922957403e-14
1.03962532607e-13
2.01427478343e-13
4.32874131228e-13
1.01526978796e-12
2.66546820888e-12
7.80887949348e-12
2.5260071683e-11
8.86644381676e-11
3.45996991728e-10
1.47028644086e-09
7.13909572751e-09
3.83402734862e-08
2.27366458665e-07
1.53397768185e-06
1.20068139689e-05
0.000106160971337
0.00111800305577
0.014604387828
0.214137168752
3.76885604334
81.9421847458
167.704843098
168.287600104
161.063167365
154.960432511
151.361316015
148.180373525
145.361460869
140.641578296
139.41591512
137.803710127
124.768803742
200
200
200
200
200
200
200
200
200
200
200
200
200
200
200
200
200
200
200
200
200
200
200
200
200
200
200
200
200
200
200
200
200
200
200
200
200
200
200
200
200
200
200
200
200
200
200
200
200
200
200
200
1.2463768511e-11
2.91042120682e-13
6.93409247149e-15
0
0
0
0
0
0
0
0
0
1.47735099884e-16
4.86215607364e-16
2.46558604891e-15
7.35103881946e-15
2.48945576504e-14
8.42560627216e-14
2.95247134663e-13
1.07599935302e-12
4.23236910322e-12
1.79590778712e-11
8.14891188257e-11
4.07248962782e-10
2.24920527216e-09
1.4232799501e-08
9.87934281859e-08
7.72486847981e-07
7.10550199929e-06
6.96196661056e-05
0.000803910590318
0.0117743427371
0.217380289609
5.46617897112
136.99019216
162.801150546
158.136672987
154.409029402
150.708036774
146.538752995
142.456786549
140.511328284
137.405113464
126.151599011
200
200
200
200
200
200
200
200
200
200
200
200
200
200
200
200
200
200
200
200
200
200
200
200
200
200
200
200
200
200
200
200
200
200
200
200
200
200
200
200
200
200
200
200
200
200
200
200
200
200
200
1.46239849158e-13
0
0
0
0
0
0
0
0
0
0
0
0
0
0
0
1.11590763269e-16
3.06564845423e-16
1.36177693368e-15
5.73905980482e-15
2.33399054236e-14
9.6332708969e-14
3.99541758223e-13
1.69864503185e-12
8.06332940563e-12
3.99659550861e-11
2.19173216648e-10
1.3458246064e-09
9.59778349388e-09
6.94428698779e-08
5.69323475498e-07
5.52201992503e-06
6.47559970661e-05
0.000971793563933
0.0226569455208
0.671587407119
28.1124495593
155.380777093
156.50612742
152.594766373
148.787365818
145.674253244
141.013053056
138.872054007
127.420524947
200
200
200
200
200
200
200
200
200
200
200
200
200
200
200
200
200
200
200
200
200
200
200
200
200
200
200
200
200
200
200
200
200
200
200
200
200
200
200
200
200
200
200
200
200
200
200
200
200
200
1.56873944635e-18
0
0
0
0
0
0
0
0
0
0
0
0
0
0
0
0
0
0
1.07552843766e-17
1.73411919822e-16
4.90920734919e-16
2.19830954438e-15
1.21088675178e-14
4.84377974538e-14
2.46078930255e-13
1.11715548529e-12
5.85076366202e-12
2.98423356022e-11
1.76643727811e-10
1.09468651129e-09
8.03520903781e-09
6.46353500323e-08
6.20493604474e-07
7.60754190981e-06
0.000133011383957
0.00296647639029
0.0988522742718
5.66413807378
140.255428987
153.702645779
149.768462759
147.778707736
142.291318691
140.138577639
128.059742961
200
200
200
200
200
200
200
200
200
200
200
200
200
200
200
200
200
200
200
200
200
200
200
200
200
200
200
200
200
200
200
200
200
200
200
200
200
200
200
200
200
200
200
200
200
200
200
200
200
0
0
0
0
0
0
0
0
0
0
0
0
0
0
0
0
0
0
0
0
0
0
0
1.07771058642e-16
3.17272937239e-16
1.69814684653e-15
8.45961867284e-15
3.49694595648e-14
1.86591160396e-13
8.92581260528e-13
4.77820452724e-12
2.55031854916e-11
1.6989352619e-10
1.19294331137e-09
9.89813610653e-09
9.72379044962e-08
1.33333628446e-06
2.20984982531e-05
0.000578532143684
0.0209927409572
1.44787007119
115.852176525
149.252965148
147.453052953
143.391526341
139.619909028
127.175287803
200
200
200
200
200
200
200
200
200
200
200
200
200
200
200
200
200
200
200
200
200
200
200
200
200
200
200
200
200
200
200
200
200
200
200
200
200
200
200
200
200
200
200
200
200
200
200
200
0
0
0
0
0
0
0
0
0
0
0
0
0
0
0
0
0
0
0
0
0
0
0
0
0
0
8.312220447e-17
3.14787435424e-16
1.50531351912e-15
7.68301766612e-15
3.55241685032e-14
1.9654326209e-13
9.74367455153e-13
5.59583385287e-12
3.59277386431e-11
2.4315214772e-10
2.0082050651e-09
2.22679697786e-08
2.70324346675e-07
4.72655629386e-06
0.000126537432458
0.00606534941122
0.538202345313
91.4175547832
145.919551739
143.006220779
137.738173429
124.661701621
200
200
200
200
200
200
200
200
200
200
200
200
200
200
200
200
200
200
200
200
200
200
200
200
200
200
200
200
200
200
200
200
200
200
200
200
200
200
200
200
200
200
200
200
200
200
200
0
0
0
0
0
0
0
0
0
0
0
0
0
0
0
0
0
0
0
0
0
0
0
0
0
0
0
0
0
7.92328451473e-17
3.52948707069e-16
1.86273936079e-15
9.9330326451e-15
4.84163798193e-14
2.90888923364e-13
1.58217305989e-12
9.98774532303e-12
6.74771166147e-11
5.31005884557e-10
5.89553441131e-09
7.29149078277e-08
1.4595329581e-06
4.50132784939e-05
0.00248672840657
0.304377260721
91.953836523
141.574518949
135.747648001
121.236618683
200
200
200
200
200
200
200
200
200
200
200
200
200
200
200
200
200
200
200
200
200
200
200
200
200
200
200
200
200
200
200
200
200
200
200
200
200
200
200
200
200
200
200
200
200
200
0
0
0
0
0
0
0
0
0
0
0
0
0
0
0
0
0
0
0
0
0
0
0
0
0
0
0
0
0
0
0
0
1.03640396566e-16
4.8702883263e-16
2.7035962748e-15
1.53360517837e-14
8.97219404759e-14
5.08762350288e-13
3.42584628332e-12
2.28871655309e-11
1.96113330317e-10
1.91484134095e-09
2.85627580426e-08
6.0061303151e-07
2.10496282896e-05
0.00147084210009
0.314057508581
108.752638198
133.766962019
117.153295474
200
200
200
200
200
200
200
200
200
200
200
200
200
200
200
200
200
200
200
200
200
200
200
200
200
200
200
200
200
200
200
200
200
200
200
200
200
200
200
200
200
200
200
200
200
0
0
0
0
0
0
0
0
0
0
0
0
0
0
0
0
0
0
0
0
0
0
0
0
0
0
0
0
0
0
0
0
0
0
0
1.66815323813e-16
8.59229966889e-16
6.69935615364e-15
3.48387358979e-14
2.20506661309e-13
1.50561373954e-12
9.4136865474e-12
7.88585110449e-11
8.93994331551e-10
1.39162420728e-08
3.10211284441e-07
1.28126522413e-05
0.0014175681807
0.668578512709
120.047086918
112.704522527
200
200
200
200
200
200
200
200
200
200
200
200
200
200
200
200
200
200
200
200
200
200
200
200
200
200
200
200
200
200
200
200
200
200
200
200
200
200
200
200
200
200
200
200
200
0
0
0
0
0
0
0
0
0
0
0
0
0
0
0
0
0
0
0
0
0
0
0
0
0
0
0
0
0
0
0
0
0
0
0
0
5.06453996546e-17
3.73132953423e-16
2.73576892121e-15
1.6633129849e-14
1.12126804646e-13
7.42196073586e-13
5.15368583195e-12
4.31302558856e-11
4.7049980463e-10
7.72122806103e-09
1.91648578532e-07
1.18734821909e-05
0.00256964284622
4.78165216373
106.737247244
200
200
200
200
200
200
200
200
200
200
200
200
200
200
200
200
200
200
200
200
200
200
200
200
200
200
200
200
200
200
200
200
200
200
200
200
200
200
200
200
200
200
200
200
199.999999705
0
0
0
0
0
0
0
0
0
0
0
0
0
0
0
0
0
0
0
0
0
0
0
0
0
0
0
0
0
0
0
0
0
0
0
0
0
0
1.76831107297e-16
1.48629224027e-15
8.93604084231e-15
6.68469812349e-14
4.19181932764e-13
2.73758145573e-12
2.2743103901e-11
2.89841072872e-10
5.05206962263e-09
1.80431397307e-07
1.84633076277e-05
0.0140690070401
78.9841183753
200
200
200
200
200
200
200
200
200
200
200
200
200
200
200
200
200
200
200
200
200
200
200
200
200
200
200
200
200
200
200
200
200
200
200
200
200
200
200
200
200
200
200
200
0
0
0
0
0
0
0
0
0
0
0
0
0
0
0
0
0
0
0
0
0
0
0
0
0
0
0
0
0
0
0
0
0
0
0
0
0
0
0
0
7.94468344544e-17
9.2754568388e-16
6.45051490532e-15
4.55045527663e-14
2.79679737464e-13
2.24268608885e-12
1.74699786004e-11
2.36018766126e-10
5.49912823763e-09
2.61111234046e-07
7.50302507028e-05
0.46558391633
199.999999999
200
200
200
200
200
200
200
200
200
200
200
200
200
200
200
200
200
200
200
200
200
200
200
200
200
200
200
200
200
200
200
200
200
200
200
200
200
200
200
200
200
200
200
0
0
0
0
0
0
0
0
0
0
0
7.49267604612e-17
3.74870604247e-16
5.78062670962e-16
9.91849740513e-16
0
0
0
0
0
0
0
0
0
0
0
0
0
0
0
0
0
0
0
0
0
0
0
0
0
0
3.36574611941e-17
6.38863047635e-16
5.71755994419e-15
3.7970962449e-14
2.52106329376e-13
1.96097770461e-12
1.89047953602e-11
2.7602576631e-10
7.53487928989e-09
8.58174382484e-07
0.0012157240623
200
200
200
9.51918029756e-20
0
0
0
0
0
0
0
0
0
0
0
0
0
0
0
0
0
0
0
1.18971131792e-14
1.72611276019e-12
200
200
200
200
200
200
200
200
200
200
200
200
200
200
200
200
200
200
200
0
0
0
0
0
0
0
0
0
2.59958969427e-16
4.31065478903e-15
2.65796399259e-14
1.90142378721e-13
1.25196081745e-12
2.37880735558e-12
3.33446585131e-12
8.96742717854e-14
6.08931609865e-15
0
0
0
0
0
0
0
0
0
0
0
0
0
0
0
0
0
0
0
0
0
0
0
0
5.94015198088e-18
5.36864030058e-16
4.29591622471e-15
3.03355945021e-14
2.4386896281e-13
1.9661212649e-12
1.91486891905e-11
3.89495535931e-10
2.05899149946e-08
8.14498051242e-06
1.18512192599e-20
6.23748382102e-21
0
0
0
0
0
0
0
0
0
0
0
0
0
0
0
0
0
0
0
0
0
0
0
0
0
0
0
0
6.8318308393e-14
9.35488925521e-12
200
200
200
200
200
200
200
200
200
200
200
0
0
0
0
0
0
0
0
6.4942278285e-17
5.60849600555e-15
2.83815146335e-13
2.49091802495e-11
200
200
200
200
200
200
200
200
199.999972622
198.115446353
0
0
0
0
0
0
0
0
0
0
0
0
0
0
0
0
0
0
0
0
0
0
2.33428284718e-19
6.23834013948e-16
4.93573711051e-15
4.38916945004e-14
3.32184967392e-13
2.79256991922e-12
3.61858273843e-11
9.75699349882e-10
1.3390310535e-07
0
0
0
0
0
0
0
0
0
0
0
0
0
0
0
0
0
0
0
0
0
0
0
0
0
0
0
0
0
0
0
0
0
0
0
9.37558666935e-14
4.58972960455e-12
200
200
200
200
200
200
0
0
0
0
0
0
0
7.01891142311e-16
1.63600782558e-13
1.24852202193e-10
200
200
200
200
200
200
200
200
200
200
200
200
199.999977995
0
0
0
0
0
0
0
0
0
0
0
0
0
0
0
0
0
0
0
0
0
0
2.2489843099e-17
8.96284120894e-16
7.90036706156e-15
5.61949669332e-14
5.28357453363e-13
5.24248633349e-12
8.35474706751e-11
5.08801272245e-09
0
0
0
0
0
0
0
0
0
0
0
0
0
0
0
0
0
0
0
0
0
0
0
0
0
0
0
0
0
0
0
0
0
0
0
0
0
0
7.71272130762e-16
6.83320968256e-14
8.57346250876e-13
1.99171641213e-12
4.48899258528e-14
0
0
0
0
0
0
7.12993286772e-15
4.55780676022e-12
200
200
200
200
200
200
200
200
200
200
200
200
200
200
200
199.999999875
0
0
0
0
0
0
0
0
0
0
0
0
0
0
0
0
0
0
0
0
0
0
7.05422706092e-17
1.74463642755e-15
1.21065079926e-14
9.85990801754e-14
8.77946896268e-13
1.20571476687e-11
3.52794973642e-10
0
0
0
0
0
0
0
0
0
0
0
0
0
0
0
0
0
0
0
0
0
0
0
0
0
0
0
0
0
0
0
0
0
0
0
0
0
0
0
0
0
0
5.16979547816e-15
0
0
9.18393122204e-19
1.57687702408e-18
9.84756234679e-17
5.69299135998e-14
2.81734439589e-10
200
200
200
200
200
200
200
200
200
200
200
200
200
200
200
200
200
200
0
0
0
0
0
0
0
0
0
0
0
0
0
0
0
0
0
0
0
0
0
0
2.08105187165e-16
3.23073976838e-15
2.70902382945e-14
2.38102551301e-13
2.56821008937e-12
4.155917422e-11
0
0
0
0
0
0
0
0
0
0
0
0
0
0
0
0
0
0
0
0
0
0
0
0
0
0
0
0
0
0
0
0
0
0
0
0
0
0
0
0
0
0
0
0
1.16757795345e-18
7.63105935036e-18
5.95840442104e-16
1.15819588877e-13
4.28546456609e-08
200
200
200
200
200
200
200
200
200
200
200
200
200
200
200
200
200
200
200
200
0
0
0
0
0
0
0
0
0
0
0
0
0
0
0
0
0
0
0
0
0
0
6.95134078853e-16
6.44121602652e-15
7.39940423128e-14
7.28832590665e-13
8.06060577077e-12
0
0
0
0
0
0
0
0
0
0
0
0
0
0
0
0
0
0
0
0
0
0
0
0
0
0
0
0
0
0
0
0
0
0
0
0
0
0
0
0
0
0
0
0
0
3.99288769615e-16
4.48607493293e-14
200
200
200
200
200
200
200
200
200
200
200
200
200
200
200
200
200
200
200
200
200
200
200
0
0
0
0
0
0
0
0
0
0
0
0
0
0
0
0
0
0
0
0
0
1.00269732375e-16
2.31686252272e-15
1.92860646038e-14
2.16713526075e-13
2.18322539218e-12
0
0
0
0
0
0
0
0
0
0
0
0
0
0
0
0
0
0
0
0
0
0
0
0
0
0
0
0
0
0
0
0
0
0
0
0
0
0
0
0
0
0
0
0
0
0
4.15822234512e-12
200
200
200
200
200
200
200
200
200
200
200
200
200
200
200
200
200
200
200
200
200
200
200
200
0
0
0
0
0
0
0
0
0
0
0
0
0
0
0
0
0
0
0
0
0
6.30115526125e-16
7.44503607815e-15
8.222504273e-14
7.35323322305e-13
0
0
0
0
0
0
0
0
0
0
0
0
0
0
0
0
0
0
0
0
0
0
0
0
0
0
0
0
0
0
0
0
0
0
0
0
0
0
0
0
0
0
0
0
0
0
0
0
8.68853782566e-20
200
200
200
200
200
200
200
200
200
200
200
200
200
200
200
200
200
200
200
200
200
200
199.999999992
0
0
0
0
0
0
0
0
0
0
0
0
0
0
0
0
0
0
0
0
1.73525057319e-16
3.2107906662e-15
3.5801664057e-14
3.00535330855e-13
0
0
0
0
0
0
0
0
0
0
0
0
0
0
0
0
0
0
0
0
0
0
0
0
0
0
0
0
0
0
0
0
0
0
0
0
0
0
0
0
0
0
0
0
0
0
0
0
0
7.81968404309e-20
1.04702638675e-18
6.01840265241e-13
200
200
200
200
200
200
200
200
200
200
200
200
200
200
200
200
200
200
200
200
199.946055679
0
0
0
0
0
0
0
0
0
0
0
0
0
0
0
0
0
0
0
4.32784836717e-17
1.57170286097e-15
1.76225818834e-14
1.44840514552e-13
0
0
0
0
0
0
0
0
0
0
0
0
0
0
0
0
0
0
0
0
0
0
0
0
0
0
0
0
0
0
0
0
0
0
0
0
0
0
0
0
0
0
0
0
0
0
0
0
0
0
7.03771563878e-20
3.95338124998e-19
4.861701314e-18
2.21720780397e-12
200
200
200
200
200
200
200
200
200
200
200
200
200
200
200
200
200
200
200
0
0
0
0
0
0
0
0
0
0
0
0
0
0
0
0
0
0
0
0
7.16771079684e-16
8.83938910475e-15
7.99569412661e-14
0
0
0
0
0
0
0
0
0
0
0
0
0
0
0
0
0
0
0
0
0
0
0
0
0
0
0
0
0
0
0
0
0
0
0
0
0
0
0
0
0
0
0
0
0
0
0
0
0
0
0
1.33716597137e-19
2.98798815824e-19
4.17580274964e-18
1.19849730084e-17
4.55210060899e-11
200
200
200
200
200
200
200
200
200
200
200
200
200
200
200
200
200
199.960182182
0
0
0
0
0
0
0
0
0
0
0
0
0
0
0
0
0
0
0
3.51892045448e-16
4.83156720859e-15
4.93356672805e-14
0
0
0
0
0
0
0
0
0
0
0
0
0
0
0
0
0
0
0
0
0
0
0
0
0
0
0
0
0
0
0
0
0
0
0
0
0
0
0
0
0
0
0
0
0
0
0
0
0
0
0
0
1.20344937423e-19
2.68918934242e-19
3.70691752767e-18
8.16698526786e-18
9.12100544481e-13
200
200
200
200
200
200
200
200
200
200
200
200
200
200
200
200
200
0
0
0
0
0
0
0
0
0
0
0
0
0
0
0
0
0
0
0
2.15159613974e-16
3.63640603484e-15
3.33496266577e-14
0
0
0
0
0
0
0
0
0
0
0
0
0
0
0
0
0
0
0
0
0
0
0
0
0
0
0
0
0
0
0
0
0
0
0
0
0
0
0
0
0
0
0
0
0
0
0
0
0
0
0
0
0
1.7164988443e-19
5.87172950581e-19
2.84548118945e-18
4.41460412388e-18
8.86970523201e-14
200
200
200
200
200
200
200
200
200
200
200
200
200
200
200
200
199.898924334
0
0
0
0
0
0
0
0
0
0
0
0
0
0
0
0
0
0
1.27521983838e-16
2.92143261139e-15
2.48882795427e-14
0
0
0
0
0
0
0
0
0
0
0
0
0
0
0
0
0
0
0
0
0
0
0
0
0
0
0
0
0
0
0
0
0
0
0
0
0
0
0
0
0
0
0
0
0
0
0
0
0
0
0
0
0
5.13049470067e-20
1.08310443681e-19
8.98383324972e-19
2.3928668143e-18
3.95316459653e-18
3.84265978159e-18
200
200
200
200
200
200
200
200
200
200
200
200
200
200
200
200
0
0
0
0
0
0
0
0
0
0
0
0
0
0
0
0
0
0
1.0547783202e-16
2.35626348034e-15
2.04557190466e-14
0
0
0
0
0
0
0
0
0
0
0
0
0
0
0
0
0
0
0
0
0
0
0
0
0
0
0
0
0
0
0
0
0
0
0
0
0
0
0
0
0
0
0
0
0
0
0
0
0
0
0
0
0
5.13049470067e-20
9.74793993128e-20
9.74793993128e-20
9.4864372738e-19
2.3049815581e-18
3.47555504347e-18
3.31308658212e-18
200
200
200
200
200
200
200
200
200
200
200
200
200
200
200
0
0
0
0
0
0
0
0
0
0
0
0
0
0
0
0
0
0
9.72487365647e-17
2.30755566478e-15
1.89672727442e-14
0
0
0
0
0
0
0
0
0
0
0
0
0
0
0
0
0
0
0
0
0
0
0
0
0
0
0
0
0
0
0
0
0
0
0
0
0
0
0
0
0
0
0
0
0
0
0
0
0
0
0
0
0
0
9.74793993128e-20
9.74793993128e-20
9.74793993128e-20
1.15048344069e-18
2.64679888491e-18
2.85546300817e-18
1.46094169062e-14
200
200
200
200
200
200
200
200
200
200
200
200
200
200
0
0
0
0
0
0
0
0
0
0
0
0
0
0
0
0
0
0
9.95465781877e-17
2.28394845214e-15
1.94189556711e-14
0
0
0
0
0
0
0
0
0
0
0
0
0
0
0
0
0
0
0
0
0
0
0
0
0
0
0
0
0
0
0
0
0
0
0
0
0
0
0
0
0
0
0
0
0
0
0
0
0
0
0
0
0
0
0
9.74793993128e-20
9.74793993128e-20
9.74793993128e-20
1.37474978882e-18
2.06687404354e-18
1.99751623491e-18
3.12124394347e-13
200
200
200
200
200
200
200
200
200
200
200
200
200
0
0
0
0
0
0
0
0
0
0
0
0
0
0
0
0
0
0
1.38380706861e-16
2.38850021845e-15
2.14258738801e-14
0
0
0
0
0
0
0
0
0
0
0
0
0
0
0
0
0
0
0
0
0
0
0
0
0
0
0
0
0
0
0
0
0
0
0
0
0
0
0
0
0
0
0
0
0
0
0
0
0
0
0
0
0
0
0
0
0
5.13049470067e-20
1.54484895987e-19
1.30402824654e-18
1.72047392924e-18
1.23842062735e-18
200
200
200
200
200
200
200
200
200
200
200
200
200
0
0
0
0
0
0
0
0
0
0
0
0
0
0
0
0
0
0
1.90002171742e-16
3.23466083429e-15
2.52447267791e-14
0
0
0
0
0
0
0
0
0
0
0
0
0
0
0
0
0
0
0
0
0
0
0
0
0
0
0
0
0
0
0
0
0
0
0
0
0
0
0
0
0
0
0
0
0
0
0
0
0
0
0
0
0
0
0
0
0
0
2.68918934242e-19
3.55804312499e-19
3.20223881249e-19
6.47078760424e-19
8.319705584e-17
200
200
200
200
200
200
200
200
200
200
200
200
0
0
0
0
0
0
0
0
0
0
0
0
0
0
0
0
0
0
2.79434122059e-16
4.17499036055e-15
3.1658626714e-14
0
0
0
0
0
0
0
0
0
0
0
0
0
0
0
0
0
0
0
0
0
0
0
0
0
0
0
0
0
0
0
0
0
0
0
0
0
0
0
0
0
0
0
0
0
0
0
0
0
0
0
0
0
0
0
0
0
0
7.03771563878e-20
2.98798815824e-19
4.52343621673e-19
3.55804312499e-19
1.77190296514e-17
200
200
200
200
200
200
200
200
200
200
200
200
0
0
0
0
0
0
0
0
0
0
0
0
0
0
0
0
0
0
4.77118632567e-16
5.32221687964e-15
3.91005522174e-14
0
0
0
0
0
0
0
0
0
0
0
0
0
0
0
0
0
0
0
0
0
0
0
0
0
0
0
0
0
0
0
0
0
0
0
0
0
0
0
0
0
0
0
0
0
0
0
0
0
0
0
0
0
0
0
0
0
0
0
0
3.31998684249e-19
5.02604024081e-19
7.19396087677e-18
1.5110411171e-16
200
200
200
200
200
200
200
200
200
200
200
5.13049470067e-20
0
0
0
0
0
0
0
0
0
0
0
0
0
0
0
0
2.65244349812e-17
8.33343741732e-16
7.64776355443e-15
4.63796838683e-14
0
0
0
0
0
0
0
0
0
0
0
0
0
0
0
0
0
0
0
0
0
0
0
0
0
0
0
0
0
0
0
0
0
0
0
0
0
0
0
0
0
0
0
0
0
0
0
0
0
0
0
0
0
0
0
0
0
0
0
0
0
3.68887426944e-19
8.11247419539e-18
5.6822724132e-17
200
200
200
200
200
200
200
200
200
200
200
5.13049470067e-20
5.13049470067e-20
0
0
0
0
0
0
0
0
0
0
0
0
0
0
0
8.37961303103e-17
1.3861902368e-15
1.15200068327e-14
1.19768612506e-13
0
0
0
0
0
0
0
0
0
0
0
0
0
0
0
0
0
0
0
0
0
0
0
0
0
0
0
0
0
0
0
0
0
0
0
0
0
0
0
0
0
0
0
0
0
0
0
0
0
0
0
0
0
0
0
0
0
0
0
0
0
0
3.50483456607e-18
1.88544520343e-17
200
200
200
200
200
200
200
200
200
200
200
5.13049470067e-20
5.13049470067e-20
5.13049470067e-20
0
0
0
0
0
0
0
0
0
0
0
0
0
0
2.12575001167e-16
2.20253461434e-15
1.5693009565e-14
3.88837327965e-13
0
0
0
0
0
0
0
0
0
0
0
0
0
0
0
0
0
0
0
0
0
0
0
0
0
0
0
0
0
0
0
0
0
0
0
0
0
0
0
0
0
0
0
0
0
0
0
0
0
0
0
0
0
0
0
0
0
0
0
0
0
0
0
1.7791809023e-17
200
200
200
200
200
200
200
200
200
200
0
4.61744523061e-20
5.13049470067e-20
5.13049470067e-20
5.13049470067e-20
0
0
0
0
0
0
0
0
0
0
0
0
2.29590594557e-18
3.88600172052e-16
3.97381678159e-15
1.98625530476e-14
7.02378622555e-13
0
0
0
0
0
0
0
0
0
0
0
0
0
0
0
0
0
0
0
0
0
0
0
0
0
0
0
0
0
0
0
0
0
0
0
0
0
0
0
0
0
0
0
0
0
0
0
0
0
0
0
0
0
0
0
0
0
0
0
0
0
0
0
1.62638421262e-17
200
200
200
200
200
200
200
200
200
200
0
0
4.61744523061e-20
5.13049470067e-20
5.13049470067e-20
0
0
0
0
0
0
0
0
0
0
0
0
6.79548072843e-17
6.59430107441e-16
5.11463914743e-15
2.15947900089e-14
1.16553866966e-12
0
0
0
0
0
0
0
0
0
0
0
0
0
0
0
0
0
0
0
0
0
0
0
0
0
0
0
0
0
0
0
0
0
0
0
0
0
0
0
0
0
0
0
0
0
0
0
0
0
0
0
0
0
0
0
0
0
0
0
0
0
0
0
0
200
200
200
200
200
200
200
200
200
0
0
0
0
5.13049470067e-20
5.13049470067e-20
5.13049470067e-20
0
0
0
0
0
0
0
0
0
0
0
1.39012946111e-16
1.3903181409e-15
6.78233915877e-15
4.50911309341e-14
1.63391279344e-12
0
0
0
0
0
0
0
0
0
0
0
0
0
0
0
0
0
0
0
0
0
0
0
0
0
0
0
0
0
0
0
0
0
0
0
0
0
0
0
0
0
0
0
0
0
0
0
0
0
0
0
0
0
0
0
0
0
0
0
0
0
0
0
0
200
200
200
200
200
200
200
200
0
0
0
0
0
0
5.13049470067e-20
5.13049470067e-20
0
0
0
0
0
0
0
0
0
0
3.59417572723e-17
2.6183888695e-16
1.5991313844e-15
6.48009068699e-15
1.00178096304e-13
2.53242292381e-12
0
0
0
0
0
0
0
0
0
0
0
0
0
0
0
0
0
0
0
0
0
0
0
0
0
0
0
0
0
0
0
0
0
0
0
0
0
0
0
0
0
0
0
0
0
0
0
0
0
0
0
0
0
0
0
0
0
0
0
0
0
0
0
0
200
200
200
200
200
200
200
0
0
0
0
0
0
0
0
5.13049470067e-20
0
0
0
0
0
0
0
0
0
0
1.0084365679e-16
5.36860051302e-16
1.86153340113e-15
4.52754137692e-15
1.18252372191e-13
3.77516213245e-12
0
0
0
0
0
0
0
0
0
0
0
0
0
0
0
0
0
0
0
0
0
0
0
0
0
0
0
0
0
0
0
0
0
0
0
0
0
0
0
0
0
0
0
0
0
0
0
0
0
0
0
0
0
0
0
0
0
0
0
0
0
0
0
15.5336458233
200
200
200
200
200
200
0
0
0
0
0
0
0
0
0
0
0
0
0
0
0
0
0
0
0
3.97949873962e-17
1.48328570191e-16
5.96286733901e-16
1.10380758547e-15
1.01431573081e-14
1.81042286329e-13
5.34821918982e-12
0
0
0
0
0
0
0
0
0
0
0
0
0
0
0
0
0
0
0
0
0
0
0
0
0
0
0
0
0
0
0
0
0
0
0
0
0
0
0
0
0
0
0
0
0
0
0
0
0
0
0
0
0
0
0
0
0
0
0
0
0
0
0
200
200
200
200
200
200
0
0
0
0
0
0
0
0
0
0
0
0
0
0
0
0
0
0
0
0
1.09653184245e-16
4.08101775007e-16
6.8553255642e-16
1.96092375638e-16
9.83970134892e-15
3.07046283078e-13
5.76107799663e-12
0
0
0
0
0
0
0
0
0
0
0
0
0
0
0
0
0
0
0
0
0
0
0
0
0
0
0
0
0
0
0
0
0
0
0
0
0
0
0
0
0
0
0
0
0
0
0
0
0
0
0
0
0
0
0
0
0
0
0
0
0
0
0
200
200
200
200
0
0
0
0
0
0
0
0
0
0
0
0
0
0
0
0
0
0
0
0
0
6.19180628871e-17
2.27733519876e-16
7.40597354438e-16
1.25152069183e-15
8.19566749937e-17
2.53021296647e-15
5.13285322872e-13
5.31320821873e-12
0
0
0
0
0
0
0
0
0
0
0
0
0
0
0
0
0
0
0
0
0
0
0
0
0
0
0
0
0
0
0
0
0
0
0
0
0
0
0
0
0
0
0
0
0
0
0
0
0
0
0
0
0
0
0
0
0
0
0
0
0
0
0
200
0
0
0
0
0
0
0
0
0
0
0
0
0
0
0
0
0
0
0
0
0
0
0
4.14102798291e-17
1.07451997072e-16
2.93199490222e-16
7.01046035212e-16
7.93724115863e-16
2.47385689783e-15
9.93853220077e-15
2.59776520348e-13
2.86723038348e-12
0
0
0
0
0
0
0
0
0
0
0
0
0
0
0
0
0
0
0
0
0
0
0
0
0
0
0
0
0
0
0
0
0
0
0
0
0
0
0
0
0
0
0
0
0
0
0
0
0
0
0
0
0
0
0
0
0
0
0
0
0
0
0
0
0
0
0
0
0
0
0
0
0
0
0
0
0
0
0
0
0
0
0
0
0
0
2.79442336185e-17
1.37920558714e-16
2.13426944053e-16
2.98566539925e-16
3.10571730375e-16
1.45404726394e-14
1.8093011949e-14
3.38055523741e-14
1.93866350488e-13
4.58642020105e-12
1.18512192599e-20
0
0
0
0
0
0
0
0
0
0
0
0
0
0
0
0
0
0
0
0
0
0
0
0
0
0
0
0
0
0
0
0
0
0
0
0
0
0
0
0
0
0
0
0
0
0
0
0
0
0
0
0
0
0
0
0
0
0
0
0
0
0
0
0
0
0
0
0
0
0
0
0
0
0
0
0
0
0
0
0
0
0
0
0
2.48397791702e-17
1.51013975968e-16
2.27599594922e-16
2.48399156737e-16
4.94230103884e-16
3.60530721544e-15
4.02592292802e-15
6.07424338626e-15
1.42971332459e-14
8.38642807554e-14
2.67944394928e-12
200
200
2.85376436882e-20
0
0
0
0
0
0
0
0
0
0
0
0
0
0
0
0
0
0
0
0
0
0
0
0
0
0
0
0
0
0
0
0
0
0
0
0
0
0
0
0
0
0
0
0
0
0
0
0
0
0
0
0
0
0
0
0
0
0
0
0
0
0
0
0
0
0
0
0
0
0
0
0
0
0
0
0
0
0
0
0
0
3.94320728526e-17
1.68469139931e-16
1.67025248652e-16
3.09570320654e-16
1.49823340338e-15
1.33272237693e-15
1.44025548692e-15
2.28920164421e-15
4.0266182243e-15
9.78911096309e-15
5.47762989565e-14
2.46040968405e-12
200
200
200
200
200
0
0
0
0
0
0
0
0
0
0
0
0
0
0
0
0
0
0
0
0
0
0
0
0
0
0
0
0
0
0
0
0
0
0
0
0
0
0
0
0
0
0
0
0
0
0
0
0
0
0
0
0
0
0
0
0
0
0
0
0
0
0
0
0
0
0
0
0
0
0
0
0
0
0
1.7164988443e-19
1.90722093811e-19
1.20344937423e-19
1.9190650667e-17
1.32809154624e-16
1.72815126085e-16
1.68662923042e-16
8.72988389029e-16
8.33051687637e-16
8.48289746892e-16
9.86278267706e-16
1.25185076958e-15
1.67778224943e-15
2.3584941792e-15
4.25662062411e-15
2.13811109953e-14
1.74440163534e-12
200
200
200
200
200
16.2609144904
1.95123774762e-19
0
0
0
0
0
0
0
0
0
0
0
0
0
0
0
0
0
0
0
0
0
0
0
0
0
0
0
0
0
0
0
0
0
0
0
0
0
0
0
0
0
0
0
0
0
0
0
0
0
0
0
0
0
0
0
0
0
0
0
0
0
0
0
0
0
0
7.42181651132e-17
9.46444039805e-17
6.22262333302e-16
9.49660435486e-16
2.10824237517e-15
2.78159449557e-15
3.20955376195e-15
3.44392244384e-15
2.35173930348e-15
4.4014548962e-16
1.49602366725e-16
8.39770283088e-16
6.18701066808e-16
5.87283614517e-16
6.59459231983e-16
7.76344686482e-16
9.04941869683e-16
1.08162307021e-15
1.34414918521e-15
1.69581852508e-15
2.31981512505e-15
5.00007635941e-15
1.0365825741e-12
200
200
200
200
2.31733996542e-09
1.42988243536e-13
1.05850495998e-12
2.98952934044e-13
5.18045494502e-20
0
0
0
0
0
0
0
0
0
0
0
0
0
0
0
0
0
0
0
0
0
0
0
0
0
0
0
0
0
0
0
0
0
0
0
0
0
0
0
0
0
0
0
0
0
0
0
0
0
0
0
0
0
0
0
0
0
0
0
0
0
0
8.05973213646e-16
4.26574281546e-15
8.70151913055e-15
1.33055812174e-14
1.58636960847e-14
1.70741327828e-14
1.90848546073e-14
1.70386690315e-14
1.52929513582e-14
1.07611348067e-14
4.20224066961e-15
1.74340361522e-15
7.72616143816e-16
5.29926687706e-16
5.29056524475e-16
5.83931110726e-16
6.47268368494e-16
7.30244080723e-16
8.30933617093e-16
9.5906386536e-16
1.12788630176e-15
1.33950441599e-15
1.63191890722e-15
2.24811788699e-15
4.89447225439e-13
200
200
200
1.52040675132e-09
2.2130710759e-12
2.42151921424e-13
3.75871924748e-14
2.56845884905e-16
5.37060790626e-16
5.58994056751e-18
0
0
0
0
0
0
0
0
0
0
0
0
0
0
0
0
0
0
0
0
0
0
0
0
0
0
0
0
0
0
0
0
0
0
0
0
0
0
0
0
0
0
0
0
0
0
0
0
0
0
0
0
0
0
0
0
0
0
0
0
0
3.91626059208e-15
1.13266337728e-14
1.22504815951e-14
1.2689685731e-14
1.37876280692e-14
1.47572821114e-14
1.56769440138e-14
1.59857389271e-14
1.52263866572e-14
1.36523673793e-14
1.09424182152e-14
2.33522812663e-15
8.97753516988e-16
6.68505478659e-16
6.03037378497e-16
6.10436903968e-16
6.46965710489e-16
7.07079378168e-16
7.83214586139e-16
8.78008472098e-16
9.93578793459e-16
1.13290901005e-15
1.30212488944e-15
1.55473226911e-15
1.968573429e-13
200
29.27310678
5.89036727043e-10
3.74785535725e-12
3.48122325954e-13
1.20942138239e-14
6.63141709892e-16
1.68480258126e-16
9.94309131963e-17
2.31095365157e-16
3.17025329483e-16
2.3344320943e-19
0
0
0
0
0
0
0
0
0
0
0
0
0
0
0
0
0
0
0
0
0
0
0
0
0
0
0
0
0
0
0
0
0
0
0
0
0
0
0
0
0
0
0
0
0
0
0
0
0
0
0
0
0
0
0
0
0
0
0
8.98318336656e-15
1.31327623344e-14
1.37111781837e-14
1.41583696312e-14
1.48561940331e-14
1.54690559472e-14
1.61424392624e-14
1.65894584252e-14
1.7192911371e-14
1.74144172773e-14
1.62019463389e-14
7.21682357724e-15
1.47079458431e-15
8.817255772e-16
7.02155388039e-16
6.60291266122e-16
6.68740191781e-16
7.02999906278e-16
7.57383855531e-16
8.2783056667e-16
9.10298539528e-16
1.00700897081e-15
1.11563551157e-15
1.2593879763e-15
7.31628316773e-14
1.24435530113e-08
2.18454255621e-10
5.14109104381e-12
4.10086499606e-13
2.54108694963e-14
9.3077899389e-16
2.30388664049e-16
1.33104092911e-16
1.10503570396e-16
1.3640967095e-16
1.10448202372e-16
1.87118890192e-16
2.77340535977e-18
0
0
0
0
0
0
0
0
0
0
0
0
0
0
0
0
0
0
0
0
0
0
0
0
0
0
0
0
0
0
0
0
0
0
0
0
0
0
0
0
0
0
0
0
0
0
0
0
0
0
0
0
0
0
0
0
0
0
8.16237861181e-15
1.44196909713e-14
1.45931968263e-14
1.56149430454e-14
1.61673158764e-14
1.65330941889e-14
1.70046930195e-14
1.74903957452e-14
1.82411644749e-14
1.95240268593e-14
2.05132238398e-14
1.33388819164e-14
2.31264803921e-15
1.13070076581e-15
8.34861700795e-16
7.33753989704e-16
7.09062803818e-16
7.19289368949e-16
7.5350922527e-16
8.02409893473e-16
8.62721664287e-16
9.32687128121e-16
1.00745043507e-15
1.10121043847e-15
2.1723648338e-14
6.34132035751e-11
5.54397789583e-12
5.27633307125e-13
4.05036720068e-14
1.20322475688e-15
2.07346377158e-16
1.31374944522e-16
9.94532133562e-17
8.94878218767e-17
8.94760849504e-17
8.26086830031e-17
7.23918086235e-17
1.68387124585e-16
4.46011883623e-17
0
0
0
0
0
0
0
0
0
0
0
0
0
0
0
0
0
0
0
0
0
0
0
0
0
0
0
0
0
0
0
0
0
0
0
0
0
0
0
0
0
0
0
0
0
0
0
0
0
0
0
0
0
0
0
0
0
0
2.20164570736e-14
1.70949911632e-14
1.80314750191e-14
1.82777954547e-14
1.82898215798e-14
1.85367028139e-14
1.88489864998e-14
1.96152096444e-14
2.0527053437e-14
2.23115276432e-14
1.93303089605e-14
4.96126882472e-15
1.47385997052e-15
9.91045114356e-16
8.24833300582e-16
7.6582784224e-16
7.53577313481e-16
7.6723875284e-16
8.02725639971e-16
8.47530837116e-16
8.9923397852e-16
9.52617047948e-16
142.946380856
186.991173331
6.65712726315e-12
6.60529953312e-13
5.96502522932e-14
4.18414295799e-16
1.62138126431e-16
1.11699887644e-16
8.95078920206e-17
8.0539039689e-17
7.24650655762e-17
7.245332865e-17
7.24257975884e-17
8.04731084316e-17
1.13549277776e-16
2.76272503549e-16
1.41193078e-16
0
0
0
0
0
0
0
0
0
0
0
0
0
0
0
0
0
0
0
0
0
0
0
0
0
0
0
0
0
0
0
0
0
0
0
0
0
0
0
0
0
0
0
0
0
0
0
0
0
0
0
0
0
0
0
0
0
3.68779495533e-14
2.37214391766e-14
2.27586594085e-14
2.16363567266e-14
2.08852190095e-14
2.05918988112e-14
2.07489165812e-14
2.10405456341e-14
2.17930002775e-14
2.29096497927e-14
2.44765541248e-14
9.15991043301e-15
1.93124540733e-15
1.17468749186e-15
9.33966475816e-16
8.36839271187e-16
7.98855246357e-16
7.99660175467e-16
8.18001609487e-16
8.50696143802e-16
177.764384329
199.78072472
199.978735398
199.989319319
1.08940565615e-12
7.67412396136e-14
1.52365053045e-16
1.19508914532e-16
9.56423359644e-17
8.0461050551e-17
6.86466185086e-17
6.44248396072e-17
5.86871962065e-17
5.86766329729e-17
6.31766673451e-17
7.16111868236e-17
9.45729602147e-17
2.12658987439e-16
5.21674862308e-15
6.63209245683e-16
0
0
0
0
0
0
0
0
0
0
0
0
0
0
0
0
0
0
0
0
0
0
0
0
0
0
0
0
0
0
0
0
0
0
0
0
0
0
0
0
0
0
0
0
0
0
0
0
0
0
0
0
0
0
0
0
3.92551765887e-14
3.22629927081e-14
2.84070681793e-14
2.60574472958e-14
2.42123134778e-14
2.33928168903e-14
2.28802973561e-14
2.27728732157e-14
2.31280776226e-14
2.38739928469e-14
2.75346674208e-14
1.33505635597e-14
2.46217404625e-15
1.37747965371e-15
1.05591525356e-15
9.19794202499e-16
8.6331002292e-16
8.46219483545e-16
188.590431787
199.904000469
199.995619174
199.999424391
199.999839778
199.999869645
1.06896720046e-13
9.51772999534e-17
8.58575932952e-17
7.55073839026e-17
6.53969725709e-17
5.87029406006e-17
5.28184765858e-17
5.12462376539e-17
4.81858876422e-17
4.90408333086e-17
5.27866695157e-17
5.86373649851e-17
8.04264691665e-17
1.30577261264e-12
4.65150439182e-13
1.46113968366e-13
1.1362181667e-15
0
0
0
0
0
0
0
0
0
0
0
0
0
0
0
0
0
0
0
0
0
0
0
0
0
0
0
0
0
0
0
0
0
0
0
0
0
0
0
0
0
0
0
0
0
0
0
0
0
0
0
0
0
0
0
4.13817189299e-14
3.99148607865e-14
3.42934344183e-14
3.09902879065e-14
2.85953170397e-14
2.66421175193e-14
2.53542965387e-14
2.46730561011e-14
2.45029832053e-14
2.4771081919e-14
2.76706764905e-14
1.54348223716e-14
2.95390976979e-15
1.59111229843e-15
1.1884578978e-15
1.01608836283e-15
199.378760274
199.947512905
199.997655234
199.999766821
199.999949866
199.999987368
199.999994796
199.999994851
6.54866448414e-17
6.27689402165e-17
5.90243718421e-17
5.43837179875e-17
5.00440071925e-17
4.68738870157e-17
4.2766709218e-17
4.24078588207e-17
4.09143224175e-17
4.19318193174e-17
4.27349021479e-17
4.84159005992e-17
2.06023064329e-07
8.8357326183e-07
1.28186454956e-08
9.44448564465e-11
3.73858097313e-12
3.12084459502e-16
0
0
0
0
0
0
0
0
0
0
0
0
0
0
0
0
0
0
0
0
0
0
0
0
0
0
0
0
0
0
0
0
0
0
0
0
0
0
0
0
0
0
0
0
0
0
0
0
0
0
0
0
0
0
3.56746947795e-14
4.64776876826e-14
3.93662478012e-14
3.56591156199e-14
3.28405869486e-14
3.00998545093e-14
2.80299065535e-14
2.65601882197e-14
2.57044063943e-14
2.53324142505e-14
2.74304148488e-14
1.49426726645e-14
186.81793238
199.764567057
199.955753917
199.996116715
199.999411212
199.999889335
199.999972951
199.999994952
199.999998404
199.999999311
199.999999578
199.999999555
4.78117741016e-17
4.63609155071e-17
4.45623993265e-17
4.25425014454e-17
3.97405686786e-17
3.81892020179e-17
3.54887552329e-17
3.46152707398e-17
3.46152707398e-17
3.46047075061e-17
3.59897327265e-17
0.0755601785843
200
200
200
4.18695834115e-05
1.98990057173e-09
2.02256584198e-11
5.09313791276e-17
0
0
0
0
0
0
0
0
0
0
0
0
0
0
0
0
0
0
0
0
0
0
0
0
0
0
0
0
0
0
0
0
0
0
0
0
0
0
0
0
0
0
0
0
0
0
0
0
0
0
0
0
0
2.52867184033e-14
5.0831369426e-14
199.818608398
199.908644819
199.933402073
199.946055679
199.9563051
199.968146418
199.979303863
199.988893343
199.994728313
199.997703489
199.999226593
199.999759736
199.999920533
199.999968506
199.999992197
199.999997663
199.999999193
199.999999669
199.999999858
199.999999931
199.99999995
199.999999942
3.76132481454e-17
3.70548256002e-17
3.60062177028e-17
3.46451850885e-17
3.31458405587e-17
3.11599811496e-17
3.04676578772e-17
2.91282488062e-17
2.84163036816e-17
2.88268661223e-17
3.08993844114e-17
200
200
200
200
200
200
3.59176863578e-08
1.63827831612e-11
1.32427035904e-19
0
0
0
0
0
0
0
0
0
0
0
0
0
0
0
0
0
0
0
0
0
0
0
0
0
0
0
0
0
0
0
0
0
0
0
0
0
0
0
0
0
0
0
0
0
0
0
0
0
0
0
0
199.996863152
199.999848229
199.999942759
199.99996289
199.999961133
199.999949926
199.999948483
199.999948483
199.999948483
199.999960169
199.999975304
199.999986322
199.999993396
199.999996981
199.999998526
199.999999318
199.999999649
199.999999834
199.999999936
199.999999971
199.999999984
199.999999988
199.99999999
199.999999988
3.16517819708e-17
3.07233769332e-17
3.01219489466e-17
2.91962343427e-17
2.78454117397e-17
2.67020211989e-17
2.54467045798e-17
2.48830319186e-17
2.4475637265e-17
2.47110255337e-17
2.52087686425e-17
2.80203061697e-17
200
200
200
200
200
200
2.9081940798e-08
3.42811754004e-13
0
0
0
0
0
0
0
0
0
0
0
0
0
0
0
0
0
0
0
0
0
0
0
0
0
0
0
0
0
0
0
0
0
0
0
0
0
0
0
0
0
0
0
0
0
0
0
0
0
0
0
199.999618633
199.999998408
199.999999672
199.999999826
199.999999866
199.999999874
199.999999826
199.999999806
199.999999761
199.999999705
199.999999658
199.999999636
199.999999669
199.999999735
199.999999834
199.999999914
199.999999958
199.999999978
199.999999987
199.999999991
199.999999994
199.999999996
199.999999997
199.999999997
199.999999996
2.6691746591e-17
2.63249389174e-17
2.54670757005e-17
2.43928765898e-17
2.36688291799e-17
2.22630638574e-17
2.15722709791e-17
2.09095005108e-17
2.04706687915e-17
2.05002760731e-17
2.12987774128e-17
2.32634473871e-17
2.92569353979e-17
200
200
200
200
200
200
1.66151545022e-09
2.16484722167e-13
0
0
0
0
0
0
0
0
0
0
0
0
0
0
0
0
0
0
0
0
0
0
0
0
0
0
0
0
0
0
0
0
0
0
0
0
0
0
0
0
0
0
0
0
0
0
0
0
0
199.999354151
199.999999445
199.999999983
199.999999996
199.999999997
199.999999998
199.999999998
199.999999997
199.999999996
199.999999996
199.999999994
199.999999993
199.999999991
199.99999999
199.99999999
199.999999991
199.999999992
199.999999994
199.999999996
199.999999997
199.999999998
199.999999998
199.999999999
199.999999999
199.999999999
199.999999999
2.24347403418e-17
2.17744525941e-17
2.13606297203e-17
2.06233926483e-17
1.96442121533e-17
1.91428672932e-17
1.81925528911e-17
1.76782698723e-17
1.74026088342e-17
1.73799945313e-17
1.77807698081e-17
1.91218166737e-17
2.29494999069e-17
2.90264898897e-15
199.999999991
200
200
200
200
0.0265116355158
8.25724419249e-11
3.84488134463e-16
0
0
0
0
0
0
0
0
0
0
0
0
0
0
0
0
0
0
0
0
0
0
0
0
0
0
0
0
0
0
0
0
0
0
0
0
0
0
0
0
0
0
0
0
0
0
0
0
199.999999315
199.999999995
199.999999999
200
200
200
200
200
200
200
199.999999999
199.999999999
199.999999999
199.999999999
199.999999998
199.999999998
199.999999998
199.999999999
199.999999999
199.999999999
199.999999999
199.999999999
200
200
200
199.999999999
1.88336309058e-17
1.84783180718e-17
1.80995905816e-17
1.75315158171e-17
1.69956376154e-17
1.62384729853e-17
1.57527737172e-17
1.53860545946e-17
1.50357974178e-17
1.48397145302e-17
1.51125464676e-17
1.5760094695e-17
1.78529683065e-17
9.74629591433e-16
3.93387055229e-14
199.999929332
200
200
200
200
6.34643367333e-08
1.83340522472e-13
3.46163363791e-17
0
0
0
0
0
0
0
0
0
0
0
0
0
0
0
0
0
0
0
0
0
0
0
0
0
0
0
0
0
0
0
0
0
0
0
0
0
0
0
0
0
0
0
0
0
0
199.999982037
199.999999993
200
200
200
200
200
200
200
200
200
200
200
200
200
200
200
200
200
200
200
200
200
200
200
200
200
1.6541154738e-17
1.61854082477e-17
1.57968024391e-17
1.53852483762e-17
1.48904414691e-17
1.42843070579e-17
1.39986759925e-17
1.3525660871e-17
1.30554073643e-17
1.2912431708e-17
1.29141687192e-17
1.32087603358e-17
1.43174420698e-17
2.74459301267e-17
1.89365579103e-14
3.50228851264e-14
199.999529176
199.999999999
200
200
6.35905584685
2.43394492249e-13
2.49181644687e-13
0
0
0
0
0
0
0
0
0
0
0
0
0
0
0
0
0
0
0
0
0
0
0
0
0
0
0
0
0
0
0
0
0
0
0
0
0
0
0
0
0
0
0
0
0
0
199.999999886
200
200
200
200
200
200
200
200
200
200
200
200
200
200
200
200
200
200
200
200
200
200
200
200
200
200
1.48995188116e-17
1.45775680536e-17
1.42535746862e-17
1.38617811131e-17
1.34573067834e-17
1.29376247545e-17
1.26155460849e-17
1.20710283166e-17
1.15995235201e-17
1.1401064033e-17
1.12910784047e-17
1.13757899033e-17
1.18852762338e-17
1.42231958747e-17
4.8707793094e-15
4.96827856657e-14
3.12695533e-14
4.5420294004e-14
199.999936399
200
200
1.87543916564e-13
3.74964092168e-13
2.5337916896e-13
0
0
0
0
0
0
0
0
0
0
0
0
0
0
0
0
0
0
0
0
0
0
0
0
0
0
0
0
0
0
0
0
0
0
0
0
0
0
0
0
0
0
0
0
199.999749785
199.999999999
200
200
200
200
200
200
200
200
200
200
200
200
200
200
200
200
200
200
200
200
200
200
200
200
200
200
1.37801781162e-17
1.34351395451e-17
1.31884953258e-17
1.27802854194e-17
1.23261503416e-17
1.19080591035e-17
1.13878475812e-17
1.08866167561e-17
1.0369981117e-17
1.01152979647e-17
9.81312796057e-18
9.70020874434e-18
1.00167381523e-17
1.1013344466e-17
8.62565325303e-16
2.50840371951e-14
2.9908346132e-14
4.57232165835e-14
6.66322356425e-14
8.90296958056e-14
1.34032302426e-13
1.83594520328e-13
2.92903487846e-13
6.63259541348e-13
3.4707638945e-12
0
0
0
0
0
0
0
0
0
0
0
0
0
0
0
0
0
0
0
0
0
0
0
0
0
0
0
0
0
0
0
0
0
0
0
0
0
0
0
0
0
0
0
199.99999955
200
200
200
200
200
200
200
200
200
200
200
200
200
200
200
200
200
200
200
200
200
200
200
200
200
200
200
1.2979815689e-17
1.2616304951e-17
1.23423266882e-17
1.19609102342e-17
1.14819838876e-17
1.09875102213e-17
1.04181150539e-17
9.85185687783e-18
9.30067424279e-18
8.87798692578e-18
8.48285379091e-18
8.30209823407e-18
8.28680987093e-18
8.69148771673e-18
1.15724150781e-17
4.72227002779e-15
2.75578361345e-14
3.61937073695e-14
7.54751933665e-14
1.14165394004e-13
1.71239385115e-13
2.32826992592e-13
3.57889028445e-13
8.9508693896e-13
2.54853171117e-12
1.8100436622e-13
0
0
0
0
0
0
0
0
0
0
0
0
0
0
0
0
0
0
0
0
0
0
0
0
0
0
0
0
0
0
0
0
0
0
0
0
0
0
0
0
0
0
199.999999997
200
200
200
200
200
200
200
200
200
200
200
200
200
200
200
200
200
200
200
200
200
200
200
200
200
200
200
1.24995969024e-17
1.20384201692e-17
1.1736199767e-17
1.13316819088e-17
1.07389720409e-17
1.02047326915e-17
9.57462415083e-18
8.92871817139e-18
8.36195284899e-18
7.85416975215e-18
7.43170201639e-18
7.10927230578e-18
6.86217545633e-18
6.87439306859e-18
7.47927912794e-18
4.06221533035e-16
7.87689080826e-15
1.80244798771e-14
4.06517144363e-14
7.71236733916e-14
1.5033089992e-13
2.61608937111e-13
4.73387523941e-13
6.0990000204e-13
6.29786916682e-13
1.57399736839e-12
0
0
0
0
0
0
0
0
0
0
0
0
0
0
0
0
0
0
0
0
0
0
0
0
0
0
0
0
0
0
0
0
0
0
0
0
0
0
0
0
0
0
200
200
200
200
200
200
200
200
200
200
200
200
200
200
200
200
200
200
200
200
200
200
200
200
200
200
200
200
1.23544132168e-17
1.17540345596e-17
1.13671975686e-17
1.08571286365e-17
1.02394661389e-17
9.56464807417e-18
8.86961125137e-18
8.21160637196e-18
7.57683902355e-18
7.03251879185e-18
6.59764178228e-18
6.21077078462e-18
5.97100705933e-18
5.76030048207e-18
5.76179427617e-18
6.51600626434e-18
1.06673414677e-15
5.24031409634e-15
1.17872089287e-14
2.69838134817e-14
5.16715647323e-14
1.06469047212e-13
1.99760911126e-13
3.28145044169e-13
4.10086460674e-13
6.45171315151e-13
4.16150172824e-12
7.48117706141e-06
0
0
0
0
0
0
0
0
0
0
0
0
0
0
0
0
0
0
0
0
0
0
0
0
0
0
0
0
0
0
0
0
0
0
0
0
0
0
0
199.999998955
200
200
200
200
200
200
200
200
200
200
200
200
200
200
200
200
200
200
200
200
200
200
200
200
200
200
200
200
1.27232888036e-17
1.1820102288e-17
1.12931959322e-17
1.0680711972e-17
9.89135404564e-18
9.1287878839e-18
8.36586266821e-18
7.62408677657e-18
6.98825000203e-18
6.41036037308e-18
5.94398521264e-18
5.58642976068e-18
5.24680450749e-18
4.92705962899e-18
4.79293974958e-18
4.80291855065e-18
9.26742663022e-18
8.91925146537e-16
2.28511888307e-15
5.24075521412e-15
1.12405152898e-14
2.384634509e-14
4.83888796168e-14
1.02159094555e-13
1.91968380196e-13
4.01888671164e-13
5.2040024625e-06
105.27782836
0
0
0
0
0
0
0
0
0
0
0
0
0
0
0
0
0
0
0
0
0
0
0
0
0
0
0
0
0
0
0
0
0
0
0
0
0
0
0
199.999999998
200
200
200
200
200
200
200
200
200
200
200
200
200
200
200
200
200
200
200
200
200
200
200
200
200
200
200
200
176.586536312
1.25740255627e-17
1.16587846121e-17
1.06772853174e-17
9.75891302789e-18
8.84787878987e-18
8.01747747902e-18
7.24401349959e-18
6.58224332923e-18
5.98965789696e-18
5.52986954028e-18
5.0757101814e-18
4.68473057409e-18
4.33255900775e-18
3.97420833786e-18
3.78039783466e-18
3.79950233661e-18
5.2412073526e-17
4.45332164933e-16
9.25025558096e-16
1.79107503076e-15
3.18409226514e-15
6.06136758234e-15
1.56455657568e-14
6.4365442132e-14
1.83876234325e-11
1.79628998821e-05
1.76528300043e-13
71.8694481884
0
0
0
0
0
0
0
0
0
0
0
0
0
0
0
0
0
0
0
0
0
0
0
0
0
0
0
0
0
0
0
0
0
0
0
0
0
0
200
200
200
200
200
200
200
200
200
200
200
200
200
200
200
200
200
200
200
200
200
200
200
200
200
200
200
200
200
0.00302615156117
1.4654661045e-17
1.28145881017e-17
1.1189869133e-17
9.88926666364e-18
8.76569322944e-18
7.79359629868e-18
6.95927259186e-18
6.20449388138e-18
5.67772710052e-18
5.15035105445e-18
4.68491199545e-18
4.22257874473e-18
3.7783557731e-18
3.36604305163e-18
3.02869286823e-18
2.80960960679e-18
2.88348456527e-18
4.73833887821e-17
1.4857457113e-16
2.72423083608e-16
4.51772903098e-16
6.57129771936e-16
9.09724665541e-16
1.63251531078e-15
7.88005624308e-15
5.53965383527e-14
6.73479548376e-15
199.999811313
0
0
0
0
0
0
0
0
0
0
0
0
0
0
0
0
0
0
0
0
0
0
0
0
0
0
0
0
0
0
0
0
0
0
0
0
0
199.999015624
200
200
200
200
200
200
200
200
200
200
200
200
200
200
200
200
200
200
200
200
200
200
200
200
200
200
200
200
200
7.05732247269e-12
2.08550731874e-17
1.56942496209e-17
1.23856784691e-17
1.03083440666e-17
8.83344461601e-18
7.70902053616e-18
6.7556830112e-18
6.03740624339e-18
5.41201238988e-18
4.88002179863e-18
4.38716420971e-18
3.88374425026e-18
3.37687294061e-18
2.92530173976e-18
2.55744023643e-18
2.24227410648e-18
2.01093575937e-18
2.58786895616e-18
1.66578970849e-17
3.09156691228e-17
5.35975867659e-17
7.73656720777e-17
7.20560462123e-17
5.14990855993e-17
1.53253529235e-17
1.33873944431e-17
5.82919614383e-18
9.07700478888e-17
200
0
0
0
0
0
0
0
0
0
0
0
0
0
0
0
0
0
0
0
0
0
0
0
0
0
0
0
0
0
0
0
0
0
0
0
0
200
200
200
200
200
200
200
200
200
200
200
200
200
200
200
200
200
200
200
200
200
200
200
200
200
200
200
200
200
200
5.22421059598e-11
6.30318642717e-09
70.298855599
1.46101169309e-17
1.09902909838e-17
9.04066375486e-18
7.69047471119e-18
6.6585601004e-18
5.9107021415e-18
5.27878200391e-18
4.69121506164e-18
4.18212615088e-18
3.66338275237e-18
3.14574645951e-18
2.68656226465e-18
2.26920647435e-18
1.79785811437e-18
1.16410780798e-18
1.26247899788e-18
2.24282056848e-18
4.11739709165e-18
5.78029131661e-18
5.52976949424e-18
3.15398308952e-18
4.10797829485e-18
5.74394702911e-18
9.75775393572e-18
1.65563766875e-17
1.10527404514e-16
1.53747441953e-15
0
0
0
0
0
0
0
0
0
0
0
0
0
0
0
0
0
0
0
0
0
0
0
0
0
0
0
0
0
0
0
0
0
0
0
1.18512192599e-20
200
200
200
200
200
200
200
200
200
200
200
200
200
200
200
200
200
200
200
200
200
200
200
200
200
200
200
200
200
200
1.89773181183e-10
6.14610909282e-12
6.84363648451e-06
199.999998338
0.390692002377
9.28397912262e-18
7.66648186836e-18
6.5978836375e-18
5.82593878115e-18
5.1742600297e-18
4.60852769775e-18
4.06975749288e-18
3.50553318259e-18
2.9909759003e-18
2.49365880447e-18
1.96827870128e-18
1.39740147798e-18
7.46919013591e-19
1.3242600081e-19
2.36610705815e-19
2.76509365367e-19
3.13910671735e-19
7.02039428952e-19
1.01948713646e-18
1.68131548889e-18
3.50132298241e-18
8.77743141644e-18
3.36602927448e-17
1.87272184812e-16
1.68540419205e-16
5.61373543892e-21
0
0
0
0
0
0
0
0
0
0
0
0
0
0
0
0
0
0
0
0
0
0
0
0
0
0
0
0
0
0
0
0
0
0
200
200
200
200
200
200
200
200
200
200
200
200
200
200
200
200
200
200
200
200
200
200
200
200
200
200
200
200
200
200
200
1.50855251167e-10
1.6024481069e-10
1.65215018776e-10
3.20686508138e-10
6.70779199319e-05
199.999999999
199.999999656
6.84954870692e-18
5.90670970259e-18
5.21218746511e-18
4.6071172058e-18
4.05200707527e-18
3.40934756966e-18
2.9182157826e-18
2.4073006091e-18
1.98441839628e-18
1.46750039179e-18
7.03454214007e-19
1.3242600081e-19
2.13798248035e-19
2.70271881546e-19
3.07673187914e-19
3.88376792534e-19
9.09837825501e-19
1.28334622769e-18
2.72779621586e-18
7.8996882748e-18
1.65609238132e-17
3.11983817268e-17
1.27879910198e-18
9.09701307251e-16
0
0
0
0
0
0
0
0
0
0
0
0
0
0
0
0
0
0
0
0
0
0
0
0
0
0
0
0
0
0
0
0
0
0
200
200
200
200
200
200
200
200
200
200
200
200
200
200
200
200
200
200
200
200
200
200
200
200
200
200
200
200
200
200
164.812735783
)
;

boundaryField
{
    frontAndBack
    {
        type            empty;
    }
    leftWall
    {
        type            calculated;
        value           uniform 0;
    }
    outlet
    {
        type            calculated;
        value           uniform 0;
    }
    rightWall
    {
        type            calculated;
        value           uniform 0;
    }
    inlet
    {
        type            calculated;
        value           uniform 8.3907258058e-15;
    }
}


// ************************************************************************* //
