/*--------------------------------*- C++ -*----------------------------------*\
| =========                 |                                                 |
| \\      /  F ield         | OpenFOAM: The Open Source CFD Toolbox           |
|  \\    /   O peration     | Version:  v1906                                 |
|   \\  /    A nd           | Web:      www.OpenFOAM.com                      |
|    \\/     M anipulation  |                                                 |
\*---------------------------------------------------------------------------*/
FoamFile
{
    version     2.0;
    format      ascii;
    class       volScalarField;
    location    "85";
    object      alpha;
}
// * * * * * * * * * * * * * * * * * * * * * * * * * * * * * * * * * * * * * //

dimensions      [0 0 -1 0 0 0 0];


internalField   nonuniform List<scalar> 
9216
(
99.95535443
99.9685751874
99.9679141875
99.9679141875
99.9645842911
99.9670117856
99.9670117856
99.9670117856
99.9670117856
99.9670117856
99.9643145695
99.9597468104
99.9546715226
99.9546715226
99.9546715226
99.9546715226
99.9546715226
99.9546715226
99.9546715226
99.9546715226
99.9546715226
99.9546715226
99.9546715226
99.9546715226
99.9546715226
99.9546715226
99.9477095365
99.9477095365
99.9527848243
99.9573525834
99.9573525834
99.9354658056
99.9329417019
99.9454708868
99.9510867959
99.9510867959
99.9510867959
99.9480898892
99.9480898892
99.9480898892
99.9480898892
99.9403543491
99.9403543491
99.9403543491
99.9403543491
99.9403543491
99.9403543491
99.9403543491
99.9403543491
99.9403543491
99.9403543491
99.9403543491
99.9403543491
99.9403543491
99.9403543491
99.9403543491
99.9403543491
99.9465188942
99.9480898892
99.9480898892
99.9480898892
99.9480898892
99.9480898892
99.9472088907
99.9373816072
99.9174327159
99.904824368
99.9023000717
99.8952190505
99.8906433885
99.8863301753
99.8829860698
99.8799704612
99.878993693
99.8780048287
99.8773131992
99.875291242
99.8708718112
99.8642935568
99.8546094455
99.8387479573
99.8087464548
99.7671216699
99.7011537827
99.6054915144
99.462223877
99.3929389157
99.2423359081
97.8494768817
85.4075842436
63.8628404779
46.388255294
32.0733528284
19.527348232
12.2709355037
1.60761081557
99.9645842911
99.9679141875
99.9703416819
99.9703416819
99.9703416819
99.9703416819
99.9670117856
99.9645842911
99.9645842911
99.9645842911
99.9645842911
99.9645842911
99.9645842911
99.9645842911
99.9549412442
99.9549412442
99.9549412442
99.9645842911
99.9645842911
99.9645842911
99.9618870751
99.957319316
99.9543224093
99.9543224093
99.9543224093
99.9543224093
99.9543224093
99.9473604232
99.9473604232
99.9473604232
99.9396248831
99.9396248831
99.9333590956
99.9333590956
99.9333590956
99.9333590956
99.9333590956
99.9333590956
99.9333590956
99.9277198868
99.922644599
99.922644599
99.922644599
99.922644599
99.922644599
99.9140495544
99.9140495544
99.9140495544
99.9140495544
99.9140495544
99.9140495544
99.9140495544
99.9140495544
99.9140495544
99.9140495544
99.9140495544
99.9140495544
99.9105015947
99.9009493493
99.9009493493
99.9009493493
99.9009493493
99.9009493493
99.9009493493
99.9150790057
99.8906937863
99.8759909204
99.8627527978
99.8508318128
99.8535651588
99.8472402322
99.8406647069
99.8360263046
99.8347019203
99.8339450354
99.834098441
99.8345928496
99.8290947367
99.8446904988
99.8321439344
99.8115897849
99.828901374
99.7943467453
99.7739713893
99.6994675037
99.5972737811
99.4973215123
99.3379023553
99.0028806581
94.1507952398
75.5541067312
57.3859839652
43.4447436831
30.5329744053
19.7134520228
12.3193348924
99.9645842911
99.9703416819
99.9703416819
99.9679141875
99.9679141875
99.9679141875
99.9679141875
99.9645842911
99.9645842911
99.9645842911
99.9618870751
99.9618870751
99.9618870751
99.9618870751
99.9618870751
99.9588901683
99.9588901683
99.9543224093
99.9543224093
99.9543224093
99.9543224093
99.9543224093
99.9543224093
99.9543224093
99.9543224093
99.9543224093
99.9422851353
99.9345495952
99.9345495952
99.9282838077
99.9282838077
99.922644599
99.922644599
99.922644599
99.9140495544
99.9140495544
99.9140495544
99.9140495544
99.9140495544
99.9140495544
99.9140495544
99.9140495544
99.9140495544
99.9140495544
99.9044995049
99.9044995049
99.9044995049
99.8913992998
99.8796091153
99.8796091153
99.8689979491
99.8544421657
99.8544421657
99.8544421657
99.8544421657
99.8544421657
99.8544421657
99.8544421657
99.8544421657
99.8544421657
99.8544421657
99.8544421657
99.8544421657
99.8544421657
99.8430277748
99.8113257187
99.7766910352
99.7498065004
99.725894359
99.7085197357
99.7269385751
99.7146637191
99.7051988992
99.7496015584
99.7449889853
99.7301537487
99.7169200046
99.7000126728
99.6800534101
99.7745548955
99.7463779767
99.7475063389
99.6883158631
99.6010642838
99.4927704868
99.4015258901
99.1517845886
98.8661102203
98.9165100837
97.6264817257
76.4405483929
56.478108154
47.6748337934
38.7729211902
31.5881024608
21.1247807289
99.9670117856
99.9679141875
99.9679141875
99.9679141875
99.9679141875
99.9679141875
99.9645842911
99.9645842911
99.9618870751
99.9618870751
99.9618870751
99.9618870751
99.9618870751
99.9588901683
99.9543224093
99.9543224093
99.9543224093
99.9543224093
99.9543224093
99.9543224093
99.9543224093
99.9543224093
99.9492471214
99.9492471214
99.9422851353
99.9345495952
99.9282838077
99.922644599
99.922644599
99.922644599
99.9140495544
99.9140495544
99.9140495544
99.9140495544
99.9140495544
99.9140495544
99.9140495544
99.9044995049
99.9044995049
99.9044995049
99.9044995049
99.9044995049
99.8807881337
99.8689979491
99.8689979491
99.8544421657
99.8544421657
99.8544421657
99.8544421657
99.8544421657
99.8544421657
99.8544421657
99.8544421657
99.838269073
99.838269073
99.838269073
99.838269073
99.838269073
99.838269073
99.838269073
99.838269073
99.838269073
99.838269073
99.838269073
99.8301968599
99.7898927902
99.7465519572
99.7156235006
99.6888260769
99.6714230111
99.6600606916
99.6517982233
99.6752836401
99.668985402
99.6619919814
99.6544150571
99.6445278962
99.6266349581
99.5990546247
99.5476098076
99.4765946366
99.3908274159
99.3628992597
99.2229064407
99.2647956042
99.026224832
98.6502547569
98.9106868288
98.5161152981
96.3537513573
79.6789087019
63.9306748342
51.4211546027
48.9678131785
42.5344437947
30.1064860051
99.9670117856
99.9679141875
99.9679141875
99.9679141875
99.9679141875
99.9679141875
99.9679141875
99.9618870751
99.9618870751
99.9618870751
99.9618870751
99.9618870751
99.9588901683
99.9543224093
99.9543224093
99.9543224093
99.9543224093
99.9543224093
99.9543224093
99.9543224093
99.9492471214
99.9492471214
99.9492471214
99.9422851353
99.9345495952
99.922644599
99.922644599
99.9140495544
99.9140495544
99.9140495544
99.9140495544
99.9140495544
99.9140495544
99.9044995049
99.9044995049
99.9044995049
99.9044995049
99.9044995049
99.8938883388
99.8938883388
99.8689979491
99.8689979491
99.8544421657
99.8544421657
99.8544421657
99.8544421657
99.8544421657
99.838269073
99.838269073
99.838269073
99.838269073
99.838269073
99.838269073
99.838269073
99.82029897
99.82029897
99.82029897
99.82029897
99.82029897
99.82029897
99.82029897
99.82029897
99.82029897
99.82029897
99.7752254076
99.6823183274
99.6342170249
99.5925773961
99.5637962035
99.5597406385
99.5597406385
99.5597406385
99.5597406385
99.5671817763
99.5785244837
99.6096982721
99.6173769435
99.6098119517
99.599439815
99.5707307417
99.5483998263
99.5386811632
99.384767826
99.2294817596
99.0316365633
98.7641344911
98.4118171681
98.220688008
97.9846897674
91.8194743143
85.2459809085
73.280783403
63.7061477708
56.0507664837
56.0891889639
41.7302186343
99.9703416819
99.9679141875
99.9679141875
99.9679141875
99.9679141875
99.9679141875
99.9652169714
99.9652169714
99.9618870751
99.9618870751
99.9618870751
99.9618870751
99.9543224093
99.9543224093
99.9543224093
99.9543224093
99.9543224093
99.9543224093
99.9492471214
99.9492471214
99.9492471214
99.9492471214
99.9492471214
99.9345495952
99.922644599
99.922644599
99.9140495544
99.9140495544
99.9140495544
99.9140495544
99.9140495544
99.9044995049
99.9044995049
99.9044995049
99.9044995049
99.9044995049
99.8938883388
99.8938883388
99.8689979491
99.8689979491
99.8544421657
99.8544421657
99.8544421657
99.8544421657
99.838269073
99.838269073
99.838269073
99.838269073
99.838269073
99.82029897
99.82029897
99.82029897
99.82029897
99.82029897
99.8003321889
99.8003321889
99.8003321889
99.8003321889
99.7781468766
99.7781468766
99.7534965295
99.7534965295
99.7534965295
99.5709213571
99.4655489235
99.3948524186
99.3740633472
99.2858682193
99.248297198
99.248297198
99.2146404002
99.1610175623
99.200003151
99.2787297252
99.2787297252
99.2787297252
99.3061189997
99.4093210189
99.4315063312
99.4134049625
99.4641066419
99.3954922051
99.3063722806
99.2574326114
99.1211482747
98.8467397273
98.668354839
98.2228540121
97.4214690459
90.5970943799
84.9075850371
82.194929349
75.7445678256
65.3954365131
66.5799525352
53.2926499712
99.9703416819
99.9679141875
99.9679141875
99.9679141875
99.9679141875
99.9652169714
99.9652169714
99.9652169714
99.9618870751
99.9618870751
99.9618870751
99.9543224093
99.9543224093
99.9543224093
99.9543224093
99.9543224093
99.9543224093
99.9492471214
99.9492471214
99.9492471214
99.9492471214
99.9492471214
99.9422851353
99.922644599
99.9140495544
99.9140495544
99.9140495544
99.9140495544
99.9140495544
99.9140495544
99.9044995049
99.9044995049
99.9044995049
99.9044995049
99.9044995049
99.8938883388
99.8820981542
99.8689979491
99.8544421657
99.8544421657
99.8544421657
99.8544421657
99.838269073
99.838269073
99.838269073
99.838269073
99.82029897
99.82029897
99.82029897
99.82029897
99.82029897
99.8003321889
99.8003321889
99.8003321889
99.7781468766
99.7781468766
99.7534965295
99.7534965295
99.726107255
99.726107255
99.726107255
99.4768619755
99.3644198914
99.2144832789
99.1272036432
99.1272036432
99.0302262702
98.9224736336
98.9224736336
98.9224736336
98.8737469227
98.8027484817
98.8027484817
98.8027484817
98.9224736336
98.9224736336
98.9224736336
98.9224736336
99.0302262702
99.0274964357
99.0890887125
99.0933895852
99.0015769165
99.0024787919
98.9644858567
98.9351418209
98.660320285
98.2635733686
97.5587830103
95.2416893237
88.9576972834
85.7712540062
86.7875945531
77.5622934269
75.4618333565
63.3178656599
99.9703416819
99.9679141875
99.9679141875
99.9679141875
99.9679141875
99.9652169714
99.9652169714
99.9652169714
99.9618870751
99.9618870751
99.957319316
99.9543224093
99.9543224093
99.9543224093
99.9543224093
99.9543224093
99.9492471214
99.9492471214
99.9492471214
99.9492471214
99.9492471214
99.9492471214
99.922644599
99.922644599
99.9140495544
99.9140495544
99.9140495544
99.9140495544
99.9044995049
99.9044995049
99.9044995049
99.9044995049
99.9044995049
99.8938883388
99.8938883388
99.8820981542
99.8689979491
99.8544421657
99.8544421657
99.8544421657
99.838269073
99.838269073
99.838269073
99.838269073
99.82029897
99.82029897
99.82029897
99.82029897
99.82029897
99.8003321889
99.8003321889
99.7781468766
99.7781468766
99.7534965295
99.7534965295
99.726107255
99.726107255
99.726107255
99.6956747278
99.5404888299
99.3306059722
99.2144832789
99.1272036432
99.0302262702
98.9224736336
98.8027484817
98.8027484817
98.6697205353
98.6697205353
98.6697205353
98.5219117059
98.5219117059
98.5219117059
98.5219117059
98.5219117059
98.5219117059
98.5219117059
98.6697205353
98.6697205353
98.6697205353
98.8027484817
98.8027484817
98.845602522
98.8156905145
98.7306203657
98.5855620594
98.1636826963
98.1578034927
98.0079992605
97.4555787721
94.7907753122
89.8580256148
89.067182896
90.3559589152
83.6220834084
73.2626877402
99.9703416819
99.9679141875
99.9679141875
99.9679141875
99.9652169714
99.9652169714
99.9652169714
99.9652169714
99.9618870751
99.9618870751
99.957319316
99.9543224093
99.9543224093
99.9492471214
99.9492471214
99.9492471214
99.9492471214
99.9492471214
99.9492471214
99.9492471214
99.9492471214
99.9289103865
99.922644599
99.9140495544
99.9140495544
99.9140495544
99.9140495544
99.9044995049
99.9044995049
99.9044995049
99.9044995049
99.9044995049
99.8938883388
99.8938883388
99.8820981542
99.8689979491
99.8544421657
99.8544421657
99.8544421657
99.838269073
99.838269073
99.838269073
99.838269073
99.82029897
99.82029897
99.82029897
99.82029897
99.8003321889
99.8003321889
99.8003321889
99.7781468766
99.7781468766
99.7534965295
99.7534965295
99.726107255
99.726107255
99.6956747278
99.6956747278
99.3306059722
99.2144832789
99.1272036432
99.0302262702
98.9224736336
98.8027484817
98.6697205353
98.6697205353
98.5219117059
98.3576796732
98.3576796732
98.3576796732
98.1751996369
98.1751996369
98.1751996369
98.1751996369
98.1751996369
98.1751996369
98.1751996369
98.1751996369
98.1751996369
98.3576796732
98.3576796732
98.5219117059
98.5219117059
98.6526002252
98.6015175459
98.4939245934
98.3296426467
98.0254001624
97.647542681
97.4770182196
97.1372557459
96.0181527304
92.0895466697
95.9428617764
91.6134981849
82.3254255427
99.9703416819
99.9679141875
99.9679141875
99.9679141875
99.9652169714
99.9652169714
99.9652169714
99.9652169714
99.9618870751
99.9618870751
99.957319316
99.9543224093
99.9492471214
99.9492471214
99.9492471214
99.9492471214
99.9492471214
99.9492471214
99.9492471214
99.9492471214
99.9422851353
99.922644599
99.9140495544
99.9140495544
99.9140495544
99.9140495544
99.9044995049
99.9044995049
99.9044995049
99.9044995049
99.9044995049
99.8938883388
99.8938883388
99.8820981542
99.8689979491
99.8544421657
99.8544421657
99.838269073
99.838269073
99.838269073
99.838269073
99.82029897
99.82029897
99.82029897
99.82029897
99.8003321889
99.8003321889
99.8003321889
99.7781468766
99.7781468766
99.7534965295
99.7534965295
99.726107255
99.726107255
99.6956747278
99.6956747278
99.6618608086
99.293034951
99.1272036432
99.0302262702
98.9224736336
98.8027484817
98.6697205353
98.5219117059
98.3576796732
98.3576796732
98.1751996369
98.1751996369
97.972444041
97.972444041
97.8283166648
97.7471600455
97.7471600455
97.7471600455
97.7471600455
97.7471600455
97.7471600455
97.7471600455
97.7471600455
97.7471600455
97.972444041
97.972444041
98.1751996369
98.1751996369
98.3561068702
98.3797272
98.2586260233
97.952079398
97.7093226467
97.5684209741
97.2552528345
97.2468973789
96.8339232198
96.8662352598
96.7370097578
88.8432119035
99.9703416819
99.9679141875
99.9679141875
99.9679141875
99.9652169714
99.9652169714
99.9652169714
99.9652169714
99.9618870751
99.957319316
99.957319316
99.9543224093
99.9492471214
99.9492471214
99.9492471214
99.9492471214
99.9492471214
99.9492471214
99.9492471214
99.9492471214
99.9289103865
99.922644599
99.9140495544
99.9140495544
99.9140495544
99.9044995049
99.9044995049
99.9044995049
99.9044995049
99.9044995049
99.8938883388
99.8938883388
99.8820981542
99.8689979491
99.8544421657
99.8544421657
99.838269073
99.838269073
99.838269073
99.838269073
99.82029897
99.82029897
99.82029897
99.82029897
99.8003321889
99.8003321889
99.8003321889
99.7781468766
99.7781468766
99.7534965295
99.7534965295
99.726107255
99.726107255
99.6956747278
99.6956747278
99.5639390797
99.2144832789
99.0302262702
98.9224736336
98.8027484817
98.6697205353
98.5219117059
98.3576796732
98.3576796732
98.1751996369
97.972444041
97.972444041
97.7471600455
97.7471600455
97.496844495
97.496844495
97.496844495
97.496844495
97.2683160283
97.2187161056
97.2187161056
97.2187161056
97.2187161056
97.496844495
97.496844495
97.496844495
97.496844495
97.7471600455
97.7471600455
97.972444041
98.1751996369
98.1021149911
97.9731740598
97.7724323379
97.7908686055
97.3849203844
97.18840946
97.2755133688
96.9332660348
97.3498387617
93.2116906696
99.9744526651
99.9679141875
99.9679141875
99.9679141875
99.9652169714
99.9652169714
99.9652169714
99.9652169714
99.9618870751
99.957319316
99.9543224093
99.9492471214
99.9492471214
99.9492471214
99.9492471214
99.9492471214
99.9492471214
99.9492471214
99.9492471214
99.9436079127
99.922644599
99.9140495544
99.9140495544
99.9140495544
99.9044995049
99.9044995049
99.9044995049
99.9044995049
99.8938883388
99.8938883388
99.8938883388
99.8820981542
99.8689979491
99.8544421657
99.8544421657
99.838269073
99.838269073
99.838269073
99.838269073
99.82029897
99.82029897
99.82029897
99.8003321889
99.8003321889
99.8003321889
99.7781468766
99.7781468766
99.7534965295
99.7534965295
99.726107255
99.726107255
99.6956747278
99.6956747278
99.6618608086
99.5727520353
99.2144832789
99.0302262702
98.9224736336
98.8027484817
98.5219117059
98.3576796732
98.3576796732
98.1751996369
97.972444041
97.7471600455
97.7471600455
97.496844495
97.496844495
97.2187161056
97.2187161056
97.2187161056
97.2187161056
96.9096845617
96.9096845617
96.9096845617
96.9096845617
96.9096845617
96.9096845617
96.9096845617
96.9096845617
97.2187161056
97.2187161056
97.2187161056
97.496844495
97.496844495
97.7471600455
97.745420853
97.7329951197
97.9182119915
97.7599159752
97.6090032946
97.3687505948
97.2426933253
97.478321654
97.0739327766
95.4106005158
99.9744526651
99.9720251706
99.9720251706
99.9679141875
99.9652169714
99.9652169714
99.9652169714
99.9652169714
99.9618870751
99.957319316
99.9543224093
99.9492471214
99.9492471214
99.9492471214
99.9492471214
99.9492471214
99.9492471214
99.9492471214
99.9436079127
99.922644599
99.922644599
99.9140495544
99.9140495544
99.9044995049
99.9044995049
99.9044995049
99.9044995049
99.8938883388
99.8938883388
99.8938883388
99.8820981542
99.8689979491
99.8544421657
99.8544421657
99.838269073
99.838269073
99.838269073
99.82029897
99.82029897
99.82029897
99.82029897
99.8003321889
99.8003321889
99.8003321889
99.7781468766
99.7781468766
99.7534965295
99.7534965295
99.726107255
99.726107255
99.6956747278
99.6956747278
99.6618608086
99.5727520353
99.1272036432
99.0302262702
98.8027484817
98.6697205353
98.5219117059
98.3576796732
98.1751996369
97.972444041
97.7471600455
97.496844495
97.496844495
97.2187161056
97.2187161056
96.9096845617
96.9096845617
96.9096845617
96.9096845617
96.5663161797
96.5663161797
96.5663161797
96.5663161797
96.5663161797
96.5663161797
96.5663161797
96.5663161797
96.5663161797
96.5663161797
96.9096845617
96.9096845617
96.9096845617
97.2187161056
97.2187161056
97.496844495
97.7471600455
97.8258575322
97.6974727826
97.4853469352
97.4861494524
97.1326130795
97.2035350134
97.2844279548
95.8568002703
99.9744526651
99.9757250555
99.9720251706
99.9679141875
99.9652169714
99.9652169714
99.9652169714
99.9652169714
99.9618870751
99.957319316
99.9543224093
99.9492471214
99.9492471214
99.9492471214
99.9492471214
99.9492471214
99.9492471214
99.9436079127
99.9436079127
99.922644599
99.9140495544
99.9140495544
99.9140495544
99.9044995049
99.9044995049
99.9044995049
99.8938883388
99.8938883388
99.8938883388
99.8820981542
99.8689979491
99.8544421657
99.8544421657
99.838269073
99.838269073
99.838269073
99.82029897
99.82029897
99.82029897
99.8003321889
99.8003321889
99.8003321889
99.7781468766
99.7781468766
99.7781468766
99.7534965295
99.7534965295
99.726107255
99.726107255
99.6956747278
99.6956747278
99.6618608086
99.6242897874
99.1272036432
98.9224736336
98.8027484817
98.5219117059
98.3576796732
98.1751996369
97.972444041
97.7471600455
97.496844495
97.2187161056
97.2187161056
96.9096845617
96.9096845617
96.5663161797
96.5663161797
96.5663161797
96.5663161797
96.1847957552
96.1847957552
96.1847957552
96.1847957552
96.1847957552
96.1847957552
96.1847957552
96.1847957552
96.1847957552
96.1847957552
96.1847957552
96.1847957552
96.5663161797
96.5663161797
96.5663161797
96.9096845617
96.9096845617
97.2187161056
97.496844495
97.5939528316
97.3749618794
97.2969164016
97.2734732297
96.9730440355
97.4200738864
95.7256827969
99.9744526651
99.9757250555
99.9757250555
99.9720251706
99.9652169714
99.9652169714
99.9652169714
99.9652169714
99.9618870751
99.957319316
99.9543224093
99.9492471214
99.9492471214
99.9492471214
99.9492471214
99.9492471214
99.9436079127
99.9436079127
99.9303801391
99.922644599
99.9140495544
99.9140495544
99.9044995049
99.9044995049
99.9044995049
99.8938883388
99.8938883388
99.8820981542
99.8820981542
99.8689979491
99.8689979491
99.8544421657
99.8544421657
99.838269073
99.838269073
99.82029897
99.82029897
99.82029897
99.8003321889
99.8003321889
99.8003321889
99.7781468766
99.7781468766
99.7534965295
99.7534965295
99.726107255
99.726107255
99.726107255
99.6956747278
99.6956747278
99.6618608086
99.6242897874
99.1272036432
98.9224736336
98.6697205353
98.5219117059
98.1751996369
97.972444041
97.7471600455
97.2187161056
97.2187161056
96.9096845617
96.5663161797
96.5663161797
96.1847957552
96.1847957552
96.1847957552
96.1847957552
96.1847957552
95.7608841725
95.7608841725
95.7608841725
95.7608841725
95.7608841725
95.7608841725
95.7608841725
95.7608841725
95.7608841725
95.7608841725
95.7608841725
95.7608841725
95.7608841725
96.1847957552
96.1847957552
96.1847957552
96.5663161797
96.5663161797
96.9096845617
97.2187161056
97.3642361941
97.4314672408
97.1828543374
97.2014575951
97.1322870725
97.0820965461
95.6375912868
99.9781525499
99.9757250555
99.9757250555
99.9757250555
99.9693279546
99.9652169714
99.9652169714
99.9652169714
99.957319316
99.9543224093
99.9543224093
99.9492471214
99.9492471214
99.9492471214
99.9492471214
99.9436079127
99.9436079127
99.9373421252
99.922644599
99.9140495544
99.9140495544
99.9140495544
99.9044995049
99.9044995049
99.8938883388
99.8938883388
99.8820981542
99.8820981542
99.8689979491
99.8689979491
99.8544421657
99.8544421657
99.838269073
99.838269073
99.82029897
99.82029897
99.82029897
99.8003321889
99.8003321889
99.7781468766
99.7781468766
99.7781468766
99.7534965295
99.7534965295
99.726107255
99.726107255
99.6956747278
99.6956747278
99.6618608086
99.6618608086
99.6242897874
99.1272036432
98.9224736336
98.6697205353
98.3576796732
97.972444041
97.496844495
97.2187161056
96.5663161797
96.1847957552
96.1847957552
95.7608841725
95.7608841725
95.7608841725
95.7608841725
95.2898713028
95.2898713028
95.2898713028
95.2898713028
95.2898713028
95.2898713028
95.2898713028
95.2898713028
95.2898713028
95.2898713028
95.2898713028
95.2898713028
95.2898713028
95.2898713028
95.2898713028
95.2898713028
95.7608841725
95.7608841725
95.7608841725
95.7608841725
96.1847957552
96.1847957552
96.5663161797
96.5663161797
96.9096845617
97.1523109257
97.2993578374
97.1251295956
97.113196378
96.892410454
95.7815412121
99.9781525499
99.9757250555
99.9757250555
99.9757250555
99.9730278394
99.9693279546
99.9652169714
99.9652169714
99.957319316
99.9543224093
99.9492471214
99.9492471214
99.9492471214
99.9492471214
99.9436079127
99.9436079127
99.9436079127
99.9303801391
99.922644599
99.9140495544
99.9140495544
99.9044995049
99.9044995049
99.8938883388
99.8938883388
99.8820981542
99.8820981542
99.8689979491
99.8689979491
99.8544421657
99.8544421657
99.838269073
99.838269073
99.82029897
99.82029897
99.8003321889
99.8003321889
99.8003321889
99.7781468766
99.7781468766
99.7534965295
99.7534965295
99.7534965295
99.726107255
99.726107255
99.6956747278
99.6956747278
99.6618608086
99.6618608086
99.6242897874
99.1272036432
98.9224736336
98.5219117059
98.1751996369
97.496844495
96.1847957552
94.7665236697
93.5389181108
93.5389181108
93.5389181108
93.5389181108
94.1850262997
94.1850262997
94.1850262997
94.1850262997
94.1850262997
94.7665236697
94.7665236697
94.7665236697
94.7665236697
94.7665236697
94.7665236697
94.7665236697
94.7665236697
94.7665236697
94.7665236697
94.7665236697
94.7665236697
94.7665236697
95.2898713028
95.2898713028
95.2898713028
95.2898713028
95.2898713028
95.2898713028
95.7608841725
95.7608841725
96.1847957552
96.1847957552
96.5663161797
96.9096845617
97.035172535
96.9821193302
96.8696723011
96.7984900032
95.8601808569
99.9781525499
99.9757250555
99.9757250555
99.9757250555
99.9730278394
99.9693279546
99.9652169714
99.9652169714
99.957319316
99.9543224093
99.9492471214
99.9492471214
99.9492471214
99.9492471214
99.9436079127
99.9436079127
99.9373421252
99.922644599
99.922644599
99.9140495544
99.9044995049
99.9044995049
99.9044995049
99.8938883388
99.8938883388
99.8820981542
99.8689979491
99.8689979491
99.8544421657
99.8544421657
99.838269073
99.838269073
99.82029897
99.82029897
99.8003321889
99.8003321889
99.8003321889
99.7781468766
99.7781468766
99.7534965295
99.7534965295
99.726107255
99.726107255
99.726107255
99.6956747278
99.6956747278
99.6618608086
99.6618608086
99.6242897874
99.2144832789
98.8027484817
98.5219117059
97.496844495
90.1522909782
81.4697981115
77.123207545
76.7473848472
77.123207545
77.123207545
79.4108867905
83.3228183003
86.4914828233
89.0581010868
91.1370618803
92.0233556923
92.8210201231
92.8210201231
93.5389181108
93.5389181108
93.5389181108
94.1850262997
94.1850262997
94.1850262997
94.1850262997
94.1850262997
94.1850262997
94.1850262997
94.7665236697
94.7665236697
94.7665236697
94.7665236697
94.7665236697
94.7665236697
94.7665236697
95.2898713028
95.2898713028
95.2898713028
95.7608841725
95.7608841725
96.1847957552
96.5663161797
96.9022500454
97.0727035856
97.02355098
96.7681684519
95.9622392641
99.9781525499
99.9757250555
99.9757250555
99.9757250555
99.9730278394
99.9730278394
99.9693279546
99.9652169714
99.957319316
99.9543224093
99.9492471214
99.9492471214
99.9492471214
99.9436079127
99.9436079127
99.9373421252
99.9303801391
99.922644599
99.9140495544
99.9140495544
99.9044995049
99.9044995049
99.8938883388
99.8938883388
99.8820981542
99.8689979491
99.8689979491
99.8544421657
99.8544421657
99.838269073
99.838269073
99.82029897
99.82029897
99.8003321889
99.8003321889
99.7781468766
99.7781468766
99.7781468766
99.7534965295
99.7534965295
99.726107255
99.726107255
99.6956747278
99.6956747278
99.6956747278
99.6618608086
99.6242897874
99.5825442082
99.293034951
98.8027484817
98.1751996369
77.123207545
65.13215599
61.2579511
56.953279
56.953279
56.953279
61.2579511
61.2579511
65.13215599
68.618940391
71.7570463519
77.123207545
79.4108867905
84.9905364703
87.8423345409
89.0581010868
91.1370618803
91.1370618803
92.0233556923
92.8210201231
92.8210201231
92.8210201231
93.5389181108
93.5389181108
93.5389181108
93.5389181108
94.1850262997
94.1850262997
94.1850262997
94.1850262997
94.1850262997
94.1850262997
94.7665236697
94.7665236697
94.7665236697
94.7665236697
95.2898713028
95.5212893279
95.7608841725
96.1847957552
96.5663161797
97.0709881573
97.1533735158
96.8396569213
95.8096745331
99.9781525499
99.9757250555
99.9757250555
99.9757250555
99.9730278394
99.9730278394
99.9693279546
99.9652169714
99.9543224093
99.9543224093
99.9492471214
99.9492471214
99.9492471214
99.9436079127
99.9373421252
99.9303801391
99.922644599
99.922644599
99.9140495544
99.9044995049
99.9044995049
99.8938883388
99.8938883388
99.8820981542
99.8689979491
99.8689979491
99.8544421657
99.8544421657
99.838269073
99.838269073
99.82029897
99.82029897
99.8003321889
99.8003321889
99.7781468766
99.7781468766
99.7534965295
99.7534965295
99.726107255
99.726107255
99.726107255
99.6956747278
99.6956747278
99.6618608086
99.6618608086
99.6242897874
99.5825442082
99.4846224793
98.8027484817
81.4697981115
56.953279
46.8559
46.8559
46.8559
46.8559
46.8559
46.8559
46.8559
52.17031
52.17031
56.953279
56.953279
61.2579511
65.13215599
71.7480604429
74.5813417167
79.4108867905
83.3228183003
86.4914828233
89.0581010868
90.1522909782
91.1370618803
92.0233556923
92.0233556923
92.0233556923
92.8210201231
92.8210201231
92.8210201231
93.5389181108
93.5389181108
93.5389181108
93.5389181108
93.5389181108
94.1850262997
94.1850262997
94.1850262997
94.7665236697
94.7665236697
95.2898713028
95.2898713028
95.7608841725
96.1847957552
96.9096845617
97.0406223134
96.9298342421
95.6406600252
99.9781525499
99.9757250555
99.9757250555
99.9757250555
99.9730278394
99.9730278394
99.9693279546
99.9618870751
99.9543224093
99.9543224093
99.9492471214
99.9492471214
99.9436079127
99.9436079127
99.9373421252
99.9303801391
99.922644599
99.9140495544
99.9140495544
99.9044995049
99.8938883388
99.8938883388
99.8820981542
99.8689979491
99.8689979491
99.8544421657
99.8544421657
99.838269073
99.82029897
99.82029897
99.82029897
99.8003321889
99.8003321889
99.7781468766
99.7781468766
99.7534965295
99.7534965295
99.726107255
99.726107255
99.6956747278
99.6956747278
99.6618608086
99.6618608086
99.6618608086
99.6242897874
99.5825442082
99.4846224793
98.8027484817
65.13215599
40.951
34.39
34.39
40.951
40.951
40.951
40.951
40.951
40.951
46.8559
46.8559
46.8559
46.8559
52.17031
52.17031
56.953279
61.2579511
65.13215599
68.618940391
74.5813417167
79.4108867905
84.9905364703
86.4914828233
89.0581010868
90.1522909782
91.1370618803
91.1370618803
92.0233556923
92.0233556923
92.0233556923
92.8210201231
92.8210201231
92.8210201231
93.5389181108
93.5389181108
93.5389181108
93.5389181108
94.1850262997
94.1850262997
94.7665236697
95.2898713028
95.2898713028
96.1847957552
96.5663161797
96.9804369415
97.0332862688
95.474462131
99.9781525499
99.9757250555
99.9757250555
99.9757250555
99.9730278394
99.9730278394
99.9693279546
99.9588901683
99.9543224093
99.9543224093
99.9492471214
99.9492471214
99.9436079127
99.9373421252
99.9303801391
99.922644599
99.9140495544
99.9140495544
99.9044995049
99.9044995049
99.8938883388
99.8820981542
99.8689979491
99.8689979491
99.8544421657
99.838269073
99.838269073
99.82029897
99.82029897
99.8003321889
99.8003321889
99.7781468766
99.7781468766
99.7534965295
99.7534965295
99.726107255
99.726107255
99.6956747278
99.6956747278
99.6956747278
99.6618608086
99.6618608086
99.6242897874
99.6242897874
99.5825442082
99.4846224793
98.8027484817
52.17031
17.1
9
27.1
34.39
34.39
40.951
40.951
40.951
40.951
40.951
40.951
40.951
40.951
40.951
40.951
46.8559
46.8559
46.8559
52.17031
56.953279
61.2579511
65.13215599
71.7570463519
77.123207545
81.4697981115
84.9905364703
87.8423345409
89.0581010868
90.1522909782
91.0638778285
91.1370618803
91.1370618803
92.0233556923
92.0233556923
92.8210201231
92.8210201231
92.8210201231
93.5389181108
93.5389181108
94.1850262997
94.1850262997
94.7665236697
95.2898713028
95.7608841725
96.1847957552
96.9050654043
97.0048646686
95.3915117095
99.9781525499
99.9757250555
99.9757250555
99.9757250555
99.9730278394
99.9730278394
99.9693279546
99.9588901683
99.9543224093
99.9543224093
99.9492471214
99.9492471214
99.9436079127
99.9373421252
99.9303801391
99.922644599
99.9140495544
99.9044995049
99.9044995049
99.8938883388
99.8820981542
99.8689979491
99.8689979491
99.8544421657
99.838269073
99.838269073
99.82029897
99.82029897
99.8003321889
99.8003321889
99.7781468766
99.7534965295
99.7534965295
99.726107255
99.726107255
99.6956747278
99.6956747278
99.6956747278
99.6618608086
99.6618608086
99.6242897874
99.6242897874
99.5825442082
99.5361602313
99.4846224793
98.9224736336
46.8559
0
0
10
27.1
34.39
34.39
40.951
40.951
40.951
40.951
40.951
40.951
40.951
40.951
40.951
40.951
40.951
40.951
40.951
40.951
46.8559
46.8559
52.17031
56.953279
61.2579511
68.618940391
74.5813417167
79.4108867905
83.3228183003
86.4914828233
87.8423345409
89.0581010868
90.1522909782
91.1370618803
91.1370618803
91.1370618803
92.0233556923
92.0233556923
92.8210201231
92.8210201231
93.5389181108
93.5389181108
94.1850262997
94.7665236697
95.2898713028
95.7608841725
96.5663161797
96.8773782824
95.4796297991
99.9781525499
99.9757250555
99.9757250555
99.9757250555
99.9730278394
99.9730278394
99.9588901683
99.9588901683
99.9543224093
99.9492471214
99.9492471214
99.9436079127
99.9373421252
99.9303801391
99.922644599
99.9140495544
99.9044995049
99.9044995049
99.8938883388
99.8820981542
99.8689979491
99.8689979491
99.8544421657
99.838269073
99.838269073
99.82029897
99.8003321889
99.8003321889
99.7781468766
99.7781468766
99.7534965295
99.7534965295
99.726107255
99.726107255
99.6956747278
99.6956747278
99.6618608086
99.6618608086
99.6242897874
99.6242897874
99.5825442082
99.5825442082
99.5361602313
99.4273583103
98.9224736336
56.953279
0
0
0
10
34.39
40.951
40.951
46.8559
46.8559
46.8559
46.8559
46.8559
46.8559
46.8559
40.951
40.951
40.951
40.951
40.951
34.39
34.39
34.39
40.951
40.951
40.951
46.8559
52.17031
58.4609116128
65.13215599
74.5813417167
79.4108867905
83.3228183003
86.4914828233
87.8423345409
89.0581010868
90.1522909782
90.1522909782
91.1370618803
91.1370618803
92.0233556923
92.0233556923
92.8210201231
93.5389181108
93.5389181108
94.1850262997
94.7665236697
95.7608841725
96.1847957552
96.6915277477
95.7273798563
99.9781525499
99.9757250555
99.9757250555
99.9757250555
99.9730278394
99.9730278394
99.9588901683
99.9543224093
99.9543224093
99.9492471214
99.9492471214
99.9436079127
99.9303801391
99.922644599
99.9140495544
99.9140495544
99.9044995049
99.8938883388
99.8820981542
99.8689979491
99.8689979491
99.8544421657
99.838269073
99.82029897
99.82029897
99.8003321889
99.7781468766
99.7781468766
99.7534965295
99.7534965295
99.726107255
99.6956747278
99.6956747278
99.6618608086
99.6618608086
99.6618608086
99.6242897874
99.6242897874
99.5825442082
99.5361602313
99.5361602313
99.4846224793
99.4273583103
99.0302262702
74.5813417167
19
0
0
0
19
34.39
46.8559
47.7353664123
52.17031
52.17031
56.953279
52.17031
52.17031
52.17031
46.8559
46.8559
46.8559
40.951
40.951
39.8950897916
34.39
34.39
34.39
34.39
34.39
34.39
34.39
40.951
40.951
52.17031
56.953279
65.13215599
74.5813417167
79.4108867905
83.3228183003
86.4914828233
87.8423345409
89.0581010868
89.0581010868
90.1522909782
91.1370618803
91.1370618803
92.0233556923
92.8210201231
92.8210201231
93.5389181108
94.3261431057
95.2898713028
95.7608841725
96.6937850866
96.123027013
99.9781525499
99.9757250555
99.9757250555
99.9757250555
99.9730278394
99.9730278394
99.9588901683
99.9543224093
99.9543224093
99.9492471214
99.9436079127
99.9373421252
99.9303801391
99.9140495544
99.9140495544
99.9044995049
99.8938883388
99.8820981542
99.8689979491
99.8544421657
99.838269073
99.838269073
99.82029897
99.8003321889
99.8003321889
99.7781468766
99.7534965295
99.7534965295
99.726107255
99.6956747278
99.6956747278
99.6618608086
99.6618608086
99.6242897874
99.6242897874
99.5825442082
99.5825442082
99.5361602313
99.5361602313
99.4846224793
99.4273583103
99.3637314559
99.0302262702
95.2898713028
40.951
0
0
0
0
27.1
46.8559
52.17031
61.2579511
61.2579511
65.13215599
65.13215599
65.13215599
61.2579511
61.2579511
56.953279
52.17031
52.17031
46.8559
40.951
40.951
34.39
34.39
34.39
27.1
27.1
27.1
27.1
27.1
27.1
34.39
40.951
46.8559
56.953279
68.618940391
74.5813417167
79.4108867905
83.3228183003
86.4914828233
87.8423345409
89.0581010868
89.0581010868
90.1522909782
91.1370618803
92.0233556923
92.8210201231
93.5389181108
94.1850262997
94.7665236697
95.7608841725
96.5872514873
96.2602352323
99.9781525499
99.9757250555
99.9757250555
99.9757250555
99.9730278394
99.9663310479
99.9588901683
99.9543224093
99.9492471214
99.9436079127
99.9373421252
99.9303801391
99.9140495544
99.9140495544
99.9044995049
99.8938883388
99.8820981542
99.8689979491
99.8544421657
99.838269073
99.82029897
99.8003321889
99.8003321889
99.7781468766
99.7534965295
99.7534965295
99.726107255
99.6956747278
99.6956747278
99.6618608086
99.6618608086
99.6242897874
99.5825442082
99.5825442082
99.5361602313
99.5361602313
99.4846224793
99.4846224793
99.4273583103
99.3637314559
99.293034951
99.0302262702
98.1751996369
71.7570463519
19
0
0
0
0
40.951
56.953279
65.13215599
68.618940391
71.7570463519
74.5813417167
74.5813417167
74.5813417167
71.7570463519
68.618940391
65.13215599
61.2579511
56.953279
52.17031
52.17031
46.8559
40.951
34.39
34.39
27.1
27.1
27.1
19
19
19
19
27.1
34.39
40.951
52.17031
61.2579511
71.7570463519
77.123207545
81.4697981115
84.9905364703
86.4914828233
87.8423345409
89.0581010868
90.1522909782
91.1370618803
92.0233556923
92.8210201231
93.5389181108
94.1850262997
95.2898713028
96.2057310628
96.2042244832
99.9781525499
99.9757250555
99.9757250555
99.9757250555
99.9730278394
99.9588901683
99.9543224093
99.9492471214
99.9492471214
99.9373421252
99.9303801391
99.9140495544
99.9044995049
99.8938883388
99.8820981542
99.8689979491
99.8544421657
99.838269073
99.838269073
99.82029897
99.8003321889
99.7781468766
99.7534965295
99.726107255
99.726107255
99.6956747278
99.6618608086
99.6618608086
99.6242897874
99.6242897874
99.5825442082
99.5825442082
99.5361602313
99.4846224793
99.4846224793
99.4273583103
99.4273583103
99.3637314559
99.293034951
99.2144832789
98.9224736336
98.3576796732
94.1850262997
52.17031
0
0
0
0
0
52.17031
68.618940391
74.5813417167
79.4108867905
81.4697981115
83.3228183003
83.3228183003
83.3228183003
81.4697981115
79.4108867905
77.123207545
71.7570463519
68.618940391
65.13215599
56.953279
52.17031
46.8559
40.951
40.951
34.39
27.1
27.1
19
19
10
10
10
19
27.1
34.39
46.8559
56.953279
68.618940391
74.5813417167
79.4108867905
83.3228183003
84.9905364703
87.8423345409
89.0581010868
90.1522909782
91.1370618803
92.0233556923
92.8210201231
94.1850262997
94.7665236697
96.2057310628
96.0885857161
99.9781525499
99.9757250555
99.9757250555
99.9730278394
99.9693279546
99.9588901683
99.9543224093
99.9492471214
99.9373421252
99.922644599
99.9140495544
99.9044995049
99.8938883388
99.8820981542
99.8544421657
99.838269073
99.82029897
99.8003321889
99.8003321889
99.7781468766
99.7534965295
99.726107255
99.6956747278
99.6956747278
99.6618608086
99.6242897874
99.6242897874
99.5825442082
99.5825442082
99.5361602313
99.4846224793
99.4846224793
99.4273583103
99.4273583103
99.3637314559
99.293034951
99.2144832789
99.2144832789
99.0302262702
98.9224736336
98.5219117059
97.2187161056
86.4914828233
34.39
0
0
0
0
27.1
65.13215599
77.123207545
81.4697981115
84.9905364703
87.8423345409
89.0581010868
89.0581010868
89.0581010868
89.0581010868
87.8423345409
84.9905364703
83.2439397979
64.0208867905
49.1463630849
34.228940391
26.8679511
29.853279
33.17031
27.8559
30.951
34.39
27.1
19
19
10
10
0
0
0
10
27.1
40.951
52.17031
65.13215599
71.7570463519
77.123207545
81.4697981115
84.9905364703
86.4914828233
87.9473186848
90.1522909782
91.1370618803
92.0233556923
93.5389181108
94.7665236697
95.7732244355
96.0458115846
99.9781525499
99.9757250555
99.9757250555
99.9693279546
99.9588901683
99.9492471214
99.9436079127
99.922644599
99.9044995049
99.8938883388
99.8689979491
99.82029897
99.6618608086
99.6071945553
99.6345838298
99.6403660099
99.726107255
99.6956747278
99.6956747278
99.6956747278
99.6618608086
99.6618608086
99.6242897874
99.5825442082
99.5825442082
99.5361602313
99.5361602313
99.4846224793
99.4273583103
99.4273583103
99.3637314559
99.3637314559
99.293034951
99.2144832789
99.2144832789
99.1272036432
99.0302262702
98.9224736336
98.6697205353
98.3576796732
97.7471600455
95.2898713028
77.123207545
27.1
0
0
0
0
46.8559
74.5813417167
83.3228183003
87.8423345409
90.1522909782
92.0233556923
92.8210201231
92.8210201231
92.8210201231
92.8210201231
92.0233556923
91.1370618803
89.5408373476
63.4523345409
43.9878616472
38.4598867905
40.1913417167
34.228940391
30.6351169908
29.853279
27.8559
21.951
24.39
17.1
19
10
0
0
0
0
0
0
19
34.39
52.17031
61.2579511
71.7570463519
77.123207545
81.4697981115
84.9905364703
86.4914828233
89.0581010868
90.1522909782
92.0233556923
92.8210201231
94.1850262997
95.3022115657
95.8555972077
99.9781525499
99.9757250555
99.9679141875
99.9396248831
0
0
0
0
0
0
0
0
0
0
0
0
0
0
0
0
0
0
61.2579511
90.1522909782
95.2898713028
97.496844495
99.0814553324
99.293034951
99.2144832789
99.2144832789
99.2144832789
99.1272036432
99.0302262702
99.0302262702
98.9224736336
98.8027484817
98.6697205353
98.5219117059
98.1751996369
97.7471600455
96.5663161797
92.0233556923
71.7570463519
19
0
0
0
0
65.13215599
83.3228183003
89.0581010868
92.0233556923
94.1850262997
94.7665236697
95.2898713028
95.2898713028
95.7608841725
95.2898713028
95.2898713028
94.7665236697
91.1159050093
58.4310201231
55.7622909782
53.4523345409
48.9328183003
42.733207545
37.3670463519
30.74215599
29.853279
25.07031
21.951
24.39
17.1
10
0
0
0
0
0
0
0
10
34.39
46.8559
61.2579511
71.7570463519
77.123207545
81.4697981115
84.9905364703
86.4914828233
89.0581010868
91.1370618803
92.0233556923
94.1850262997
95.3022115657
95.8378362875
0.00902401915001
0.00299690672878
0
0
0
0
0
0
0
0
0
0
0
0
0
0
0
0
0
0
0
0
0
0
0
0
0
0
0
71.7570463519
90.1522909782
94.7665236697
96.9096845617
98.3576796732
98.3576796732
98.3576796732
98.1751996369
97.7471600455
97.2187161056
96.1847957552
94.1850262997
89.0581010868
68.618940391
10
0
0
0
19
79.4108867905
90.1522909782
94.1850262997
95.7608841725
96.9096845617
97.2187161056
97.496844495
97.496844495
97.496844495
97.2187161056
96.9096845617
96.9096845617
96.1847957552
68.6608841725
59.7950262997
58.4310201231
55.7622909782
52.1014828233
47.0797981115
35.5248571012
34.228940391
26.8679511
25.07031
27.8559
24.39
17.1
0
0
0
0
0
0
0
0
0
33.2753088697
52.17031
61.2579511
71.7570463519
77.123207545
81.4697981115
84.9905364703
87.8423345409
90.1522909782
92.0233556923
93.5389181108
94.7788639327
95.2630460165
0
0
0
0
0
0
0
0
0
0
0
0
0
0
0
0
0
0
0
0
0
0
0
0
0
0
0
0
0
0
0
0
0
0
77.123207545
89.0581010868
92.8210201231
94.1850262997
94.7665236697
93.5389181108
90.1522909782
83.3228183003
65.13215599
10
0
0
0
68.618940391
93.5389181108
96.9096845617
98.8027484817
99.0302262702
99.0302262702
99.0302262702
99.0302262702
99.0302262702
99.0302262702
98.9224736336
98.9224736336
98.8027484817
98.4669649394
70.5610765277
69.4663161797
61.3708841725
59.7950262997
57.6333556923
54.6681010868
48.9328183003
42.733207545
37.3670463519
35.2192586403
29.853279
27.8559
24.39
9
0
0
0
0
0
0
0
0
0
34.39
52.17031
65.13215599
71.7570463519
79.4108867905
83.3228183003
86.4914828233
89.0581010868
91.1370618803
92.8210201231
94.7788639327
94.9356381808
0
0
0
0
0
0
0
0
0
0
0
0
0
0
0
0
0
0
0
0
0
0
0
0
0
0
0
0
0
0
0
0
0
0
0
0
0
0
77.123207545
83.3228183003
83.3228183003
77.123207545
56.953279
10
0
0
19.3335051857
99.4273583103
99.4846224793
99.5361602313
99.5361602313
99.5361602313
99.5825442082
99.5825442082
99.5361602313
99.4273583103
99.3637314559
99.3637314559
99.293034951
99.293034951
99.2144832789
76.046519933
71.7824735459
71.4017823303
63.7900572854
63.9706035025
62.8317509099
58.3590864789
52.1014828233
45.3660985879
40.1913417167
31.5533095635
29.853279
27.8559
24.39
1.52155608448
0
0
0
0
0
0
0
0
0
40.951
56.953279
68.618940391
74.5813417167
79.3965376776
83.8374062036
87.8423345409
90.1522909782
92.3193385016
94.1918340006
93.8528492807
0
0
0
0
0
0
0
0
0
0
0
0
0
0
0
0
0
0
0
0
0
0
0
0
0
0
0
0
0
0
0
0
0
0
0
0
0
0
0
0
0
52.17031
40.951
0.262808680772
0.757637775027
2.57493791753
99.4846224793
99.5361602313
99.5825442082
99.5825442082
99.5825442082
99.6242897874
99.6242897874
99.6242897874
99.6242897874
99.6242897874
99.6242897874
99.6242897874
99.5825442082
99.4846224793
99.4273583103
79.7925969295
71.1679677401
71.0015798415
70.9336394131
69.4782260466
64.6402262702
64.4127484817
61.0549981911
53.4523345409
47.0797981115
40.1913417167
41.518940391
29.853279
27.8559
24.39
0
0
0
0
0
0
0
0
0
19
46.8559
61.2579511
71.1777179858
75.4428066938
80.1043476899
86.2882689418
89.0581010868
92.0233556923
94.1481208115
93.6286000924
0
0
0
0
0
0
0
0
0
0
0
0
0
0
0
0
0
0
0
0
0
0
0
0
0
0
0
0
0
0
0
0
0
0
0
0
0
0
0
0
0
0
0.490286469241
1.45491426934
18.0148243678
99.5361602313
99.5361602313
99.5825442082
99.5825442082
99.6242897874
99.6242897874
99.6618608086
99.6618608086
99.6618608086
99.6618608086
99.6618608086
99.6618608086
99.6618608086
99.6618608086
99.6618608086
99.6618608086
80.5825442082
74.3814940493
70.8763538806
71.0162192784
71.7702864004
72.1144832789
71.0624406894
69.6822435751
61.8108068553
56.267827899
48.9476003538
44.8717404871
38.03215599
37.953279
23.9687391212
17.1
0
0
0
0
0
0
0
0
0
34.39
52.17031
63.5267908414
71.1556183313
75.6506275608
82.8867024715
86.6822475498
90.9317921787
93.3190157598
93.6121903122
0
0
0
0
0
0
0
0
0
0
0
0
0
0
0
0
0
0
0
0
0
0
0
0
0
0
0
0
0
0
0
0
0
0
0
0
0
0
0
0
0
0
0
2.69650439863
27.7275761274
99.5361602313
99.5825442082
99.6242897874
99.6242897874
99.6618608086
99.6618608086
99.6618608086
99.6618608086
99.6956747278
99.6956747278
99.6956747278
99.6956747278
99.6956747278
99.6956747278
99.6956747278
99.6956747278
83.0547160907
80.6618608086
72.5242897874
72.3439109171
72.3273583103
72.2637314559
71.2918259678
70.1257457148
71.5697205353
64.0370618803
59.3914828233
54.1328685507
47.4813417167
38.03215599
33.17031
24.39
0
0
0
0
0
0
0
0
0
0
42.2605890269
60.2591532513
67.5110319486
71.5825489752
79.163083117
85.5801206461
90.1734794365
92.8470621373
90.5625621936
0
0
0
0
0
0
0
0
0
0
0
0
0
0
0
0
0
0
0
0
0
0
0
0
0
0
0
0
0
0
0
0
0
0
0
0
0
0
0
0
0
0
0
0
0
2.17288391794
10.5244431214
99.6242897874
99.6618608086
99.6618608086
99.6956747278
99.6956747278
99.6956747278
99.6956747278
99.726107255
99.726107255
99.726107255
99.726107255
99.726107255
99.726107255
99.726107255
89.6956747278
80.6956747278
80.6956747278
72.5618608086
72.4361602313
72.3273583103
71.5786581324
69.9860617587
71.7027484817
67.6665236697
63.0522909782
57.8905364703
52.3108867905
44.6570463519
41.5584978488
27.8559
8.1
0
0
0
0
0
0
0
0
0
34.39
56.601070914
64.6104598229
67.6225279276
75.3703242851
82.1455306141
87.7488434786
90.6069850034
89.4563655077
0
0
0
0
0
0
0
0
0
0
0
0
0
0
0
0
0
0
0
0
0
0
0
0
0
0
0
0
0
0
0
0
0
0
0
0
0
0
0
0
0
0
0
0
0
0
0
0.533198364615
6.12294269787
29.9307005734
99.6956747278
99.6956747278
99.726107255
99.726107255
99.726107255
99.726107255
99.726107255
99.726107255
99.726107255
99.726107255
99.726107255
89.726107255
80.726107255
80.726107255
77.1252554168
72.5956747278
72.5618608086
72.2982766863
69.9014863915
71.3305143542
69.0847957552
65.7210201231
60.7423345409
56.2228183003
47.4813417167
41.518940391
37.953279
24.39
0
0
0
0
0
0
0
0
0
5.99361468034
46.8559
61.3101730263
67.7039866883
71.6689137151
78.6520010364
86.7671051074
89.7209196342
88.5848573683
0
0
0
0
0
0
0
0
0
0
0
0
0
0
0
0
0
0
0
0
0
0
0
0
0
0
0
0
0
0
0
0
0
0
0
0
0
0
0
0
0
0
0
0
0
0
0
0
0.0793166004407
2.06450687346
6.18718914423
48.468156155
99.726107255
99.726107255
99.7534965295
99.7534965295
99.7534965295
99.7534965295
99.7534965295
99.7534965295
99.7534965295
89.7534965295
84.6964647828
80.726107255
80.726107255
73.3779461314
72.5956747278
72.5956747278
70.0019596659
70.0348253478
69.8096845617
67.0850262997
63.0522909782
57.8905364703
52.3108867905
44.6570463519
42.2579511
36.8559
0
0
0
0
0
0
0
0
0
0
40.951
58.245420039
64.496882696
71.2912337027
77.8413073105
83.1072702063
89.0442666993
88.411630479
0
0
0
0
0
0
0
0
0
0
0
0
0
0
0
0
0
0
0
0
0
0
0
0
0
0
0
0
0
0
0
0
0
0
0
0
0
0
0
0
0
0
0
0
0
0
0
0
0
0.0713849403966
0.959470993681
3.1597910753
10.6953954427
99.7534965295
99.7534965295
99.7534965295
99.7534965295
99.7534965295
99.7534965295
99.7534965295
99.7534965295
89.7534965295
89.7534965295
80.7534965295
80.7534965295
80.726107255
73.7396402818
72.626107255
71.162240356
70.0311101401
70.1187161056
67.6665236697
64.9233556923
60.7423345409
54.3697981115
47.4813417167
39.0587369907
35.9187488114
17.1
0
0
0
0
0
0
0
0
0
34.39
54.6410863355
60.862870471
67.6920625573
73.960483001
82.0027464171
88.1981148587
88.0587086702
0
0
0
0
0
0
0
0
0
0
0
0
0
0
0
0
0
0
0
0
0
0
0
0
0
0
0
0
0
0
0
0
0
0
0
0
0
0
0
0
0
0
0
0
0
0
0
0
0
0
0.0642464463569
0.170952321297
2.2566520345
5.56847022981
28.0211005247
99.7781468766
99.7781468766
99.7781468766
99.7781468766
99.7781468766
99.7781468766
99.6514241923
89.7781468766
80.7534965295
80.7534965295
80.7534965295
80.7534965295
78.4407479219
72.2948524186
70.8699692448
70.396844495
68.1898713028
65.7210201231
61.9581010868
56.2228183003
47.4813417167
38.03215599
33.17031
17.1
0
0
0
0
0
0
0
0
0
19.2276426639
50.229753957
61.7383211945
67.9452773832
73.5903247024
81.4936204433
85.2236627424
88.0717671616
0
0
0
0
0
0
0
0
0
0
0
0
0
0
0
0
0
0
0
0
0
0
0
0
0
0
0
0
0
0
0
0
0
0
0
0
0
0
0
0
0
0
0
0
0
0
0
0
0
0
0
0.0916357208565
0.153857089167
1.75416508353
4.01726270408
13.2866640533
99.8003321889
99.8003321889
99.8003321889
99.8003321889
99.7781468766
99.7781468766
89.7781468766
89.7781468766
80.7781468766
80.7117509503
80.6653669735
80.5762582001
80.3572813973
75.1070188494
70.603996315
68.6608841725
66.1197796467
61.9581010868
57.8905364703
50.023207545
41.518940391
37.953279
24.39
0
0
0
0
0
0
0
0
0
0
50.90437565
58.1131641636
68.3112493808
73.5531205353
81.167447846
85.1201221762
88.2921374461
0
0
0
0
0
0
0
0
0
0
0
0
0
0
0
0
0
0
0
0
0
0
0
0
0
0
0
0
0
0
0
0
0
0
0
0
0
0
0
0
0
0
0
0
0
0
0
0
0
0
0
0.0246503470496
0.0824721487708
0.138471380251
1.48546524392
3.23401600919
7.77697649659
89.8003321889
99.8003321889
99.8003321889
99.8003321889
99.8003321889
89.8003321889
89.7210155885
83.5396447976
80.6524462992
80.6524462992
80.5524104782
80.3846706718
80.1218619911
78.8114064919
74.2042338074
66.9945119459
63.0522909782
57.8905364703
50.023207545
41.518940391
37.953279
24.39
0
0
0
0
0
0
0
0
0
0
45.2657579597
58.8941214092
68.3933195198
73.3449365441
80.8312063789
85.1295438327
88.6372194337
0
0
0
0
0
0
0
0
0
0
0
0
0
0
0
0
0
0
0
0
0
0
0
0
0
0
0
0
0
0
0
0
0
0
0
0
0
0
0
0
0
0
0
0
0
0
0
0
0
0
0
0
0.0468356593942
0.0742249338937
0.314504557079
1.28313801928
2.522266264
5.07142557406
72.72029897
99.82029897
99.7289472485
99.7289472485
89.6872016693
89.6872016693
89.6872016693
80.6408176925
80.567094628
80.5098304591
80.2969554276
80.0880480719
78.8049818472
76.7913166997
74.5389181108
71.1522909782
62.3099871833
50.023207545
41.518940391
37.953279
17.602841544
0
0
0
0
0
0
0
0
0
0
44.5749689644
59.094123002
68.5016853987
73.1826983436
80.4376824021
87.3803241805
88.8099782579
0
0
0
0
0
0
0
0
0
0
0
0
0
0
0
0
0
0
0
0
0
0
0
0
0
0
0
0
0
0
0
0
0
0
0
0
0
0
0
0
0
0
0
0
0
0
0
0
0
0
0
0
0.0468356593942
0.0468356593942
0.0468356593942
0.503148303154
1.31905625004
2.22163700738
3.95759732991
72.6560525237
99.7184815024
99.7184815024
89.7184815024
89.6985147213
89.6567691421
89.6103851652
80.5588474132
80.3450745725
80.2665229004
80.0822658918
78.5242337695
76.8187059742
74.5389181108
71.1522909782
65.9905364703
58.123207545
48.7356828361
37.953279
8.1
0
0
0
0
0
0
0
0
0
0
43.5809233521
59.350732831
68.4285508441
72.6128927685
79.7595250117
86.7555715985
91.136351318
0
0
0
0
0
0
0
0
0
0
0
0
0
0
0
0
0
0
0
0
0
0
0
0
0
0
0
0
0
0
0
0
0
0
0
0
0
0
0
0
0
0
0
0
0
0
0
0
0
0
0
0
0.0221853123446
0.0468356593942
0.0668024405044
0.0668024405044
0.52214300552
1.33341255472
1.98150320365
2.81897868742
80.7286632492
99.7286632492
89.6910922279
89.6910922279
89.6493466487
89.6293798676
89.3185831072
89.2613189383
80.1740393026
79.9745132551
78.5488841166
76.788273447
74.5663073853
71.1522909782
64.3228183003
58.123207545
49.618940391
37.2742488813
0
0
0
0
0
0
0
0
0
0
0
42.0213150391
59.5783219906
68.0800243893
71.8863510856
78.949178912
85.9757529134
91.2779438245
0
0
0
0
0
0
0
0
0
0
0
0
0
0
0
0
0
0
0
0
0
0
0
0
0
0
0
0
0
0
0
0
0
0
0
0
0
0
0
0
0
0
0
0
0
0
0
0
0
0
0
0
0
0
0.0221853123446
0.0668024405044
0.0668024405044
0.660865957678
1.37098357598
1.7562192082
16.9991241998
89.7286632492
89.6910922279
89.6910922279
89.6246963017
89.1811802847
89.0723783637
89.1740393026
89.0770619296
88.5687473653
87.2433664526
77.5161613669
73.8484093976
70.0581010868
64.3228183003
55.5813417167
46.13215599
42.17031
0
0
0
0
0
0
0
0
0
0
0
32.5745928061
62.9661297994
67.788689282
74.5811552793
79.1338492444
85.4327460366
92.1832973917
0
0
0
0
0
0
0
0
0
0
0
0
0
0
0
0
0
0
0
0
0
0
0
0
0
0
0
0
0
0
0
0
0
0
0
0
0
0
0
0
0
0
0
0
0
0
0
0
0
0
0
0
0
0
0
0.0221853123446
0.0468356593942
0.0941917150039
0.688255232178
1.16918052203
1.51589259103
47.5583532492
88.7442197382
88.5116822786
88.1233980555
88.2173517303
88.3998317666
88.5640637993
88.5440970182
87.9946293533
86.9565202211
85.3145216498
82.8456704701
77.8423345409
68.6228296628
52.7570463519
42.2579511
36.8559
0
0
0
0
0
0
0
0
0
0
0
19.1786320276
63.3428417871
70.7538847254
74.0051769479
80.7528632773
86.9759924051
92.3046610072
0
0
0
0
0
0
0
0
0
0
0
0
0
0
0
0
0
0
0
0
0
0
0
0
0
0
0
0
0
0
0
0
0
0
0
0
0
0
0
0
0
0
0
0
0
0
0
0
0
0
0
0
0
0
0
0
0
0.0916357208565
0.217787980691
0.605815691136
2.91506138852
12.6262369122
70.2077418386
90.7967325267
96.538430917
96.9518366552
97.5389965885
90.6640797653
87.789312139
87.5389965885
86.5885014921
84.7887089821
82.0233556923
76.5161331703
69.4108867905
53.7185001956
37.953279
33.5058707572
0
0
0
0
0
0
0
0
0
0
0
0
60.77285603
69.8539605035
73.3798968142
80.0680894075
86.2580309446
91.7173203564
0
0
0
0
0
0
0
0
0
0
0
0
0
0
0
0
0
0
0
0
0
0
0
0
0
0
0
0
0
0
0
0
0
0
0
0
0
0
0
0
0
0
0
0
0
0
0
0
0
0
0
0
0
0
0
0
0
0
0.170952321297
0.268874050236
2.18749019186
8.91958430711
31.8978447543
86.6131518391
94.8086757632
93.5810702042
93.5810702042
96.9518366552
96.9518366552
96.9518366552
89.9717881617
84.207211612
81.1592471927
74.9905364703
64.5813417167
55.13215599
42.17031
0
0
0
0
0
0
0
0
0
0
0
0
0
51.316391599
68.3165226564
72.7934791772
76.5889245502
83.2653844229
91.029029073
0
0
0
0
0
0
0
0
0
0
0
0
0
0
0
0
0
0
0
0
0
0
0
0
0
0
0
0
0
0
0
0
0
0
0
0
0
0
0
0
0
0
0
0
0
0
0
0
0
0
0
0
0
0
0
0
0
0
0
0.113130519576
0.241484775737
6.50064426614
14.9323339419
69.2140024973
94.1850262997
92.8210201231
92.8210201231
93.5588848919
96.2047625363
96.2047625363
95.3098380839
93.5675245567
89.1002531803
74.6505122334
61.7570463519
51.2579511
40.951
0
0
0
0
0
0
0
0
0
0
0
0
0
34.4116003966
65.6081716592
69.123625763
74.349739999
79.6033400744
88.4892645563
0
0
0
0
0
0
0
0
0
0
0
0
0
0
0
0
0
0
0
0
0
0
0
0
0
0
0
0
0
0
0
0
0
0
0
0
0
0
0
0
0
0
0
0
0
0
0
0
0
0
0
0
0
0
0
0
0
0
0
0
0
3.97397128475
10.510387081
38.9207356921
90.8090542788
91.1370618803
92.0233556923
92.8210201231
94.7665236697
95.3098380839
94.7864904508
92.8409869042
86.5114496044
77.1431743261
55.13215599
46.8395324067
14.2478040951
0
0
0
0
0
0
0
0
0
0
24.5617785047
11.2279135894
7.10745644009
21.6505539847
43.6281809554
63.1416504314
65.8698494913
70.5101765511
81.108105367
0
0
0
0
0
0
0
0
0
0
0
0
0
0
0
0
0
0
0
0
0
0
0
0
0
0
0
0
0
0
0
0
0
0
0
0
0
0
0
0
0
0
0
0
0
0
0
0
0
0
0
0
0
0
0
0
0
0
0
0
0
0
7.83048365278
13.2967255582
89.7579984337
90.3111857206
92.0233556923
92.0233556923
93.5389181108
94.1850262997
93.5389181108
91.1570286615
81.4897648926
71.777013133
56.9732457811
34.39
0
0
0
0
0
0
0
0
0
0
0
40.951
56.953279
10
10
19
33.6959004727
46.5255887524
52.4325725199
58.207950159
0
0
0
0
0
0
0
0
0
0
0
0
0
0
0
0
0
0
0
0
0
0
0
0
0
0
0
0
0
0
0
0
0
0
0
0
0
0
0
0
0
0
0
0
0
0
0
0
0
0
0
0
0
0
0
0
0
0
0
0
0
0
0
10.5535575808
74.5389181108
92.9799148655
95.2898713028
94.1850262997
92.8210201231
93.5389181108
92.0233556923
84.9905364703
74.5813417167
61.2779178811
40.9709667811
0
0
0
0
0
0
0
0
0
0
0
0
56.953279
65.13215599
23.3582406886
10
19
19
22.7346011747
30.7143373371
28.2684589136
0
0
0
0
0
0
0
0
0
0
0
0
0
0
0
0
0
0
0
0
0
0
0
0
0
0
0
0
0
0
0
0
0
0
0
0
0
0
0
0
0
0
0
0
0
0
0
0
0
0
0
0
0
0
0
0
0
0
0
0
0
0
0
10.7414041876
64.9233556923
93.5389181108
95.7981858671
96.1466749085
94.5967610968
92.0233556923
86.4914828233
77.123207545
61.2579511
46.8559
0.0199667811102
0
0
0
0
0
0
0
0
0
0
0
0
65.13215599
71.7570463519
54.3791589824
19
19
19
20.6421815015
24.308821391
14.2798846517
0
0
0
0
0
0
0
0
0
0
0
0
0
0
0
0
0
0
0
0
0
0
0
0
0
0
0
0
0
0
0
0
0
0
0
0
0
0
0
0
0
0
0
0
0
0
0
0
0
0
0
0
0
0
0
0
0
0
0
0
0
0
0
1.66771816997
43.2963909782
92.8210201231
95.2898713028
96.4334307695
94.9712536793
86.4914828233
77.123207545
65.13215599
46.8559
0
0
0.0179701029991
0
0
0
0
0
0
0
0
0
0
0
71.8363629523
81.69867852
78.2280511354
27.1
19
19
22.116137557
25.3920791947
16.3447007667
0
0
0
0
0
0
0
0
0
0
0
0
0
0
0
0
0
0
0
0
0
0
0
0
0
0
0
0
0
0
0
0
0
0
0
0
0
0
0
0
0
0
0
0
0
0
0
0
0
0
0
0
0
0
0
0
0
0
0
0
0
0
0
0
32.1048220868
91.1370618803
93.5389181108
95.2898713028
90.1209446126
79.4108867905
65.13215599
46.8559
0
0
0
0.0179701029991
0.0179701029991
0
0
0
0
0
0
0
0.0273892744995
0.0578218017212
56.6033940794
79.9882246799
86.6428101853
77.4811386074
27.1
27.1
23.655344569
26.1018322324
27.1
20.113079292
0
0
0
0
0
0
0
0
0
0
0
0
0
0
0
0
0
0
0
0
0
0
0
0
0
0
0
0
0
0
0
0
0
0
0
0
0
0
0
0
0
0
0
0
0
0
0
0
0
0
0
0
0
0
0
0
0
0
0
0
0
0
0
0
32.8202264703
90.1522909782
92.0233556923
92.8210201231
83.8917038145
71.7570463519
46.8559
0
0
0
0
0
0.0179701029991
0
0
0
0
0.0221853123446
0.0221853123446
0.0468356593942
0.0520396215491
0.116286067906
75.2407941107
91.925296511
89.6551942388
79.4108867905
29.4885673569
27.1
27.1
27.1
27.1
21.4176139034
0
0
0
0
0
0
0
0
0
0
0
0
0
0
0
0
0
0
0
0
0
0
0
0
0
0
0
0
0
0
0
0
0
0
0
0
0
0
0
0
0
0
0
0
0
0
0
0
0
0
0
0
0
0
0
0
0
0
0
0
0
0
0
0
32.5549867905
87.8423345409
90.1522909782
91.1370618803
75.9380675033
52.17031
0
0
0
0
0
0
0
0.0161730926992
0.0179701029991
0.0179701029991
0.0199667811102
0.0421520934548
0.0421520934548
0.0468356593942
0.0742249338937
62.2698863043
90.1256384032
99.3895409961
83.4359488199
79.4108867905
28.5513335455
27.1
27.1
27.1
27.1
22.1362544049
0
0
0
0
0
0
0
0
0
0
0
0
0
0
0
0
0
0
0
0
0
0
0
0
0
0
0
0
0
0
0
0
0
0
0
0
0
0
0
0
0
0
0
0
0
0
0
0
0
0
0
0
0
0
0
0
0
0
0
0
0
0
0
0
30.74215599
83.3228183003
87.8423345409
80.5538339328
62.1150335079
0
0
0
0
0
0
0
0
0.0161730926992
0.0161730926992
0.0179701029991
0.0179701029991
0.0199667811102
0.0421520934548
0.0668024405044
19.52131454
87.5302027628
91.7646097036
85.1197432124
83.0323594444
74.944733776
27.1
27.1
27.1
27.1
27.1
23.0834418514
0
0
0
0
0
0
0
0
0
0
0
0
0
0
0
0
0
0
0
0
0
0
0
0
0
0
0
0
0
0
0
0
0
0
0
0
0
0
0
0
0
0
0
0
0
0
0
0
0
0
0
0
0
0
0
0
0
0
0
0
0
0
0
0
0
77.123207545
83.3228183003
70.0428524323
14.5195162406
0
0
0
0
0
0
0
0
0.0161730926992
0.0161730926992
0.0161730926992
0.0179701029991
0.0379368841093
0.0421520934548
13.0583703282
81.2590025089
85.4168708839
85.1068225382
83.3806401021
81.4697981115
65.8993738581
27.1
27.1
27.1
27.1
29.7773136315
29.6163246457
0
0
0
0
0
0
0
0
0
0
0
0
0
0
0
0
0
0
0
0
0
0
0
0
0
0
0
0
0
0
0
0
0
0
0
0
0
0
0
0
0
0
0
0
0
0
0
0
0
0
0
0
0
0
0
0
0
0
0
0
0
0
0
0
0
65.13215599
79.4108867905
18.1906623103
0
0
0
0
0
0
0
0
0
0.0161730926992
0.0161730926992
0.0161730926992
0.0341431956984
0.0379368841093
11.7257835875
79.477689231
85.0573389108
85.0647614042
85.0425760918
83.3228183003
81.4697981115
40.6363136368
27.1
27.1
27.1
31.6176149865
52.8936592431
59.3549762563
0
0
0
0
0
0
0
0
0
0
0
0
0
0
0
0
0
0
0
0
0
0
0
0
0
0
0
0
0
0
0
0
0
0
0
0
0
0
0
0
0
0
0
0
0
0
0
0
0
0
0
0
0
0
0
0
0
0
0
0
0
0
0
0
0
40.951
68.618940391
9.44918572671
0
0
0
0
0
0
0
0
0
0
0.0161730926992
0.0466056199209
0.135960663317
16.5027403678
77.1833297415
83.3896207408
86.5582852638
86.5383184827
84.9905364703
83.3228183003
80.0562059287
27.1
27.1
27.1
36.3292680704
81.135270858
98.8991824045
99.5573241859
0.00902401915001
0
0
0
0
0
0
0
0
0
0
0
0
0
0
0
0
0
0
0
0
0
0
0
0
0
0
0
0
0
0
0
0
0
0
0
0
0
0
0
0
0
0
0
0
0
0
0
0
0
0
0
0
0
0
0
0
0
0
0
0
0
0
0
0
0
0
0
0
0
0
0
0
0
0
0
0
0.0520396215491
0.0885506778498
0.0885506778498
25.4036888837
74.6154849124
81.5299203079
86.5516050197
87.8844866344
86.4914828233
86.4914828233
84.9905364703
34.305531978
27.1
29.4861695378
78.3934063638
97.6099750146
99.6281782876
99.6204810923
99.7787844062
99.9781525499
99.9757250555
0.0520633473559
0
0
0
0
0
0
0
0
0
0
0
0
0
0
0
0
0
0
0
0
0
0
0
0
0
0
0
0
0
0
0
0
0
0
0
0
0
0
0
0
0
0
0
0
0
0
0
0
0
0
0
0
0
0
0
0
0
0
0
0
0
0
0
0
0
0
0
0
0
0
0
0
0
0
0.104657461115
18.4116660601
66.0782524256
74.5975148094
79.4450299862
85.0284733544
87.8844866344
87.8645198533
87.8423345409
86.4914828233
77.8088059494
35.4751157997
49.3361165227
96.3232671355
99.7781468766
99.7534965295
99.726107255
99.7336116119
99.8259567699
99.9781525499
99.9757250555
99.9757250555
99.9618870751
0.22313986639
0
0
0
0
0
0
0
0
0
0
0
0
0
0
0
0
0
0
0
0
0
0
0
0
0
0
0
0
0
0
0
0
0
0
0
0
0
0
0
0
0
0
0
0
0
0
0
0
0
0
0
0
0
0
0
0
0
0
0
0
0
0
0
0
0
0
0
0
0
0
29.853279
51.2579511
65.2747503352
65.418336265
67.4411933569
74.4947352068
83.356961496
86.5294197074
87.8623013221
89.0581010868
90.1522909782
91.1370618803
94.1850262997
97.6394388402
99.82029897
99.82029897
99.8003321889
99.7781468766
99.7534965295
99.8076065063
99.8533460444
99.9781525499
99.9781525499
99.9757250555
99.9693279546
99.9543224093
99.9492471214
0.340100390778
0
0
0
0
0
0
0
0
0
0
0
0
0
0
0
0
0
0
0
0
0
0
0
0
0
0
0
0
0
0
0
0
0
0
0
0
0
0
0
0
0
0
0
0
0
0
0
0
0
0
0
0
0
0
0
0
0
0
0
0
0
0
0
0
0
34.39
52.17031
61.2579511
65.13215599
68.618940391
71.949627709
71.7920034705
74.2653826417
81.6398282933
85.0425760918
89.1002531803
95.3566737433
96.9764870022
98.044030376
99.2384463076
99.8544421657
99.8544421657
99.838269073
99.838269073
99.82029897
99.8003321889
99.8003321889
99.8122900723
99.9000381474
99.9781525499
99.9781525499
99.9757250555
99.9757250555
99.9618870751
43.0010434093
99.9492471214
99.9303801391
0.242638696273
0
0
0
0
0
0
0
0
0
0
0
0
0
0
0
0
0
0
0
0
0
0
0
0
0
0
0
0
0
0
0
0
0
0
0
0
0
0
0
0
0
0
0
0
0
0
0
0
0
0
0
0
0
0
0
0
0
0
0
0
0
0
19
46.8559
56.953279
65.13215599
68.618940391
71.8512380669
74.811494095
77.3679157068
79.6973405315
83.6926379868
95.5409007324
98.9814654673
99.82029897
99.82029897
99.8689979491
99.8689979491
99.8544421657
99.8544421657
99.8544421657
99.838269073
99.838269073
99.82029897
99.82029897
99.8344753846
99.9284245615
99.9781525499
99.9781525499
99.9757250555
99.9757250555
99.9693279546
31.3399497773
31.3353820183
20.5383603309
34.790488609
12.062164964
0.100945636203
0
0
0
0
0
0
0
0
0
0
0
0
0
0
0
0
0
0
0
0
0
0
0
0
0
0
0
0
0
0
0
0
0
0
0
0
0
0
0
0
0
0
0
0
0
0
0
0
0
0
0
0
0
0
0
0
0
0
0
0
10
46.8559
61.2579511
65.13215599
68.618940391
71.9158137898
74.8260498785
79.6555949523
83.6092720413
97.8812199649
99.1618705927
99.838269073
99.8544421657
99.8689979491
99.8689979491
99.8689979491
99.8689979491
99.8689979491
99.8544421657
99.8544421657
99.838269073
99.838269073
99.838269073
99.8746033813
99.9194075308
99.9781525499
99.9781525499
99.9757250555
99.9757250555
43.0160489546
25.3775484516
22.8311148642
18.4794490099
18.4738098012
16.5998262987
20.4936127144
0.575962998151
0
0
0
0
0
0
0
0
0
0
0
0
0
0
0
0
0
0
0
0
0
0
0
0
0
0
0
0
0
0
0
0
0
0
0
0
0
0
0
0
0
0
0
0
0
0
0
0
0
0
0
0
0
0
0
0
0
0
0
0
40.951
56.953279
65.13215599
68.618940391
74.7739230738
77.3810159119
87.4703108988
98.271997987
99.0425604717
99.8689979491
99.8820981542
99.8820981542
99.8820981542
99.8820981542
99.8820981542
99.8689979491
99.8689979491
99.8689979491
99.8544421657
99.8544421657
99.838269073
99.838269073
99.8746033813
99.9292621373
99.9781525499
99.9781525499
99.9757250555
38.7177739555
25.3879862379
18.4920889636
16.6315041089
14.963785939
14.9587106511
12.0880455981
10.8559484676
16.5816812046
5.10247427941
0
0
0
0
0
0
0
0
0
0
0
0
0
0
0
0
0
0
0
0
0
0
0
0
0
0
0
0
0
0
0
0
0
0
0
0
0
0
0
0
0
0
0
0
0
0
0
0
0
0
0
0
0
0
0
0
0
0
0
34.39
56.953279
65.13215599
71.7570463519
74.8260498785
96.8241245465
98.6272782246
99.1247037785
99.701174523
99.9044995049
99.9044995049
99.9044995049
99.8938883388
99.8820981542
99.8820981542
99.8689979491
99.8689979491
99.8689979491
99.8689979491
99.8544421657
99.8544421657
99.8544421657
99.8746033813
99.9087658653
62.8301828783
34.8435690655
28.2186787036
20.564838265
17.1910013571
14.9713506048
13.4674073451
12.1119878683
10.8911460345
10.8792410383
9.77035362082
10.8559484676
13.4130166817
12.0121076248
0.153857089167
0
0
0
0
0
0
0
0
0
0
0
0
0
0
0
0
0
0
0
0
0
0
0
0
0
0
0
0
0
0
0
0
0
0
0
0
0
0
0
0
0
0
0
0
0
0
0
0
0
0
0
0
0
0
0
0
0
27.1
56.953279
65.13215599
71.7570463519
99.4722916457
99.1545011637
99.4074133607
99.6695523222
99.9140495544
99.9140495544
99.9140495544
99.9044995049
99.9044995049
99.8938883388
99.8820981542
99.8820981542
99.8689979491
99.8689979491
99.8689979491
99.8689979491
99.8689979491
99.8689979491
99.8977542093
99.9140913404
20.5672657594
18.505926944
16.6529067552
14.9851885852
13.4805423474
12.0801181581
10.9007890815
9.80203143109
9.79695614323
8.80654603231
8.79331825874
9.77035362082
9.76175857626
12.0515537979
14.8639056954
0.268874050236
0
0
0
0
0
0
0
0
0
0
0
0
0
0
0
0
0
0
0
0
0
0
0
0
0
0
0
0
0
0
0
0
0
0
0
0
0
0
0
0
0
0
0
0
0
0
0
0
0
0
0
0
0
0
0
0
27.1
52.17031
65.13215599
89.2151954668
99.6969568617
99.6063701522
99.6534912229
99.8529701217
99.9140495544
99.9140495544
99.9140495544
99.9044995049
99.9044995049
99.9044995049
99.8938883388
99.8820981542
99.8820981542
99.8689979491
99.8689979491
99.8689979491
99.8689979491
99.8689979491
99.9023219684
99.9154013609
13.4866697267
13.4842422322
12.1333905146
10.9176239686
9.81973419248
8.82482519471
8.82182828798
7.93096671694
7.92589142908
7.92589142908
7.90702444677
7.89928890667
8.78558271864
9.76175857626
13.390615331
31.219328682
0.362375799118
0
0
0
0
0
0
0
0
0
0
0
0
0
0
0
0
0
0
0
0
0
0
0
0
0
0
0
0
0
0
0
0
0
0
0
0
0
0
0
0
0
0
0
0
0
0
0
0
0
0
0
0
0
0
0
27.1
56.953279
73.1815563219
99.8820981542
99.7075680278
99.7171180773
99.8161278255
99.9140495544
99.9140495544
99.9140495544
99.9140495544
99.9140495544
99.9044995049
99.9044995049
99.9044995049
99.8938883388
99.8820981542
99.8820981542
99.8820981542
99.8820981542
99.8820981542
99.8927093203
99.9186173135
99.9187498812
9.82586157178
9.82343407733
8.83866317515
8.8349632903
7.94866947833
7.23420423356
7.14086695198
7.13330228617
6.41540429848
6.41032901062
6.3984240144
7.10936001601
7.1016244759
7.89928890667
10.8463984181
99.8689979491
99.82029897
0.331943271897
0
0
0
0
0
0
0
0
0
0
0
0
0
0
0
0
0
0
0
0
0
0
0
0
0
0
0
0
0
0
0
0
0
0
0
0
0
0
0
0
0
0
0
0
0
0
0
0
0
0
0
0
0
0
34.39
61.4708261314
99.6618608086
99.8938883388
99.736811225
99.8188078024
99.922644599
99.922644599
99.922644599
99.9140495544
99.9140495544
99.9140495544
99.9140495544
99.9140495544
99.9140495544
99.9140495544
99.9034383883
99.9034383883
99.9120334329
99.922644599
99.922644599
99.922644599
99.9141425519
99.9217524791
7.43867292855
7.15100504757
7.15100504757
7.15100504757
6.42977716351
6.42296896428
5.77686077536
5.76929610956
5.76929610956
5.7642208217
5.75858161296
5.75231582548
6.39710123705
7.1200745126
10.204575006
99.8995275475
99.8600813744
99.8003321889
0
0
0
0
0
0
0
0
0
0
0
0
0
0
0
0
0
0
0
0
0
0
0
0
0
0
0
0
0
0
0
0
0
0
0
0
0
0
0
0
0
0
0
0
0
0
0
0
0
0
0
0
0
0
40.951
99.5825442082
99.7534965295
99.9140495544
99.7969440217
99.922644599
99.922644599
99.922644599
99.922644599
99.9140495544
99.9140495544
99.9140495544
99.9140495544
99.9140495544
99.9140495544
99.9140495544
99.922644599
99.922644599
99.922644599
99.922644599
99.922644599
99.922644599
99.921878092
99.911141313
6.27431570945
5.78699887095
5.78699887095
5.78366897459
5.77955799142
5.19536340533
5.19536340533
5.18779873953
4.6644511065
4.65937581864
4.65937581864
5.18272345167
5.18779873953
5.76929610956
8.81029854282
99.9310298385
99.8928126508
99.8439082817
89.7534965295
0
0
0
0
0
0
0
0
0
0
0
0
0
0
0
0
0
0
0
0
0
0
0
0
0
0
0
0
0
0
0
0
0
0
0
0
0
0
0
0
0
0
0
0
0
0
0
0
0
0
0
0
10
99.4273583103
99.6618608086
99.8938883388
99.922644599
99.922644599
99.9303801391
99.9303801391
99.9303801391
99.922644599
99.922644599
99.9140495544
99.9140495544
99.9140495544
99.9140495544
99.9140495544
99.922644599
99.922644599
99.922644599
99.922644599
99.922644599
99.9303801391
99.9303801391
99.921878092
99.9217524791
5.20459909901
5.20550150092
5.20217160455
4.67882397153
4.67471298836
4.6720157723
4.20100290258
4.19343823678
4.19343823678
4.18836294892
4.18836294892
4.19343823678
4.6644511065
5.18779873953
7.36699228357
99.9543224093
99.9396248831
99.8859782332
99.8259381787
52.8397747278
0
0
0
0
0
0
0
0
0
0
0
0
0
0
0
0
0
0
0
0
0
0
0
0
0
0
0
0
0
0
0
0
0
0
0
0
0
0
0
0
0
0
0
0
0
0
0
0
0
0
0
96.9096845617
99.5361602313
99.7534965295
99.9140495544
99.922644599
99.9303801391
99.9303801391
99.9303801391
99.9303801391
99.9303801391
99.922644599
99.922644599
99.9140495544
99.9140495544
99.9140495544
99.922644599
99.922644599
99.922644599
99.9303801391
99.9303801391
99.9303801391
99.9303801391
99.9349478982
99.9398209931
99.9294880192
4.21023859625
4.2078111018
4.2078111018
4.2078111018
4.20370011864
3.77709131983
3.7740944131
3.76952665402
3.76952665402
3.76445136616
3.76952665402
3.76952665402
3.76952665402
4.19343823678
5.76929610956
99.9543224093
99.9543224093
99.9543224093
99.9147344934
99.7983080922
25.3714186735
0
0
0
0
0
0
0
0
0
0
0
0
0
0
0
0
0
0
0
0
0
0
0
0
0
0
0
0
0
0
0
0
0
0
0
0
0
0
0
0
0
0
0
0
0
0
0
0
0
52.17031
99.293034951
99.6618608086
99.82029897
99.922644599
99.9303801391
99.9373421252
99.9373421252
99.9373421252
99.9373421252
99.9373421252
99.9303801391
99.9354554269
99.9277198868
99.9277198868
99.9277198868
99.9277198868
99.9354554269
99.9354554269
99.9354554269
99.9303801391
99.9303801391
99.9349478982
99.940023186
99.9405871069
99.95063002
3.7863270135
3.78389951905
3.78389951905
3.78389951905
3.4892172396
3.39557089535
3.39257398862
3.38800622955
3.04463784752
3.04463784752
3.04463784752
3.04463784752
3.39257398862
3.39257398862
4.31712416713
99.9543224093
99.9543224093
99.9543224093
99.9543224093
99.9360193478
99.727626128
7.44753676181
0
0
0
0
0
0
0
0
0
0
0
0
0
0
0
0
0
0
0
0
0
0
0
0
0
0
0
0
0
0
0
0
0
0
0
0
0
0
0
0
0
0
0
0
0
0
0
0
97.2187161056
99.4846224793
99.7534965295
99.9140495544
99.9303801391
99.9373421252
99.9373421252
99.9436079127
99.9492471214
99.9492471214
99.9543224093
99.9480566218
99.9410946357
99.9354554269
99.9354554269
99.940023186
99.940023186
99.940023186
99.940023186
99.940023186
99.940023186
99.940023186
99.940023186
99.940023186
99.9390588813
99.95063002
3.40480658902
3.40237909457
3.40237909457
3.3220653537
3.05220251332
3.05220251332
3.04920560659
2.84919365195
2.73560630369
2.73560630369
2.73560630369
2.74017406277
2.74017406277
3.04920560659
3.39257398862
53.0984224093
99.9543224093
99.9543224093
99.9543224093
99.9543224093
99.9303801391
99.6144956084
0
0
0
0
0
0
0
0
0
0
0
0
0
0
0
0
0
0
0
0
0
0
0
0
0
0
0
0
0
0
0
0
0
0
0
0
0
0
0
0
0
0
0
0
0
0
0
27.1
99.0302262702
99.6242897874
99.8003321889
99.922644599
99.9373421252
99.9436079127
99.9492471214
99.9492471214
99.9543224093
99.9543224093
99.9543224093
99.9543224093
99.9543224093
99.9526243808
99.9526243808
99.9526243808
99.9469851721
99.940023186
99.940023186
99.940023186
99.940023186
99.940023186
99.940023186
99.940023186
99.9390588813
99.95063002
3.06143820699
3.05901071254
3.05901071254
2.83769815924
2.7431709695
2.74017406277
2.74017406277
2.45747791425
2.45747791425
2.45747791425
2.46204567332
2.46204567332
2.46204567332
2.46204567332
2.74017406277
16.636071868
99.9543224093
99.9543224093
99.9543224093
99.9543224093
99.9492471214
99.922644599
99.0302262702
0
0
0
0
0
0
0
0
0
0
0
0
0
0
0
0
0
0
0
0
0
0
0
0
0
0
0
0
0
0
0
0
0
0
0
0
0
0
0
0
0
0
0
0
0
0
77.123207545
99.293034951
99.7534965295
99.838269073
99.9303801391
99.9492471214
99.9543224093
99.9543224093
99.9543224093
99.9543224093
99.9543224093
99.9588901683
99.9588901683
99.9588901683
99.9588901683
99.9588901683
99.9588901683
99.9526243808
99.9526243808
99.9469851721
99.9469851721
99.9469851721
99.940023186
99.940023186
99.940023186
99.9390588813
99.9525167183
2.75240666317
2.74997916872
2.74997916872
2.57879115447
2.46504258005
2.46204567332
2.46204567332
2.20716236375
2.20716236375
2.21173012282
2.21173012282
1.98644612737
1.98644612737
1.98644612737
2.21173012282
4.28522271232
99.9588901683
99.9543224093
99.9543224093
99.9543224093
99.9492471214
99.9303801391
99.9140495544
41.2219206369
0
0
0
0
0
0
0
0
0
0
0
0
0
0
0
0
0
0
0
0
0
0
0
0
0
0
0
0
0
0
0
0
0
0
0
0
0
0
0
0
0
0
0
0
0
98.3576796732
99.5361602313
99.8003321889
99.9140495544
99.9492471214
99.9543224093
99.9543224093
99.9570196253
99.9615873844
99.9615873844
99.9615873844
99.9615873844
99.9615873844
99.9588901683
99.9588901683
99.9588901683
99.9588901683
99.9588901683
99.9526243808
99.9526243808
99.9526243808
99.9469851721
99.9469851721
99.9469851721
99.9510961553
99.940130331
99.9525167183
2.47427827372
2.47185077927
2.47185077927
2.43994586723
2.21472702955
2.21173012282
2.21173012282
2.07993525174
1.98644612737
1.98644612737
1.90110653021
1.78369053147
1.78369053147
1.78369053147
1.78369053147
1.98644612737
72.8588901683
99.9543224093
99.9543224093
99.9543224093
99.9543224093
99.9373421252
99.922644599
99.8938883388
5.42925429936
0
0
0
0
0
0
0
0
0
0
0
0
0
0
0
0
0
0
0
0
0
0
0
0
0
0
0
0
0
0
0
0
0
0
0
0
0
0
0
0
0
0
0
0
98.9224736336
99.726107255
99.838269073
99.9360193478
99.9543224093
99.9615873844
99.9615873844
99.9615873844
99.9615873844
99.9615873844
99.9615873844
99.9615873844
99.9615873844
99.9615873844
99.9615873844
99.9588901683
99.9588901683
99.9588901683
99.9588901683
99.9588901683
99.9526243808
99.9526243808
99.9469851721
99.9469851721
99.9510961553
99.9470923171
99.9525167183
2.22396272323
2.22153522878
2.22153522878
2.22153522878
2.17767788184
1.98644612737
1.98644612737
1.98644612737
1.78369053147
1.78369053147
1.78369053147
1.60121049516
1.60121049516
1.60121049516
1.58053318775
1.60121049516
14.2428431748
99.9588901683
99.9543224093
99.9543224093
99.9543224093
99.9543224093
99.9303801391
99.9140495544
99.8544421657
0
0
0
0
0
0
0
0
0
0
0
0
0
0
0
0
0
0
0
0
0
0
0
0
0
0
0
0
0
0
0
0
0
0
0
0
0
0
0
0
0
0
0
40.951
99.3637314559
99.7781468766
99.9140495544
99.9543224093
99.9615873844
99.9615873844
99.9615873844
99.9615873844
99.9615873844
99.9615873844
99.9615873844
99.9615873844
99.9615873844
99.9615873844
99.9615873844
99.9615873844
99.9615873844
99.9588901683
99.9588901683
99.9588901683
99.9588901683
99.9526243808
99.9526243808
99.9510961553
99.9510961553
99.9470923171
99.9468775095
2.11000219813
2.07624380547
2.0071686498
1.99625123333
1.98644612737
1.98644612737
1.78369053147
1.78369053147
1.78369053147
1.60121049516
1.60121049516
1.43697846247
1.43697846247
1.28916963306
1.28916963306
1.28916963306
1.562227972
72.8615873844
99.9615873844
99.9615873844
99.9570196253
99.9543224093
99.9492471214
99.922644599
99.8938883388
46.9421106572
0
0
0
0
0
0
0
0
0
0
0
0
0
0
0
0
0
0
0
0
0
0
0
0
0
0
0
0
0
0
0
0
0
0
0
0
0
0
0
0
0
0
97.7471600455
99.6242897874
99.8689979491
99.9570196253
99.9615873844
99.9615873844
99.9615873844
99.9615873844
99.9615873844
99.9615873844
99.9615873844
99.9615873844
99.9615873844
99.9615873844
99.9615873844
99.9615873844
99.9615873844
99.9615873844
99.9615873844
99.9615873844
99.9588901683
99.9588901683
99.9588901683
99.956735364
99.956735364
99.9460208674
99.9444500151
99.9481498999
1.9941109687
1.99625123333
1.99625123333
1.9427290581
1.8093400064
1.78369053147
1.78369053147
1.60314511098
1.58651296896
1.50183344569
1.43697846247
1.28916963306
1.28916963306
1.15614168659
1.03641653476
1.03911375082
1.15883890264
13.4701045611
99.9615873844
99.9615873844
99.9615873844
99.9615873844
99.9570196253
99.9422851353
99.9140495544
99.8689979491
0
0
0
0
0
0
0
0
0
0
0
0
0
0
0
0
0
0
0
0
0
0
0
0
0
0
0
0
0
0
0
0
0
0
0
0
0
0
0
0
0
0
98.8027484817
99.8003321889
99.9179112176
99.9615873844
99.9615873844
99.9615873844
99.9615873844
99.9656983676
99.9656983676
99.9615873844
99.9615873844
99.9615873844
99.9615873844
99.9615873844
99.9615873844
99.9615873844
99.9615873844
99.9615873844
99.9615873844
99.9615873844
99.9615873844
99.9588901683
99.9630011515
99.9630011515
99.956735364
99.9516600762
99.9444500151
99.9481498999
1.8918617091
1.87648438826
1.8224350266
1.78653365133
1.77672854538
1.74582162565
1.58651296896
1.58651296896
1.43683697406
1.43001647638
1.28916963306
1.24328853432
1.15614168659
1.03911375082
0.931361114173
0.834383741194
0.85882853388
1.15883890264
31.3426469934
80.9615873844
99.9615873844
99.9615873844
99.9615873844
99.9570196253
99.9309810238
99.8938883388
99.838269073
0
0
0
0
0
0
0
0
0
0
0
0
0
0
0
0
0
0
0
0
0
0
0
0
0
0
0
0
0
0
0
0
0
0
0
0
0
0
0
0
0
99.4273583103
99.8716951652
99.9615873844
99.9615873844
99.9656983676
99.9686952743
99.9686952743
99.9656983676
99.9656983676
99.9656983676
99.9656983676
99.9656983676
99.9656983676
99.9615873844
99.9615873844
99.9615873844
99.9615873844
99.9615873844
99.9615873844
99.9615873844
99.9615873844
99.9615873844
99.9615873844
99.9630011515
99.956735364
99.9516600762
99.9455343476
99.9481498999
1.82474307052
1.78196589226
1.77423035215
1.76023354838
1.69013113953
1.58651296896
1.58194520989
1.45404645877
1.41263788935
1.26482905993
1.27713235911
1.15883890264
1.03911375082
0.931361114173
0.747104105513
0.6685524334
0.6685524334
0.834383741194
6.03840497712
25.3802456677
47.7912773844
80.9615873844
99.9615873844
99.9615873844
99.9570196253
99.925341815
99.8689979491
0
0
0
0
0
0
0
0
0
0
0
0
0
0
0
0
0
0
0
0
0
0
0
0
0
0
0
0
0
0
0
0
0
0
0
0
0
0
0
0
96.1847957552
99.7808440926
99.9337270546
99.9645842911
99.9686952743
99.9711227687
99.9711227687
99.9711227687
99.9711227687
99.968125862
99.968125862
99.968125862
99.9656983676
99.9656983676
99.9656983676
99.9656983676
99.9615873844
99.9615873844
99.9615873844
99.9615873844
99.9615873844
99.9615873844
99.9615873844
99.9656983676
99.9656983676
99.9630011515
99.9516600762
99.9525167183
99.9481498999
1.78135007124
1.74937749958
1.72377395811
1.68019901068
1.60404886847
1.58875340911
1.49321221965
1.4153351054
1.33400153396
1.26752627599
1.13906608859
1.02605653391
0.924399128082
0.827421755103
0.661590447309
0.515951379044
0.476964905117
0.597855928499
0.970713984349
7.01595284621
14.3055231128
23.7847902418
34.8324283011
53.1086842911
80.9615873844
99.9570196253
99.9167467705
99.838269073
0
0
0
0
0
0
0
0
0
0
0
0
0
0
0
0
0
0
0
0
0
0
0
0
0
0
0
0
0
0
0
0
0
0
0
0
0
0
0
98.6724177513
99.8746920719
99.9645842911
99.9670117856
99.9711227687
99.9711227687
99.9711227687
99.9711227687
99.9711227687
99.9711227687
99.9711227687
99.968125862
99.968125862
99.968125862
99.968125862
99.9656983676
99.9656983676
99.9656983676
99.9656983676
99.9656983676
99.9615873844
99.9615873844
99.9656983676
99.9656983676
99.9656983676
99.9656983676
99.9579258636
99.9525167183
99.9481498999
1.78287192431
1.72124488253
1.6944953097
1.64947203807
1.59175031584
1.53051692767
1.41944608857
1.3996887487
1.26752627599
1.20629236946
1.13449832951
1.01307514928
0.905322512637
0.813420427519
0.585190231065
0.228518143289
0.265912656602
0.407384268694
0.6685524334
1.38622380165
3.40237909457
5.78366897459
8.83163339393
12.1263607333
16.6417659908
22.8413767461
53.1011196253
53.0608467705
0
0
0
0
0
0
0
0
0
0
0
0
0
0
0
0
0
0
0
0
0
0
0
0
0
0
0
0
0
0
0
0
0
0
0
0
0
0
0
99.7591906523
99.960016532
99.9670117856
99.9711227687
99.9711227687
99.9711227687
99.9711227687
99.9711227687
99.9711227687
99.9711227687
99.9711227687
99.9711227687
99.968125862
99.968125862
99.968125862
99.968125862
99.968125862
99.968125862
99.9656983676
99.9656983676
99.9656983676
99.968125862
99.968125862
99.968125862
99.968125862
99.968125862
99.968125862
99.9633502648
99.9468892042
1.84254730037
1.75815397902
1.69157036415
1.65076050566
1.55047837808
1.47588582024
1.41620131666
1.33417383898
1.26752627599
1.13449832951
1.0809863632
1.01307514928
0.905322512637
0.808345139659
0.687292456017
0.144607868593
0.057087879465
0.0611988626321
0.071810028752
0.0772344299311
0.31317706811
0.564986064094
0.856123955016
1.61344309556
2.22396272323
3.06143820699
3.40069560586
2.73058592988
6.33577396115
0
0
0
0
0
0
0
0
0
0
0
0
0
0
0
0
0
0
0
0
0
0
0
0
0
0
0
0
0
0
0
0
0
0
0
0
0
94.1907204225
99.9394041582
99.9703416819
99.9744526651
99.9781525499
99.9781525499
99.9781525499
99.9711227687
99.9711227687
99.9711227687
99.9711227687
99.9711227687
99.9711227687
99.968125862
99.968125862
99.968125862
99.968125862
99.968125862
99.968125862
99.968125862
99.968125862
99.968125862
99.968125862
99.968125862
99.968125862
99.968125862
99.968125862
99.968125862
99.9684255527
99.9577988366
2.08259953283
1.86010683663
1.73377764652
1.62876829698
1.53073331147
1.46137184097
1.39710048412
1.28927160761
1.25474193489
1.1323435252
1.02614758934
1.00605551633
0.894057834248
0.790054772128
0.680194435792
0.462386509726
0.0611988626321
0.0636263570824
0.0666232638112
0.0772344299311
0.0772344299311
0.0890246145089
0.116680603025
0.136183592089
0.177820361049
0.316291741299
0.39560834174
0.547094354799
4.1879094663
3.21752481963
0
0
0
0
0
0
0
0
0
0
0
0
0
0
0
0
0
0
0
0
0
0
0
0
0
0
0
0
0
0
0
0
0
0
0
0.00569412278469
99.9135235241
99.9694738077
99.9781525499
99.9781525499
99.9781525499
99.9781525499
99.9781525499
99.9781525499
99.9748226536
99.9711227687
99.9711227687
99.9711227687
99.9711227687
99.968125862
99.968125862
99.968125862
99.968125862
99.968125862
99.968125862
99.968125862
99.968125862
99.968125862
99.968125862
99.968125862
99.968125862
99.968125862
99.968125862
99.9711227687
99.9684255527
99.961162052
3.9130860392
2.19861500364
1.80786995488
1.63709150289
1.52481427545
1.45923790049
1.3749360482
1.26823660106
1.22206777788
1.13477101965
1.01070493168
0.940115285998
0.872934198378
0.755276228555
0.613886616065
0.46884555016
0.0540763075744
0.0636263570824
0.0666232638112
0.0666232638112
0.0772344299311
0.0772344299311
0.102124819595
0.12371038424
0.157853579939
0.224656020443
0.316291741299
0.493530070679
3.79335679472
7.1277735157
0.00569412278469
0
0
0
0
0
0
0
0
0
0
0
0
0
0
0
0
0
0
0
0
0
0
0
0
0
0
0
0
0
0
0
0
0
0
0.00902401915001
99.9781525499
99.9781525499
99.9781525499
99.9781525499
99.9781525499
99.9781525499
99.9781525499
99.9781525499
99.9711227687
99.9711227687
99.9711227687
99.9711227687
99.968125862
99.968125862
99.968125862
99.968125862
99.968125862
99.968125862
99.968125862
99.968125862
99.968125862
99.968125862
99.968125862
99.968125862
99.968125862
99.968125862
99.968125862
99.9684255527
99.9706102977
99.9604731323
31.9376626968
3.87324451238
1.99224208255
1.69529634968
1.55657620384
1.46821001196
1.36110289483
1.27289728174
1.20092856508
1.13066003648
1.00383481721
0.909522552677
0.865078208829
0.75070846948
0.609318856991
0.46884555016
0.0490010197139
0.0540763075744
0.0636263570824
0.0636263570824
0.0636263570824
0.0742375232024
0.102124819595
0.12256523288
0.142068221945
0.180005106054
0.284662567169
0.356047507566
0.552978984655
0.685117598962
58.9908316527
0
0
0
0
0
0
0
0
0
0
0
0
0
0
0
0
0
0
0
0
0
0
0
0
0
0
0
0
0
0
0
0
0
0
99.9455315375
99.9781525499
99.980337295
99.980337295
99.980337295
99.980337295
99.980337295
99.9770073986
99.970310607
99.970310607
99.970310607
99.970310607
99.970310607
99.968125862
99.968125862
99.968125862
99.968125862
99.968125862
99.968125862
99.968125862
99.968125862
99.970310607
99.970310607
99.970310607
99.970310607
99.970310607
99.970310607
99.970310607
99.9706102977
99.9618525392
99.9546113203
)
;

boundaryField
{
    frontAndBack
    {
        type            empty;
    }
    leftWall
    {
        type            calculated;
        value           uniform 0;
    }
    outlet
    {
        type            calculated;
        value           uniform 0;
    }
    rightWall
    {
        type            calculated;
        value           uniform 0;
    }
    inlet
    {
        type            calculated;
        value           uniform 8062.93798856;
    }
}


// ************************************************************************* //
