/*--------------------------------*- C++ -*----------------------------------*\
| =========                 |                                                 |
| \\      /  F ield         | OpenFOAM: The Open Source CFD Toolbox           |
|  \\    /   O peration     | Version:  v1906                                 |
|   \\  /    A nd           | Web:      www.OpenFOAM.com                      |
|    \\/     M anipulation  |                                                 |
\*---------------------------------------------------------------------------*/
FoamFile
{
    version     2.0;
    format      ascii;
    class       volScalarField;
    location    "997";
    object      alpha;
}
// * * * * * * * * * * * * * * * * * * * * * * * * * * * * * * * * * * * * * //

dimensions      [0 0 -1 0 0 0 0];


internalField   nonuniform List<scalar> 
9216
(
200
200
200
200
200
200
200
200
200
200
200
200
200
200
200
200
200
200
200
200
200
200
200
200
200
200
200
200
200
200
200
200
200
200
200
200
200
200
200
200
200
200
200
200
200
200
200
200
200
200
200
200
200
200
200
200
200
200
200
200
200
200
200
200
200
200
200
200
200
200
200
200
200
200
200
200
200
200
200
200
200
200
200
200
200
184.971493008
164.948042951
140.302156583
112.790966687
88.6840129195
67.1100442216
49.8354905006
35.8011226226
23.0395469306
13.1153421018
1.59277195356
200
200
200
200
200
200
200
200
200
200
200
200
200
200
200
200
200
200
200
200
200
200
200
200
200
200
200
200
200
200
200
200
200
200
200
200
200
200
200
200
200
200
200
200
200
200
200
200
200
200
200
200
200
200
200
200
200
200
200
200
200
200
200
200
200
200
200
200
200
200
200
200
200
200
200
200
200
200
200
200
200
200
200
200
200
198.072609113
178.143117474
152.515305819
128.535684502
101.372708894
77.5872365799
61.4685324642
48.2906027997
31.5397253047
20.8005146015
15.4983450035
200
200
200
200
200
200
200
200
200
200
200
200
200
200
200
200
200
200
200
200
200
200
200
200
200
200
200
200
200
200
200
200
200
200
200
200
200
200
200
200
200
200
200
200
200
200
200
200
200
200
200
200
200
200
200
200
200
200
200
200
200
200
200
200
200
200
200
200
200
200
200
200
200
200
200
200
200
200
200
200
200
200
200
200
200
194.764184752
168.989748786
152.487777247
133.398136775
103.095547972
74.9584670755
65.2968037625
47.880814676
36.8544739525
32.2421546006
21.9527547976
200
200
200
200
200
200
200
200
200
200
200
200
200
200
200
200
200
200
200
200
200
200
200
200
200
200
200
200
200
200
200
200
200
200
200
200
200
200
200
200
200
200
200
200
200
200
200
200
200
200
200
200
200
200
200
200
200
200
200
200
200
200
200
200
200
200
200
200
200
200
200
200
200
200
200
200
200
200
200
200
200
200
200
200
200
187.871343302
166.434824882
150.507328558
126.203676948
107.441318952
86.9297034141
63.2054198171
56.5904319147
47.2703599161
41.2070876432
28.8043014064
200
200
200
200
200
200
200
200
200
200
200
200
200
200
200
200
200
200
200
200
200
200
200
200
200
200
200
200
200
200
200
200
200
200
200
200
200
200
200
200
200
200
200
200
200
200
200
200
200
200
200
200
200
200
200
200
200
200
200
200
200
200
200
200
200
200
200
200
200
200
200
200
200
200
200
200
200
200
200
200
200
200
200
200
200
179.003025837
158.070327992
143.783805594
133.075490908
109.143639536
93.4975588274
72.8604104983
58.7783246077
57.4384132514
53.8452849623
41.4627293299
200
200
200
200
200
200
200
200
200
200
200
200
200
200
200
200
200
200
200
200
200
200
200
200
200
200
200
200
200
200
200
200
200
200
200
200
200
200
200
200
200
200
200
200
200
200
200
200
200
200
200
200
200
200
200
200
200
200
200
200
200
200
200
200
200
200
200
200
200
200
200
200
200
200
200
200
200
200
200
200
200
200
200
200
198.72113618
176.501196495
162.59204954
143.395983705
122.762188896
103.539507959
100.1459515
87.589167642
69.9249366639
66.7302366771
65.8158538182
52.9796438511
200
200
200
200
200
200
200
200
200
200
200
200
200
200
200
200
200
200
200
200
200
200
200
200
200
200
200
200
200
200
200
200
200
200
200
200
200
200
200
200
200
200
200
200
200
200
200
200
200
200
200
200
200
200
200
200
200
200
200
200
200
200
200
200
200
200
200
200
200
200
200
200
200
200
200
200
200
200
200
200
200
200
200
200
193.600943206
174.308709027
157.953488745
142.582356278
122.497394578
112.97973535
98.813501836
97.0941663605
87.8766470662
77.4973392749
77.2568686762
63.9811472115
200
200
200
200
200
200
200
200
200
200
200
200
200
200
200
200
200
200
200
200
200
200
200
200
200
200
200
200
200
200
200
200
200
200
200
200
200
200
200
200
200
200
200
200
200
200
200
200
200
200
200
200
200
200
200
200
200
200
200
200
200
200
200
200
200
200
200
200
200
200
200
200
200
200
200
200
200
200
200
200
200
200
200
199.999825643
189.142398806
172.504108856
153.500093268
138.434975206
125.823224587
118.583166263
109.619216548
99.9810323708
100.258034803
87.403605235
88.0199302861
74.7980666062
200
200
200
200
200
200
200
200
200
200
200
200
200
200
200
200
200
200
200
200
200
200
200
200
200
200
200
200
200
200
200
200
200
200
200
200
200
200
200
200
200
200
200
200
200
200
200
200
200
200
200
200
200
200
200
200
200
200
200
200
200
200
200
200
200
200
199.995995734
175.448793051
107.542096273
27.3395820931
11.2511305289
10.9849868086
21.984452012
65.9323672081
134.616586076
169.194892551
188.038664234
196.452084098
198.579535993
198.785073076
198.953803853
199.949067661
199.998241597
199.913487883
187.985055302
172.452036015
156.475613872
139.819585731
128.181157134
115.778038432
117.171762761
111.194262958
104.99206016
100.547602083
97.0393456751
84.5069270544
200
200
200
200
200
200
200
200
200
200
200
200
200
200
200
200
200
200
200
200
200
200
200
200
200
200
200
200
200
200
200
200
200
200
200
200
200
200
200
200
200
200
200
200
200
200
200
200
200
200
200
200
200
200
200
200
200
200
200
200
200
200
200
13.4591007352
0.141666850869
0.00603470667911
0.000723201896104
0.000126900982508
3.19357376767e-05
1.22896349036e-05
8.98385317246e-06
1.28944900505e-05
2.9747484708e-05
9.30460034366e-05
0.000379643050296
0.00201033984375
0.0145057606016
0.152002133058
2.50868074064
66.7938314911
180.669308739
198.023110571
199.08942325
199.074920733
186.116901989
171.327852397
155.612749876
142.438390857
131.998118912
124.358551127
117.777224606
118.552220787
113.985371032
111.840710572
105.596476951
94.5563457764
200
200
200
200
200
200
200
200
200
200
200
200
200
200
200
200
200
200
200
200
200
200
200
200
200
200
200
200
200
200
200
200
200
200
200
200
200
200
200
200
200
200
200
200
200
200
200
200
200
200
200
200
200
200
200
200
200
200
200
200
200
0.135819984829
1.96119331476e-05
5.12349988607e-07
3.6203422035e-08
5.351210749e-09
1.10775674161e-09
2.74108065075e-10
8.95681041735e-11
4.77672840412e-11
5.01490942846e-11
9.10580553635e-11
2.28113540877e-10
7.25112669237e-10
2.89206365578e-09
1.44146761634e-08
9.37664159834e-08
8.570412313e-07
1.20151409351e-05
0.000277009367876
0.0103302498595
0.662759067502
66.5724766252
184.883583589
183.576326405
166.860407992
154.489557757
144.840721942
139.142368053
132.268858405
127.032063429
119.981355901
121.647360513
123.763071169
114.11774827
102.452609727
200
200
200
200
200
200
200
200
200
200
200
200
200
200
200
200
200
200
200
200
200
200
200
200
200
200
200
200
200
200
200
200
200
200
200
200
200
200
200
200
200
200
200
200
200
200
200
200
200
200
200
200
200
200
200
200
200
200
200
0.00788076801768
2.90842512868e-07
6.43870526947e-10
7.45969886838e-12
4.12120623572e-13
5.04200399518e-14
8.87208072884e-15
1.96173025646e-15
6.01579873815e-16
3.26634029961e-16
3.40851390492e-16
5.74748248917e-16
1.3013034448e-15
3.66264514044e-15
1.2539108103e-14
5.22108349474e-14
2.67196967375e-13
1.78652886082e-12
1.66872928397e-11
2.33444410422e-10
4.54360113373e-09
1.29694420685e-07
5.84380440552e-06
0.000449095128404
0.0522732773228
5.68307065977
138.79174221
156.71427889
149.428776403
142.293378393
137.398895551
132.69664007
129.129224226
124.519946209
129.618415633
121.73696303
108.626190725
200
200
200
200
200
200
200
200
200
200
200
200
200
200
200
200
200
200
200
200
200
200
200
200
200
200
200
200
200
200
200
200
200
200
200
200
200
200
200
200
200
200
200
200
200
200
200
200
200
200
200
200
200
200
200
200
200
0.427390565292
2.91018242504e-08
3.374992748e-11
2.23779272775e-14
3.49390536442e-17
2.05064255736e-18
3.37374541309e-19
8.16331895963e-20
2.40192317865e-20
9.55843231774e-21
6.53995705547e-21
7.67263514329e-21
1.30631387948e-20
2.82487153086e-20
7.37063862e-20
2.28022506538e-19
8.28014217925e-19
3.51781501356e-18
1.83875170533e-17
1.23423658998e-16
1.12016543327e-15
1.39352342519e-14
2.37234796767e-13
5.72478403788e-12
2.19707929255e-10
1.17766250368e-08
8.51727798038e-07
6.15173838019e-05
0.00988461962962
3.58734927598
137.069075466
145.331580458
141.134035914
136.653949483
133.28647536
131.190932692
133.363044426
128.111882057
114.069289097
200
200
200
200
200
200
200
200
200
200
200
200
200
200
200
200
200
200
200
200
200
200
200
200
200
200
200
200
200
200
200
200
200
200
200
200
200
200
200
200
200
200
200
200
200
200
200
200
200
200
200
200
200
200
200
200
3.20252650504e-07
1.89663628657e-11
7.0035646826e-16
1.80249057057e-20
3.68386891258e-22
3.20775335962e-23
6.43634897284e-24
1.89764153628e-24
6.91949116188e-25
3.80523881097e-25
3.440110129e-25
4.63489740328e-25
8.1285959635e-25
1.72021453448e-24
4.22184701224e-24
1.19072530727e-23
3.86998626321e-23
1.48132192635e-22
6.82151864083e-22
3.88531189625e-21
2.81963206392e-20
2.6373201966e-19
2.99642775917e-18
4.26328901105e-17
8.47631415607e-16
2.41501272567e-14
9.77879763087e-13
5.12536877074e-11
3.24173652093e-09
2.98244723078e-07
6.78608759255e-05
0.0394894998649
73.923276998
144.299704312
140.60096258
137.807487218
135.225809249
133.339166236
135.746895829
118.657889807
200
200
200
200
200
200
200
200
200
200
200
200
200
200
200
200
200
200
200
200
200
200
200
200
200
200
200
200
200
200
200
200
200
200
200
200
200
200
200
200
200
200
200
200
200
200
200
200
200
200
200
200
200
200
200
1.62866467297e-10
5.21300752404e-15
7.02919804856e-22
1.40041474454e-25
1.12866492004e-26
2.0225677649e-27
5.30443948309e-28
1.89847604163e-28
9.02821312508e-29
6.50181935631e-29
7.01327311013e-29
1.00206834395e-28
1.72244287516e-28
3.43326851308e-28
7.91367552599e-28
2.07358579009e-27
6.22027664737e-27
2.15170440049e-26
8.72348121694e-26
4.19525017081e-25
2.45256524025e-24
1.68624951486e-23
1.41482319888e-22
1.48213202983e-21
2.04004878466e-20
3.74919761906e-19
8.32674999027e-18
2.46453233284e-16
9.71452318091e-15
4.08484980862e-13
3.17952615027e-11
3.98047288103e-09
1.34123188119e-06
0.00153656751226
7.66897870283
140.91569571
141.403296353
138.189528985
136.455336309
140.724691622
122.448314379
200
200
200
200
200
200
200
200
200
200
200
200
200
200
200
200
200
200
200
200
200
200
200
200
200
200
200
200
200
200
200
200
200
200
200
200
200
200
200
200
200
200
200
200
200
200
200
200
200
200
200
200
200
200
4.86524131114e-12
5.23559627391e-22
1.50013338946e-27
1.31267937601e-29
1.7211675013e-30
4.12816225727e-31
1.41126754215e-31
6.19720088595e-32
3.56108263871e-32
2.98939873109e-32
3.5043580352e-32
5.15799046491e-32
8.90577725849e-32
1.75712453352e-31
3.87750919366e-31
9.74419459664e-31
2.76275281253e-30
8.88552207395e-30
3.24772605689e-29
1.34294528217e-28
6.43147891798e-28
3.61871004555e-27
2.39515497757e-26
1.8869930108e-25
1.81598101298e-24
2.12847513466e-23
3.12148423286e-22
6.01950217143e-21
1.55741973662e-19
4.65696244864e-18
1.49072312163e-16
7.65770989774e-15
7.01743299486e-13
1.62878285747e-10
8.31804399928e-08
0.000155257400003
1.41860817122
139.218042892
141.647546405
138.68309902
141.54596377
125.090997684
200
200
200
200
200
200
200
200
200
200
200
200
200
200
200
200
200
200
200
200
200
200
200
200
200
200
200
200
200
200
200
200
200
200
200
200
200
200
200
200
200
200
200
200
200
200
200
200
200
200
200
200
200
7.02290837937e-13
2.7468884225e-28
1.18173033446e-31
5.99653636183e-33
1.09161536042e-33
3.05854155656e-34
1.17989797437e-34
5.84296866925e-35
3.66816967268e-35
3.21712764342e-35
3.79469603253e-35
5.54239059308e-35
9.37783358345e-35
1.78683567009e-34
3.84857978843e-34
9.32966489862e-34
2.49541052574e-33
7.56296371856e-33
2.60036382545e-32
1.00090214128e-31
4.28681866716e-31
2.0835227263e-30
1.15916448212e-29
7.22170105734e-29
5.17224818845e-28
4.46161518079e-27
4.61351224994e-26
5.82385540618e-25
9.05436509263e-24
1.79218689042e-22
3.93594894138e-21
1.13469073992e-19
4.49607572059e-18
3.05838444519e-16
4.17805826872e-14
1.02549972818e-11
8.56265461124e-09
3.24132512085e-05
0.961827604507
139.978072909
140.321354843
141.516420544
126.486862048
200
200
200
200
200
200
200
200
200
200
200
200
200
200
200
200
200
200
200
200
200
200
200
200
200
200
200
200
200
200
200
200
200
200
200
200
200
200
200
200
200
200
200
200
200
200
200
200
200
200
200
200
1.85338171819e-13
1.71837616073e-32
1.17932882936e-34
1.19677394933e-35
2.48644805635e-36
7.22428291805e-37
2.77234114276e-37
1.29435206757e-37
7.89571439766e-38
6.4944258338e-38
7.2622470417e-38
1.03445862927e-37
1.85668936461e-37
3.59733691935e-37
7.73079277223e-37
1.8131922821e-36
4.76031734798e-36
1.39460468511e-35
4.51125085805e-35
1.5834773859e-34
6.17923513996e-34
2.62581636788e-33
1.27498655311e-32
6.84727240021e-32
4.06058678145e-31
2.73956393328e-30
2.14432288631e-29
1.89595175757e-28
1.99666584796e-27
2.60822922228e-26
3.82432203042e-25
6.73088155597e-24
1.46342320752e-22
4.704011595e-21
2.86398805007e-19
2.29613198557e-17
3.72241860822e-15
1.63766053952e-12
2.28877639886e-09
2.14735972492e-05
3.55284700963
140.261365128
140.099955826
127.166239982
200
200
200
200
200
200
200
200
200
200
200
200
200
200
200
200
200
200
200
200
200
200
200
200
200
200
200
200
200
200
200
200
200
200
200
200
200
200
200
200
200
200
200
200
200
200
200
200
200
200
200
6.91793027247e-14
2.22593138671e-35
5.19778420714e-37
1.23837457804e-38
0
0
0
0
0
0
0
0
0
2.63843311483e-40
8.68342973624e-40
4.40334347357e-39
1.31283792849e-38
4.44597291609e-38
1.50474725495e-37
5.27288246169e-37
1.92165052637e-36
7.55867955883e-36
3.20735057575e-35
1.45533180522e-34
7.27314734433e-34
4.01690436246e-33
2.54186645894e-32
1.76437321028e-31
1.3796009764e-30
1.2689869765e-29
1.24335268085e-28
1.43572131777e-27
2.10280534602e-26
3.88224162752e-25
9.76216729832e-24
4.28837584234e-22
2.65835325844e-20
3.32728613664e-18
7.67934297618e-16
4.94536288451e-13
1.45823937388e-09
5.76296313831e-05
73.4281570237
138.217208878
127.576157942
200
200
200
200
200
200
200
200
200
200
200
200
200
200
200
200
200
200
200
200
200
200
200
200
200
200
200
200
200
200
200
200
200
200
200
200
200
200
200
200
200
200
200
200
200
200
200
200
200
200
2.99939993221e-14
2.61172910859e-37
0
0
0
0
0
0
0
0
0
0
0
0
0
0
0
1.99292358654e-40
5.47500790701e-40
2.43202689115e-39
1.02495110836e-38
4.16832421105e-38
1.72042669335e-37
7.13550271048e-37
3.03364691661e-36
1.44004744548e-35
7.13760639469e-35
3.91426189946e-34
2.40353728468e-33
1.71408892126e-32
1.24019523877e-31
1.01676711356e-30
9.86189486616e-30
1.15649136311e-28
1.73554715289e-27
4.04635292426e-26
1.19940248177e-24
5.02066319477e-23
4.37699301158e-21
7.67825431913e-19
2.5463357588e-16
3.12453844493e-13
3.44772081208e-09
0.000934268854481
128.658928786
128.112264741
200
200
200
200
200
200
200
200
200
200
200
200
200
200
200
200
200
200
200
200
200
200
200
200
200
200
200
200
200
200
200
200
200
200
200
200
200
200
200
200
200
200
200
200
200
200
200
200
200
2.17256885078e-14
2.80164572064e-42
0
0
0
0
0
0
0
0
0
0
0
0
0
0
0
0
0
0
1.92080950844e-41
3.09700099791e-40
8.76745962731e-40
3.92600858098e-39
2.16254885043e-38
8.65061105399e-38
4.39477686047e-37
1.99515215349e-36
1.04490054192e-35
5.32960728619e-35
3.15471855605e-34
1.95502432666e-33
1.43502536815e-32
1.15433670162e-31
1.10815295409e-30
1.3586473704e-29
2.37547908627e-28
5.2978943722e-27
1.76542415526e-25
1.01157067431e-23
1.04872515461e-21
2.60313149787e-19
1.53653838555e-16
6.15573916987e-13
3.12563270445e-08
0.709106279236
128.135622354
200
200
200
200
200
200
200
200
200
200
200
200
200
200
200
200
200
200
200
200
200
200
200
200
200
200
200
200
200
200
200
200
200
200
200
200
200
200
200
200
200
200
200
200
200
200
200
200
5.04742860478e-14
0
0
0
0
0
0
0
0
0
0
0
0
0
0
0
0
0
0
0
0
0
0
0
1.92470665512e-40
5.6662460357e-40
3.03275719667e-39
1.51082160318e-38
6.24527144843e-38
3.33237190695e-37
1.5940801863e-36
8.53349885304e-36
4.55466907916e-35
3.03416524473e-34
2.13050327194e-33
1.76772954424e-32
1.73659277613e-31
2.38123412033e-30
3.94661861839e-29
1.03321307333e-27
3.74913903035e-26
2.58578248825e-24
3.66063743046e-22
1.43032780533e-19
2.35919396886e-16
3.80971734194e-12
5.74250239915e-06
121.461669555
200
200
200
200
200
200
200
200
200
200
200
200
200
200
200
200
200
200
200
200
200
200
200
200
200
200
200
200
200
200
200
200
200
200
200
200
200
200
200
200
200
200
200
200
200
200
200
1.9251195695e-13
0
0
0
0
0
0
0
0
0
0
0
0
0
0
0
0
0
0
0
0
0
0
0
0
0
0
1.4844974351e-40
5.621856921e-40
2.68837198484e-39
1.37212674903e-38
6.34433811799e-38
3.51010864448e-37
1.74014392092e-36
9.99372075702e-36
6.41641258248e-35
4.3425068179e-34
3.58649687807e-33
3.97688490482e-32
4.82778099839e-31
8.4412591555e-30
2.25985938565e-28
1.08322387518e-26
9.61187213783e-25
1.95135356222e-22
1.85206541074e-19
1.07334423837e-15
2.20272886932e-10
38.7514119783
200
200
200
200
200
200
200
200
200
200
200
200
200
200
200
200
200
200
200
200
200
200
200
200
200
200
200
200
200
200
200
200
200
200
200
200
200
200
200
200
200
200
200
200
200
200
3.26259356132e-12
0
0
0
0
0
0
0
0
0
0
0
0
0
0
0
0
0
0
0
0
0
0
0
0
0
0
0
0
0
1.4150365254e-40
6.3033873284e-40
3.32670652923e-39
1.77396179257e-38
8.6467860323e-38
5.1950482231e-37
2.82563710174e-36
1.7837330481e-35
1.2050884259e-34
9.48334898807e-34
1.05289624691e-32
1.30220311577e-31
2.60661149034e-30
8.03901880317e-29
4.44110206758e-27
5.43593935849e-25
2.18069638347e-22
6.83437347251e-19
2.85341656107e-14
4.42417651071e-05
200
200
200
200
200
200
200
200
200
200
200
200
200
200
200
200
200
200
200
200
200
200
200
200
200
200
200
200
200
200
200
200
200
200
200
200
200
200
200
200
200
200
200
200
200
200
0
0
0
0
0
0
0
0
0
0
0
0
0
0
0
0
0
0
0
0
0
0
0
0
0
0
0
0
0
0
0
0
1.85093626734e-40
8.69795330222e-40
4.8284110859e-39
2.73889867125e-38
1.60236354844e-37
9.08609689665e-37
6.11829300373e-36
4.08746841399e-35
3.50243039993e-34
3.41975658296e-33
5.10108476116e-32
1.07264780867e-30
3.75929866212e-29
2.62680873173e-27
5.60882099957e-25
5.92348951264e-22
1.04372037805e-17
3.16020582033e-10
200
200
200
200
200
200
200
200
200
200
200
200
200
200
200
200
200
200
200
200
200
200
200
200
200
200
200
200
200
200
200
200
200
200
200
200
200
200
200
200
200
200
200
200
200
0
0
0
0
0
0
0
0
0
0
0
0
0
0
0
0
0
0
0
0
0
0
0
0
0
0
0
0
0
0
0
0
0
0
0
2.97919096244e-40
1.53451738935e-39
1.19645251113e-38
6.2219252259e-38
3.93807617618e-37
2.68890815497e-36
1.68121064925e-35
1.40835121167e-34
1.59660382041e-33
2.48533178289e-32
5.54013045042e-31
2.288239287e-29
2.53166568638e-27
1.19402883213e-24
6.45540420858e-21
1.50168123708e-14
200
200
200
200
200
200
200
200
200
200
200
200
200
200
200
200
200
200
200
200
200
200
200
200
200
200
200
200
200
200
200
200
200
200
200
200
200
200
200
200
200
200
200
200
200
0
0
0
0
0
0
0
0
0
0
0
0
0
0
0
0
0
0
0
0
0
0
0
0
0
0
0
0
0
0
0
0
0
0
0
0
9.0448715077e-41
6.66386215138e-40
4.88586891127e-39
2.97054664947e-38
2.00249686548e-37
1.325504027e-36
9.20407903954e-36
7.70272572118e-35
8.40275781471e-34
1.37895082613e-32
3.42269343174e-31
2.12051087557e-29
4.58918075941e-27
8.53965606164e-24
2.64228761871e-18
200
200
200
200
200
200
200
200
200
200
200
200
200
200
200
200
200
200
200
200
200
200
200
200
200
200
200
200
200
200
200
200
200
200
200
200
200
200
200
200
200
200
200
200
200
0
0
0
0
0
0
0
0
0
0
0
0
0
0
0
0
0
0
0
0
0
0
0
0
0
0
0
0
0
0
0
0
0
0
0
0
0
0
3.15806500684e-40
2.65440147137e-39
1.59590686928e-38
1.19383470181e-37
7.48626083722e-37
4.88910595588e-36
4.0617401358e-35
5.17633443444e-34
9.0226004526e-33
3.22236336513e-31
3.297402059e-29
2.51261440894e-26
8.36782028251e-22
200
200
200
200
200
200
200
200
200
200
200
200
200
200
200
200
200
200
200
200
200
200
200
200
200
200
200
200
200
200
200
200
200
200
200
200
200
200
200
200
200
200
200
200
0
0
0
0
0
0
0
0
0
0
0
0
0
0
0
0
0
0
0
0
0
0
0
0
0
0
0
0
0
0
0
0
0
0
0
0
0
0
0
0
1.41885820673e-40
1.6565239065e-39
1.15201141417e-38
8.12675653847e-38
4.99486094674e-37
4.00526161193e-36
3.12000127871e-35
4.21511021252e-34
9.82101210631e-33
4.66324202647e-31
1.33998148188e-28
8.31496390191e-25
200
200
200
200
200
200
200
200
200
200
200
200
200
200
200
200
200
200
200
200
200
200
200
200
200
200
200
200
200
200
200
200
200
200
200
200
200
200
200
200
200
200
200
200
0
0
0
0
0
0
0
0
0
0
0
1.33813322727e-40
6.69489523342e-40
1.03237463183e-39
1.77136591261e-39
0
0
0
0
0
0
0
0
0
0
0
0
0
0
0
0
0
0
0
0
0
0
0
0
0
0
6.01095882059e-41
1.14095934009e-39
1.02111140173e-38
6.78131634298e-38
4.50242148554e-37
3.50215251308e-36
3.37624830841e-35
4.92960388528e-34
1.34567039589e-32
1.53263219832e-30
2.17118790794e-27
200
200
200
1.70005100635e-43
0
0
0
0
0
0
0
0
0
0
0
0
0
0
0
0
0
0
0
2.12473118491e-38
3.08270212698e-36
200
200
200
200
200
200
200
200
200
200
200
200
200
200
200
200
200
200
200
0
0
0
0
0
0
0
0
0
4.64266348331e-40
7.698491659e-39
4.74691540575e-38
3.39579388342e-37
2.23590391303e-36
4.24836352748e-36
5.95509471297e-36
1.60151222298e-37
1.08750413774e-38
0
0
0
0
0
0
0
0
0
0
0
0
0
0
0
0
0
0
0
0
0
0
0
0
1.0608645952e-41
9.58797087612e-40
7.67216973808e-39
5.41769946041e-38
4.35530857368e-37
3.5113385087e-36
3.41980583529e-35
6.95608505282e-34
3.67719747007e-32
1.45462969332e-29
2.11653489057e-44
1.11396573188e-44
0
0
0
0
0
0
0
0
0
0
0
0
0
0
0
0
0
0
0
0
0
0
0
0
0
0
0
0
1.22011145188e-37
1.67070991362e-35
200
200
200
200
200
200
200
200
200
200
200
0
0
0
0
0
0
0
0
1.1598181997e-40
1.00163343695e-38
5.06871610855e-37
4.4485843977e-35
200
200
200
200
200
200
200
200
200
200
200
200
198.097825399
0
0
0
0
0
0
0
0
0
0
0
0
0
0
0
0
0
0
0
4.16884624454e-43
1.11411866364e-39
8.81483970208e-39
7.83871269095e-38
5.93256320878e-37
4.98731104263e-36
6.46250520922e-35
1.74252258053e-33
2.39140453156e-31
0
0
0
0
0
0
0
0
0
0
0
0
0
0
0
0
0
0
0
0
0
0
0
0
0
0
0
0
0
0
0
0
0
0
0
1.67440630959e-37
8.1968974105e-36
200
200
200
200
200
200
0
0
0
0
0
0
0
1.25352257814e-39
2.92178177463e-37
2.22976249371e-34
200
200
200
200
200
200
200
200
200
200
200
200
200
200
200
198.250848894
0
0
0
0
0
0
0
0
0
0
0
0
0
0
0
0
0
0
0
4.01650974118e-41
1.60069320474e-39
1.41094364785e-38
1.00359807358e-37
9.43605008232e-37
9.36266977665e-36
1.49209235627e-34
9.08679201229e-33
0
0
0
0
0
0
0
0
0
0
0
0
0
0
0
0
0
0
0
0
0
0
0
0
0
0
0
0
0
0
0
0
0
0
0
0
0
0
1.37743158664e-39
1.22035770249e-37
1.53115322017e-36
3.55704943594e-36
8.01698898809e-38
0
0
0
0
0
0
1.27335013815e-38
8.13988571208e-36
200
200
200
200
200
200
200
200
200
200
200
200
200
200
200
200
200
200
198.064295606
0
0
0
0
0
0
0
0
0
0
0
0
0
0
0
0
0
0
0
1.25982967431e-40
3.11578394533e-39
2.1621274577e-38
1.76090230711e-37
1.56794435852e-36
2.15331209066e-35
6.30064176987e-34
0
0
0
0
0
0
0
0
0
0
0
0
0
0
0
0
0
0
0
0
0
0
0
0
0
0
0
0
0
0
0
0
0
0
0
0
0
0
0
0
0
0
9.23284960528e-39
0
0
1.64017814857e-42
2.81617879679e-42
1.75869746706e-40
1.01672364512e-37
5.03155631658e-34
200
200
200
200
200
200
200
200
200
200
200
200
200
200
200
200
200
200
200
200
197.339441071
0
0
0
0
0
0
0
0
0
0
0
0
0
0
0
0
0
0
0
3.71659556609e-40
5.7698480571e-39
4.8381042732e-38
4.25232498284e-37
4.58662196795e-36
7.42214284712e-35
0
0
0
0
0
0
0
0
0
0
0
0
0
0
0
0
0
0
0
0
0
0
0
0
0
0
0
0
0
0
0
0
0
0
0
0
0
0
0
0
0
0
0
0
2.0852027304e-42
1.362847401e-41
1.06412433798e-39
2.06844709808e-37
7.65350389481e-32
200
200
200
200
200
200
200
200
200
200
200
200
200
200
200
200
200
200
200
200
200
200
195.494320091
0
0
0
0
0
0
0
0
0
0
0
0
0
0
0
0
0
0
0
1.2414549923e-39
1.15035070728e-38
1.32147561204e-37
1.3016378937e-36
1.43956102564e-35
0
0
0
0
0
0
0
0
0
0
0
0
0
0
0
0
0
0
0
0
0
0
0
0
0
0
0
0
0
0
0
0
0
0
0
0
0
0
0
0
0
0
0
0
0
7.13098453219e-40
8.01177828964e-38
200
200
200
200
200
200
200
200
200
200
200
200
200
200
200
200
200
200
200
200
200
200
200
200
200
0
0
0
0
0
0
0
0
0
0
0
0
0
0
0
0
0
0
0
1.79073884623e-40
4.13773491016e-39
3.44434000758e-38
3.8703337533e-37
3.89906946717e-36
0
0
0
0
0
0
0
0
0
0
0
0
0
0
0
0
0
0
0
0
0
0
0
0
0
0
0
0
0
0
0
0
0
0
0
0
0
0
0
0
0
0
0
0
0
0
7.42625925919e-36
200
200
200
200
200
200
200
200
200
200
200
200
200
200
200
200
200
200
200
200
200
200
200
200
200
199.999996671
0
0
0
0
0
0
0
0
0
0
0
0
0
0
0
0
0
0
0
1.12533695216e-39
1.3296251023e-38
1.46847482946e-37
1.31322983178e-36
0
0
0
0
0
0
0
0
0
0
0
0
0
0
0
0
0
0
0
0
0
0
0
0
0
0
0
0
0
0
0
0
0
0
0
0
0
0
0
0
0
0
0
0
0
0
0
0
1.55170477e-43
200
200
200
200
200
200
200
200
200
200
200
200
200
200
200
200
200
200
200
200
200
200
200
200
0
0
0
0
0
0
0
0
0
0
0
0
0
0
0
0
0
0
0
3.09902154494e-40
5.73422052386e-39
6.39389664936e-38
5.36732550171e-37
0
0
0
0
0
0
0
0
0
0
0
0
0
0
0
0
0
0
0
0
0
0
0
0
0
0
0
0
0
0
0
0
0
0
0
0
0
0
0
0
0
0
0
0
0
0
0
0
0
1.396534293e-43
1.869907079e-42
1.07483955194e-36
200
200
200
200
200
200
200
200
200
200
200
200
200
200
200
200
200
200
200
200
200
199.999997486
0
0
0
0
0
0
0
0
0
0
0
0
0
0
0
0
0
0
7.72919804224e-41
2.80693814694e-39
3.14725502921e-38
2.58673808907e-37
0
0
0
0
0
0
0
0
0
0
0
0
0
0
0
0
0
0
0
0
0
0
0
0
0
0
0
0
0
0
0
0
0
0
0
0
0
0
0
0
0
0
0
0
0
0
0
0
0
0
1.2568808637e-43
7.06042911516e-43
8.68261757115e-42
3.95975939167e-36
200
200
200
200
200
200
200
200
200
200
200
200
200
200
200
200
200
200
200
200
0
0
0
0
0
0
0
0
0
0
0
0
0
0
0
0
0
0
0
1.28009698026e-39
1.57864562634e-38
1.42796831466e-37
0
0
0
0
0
0
0
0
0
0
0
0
0
0
0
0
0
0
0
0
0
0
0
0
0
0
0
0
0
0
0
0
0
0
0
0
0
0
0
0
0
0
0
0
0
0
0
0
0
0
0
2.38807364104e-43
5.33631270405e-43
7.45765648402e-42
2.14042226192e-41
8.12969497313e-35
200
200
200
200
200
200
200
200
200
200
200
200
200
200
200
200
200
200
199.999971588
0
0
0
0
0
0
0
0
0
0
0
0
0
0
0
0
0
0
6.28451617988e-40
8.62880042027e-39
8.81096356908e-38
0
0
0
0
0
0
0
0
0
0
0
0
0
0
0
0
0
0
0
0
0
0
0
0
0
0
0
0
0
0
0
0
0
0
0
0
0
0
0
0
0
0
0
0
0
0
0
0
0
0
0
0
2.14926627693e-43
4.80268143364e-43
6.62026422065e-42
1.45855957021e-41
1.62894009786e-36
200
200
200
200
200
200
200
200
200
200
200
200
200
200
200
200
200
200
0
0
0
0
0
0
0
0
0
0
0
0
0
0
0
0
0
0
3.84258210087e-40
6.49433621992e-39
5.95598198465e-38
0
0
0
0
0
0
0
0
0
0
0
0
0
0
0
0
0
0
0
0
0
0
0
0
0
0
0
0
0
0
0
0
0
0
0
0
0
0
0
0
0
0
0
0
0
0
0
0
0
0
0
0
0
3.06553242657e-43
1.04864487733e-42
5.08180642499e-42
7.8841370253e-42
1.5840598491e-37
200
200
200
200
200
200
200
200
200
200
200
200
200
200
200
200
200
0
0
0
0
0
0
0
0
0
0
0
0
0
0
0
0
0
0
2.27744270178e-40
5.21744971283e-39
4.44485169524e-38
0
0
0
0
0
0
0
0
0
0
0
0
0
0
0
0
0
0
0
0
0
0
0
0
0
0
0
0
0
0
0
0
0
0
0
0
0
0
0
0
0
0
0
0
0
0
0
0
0
0
0
0
0
9.1626614964e-44
1.93433964924e-43
1.60444221873e-42
4.27347261903e-42
7.06004218907e-42
6.86268924903e-42
200
200
200
200
200
200
200
200
200
200
200
200
200
200
200
200
0
0
0
0
0
0
0
0
0
0
0
0
0
0
0
0
0
0
1.88375142468e-40
4.20810193291e-39
3.65323112535e-38
0
0
0
0
0
0
0
0
0
0
0
0
0
0
0
0
0
0
0
0
0
0
0
0
0
0
0
0
0
0
0
0
0
0
0
0
0
0
0
0
0
0
0
0
0
0
0
0
0
0
0
0
0
9.1626614964e-44
1.74090568432e-43
1.74090568432e-43
1.69420335889e-42
4.11651643837e-42
6.20706895404e-42
5.91691301353e-42
200
200
200
200
200
200
200
200
200
200
200
200
200
200
200
0
0
0
0
0
0
0
0
0
0
0
0
0
0
0
0
0
0
1.73678622839e-40
4.1211135912e-39
3.3874062796e-38
0
0
0
0
0
0
0
0
0
0
0
0
0
0
0
0
0
0
0
0
0
0
0
0
0
0
0
0
0
0
0
0
0
0
0
0
0
0
0
0
0
0
0
0
0
0
0
0
0
0
0
0
0
0
1.74090568432e-43
1.74090568432e-43
1.74090568432e-43
2.05467327018e-42
4.72697539836e-42
5.09963317104e-42
2.60912737623e-38
200
200
200
200
200
200
200
200
200
200
200
200
200
200
0
0
0
0
0
0
0
0
0
0
0
0
0
0
0
0
0
0
1.77782387913e-40
4.07895295934e-39
3.46807331083e-38
0
0
0
0
0
0
0
0
0
0
0
0
0
0
0
0
0
0
0
0
0
0
0
0
0
0
0
0
0
0
0
0
0
0
0
0
0
0
0
0
0
0
0
0
0
0
0
0
0
0
0
0
0
0
0
1.74090568432e-43
1.74090568432e-43
1.74090568432e-43
2.45519539383e-42
3.69127507611e-42
3.56740746494e-42
5.57429709418e-37
200
200
200
200
200
200
200
200
200
200
200
200
200
0
0
0
0
0
0
0
0
0
0
0
0
0
0
0
0
0
0
2.47137098579e-40
4.26567422101e-39
3.82649317623e-38
0
0
0
0
0
0
0
0
0
0
0
0
0
0
0
0
0
0
0
0
0
0
0
0
0
0
0
0
0
0
0
0
0
0
0
0
0
0
0
0
0
0
0
0
0
0
0
0
0
0
0
0
0
0
0
0
0
9.1626614964e-44
2.75897918392e-43
2.32889226125e-42
3.07263161678e-42
2.21172219456e-42
200
200
200
200
200
200
200
200
200
200
200
200
200
0
0
0
0
0
0
0
0
0
0
0
0
0
0
0
0
0
0
3.39328989663e-40
5.77685077355e-39
4.50851037846e-38
0
0
0
0
0
0
0
0
0
0
0
0
0
0
0
0
0
0
0
0
0
0
0
0
0
0
0
0
0
0
0
0
0
0
0
0
0
0
0
0
0
0
0
0
0
0
0
0
0
0
0
0
0
0
0
0
0
0
4.80268143364e-43
6.35438620365e-43
5.71894758328e-43
1.15563195933e-42
1.48583422191e-40
200
200
200
200
200
200
200
200
200
200
200
200
0
0
0
0
0
0
0
0
0
0
0
0
0
0
0
0
0
0
4.99047444808e-40
7.45620562076e-39
5.65398264583e-38
0
0
0
0
0
0
0
0
0
0
0
0
0
0
0
0
0
0
0
0
0
0
0
0
0
0
0
0
0
0
0
0
0
0
0
0
0
0
0
0
0
0
0
0
0
0
0
0
0
0
0
0
0
0
0
0
0
0
1.2568808637e-43
5.33631270405e-43
8.07850261476e-43
6.35438620365e-43
3.16447984479e-41
200
200
200
200
200
200
200
200
200
200
200
200
0
0
0
0
0
0
0
0
0
0
0
0
0
0
0
0
0
0
8.52096489499e-40
9.50506228419e-39
6.98305222386e-38
0
0
0
0
0
0
0
0
0
0
0
0
0
0
0
0
0
0
0
0
0
0
0
0
0
0
0
0
0
0
0
0
0
0
0
0
0
0
0
0
0
0
0
0
0
0
0
0
0
0
0
0
0
0
0
0
0
0
0
0
5.92923633783e-43
8.9761140164e-43
1.28478503883e-41
2.698601026e-40
200
200
200
200
200
200
200
200
200
200
200
9.1626614964e-44
0
0
0
0
0
0
0
0
0
0
0
0
0
0
0
0
4.73705623523e-41
1.48828661974e-39
1.36583064094e-38
8.28304809553e-38
0
0
0
0
0
0
0
0
0
0
0
0
0
0
0
0
0
0
0
0
0
0
0
0
0
0
0
0
0
0
0
0
0
0
0
0
0
0
0
0
0
0
0
0
0
0
0
0
0
0
0
0
0
0
0
0
0
0
0
0
0
6.58804037537e-43
1.44882431982e-41
1.01480932522e-40
200
200
200
200
200
200
200
200
200
200
200
9.1626614964e-44
9.1626614964e-44
0
0
0
0
0
0
0
0
0
0
0
0
0
0
0
1.4965332225e-40
2.47562713742e-39
2.05738294653e-38
2.13897356554e-37
0
0
0
0
0
0
0
0
0
0
0
0
0
0
0
0
0
0
0
0
0
0
0
0
0
0
0
0
0
0
0
0
0
0
0
0
0
0
0
0
0
0
0
0
0
0
0
0
0
0
0
0
0
0
0
0
0
0
0
0
0
0
6.25935988699e-42
3.3672573849e-41
200
200
200
200
200
200
200
200
200
200
200
9.1626614964e-44
9.1626614964e-44
9.1626614964e-44
0
0
0
0
0
0
0
0
0
0
0
0
0
0
3.7964229415e-40
3.93355422483e-39
2.80264853377e-38
6.94432997435e-37
0
0
0
0
0
0
0
0
0
0
0
0
0
0
0
0
0
0
0
0
0
0
0
0
0
0
0
0
0
0
0
0
0
0
0
0
0
0
0
0
0
0
0
0
0
0
0
0
0
0
0
0
0
0
0
0
0
0
0
0
0
0
0
3.17747767024e-41
200
200
200
200
200
200
200
200
200
200
0
8.24639534676e-44
9.1626614964e-44
9.1626614964e-44
9.1626614964e-44
0
0
0
0
0
0
0
0
0
0
0
0
4.10030810559e-42
6.94009455557e-40
7.09692537323e-39
3.54729632613e-38
1.25439317965e-36
0
0
0
0
0
0
0
0
0
0
0
0
0
0
0
0
0
0
0
0
0
0
0
0
0
0
0
0
0
0
0
0
0
0
0
0
0
0
0
0
0
0
0
0
0
0
0
0
0
0
0
0
0
0
0
0
0
0
0
0
0
0
0
2.90459475601e-41
200
200
200
200
200
200
200
200
200
200
0
0
8.24639534676e-44
9.1626614964e-44
9.1626614964e-44
0
0
0
0
0
0
0
0
0
0
0
0
1.21361960693e-40
1.17769049722e-39
9.1343447208e-39
3.85666027316e-38
2.08156072934e-36
0
0
0
0
0
0
0
0
0
0
0
0
0
0
0
0
0
0
0
0
0
0
0
0
0
0
0
0
0
0
0
0
0
0
0
0
0
0
0
0
0
0
0
0
0
0
0
0
0
0
0
0
0
0
0
0
0
0
0
0
0
0
0
0
200
200
200
200
200
200
200
200
200
0
0
0
0
9.1626614964e-44
9.1626614964e-44
9.1626614964e-44
0
0
0
0
0
0
0
0
0
0
0
2.48266228335e-40
2.48299925069e-39
1.21127262557e-38
8.05292263893e-38
2.9180402114e-36
0
0
0
0
0
0
0
0
0
0
0
0
0
0
0
0
0
0
0
0
0
0
0
0
0
0
0
0
0
0
0
0
0
0
0
0
0
0
0
0
0
0
0
0
0
0
0
0
0
0
0
0
0
0
0
0
0
0
0
0
0
0
0
0
200
200
200
200
200
200
200
200
0
0
0
0
0
0
9.1626614964e-44
9.1626614964e-44
0
0
0
0
0
0
0
0
0
0
6.41891619982e-41
4.67623733712e-40
2.85592334042e-39
1.15729341701e-38
1.7891022978e-37
4.52270889462e-36
0
0
0
0
0
0
0
0
0
0
0
0
0
0
0
0
0
0
0
0
0
0
0
0
0
0
0
0
0
0
0
0
0
0
0
0
0
0
0
0
0
0
0
0
0
0
0
0
0
0
0
0
0
0
0
0
0
0
0
0
0
0
0
0
200
200
200
200
200
200
200
0
0
0
0
0
0
0
0
9.1626614964e-44
0
0
0
0
0
0
0
0
0
0
1.80098868654e-40
9.58789981865e-40
3.32455277978e-39
8.08583410918e-39
2.11189470167e-37
6.74214373697e-36
0
0
0
0
0
0
0
0
0
0
0
0
0
0
0
0
0
0
0
0
0
0
0
0
0
0
0
0
0
0
0
0
0
0
0
0
0
0
0
0
0
0
0
0
0
0
0
0
0
0
0
0
0
0
0
0
0
0
0
0
0
0
0
10.8415162553
200
200
200
200
200
200
0
0
0
0
0
0
0
0
0
0
0
0
0
0
0
0
0
0
0
7.10707290502e-41
2.64903202946e-40
1.06492138016e-39
1.9713138504e-39
1.81148841078e-38
3.23327336437e-37
9.55150037256e-36
0
0
0
0
0
0
0
0
0
0
0
0
0
0
0
0
0
0
0
0
0
0
0
0
0
0
0
0
0
0
0
0
0
0
0
0
0
0
0
0
0
0
0
0
0
0
0
0
0
0
0
0
0
0
0
0
0
0
0
0
0
0
0
200
200
200
200
200
200
0
0
0
0
0
0
0
0
0
0
0
0
0
0
0
0
0
0
0
0
1.95831994351e-40
7.28837790239e-40
1.22430742564e-39
3.50205616577e-40
1.75729355444e-38
5.48360600627e-37
1.02888338488e-35
0
0
0
0
0
0
0
0
0
0
0
0
0
0
0
0
0
0
0
0
0
0
0
0
0
0
0
0
0
0
0
0
0
0
0
0
0
0
0
0
0
0
0
0
0
0
0
0
0
0
0
0
0
0
0
0
0
0
0
0
0
0
0
200
200
200
200
0
0
0
0
0
0
0
0
0
0
0
0
0
0
0
0
0
0
0
0
0
1.10580808255e-40
4.06714220703e-40
1.32264883988e-39
2.23511788318e-39
1.46368199199e-40
4.518762084e-39
9.16687364267e-37
9.48897352175e-36
0
0
0
0
0
0
0
0
0
0
0
0
0
0
0
0
0
0
0
0
0
0
0
0
0
0
0
0
0
0
0
0
0
0
0
0
0
0
0
0
0
0
0
0
0
0
0
0
0
0
0
0
0
0
0
0
0
0
0
0
0
0
0
200
0
0
0
0
0
0
0
0
0
0
0
0
0
0
0
0
0
0
0
0
0
0
0
7.39555147568e-41
1.9190084655e-40
5.23631313657e-40
1.25201328309e-39
1.41752907263e-39
4.41811456162e-39
1.77494397012e-38
4.63940508573e-37
5.12064878121e-36
0
0
0
0
0
0
0
0
0
0
0
0
0
0
0
0
0
0
0
0
0
0
0
0
0
0
0
0
0
0
0
0
0
0
0
0
0
0
0
0
0
0
0
0
0
0
0
0
0
0
0
0
0
0
0
0
0
0
0
0
0
0
0
0
0
0
0
0
0
0
0
0
0
0
0
0
0
0
0
0
0
0
0
0
0
0
4.99062114593e-41
2.46315310046e-40
3.81163797385e-40
5.3321644385e-40
5.54656773235e-40
2.59681447045e-38
3.23127015252e-38
6.03740674486e-38
3.46230110096e-37
8.19098707519e-36
2.11653489057e-44
0
0
0
0
0
0
0
0
0
0
0
0
0
0
0
0
0
0
0
0
0
0
0
0
0
0
0
0
0
0
0
0
0
0
0
0
0
0
0
0
0
0
0
0
0
0
0
0
0
0
0
0
0
0
0
0
0
0
0
0
0
0
0
0
0
0
0
0
0
0
0
0
0
0
0
0
0
0
0
0
0
0
0
0
4.43618990879e-41
2.69699127228e-40
4.06475041231e-40
4.43621428724e-40
8.82656236372e-40
6.43879616546e-39
7.18998286758e-39
1.08481226942e-38
2.55335596164e-38
1.49775033604e-37
4.78527692517e-36
200
200
5.09659953425e-44
0
0
0
0
0
0
0
0
0
0
0
0
0
0
0
0
0
0
0
0
0
0
0
0
0
0
0
0
0
0
0
0
0
0
0
0
0
0
0
0
0
0
0
0
0
0
0
0
0
0
0
0
0
0
0
0
0
0
0
0
0
0
0
0
0
0
0
0
0
0
0
0
0
0
0
0
0
0
0
0
0
7.04225921143e-41
3.00872682234e-40
2.98294005556e-40
5.52868333947e-40
2.67572745294e-39
2.38013772959e-39
2.57218343745e-39
4.08833474872e-39
7.19122461224e-39
1.74825850797e-38
9.78261775221e-38
4.39409889157e-36
200
200
200
200
200
0
0
0
0
0
0
0
0
0
0
0
0
0
0
0
0
0
0
0
0
0
0
0
0
0
0
0
0
0
0
0
0
0
0
0
0
0
0
0
0
0
0
0
0
0
0
0
0
0
0
0
0
0
0
0
0
0
0
0
0
0
0
0
0
0
0
0
0
0
0
0
0
0
0
3.06553242657e-43
3.40614714064e-43
2.14926627693e-43
3.42729982616e-41
2.37186742886e-40
3.08634272942e-40
3.01218763684e-40
1.55908885315e-39
1.48776503401e-39
1.51497901374e-39
1.76141569877e-39
2.23570737616e-39
2.99638762207e-39
4.21208578627e-39
7.60199087472e-39
3.81849887578e-38
3.11536462483e-36
200
200
200
200
200
22.6769186712
3.48475771315e-43
0
0
0
0
0
0
0
0
0
0
0
0
0
0
0
0
0
0
0
0
0
0
0
0
0
0
0
0
0
0
0
0
0
0
0
0
0
0
0
0
0
0
0
0
0
0
0
0
0
0
0
0
0
0
0
0
0
0
0
0
0
0
0
0
0
0
1.32547826962e-40
1.69027488926e-40
1.11131176517e-39
1.6960191199e-39
3.76515567466e-39
4.96770979606e-39
5.7320115098e-39
6.15057560991e-39
4.20002210757e-39
7.86065353508e-40
2.67178103737e-40
1.499763919e-39
1.10495162228e-39
1.04884251444e-39
1.17774251137e-39
1.38649077365e-39
1.61615526564e-39
1.93169404458e-39
2.40054511373e-39
3.02859899702e-39
4.14300802655e-39
8.92974455882e-39
1.85125524802e-36
200
200
200
200
4.13858758542e-33
2.55365798022e-37
1.89040691131e-36
5.33906513467e-37
9.25188657779e-44
0
0
0
0
0
0
0
0
0
0
0
0
0
0
0
0
0
0
0
0
0
0
0
0
0
0
0
0
0
0
0
0
0
0
0
0
0
0
0
0
0
0
0
0
0
0
0
0
0
0
0
0
0
0
0
0
0
0
0
0
0
0
1.4394050014e-39
7.61828239364e-39
1.55402312933e-38
2.3762725394e-38
2.83313180865e-38
3.04930631764e-38
3.40840547894e-38
3.04297276956e-38
2.73120127301e-38
1.92185434941e-38
7.50487253734e-39
3.11358223912e-39
1.37983188863e-39
9.46407537799e-40
9.44853494458e-40
1.04285520539e-39
1.15597058448e-39
1.30415870433e-39
1.48398232599e-39
1.71281290878e-39
2.01431655082e-39
2.39224991989e-39
2.91447928686e-39
4.01496237775e-39
8.74114390267e-37
200
200
200
2.71532731479e-33
3.9523715195e-36
4.32464356004e-37
6.71277803291e-38
4.58706623324e-40
9.59148486567e-40
9.98319581118e-42
0
0
0
0
0
0
0
0
0
0
0
0
0
0
0
0
0
0
0
0
0
0
0
0
0
0
0
0
0
0
0
0
0
0
0
0
0
0
0
0
0
0
0
0
0
0
0
0
0
0
0
0
0
0
0
0
0
0
0
0
0
6.99413452902e-39
2.02284803336e-38
2.1878400149e-38
2.26627843185e-38
2.46236232969e-38
2.63553494316e-38
2.79977935223e-38
2.85492770394e-38
2.71931333903e-38
2.43820583041e-38
1.95423014558e-38
4.17053443957e-39
1.60331743102e-39
1.19389839905e-39
1.07697750241e-39
1.09019247505e-39
1.15543006101e-39
1.26278836082e-39
1.3987598761e-39
1.56805432812e-39
1.77445386568e-39
2.02328671423e-39
2.32549301462e-39
2.77662999973e-39
3.51571788163e-37
200
65.8868102269
1.05197343604e-33
6.69337597628e-36
6.21719194377e-37
2.15993181551e-38
1.18431912835e-39
3.00892538458e-40
1.77575819302e-40
4.12718212932e-40
5.66182395521e-40
4.16911278821e-43
0
0
0
0
0
0
0
0
0
0
0
0
0
0
0
0
0
0
0
0
0
0
0
0
0
0
0
0
0
0
0
0
0
0
0
0
0
0
0
0
0
0
0
0
0
0
0
0
0
0
0
0
0
0
0
0
0
0
0
1.60432615469e-38
2.34540844117e-38
2.44870897923e-38
2.52857386744e-38
2.65319983729e-38
2.7626521726e-38
2.88291315588e-38
2.96274727541e-38
3.07051924271e-38
3.1100784618e-38
2.89354065342e-38
1.28886813798e-38
2.62672387226e-39
1.57469278655e-39
1.2539945003e-39
1.17922845914e-39
1.19431757829e-39
1.2555027437e-39
1.3526282154e-39
1.4784405211e-39
1.62572185822e-39
1.79843911001e-39
1.99243759954e-39
2.24916823673e-39
1.30663084145e-37
2.22232105688e-32
3.90142181892e-34
9.18158573489e-36
7.32382352843e-37
4.53818216581e-38
1.66229834481e-39
4.11456100133e-40
2.37713479553e-40
1.97350717378e-40
2.43616982898e-40
1.97251834426e-40
3.34179674757e-40
4.95308464124e-42
0
0
0
0
0
0
0
0
0
0
0
0
0
0
0
0
0
0
0
0
0
0
0
0
0
0
0
0
0
0
0
0
0
0
0
0
0
0
0
0
0
0
0
0
0
0
0
0
0
0
0
0
0
0
0
0
0
0
1.45773685753e-38
2.575243811e-38
2.60623059707e-38
2.78870646512e-38
2.88735592421e-38
2.95268106449e-38
3.03690492005e-38
3.12364762077e-38
3.25772903268e-38
3.48683820169e-38
3.6635010308e-38
2.38221978329e-38
4.13020817288e-39
2.01934296306e-39
1.49099757567e-39
1.31042712673e-39
1.2663306036e-39
1.28459444754e-39
1.34570842938e-39
1.4330411908e-39
1.54075328729e-39
1.66570612302e-39
1.79922753057e-39
1.96667554937e-39
3.87967336097e-38
1.1325101236e-34
9.90111008132e-36
9.42311739797e-37
7.23363842304e-38
2.14886512794e-39
3.70304381399e-40
2.34625356032e-40
1.7761564564e-40
1.59818237372e-40
1.59797276141e-40
1.47532634411e-40
1.2928609739e-40
3.00726209253e-40
7.96542273492e-41
0
0
0
0
0
0
0
0
0
0
0
0
0
0
0
0
0
0
0
0
0
0
0
0
0
0
0
0
0
0
0
0
0
0
0
0
0
0
0
0
0
0
0
0
0
0
0
0
0
0
0
0
0
0
0
0
0
0
3.93196670662e-38
3.05303146091e-38
3.22028013905e-38
3.26427103863e-38
3.26641881031e-38
3.31050986411e-38
3.36628128328e-38
3.50312273256e-38
3.66597088848e-38
3.98466399811e-38
3.45224170299e-38
8.86043734293e-39
2.63219841182e-39
1.76992891335e-39
1.47308763874e-39
1.36770851396e-39
1.34583002958e-39
1.37022828973e-39
1.4336050893e-39
1.51362366035e-39
1.60596141931e-39
1.70129939807e-39
200
200
1.18891076221e-35
1.17965473576e-36
1.06530676246e-37
7.47255144257e-40
2.89565988238e-40
1.99487246236e-40
1.59854081076e-40
1.43836413634e-40
1.29416928567e-40
1.29395967336e-40
1.29346799018e-40
1.43718665575e-40
2.02790112089e-40
4.93401041902e-40
2.52159773049e-40
0
0
0
0
0
0
0
0
0
0
0
0
0
0
0
0
0
0
0
0
0
0
0
0
0
0
0
0
0
0
0
0
0
0
0
0
0
0
0
0
0
0
0
0
0
0
0
0
0
0
0
0
0
0
0
0
0
6.58611280494e-38
4.23646314953e-38
4.06451822754e-38
3.86408376322e-38
3.72993645305e-38
3.67755176416e-38
3.70559390746e-38
3.75767657102e-38
3.89205907391e-38
4.09148392696e-38
4.371320762e-38
1.63588822388e-38
3.44905296005e-39
2.09789980887e-39
1.66799093775e-39
1.49452936142e-39
1.4266928696e-39
1.42813040992e-39
1.46088677379e-39
1.51927665005e-39
200
200
200
200
1.94559313321e-36
1.37053840305e-37
2.72112045014e-40
2.13433556322e-40
1.70809717248e-40
1.43697131145e-40
1.22597481327e-40
1.15057715039e-40
1.04810733542e-40
1.04791868435e-40
1.12828577189e-40
1.27891968027e-40
1.68899895959e-40
3.79792287052e-40
9.31670424273e-39
1.18443974198e-39
0
0
0
0
0
0
0
0
0
0
0
0
0
0
0
0
0
0
0
0
0
0
0
0
0
0
0
0
0
0
0
0
0
0
0
0
0
0
0
0
0
0
0
0
0
0
0
0
0
0
0
0
0
0
0
0
7.01066692489e-38
5.76191767641e-38
5.0732797716e-38
4.65365589405e-38
4.3241294531e-38
4.17777378437e-38
4.08624181181e-38
4.06705670212e-38
4.13049342572e-38
4.2637080396e-38
4.91747583249e-38
2.38430603324e-38
4.39724990419e-39
2.46007071862e-39
1.88578189858e-39
1.64268036818e-39
1.5418040497e-39
1.51128168564e-39
200
200
200
200
200
200
1.90909165295e-37
1.69979199374e-40
1.53334933599e-40
1.34850270694e-40
1.16793868334e-40
1.04838851796e-40
9.43296601881e-41
9.15217646604e-41
8.60562193566e-41
8.7583085321e-41
9.42728552534e-41
1.04721738886e-40
1.43635371503e-40
2.33200756241e-36
8.30722233973e-37
2.60948097628e-37
2.0291966087e-39
0
0
0
0
0
0
0
0
0
0
0
0
0
0
0
0
0
0
0
0
0
0
0
0
0
0
0
0
0
0
0
0
0
0
0
0
0
0
0
0
0
0
0
0
0
0
0
0
0
0
0
0
0
0
0
7.3904507229e-38
7.12848135317e-38
6.12453865477e-38
5.53462257209e-38
5.1068995429e-38
4.75807341433e-38
4.52807867891e-38
4.40641447513e-38
4.37604078867e-38
4.42392111805e-38
4.94176598653e-38
2.75653832426e-38
5.27545137274e-39
2.84160188126e-39
2.1224926748e-39
1.81465419266e-39
200
200
200
200
200
200
200
200
1.16954015982e-40
1.12100408488e-40
1.05412902806e-40
9.71250586752e-41
8.93746752663e-41
8.37130890494e-41
7.6377991352e-41
7.5737112663e-41
7.30697736841e-41
7.48869434136e-41
7.63211864172e-41
8.64670044733e-41
3.67941048385e-31
1.57799260651e-30
2.28930963526e-32
1.68671112667e-34
6.67681265302e-36
5.57358388915e-40
0
0
0
0
0
0
0
0
0
0
0
0
0
0
0
0
0
0
0
0
0
0
0
0
0
0
0
0
0
0
0
0
0
0
0
0
0
0
0
0
0
0
0
0
0
0
0
0
0
0
0
0
0
0
6.37122093137e-38
8.30055080877e-38
7.03050337306e-38
6.36843861554e-38
5.86507148157e-38
5.37559814502e-38
5.00592166077e-38
4.74344148345e-38
4.59060555557e-38
4.5241706737e-38
4.89885714009e-38
2.66864424319e-38
200
200
200
200
200
200
200
200
200
200
200
200
8.53880818896e-41
8.27969621329e-41
7.95849531709e-41
7.59775738396e-41
7.0973541485e-41
6.82029221982e-41
6.33801358541e-41
6.18201609979e-41
6.18201609979e-41
6.18012958905e-41
6.42748423999e-41
1.34944557858e-25
200
200
200
7.47757949627e-29
3.55380648729e-33
3.61214410021e-35
9.09594520056e-41
0
0
0
0
0
0
0
0
0
0
0
0
0
0
0
0
0
0
0
0
0
0
0
0
0
0
0
0
0
0
0
0
0
0
0
0
0
0
0
0
0
0
0
0
0
0
0
0
0
0
0
0
0
4.51600975348e-38
9.07808425157e-38
200
200
200
200
200
200
200
200
200
200
200
200
200
200
200
200
200
200
200
200
200
200
6.7174313715e-41
6.61770148087e-41
6.43042832758e-41
6.18735856807e-41
5.91958738429e-41
5.56492845555e-41
5.44128494431e-41
5.2020769802e-41
5.07492915994e-41
5.14825239457e-41
5.51838792021e-41
200
200
200
200
200
200
6.41461732311e-32
2.92583669281e-35
2.36504308795e-43
0
0
0
0
0
0
0
0
0
0
0
0
0
0
0
0
0
0
0
0
0
0
0
0
0
0
0
0
0
0
0
0
0
0
0
0
0
0
0
0
0
0
0
0
0
0
0
0
0
0
0
0
200
200
200
200
200
200
200
200
200
200
200
200
200
200
200
200
200
200
200
200
200
200
200
200
5.65276022834e-41
5.48695436384e-41
5.37954403838e-41
5.21421866427e-41
4.97297233277e-41
4.76877174209e-41
4.54458203091e-41
4.4439145107e-41
4.37115701802e-41
4.41319551824e-41
4.50208853703e-41
5.00420710745e-41
200
200
200
200
200
200
5.19380673282e-32
6.12234929023e-37
0
0
0
0
0
0
0
0
0
0
0
0
0
0
0
0
0
0
0
0
0
0
0
0
0
0
0
0
0
0
0
0
0
0
0
0
0
0
0
0
0
0
0
0
0
0
0
0
0
0
0
200
200
200
200
200
200
200
200
200
200
200
200
200
200
200
200
200
200
200
200
200
200
200
200
200
4.76693677763e-41
4.70142780153e-41
4.54822015344e-41
4.35637660996e-41
4.22706741638e-41
3.97600874573e-41
3.8526385509e-41
3.7342729389e-41
3.65590103264e-41
3.66118866112e-41
3.80379474313e-41
4.15466940488e-41
5.22505939705e-41
200
200
200
200
200
200
2.96733639339e-33
3.86624749481e-37
0
0
0
0
0
0
0
0
0
0
0
0
0
0
0
0
0
0
0
0
0
0
0
0
0
0
0
0
0
0
0
0
0
0
0
0
0
0
0
0
0
0
0
0
0
0
0
0
0
200
200
200
200
200
200
200
200
200
200
200
200
200
200
200
200
200
200
200
200
200
200
200
200
200
200
4.00666882055e-41
3.88874660299e-41
3.81484108055e-41
3.68317631667e-41
3.5083023534e-41
3.41876609004e-41
3.24904738474e-41
3.15720046764e-41
3.10796956639e-41
3.1039308291e-41
3.17550615296e-41
3.41500661435e-41
4.09860084508e-41
5.18390363512e-39
200
200
200
200
200
4.734770351e-26
1.47467910685e-34
6.86665678654e-40
0
0
0
0
0
0
0
0
0
0
0
0
0
0
0
0
0
0
0
0
0
0
0
0
0
0
0
0
0
0
0
0
0
0
0
0
0
0
0
0
0
0
0
0
0
0
0
0
200
200
200
200
200
200
200
200
200
200
200
200
200
200
200
200
200
200
200
200
200
200
200
200
200
200
3.36353889452e-41
3.30008280669e-41
3.23244504474e-41
3.13099134339e-41
3.03528769584e-41
2.90006402625e-41
2.81332194303e-41
2.74782878145e-41
2.68527559438e-41
2.65025672721e-41
2.69898237324e-41
2.8146294123e-41
3.188400239e-41
1.74061207577e-39
7.02558453798e-38
200
200
200
200
200
1.13342332174e-31
3.27431806091e-37
6.18220641463e-41
0
0
0
0
0
0
0
0
0
0
0
0
0
0
0
0
0
0
0
0
0
0
0
0
0
0
0
0
0
0
0
0
0
0
0
0
0
0
0
0
0
0
0
0
0
0
200
200
200
200
200
200
200
200
200
200
200
200
200
200
200
200
200
200
200
200
200
200
200
200
200
200
200
2.95412061538e-41
2.89058707993e-41
2.82118512774e-41
2.74768479716e-41
2.65931616097e-41
2.55106530497e-41
2.50005383498e-41
2.41557704093e-41
2.33159344968e-41
2.30605911785e-41
2.30636933444e-41
2.35898108866e-41
2.55698295845e-41
4.90162804714e-41
3.38192085096e-38
6.25481283507e-38
200
200
200
200
1.13567754302e-23
4.34683490128e-37
4.45018890885e-37
0
0
0
0
0
0
0
0
0
0
0
0
0
0
0
0
0
0
0
0
0
0
0
0
0
0
0
0
0
0
0
0
0
0
0
0
0
0
0
0
0
0
0
0
0
0
200
200
200
200
200
200
200
200
200
200
200
200
200
200
200
200
200
200
200
200
200
200
200
200
200
200
200
2.66093730323e-41
2.60343942073e-41
2.54557674422e-41
2.47560548226e-41
2.40336953654e-41
2.31055839854e-41
2.25303767204e-41
2.1557910656e-41
2.07158400379e-41
2.03614069458e-41
2.01649812323e-41
2.03162693306e-41
2.12261719923e-41
2.54015132653e-41
8.69883015957e-39
8.87295619257e-38
5.58449718297e-38
8.1117085838e-38
200
200
200
3.3493873855e-37
6.69656485444e-37
4.52515340307e-37
0
0
0
0
0
0
0
0
0
0
0
0
0
0
0
0
0
0
0
0
0
0
0
0
0
0
0
0
0
0
0
0
0
0
0
0
0
0
0
0
0
0
0
0
200
200
200
200
200
200
200
200
200
200
200
200
200
200
200
200
200
200
200
200
200
200
200
200
200
200
200
200
2.46103182647e-41
2.39941064148e-41
2.35536191669e-41
2.28245882625e-41
2.20135386006e-41
2.12668604121e-41
2.03378033985e-41
1.94426444227e-41
1.8519973656e-41
1.80651295038e-41
1.75254775552e-41
1.73238126836e-41
1.78891094023e-41
1.96689701817e-41
1.54047407811e-39
4.47981247795e-38
5.34139624954e-38
8.16580818271e-38
1.18999951381e-37
1.59000060109e-37
2.39371189011e-37
3.27885426359e-37
5.23102676608e-37
1.18452956609e-36
6.19851233742e-36
0
0
0
0
0
0
0
0
0
0
0
0
0
0
0
0
0
0
0
0
0
0
0
0
0
0
0
0
0
0
0
0
0
0
0
0
0
0
0
0
0
0
0
200
200
200
200
200
200
200
200
200
200
200
200
200
200
200
200
200
200
200
200
200
200
200
200
200
200
200
200
2.31809336881e-41
2.25317319957e-41
2.2042428288e-41
2.13612483901e-41
2.05059234648e-41
1.96228322451e-41
1.86059370954e-41
1.75946443665e-41
1.66102753724e-41
1.58553889471e-41
1.51497121319e-41
1.48268968719e-41
1.47995930534e-41
1.55223159743e-41
2.06674264847e-41
8.43360422018e-39
4.92161358319e-38
6.46391251282e-38
1.34792780919e-37
2.03890447391e-37
3.05820123048e-37
4.15810763837e-37
6.39161759682e-37
1.59855513163e-36
4.55147792653e-36
3.23259614093e-37
0
0
0
0
0
0
0
0
0
0
0
0
0
0
0
0
0
0
0
0
0
0
0
0
0
0
0
0
0
0
0
0
0
0
0
0
0
0
0
0
0
0
200
200
200
200
200
200
200
200
200
200
200
200
200
200
200
200
200
200
200
200
200
200
200
200
200
200
200
200
2.23233005665e-41
2.14996750601e-41
2.09599331044e-41
2.02374959089e-41
1.91789625311e-41
1.82248529175e-41
1.70995284408e-41
1.59459909764e-41
1.49337925238e-41
1.4026931704e-41
1.32724374336e-41
1.26966032369e-41
1.2255307627e-41
1.22771273251e-41
1.33574064266e-41
7.25479825418e-40
1.40675097298e-38
3.21903086151e-38
7.26007764084e-38
1.37736837064e-37
2.68479206933e-37
4.6721306132e-37
8.45433021872e-37
1.08923361028e-36
1.12475008144e-36
2.8110359574e-36
0
0
0
0
0
0
0
0
0
0
0
0
0
0
0
0
0
0
0
0
0
0
0
0
0
0
0
0
0
0
0
0
0
0
0
0
0
0
0
0
0
0
200
200
200
200
200
200
200
200
200
200
200
200
200
200
200
200
200
200
200
200
200
200
200
200
200
200
200
200
2.20640138811e-41
2.09917846466e-41
2.03009240942e-41
1.93899809517e-41
1.82868841326e-41
1.70817119496e-41
1.5840430649e-41
1.46652854973e-41
1.35316407551e-41
1.25595274757e-41
1.17828712147e-41
1.10919499291e-41
1.06637507042e-41
1.02874452687e-41
1.02901130679e-41
1.16370765768e-41
1.90510359406e-39
9.35879033132e-39
2.10510314701e-38
4.8190976356e-38
9.22813654928e-38
1.90145375128e-37
3.56757333483e-37
5.86041334581e-37
7.32382283314e-37
1.15222541155e-36
7.43211598046e-36
1.3360795987e-29
0
0
0
0
0
0
0
0
0
0
0
0
0
0
0
0
0
0
0
0
0
0
0
0
0
0
0
0
0
0
0
0
0
0
0
0
0
0
0
200
200
200
200
200
200
200
200
200
200
200
200
200
200
200
200
200
200
200
200
200
200
200
200
200
200
200
200
200
2.27227967729e-41
2.11097764322e-41
2.01687629706e-41
1.90749146134e-41
1.76651832131e-41
1.63032998049e-41
1.49407751545e-41
1.36160215395e-41
1.24804668861e-41
1.14484012937e-41
1.06154918035e-41
9.97692578531e-42
9.37038169703e-42
8.79934240007e-42
8.55981480543e-42
8.57763616218e-42
1.65508977418e-41
1.59290841812e-39
4.08104325726e-39
9.35957813311e-39
2.00746794714e-38
4.25877036688e-38
8.64187471162e-38
1.82448137421e-37
3.42840483885e-37
7.17741673651e-37
9.29394059875e-30
111.085197373
0
0
0
0
0
0
0
0
0
0
0
0
0
0
0
0
0
0
0
0
0
0
0
0
0
0
0
0
0
0
0
0
0
0
0
0
0
0
0
200
200
200
200
200
200
200
200
200
200
200
200
200
200
200
200
200
200
200
200
200
200
200
200
200
200
200
200
200
200
2.24562243214e-41
2.08216757044e-41
1.90687948768e-41
1.74286539338e-41
1.58016181758e-41
1.4318586507e-41
1.29372404504e-41
1.17553707842e-41
1.06970596387e-41
9.87591366387e-42
9.06482063804e-42
8.36656169756e-42
7.73761087717e-42
7.09762466205e-42
6.75149429084e-42
6.78561343424e-42
9.36038561702e-41
7.95328349176e-40
1.65202315933e-39
3.1987196516e-39
5.68653927173e-39
1.08251275174e-38
2.79417544141e-38
1.14951635803e-37
3.28388545482e-35
3.20803315695e-29
3.15265710657e-37
88.8099403997
0
0
0
0
0
0
0
0
0
0
0
0
0
0
0
0
0
0
0
0
0
0
0
0
0
0
0
0
0
0
0
0
0
0
0
0
0
0
200
200
200
200
200
200
200
200
200
200
200
200
200
200
200
200
200
200
200
200
200
200
200
200
200
200
200
200
200
5.40446955109e-27
2.61720762488e-41
2.2885850165e-41
1.9984229404e-41
1.76614553124e-41
1.56548412051e-41
1.39187522628e-41
1.24287155022e-41
1.10807398718e-41
1.013997568e-41
9.19812338825e-42
8.3668857019e-42
7.54119474576e-42
6.7478473289e-42
6.01148911826e-42
5.40900812635e-42
5.01774258936e-42
5.14967747617e-42
8.46230192784e-41
2.65342541345e-40
4.86526279538e-40
8.06831002826e-40
1.17358227827e-39
1.62469696425e-39
2.91554441687e-39
1.40731629483e-38
9.89338764801e-38
1.20278169778e-38
200
0
0
0
0
0
0
0
0
0
0
0
0
0
0
0
0
0
0
0
0
0
0
0
0
0
0
0
0
0
0
0
0
0
0
0
0
0
200
200
200
200
200
200
200
200
200
200
200
200
200
200
200
200
200
200
200
200
200
200
200
200
200
200
200
200
200
200
1.2603824906e-35
3.72455264546e-41
2.80286999804e-41
2.21198511716e-41
1.84098947141e-41
1.57758398723e-41
1.37677065785e-41
1.2065120465e-41
1.07823344437e-41
9.66543002886e-42
8.71533652107e-42
7.83513148887e-42
6.9360628906e-42
6.03083045132e-42
5.2243596729e-42
4.56738785454e-42
4.0045258437e-42
3.59137368405e-42
4.62173116351e-42
2.97496988372e-41
5.52129624205e-41
9.57210899166e-41
1.38169027754e-40
1.28686452035e-40
9.19733312772e-41
2.73698793865e-41
2.39088374042e-41
1.04104875218e-41
1.62108192551e-40
200
0
0
0
0
0
0
0
0
0
0
0
0
0
0
0
0
0
0
0
0
0
0
0
0
0
0
0
0
0
0
0
0
0
0
0
0
200
200
200
200
200
200
200
200
200
200
200
200
200
200
200
200
200
200
200
200
200
200
200
200
200
200
200
200
200
200
9.33003074159e-35
1.12569970247e-32
199.979514448
2.60925239515e-41
1.96277984691e-41
1.61459170161e-41
1.37345851884e-41
1.18916665571e-41
1.05560508466e-41
9.4274909998e-42
8.37814248419e-42
7.46894958311e-42
6.54251452346e-42
5.61805666776e-42
4.7979896786e-42
4.05262494223e-42
3.2108337074e-42
2.07900532251e-42
2.25468855905e-42
4.00550178201e-42
7.35334855568e-42
1.03231473327e-41
9.8757349895e-42
5.6327666435e-42
7.33652732266e-42
1.02582392833e-41
1.7426583886e-41
2.95683913628e-41
1.97393283246e-40
2.74580883276e-39
0
0
0
0
0
0
0
0
0
0
0
0
0
0
0
0
0
0
0
0
0
0
0
0
0
0
0
0
0
0
0
0
0
0
0
2.11653489057e-44
200
200
200
200
200
200
200
200
200
200
200
200
200
200
200
200
200
200
200
200
200
200
200
200
200
200
200
200
200
200
3.38920030469e-34
1.09764692146e-35
1.22221984761e-29
200
6.97745300596e-25
1.65804591961e-41
1.36917358513e-41
1.17833031491e-41
1.04046701273e-41
9.24082294448e-42
8.23046933189e-42
7.26826796543e-42
6.26060756134e-42
5.34164857723e-42
4.45347921514e-42
3.51519152101e-42
2.49564953563e-42
1.33393882774e-42
2.36502460198e-43
4.22568179151e-43
4.93824058548e-43
5.60619860856e-43
1.25378740646e-42
1.82072413603e-42
3.00269771087e-42
6.25308847374e-42
1.56758046873e-41
6.01146451335e-41
3.34453446935e-40
3.00999981431e-40
1.00256915869e-44
0
0
0
0
0
0
0
0
0
0
0
0
0
0
0
0
0
0
0
0
0
0
0
0
0
0
0
0
0
0
0
0
0
0
200
200
200
200
200
200
200
200
200
200
200
200
200
200
200
200
200
200
200
200
200
200
200
200
200
200
200
200
200
200
200
2.69415657171e-34
2.8618467469e-34
2.95061076852e-34
5.727209737e-34
1.19795908597e-28
200
200
1.2232757242e-41
1.05489206636e-41
9.30855837203e-42
8.22795030378e-42
7.23656711055e-42
6.08882759401e-42
5.21170470868e-42
4.29925024547e-42
3.54401575153e-42
2.62084070257e-42
1.2563141017e-42
2.36502460198e-43
3.818269172e-43
4.82684401229e-43
5.49480203538e-43
6.93610517243e-43
1.62489905907e-42
2.29195579628e-42
4.87163028428e-42
1.41082242185e-41
2.9576512173e-41
5.57178649771e-41
2.2838349861e-42
1.62465524817e-39
0
0
0
0
0
0
0
0
0
0
0
0
0
0
0
0
0
0
0
0
0
0
0
0
0
0
0
0
0
0
0
0
0
0
200
200
200
200
200
200
200
200
200
200
200
200
200
200
200
200
200
200
200
200
200
200
200
200
200
200
200
200
200
200
200
)
;

boundaryField
{
    frontAndBack
    {
        type            empty;
    }
    leftWall
    {
        type            calculated;
        value           uniform 0;
    }
    outlet
    {
        type            calculated;
        value           uniform 0;
    }
    rightWall
    {
        type            calculated;
        value           uniform 0;
    }
    inlet
    {
        type            calculated;
        value           uniform 1.49851787699e-38;
    }
}


// ************************************************************************* //
