/*--------------------------------*- C++ -*----------------------------------*\
| =========                 |                                                 |
| \\      /  F ield         | OpenFOAM: The Open Source CFD Toolbox           |
|  \\    /   O peration     | Version:  v1906                                 |
|   \\  /    A nd           | Web:      www.OpenFOAM.com                      |
|    \\/     M anipulation  |                                                 |
\*---------------------------------------------------------------------------*/
FoamFile
{
    version     2.0;
    format      ascii;
    class       volScalarField;
    location    "97";
    object      alpha;
}
// * * * * * * * * * * * * * * * * * * * * * * * * * * * * * * * * * * * * * //

dimensions      [0 0 -1 0 0 0 0];


internalField   nonuniform List<scalar> 
9216
(
131.855662934
199.978330797
199.979995116
199.979995116
199.979995116
199.981366308
199.981366308
199.981366308
199.981366308
199.981366308
199.980018327
199.977262621
199.977621335
199.974395798
199.974395798
199.974395798
199.977262621
199.979584747
199.979584747
199.979584747
199.979584747
199.974457801
199.97333008
199.97333008
199.97333008
199.97333008
199.96937703
199.967583838
199.96607341
199.96313274
199.962318606
199.953562928
199.956303238
199.96502714
199.965823114
199.97041592
199.970678103
199.970678103
199.970678103
199.970678103
199.970678103
199.967972662
199.963233674
199.962791089
199.966308613
199.966308613
199.966308613
199.966308613
199.966308613
199.966089619
199.967173839
199.968317547
199.969580766
199.970678103
199.970678103
199.969939976
199.967450261
199.964251879
199.958998403
199.95131361
199.944580084
199.938528433
199.93387708
199.928206951
199.917599437
199.902010524
199.887604492
199.882790385
199.866380011
199.845695363
199.826676728
199.803616835
199.783429659
199.763851763
199.728515675
199.667708406
199.599003529
199.524599545
199.403888926
199.181011931
198.586492967
193.070713736
182.037773997
167.524044955
152.454492192
141.212589766
128.87305876
109.80397187
86.5793124424
67.3417206089
50.2594632863
37.3020747243
27.2862759037
18.0594332834
11.1270363649
1.22004123878
199.97696805
199.981223874
199.981366308
199.981366308
199.981366308
199.981366308
199.981366308
199.979995116
199.979995116
199.979995116
199.979995116
199.979995116
199.977414975
199.974548153
199.974548153
199.974548153
199.975597072
199.975722145
199.975722145
199.974466096
199.978471569
199.976778739
199.974198598
199.971391821
199.970266057
199.970266057
199.970266057
199.970266057
199.970217825
199.965896567
199.962357281
199.962357281
199.962357281
199.962357281
199.962357281
199.962357281
199.962357281
199.959171922
199.959171922
199.9563051
199.9563051
199.9563051
199.9563051
199.951450111
199.951450111
199.951450111
199.951450111
199.951450111
199.951450111
199.951450111
199.951450111
199.951450111
199.951450111
199.947307816
199.944050341
199.943597282
199.9403226
199.934791594
199.917759096
199.902692643
199.890547582
199.880478903
199.871038067
199.866557831
199.855077552
199.831503767
199.805845634
199.797047639
199.798848054
199.805306433
199.796824098
199.76849017
199.734946342
199.698293842
199.65269239
199.587136388
199.526345468
199.521127047
199.539667083
199.413581623
199.178944848
198.096424487
191.689476223
181.021489367
168.339620325
155.014094533
143.350582486
122.892929307
103.957514362
80.3111933893
60.1114871571
48.435637285
39.1575800215
24.8564125729
16.4919936593
13.6268220177
199.979995116
199.981540915
199.980958805
199.981876038
199.979995116
199.979995116
199.979995116
199.979995116
199.979995116
199.979995116
199.978471569
199.978471569
199.978471569
199.978471569
199.971331776
199.974198598
199.974198598
199.974198598
199.974198598
199.974198598
199.974198598
199.974198598
199.974198598
199.970266057
199.970266057
199.966483393
199.963029745
199.959490458
199.959490458
199.959490458
199.9563051
199.9563051
199.951450111
199.951450111
199.951450111
199.951450111
199.951450111
199.951450111
199.951450111
199.951450111
199.951450111
199.951450111
199.946055679
199.946055679
199.938655909
199.938655909
199.931996116
199.931996116
199.926002303
199.917780337
199.917780337
199.917780337
199.917780337
199.917780337
199.917780337
199.917780337
199.917780337
199.914457666
199.905415888
199.888344538
199.872747865
199.860293099
199.848723616
199.834625421
199.812067385
199.780164817
199.745805186
199.717392474
199.685543514
199.640680366
199.592095808
199.583298287
199.519303621
199.543784139
199.469671417
199.362333386
199.28008216
199.197722581
199.075360539
198.967830183
198.775359313
196.606322225
187.502897613
178.06039514
166.135253443
152.154954015
132.848698437
124.461972031
111.386914481
83.8645629913
57.1691493208
53.1220777049
38.0962405668
29.1882998227
25.9101913221
17.247814813
199.981366308
199.981876038
199.981876038
199.981876038
199.979995116
199.979995116
199.979995116
199.979995116
199.978471569
199.978471569
199.978471569
199.978471569
199.978471569
199.974198598
199.974198598
199.974198598
199.974198598
199.974198598
199.974198598
199.974198598
199.974198598
199.971331776
199.971331776
199.967399235
199.963029745
199.959490458
199.9563051
199.9563051
199.951450111
199.951450111
199.951450111
199.951450111
199.951450111
199.951450111
199.951450111
199.951450111
199.946055679
199.946055679
199.946055679
199.946055679
199.932662096
199.926002303
199.917780337
199.917780337
199.917780337
199.917780337
199.917780337
199.917780337
199.917780337
199.917780337
199.908644819
199.908644819
199.908644819
199.908644819
199.908644819
199.908644819
199.908644819
199.908644819
199.907814968
199.895122907
199.878146554
199.862644312
199.845909358
199.830683922
199.808743109
199.776737072
199.73937895
199.706859496
199.676342418
199.634135453
199.588039715
199.530206964
199.46178254
199.441782924
199.333964312
199.222590645
199.130324987
199.037911629
198.915850943
198.698665634
196.748187664
184.492190733
176.863561352
169.364167237
160.180329682
145.033486002
131.623238333
123.755258876
103.850771913
90.4299004558
73.0108514774
49.7994136833
46.7836487633
38.2149469919
31.7370573172
20.2844238537
199.981366308
199.981876038
199.981876038
199.980925282
199.979995116
199.979995116
199.979995116
199.978471569
199.978471569
199.978471569
199.978471569
199.978471569
199.974198598
199.974198598
199.974198598
199.974198598
199.974198598
199.974198598
199.974198598
199.971331776
199.971331776
199.971331776
199.967399235
199.963029745
199.9563051
199.9563051
199.951450111
199.951450111
199.951450111
199.951450111
199.951450111
199.951450111
199.946055679
199.946055679
199.946055679
199.946055679
199.946055679
199.940061865
199.926002303
199.917780337
199.917780337
199.917780337
199.917780337
199.917780337
199.908644819
199.908644819
199.908644819
199.908644819
199.908644819
199.908644819
199.908644819
199.908644819
199.898494243
199.898494243
199.898494243
199.898494243
199.898494243
199.898494243
199.898494243
199.881240899
199.865261066
199.841994905
199.816514258
199.797346177
199.774748229
199.735931993
199.70886177
199.689360934
199.651932646
199.606788823
199.565047237
199.534258233
199.465391064
199.373902478
199.245342471
199.139316354
199.122514449
199.039005276
198.918645194
198.697206619
196.556542126
184.600618652
176.883540071
164.648469165
151.123453526
135.478197585
122.158675132
115.958952072
113.273735022
92.9016247302
80.985671394
60.2215037952
45.6162583305
45.7738757425
41.8530294078
30.0835905875
199.981366308
199.981876038
199.981876038
199.979995116
199.979995116
199.979995116
199.978471569
199.978471569
199.978471569
199.978471569
199.978471569
199.976778739
199.974198598
199.974198598
199.974198598
199.974198598
199.974198598
199.971331776
199.971331776
199.971331776
199.971331776
199.967399235
199.963029745
199.9563051
199.951450111
199.951450111
199.951450111
199.951450111
199.951450111
199.951450111
199.946055679
199.946055679
199.946055679
199.946055679
199.946055679
199.940061865
199.926002303
199.926002303
199.917780337
199.917780337
199.917780337
199.917780337
199.908644819
199.908644819
199.908644819
199.908644819
199.908644819
199.898494243
199.898494243
199.898494243
199.898494243
199.898494243
199.887215825
199.887215825
199.887215825
199.87468425
199.87468425
199.860760278
199.860760278
199.844368363
199.780955509
199.734050666
199.699983135
199.676888128
199.659698039
199.6441896
199.600664378
199.594341146
199.568835838
199.532152289
199.492407782
199.429684506
199.347809287
199.233273912
199.147405666
199.1375972
199.060519324
198.901834853
198.804952453
198.678576067
196.661275791
182.176479499
170.369826171
162.778092295
149.972176288
135.46312723
130.351872921
116.333875524
100.592686592
85.0803648829
87.0735825929
75.4964388244
55.0501752723
51.4712154691
50.8445596903
38.4119232997
199.981366308
199.981876038
199.981876038
199.979995116
199.979995116
199.978471569
199.978471569
199.978471569
199.978471569
199.978471569
199.978471569
199.974198598
199.974198598
199.974198598
199.971331776
199.971331776
199.971331776
199.971331776
199.971331776
199.971331776
199.971331776
199.963029745
199.9563051
199.951450111
199.951450111
199.951450111
199.951450111
199.951450111
199.946055679
199.946055679
199.946055679
199.946055679
199.946055679
199.940061865
199.940061865
199.926002303
199.917780337
199.917780337
199.917780337
199.917780337
199.908644819
199.908644819
199.908644819
199.908644819
199.898494243
199.898494243
199.898494243
199.898494243
199.898494243
199.887215825
199.887215825
199.887215825
199.87468425
199.87468425
199.860760278
199.860760278
199.845289198
199.845289198
199.784970817
199.680920371
199.659698039
199.600664378
199.600664378
199.600664378
199.556293753
199.556293753
199.556293753
199.556293753
199.506993059
199.506860204
199.485947109
199.425573801
199.348036541
199.253522466
199.154579071
199.132537224
199.002706576
198.873740847
198.820032332
198.386520864
190.767115825
179.917901118
166.020480125
156.54477434
146.74280935
135.046905194
125.688049222
116.755298125
100.112531143
94.7173395175
81.9152342397
83.1047069671
72.780074335
59.4996759831
59.548743969
46.5322948521
199.981366308
199.981876038
199.981876038
199.979995116
199.979995116
199.980352491
199.980352491
199.978471569
199.978471569
199.978471569
199.975891428
199.974198598
199.974198598
199.971331776
199.971331776
199.971331776
199.971331776
199.971331776
199.971331776
199.971331776
199.967399235
199.959490458
199.951450111
199.951450111
199.951450111
199.951450111
199.951450111
199.946055679
199.946055679
199.946055679
199.946055679
199.946055679
199.940061865
199.940061865
199.926002303
199.917780337
199.917780337
199.917780337
199.908644819
199.908644819
199.908644819
199.908644819
199.908644819
199.898494243
199.898494243
199.898494243
199.898494243
199.887215825
199.887215825
199.887215825
199.87468425
199.87468425
199.860760278
199.860760278
199.845289198
199.845289198
199.828099109
199.688515721
199.64059794
199.600664378
199.600664378
199.556293753
199.556293753
199.506993059
199.506993059
199.45221451
199.45221451
199.391349456
199.391349456
199.391349456
199.323721617
199.322821024
199.271141664
199.189474822
199.091544781
199.005190142
198.940727982
198.833990242
198.792600637
198.116128419
191.519535523
176.880045483
166.454311049
157.899068168
144.525115652
135.279939375
120.922632644
111.100284223
102.481352435
99.0171028668
91.7178187352
81.9845361714
83.4588740203
66.9567051579
67.8856213568
54.9781943333
199.982166699
199.981876038
199.981876038
199.981876038
199.980352491
199.980352491
199.980352491
199.978471569
199.978471569
199.978471569
199.975891428
199.974198598
199.971331776
199.971331776
199.971331776
199.971331776
199.971331776
199.971331776
199.971331776
199.971331776
199.963029745
199.9563051
199.951450111
199.951450111
199.951450111
199.951450111
199.946055679
199.946055679
199.946055679
199.946055679
199.946055679
199.940061865
199.940061865
199.926002303
199.917780337
199.917780337
199.917780337
199.908644819
199.908644819
199.908644819
199.908644819
199.898494243
199.898494243
199.898494243
199.898494243
199.887215825
199.887215825
199.887215825
199.87468425
199.87468425
199.860760278
199.860760278
199.845289198
199.845289198
199.828099109
199.772787132
199.64059794
199.600664378
199.600664378
199.556293753
199.556293753
199.506993059
199.506993059
199.45221451
199.391349456
199.391349456
199.323721617
199.323721617
199.248579575
199.248579575
199.248579575
199.165088416
199.165088416
199.123821401
199.033639424
198.946297328
198.836530719
198.839800128
198.697823582
197.290829754
188.254631619
173.872339493
165.270976027
155.687021381
146.731206517
137.451867641
126.000761975
112.169473245
103.261564314
91.824373771
97.2638824382
91.7070736285
84.9121360214
79.3723637137
74.5103108241
62.4575306883
199.98324723
199.981876038
199.981876038
199.981876038
199.980352491
199.980352491
199.980352491
199.978471569
199.978471569
199.978471569
199.975891428
199.974198598
199.971331776
199.971331776
199.971331776
199.971331776
199.971331776
199.971331776
199.971331776
199.967399235
199.9563051
199.951450111
199.951450111
199.951450111
199.951450111
199.946055679
199.946055679
199.946055679
199.946055679
199.946055679
199.940061865
199.933402073
199.926002303
199.917780337
199.917780337
199.917780337
199.908644819
199.908644819
199.908644819
199.908644819
199.898494243
199.898494243
199.898494243
199.898494243
199.887215825
199.887215825
199.87468425
199.87468425
199.860760278
199.860760278
199.860760278
199.845289198
199.845289198
199.828099109
199.721340847
199.64059794
199.600664378
199.556293753
199.556293753
199.506993059
199.506993059
199.45221451
199.391349456
199.323721617
199.323721617
199.248579575
199.248579575
199.165088416
199.165088416
199.072320463
199.072320463
199.072320463
199.072320463
198.969244959
198.933902686
198.886062638
198.821632019
198.822372223
198.636491847
196.319020136
182.895122531
173.846001848
163.215976191
154.173442131
147.095479601
137.63832142
125.32947073
114.741331
106.053503571
99.6130621675
93.718386513
96.816035234
92.1083283881
89.6731991639
81.1149616891
71.0616176314
199.98324723
199.981876038
199.981876038
199.981876038
199.980352491
199.980352491
199.980352491
199.978471569
199.978471569
199.975891428
199.974198598
199.971331776
199.971331776
199.971331776
199.971331776
199.971331776
199.971331776
199.971331776
199.971331776
199.959844387
199.9563051
199.951450111
199.951450111
199.951450111
199.946055679
199.946055679
199.946055679
199.946055679
199.940061865
199.940061865
199.940061865
199.926002303
199.926002303
199.917780337
199.917780337
199.908644819
199.908644819
199.908644819
199.898494243
199.898494243
199.898494243
199.898494243
199.887215825
199.887215825
199.887215825
199.87468425
199.87468425
199.860760278
199.860760278
199.845289198
199.845289198
199.828099109
199.828099109
199.721340847
199.600664378
199.600664378
199.556293753
199.556293753
199.506993059
199.45221451
199.391349456
199.323721617
199.323721617
199.248579575
199.165088416
199.165088416
199.072320463
199.072320463
198.969244959
198.969244959
198.969244959
198.854716621
198.854716621
198.854716621
198.854716621
198.854716621
198.832639579
198.72410628
198.453122042
194.263782749
182.004300614
174.291957627
163.942867226
155.888626517
147.428390964
133.969709757
124.006387438
116.428834539
112.833142872
106.768687015
102.266421499
94.5885194306
98.0410079992
101.516756982
88.5374385304
77.5239143988
199.98324723
199.981876038
199.981876038
199.981876038
199.980352491
199.980352491
199.980352491
199.978471569
199.978471569
199.975891428
199.974198598
199.971331776
199.971331776
199.971331776
199.971331776
199.971331776
199.971331776
199.971331776
199.968146418
199.9563051
199.951450111
199.951450111
199.951450111
199.946055679
199.946055679
199.946055679
199.946055679
199.940061865
199.940061865
199.940061865
199.926002303
199.926002303
199.917780337
199.917780337
199.908644819
199.908644819
199.908644819
199.898494243
199.898494243
199.898494243
199.898494243
199.887215825
199.887215825
199.887215825
199.87468425
199.87468425
199.860760278
199.860760278
199.845289198
199.845289198
199.828099109
199.828099109
199.721340847
199.600664378
199.556293753
199.556293753
199.506993059
199.506993059
199.45221451
199.391349456
199.323721617
199.248579575
199.165088416
199.165088416
199.072320463
199.072320463
198.969244959
198.854716621
198.854716621
198.854716621
198.727462912
198.727462912
198.727462912
198.586069902
198.586069902
198.586069902
198.586069902
198.577283027
198.087964813
192.272035907
182.373470836
175.514445428
164.503027307
157.214095987
146.761628236
135.170876889
127.717622034
121.381458982
114.820028148
110.927200979
106.748673969
103.599821225
98.4767015052
106.082821604
95.7240266166
82.6496906589
199.985569356
199.984198164
199.981876038
199.981876038
199.980352491
199.980352491
199.980352491
199.978471569
199.978471569
199.975891428
199.974198598
199.971331776
199.971331776
199.971331776
199.971331776
199.971331776
199.971331776
199.968146418
199.959844387
199.9563051
199.951450111
199.951450111
199.951450111
199.946055679
199.946055679
199.946055679
199.940061865
199.940061865
199.940061865
199.933402073
199.926002303
199.917780337
199.917780337
199.908644819
199.908644819
199.908644819
199.898494243
199.898494243
199.898494243
199.887215825
199.887215825
199.887215825
199.87468425
199.87468425
199.87468425
199.860760278
199.860760278
199.845289198
199.845289198
199.828099109
199.828099109
199.779887443
199.600664378
199.556293753
199.556293753
199.506993059
199.45221451
199.391349456
199.391349456
199.311535164
199.248579575
199.165088416
199.072320463
198.969244959
198.969244959
198.854716621
198.854716621
198.727462912
198.727462912
198.586069902
198.586069902
198.428966558
198.428966558
198.428966558
198.428966558
198.428966558
198.428966558
198.165844871
197.690957015
194.799224168
183.843027271
172.468435778
164.179089946
158.783095104
147.2132007
139.968391104
132.413784154
124.952707617
118.308062881
114.303304795
109.910097833
106.718367091
105.041546088
108.855358081
102.083340158
87.6288349115
199.985569356
199.984198164
199.984198164
199.981876038
199.980352491
199.980352491
199.980352491
199.978471569
199.978471569
199.975891428
199.974198598
199.971331776
199.971331776
199.971331776
199.971331776
199.971331776
199.968146418
199.968146418
199.9563051
199.9563051
199.951450111
199.951450111
199.946055679
199.946055679
199.946055679
199.940061865
199.940061865
199.940061865
199.933402073
199.926002303
199.917780337
199.917780337
199.908644819
199.908644819
199.908644819
199.898494243
199.898494243
199.898494243
199.887215825
199.887215825
199.887215825
199.87468425
199.87468425
199.860760278
199.860760278
199.860760278
199.845289198
199.845289198
199.828099109
199.828099109
199.80899901
199.600664378
199.556293753
199.556293753
199.506993059
199.45221451
199.391349456
199.323721617
199.248579575
199.165088416
199.072320463
199.072320463
198.969244959
198.854716621
198.854716621
198.727462912
198.586069902
198.586069902
198.428966558
198.428966558
198.428966558
198.254407286
198.254407286
198.254407286
198.254407286
198.06045254
197.996906314
197.670886437
196.27594538
190.221758288
181.353628372
175.356421501
167.783486104
160.368379885
153.507871722
142.338288739
135.778475116
127.846417726
121.727230517
119.952407113
114.077816479
111.425141398
108.867388671
107.247354696
110.716449754
92.1989945299
199.985569356
199.984198164
199.984198164
199.984198164
199.980352491
199.980352491
199.980352491
199.978471569
199.978471569
199.974198598
199.974198598
199.971331776
199.971331776
199.971331776
199.971331776
199.968146418
199.968146418
199.964213877
199.9563051
199.951450111
199.951450111
199.951450111
199.946055679
199.946055679
199.940061865
199.940061865
199.940061865
199.933402073
199.926002303
199.926002303
199.917780337
199.917780337
199.908644819
199.908644819
199.898494243
199.898494243
199.898494243
199.887215825
199.887215825
199.887215825
199.87468425
199.87468425
199.860760278
199.860760278
199.845289198
199.845289198
199.845289198
199.828099109
199.828099109
199.80899901
199.600664378
199.556293753
199.556293753
199.506993059
199.45221451
199.391349456
199.323721617
199.248579575
199.165088416
199.072320463
198.969244959
198.854716621
198.727462912
198.727462912
198.586069902
198.428966558
198.428966558
198.254407286
198.254407286
198.254407286
198.06045254
198.06045254
198.06045254
198.06045254
198.06045254
197.770258012
197.537292513
196.602725007
193.642150131
187.558453867
180.720183692
173.338814167
172.033812534
165.581202937
154.561146534
147.273476226
135.810583686
130.813718042
127.920511667
124.815048251
118.896034075
115.699107061
112.26903423
110.644199025
116.528864454
96.5169467391
199.985569356
199.986288077
199.984198164
199.984198164
199.982674617
199.980352491
199.980352491
199.980352491
199.975891428
199.974198598
199.974198598
199.971331776
199.971331776
199.971331776
199.971331776
199.968146418
199.968146418
199.96067459
199.9563051
199.951450111
199.951450111
199.946055679
199.946055679
199.946055679
199.940061865
199.940061865
199.933402073
199.926002303
199.926002303
199.917780337
199.917780337
199.908644819
199.908644819
199.898494243
199.898494243
199.898494243
199.887215825
199.887215825
199.887215825
199.87468425
199.87468425
199.860760278
199.860760278
199.845289198
199.845289198
199.845289198
199.828099109
199.828099109
199.80899901
199.64059794
199.556293753
199.556293753
199.506993059
199.45221451
199.391349456
199.248579575
199.165088416
199.072320463
198.969244959
198.854716621
198.727462912
198.727462912
198.586069902
198.428966558
198.254407286
198.254407286
198.06045254
198.06045254
198.06045254
197.844947267
197.844947267
197.844947267
197.844947267
197.84102174
197.809518388
197.728559459
196.470124871
194.425586187
189.64411482
184.455099973
178.555187406
173.809837603
174.657393489
167.455829949
157.707224411
147.953458455
139.825872874
138.806027639
134.55165839
127.710335699
121.930961201
119.120155041
116.971040061
113.706021998
117.774413741
100.207150722
199.985569356
199.986288077
199.986288077
199.984198164
199.982674617
199.980352491
199.980352491
199.980352491
199.975891428
199.974198598
199.971331776
199.971331776
199.971331776
199.971331776
199.968146418
199.968146418
199.964607131
199.9563051
199.9563051
199.951450111
199.951450111
199.946055679
199.946055679
199.940061865
199.940061865
199.933402073
199.933402073
199.926002303
199.917780337
199.917780337
199.908644819
199.908644819
199.898494243
199.898494243
199.898494243
199.887215825
199.887215825
199.87468425
199.87468425
199.87468425
199.860760278
199.860760278
199.845289198
199.845289198
199.828099109
199.828099109
199.828099109
199.80899901
199.787776678
199.556293753
199.556293753
199.506993059
199.45221451
199.323721617
199.248579575
199.165088416
199.072320463
198.854716621
198.727462912
198.586069902
198.428966558
198.254407286
198.06045254
198.06045254
197.689258087
197.717748047
197.844947267
197.79864303
197.410374797
197.490494244
197.508024228
197.509411781
197.484503681
197.431821065
197.319457464
196.970172629
195.19284095
190.409981354
185.841548452
181.604343605
177.434998057
178.822128016
174.266248553
167.080967891
157.983661729
147.679970534
144.662042584
142.829361083
132.119873147
127.749661613
125.746015123
121.803762403
120.140999008
116.867753547
118.727414451
103.086508473
199.98765927
199.986288077
199.986288077
199.986288077
199.98476453
199.982674617
199.980352491
199.980352491
199.975891428
199.974198598
199.971331776
199.971331776
199.971331776
199.971331776
199.968146418
199.968146418
199.96067459
199.9563051
199.951450111
199.951450111
199.946055679
199.946055679
199.940061865
199.940061865
199.933402073
199.933402073
199.926002303
199.917780337
199.917780337
199.908644819
199.908644819
199.898494243
199.898494243
199.898494243
199.887215825
199.887215825
199.87468425
199.87468425
199.860760278
199.860760278
199.860760278
199.845289198
199.845289198
199.828099109
199.828099109
199.80899901
199.80899901
199.787776678
199.600664378
199.556293753
199.506993059
199.45221451
199.323721617
199.248579575
199.072320463
198.969244959
198.727462912
198.290822013
197.844947267
197.605496963
197.339441071
197.339441071
197.339441071
196.978911734
195.262210852
197.231002932
197.150521256
196.341231129
196.672107062
196.959707328
196.763619318
196.837960176
196.740416274
196.509867788
196.109423327
195.439671198
193.984622541
190.415173535
186.455925016
183.400912017
180.224565845
176.605702296
171.798370326
165.864183061
157.295096253
148.483922784
148.230375953
141.198198781
135.344758749
132.255697394
129.3500619
126.673424496
121.483538068
120.317409186
118.669982607
105.661430788
199.98765927
199.986288077
199.986288077
199.986288077
199.98476453
199.98476453
199.980352491
199.978471569
199.974198598
199.974198598
199.971331776
199.971331776
199.971331776
199.968146418
199.968146418
199.964607131
199.96067459
199.9563051
199.951450111
199.951450111
199.946055679
199.946055679
199.940061865
199.933402073
199.933402073
199.926002303
199.926002303
199.917780337
199.908644819
199.908644819
199.898494243
199.898494243
199.898494243
199.887215825
199.887215825
199.87468425
199.87468425
199.860760278
199.860760278
199.845289198
199.845289198
199.845289198
199.828099109
199.828099109
199.80899901
199.80899901
199.787776678
199.64059794
199.556293753
199.506993059
199.391349456
199.323721617
199.165088416
198.969244959
196.794142473
0
0
0
0
0
0
0
0
0
40.0947577416
128.692446364
179.721187158
172.799865427
196.172923582
195.86383563
194.106603088
194.909049829
193.452150165
193.573377322
194.059535701
192.774089758
189.826266842
182.240179998
183.156624463
180.684721371
177.478529584
173.576724444
169.541833315
164.608495407
157.181437414
151.094936925
153.390116092
145.465879414
141.012444708
137.441784097
133.75231331
129.357497062
124.994566623
122.931282857
119.397381296
108.569158114
199.98765927
199.986288077
199.986288077
199.986288077
199.98476453
199.98476453
199.982674617
199.978471569
199.974198598
199.974198598
199.971331776
199.971331776
199.971331776
199.968146418
199.964607131
199.96067459
199.9563051
199.9563051
199.951450111
199.946055679
199.946055679
199.940061865
199.940061865
199.933402073
199.926002303
199.926002303
199.917780337
199.908644819
199.908644819
199.898494243
199.898494243
199.898494243
199.887215825
199.887215825
199.87468425
199.87468425
199.860760278
199.860760278
199.845289198
199.845289198
199.828099109
199.828099109
199.828099109
199.80899901
199.80899901
199.787776678
199.764196308
199.556293753
199.506993059
199.391349456
199.323721617
199.072320463
0
0
0
0
0
0
0
0
0
0
0
0
0
0
0
30.2853189458
83.2005611325
153.952753722
171.312574794
193.923370003
187.872587743
188.82293068
184.796336283
183.112508534
180.699570305
177.896707145
180.407879065
177.749935845
174.735755859
171.078525769
167.57100607
163.483290329
158.377185022
159.064687128
155.656023068
147.722037735
145.478498094
141.852664828
137.617753424
133.547167838
130.29281934
125.064861734
122.621569517
111.5311542
199.98765927
199.986288077
199.986288077
199.986288077
199.98476453
199.98476453
199.982674617
199.978471569
199.974198598
199.974198598
199.971331776
199.971331776
199.968146418
199.968146418
199.964607131
199.96067459
199.9563051
199.951450111
199.951450111
199.946055679
199.940061865
199.940061865
199.933402073
199.926002303
199.926002303
199.917780337
199.908644819
199.908644819
199.898494243
199.898494243
199.887215825
199.887215825
199.87468425
199.87468425
199.860760278
199.860760278
199.860760278
199.845289198
199.845289198
199.828099109
199.828099109
199.80899901
199.80899901
199.787776678
199.787776678
199.764196308
199.556293753
199.506993059
199.391349456
199.248579575
0.425750062851
0
0
0
0
0
0
0
0
0
0
0
0
0
0
0
0
0
0
2.91894425808
47.063351365
121.700346243
144.30668583
182.707472554
173.566065312
179.101757737
177.061879131
174.488912041
172.997457157
175.321970424
171.724960748
168.122072172
165.592326173
162.207871324
158.600460084
160.237030054
155.981790983
150.904646425
148.759361478
144.796119329
140.797551938
136.544942751
134.501132913
128.384183415
125.906048384
114.028914271
199.98765927
199.986288077
199.986288077
199.986288077
199.98476453
199.98476453
199.982674617
199.976778739
199.974198598
199.974198598
199.971331776
199.971331776
199.968146418
199.964607131
199.96067459
199.9563051
199.9563051
199.951450111
199.946055679
199.946055679
199.940061865
199.933402073
199.933402073
199.926002303
199.917780337
199.908644819
199.908644819
199.898494243
199.898494243
199.887215825
199.887215825
199.87468425
199.87468425
199.860760278
199.860760278
199.845289198
199.845289198
199.828099109
199.828099109
199.828099109
199.80899901
199.80899901
199.787776678
199.787776678
199.764196308
199.600664378
199.506993059
199.391349456
199.165088416
0
0
0
0
0
0
0
0
0
0
0
0
0
0
0
0
0
0
0
0
0
0
0
29.2486652881
86.1066975048
143.572155634
172.6309266
167.492872068
170.35663852
169.303265337
167.276340093
163.982106657
166.191383048
163.749474508
160.388593622
157.425679301
160.000870686
155.763550967
155.636219797
147.271808016
144.660310098
142.504100175
138.305055941
136.305467811
131.827664624
127.536913958
115.162881806
199.98765927
199.986288077
199.986288077
199.986288077
199.98476453
199.98476453
199.982674617
199.976778739
199.974198598
199.974198598
199.971331776
199.971331776
199.968146418
199.964607131
199.96067459
199.9563051
199.951450111
199.946055679
199.946055679
199.940061865
199.933402073
199.933402073
199.926002303
199.917780337
199.908644819
199.908644819
199.898494243
199.898494243
199.887215825
199.887215825
199.87468425
199.860760278
199.860760278
199.860760278
199.845289198
199.845289198
199.828099109
199.828099109
199.80899901
199.80899901
199.787776678
199.787776678
199.764196308
199.737995898
199.676538146
199.506993059
199.391349456
199.072320463
0
0
0
0
0
0
0
0
0
0
0
0
0
0
0
0
0
0
0
0
0
0
0
0
0
0
22.559057758
85.4321415381
135.752658947
159.489533632
161.380913323
164.850820797
160.610525097
158.374650876
161.94995859
157.765408884
155.485887434
157.755082498
152.822573879
148.478465512
145.471888084
144.039112232
142.563532822
139.439148265
137.372843274
133.903968378
128.017788984
114.869286354
199.98765927
199.986288077
199.986288077
199.986288077
199.98476453
199.98476453
199.979100865
199.976778739
199.974198598
199.974198598
199.971331776
199.968146418
199.964607131
199.96067459
199.9563051
199.951450111
199.951450111
199.946055679
199.940061865
199.933402073
199.933402073
199.926002303
199.917780337
199.908644819
199.908644819
199.898494243
199.887215825
199.887215825
199.87468425
199.87468425
199.860760278
199.860760278
199.845289198
199.845289198
199.828099109
199.828099109
199.80899901
199.80899901
199.787776678
199.787776678
199.764196308
199.764196308
199.737995898
199.676538146
199.506993059
199.391349456
198.969244959
0
0
0
0
0
0
0
0
0
0
0
0
0
0
0
0
0
0
0
0
0
0
0
0
0
0
0
0
0
21.5035000745
95.7889690144
134.533181904
155.94361981
152.260745367
156.356288466
153.747324921
154.323536005
151.896739245
148.931218058
151.388716308
146.434712144
145.874768755
144.720451016
142.957687985
140.452247882
138.276639038
135.243482507
128.676769515
113.936705479
199.98765927
199.986288077
199.986288077
199.986288077
199.98476453
199.98476453
199.976778739
199.976778739
199.974198598
199.971331776
199.971331776
199.968146418
199.964607131
199.96067459
199.9563051
199.951450111
199.946055679
199.940061865
199.933402073
199.933402073
199.926002303
199.917780337
199.908644819
199.898494243
199.898494243
199.887215825
199.887215825
199.87468425
199.860760278
199.860760278
199.845289198
199.845289198
199.828099109
199.828099109
199.80899901
199.80899901
199.787776678
199.787776678
199.764196308
199.764196308
199.737995898
199.708884331
199.64059794
199.556293753
199.391349456
198.854716621
0
0
0
0
0
0
0
0
0
0
0
0
0
0
0
0
0
0
0
0
0
0
0
0
0
0
0
0
0
0
0
0
28.127618933
112.527979278
128.894321783
147.004081185
144.774450033
146.529739009
148.357910208
146.884728022
149.389907914
143.76602841
145.272191577
145.525820467
143.320322539
140.528520021
138.742927366
134.961526635
129.55061476
112.661072292
199.98765927
199.986288077
199.986288077
199.986288077
199.98476453
199.98476453
199.976778739
199.974198598
199.974198598
199.971331776
199.968146418
199.964607131
199.96067459
199.9563051
199.951450111
199.946055679
199.940061865
199.933402073
199.926002303
199.917780337
199.917780337
199.908644819
199.898494243
199.887215825
199.887215825
199.87468425
199.860760278
199.860760278
199.845289198
199.845289198
199.828099109
199.828099109
199.80899901
199.80899901
199.787776678
199.787776678
199.764196308
199.764196308
199.737995898
199.708884331
199.676538146
199.64059794
199.556293753
199.391349456
198.969244959
0
0
0
0
0
0
0
0
0
0
0
0
0
0
0
0
0
0
0
0
0
0
0
0
0
0
0
0
0
0
0
0
0
0
0
45.2730596935
118.903253565
143.534555406
139.512637721
140.427327671
145.699527832
140.23239901
142.975556151
145.579396355
145.250613204
142.555262894
138.98493796
137.482540775
134.267529952
129.573670358
111.309732201
199.98765927
199.986288077
199.986288077
199.986288077
199.98476453
199.9830717
199.976778739
199.974198598
199.971331776
199.971331776
199.964607131
199.96067459
199.9563051
199.951450111
199.946055679
199.940061865
199.933402073
199.926002303
199.917780337
199.908644819
199.898494243
199.887215825
199.887215825
199.87468425
199.860760278
199.845289198
199.845289198
199.828099109
199.828099109
199.80899901
199.80899901
199.787776678
199.787776678
199.764196308
199.764196308
199.737995898
199.737995898
199.708884331
199.676538146
199.64059794
199.600664378
199.506993059
199.391349456
198.969244959
149.162683433
0
0
0
0
0
0
0
0
0
0
0
0
0
0
0
0
0
0
0
0
0
0
0
0
0
0
0
0
0
0
0
0
0
0
0
0
13.7449734794
95.5142789287
123.868162654
134.225810206
137.029653949
137.497134289
139.42126997
140.703830942
138.568171142
137.625200465
134.721933975
134.801175115
133.004091853
129.305590019
109.810018311
199.98765927
199.986288077
199.986288077
199.986288077
199.98476453
199.979100865
199.974198598
199.974198598
199.971331776
199.968146418
199.96067459
199.951450111
199.946055679
199.940061865
199.933402073
199.926002303
199.917780337
199.908644819
199.898494243
199.887215825
199.87468425
199.87468425
199.860760278
199.845289198
199.828099109
199.828099109
199.80899901
199.80899901
199.787776678
199.787776678
199.764196308
199.764196308
199.737995898
199.708884331
199.708884331
199.676538146
199.676538146
199.64059794
199.600664378
199.556293753
199.45221451
199.323721617
199.072320463
198.06045254
0
0
0
0
0
0
0
0
0
0
0
0
0
0
0
0
0
0
0
0
0
0
0
0
0
0
0
0
0
0
0
0
0
0
0
0
0
0
0
47.9913061542
120.338217511
124.473655136
132.827497291
130.052310509
128.403526929
128.012357312
132.407253884
128.880548009
131.295711331
130.432179828
128.836803021
107.477134699
199.98765927
199.986288077
199.986288077
199.98476453
199.982674617
199.976778739
199.974198598
199.971331776
199.964607131
199.9563051
199.951450111
199.940061865
199.933402073
199.917780337
199.908644819
199.898494243
199.887215825
199.87468425
199.860760278
199.845289198
199.828099109
199.828099109
199.80899901
199.80899901
199.787776678
199.764196308
199.764196308
199.737995898
199.737995898
199.708884331
199.708884331
199.676538146
199.676538146
199.64059794
199.64059794
199.600664378
199.556293753
199.556293753
199.45221451
199.391349456
199.248579575
198.969244959
198.428966558
180.304581956
0
0
0
0
0
0
0
0
0
0
0
0
0
0
0
0
0
0
0
0
0
0
0
0
0
0
0
0
0
0
0
0
0
0
0
0
0
0
0
0
21.5615759781
116.9948819
121.826944453
126.819472703
124.99243417
130.050588415
124.852227442
128.277863086
129.725597308
127.287143652
127.001899821
105.018862196
199.98765927
199.986288077
199.986288077
199.982674617
199.976778739
199.974198598
199.968146418
199.951450111
199.940061865
199.887215825
198.254407286
197.605496963
197.844947267
198.254407286
198.854716621
199.165088416
199.391349456
199.506993059
199.676538146
199.708884331
199.737995898
199.708884331
199.708884331
199.708884331
199.708884331
199.676538146
199.676538146
199.64059794
199.64059794
199.64059794
199.600664378
199.600664378
199.556293753
199.556293753
199.506993059
199.45221451
199.45221451
199.391349456
199.323721617
199.165088416
198.969244959
198.586069902
197.339441071
0
0
0
0
0
0
0
0
0
0
0
0
20.3348446741
101.738490538
151.698024129
167.989687305
0
0
0
0
0
0
0
0
0
0
0
0
0
0
0
0
0
0
0
0
0
0
0
0
0
0
9.13451003747
109.689213146
121.229431541
122.050536098
118.754731496
120.50455603
123.966267144
125.360037302
122.466004956
123.97091361
102.891195002
199.98765927
199.986288077
199.981876038
0.0258347019922
0
0
0
0
0
0
0
0
0
0
0
0
0
0
0
0
0
0
0
149.162683433
190.579742606
196.350399274
198.254407286
199.248579575
199.391349456
199.391349456
199.391349456
199.391349456
199.391349456
199.323721617
199.323721617
199.248579575
199.165088416
199.072320463
198.969244959
198.727462912
198.428966558
197.605496963
195.494320091
0
0
0
0
0
0
0
0
0
0
70.5518993801
189.533047339
190.579742606
190.579742606
190.558337352
189.533047339
187.077836222
184.046711385
172.982965647
0
0
0
0
0
0
0
0
0
0
0
0
0
0
0
0
0
0
0
0
0
0
0
0
1.6121351988
103.055833702
106.336589976
109.362363851
112.188696366
117.273851494
116.1001744
119.885695261
120.373037432
101.325543986
0.00321637691749
0.00169282995657
0
0
0
0
0
0
0
0
0
0
0
0
0
0
0
0
0
0
0
0
0
0
0
0
0
0
0
0
180.304581956
193.132632359
196.715359346
198.254407286
198.727462912
198.727462912
198.727462912
198.586069902
198.428966558
198.06045254
197.605496963
196.350399274
191.521768345
0
0
0
0
0
0
0
0
17.6250932722
190.579742606
193.819369123
194.99368899
195.494320091
195.494320091
195.494320091
195.494320091
194.437432211
193.132632359
190.579742606
185.642040246
172.982965647
0
0
0
0
0
0
0
0
0
0
0
0
0
0
0
0
0
0
0
0
0
0
0
0.0633515700273
104.39864898
105.404370946
114.598791842
116.559746745
116.573914375
120.015497452
117.788207479
100.376409757
0
0
0
0
0
0
0
0
0
0
0
0
0
0
0
0
0
0
0
0
0
0
0
0
0
0
0
0
0
0
0
0
0
0
0
184.046711385
192.36959151
195.494320091
196.350399274
196.350399274
195.494320091
193.132632359
187.077836222
0
0
0
0
0
0
0
183.161689132
194.99368899
196.350399274
197.043823412
197.605496963
197.605496963
197.844947267
197.605496963
197.605496963
197.339441071
196.715359346
195.944888082
193.819369123
190.579742606
184.046711385
0
0
0
0
0
0
0
0
0
0
0
0
0
0
0
0
0
0
0
0
0
0
0
6.1036599387
104.887682907
110.947827298
109.396893198
115.36752004
116.021471136
114.626044279
99.2132537856
0
0
0
0
0
0
0
0
0
0
0
0
0
0
0
0
0
0
0
0
0
0
0
0
0
0
0
0
0
0
0
0
0
0
0
0
0
0
104.34062
184.046711385
188.370052599
187.077836222
178.116202174
0
0
0
0
0
0
196.350399274
197.844947267
198.309185835
199.019660918
199.556293753
199.556293753
199.506993059
199.165088416
198.969244959
198.854716621
198.586069902
198.254407286
197.605496963
197.043823412
195.8619533
193.132632359
188.370052599
178.116202174
0
0
0
0
0
0
0
0
0
0
0
0
0
0
0
0
0
0
0
0
0
0
19.1449104027
109.651592577
105.501572576
107.361577625
108.681817304
112.916705577
98.4261151533
0
0
0
0
0
0
0
0
0
0
0
0
0
0
0
0
0
0
0
0
0
0
0
0
0
0
0
0
0
0
0
0
0
0
0
0
0
0
0
0
0
0
122.5159022
0
0
0.249248484451
0.427958571243
26.7259186849
199.737995898
199.737995898
199.764196308
199.764196308
199.764196308
199.787776678
199.787776678
199.787776678
199.764196308
199.676538146
199.64059794
199.492634274
199.030110013
198.727462912
198.254407286
197.605496963
196.715359346
194.99368899
190.579742606
184.046711385
0
0
0
0
0
0
0
0
0
0
0
0
0
0
0
0
0
0
0
0
0
0
56.4789753464
105.292989717
106.363274516
107.979368589
112.102054892
98.3011633836
0
0
0
0
0
0
0
0
0
0
0
0
0
0
0
0
0
0
0
0
0
0
0
0
0
0
0
0
0
0
0
0
0
0
0
0
0
0
0
0
0
0
0
0
0.316876322722
2.07104118253
161.708884331
199.737995898
199.764196308
199.764196308
199.787776678
199.787776678
199.787776678
199.787776678
199.80899901
199.80899901
199.80899901
199.80899901
199.80899901
199.78030209
199.253007619
198.90894454
198.743280042
198.694592284
199.033506655
199.305516029
196.643454156
192.36959151
185.642040246
0
0
0
0
0
0
0
0
0
0
0
0
0
0
0
0
0
0
0
0
0
0
96.3546940874
97.9765102362
107.961538941
109.537387312
97.0315779086
0
0
0
0
0
0
0
0
0
0
0
0
0
0
0
0
0
0
0
0
0
0
0
0
0
0
0
0
0
0
0
0
0
0
0
0
0
0
0
0
0
0
0
0
0
108.365489983
199.737995898
199.764196308
199.764196308
199.787776678
199.787776678
199.80899901
199.80899901
199.80899901
199.80899901
199.80899901
199.828099109
199.828099109
199.828099109
199.80899901
199.644095652
199.096724376
198.463670377
198.310534626
198.402361588
199.189163897
199.311611762
197.072062932
193.132632359
187.077836222
0
0
0
0
0
0
0
0
0
0
0
0
0
0
0
0
0
0
0
0
0
27.2128331828
99.5182516938
97.5593043887
103.56469223
95.4420569445
0
0
0
0
0
0
0
0
0
0
0
0
0
0
0
0
0
0
0
0
0
0
0
0
0
0
0
0
0
0
0
0
0
0
0
0
0
0
0
0
0
0
0
0
0
0
0
0.0876581624298
199.787776678
199.787776678
199.80899901
199.80899901
199.828099109
199.828099109
199.828099109
199.828099109
199.828099109
199.828099109
199.828099109
199.828099109
199.779393239
199.587280597
199.157757419
198.585770867
198.21619227
198.049544942
198.268665012
199.342156562
196.350399274
192.36959151
185.642040246
0
0
0
0
0
0
0
0
0
0
0
0
0
0
0
0
0
0
0
0
0
88.7959523158
97.0488478126
101.443981525
94.1469320065
0
0
0
0
0
0
0
0
0
0
0
0
0
0
0
0
0
0
0
0
0
0
0
0
0
0
0
0
0
0
0
0
0
0
0
0
0
0
0
0
0
0
0
0
0
0
0
0
0.0235803691555
0.954282389245
163.440208098
199.828099109
199.828099109
199.828099109
199.828099109
199.845289198
199.845289198
199.845289198
199.845289198
199.845289198
199.845289198
199.785294849
199.601867789
199.472358462
199.160485798
198.451465709
197.619480628
197.70679555
198.1360011
195.494320091
191.521768345
184.046711385
0
0
0
0
0
0
0
0
0
0
0
0
0
0
0
0
0
0
0
0
47.0940564617
96.0878662217
101.834626207
93.349856065
0
0
0
0
0
0
0
0
0
0
0
0
0
0
0
0
0
0
0
0
0
0
0
0
0
0
0
0
0
0
0
0
0
0
0
0
0
0
0
0
0
0
0
0
0
0
0
0
0
0.0212223322399
0.284159074984
2.22260214537
197.970608447
199.845289198
199.845289198
199.845289198
199.845289198
199.845289198
199.845289198
199.845289198
199.845289198
199.845289198
199.839547785
199.799501723
199.74568247
199.342748344
198.0124956
197.462959198
199.156823487
197.043823412
194.437432211
189.533047339
168.90012665
0
0
0
0
0
0
0
0
0
0
0
0
0
0
0
0
0
0
0
11.7456198263
93.0056028125
102.260363817
92.193024329
0
0
0
0
0
0
0
0
0
0
0
0
0
0
0
0
0
0
0
0
0
0
0
0
0
0
0
0
0
0
0
0
0
0
0
0
0
0
0
0
0
0
0
0
0
0
0
0
0
0
0.0191000990159
0.107293299698
1.31944769083
6.54993588652
199.845289198
199.860760278
199.860760278
199.860760278
199.860760278
199.860760278
199.860760278
199.860760278
199.860760278
199.845289198
199.845289198
199.794846974
198.988911723
197.558798353
197.682939936
197.844947267
195.944888082
192.36959151
187.077836222
0
0
0
0
0
0
0
0
0
0
0
0
0
0
0
0
0
0
0
0
85.2255775036
98.4546544006
91.0889996672
0
0
0
0
0
0
0
0
0
0
0
0
0
0
0
0
0
0
0
0
0
0
0
0
0
0
0
0
0
0
0
0
0
0
0
0
0
0
0
0
0
0
0
0
0
0
0
0
0
0
0
0.0362901881303
0.0810928895257
1.1332973664
3.25267718836
177.342605527
199.860760278
199.860760278
199.860760278
199.860760278
199.860760278
199.860760278
199.860760278
199.860760278
199.860760278
199.845289198
199.688112696
198.192553043
197.63548393
198.254407286
196.715359346
194.437432211
189.533047339
182.274123761
0
0
0
0
0
0
0
0
0
0
0
0
0
0
0
0
0
0
0
74.1018868687
93.5588935056
91.1767260505
0
0
0
0
0
0
0
0
0
0
0
0
0
0
0
0
0
0
0
0
0
0
0
0
0
0
0
0
0
0
0
0
0
0
0
0
0
0
0
0
0
0
0
0
0
0
0
0
0
0
0
0
0.0326611693173
0.0729836005731
1.00604365758
2.21648948727
47.2557563936
199.87468425
199.87468425
199.87468425
199.87468425
199.87468425
199.87468425
199.860760278
199.860760278
199.860760278
199.860760278
199.010396491
197.770243006
198.572055016
197.043823412
195.494320091
191.521768345
185.642040246
0
0
0
0
0
0
0
0
0
0
0
0
0
0
0
0
0
0
0
58.0407222647
96.0853546759
91.2531641094
0
0
0
0
0
0
0
0
0
0
0
0
0
0
0
0
0
0
0
0
0
0
0
0
0
0
0
0
0
0
0
0
0
0
0
0
0
0
0
0
0
0
0
0
0
0
0
0
0
0
0
0
0
0.0465851414999
0.159356559304
0.772253032886
1.19810717298
2.587986062
199.736724732
199.805478222
199.829881549
199.853461918
199.853461918
199.853461918
199.853461918
199.815957577
199.815957577
199.781623516
198.845130127
198.498856273
197.605496963
195.944888082
193.132632359
187.077836222
170.923847348
0
0
0
0
0
0
0
0
0
0
0
0
0
0
0
0
0
0
34.6089930743
97.8198252408
91.3718585344
0
0
0
0
0
0
0
0
0
0
0
0
0
0
0
0
0
0
0
0
0
0
0
0
0
0
0
0
0
0
0
0
0
0
0
0
0
0
0
0
0
0
0
0
0
0
0
0
0
0
0
0
0
0.0139239721826
0.0293950523855
0.243817899755
0.649415171497
1.07287419804
1.04288360144
198.41700322
199.634164671
199.829703305
199.829703305
199.81717173
199.793591361
199.81078145
199.81078145
199.796857478
199.729787584
198.744653001
197.622687053
196.350399274
193.132632359
188.370052599
178.116202174
0
0
0
0
0
0
0
0
0
0
0
0
0
0
0
0
0
0
28.6262920948
95.7892747292
91.735552089
0
0
0
0
0
0
0
0
0
0
0
0
0
0
0
0
0
0
0
0
0
0
0
0
0
0
0
0
0
0
0
0
0
0
0
0
0
0
0
0
0
0
0
0
0
0
0
0
0
0
0
0
0
0.0139239721826
0.026455547147
0.026455547147
0.257458386411
0.625563439178
0.943252738144
0.899159400789
196.863608514
199.359918554
199.799637727
199.814232225
199.814232225
199.81717173
199.793591361
199.793591361
199.724355412
198.742933992
197.860418347
196.350399274
193.819369123
188.370052599
178.116202174
0
0
0
0
0
0
0
0
0
0
0
0
0
0
0
0
0
0
26.3929461333
97.7915273145
92.6770282747
0
0
0
0
0
0
0
0
0
0
0
0
0
0
0
0
0
0
0
0
0
0
0
0
0
0
0
0
0
0
0
0
0
0
0
0
0
0
0
0
0
0
0
0
0
0
0
0
0
0
0
0
0
0
0.026455547147
0.026455547147
0.026455547147
0.31223693541
0.71833139291
0.774962061438
0.757251317184
197.531920291
199.42906026
199.773598004
199.741291411
199.715981891
199.617789902
199.704282686
199.589203423
198.741386884
197.860418347
196.350399274
193.819369123
188.370052599
178.116202174
0
0
0
0
0
0
0
0
0
0
0
0
0
0
0
0
0
0
27.0165718206
97.4866273483
94.1699484554
0
0
0
0
0
0
0
0
0
0
0
0
0
0
0
0
0
0
0
0
0
0
0
0
0
0
0
0
0
0
0
0
0
0
0
0
0
0
0
0
0
0
0
0
0
0
0
0
0
0
0
0
0
0
0
0.026455547147
0.026455547147
0.026455547147
0.373101989854
0.560941943542
0.542118491722
16.5026791376
198.464901701
199.065376475
199.117135815
199.099343277
199.119298874
199.028046691
198.868640593
198.44289053
197.619420936
196.350399274
193.819369123
188.370052599
175.684669082
0
0
0
0
0
0
0
0
0
0
0
0
0
0
0
0
0
0
37.5560101971
96.3331633477
96.0087879528
0
0
0
0
0
0
0
0
0
0
0
0
0
0
0
0
0
0
0
0
0
0
0
0
0
0
0
0
0
0
0
0
0
0
0
0
0
0
0
0
0
0
0
0
0
0
0
0
0
0
0
0
0
0
0
0
0
0.0139239721826
0.0419266273499
0.353908425786
0.466930238297
0.336102761461
198.538066083
198.820428004
198.877516827
198.815376211
198.815376211
198.753918459
198.612525449
198.268331259
197.619420936
195.958812054
193.132632359
187.077836222
169.981072941
0
0
0
0
0
0
0
0
0
0
0
0
0
0
0
0
0
0
51.5658841558
102.153978299
97.8516482519
0
0
0
0
0
0
0
0
0
0
0
0
0
0
0
0
0
0
0
0
0
0
0
0
0
0
0
0
0
0
0
0
0
0
0
0
0
0
0
0
0
0
0
0
0
0
0
0
0
0
0
0
0
0
0
0
0
0
0.0729836005731
0.0965639697286
0.0869075727557
0.175614773736
22.579372142
198.579020473
198.484533672
198.612525449
198.612525449
198.598601477
198.266938861
197.857478842
197.303755163
195.636196521
192.383515483
184.046711385
158.821773581
0
0
0
0
0
0
0
0
0
0
0
0
0
0
0
0
0
0
69.7756866808
103.19635243
99.9614287069
0
0
0
0
0
0
0
0
0
0
0
0
0
0
0
0
0
0
0
0
0
0
0
0
0
0
0
0
0
0
0
0
0
0
0
0
0
0
0
0
0
0
0
0
0
0
0
0
0
0
0
0
0
0
0
0
0
0
0.0191000990159
0.0810928895257
0.122764379901
0.0965639697286
4.80887887745
198.327390887
198.254407286
198.268331259
198.280862834
198.266938861
198.072984115
197.618028538
196.727890921
195.006220565
190.593666578
180.318505929
130.26431198
0
0
0
0
0
0
0
0
0
0
0
0
0
0
0
0
0
0
84.6353762764
101.932155204
99.543981432
0
0
0
0
0
0
0
0
0
0
0
0
0
0
0
0
0
0
0
0
0
0
0
0
0
0
0
0
0
0
0
0
0
0
0
0
0
0
0
0
0
0
0
0
0
0
0
0
0
0
0
0
0
0
0
0
0
0
0
0
0.0901032105841
0.136404866557
1.95241427923
41.009095046
197.902459788
197.902459788
198.06045254
198.06045254
197.844947267
197.351972646
196.362930849
193.145163934
187.090367797
169.994996913
0.0139239721826
0.0139239721826
0
0
0
0
0
0
0
0
0
0
0
0
0
0
0
0
7.19863319983
91.9525117965
105.148836701
97.9991196907
0
0
0
0
0
0
0
0
0
0
0
0
0
0
0
0
0
0
0
0
0
0
0
0
0
0
0
0
0
0
0
0
0
0
0
0
0
0
0
0
0
0
0
0
0
0
0
0
0
0
0
0
0
0
0
0
0
0
0
0
0
0.100114678427
2.20169538454
15.4214764134
197.669399764
197.403343871
197.339441071
197.605496963
197.339441071
197.043823412
195.494320091
190.254379238
178.128733749
143.526624279
0
0.0139239721826
0.0139239721826
0
0
0
0
0
0
0
0
0
0
0
0
0
0
0
22.7419587296
96.8403568531
110.38875307
124.40994517
0
0
0
0
0
0
0
0
0
0
0
0
0
0
0
0
0
0
0
0
0
0
0
0
0
0
0
0
0
0
0
0
0
0
0
0
0
0
0
0
0
0
0
0
0
0
0
0
0
0
0
0
0
0
0
0
0
0
0
0
0
0
0.951199091897
5.11702829766
197.418333417
197.067403781
195.944888082
195.494320091
196.715359346
196.350399274
191.521768345
180.304581956
158.821773581
0
0.0125315749644
0.0139239721826
0.0139239721826
0.0139239721826
0
0
0
0
0
0
0
0
0
0
0
0
0
0
57.6920662753
99.836395505
111.755301575
166.861814876
0
0
0
0
0
0
0
0
0
0
0
0
0
0
0
0
0
0
0
0
0
0
0
0
0
0
0
0
0
0
0
0
0
0
0
0
0
0
0
0
0
0
0
0
0
0
0
0
0
0
0
0
0
0
0
0
0
0
0
0
0
0
0
4.82863092876
197.043823412
197.339441071
194.765896276
194.437432211
193.819369123
191.521768345
180.304581956
160.363900209
81.902
0
0
0.0125315749644
0.0139239721826
0.0139239721826
0.0139239721826
0
0
0
0
0
0
0
0
0
0
0
0
0.623100351626
81.6985033117
106.982363352
109.127740175
177.390482893
0
0
0
0
0
0
0
0
0
0
0
0
0
0
0
0
0
0
0
0
0
0
0
0
0
0
0
0
0
0
0
0
0
0
0
0
0
0
0
0
0
0
0
0
0
0
0
0
0
0
0
0
0
0
0
0
0
0
0
0
0
0
0
4.41394638451
196.350399274
196.028622582
193.919094831
192.734551583
190.579742606
182.274123761
162.939596223
104.34062
0
0
0
0
0.0125315749644
0.0139239721826
0.0139239721826
0
0
0
0
0
0
0
0
0
0
0
0
18.4426824606
83.0261728777
102.905107518
104.740340515
179.139023504
0
0
0
0
0
0
0
0
0
0
0
0
0
0
0
0
0
0
0
0
0
0
0
0
0
0
0
0
0
0
0
0
0
0
0
0
0
0
0
0
0
0
0
0
0
0
0
0
0
0
0
0
0
0
0
0
0
0
0
0
0
0
0
0
194.99368899
195.944888082
192.492709668
190.754086595
184.046711385
162.939596223
113.906558
0
0
0
0
0
0
0.0139239721826
0.0139239721826
0.0139239721826
0
0
0
0
0
0
0
0
0
0
0
37.7275975827
94.715923485
102.743780296
122.374637544
176.733825526
0
0
0
0
0
0
0
0
0
0
0
0
0
0
0
0
0
0
0
0
0
0
0
0
0
0
0
0
0
0
0
0
0
0
0
0
0
0
0
0
0
0
0
0
0
0
0
0
0
0
0
0
0
0
0
0
0
0
0
0
0
0
0
0
193.819369123
194.99368899
192.596032777
185.103599265
162.939596223
104.34062
0
0
0
0
0
0
0
0
0.0139239721826
0.0139239721826
0
0
0
0
0
0
0
0
0
0
9.75445951419
65.0301772631
88.7418381948
95.4295934249
143.888857319
178.363805295
0
0
0
0
0
0
0
0
0
0
0
0
0
0
0
0
0
0
0
0
0
0
0
0
0
0
0
0
0
0
0
0
0
0
0
0
0
0
0
0
0
0
0
0
0
0
0
0
0
0
0
0
0
0
0
0
0
0
0
0
0
0
0
0
191.521768345
193.819369123
186.131813366
167.263699688
68.78
0
0
0
0
0
0
0
0
0
0
0.0139239721826
0
0
0
0
0
0
0
0
0
0
27.3685941388
79.6738636111
87.6815265406
82.6965913869
136.472416753
177.435398883
0
0
0
0
0
0
0
0
0
0
0
0
0
0
0
0
0
0
0
0
0
0
0
0
0
0
0
0
0
0
0
0
0
0
0
0
0
0
0
0
0
0
0
0
0
0
0
0
0
0
0
0
0
0
0
0
0
0
0
0
0
0
0
0
187.077836222
191.521768345
166.939135134
0
0
0
0
0
0
0
0
0
0
0
0
0
0
0
0
0
0
0
0
0
0
10.8002118673
40.2558233801
75.2909070636
74.77564481
97.3247484996
136.154553415
175.127479086
0
0
0
0
0
0
0
0
0
0
0
0
0
0
0
0
0
0
0
0
0
0
0
0
0
0
0
0
0
0
0
0
0
0
0
0
0
0
0
0
0
0
0
0
0
0
0
0
0
0
0
0
0
0
0
0
0
0
0
0
0
0
0
0
178.116202174
161.376120781
0
0
0
0
0
0
0
0
0
0
0
0
0
0
0
0
0
0
0
0
0
0
0
29.7594671906
74.1140681242
74.1879017378
45.2384707872
93.5283381868
145.444796693
171.313505752
0
0
0
0
0
0
0
0
0
0
0
0
0
0
0
0
0
0
0
0
0
0
0
0
0
0
0
0
0
0
0
0
0
0
0
0
0
0
0
0
0
0
0
0
0
0
0
0
0
0
0
0
0
0
0
0
0
0
0
0
0
0
0
0
143.514092704
0
0
0
0
0
0
0
0
0
0
0
0
0
0
0
0
0
0
0
0
0
0
0
16.8043324385
59.3169276781
82.6429928301
81.5955269186
22.2427373844
91.7081747506
166.56023618
163.328466608
0
0
0
0
0
0
0
0
0
0
0
0
0
0
0
0
0
0
0
0
0
0
0
0
0
0
0
0
0
0
0
0
0
0
0
0
0
0
0
0
0
0
0
0
0
0
0
0
0
0
0
0
0
0
0
0
0
0
0
0
0
0
0
0
0
0
0
0
0
0
0
0
0
0
0
0
0
0
0
0
0
0
0
0
0
0
0
11.2385962379
29.1620731622
66.8893478744
80.0418367147
76.5212957612
114.377547234
137.314280037
167.438724987
160.104013428
0
0
0
0
0
0
0
0
0
0
0
0
0
0
0
0
0
0
0
0
0
0
0
0
0
0
0
0
0
0
0
0
0
0
0
0
0
0
0
0
0
0
0
0
0
0
0
0
0
0
0
0
0
0
0
0
0
0
0
0
0
0
0
0
0
0
0
0
0
0
0
0
0
0
0
0
0
0
0
0
0
0
0
0
0
0
7.58396127995
37.4311276979
57.3582846972
70.7661745068
73.0054755703
177.144733933
179.729445039
178.595974673
181.318387211
184.347787575
0.00321637691749
0
0
0
0
0
0
0
0
0
0
0
0
0
0
0
0
0
0
0
0
0
0
0
0
0
0
0
0
0
0
0
0
0
0
0
0
0
0
0
0
0
0
0
0
0
0
0
0
0
0
0
0
0
0
0
0
0
0
0
0
0
0
0
0
0
0
0
0
0
0
0
0
0
0
0
0
0
0
0
0
0
0
0
0
6.74142386588
40.9846325401
61.1325634081
66.749447323
103.321368127
173.679879256
174.389885825
174.754451119
175.541174834
178.314001779
181.621208579
199.98765927
199.984198164
0.00774501057021
0
0
0
0
0
0
0
0
0
0
0
0
0
0
0
0
0
0
0
0
0
0
0
0
0
0
0
0
0
0
0
0
0
0
0
0
0
0
0
0
0
0
0
0
0
0
0
0
0
0
0
0
0
0
0
0
0
0
0
0
0
0
0
0
0
0
0
0
0
0
0
0
0
0
0
0
0
0
0
0
0
10.7017182072
45.7218992493
45.3300325155
82.5534948095
163.940465636
165.443706176
167.585496714
170.769709044
172.034128094
173.446991245
175.208019596
178.892098943
199.98765927
199.986288077
199.986288077
199.978471569
0.037929703347
0
0
0
0
0
0
0
0
0
0
0
0
0
0
0
0
0
0
0
0
0
0
0
0
0
0
0
0
0
0
0
0
0
0
0
0
0
0
0
0
0
0
0
0
0
0
0
0
0
0
0
0
0
0
0
0
0
0
0
0
0
0
0
0
0
0
0
0
0
0
0
0
0
0
0.0465851414999
0.0517612683332
0.0326611693173
5.20827135868
36.0439116006
46.9013837599
45.7744912662
151.081299194
155.706451413
157.861034139
161.119050899
164.645771926
167.398375696
169.038832459
170.556320204
172.054736654
176.146901671
199.98765927
199.98765927
199.986288077
199.98476453
199.976778739
199.971331776
0.052955868205
0
0
0
0
0
0
0
0
0
0
0
0
0
0
0
0
0
0
0
0
0
0
0
0
0
0
0
0
0
0
0
0
0
0
0
0
0
0
0
0
0
0
0
0
0
0
0
0
0
0
0
0
0
0
0
0
0
0
0
0
0
0
0
0
0
0
20.1425345268
25.6861399368
135.974499249
146.48471243
164.693647379
170.040189657
171.910117681
166.750797084
136.306356117
92.2422037763
40.6015270312
156.686423713
145.124443332
143.373007651
148.940539539
154.780355384
158.62217572
161.790089596
164.365758172
166.120758074
167.578019369
168.899334592
173.462580459
199.98765927
199.98765927
199.986288077
199.986288077
199.978471569
199.974198598
199.971331776
199.9563051
0.0140595624313
0
0
0
0
0
0
0
0
0
0
0
0
0
0
0
0
0
0
0
0
0
0
0
0
0
0
0
0
0
0
0
0
0
0
0
0
0
0
0
0
0
0
0
0
0
0
0
0
0
0
0
0
0
0
0
0
0
0
0
0
0
0
113.906558
154.24641509
162.939596223
169.981072941
172.982965647
172.982965647
172.982965647
175.784314891
178.246205833
180.432657006
182.732267288
181.530748762
160.734890454
137.329995241
137.03299091
143.307421028
148.417552093
152.888342333
156.503947587
159.387909584
161.648730046
163.313029524
164.845685389
166.127036788
170.979231573
199.98765927
199.98765927
199.986288077
199.986288077
199.982674617
199.976778739
199.974198598
69.707019796
145.7563051
1.51708912114
0
0
0
0
0
0
0
0
0
0
0
0
0
0
0
0
0
0
0
0
0
0
0
0
0
0
0
0
0
0
0
0
0
0
0
0
0
0
0
0
0
0
0
0
0
0
0
0
0
0
0
0
0
0
0
0
0
0
0
0
0
104.34062
154.24641509
166.645636601
169.981072941
172.982965647
175.684669082
175.722403047
178.246205833
180.442807582
183.57369508
198.525286702
194.978445541
172.980891373
154.486619429
147.170503319
146.906297155
149.236349896
152.338810069
155.155768507
157.669425106
159.645426704
161.142064285
162.474684542
163.725607047
168.865651274
199.98765927
199.98765927
199.986288077
199.986288077
199.98476453
199.976778739
179.974198598
45.724916686
26.9851807713
62.7184243179
86.0394976789
0.0633556205389
0
0
0
0
0
0
0
0
0
0
0
0
0
0
0
0
0
0
0
0
0
0
0
0
0
0
0
0
0
0
0
0
0
0
0
0
0
0
0
0
0
0
0
0
0
0
0
0
0
0
0
0
0
0
0
0
0
0
0
54.2
149.162683433
162.939596223
169.981072941
172.982965647
175.684669082
178.196747883
180.413363283
182.412349386
196.679650258
199.464976579
198.516008216
186.238029919
170.241975553
157.518392995
152.625495406
151.860889011
153.025028387
154.802425193
156.572627098
158.146830214
159.502798158
160.727639517
161.748598476
167.104372617
199.98765927
199.98765927
199.986288077
199.986288077
199.986288077
199.978471569
62.5266282605
36.1239567568
29.9902588354
37.0210783669
29.9752321593
50.7833722455
0.752691920245
0
0
0
0
0
0
0
0
0
0
0
0
0
0
0
0
0
0
0
0
0
0
0
0
0
0
0
0
0
0
0
0
0
0
0
0
0
0
0
0
0
0
0
0
0
0
0
0
0
0
0
0
0
0
0
0
0
0
0
143.514092704
162.939596223
169.981072941
172.982965647
175.684669082
178.224983501
180.421585249
188.56852553
199.218563345
199.492927382
199.75006498
192.758976954
179.664125054
167.447066666
159.411406782
155.902059347
155.025558407
155.531971017
156.489816801
157.618469661
158.639850099
159.60204248
160.575952867
166.003528781
199.98765927
199.986288077
199.986288077
199.986288077
199.984198164
56.2730371272
35.6546723024
26.9912329519
24.2866626942
24.2834773359
22.419689938
19.6468681547
45.6996405888
12.1045969697
0
0
0
0
0
0
0
0
0
0
0
0
0
0
0
0
0
0
0
0
0
0
0
0
0
0
0
0
0
0
0
0
0
0
0
0
0
0
0
0
0
0
0
0
0
0
0
0
0
0
0
0
0
0
0
0
0
0
122.5159022
158.821773581
166.645636601
172.982965647
175.684669082
180.434585615
183.763031852
199.093648021
199.403924856
199.615064427
199.876570616
196.988616494
186.23930454
174.968015638
166.092441971
160.721311933
158.174094719
157.406591762
157.611513759
158.136024346
158.821476954
159.489610105
160.269099523
165.668894737
199.98765927
199.986288077
199.986288077
113.556086799
44.003685685
30.314934896
24.2921096567
21.8579964247
19.6667498197
19.6635644615
19.6560926336
21.8401029262
30.8168525132
74.979331988
38.3192772852
0
0
0
0
0
0
0
0
0
0
0
0
0
0
0
0
0
0
0
0
0
0
0
0
0
0
0
0
0
0
0
0
0
0
0
0
0
0
0
0
0
0
0
0
0
0
0
0
0
0
0
0
0
0
0
0
0
81.902
154.24641509
166.645636601
172.982965647
175.71862965
181.811110098
199.27589038
199.48522294
199.609090451
199.74032845
199.933402073
199.215404057
191.232674334
181.040557793
172.117985515
165.845423283
162.054293813
160.230189974
159.519707284
159.47927921
159.734185504
160.241197239
160.804977649
166.082372417
199.98765927
124.31385625
41.3513098439
32.4342758077
25.9569749731
21.8368304622
18.630437459
17.4846623356
15.9274872138
15.9246203914
17.1459130167
19.4350102957
25.6667503639
57.714859838
199.926002303
179.992527561
0
0
0
0
0
0
0
0
0
0
0
0
0
0
0
0
0
0
0
0
0
0
0
0
0
0
0
0
0
0
0
0
0
0
0
0
0
0
0
0
0
0
0
0
0
0
0
0
0
0
0
0
0
0
0
0
0
143.514092704
166.645636601
172.982965647
176.089512869
199.78184111
199.733069201
199.731727233
199.792883128
199.894912555
199.940061865
199.933402073
194.972737112
185.960100411
177.451781808
170.841955167
166.396440291
163.775320518
162.4106193
161.928173094
161.837488518
162.021635328
162.390857708
167.265124332
27.9700381695
25.8307659258
23.3014321319
20.4924237209
17.7484956136
15.9317601839
14.3347384924
13.9080386822
13.0774710485
13.3095001289
14.3261061717
15.9139632053
21.8274452028
101.348774417
199.940061865
199.917780337
199.887215825
0
0
0
0
0
0
0
0
0
0
0
0
0
0
0
0
0
0
0
0
0
0
0
0
0
0
0
0
0
0
0
0
0
0
0
0
0
0
0
0
0
0
0
0
0
0
0
0
0
0
0
0
0
0
0
0
130.26431198
162.939596223
173.083080325
192.782951181
199.820847088
199.819022861
199.843725215
199.886622285
199.940061865
199.940061865
199.940061865
197.526115311
190.055594435
182.241365492
175.72936619
170.968099392
167.860008024
166.140460786
165.090582841
164.695936355
164.615078325
164.801636171
169.287303783
17.7728323349
17.0352573874
16.0189954298
14.7595391989
13.5817577974
12.7213989484
11.6067261392
11.5093354734
11.1039952373
11.3801401191
11.5980938184
13.1398957112
18.2280397304
199.9563051
199.946055679
199.933402073
199.908644819
84.6985639058
0
0
0
0
0
0
0
0
0
0
0
0
0
0
0
0
0
0
0
0
0
0
0
0
0
0
0
0
0
0
0
0
0
0
0
0
0
0
0
0
0
0
0
0
0
0
0
0
0
0
0
0
0
0
0
122.5159022
162.939596223
177.034529841
199.888519473
199.844156811
199.8613469
199.921025056
199.946055679
199.946055679
199.940061865
199.940061865
199.016423814
193.40478117
186.459130951
180.335961252
175.615922057
172.295507318
170.215774271
168.962761447
168.452257197
168.110862975
168.043379814
171.982802647
12.9759380222
12.582180385
12.0940697694
11.5458769819
10.7854428293
10.364407676
9.63151644214
9.39445599293
9.39445599293
9.39158917053
9.76747987438
11.0227212949
15.0454067321
199.966726771
199.957502292
199.940061865
199.926002303
199.898494243
13.8225872468
0
0
0
0
0
0
0
0
0
0
0
0
0
0
0
0
0
0
0
0
0
0
0
0
0
0
0
0
0
0
0
0
0
0
0
0
0
0
0
0
0
0
0
0
0
0
0
0
0
0
0
0
0
0
122.5159022
163.547321588
199.946055679
199.893937591
199.910773669
199.951450111
199.951450111
199.946055679
199.946055679
199.946055679
199.940061865
199.782298342
195.95300819
190.128715643
184.587136889
180.190201129
176.904791605
174.671242684
173.394214931
172.576347744
172.064752862
171.892776557
175.270331229
10.2080959328
10.0565421268
9.77195383576
9.40257463614
8.99565809605
8.45670322359
8.26880925723
7.90529860702
7.71207934283
7.82350446529
8.38597823614
9.24348092925
12.200869395
199.966726771
199.962357281
199.952107859
199.936587431
199.908644819
199.87468425
0.0359402059983
0
0
0
0
0
0
0
0
0
0
0
0
0
0
0
0
0
0
0
0
0
0
0
0
0
0
0
0
0
0
0
0
0
0
0
0
0
0
0
0
0
0
0
0
0
0
0
0
0
0
0
0
0
122.5159022
199.887215825
199.951450111
199.920014912
199.9563051
199.9563051
199.9563051
199.951450111
199.951450111
199.946055679
199.946055679
199.940061865
197.85227433
193.253924412
188.452251846
184.482939146
181.486185671
179.315722803
177.906715056
176.930290431
176.367774361
176.173003861
178.929591847
8.590176141
8.33821045985
8.17498513668
7.92374962929
7.55714138884
7.24682944013
6.90614116923
6.75316250123
6.64259710442
6.70648060682
6.84156623902
7.60460708798
9.85115745601
199.974198598
199.966726771
199.957502292
199.946114046
199.929187661
199.898494243
199.845289198
0
0
0
0
0
0
0
0
0
0
0
0
0
0
0
0
0
0
0
0
0
0
0
0
0
0
0
0
0
0
0
0
0
0
0
0
0
0
0
0
0
0
0
0
0
0
0
0
0
0
0
0
0
199.845289198
199.951450111
199.9563051
199.96067459
199.96067459
199.96067459
199.96067459
199.9563051
199.951450111
199.951450111
199.951450111
199.946055679
199.133529201
195.837104502
191.89230007
188.441887816
185.716661515
183.714493647
182.356998
181.342581828
180.763257014
180.535385049
182.692272868
7.24404094969
7.14449070861
6.91166981578
6.62013616436
6.42363238485
6.04211289429
5.85463427122
5.67476082621
5.55566352647
5.56369883279
5.78040913249
6.31361327101
7.94022367035
199.974198598
199.970266057
199.965896567
199.961041579
199.943247224
199.920965695
199.87468425
199.764196308
0
0
0
0
0
0
0
0
0
0
0
0
0
0
0
0
0
0
0
0
0
0
0
0
0
0
0
0
0
0
0
0
0
0
0
0
0
0
0
0
0
0
0
0
0
0
0
0
0
0
0
19.0985984341
199.904488056
199.9563051
199.96067459
199.964607131
199.964607131
199.964607131
199.96067459
199.96067459
199.9563051
199.9563051
199.951450111
199.954316933
199.833148333
197.809988807
194.809397116
191.863414198
189.49716456
187.717026794
186.454670753
185.527896297
184.969999182
184.720744235
186.309463185
6.08870525493
5.90950561106
5.79719561916
5.5971122143
5.33136626253
5.19530312839
4.93739132706
4.79781682469
4.72300344215
4.71686600429
4.82563492681
5.18959006839
6.22840909019
199.974198598
199.970266057
199.970266057
199.970266057
199.961041579
199.946786511
199.898494243
199.845289198
104.34865254
0
0
0
0
0
0
0
0
0
0
0
0
0
0
0
0
0
0
0
0
0
0
0
0
0
0
0
0
0
0
0
0
0
0
0
0
0
0
0
0
0
0
0
0
0
0
0
0
0
0.99417228839
199.87468425
199.9563051
199.96067459
199.964607131
199.968146418
199.968146418
199.971331776
199.971331776
199.968146418
199.96067459
199.963859948
199.966726771
199.966726771
199.966121552
199.133913571
197.108146831
194.75943122
192.744872465
191.208104727
190.074414154
189.265580292
188.753779566
188.50100436
189.636083952
5.11137752069
5.0149469364
4.91216170132
4.75798831884
4.61255296397
4.40706129383
4.27524431531
4.17571810663
4.08065960895
4.02744344107
4.10148901617
4.27723120151
4.84522933128
199.976778739
199.970266057
199.970266057
199.970266057
199.974198598
199.971331776
199.968146418
199.890927485
199.764196308
9.39474520349
0
0
0
0
0
0
0
0
0
0
0
0
0
0
0
0
0
0
0
0
0
0
0
0
0
0
0
0
0
0
0
0
0
0
0
0
0
0
0
0
0
0
0
0
0
0
0
0
199.708884331
199.904488056
199.96067459
199.968146418
199.971331776
199.971331776
199.971331776
199.971331776
199.974198598
199.974198598
199.974198598
199.974198598
199.974198598
199.973239452
199.973239452
199.841062734
198.675110612
197.020182849
195.41472516
194.117230446
193.133561553
192.437414481
191.979657542
191.742362597
192.531505304
4.48920799801
4.392659721
4.287193547
4.17549930195
4.04121054398
3.87670791466
3.79918870373
3.67081415549
3.54318909928
3.50438603686
3.50485745525
3.58480852652
3.88570063391
7.44872356189
199.974198598
199.970266057
199.974198598
199.974198598
199.971331776
199.971331776
199.964607131
199.863337236
199.556293753
0
0
0
0
0
0
0
0
0
0
0
0
0
0
0
0
0
0
0
0
0
0
0
0
0
0
0
0
0
0
0
0
0
0
0
0
0
0
0
0
0
0
0
0
0
0
0
55.734486871
199.87468425
199.9563051
199.971331776
199.974198598
199.974198598
199.975722145
199.975722145
199.975722145
199.978302286
199.978302286
199.978302286
199.976778739
199.976778739
199.976778739
199.976778739
199.976778739
199.60269861
198.612850783
197.444177077
196.422662571
195.601708781
195.008022997
194.609576961
194.397609808
194.897640441
4.04367410107
3.95629786036
3.86836726307
3.76203594159
3.65226310985
3.51122333617
3.42381238073
3.27603227957
3.14806762796
3.09420645981
3.06435676852
3.08734715481
3.22561985379
3.86012256636
199.976778739
199.974198598
199.974198598
199.974198598
199.974198598
199.971331776
199.971331776
199.96067459
199.782244347
198.854716621
0
0
0
0
0
0
0
0
0
0
0
0
0
0
0
0
0
0
0
0
0
0
0
0
0
0
0
0
0
0
0
0
0
0
0
0
0
0
0
0
0
0
0
0
0
0
199.708884331
199.937833713
199.971331776
199.974198598
199.975722145
199.978302286
199.978302286
199.978302286
199.978302286
199.978302286
199.978302286
199.978302286
199.978302286
199.978302286
199.976778739
199.976778739
199.976778739
199.976778739
199.563939181
198.826980753
198.111260306
197.461144864
196.991731229
196.646152873
196.471419387
196.752430826
3.73988919113
3.64624700365
3.57930867804
3.46852202464
3.34527145019
3.23180304004
3.09061956384
2.95458737839
2.81437438358
2.74525432141
2.66324650388
2.63260064773
2.71850555416
2.98898080845
199.814914319
199.974198598
199.974198598
199.974198598
199.974198598
199.974198598
199.971331776
199.971331776
199.9563051
199.600664378
49.4233864685
0
0
0
0
0
0
0
0
0
0
0
0
0
0
0
0
0
0
0
0
0
0
0
0
0
0
0
0
0
0
0
0
0
0
0
0
0
0
0
0
0
0
0
0
160.969244959
199.87468425
199.967399235
199.975722145
199.978302286
199.978302286
199.978302286
199.978302286
199.978302286
199.978302286
199.978302286
199.978302286
199.978302286
199.978302286
199.978302286
199.978302286
199.978302286
199.976778739
199.976778739
199.976024588
199.62710846
199.158420123
198.712710733
198.380657112
198.120686583
197.979658268
198.116967951
3.52267379917
3.42401833417
3.34966165061
3.24614664075
3.11616780796
2.98196949033
2.8274377554
2.67375738827
2.52416846701
2.40945269812
2.30221503198
2.25315864479
2.24900943978
2.35883750503
3.1407104974
199.976778739
199.976778739
199.975722145
199.975722145
199.975722145
199.975722145
199.974198598
199.971331776
199.951450111
199.391349456
0
0
0
0
0
0
0
0
0
0
0
0
0
0
0
0
0
0
0
0
0
0
0
0
0
0
0
0
0
0
0
0
0
0
0
0
0
0
0
0
0
0
0
0
199.676538146
199.946055679
199.975722145
199.978302286
199.978302286
199.978302286
199.978302286
199.978302286
199.978302286
199.978302286
199.978302286
199.978302286
199.978302286
199.978302286
199.978302286
199.978302286
199.978302286
199.978302286
199.976778739
199.976778739
199.963759518
199.736456588
199.464826484
199.256029033
199.068623253
198.970233325
199.019668176
3.39234420298
3.26718254942
3.18516105403
3.07537640883
2.91451715071
2.76952657429
2.5985174552
2.42322096987
2.26940296511
2.13159251743
2.01693634207
1.92943011541
1.86236894765
1.86568476227
2.02984859355
110.247016242
199.978302286
199.978302286
199.978302286
199.978302286
199.978302286
199.975722145
199.975722145
199.971331776
199.946055679
199.248579575
0
0
0
0
0
0
0
0
0
0
0
0
0
0
0
0
0
0
0
0
0
0
0
0
0
0
0
0
0
0
0
0
0
0
0
0
0
0
0
0
0
0
0
199.908644819
199.975722145
199.978302286
199.978302286
199.978302286
199.978302286
199.978302286
199.978302286
199.978302286
199.978302286
199.978302286
199.978302286
199.978302286
199.978302286
199.978302286
199.978302286
199.978302286
199.978302286
199.978302286
199.978302286
199.979100865
199.979100865
199.842878093
199.729767588
199.612366794
199.546668877
199.556754388
3.35294188962
3.19000135056
3.08501522707
2.94658441217
2.77895310298
2.59580998503
2.40717957117
2.2285994893
2.05632598709
1.90859949663
1.79057549042
1.68558013765
1.62050915257
1.5633241696
1.56372957978
1.76841991387
199.978302286
199.978302286
199.978302286
199.978302286
199.978302286
199.978302286
199.978302286
199.975722145
199.975722145
199.933402073
31.7833299571
0
0
0
0
0
0
0
0
0
0
0
0
0
0
0
0
0
0
0
0
0
0
0
0
0
0
0
0
0
0
0
0
0
0
0
0
0
0
0
0
0
199.506993059
199.962565125
199.978302286
199.982317242
199.982317242
199.980624412
199.980624412
199.980624412
199.980624412
199.978302286
199.978302286
199.978302286
199.978302286
199.978302286
199.978302286
199.978302286
199.978302286
199.978302286
199.978302286
199.978302286
199.978302286
199.978302286
199.979100865
199.979100865
199.930503506
199.875583915
199.84731454
199.831973286
3.45305335466
3.20793188681
3.06493145763
2.89870558426
2.68447677301
2.47751914722
2.27046407553
2.06914885188
1.89658511139
1.73974801111
1.61317552368
1.5161363012
1.42396326811
1.33718569492
1.30078605748
1.30349426705
2.51514518837
199.978302286
199.978302286
199.978302286
199.978302286
199.978302286
199.978302286
199.978302286
199.978302286
199.971789604
199.926002303
0
0
0
0
0
0
0
0
0
0
0
0
0
0
0
0
0
0
0
0
0
0
0
0
0
0
0
0
0
0
0
0
0
0
0
0
0
0
0
0
0
199.919303884
199.979995116
199.982317242
199.982317242
199.983688434
199.983688434
199.983488595
199.981995604
199.981995604
199.981995604
199.981995604
199.980624412
199.980624412
199.978302286
199.978302286
199.978302286
199.978302286
199.978302286
199.978302286
199.978302286
199.978302286
199.978302286
199.980624412
199.980624412
199.979100865
199.976234042
199.958522435
199.944316585
3.82610600434
3.41254386513
3.16415086836
2.89777560291
2.64853277239
2.40128146179
2.17591362833
1.96599837527
1.78639640742
1.62557092067
1.50078606732
1.37752890308
1.2714184889
1.175840433
1.07858539133
1.02598594015
1.03117083107
14.2244422105
120.861496568
199.978302286
199.978302286
199.979995116
199.979995116
199.979995116
199.978302286
199.978302286
199.962198137
199.860760278
0
0
0
0
0
0
0
0
0
0
0
0
0
0
0
0
0
0
0
0
0
0
0
0
0
0
0
0
0
0
0
0
0
0
0
0
0
0
0
198.970768505
199.977414975
199.979995116
199.983688434
199.983688434
199.983688434
199.983688434
199.983688434
199.983688434
199.981995604
199.981995604
199.981995604
199.981995604
199.981995604
199.981995604
199.980624412
199.980624412
199.978302286
199.978302286
199.978302286
199.978302286
199.978302286
199.980624412
199.980624412
199.980624412
199.979100865
199.979100865
199.976717924
199.977436646
4.97244498377
3.97722061208
3.4778316453
3.03688894784
2.68391026528
2.37897660575
2.11515310699
1.88872074983
1.68387660941
1.54091406035
1.39778615897
1.27146772599
1.14599219784
1.02543173222
0.913531590048
0.821976002458
0.762517618502
0.782567008023
12.8596758366
40.3225871217
73.9346137043
122.609488999
178.342580952
199.982317242
199.982317242
199.982317242
199.979995116
199.962198137
0
0
0
0
0
0
0
0
0
0
0
0
0
0
0
0
0
0
0
0
0
0
0
0
0
0
0
0
0
0
0
0
0
0
0
0
0
0
0
199.959521477
199.979995116
199.985569356
199.983688434
199.983688434
199.983688434
199.983688434
199.983688434
199.983688434
199.983688434
199.981995604
199.981995604
199.981995604
199.981995604
199.981995604
199.981995604
199.981995604
199.981995604
199.980624412
199.980624412
199.980624412
199.981995604
199.981995604
199.981995604
199.981995604
199.981995604
199.980472057
199.981858403
199.97662106
9.79500490237
5.65998945267
4.25936109279
3.36142716303
2.7976463169
2.39736408058
2.09219955898
1.83346729332
1.63852964466
1.46880007417
1.32441980236
1.19066008213
1.05403377374
0.916470781718
0.793916033961
0.694079787394
0.608544869568
0.545760500852
0.702338028983
4.52089143763
8.39039784635
14.5461861034
20.996756234
19.5557434826
13.976660676
4.15924389839
3.6332891602
1.58202219648
24.6346540744
0
0
0
0
0
0
0
0
0
0
0
0
0
0
0
0
0
0
0
0
0
0
0
0
0
0
0
0
0
0
0
0
0
0
0
0
0
0.00321637691749
199.979295898
199.985569356
199.98765927
199.98765927
199.98765927
199.983688434
199.983688434
199.983688434
199.983688434
199.983688434
199.981995604
199.981995604
199.981995604
199.981995604
199.981995604
199.981995604
199.981995604
199.981995604
199.981995604
199.981995604
199.981995604
199.981995604
199.981995604
199.981995604
199.981995604
199.981995604
199.981995604
199.982164887
199.980793695
114.280470771
17.0548945915
6.41376550793
3.96513150483
2.98272417897
2.4536025857
2.08716629092
1.80710849584
1.60414262171
1.43264184194
1.27317835476
1.13501351403
0.994228481156
0.85374391265
0.729123026574
0.615854214241
0.487932018906
0.31593453812
0.342632113923
0.608693177327
1.11744628762
1.56874960789
1.5007589152
0.85597930346
1.11489006112
1.55888590317
2.64821819907
4.4933391786
29.9967273268
33.2835820792
0
0
0
0
0
0
0
0
0
0
0
0
0
0
0
0
0
0
0
0
0
0
0
0
0
0
0
0
0
0
0
0
0
0
0
0.00321637691749
199.965771889
199.98765927
199.98765927
199.98765927
199.98765927
199.98765927
199.98765927
199.983688434
199.983688434
199.983688434
199.983688434
199.983688434
199.981995604
199.981995604
199.981995604
199.981995604
199.981995604
199.981995604
199.981995604
199.981995604
199.981995604
199.981995604
199.981995604
199.981995604
199.981995604
199.981995604
199.981995604
199.981995604
199.982164887
199.982998402
86.4054593134
109.265664005
16.540154253
5.02068468243
3.23359497391
2.51963747337
2.08065472243
1.79064112903
1.58113816034
1.40427496611
1.25073731112
1.10451707734
0.951388693826
0.811739757361
0.676769743506
0.534183533619
0.379249574213
0.202711047855
0.0359399250775
0.0642152673005
0.0750436154061
0.0851941911272
0.19053089517
0.276685024676
0.456302782935
0.950246061126
2.38216230613
9.1352785098
50.8249758362
45.7412441795
0.00152354696092
0
0
0
0
0
0
0
0
0
0
0
0
0
0
0
0
0
0
0
0
0
0
0
0
0
0
0
0
0
0
0
0
0
0
0.00509729909146
199.98765927
199.98765927
199.98765927
199.98765927
199.98765927
199.98765927
199.98765927
199.983688434
199.983688434
199.983688434
199.983688434
199.981995604
199.981995604
199.981995604
199.981995604
199.981995604
199.981995604
199.981995604
199.981995604
199.981995604
199.981995604
199.981995604
199.981995604
199.981995604
199.981995604
199.981995604
199.981995604
199.980472057
199.983208276
199.978877392
31.907921447
83.1469918657
113.987282644
8.5857286093
3.93277818971
2.76422434952
2.20567228312
1.85894209473
1.60305908861
1.4145683313
1.25035450884
1.09969967989
0.925284275503
0.791992931489
0.65333244983
0.538563786935
0.398274159227
0.190914862582
0.0359399250775
0.058024050935
0.0733507854495
0.0835013611707
0.105404019907
0.246926608682
0.348295402638
0.740313767882
2.14394607552
4.49457325164
8.4671249977
0.347061329599
199.975977889
0
0
0
0
0
0
0
0
0
0
0
0
0
0
0
0
0
0
0
0
0
0
0
0
0
0
0
0
0
0
0
0
0
0
199.98765927
199.98765927
199.988893343
199.988893343
199.988893343
199.988893343
199.98701242
199.984922507
199.983229677
199.983229677
199.983229677
199.983229677
199.98170613
199.981995604
199.981995604
199.981995604
199.981995604
199.981995604
199.981995604
199.981995604
199.981995604
199.983229677
199.983229677
199.983229677
199.983229677
199.983229677
199.983229677
199.983229677
199.983912598
199.97793437
125.181570822
)
;

boundaryField
{
    frontAndBack
    {
        type            empty;
    }
    leftWall
    {
        type            calculated;
        value           uniform 0;
    }
    outlet
    {
        type            calculated;
        value           uniform 0;
    }
    rightWall
    {
        type            calculated;
        value           uniform 0;
    }
    inlet
    {
        type            calculated;
        value           uniform 2277.21183878;
    }
}


// ************************************************************************* //
