/*--------------------------------*- C++ -*----------------------------------*\
| =========                 |                                                 |
| \\      /  F ield         | OpenFOAM: The Open Source CFD Toolbox           |
|  \\    /   O peration     | Version:  v1906                                 |
|   \\  /    A nd           | Web:      www.OpenFOAM.com                      |
|    \\/     M anipulation  |                                                 |
\*---------------------------------------------------------------------------*/
FoamFile
{
    version     2.0;
    format      ascii;
    class       volScalarField;
    location    "803";
    object      alpha;
}
// * * * * * * * * * * * * * * * * * * * * * * * * * * * * * * * * * * * * * //

dimensions      [0 0 -1 0 0 0 0];


internalField   nonuniform List<scalar> 
9216
(
200
200
200
200
200
200
200
200
200
200
200
200
200
200
200
200
200
200
200
200
200
200
200
200
200
200
200
200
200
200
200
200
200
200
200
200
200
200
200
200
200
200
200
200
200
200
200
200
200
200
200
200
200
200
200
200
200
200
200
200
200
200
200
200
200
200
200
200
200
200
200
200
200
200
200
200
200
200
200
200
200
200
200
200
199.999999998
183.779949175
163.972091798
139.49586871
112.113741893
88.1384626767
66.6821970432
49.5175484923
35.5841835193
22.9110770168
13.0623875818
1.58242869531
200
200
200
200
200
200
200
200
200
200
200
200
200
200
200
200
200
200
200
200
200
200
200
200
200
200
200
200
200
200
200
200
200
200
200
200
200
200
200
200
200
200
200
200
200
200
200
200
200
200
200
200
200
200
200
200
200
200
200
200
200
200
200
200
200
200
200
200
200
200
200
200
200
200
200
200
200
200
200
200
200
200
200
200
200
196.90457023
177.194842928
151.732829448
127.897749492
100.837733891
77.1510282834
61.1435964644
48.0633264096
31.3752823087
20.6929424778
15.4486851802
200
200
200
200
200
200
200
200
200
200
200
200
200
200
200
200
200
200
200
200
200
200
200
200
200
200
200
200
200
200
200
200
200
200
200
200
200
200
200
200
200
200
200
200
200
200
200
200
200
200
200
200
200
200
200
200
200
200
200
200
200
200
200
200
200
200
200
200
200
200
200
200
200
200
200
200
200
200
200
200
200
200
200
200
200
193.630205583
168.035370383
151.754841916
132.826428079
102.606074057
74.5220914854
64.9938805531
47.6410782485
36.6678530102
32.0866202386
21.8319809563
200
200
200
200
200
200
200
200
200
200
200
200
200
200
200
200
200
200
200
200
200
200
200
200
200
200
200
200
200
200
200
200
200
200
200
200
200
200
200
200
200
200
200
200
200
200
200
200
200
200
200
200
200
200
200
200
200
200
200
200
200
200
200
200
200
200
200
200
200
200
200
200
200
200
200
200
200
200
200
200
200
200
200
200
200
186.778616415
165.549437808
149.827475362
125.641818532
107.01005411
86.5792086839
62.8798858183
56.3484333935
47.048059433
40.977492716
28.5929773011
200
200
200
200
200
200
200
200
200
200
200
200
200
200
200
200
200
200
200
200
200
200
200
200
200
200
200
200
200
200
200
200
200
200
200
200
200
200
200
200
200
200
200
200
200
200
200
200
200
200
200
200
200
200
200
200
200
200
200
200
200
200
200
200
200
200
200
200
200
200
200
200
200
200
200
200
200
200
200
200
200
200
200
200
199.999999628
177.971901185
157.225471401
143.12226692
132.5912724
108.743976722
93.1839468597
72.5504995742
58.462560988
57.1537756165
53.5539291643
41.182748122
200
200
200
200
200
200
200
200
200
200
200
200
200
200
200
200
200
200
200
200
200
200
200
200
200
200
200
200
200
200
200
200
200
200
200
200
200
200
200
200
200
200
200
200
200
200
200
200
200
200
200
200
200
200
200
200
200
200
200
200
200
200
200
200
200
200
200
200
200
200
200
200
200
200
200
200
200
200
200
200
200
200
200
200
197.671857508
175.611881259
161.883855426
142.797094489
122.262635181
103.114920402
99.8289186633
87.2898748217
69.5673286031
66.3653275029
65.4556931128
52.6262691128
200
200
200
200
200
200
200
200
200
200
200
200
200
200
200
200
200
200
200
200
200
200
200
200
200
200
200
200
200
200
200
200
200
200
200
200
200
200
200
200
200
200
200
200
200
200
200
200
200
200
200
200
200
200
200
200
200
200
200
200
200
200
200
200
200
200
200
200
200
200
200
200
200
200
200
200
200
200
200
200
200
200
200
200
192.723894627
173.569549925
157.330481915
142.063286845
122.033091407
112.580397493
98.4289562615
96.7562183287
87.5090971453
77.0711916533
76.8353277569
63.563389075
200
200
200
200
200
200
200
200
200
200
200
200
200
200
200
200
200
200
200
200
200
200
200
200
200
200
200
200
200
200
200
200
200
200
200
200
200
200
200
200
200
200
200
200
200
200
200
200
200
200
200
200
200
200
200
200
200
200
200
200
200
200
200
200
200
200
200
200
200
200
200
200
200
200
200
200
200
200
200
200
200
200
200
200
188.480957057
171.945854279
152.984217049
137.968791474
125.38945971
118.185381465
109.227475452
99.5676847361
99.8554455309
86.926489572
87.5476281982
74.3301250935
200
200
200
200
200
200
200
200
200
200
200
200
200
200
200
200
200
200
200
200
200
200
200
200
200
200
200
200
200
200
200
200
200
200
200
200
200
200
200
200
200
200
200
200
200
200
200
200
200
200
200
200
200
200
200
200
200
200
200
200
200
200
200
200
200
200
200
200
200
200
200
200
200
200
200
200
200
200
200
200
200
200
200
200
187.601907284
172.128636136
156.131998172
139.45195285
127.783825112
115.34269042
116.760593742
110.762070095
104.530189554
100.057842309
96.5237514828
83.9984564335
200
200
200
200
200
200
200
200
200
200
200
200
200
200
200
200
200
200
200
200
200
200
200
200
200
200
200
200
200
200
200
200
200
200
200
200
200
200
200
200
200
200
200
200
200
200
200
200
200
200
200
200
200
200
200
200
200
200
200
200
200
200
200
200
200
200
200
200
195.968664564
187.298658533
183.214230738
185.957936645
192.175496504
197.574141325
199.903726058
200
199.949124275
199.384140556
199.964024049
200
200
200
200
199.999981743
186.162705237
171.351444691
155.480380505
142.218609274
131.669465468
123.954046352
117.322626218
118.095965977
113.503025101
111.342611604
105.055929109
94.0314482416
200
200
200
200
200
200
200
200
200
200
200
200
200
200
200
200
200
200
200
200
200
200
200
200
200
200
200
200
200
200
200
200
200
200
200
200
200
200
200
200
200
200
200
200
200
200
200
200
200
200
200
200
200
200
200
200
200
200
200
200
200
200
200
180.288607815
27.2711085353
4.03092970024
0.83444471912
0.206478569507
0.0674693538045
0.0359818689588
0.0377760254779
0.0685916957913
0.171832075034
0.546208761259
2.17851731727
10.8582055523
70.631834327
173.916172102
196.43816104
199.925628453
199.851774234
199.462078444
199.998507625
199.108547976
184.657902006
167.74881709
154.724916033
144.847624086
138.91415996
131.90963482
126.604120368
119.494431659
121.159554973
123.28517844
113.581064207
101.925832253
200
200
200
200
200
200
200
200
200
200
200
200
200
200
200
200
200
200
200
200
200
200
200
200
200
200
200
200
200
200
200
200
200
200
200
200
200
200
200
200
200
200
200
200
200
200
200
200
200
200
200
200
200
200
200
200
200
200
200
200
160.779208905
0.485011140827
0.00561919967906
0.000310439887262
3.79801218943e-05
6.68311068097e-06
1.47772104772e-06
4.53154677356e-07
2.46045030598e-07
2.5675460335e-07
4.32943103045e-07
9.80238482598e-07
2.75897657007e-06
9.44538827524e-06
3.93290817976e-05
0.000201272617007
0.00134574633353
0.0125701093601
0.175847682228
3.4225781071
96.3740672324
189.048453941
199.891632474
196.904837214
182.198959308
167.988436177
158.041023232
149.918865882
142.257925493
137.110147926
132.312137873
128.689819354
124.038836229
129.158640966
121.234704353
108.124726751
200
200
200
200
200
200
200
200
200
200
200
200
200
200
200
200
200
200
200
200
200
200
200
200
200
200
200
200
200
200
200
200
200
200
200
200
200
200
200
200
200
200
200
200
200
200
200
200
200
200
200
200
200
200
200
200
200
200
21.9216572107
0.0254229540643
1.68567182127e-05
2.63186922808e-08
1.54469640176e-09
2.54135582106e-10
6.149218633e-11
1.80930707696e-11
7.20012171535e-12
4.92638177969e-12
5.77959910922e-12
9.84012714433e-12
2.12790321428e-11
5.55211287999e-11
1.71763501203e-10
6.23721856568e-10
2.64987975305e-09
1.38508446182e-08
9.29718742358e-08
8.43791868033e-07
1.04970542669e-05
0.000178702882968
0.00431233286972
0.165500343558
8.87102935318
159.534735224
179.495301499
170.872768722
161.821468248
153.417833911
146.026108338
141.08526608
136.370993287
132.919489448
130.78428841
132.955611296
127.677360275
113.631185926
200
200
200
200
200
200
200
200
200
200
200
200
200
200
200
200
200
200
200
200
200
200
200
200
200
200
200
200
200
200
200
200
200
200
200
200
200
200
200
200
200
200
200
200
200
200
200
200
200
200
200
200
200
200
200
200
172.823065379
0.0142868743107
5.27560550514e-07
1.35776987977e-11
2.77496389285e-13
2.41631826792e-14
4.8483364705e-15
1.42944465987e-15
5.21227508002e-16
2.86638872194e-16
2.59134665807e-16
3.49134924351e-16
6.1230626913e-16
1.29579345368e-15
3.18020898629e-15
8.96942809964e-15
2.91516131575e-14
1.11584178397e-13
5.13847489471e-13
2.92670572173e-12
2.12395645832e-11
1.98662560832e-10
2.2571321175e-09
3.21142618024e-08
6.38498988039e-07
1.81916709675e-05
0.00073661172493
0.0386080873502
2.44191691104
121.728253618
162.399225774
155.644568616
149.260726356
146.31925764
140.610654495
137.612053672
134.942280843
133.021659649
135.428480894
118.326445741
200
200
200
200
200
200
200
200
200
200
200
200
200
200
200
200
200
200
200
200
200
200
200
200
200
200
200
200
200
200
200
200
200
200
200
200
200
200
200
200
200
200
200
200
200
200
200
200
200
200
200
200
200
200
200
0.122683129294
3.92682475833e-06
5.29491446175e-13
1.05489648066e-16
8.50194313249e-18
1.52354838124e-18
3.99569810617e-19
1.43007327133e-19
6.80072120739e-20
4.89765362984e-20
5.2829186144e-20
7.54832362016e-20
1.29747200552e-19
2.58619304442e-19
5.96116864239e-19
1.56197895006e-18
4.68557473395e-18
1.62082369409e-17
6.57117448297e-17
3.16017426833e-16
1.84745444207e-15
1.27020847623e-14
1.06574999948e-13
1.11645201412e-12
1.53671638471e-11
2.82417433055e-10
6.27232703337e-09
1.85646894574e-07
7.31770095597e-06
0.00030770125093
0.0239505543567
2.99838804894
137.056543412
153.707237474
150.298554266
144.774028145
141.446045846
138.130014236
136.313758487
140.56174445
122.271805931
200
200
200
200
200
200
200
200
200
200
200
200
200
200
200
200
200
200
200
200
200
200
200
200
200
200
200
200
200
200
200
200
200
200
200
200
200
200
200
200
200
200
200
200
200
200
200
200
200
200
200
200
200
200
0.00366486139675
3.94384028379e-13
1.13001197627e-18
9.88807679576e-21
1.29651129912e-21
3.10963866511e-22
1.06307161453e-22
4.66819235519e-23
2.68247214447e-23
2.25183733107e-23
2.63974295667e-23
3.88538181989e-23
6.70849341182e-23
1.32359680854e-22
2.92082814615e-22
7.34005167183e-22
2.08111077825e-21
6.69323570123e-21
2.44642867474e-20
1.01160620981e-19
4.84466798318e-19
2.72588139084e-18
1.80420876482e-17
1.42142339896e-16
1.36793188376e-15
1.6033256844e-14
2.35133394912e-13
4.53433647479e-12
1.17316431113e-10
3.50797027581e-09
1.12292346305e-07
5.76835630485e-06
0.000528605214879
0.122692031829
62.6576903383
150.103800901
146.758561523
143.913332499
141.743859479
138.78635006
141.580002533
125.11315643
200
200
200
200
200
200
200
200
200
200
200
200
200
200
200
200
200
200
200
200
200
200
200
200
200
200
200
200
200
200
200
200
200
200
200
200
200
200
200
200
200
200
200
200
200
200
200
200
200
200
200
200
200
0.00052901766154
2.06916054045e-19
8.90167127829e-23
4.51703691991e-24
8.22285830988e-25
2.3039208467e-25
8.88786858004e-26
4.40135831892e-26
2.76313805841e-26
2.42337967529e-26
2.85844711755e-26
4.1749405695e-26
7.06408132449e-26
1.34597744507e-25
2.89903636776e-25
7.02779709062e-25
1.87972869586e-24
5.69698644006e-24
1.95878732255e-23
7.53953891475e-23
3.22915046622e-22
1.56946418904e-21
8.73168850489e-21
5.43992203703e-20
3.89612179705e-19
3.36082019319e-18
3.47524035643e-17
4.38696078846e-16
6.82042081327e-15
1.350008382e-13
2.96484930805e-12
8.54733408696e-11
3.38677843327e-09
2.30380249875e-07
3.14722404978e-05
0.00772482622307
6.45002792905
144.055434145
145.280977712
143.549976765
140.657771786
141.77828692
126.735749697
200
200
200
200
200
200
200
200
200
200
200
200
200
200
200
200
200
200
200
200
200
200
200
200
200
200
200
200
200
200
200
200
200
200
200
200
200
200
200
200
200
200
200
200
200
200
200
200
200
200
200
200
0.000139610487498
1.29440865392e-23
8.88358135678e-26
9.01499096763e-27
1.87297749772e-27
5.44186688643e-28
2.0883334213e-28
9.75002188563e-29
5.94763898545e-29
4.89208427912e-29
5.4704642863e-29
7.79231132538e-29
1.39859644012e-28
2.70978156349e-28
5.82340775828e-28
1.36583120437e-27
3.58582486854e-27
1.05051991203e-26
3.3982094748e-26
1.19279286948e-25
4.65465921989e-25
1.97796006944e-24
9.604146436e-24
5.1578745406e-23
3.05873579372e-22
2.06364319074e-21
1.61526338894e-20
1.42817179294e-19
1.50403713206e-18
1.96471212409e-17
2.88076362131e-16
5.0702003052e-15
1.1023591385e-13
3.54341119009e-12
2.15736868415e-10
1.72961728671e-08
2.80400238907e-06
0.0012336076483
1.72407651205
140.947850137
143.493242154
142.256663334
140.705295001
127.674010565
200
200
200
200
200
200
200
200
200
200
200
200
200
200
200
200
200
200
200
200
200
200
200
200
200
200
200
200
200
200
200
200
200
200
200
200
200
200
200
200
200
200
200
200
200
200
200
200
200
200
200
5.21109930209e-05
1.67673697753e-26
3.91535742447e-28
9.32835782554e-30
0
0
0
0
0
0
0
0
0
1.98746394106e-31
6.54100473061e-31
3.31692561189e-30
9.88927113091e-30
3.3490372767e-29
1.13348748271e-28
3.97192701196e-28
1.44753001583e-27
5.6937592925e-27
2.41601486118e-26
1.09626409284e-25
5.47867520447e-25
3.02583094876e-24
1.91472275789e-23
1.32905705068e-22
1.03921800338e-21
9.55895316539e-21
9.3658565962e-20
1.08149201602e-18
1.58398929152e-17
2.9243929671e-16
7.35359004667e-15
3.23032344631e-13
2.00246927392e-11
2.50635924064e-09
5.78465194756e-07
0.000372521492138
1.09845428968
138.997327728
142.851666137
139.858884606
128.566554631
200
200
200
200
200
200
200
200
200
200
200
200
200
200
200
200
200
200
200
200
200
200
200
200
200
200
200
200
200
200
200
200
200
200
200
200
200
200
200
200
200
200
200
200
200
200
200
200
200
200
2.25937097915e-05
1.96734849861e-28
0
0
0
0
0
0
0
0
0
0
0
0
0
0
0
1.50121818259e-31
4.12418292169e-31
1.83198343088e-30
7.72069361082e-30
3.13989163399e-29
1.29595326751e-28
5.37499103491e-28
2.28516835344e-27
1.08475077698e-26
5.37657568622e-26
2.94851301604e-25
1.81052294161e-24
1.29117918648e-23
9.34207239543e-23
7.65904567867e-22
7.42871226367e-21
8.71155258552e-20
1.30734312157e-18
3.04801379446e-17
9.03479102779e-16
3.78193671226e-14
3.29707648524e-12
5.78383189014e-10
1.91808936676e-07
0.000235363460868
2.59707959029
139.848471702
140.669027113
129.256540563
200
200
200
200
200
200
200
200
200
200
200
200
200
200
200
200
200
200
200
200
200
200
200
200
200
200
200
200
200
200
200
200
200
200
200
200
200
200
200
200
200
200
200
200
200
200
200
200
200
1.63654034894e-05
2.11040780761e-33
0
0
0
0
0
0
0
0
0
0
0
0
0
0
0
0
0
0
1.44689649861e-32
2.33289135668e-31
6.60430229065e-31
2.95736148971e-30
1.62899253987e-29
6.51628325968e-29
3.31047260213e-28
1.50289690488e-27
7.8709675731e-27
4.01465636623e-26
2.37636851171e-25
1.47266964294e-24
1.08096777503e-23
8.69532207363e-23
8.34743175806e-22
1.02343418983e-20
1.78938742096e-19
3.99076784213e-18
1.32984870056e-16
7.61990223561e-15
7.89977739876e-13
1.96087213914e-10
1.15743492536e-07
0.000463696030872
23.5445888629
140.37795234
129.090144048
200
200
200
200
200
200
200
200
200
200
200
200
200
200
200
200
200
200
200
200
200
200
200
200
200
200
200
200
200
200
200
200
200
200
200
200
200
200
200
200
200
200
200
200
200
200
200
200
3.8020984086e-05
0
0
0
0
0
0
0
0
0
0
0
0
0
0
0
0
0
0
0
0
0
0
0
1.44983211917e-31
4.26823769526e-31
2.28449815024e-30
1.13806313331e-29
4.70440267602e-29
2.51019022087e-28
1.20077968686e-27
6.42806564478e-27
3.43091530629e-26
2.28555879671e-25
1.60485342816e-24
1.3315852909e-23
1.30813076271e-22
1.79372254039e-21
2.97288650187e-20
7.78292887216e-19
2.82413019718e-17
1.94780357551e-15
2.75746421368e-13
1.07742922154e-10
1.77712026003e-07
0.00286976228436
118.265733205
127.06357843
200
200
200
200
200
200
200
200
200
200
200
200
200
200
200
200
200
200
200
200
200
200
200
200
200
200
200
200
200
200
200
200
200
200
200
200
200
200
200
200
200
200
200
200
200
200
200
0.000145014315698
0
0
0
0
0
0
0
0
0
0
0
0
0
0
0
0
0
0
0
0
0
0
0
0
0
0
1.11823381319e-31
4.23480051455e-31
2.02508160999e-30
1.03358785975e-29
4.77902705531e-29
2.64407474304e-28
1.31080574893e-27
7.5280133235e-27
4.83331889938e-26
3.27109892074e-25
2.70161603863e-24
2.99568531855e-23
3.6366435047e-22
6.35858384827e-21
1.70229406825e-19
8.15964740554e-18
7.24037656011e-16
1.46990455031e-13
1.39511333437e-10
8.08522663744e-07
0.165925911675
123.349352974
200
200
200
200
200
200
200
200
200
200
200
200
200
200
200
200
200
200
200
200
200
200
200
200
200
200
200
200
200
200
200
200
200
200
200
200
200
200
200
200
200
200
200
200
200
200
0.0024576279842
0
0
0
0
0
0
0
0
0
0
0
0
0
0
0
0
0
0
0
0
0
0
0
0
0
0
0
0
0
1.06591069287e-31
4.74817987665e-31
2.50592263726e-30
1.33627988359e-29
6.51340196902e-29
3.91329647792e-28
2.12847989917e-27
1.34364031957e-26
9.07762178548e-26
7.14356337037e-25
7.93119716641e-24
9.80916181648e-23
1.96349352814e-21
6.05558651573e-20
3.34536819155e-18
4.09475358692e-16
1.64266261069e-13
5.14815810945e-10
2.14940545284e-05
99.6687895318
200
200
200
200
200
200
200
200
200
200
200
200
200
200
200
200
200
200
200
200
200
200
200
200
200
200
200
200
200
200
200
200
200
200
200
200
200
200
200
200
200
200
200
200
200
200
0
0
0
0
0
0
0
0
0
0
0
0
0
0
0
0
0
0
0
0
0
0
0
0
0
0
0
0
0
0
0
0
1.39426277963e-31
6.55194496007e-31
3.63711813345e-30
2.06314206592e-29
1.20701933094e-28
6.84432356673e-28
4.60875307296e-27
3.07898503751e-26
2.6382909185e-25
2.57601485429e-24
3.84251621393e-23
8.07998061121e-22
2.83178318702e-20
1.97870759165e-18
4.22498088955e-16
4.46201260341e-13
7.86207770156e-09
0.238050192704
200
200
200
200
200
200
200
200
200
200
200
200
200
200
200
200
200
200
200
200
200
200
200
200
200
200
200
200
200
200
200
200
200
200
200
200
200
200
200
200
200
200
200
200
200
0
0
0
0
0
0
0
0
0
0
0
0
0
0
0
0
0
0
0
0
0
0
0
0
0
0
0
0
0
0
0
0
0
0
0
2.24414808096e-31
1.1559125608e-30
9.0125696562e-30
4.68681656584e-29
2.96645169943e-28
2.02548549319e-27
1.2664128281e-26
1.06087481764e-25
1.20268067566e-24
1.87213663757e-23
4.17323806205e-22
1.72367191947e-20
1.90703877776e-18
8.99431270445e-16
4.86269029047e-12
1.13117793015e-05
200
200
200
200
200
200
200
200
200
200
200
200
200
200
200
200
200
200
200
200
200
200
200
200
200
200
200
200
200
200
200
200
200
200
200
200
200
200
200
200
200
200
200
200
200
0
0
0
0
0
0
0
0
0
0
0
0
0
0
0
0
0
0
0
0
0
0
0
0
0
0
0
0
0
0
0
0
0
0
0
0
6.81326953943e-32
5.01971630799e-31
3.68039963845e-30
2.23763654188e-29
1.50842948789e-28
9.98468159976e-28
6.93319648656e-27
5.80226556917e-26
6.32958177653e-25
1.03872826187e-23
2.57822710709e-22
1.59732641246e-20
3.45691206917e-18
6.43270371198e-15
1.99036743989e-09
200
200
200
200
200
200
200
200
200
200
200
200
200
200
200
200
200
200
200
200
200
200
200
200
200
200
200
200
200
200
200
200
200
200
200
200
200
200
200
200
200
200
200
200
200
0
0
0
0
0
0
0
0
0
0
0
0
0
0
0
0
0
0
0
0
0
0
0
0
0
0
0
0
0
0
0
0
0
0
0
0
0
0
2.37888930719e-31
1.99949249416e-30
1.20215568026e-29
8.99285037054e-29
5.63920812838e-28
3.68283802106e-27
3.05960458595e-26
3.89919986127e-25
6.79649332528e-24
2.42732361006e-22
2.48384833203e-20
1.89268793948e-17
6.30326423031e-13
200
200
200
200
200
200
200
200
200
200
200
200
200
200
200
200
200
200
200
200
200
200
200
200
200
200
200
200
200
200
200
200
200
200
200
200
200
200
200
200
200
200
200
200
0
0
0
0
0
0
0
0
0
0
0
0
0
0
0
0
0
0
0
0
0
0
0
0
0
0
0
0
0
0
0
0
0
0
0
0
0
0
0
0
1.06878946732e-31
1.24781693846e-30
8.67780628008e-30
6.12167709964e-29
3.76250054112e-28
3.01706076364e-27
2.35021687783e-26
3.17513432798e-25
7.39791633008e-24
3.5127005206e-22
1.00937365513e-19
6.26344887554e-16
200
200
200
200
200
200
200
200
200
200
200
200
200
200
200
200
200
200
200
200
200
200
200
200
200
200
200
200
200
200
200
200
200
200
200
200
200
200
200
200
200
200
200
200
0
0
0
0
0
0
0
0
0
0
0
1.00798141237e-31
5.04309273213e-31
7.77661310761e-31
1.33432447385e-30
0
0
0
0
0
0
0
0
0
0
0
0
0
0
0
0
0
0
0
0
0
0
0
0
0
0
4.52790098789e-32
8.59455384299e-31
7.69177008637e-30
5.10819153567e-29
3.39155853513e-28
2.63808159347e-27
2.54324118785e-26
3.71334407177e-25
1.01365896802e-23
1.15449249479e-21
1.63550012014e-18
200
200
200
1.28060478551e-34
0
0
0
0
0
0
0
0
0
0
0
0
0
0
0
0
0
0
0
1.60050546315e-29
2.32212038424e-27
200
200
200
200
200
200
200
200
200
200
200
200
200
200
200
200
200
200
200
0
0
0
0
0
0
0
0
0
3.49719923226e-31
5.79907615881e-30
3.57572952945e-29
2.5579643678e-28
1.68424902563e-27
3.20018319658e-27
4.48581998956e-27
1.20637804932e-28
8.19188952477e-30
0
0
0
0
0
0
0
0
0
0
0
0
0
0
0
0
0
0
0
0
0
0
0
0
7.99122068873e-33
7.22237235317e-31
5.77924853142e-30
4.08101393988e-29
3.28074215477e-28
2.64500116819e-27
2.5760519548e-26
5.23984031876e-25
2.76993846645e-23
1.09573520997e-20
1.59433140501e-35
8.39121792113e-36
0
0
0
0
0
0
0
0
0
0
0
0
0
0
0
0
0
0
0
0
0
0
0
0
0
0
0
0
9.19078638403e-29
1.25850289349e-26
200
200
200
200
200
200
200
200
200
200
200
0
0
0
0
0
0
0
0
8.73661279164e-32
7.54504757731e-30
3.81813373877e-28
3.35100443877e-26
200
200
200
200
200
200
200
200
200
200
199.999999998
199.742121567
0
0
0
0
0
0
0
0
0
0
0
0
0
0
0
0
0
0
0
0
3.14028486842e-34
8.39236991686e-31
6.6399924848e-30
5.90470106293e-29
4.4688475858e-28
3.75681339215e-27
4.86803929198e-26
1.31259753216e-24
1.80138365011e-22
0
0
0
0
0
0
0
0
0
0
0
0
0
0
0
0
0
0
0
0
0
0
0
0
0
0
0
0
0
0
0
0
0
0
0
1.2612872937e-28
6.17451241814e-27
200
200
200
200
200
200
0
0
0
0
0
0
0
9.44246382202e-31
2.20090321338e-28
1.67962285209e-25
200
200
200
200
200
200
200
200
200
200
200
200
200
199.999999999
199.853933005
0
0
0
0
0
0
0
0
0
0
0
0
0
0
0
0
0
0
0
0
3.02553369068e-32
1.20576110391e-30
1.06282763327e-29
7.55984668076e-29
7.10793431876e-28
7.05265881806e-27
1.12395487236e-25
6.8448471795e-24
0
0
0
0
0
0
0
0
0
0
0
0
0
0
0
0
0
0
0
0
0
0
0
0
0
0
0
0
0
0
0
0
0
0
0
0
0
0
1.03758385776e-30
9.1926413266e-29
1.15337841851e-27
2.67943403635e-27
6.0389920215e-29
0
0
0
0
0
0
9.59181974218e-30
6.13156696912e-27
200
200
200
200
200
200
200
200
200
200
200
200
200
200
200
200
199.999999999
199.847607278
0
0
0
0
0
0
0
0
0
0
0
0
0
0
0
0
0
0
0
0
9.48997355853e-32
2.34704006884e-30
1.62867511555e-29
1.32644250841e-28
1.18109223866e-27
1.62203472583e-26
4.74611171789e-25
0
0
0
0
0
0
0
0
0
0
0
0
0
0
0
0
0
0
0
0
0
0
0
0
0
0
0
0
0
0
0
0
0
0
0
0
0
0
0
0
0
0
6.95486861524e-30
0
0
1.23550409858e-33
2.12135520084e-33
1.324781659e-31
7.65871824207e-29
3.79014222131e-25
200
200
200
200
200
200
200
200
200
200
200
200
200
200
200
200
200
200
199.999999999
199.80899901
0
0
0
0
0
0
0
0
0
0
0
0
0
0
0
0
0
0
0
0
2.7996160409e-31
4.34627843868e-30
3.64441976263e-29
3.20316725922e-28
3.45498459724e-27
5.59090969225e-26
0
0
0
0
0
0
0
0
0
0
0
0
0
0
0
0
0
0
0
0
0
0
0
0
0
0
0
0
0
0
0
0
0
0
0
0
0
0
0
0
0
0
0
0
1.57072969301e-33
1.02659796507e-32
8.01577549438e-31
1.55810810527e-28
5.76518803081e-23
200
200
200
200
200
200
200
200
200
200
200
200
200
200
200
200
200
200
200
200
199.999999999
199.764196308
0
0
0
0
0
0
0
0
0
0
0
0
0
0
0
0
0
0
0
0
9.35156179546e-31
8.6652966014e-30
9.95433658391e-29
9.80490414368e-28
1.0843843694e-26
0
0
0
0
0
0
0
0
0
0
0
0
0
0
0
0
0
0
0
0
0
0
0
0
0
0
0
0
0
0
0
0
0
0
0
0
0
0
0
0
0
0
0
0
0
5.37158760718e-31
6.0350669361e-29
200
200
200
200
200
200
200
200
200
200
200
200
200
200
200
200
200
200
200
200
200
200
200
199.999999999
199.64059794
0
0
0
0
0
0
0
0
0
0
0
0
0
0
0
0
0
0
0
1.34891760747e-31
3.11684949881e-30
2.59453291703e-29
2.91542307111e-28
2.93706894677e-27
0
0
0
0
0
0
0
0
0
0
0
0
0
0
0
0
0
0
0
0
0
0
0
0
0
0
0
0
0
0
0
0
0
0
0
0
0
0
0
0
0
0
0
0
0
0
5.5940104798e-27
200
200
200
200
200
200
200
200
200
200
200
200
200
200
200
200
200
200
200
200
200
200
200
200
199.999999999
0
0
0
0
0
0
0
0
0
0
0
0
0
0
0
0
0
0
0
0
8.47687440467e-31
1.00157246022e-29
1.10616439564e-28
9.89222323776e-28
0
0
0
0
0
0
0
0
0
0
0
0
0
0
0
0
0
0
0
0
0
0
0
0
0
0
0
0
0
0
0
0
0
0
0
0
0
0
0
0
0
0
0
0
0
0
0
0
1.16885937348e-34
200
200
200
200
200
200
200
200
200
200
200
200
200
200
200
200
200
200
200
200
200
200
200
199.999999995
0
0
0
0
0
0
0
0
0
0
0
0
0
0
0
0
0
0
0
2.3344133829e-31
4.3194411324e-30
4.8163582249e-29
4.04306852981e-28
0
0
0
0
0
0
0
0
0
0
0
0
0
0
0
0
0
0
0
0
0
0
0
0
0
0
0
0
0
0
0
0
0
0
0
0
0
0
0
0
0
0
0
0
0
0
0
0
0
1.05197343613e-34
1.4085530051e-33
8.09649045072e-28
200
200
200
200
200
200
200
200
200
200
200
200
200
200
200
200
200
200
200
200
200
0
0
0
0
0
0
0
0
0
0
0
0
0
0
0
0
0
0
0
5.82220648912e-32
2.1143944565e-30
2.37074642852e-29
1.94852340509e-28
0
0
0
0
0
0
0
0
0
0
0
0
0
0
0
0
0
0
0
0
0
0
0
0
0
0
0
0
0
0
0
0
0
0
0
0
0
0
0
0
0
0
0
0
0
0
0
0
0
0
9.46776092515e-35
5.31844002258e-34
6.5403929475e-33
2.98278510908e-27
200
200
200
200
200
200
200
200
200
200
200
200
200
200
200
200
200
200
200
199.999999997
0
0
0
0
0
0
0
0
0
0
0
0
0
0
0
0
0
0
0
9.64264197193e-31
1.18915322902e-29
1.07565187778e-28
0
0
0
0
0
0
0
0
0
0
0
0
0
0
0
0
0
0
0
0
0
0
0
0
0
0
0
0
0
0
0
0
0
0
0
0
0
0
0
0
0
0
0
0
0
0
0
0
0
0
0
1.79887457578e-34
4.01970738538e-34
5.61766120334e-33
1.6123251487e-32
6.12389054705e-26
200
200
200
200
200
200
200
200
200
200
200
200
200
200
200
200
200
200
0
0
0
0
0
0
0
0
0
0
0
0
0
0
0
0
0
0
0
4.73396472487e-31
6.49985386914e-30
6.6370726933e-29
0
0
0
0
0
0
0
0
0
0
0
0
0
0
0
0
0
0
0
0
0
0
0
0
0
0
0
0
0
0
0
0
0
0
0
0
0
0
0
0
0
0
0
0
0
0
0
0
0
0
0
0
1.6189871182e-34
3.61773664684e-34
4.98687510587e-33
1.09869548535e-32
1.22703876344e-27
200
200
200
200
200
200
200
200
200
200
200
200
200
200
200
200
200
199.999999992
0
0
0
0
0
0
0
0
0
0
0
0
0
0
0
0
0
0
2.89451846367e-31
4.89201677529e-30
4.48648834855e-29
0
0
0
0
0
0
0
0
0
0
0
0
0
0
0
0
0
0
0
0
0
0
0
0
0
0
0
0
0
0
0
0
0
0
0
0
0
0
0
0
0
0
0
0
0
0
0
0
0
0
0
0
0
2.30918688964e-34
7.89917269061e-34
3.82799433814e-33
5.93891804802e-33
1.19323162406e-28
200
200
200
200
200
200
200
200
200
200
200
200
200
200
200
200
200
0
0
0
0
0
0
0
0
0
0
0
0
0
0
0
0
0
0
1.71553912896e-31
3.93017094512e-30
3.34819268982e-29
0
0
0
0
0
0
0
0
0
0
0
0
0
0
0
0
0
0
0
0
0
0
0
0
0
0
0
0
0
0
0
0
0
0
0
0
0
0
0
0
0
0
0
0
0
0
0
0
0
0
0
0
0
6.90199771443e-35
1.45708840638e-34
1.20858513991e-33
3.21909723073e-33
5.31814856108e-33
5.16948765708e-33
200
200
200
200
200
200
200
200
200
200
200
200
200
200
200
200
0
0
0
0
0
0
0
0
0
0
0
0
0
0
0
0
0
0
1.41898159534e-31
3.16985517084e-30
2.75188523415e-29
0
0
0
0
0
0
0
0
0
0
0
0
0
0
0
0
0
0
0
0
0
0
0
0
0
0
0
0
0
0
0
0
0
0
0
0
0
0
0
0
0
0
0
0
0
0
0
0
0
0
0
0
0
6.90199771443e-35
1.31137956574e-34
1.31137956574e-34
1.27619990278e-33
3.10086616866e-33
4.67562571759e-33
4.45705869544e-33
200
200
200
200
200
200
200
200
200
200
200
200
200
200
200
0
0
0
0
0
0
0
0
0
0
0
0
0
0
0
0
0
0
1.30827648533e-31
3.10432908588e-30
2.55164620114e-29
0
0
0
0
0
0
0
0
0
0
0
0
0
0
0
0
0
0
0
0
0
0
0
0
0
0
0
0
0
0
0
0
0
0
0
0
0
0
0
0
0
0
0
0
0
0
0
0
0
0
0
0
0
0
1.31137956574e-34
1.31137956574e-34
1.31137956574e-34
1.54773263426e-33
3.56070923372e-33
3.84142276835e-33
1.96538868041e-29
200
200
200
200
200
200
200
200
200
200
200
200
200
200
0
0
0
0
0
0
0
0
0
0
0
0
0
0
0
0
0
0
1.33918909426e-31
3.0725705641e-30
2.61241060518e-29
0
0
0
0
0
0
0
0
0
0
0
0
0
0
0
0
0
0
0
0
0
0
0
0
0
0
0
0
0
0
0
0
0
0
0
0
0
0
0
0
0
0
0
0
0
0
0
0
0
0
0
0
0
0
0
1.31137956574e-34
1.31137956574e-34
1.31137956574e-34
1.84943566925e-33
2.78054276573e-33
2.68723647372e-33
4.1989749178e-28
200
200
200
200
200
200
200
200
200
200
200
200
200
0
0
0
0
0
0
0
0
0
0
0
0
0
0
0
0
0
0
1.86162032747e-31
3.21322289768e-30
2.88239908972e-29
0
0
0
0
0
0
0
0
0
0
0
0
0
0
0
0
0
0
0
0
0
0
0
0
0
0
0
0
0
0
0
0
0
0
0
0
0
0
0
0
0
0
0
0
0
0
0
0
0
0
0
0
0
0
0
0
0
6.90199771443e-35
2.07826820068e-34
1.75429476148e-33
2.3145345274e-33
1.66603355781e-33
200
200
200
200
200
200
200
200
200
200
200
200
200
0
0
0
0
0
0
0
0
0
0
0
0
0
0
0
0
0
0
2.55607817883e-31
4.35155340524e-30
3.39614514187e-29
0
0
0
0
0
0
0
0
0
0
0
0
0
0
0
0
0
0
0
0
0
0
0
0
0
0
0
0
0
0
0
0
0
0
0
0
0
0
0
0
0
0
0
0
0
0
0
0
0
0
0
0
0
0
0
0
0
0
3.61773664684e-34
4.78659602032e-34
4.30793641829e-34
8.70507891747e-34
1.11924078039e-31
200
200
200
200
200
200
200
200
200
200
200
200
0
0
0
0
0
0
0
0
0
0
0
0
0
0
0
0
0
0
3.75919630427e-31
5.6165683053e-30
4.25899999845e-29
0
0
0
0
0
0
0
0
0
0
0
0
0
0
0
0
0
0
0
0
0
0
0
0
0
0
0
0
0
0
0
0
0
0
0
0
0
0
0
0
0
0
0
0
0
0
0
0
0
0
0
0
0
0
0
0
0
0
9.46776092515e-35
4.01970738538e-34
6.08532865751e-34
4.78659602032e-34
2.38372143996e-32
200
200
200
200
200
200
200
200
200
200
200
200
0
0
0
0
0
0
0
0
0
0
0
0
0
0
0
0
0
0
6.41862413591e-31
7.159919439e-30
5.2601539965e-29
0
0
0
0
0
0
0
0
0
0
0
0
0
0
0
0
0
0
0
0
0
0
0
0
0
0
0
0
0
0
0
0
0
0
0
0
0
0
0
0
0
0
0
0
0
0
0
0
0
0
0
0
0
0
0
0
0
0
0
0
4.46634153931e-34
6.76147628613e-34
9.67795591382e-33
2.03278688413e-31
200
200
200
200
200
200
200
200
200
200
200
6.90199771443e-35
0
0
0
0
0
0
0
0
0
0
0
0
0
0
0
0
3.56830286937e-32
1.12108810872e-30
1.02884516314e-29
6.23940751782e-29
0
0
0
0
0
0
0
0
0
0
0
0
0
0
0
0
0
0
0
0
0
0
0
0
0
0
0
0
0
0
0
0
0
0
0
0
0
0
0
0
0
0
0
0
0
0
0
0
0
0
0
0
0
0
0
0
0
0
0
0
0
4.96260171035e-34
1.09136217113e-32
7.64429816164e-32
200
200
200
200
200
200
200
200
200
200
200
6.90199771443e-35
6.90199771443e-35
0
0
0
0
0
0
0
0
0
0
0
0
0
0
0
1.1273000629e-31
1.86482637725e-30
1.5497737639e-29
1.61123388291e-28
0
0
0
0
0
0
0
0
0
0
0
0
0
0
0
0
0
0
0
0
0
0
0
0
0
0
0
0
0
0
0
0
0
0
0
0
0
0
0
0
0
0
0
0
0
0
0
0
0
0
0
0
0
0
0
0
0
0
0
0
0
0
4.71501513515e-33
2.53646855595e-32
200
200
200
200
200
200
200
200
200
200
200
6.90199771443e-35
6.90199771443e-35
6.90199771443e-35
0
0
0
0
0
0
0
0
0
0
0
0
0
0
2.85974795375e-31
2.96304542955e-30
2.111163201e-29
5.23098551988e-28
0
0
0
0
0
0
0
0
0
0
0
0
0
0
0
0
0
0
0
0
0
0
0
0
0
0
0
0
0
0
0
0
0
0
0
0
0
0
0
0
0
0
0
0
0
0
0
0
0
0
0
0
0
0
0
0
0
0
0
0
0
0
0
2.39351236824e-32
200
200
200
200
200
200
200
200
200
200
0
6.21179794299e-35
6.90199771443e-35
6.90199771443e-35
6.90199771443e-35
0
0
0
0
0
0
0
0
0
0
0
0
3.08865684762e-33
5.22779508763e-31
5.34593171698e-30
2.67208726907e-29
9.44902183975e-28
0
0
0
0
0
0
0
0
0
0
0
0
0
0
0
0
0
0
0
0
0
0
0
0
0
0
0
0
0
0
0
0
0
0
0
0
0
0
0
0
0
0
0
0
0
0
0
0
0
0
0
0
0
0
0
0
0
0
0
0
0
0
0
2.18795667342e-32
200
200
200
200
200
200
200
200
200
200
0
0
6.21179794299e-35
6.90199771443e-35
6.90199771443e-35
0
0
0
0
0
0
0
0
0
0
0
0
9.14188498235e-32
8.87124022131e-31
6.88066741422e-30
2.9051231895e-29
1.56798626709e-27
0
0
0
0
0
0
0
0
0
0
0
0
0
0
0
0
0
0
0
0
0
0
0
0
0
0
0
0
0
0
0
0
0
0
0
0
0
0
0
0
0
0
0
0
0
0
0
0
0
0
0
0
0
0
0
0
0
0
0
0
0
0
0
0
200
200
200
200
200
200
200
200
200
0
0
0
0
6.90199771443e-35
6.90199771443e-35
6.90199771443e-35
0
0
0
0
0
0
0
0
0
0
0
1.8701257721e-31
1.87037960094e-30
9.12420577419e-30
6.06605991831e-29
2.19808478985e-27
0
0
0
0
0
0
0
0
0
0
0
0
0
0
0
0
0
0
0
0
0
0
0
0
0
0
0
0
0
0
0
0
0
0
0
0
0
0
0
0
0
0
0
0
0
0
0
0
0
0
0
0
0
0
0
0
0
0
0
0
0
0
0
0
200
200
200
200
200
200
200
200
0
0
0
0
0
0
6.90199771443e-35
6.90199771443e-35
0
0
0
0
0
0
0
0
0
0
4.83520481005e-32
3.52248955455e-31
2.15129374537e-30
8.71759425169e-30
1.34768483755e-28
3.40684051965e-27
0
0
0
0
0
0
0
0
0
0
0
0
0
0
0
0
0
0
0
0
0
0
0
0
0
0
0
0
0
0
0
0
0
0
0
0
0
0
0
0
0
0
0
0
0
0
0
0
0
0
0
0
0
0
0
0
0
0
0
0
0
0
0
0
200
200
200
200
200
200
200
0
0
0
0
0
0
0
0
6.90199771443e-35
0
0
0
0
0
0
0
0
0
0
1.35663854909e-31
7.2223188274e-31
2.50430027308e-30
6.09085128407e-30
1.59083606982e-28
5.07868381705e-27
0
0
0
0
0
0
0
0
0
0
0
0
0
0
0
0
0
0
0
0
0
0
0
0
0
0
0
0
0
0
0
0
0
0
0
0
0
0
0
0
0
0
0
0
0
0
0
0
0
0
0
0
0
0
0
0
0
0
0
0
0
0
0
9.6000305595
200
200
200
200
200
200
0
0
0
0
0
0
0
0
0
0
0
0
0
0
0
0
0
0
0
5.3535755922e-32
1.99544783139e-31
8.0217794085e-31
1.48494012304e-30
1.36454772184e-29
2.43554183244e-28
7.19490005898e-27
0
0
0
0
0
0
0
0
0
0
0
0
0
0
0
0
0
0
0
0
0
0
0
0
0
0
0
0
0
0
0
0
0
0
0
0
0
0
0
0
0
0
0
0
0
0
0
0
0
0
0
0
0
0
0
0
0
0
0
0
0
0
0
200
200
200
200
200
200
0
0
0
0
0
0
0
0
0
0
0
0
0
0
0
0
0
0
0
0
1.47515214652e-31
5.49014799291e-31
9.22239357729e-31
2.63800901752e-31
1.32372412766e-29
4.13065964916e-28
7.75031444048e-27
0
0
0
0
0
0
0
0
0
0
0
0
0
0
0
0
0
0
0
0
0
0
0
0
0
0
0
0
0
0
0
0
0
0
0
0
0
0
0
0
0
0
0
0
0
0
0
0
0
0
0
0
0
0
0
0
0
0
0
0
0
0
0
200
200
200
200
0
0
0
0
0
0
0
0
0
0
0
0
0
0
0
0
0
0
0
0
0
8.32976844266e-32
3.06367382755e-31
9.96317420809e-31
1.68365692951e-30
1.1025540742e-31
3.40386748851e-30
6.9051706161e-28
7.14780018722e-27
0
0
0
0
0
0
0
0
0
0
0
0
0
0
0
0
0
0
0
0
0
0
0
0
0
0
0
0
0
0
0
0
0
0
0
0
0
0
0
0
0
0
0
0
0
0
0
0
0
0
0
0
0
0
0
0
0
0
0
0
0
0
0
200
0
0
0
0
0
0
0
0
0
0
0
0
0
0
0
0
0
0
0
0
0
0
0
5.5708790947e-32
1.44553981919e-31
3.94438027803e-31
9.43109468978e-31
1.06778826472e-30
3.32805229336e-30
1.33701973273e-29
3.49474476501e-28
3.85725328806e-27
0
0
0
0
0
0
0
0
0
0
0
0
0
0
0
0
0
0
0
0
0
0
0
0
0
0
0
0
0
0
0
0
0
0
0
0
0
0
0
0
0
0
0
0
0
0
0
0
0
0
0
0
0
0
0
0
0
0
0
0
0
0
0
0
0
0
0
0
0
0
0
0
0
0
0
0
0
0
0
0
0
0
0
0
0
0
3.759306808e-32
1.8554300054e-31
2.87120904707e-31
4.01658260343e-31
4.17808710129e-31
1.95611368453e-29
2.43403286438e-29
4.54782353037e-29
2.60806254765e-28
6.17006031425e-27
1.59433140501e-35
0
0
0
0
0
0
0
0
0
0
0
0
0
0
0
0
0
0
0
0
0
0
0
0
0
0
0
0
0
0
0
0
0
0
0
0
0
0
0
0
0
0
0
0
0
0
0
0
0
0
0
0
0
0
0
0
0
0
0
0
0
0
0
0
0
0
0
0
0
0
0
0
0
0
0
0
0
0
0
0
0
0
0
0
3.34166798842e-32
2.03157429797e-31
3.06187214998e-31
3.34168635208e-31
6.64882286491e-31
4.85017987788e-30
5.41602953883e-30
8.17161237169e-30
1.92337750535e-29
1.1282168833e-28
3.60462627736e-27
200
200
3.83913760763e-35
0
0
0
0
0
0
0
0
0
0
0
0
0
0
0
0
0
0
0
0
0
0
0
0
0
0
0
0
0
0
0
0
0
0
0
0
0
0
0
0
0
0
0
0
0
0
0
0
0
0
0
0
0
0
0
0
0
0
0
0
0
0
0
0
0
0
0
0
0
0
0
0
0
0
0
0
0
0
0
0
0
5.30475310048e-32
2.26639668609e-31
2.24697217657e-31
4.1646152472e-31
2.01555680868e-30
1.79289665739e-30
1.93755975961e-30
3.07963762523e-30
5.41696491322e-30
1.31691825907e-29
7.36899484865e-29
3.30996190556e-27
200
200
200
200
200
0
0
0
0
0
0
0
0
0
0
0
0
0
0
0
0
0
0
0
0
0
0
0
0
0
0
0
0
0
0
0
0
0
0
0
0
0
0
0
0
0
0
0
0
0
0
0
0
0
0
0
0
0
0
0
0
0
0
0
0
0
0
0
0
0
0
0
0
0
0
0
0
0
0
2.30918688964e-34
2.56576321072e-34
1.6189871182e-34
2.58169698577e-32
1.78666685213e-31
2.32486275661e-31
2.26900362882e-31
1.17442161377e-30
1.12069521158e-30
1.14119480397e-30
1.32682923318e-30
1.68410097944e-30
2.25710188325e-30
3.17285610532e-30
5.72638459503e-30
2.87637718839e-29
2.34672420548e-27
200
200
200
200
200
28.8210621114
2.62497853718e-34
0
0
0
0
0
0
0
0
0
0
0
0
0
0
0
0
0
0
0
0
0
0
0
0
0
0
0
0
0
0
0
0
0
0
0
0
0
0
0
0
0
0
0
0
0
0
0
0
0
0
0
0
0
0
0
0
0
0
0
0
0
0
0
0
0
0
9.98448757609e-32
1.27324068744e-31
8.37122627116e-31
1.27756766893e-30
2.83619512422e-30
3.74204827624e-30
4.3177771388e-30
4.63307073155e-30
3.16376884581e-30
5.92122853762e-31
2.01258407512e-31
1.12973366365e-30
8.32331694732e-31
7.90066144028e-31
8.87163203056e-31
1.0444079108e-30
1.2174082775e-30
1.4550955403e-30
1.80826901603e-30
2.28136588518e-30
3.12082160204e-30
6.72654736396e-30
1.39450305958e-27
200
200
200
200
3.1174917972e-24
1.9236050082e-28
1.42399500258e-27
4.02178072072e-28
6.96920867798e-35
0
0
0
0
0
0
0
0
0
0
0
0
0
0
0
0
0
0
0
0
0
0
0
0
0
0
0
0
0
0
0
0
0
0
0
0
0
0
0
0
0
0
0
0
0
0
0
0
0
0
0
0
0
0
0
0
0
0
0
0
0
0
1.08426684034e-30
5.73865657805e-30
1.17060573405e-29
1.78998510883e-29
2.13412546951e-29
2.29696417828e-29
2.56746435899e-29
2.29219327909e-29
2.05734381341e-29
1.44768355049e-29
5.65322784435e-30
2.34538158007e-30
1.03939194364e-30
7.12904505462e-31
7.11733884504e-31
7.85556057799e-31
8.70762969384e-31
9.82389276314e-31
1.11784579473e-30
1.29021799903e-30
1.51733295346e-30
1.80202045944e-30
2.19540243679e-30
3.02436810153e-30
6.58447933076e-28
200
200
200
2.04538636814e-24
2.97722001461e-27
3.25764298712e-28
5.05656338596e-29
3.45531925087e-31
7.2250193513e-31
7.52008515196e-33
0
0
0
0
0
0
0
0
0
0
0
0
0
0
0
0
0
0
0
0
0
0
0
0
0
0
0
0
0
0
0
0
0
0
0
0
0
0
0
0
0
0
0
0
0
0
0
0
0
0
0
0
0
0
0
0
0
0
0
0
0
5.26850201251e-30
1.52375950027e-29
1.64804372488e-29
1.70712937099e-29
1.85483433807e-29
1.98528082274e-29
2.10900192019e-29
2.15054375797e-29
2.04838893789e-29
1.83663786722e-29
1.47207140671e-29
3.1415565424e-30
1.20773786621e-30
8.99333018546e-31
8.11259508281e-31
8.21214007968e-31
8.70355806921e-31
9.51226058454e-31
1.05364991075e-30
1.18117507594e-30
1.33665054964e-30
1.52408994731e-30
1.75173419624e-30
2.09156410716e-30
2.6483000374e-28
200
75.6305348084
7.92424586898e-25
5.04194831472e-27
4.68325110591e-28
1.62702119465e-29
8.92117199813e-31
2.26654625792e-31
1.33763306594e-31
3.10890035988e-31
4.26490665553e-31
3.14048564893e-34
0
0
0
0
0
0
0
0
0
0
0
0
0
0
0
0
0
0
0
0
0
0
0
0
0
0
0
0
0
0
0
0
0
0
0
0
0
0
0
0
0
0
0
0
0
0
0
0
0
0
0
0
0
0
0
0
0
0
0
1.20849771185e-29
1.76673597586e-29
1.84454961963e-29
1.90470978991e-29
1.99858733405e-29
2.08103496877e-29
2.17162448057e-29
2.2317614736e-29
2.31294333024e-29
2.34274227455e-29
2.17962990168e-29
9.70871285162e-30
1.97864366919e-30
1.18617565628e-30
9.44601869053e-31
8.8828252937e-31
8.9964877551e-31
9.45737990089e-31
1.01890011486e-30
1.11367129535e-30
1.22461454613e-30
1.35471801852e-30
1.50085210106e-30
1.69424070019e-30
9.84251473746e-29
1.67401740873e-23
2.93884091296e-25
6.91625285753e-27
5.51684827318e-28
3.41849613765e-29
1.25216667462e-30
3.09939318813e-31
1.79063462424e-31
1.48659229725e-31
1.8351041996e-31
1.48584743735e-31
2.51728971139e-31
3.73103152252e-33
0
0
0
0
0
0
0
0
0
0
0
0
0
0
0
0
0
0
0
0
0
0
0
0
0
0
0
0
0
0
0
0
0
0
0
0
0
0
0
0
0
0
0
0
0
0
0
0
0
0
0
0
0
0
0
0
0
0
1.09807575702e-29
1.93986506046e-29
1.96320661102e-29
2.10066099856e-29
2.17497110392e-29
2.2241788553e-29
2.2876225238e-29
2.35296357371e-29
2.45396365964e-29
2.6265457158e-29
2.75962129031e-29
1.794465015e-29
3.11117980082e-30
1.52111922078e-30
1.12313020224e-30
9.87111118004e-31
9.53894339019e-31
9.67652023858e-31
1.01368761767e-30
1.07947314516e-30
1.16060990265e-30
1.25473366647e-30
1.3553119155e-30
1.48144620994e-30
2.92245835783e-29
8.53090806396e-26
7.45825207866e-27
7.0981924596e-28
5.44891414819e-29
1.61868494296e-30
2.78940785389e-31
1.76737258243e-31
1.33793306752e-31
1.20386975935e-31
1.20371186378e-31
1.11132546576e-31
9.73878985973e-32
2.26529334272e-31
6.0001484866e-32
0
0
0
0
0
0
0
0
0
0
0
0
0
0
0
0
0
0
0
0
0
0
0
0
0
0
0
0
0
0
0
0
0
0
0
0
0
0
0
0
0
0
0
0
0
0
0
0
0
0
0
0
0
0
0
0
0
0
2.96184959283e-29
2.29977023309e-29
2.42575436933e-29
2.4588915848e-29
2.46050944608e-29
2.49372210516e-29
2.53573328366e-29
2.63881243491e-29
2.76148177071e-29
3.00154510985e-29
2.60048506136e-29
6.67434001723e-30
1.98276749932e-30
1.33324201919e-30
1.10963910647e-30
1.03025971669e-30
1.01377921599e-30
1.0321577991e-30
1.07989791543e-30
1.14017385105e-30
1.20972951471e-30
1.28154516694e-30
200
200
8.9557595974e-27
8.88603632604e-28
8.02468239444e-29
5.62888119329e-31
2.18122626246e-31
1.50268622072e-31
1.20413976077e-31
1.08348278341e-31
9.74864503647e-32
9.74706608078e-32
9.74336235755e-32
1.08259581751e-31
1.5275658614e-31
3.71666340053e-31
1.89945484502e-31
0
0
0
0
0
0
0
0
0
0
0
0
0
0
0
0
0
0
0
0
0
0
0
0
0
0
0
0
0
0
0
0
0
0
0
0
0
0
0
0
0
0
0
0
0
0
0
0
0
0
0
0
0
0
0
0
0
4.96114972103e-29
3.19121894733e-29
3.06169725115e-29
2.91071511401e-29
2.80966538861e-29
2.77020534709e-29
2.79132877384e-29
2.83056130743e-29
2.93178819747e-29
3.08200982036e-29
3.29280372523e-29
1.23227260842e-29
2.59808306315e-30
1.58029407631e-30
1.25645475876e-30
1.12579060579e-30
1.07469111776e-30
1.07577397998e-30
1.10044850808e-30
1.14443210309e-30
200
200
200
200
1.465565367e-27
1.0323913995e-28
2.0497501883e-31
1.60774019481e-31
1.28666575592e-31
1.08243360417e-31
9.23495358035e-32
8.66700233923e-32
7.89512352543e-32
7.8937024653e-32
8.49908710683e-32
9.63377367332e-32
1.27227956237e-31
2.86087781178e-31
7.01803416121e-30
8.92208054965e-31
0
0
0
0
0
0
0
0
0
0
0
0
0
0
0
0
0
0
0
0
0
0
0
0
0
0
0
0
0
0
0
0
0
0
0
0
0
0
0
0
0
0
0
0
0
0
0
0
0
0
0
0
0
0
0
0
5.28095544196e-29
4.34030468647e-29
3.821571429e-29
3.50547953312e-29
3.25725572356e-29
3.14700975502e-29
3.07806106957e-29
3.06360941889e-29
3.11139467446e-29
3.21174182369e-29
3.7042083209e-29
1.79603653354e-29
3.31233548248e-30
1.85310812627e-30
1.42051109921e-30
1.23738895638e-30
1.16140141501e-30
1.13840970162e-30
200
200
200
200
200
200
1.43806973885e-28
1.28040967796e-31
1.15503269619e-31
1.01579247524e-31
8.79778231046e-32
7.89724160133e-32
7.10561117289e-32
6.8940996102e-32
6.48239411164e-32
6.59740900552e-32
7.10133220296e-32
7.88841978638e-32
1.08196838464e-31
1.75664143788e-27
6.25761735546e-28
1.96565503825e-28
1.52854171911e-30
0
0
0
0
0
0
0
0
0
0
0
0
0
0
0
0
0
0
0
0
0
0
0
0
0
0
0
0
0
0
0
0
0
0
0
0
0
0
0
0
0
0
0
0
0
0
0
0
0
0
0
0
0
0
0
5.56703682856e-29
5.36970202667e-29
4.61345776157e-29
4.16908911868e-29
3.84689633976e-29
3.58413457091e-29
3.41088544032e-29
3.31923891853e-29
3.29635920017e-29
3.33242622327e-29
3.72250547046e-29
2.07642956375e-29
3.97386210672e-30
2.1405057578e-30
1.59881925095e-30
1.36693242407e-30
200
200
200
200
200
200
200
200
8.80984582172e-32
8.44423602766e-32
7.94048339036e-32
7.31618136557e-32
6.73236487737e-32
6.30589212004e-32
5.75335803851e-32
5.7050822919e-32
5.50415849325e-32
5.64104122459e-32
5.74907906858e-32
6.51333750006e-32
2.77160547293e-22
1.18866132595e-21
1.72447818534e-23
1.27055619656e-25
5.02947158846e-27
4.19843767875e-31
0
0
0
0
0
0
0
0
0
0
0
0
0
0
0
0
0
0
0
0
0
0
0
0
0
0
0
0
0
0
0
0
0
0
0
0
0
0
0
0
0
0
0
0
0
0
0
0
0
0
0
0
0
0
4.79927718859e-29
6.25259186244e-29
5.2958977292e-29
4.79718134149e-29
4.4180078001e-29
4.04930009967e-29
3.77083229309e-29
3.57311271296e-29
3.45798533154e-29
3.40794164031e-29
3.69018333783e-29
2.01022120858e-29
200
200
200
200
200
200
200
200
200
200
200
200
6.43206503125e-32
6.23688263096e-32
5.99493024057e-32
5.72319561511e-32
5.34625470238e-32
5.13755106324e-32
4.77426294726e-32
4.65675404555e-32
4.65675404555e-32
4.65533298543e-32
4.84165889479e-32
1.01650271624e-16
200
200
200
5.63266869709e-20
2.67699120637e-24
2.72093543275e-26
6.85174204127e-32
0
0
0
0
0
0
0
0
0
0
0
0
0
0
0
0
0
0
0
0
0
0
0
0
0
0
0
0
0
0
0
0
0
0
0
0
0
0
0
0
0
0
0
0
0
0
0
0
0
0
0
0
0
3.40179422858e-29
6.83828784686e-29
200
200
200
200
200
200
200
200
200
200
200
200
200
200
200
200
200
200
200
200
200
200
5.06006862648e-32
4.98494465977e-32
4.8438766004e-32
4.66077838977e-32
4.45907323029e-32
4.19191776279e-32
4.0987802795e-32
3.91859106022e-32
3.8228138709e-32
3.87804638146e-32
4.15685997214e-32
200
200
200
200
200
200
4.83196657657e-23
2.20395767917e-26
1.7815262513e-34
0
0
0
0
0
0
0
0
0
0
0
0
0
0
0
0
0
0
0
0
0
0
0
0
0
0
0
0
0
0
0
0
0
0
0
0
0
0
0
0
0
0
0
0
0
0
0
0
0
0
0
0
200
200
200
200
200
200
200
200
200
200
200
200
200
200
200
200
200
200
200
200
200
200
200
200
4.25807918273e-32
4.13318188097e-32
4.05227243985e-32
3.92773707918e-32
3.74601241006e-32
3.5921933466e-32
3.42331699176e-32
3.34748673276e-32
3.29268038109e-32
3.32434690425e-32
3.39130773357e-32
3.76954076409e-32
200
200
200
200
200
200
3.91236129516e-23
4.61180856946e-28
0
0
0
0
0
0
0
0
0
0
0
0
0
0
0
0
0
0
0
0
0
0
0
0
0
0
0
0
0
0
0
0
0
0
0
0
0
0
0
0
0
0
0
0
0
0
0
0
0
0
0
200
200
200
200
200
200
200
200
200
200
200
200
200
200
200
200
200
200
200
200
200
200
200
200
200
3.59081111498e-32
3.54146488479e-32
3.42605749608e-32
3.28154667909e-32
3.18414138273e-32
2.9950253304e-32
2.90209372935e-32
2.81293195209e-32
2.75389640678e-32
2.75787944159e-32
2.8653009427e-32
3.129605819e-32
3.93590312492e-32
200
200
200
200
200
200
2.23521833838e-24
2.91234499748e-28
0
0
0
0
0
0
0
0
0
0
0
0
0
0
0
0
0
0
0
0
0
0
0
0
0
0
0
0
0
0
0
0
0
0
0
0
0
0
0
0
0
0
0
0
0
0
0
0
0
200
200
200
200
200
200
200
200
200
200
200
200
200
200
200
200
200
200
200
200
200
200
200
200
200
200
3.01812077777e-32
2.92929299815e-32
2.87362186514e-32
2.77444217813e-32
2.64271411033e-32
2.57526874139e-32
2.4474239971e-32
2.37823807201e-32
2.34115369777e-32
2.33811142064e-32
2.39202727488e-32
2.57243682486e-32
3.0873708121e-32
3.90490154585e-30
200
200
200
200
200
3.56658097146e-17
1.11083791855e-25
5.17247630125e-31
0
0
0
0
0
0
0
0
0
0
0
0
0
0
0
0
0
0
0
0
0
0
0
0
0
0
0
0
0
0
0
0
0
0
0
0
0
0
0
0
0
0
0
0
0
0
0
0
200
200
200
200
200
200
200
200
200
200
200
200
200
200
200
200
200
200
200
200
200
200
200
200
200
200
2.5336675126e-32
2.48586767045e-32
2.43491788053e-32
2.35849541145e-32
2.28640431032e-32
2.18454379099e-32
2.11920320623e-32
2.06986888871e-32
2.02274917853e-32
1.99637036477e-32
2.03307414322e-32
2.12018808927e-32
2.40174005893e-32
1.31115839796e-30
5.29219249699e-29
200
200
200
200
200
8.5377869511e-23
2.4664597488e-28
4.65689740483e-32
0
0
0
0
0
0
0
0
0
0
0
0
0
0
0
0
0
0
0
0
0
0
0
0
0
0
0
0
0
0
0
0
0
0
0
0
0
0
0
0
0
0
0
0
0
0
200
200
200
200
200
200
200
200
200
200
200
200
200
200
200
200
200
200
200
200
200
200
200
200
200
200
200
2.22526323203e-32
2.17740505059e-32
2.12512634144e-32
2.06976042904e-32
2.00319460369e-32
1.92165201249e-32
1.88322638152e-32
1.81959218095e-32
1.75632949738e-32
1.73709514064e-32
1.73732881884e-32
1.77695990283e-32
1.92610962895e-32
3.69227059099e-32
2.54751416855e-29
4.71158995766e-29
200
200
200
200
8.55476742139e-15
3.27435915486e-28
3.35221307583e-28
0
0
0
0
0
0
0
0
0
0
0
0
0
0
0
0
0
0
0
0
0
0
0
0
0
0
0
0
0
0
0
0
0
0
0
0
0
0
0
0
0
0
0
0
0
0
200
200
200
200
200
200
200
200
200
200
200
200
200
200
200
200
200
200
200
200
200
200
200
200
200
200
200
2.00441576853e-32
1.96110408953e-32
1.91751762055e-32
1.86481006497e-32
1.81039658124e-32
1.7404843333e-32
1.69715544649e-32
1.62390207402e-32
1.56047105582e-32
1.53377252076e-32
1.51897627596e-32
1.53037242008e-32
1.598913052e-32
1.91343079267e-32
6.5526054742e-30
6.68377014533e-29
4.20665838286e-29
6.11034186165e-29
200
200
200
2.5230075441e-28
5.04435041479e-28
3.40868190511e-28
0
0
0
0
0
0
0
0
0
0
0
0
0
0
0
0
0
0
0
0
0
0
0
0
0
0
0
0
0
0
0
0
0
0
0
0
0
0
0
0
0
0
0
0
200
200
200
200
200
200
200
200
200
200
200
200
200
200
200
200
200
200
200
200
200
200
200
200
200
200
200
200
1.85383210415e-32
1.80741444721e-32
1.77423367349e-32
1.71931764676e-32
1.65822335757e-32
1.60197800623e-32
1.53199452614e-32
1.46456449821e-32
1.39506207771e-32
1.36079983523e-32
1.32014923915e-32
1.30495834201e-32
1.3475406928e-32
1.4816130367e-32
1.16039958155e-30
3.37452775005e-29
4.02353668971e-29
6.15109370086e-29
8.96396088376e-29
1.19770664004e-28
1.80312172408e-28
2.46987675384e-28
3.94039819083e-28
8.92275717166e-28
4.66918023792e-27
0
0
0
0
0
0
0
0
0
0
0
0
0
0
0
0
0
0
0
0
0
0
0
0
0
0
0
0
0
0
0
0
0
0
0
0
0
0
0
0
0
0
0
200
200
200
200
200
200
200
200
200
200
200
200
200
200
200
200
200
200
200
200
200
200
200
200
200
200
200
200
1.74616023299e-32
1.6972575359e-32
1.66039954357e-32
1.60908801033e-32
1.54465857919e-32
1.47813758437e-32
1.40153748295e-32
1.3253593975e-32
1.2512094079e-32
1.19434575115e-32
1.14118892802e-32
1.1168720831e-32
1.11481535653e-32
1.16925621905e-32
1.55682418713e-32
6.35281758199e-30
3.7073251823e-29
4.86909937766e-29
1.01535941952e-28
1.53585440479e-28
2.30366448781e-28
3.13219575204e-28
4.81464147312e-28
1.20415054831e-27
3.42851149293e-27
2.43503169741e-28
0
0
0
0
0
0
0
0
0
0
0
0
0
0
0
0
0
0
0
0
0
0
0
0
0
0
0
0
0
0
0
0
0
0
0
0
0
0
0
0
0
0
200
200
200
200
200
200
200
200
200
200
200
200
200
200
200
200
200
200
200
200
200
200
200
200
200
200
200
200
1.68155693134e-32
1.61951533607e-32
1.57885795997e-32
1.52443862041e-32
1.44470201815e-32
1.37283139e-32
1.2880635857e-32
1.20117056945e-32
1.12492425817e-32
1.05661276038e-32
9.99778643661e-33
9.56402531696e-33
9.23160866133e-33
9.24804487982e-33
1.0061791398e-32
5.46485330585e-31
1.0596693989e-29
2.42481332062e-29
5.46883013231e-29
1.03753623877e-28
2.02238495153e-28
3.51939606483e-28
6.36842994469e-28
8.20491719748e-28
8.47245365822e-28
2.11748123193e-27
0
0
0
0
0
0
0
0
0
0
0
0
0
0
0
0
0
0
0
0
0
0
0
0
0
0
0
0
0
0
0
0
0
0
0
0
0
0
0
0
0
0
200
200
200
200
200
200
200
200
200
200
200
200
200
200
200
200
200
200
200
200
200
200
200
200
200
200
200
200
1.66202553088e-32
1.58125725489e-32
1.5292165028e-32
1.46059749412e-32
1.37750404222e-32
1.28672151515e-32
1.19321898095e-32
1.10469831308e-32
1.01930376453e-32
9.46076966451e-33
8.87573443863e-33
8.35528116903e-33
8.03272968413e-33
7.74926845875e-33
7.75127804341e-33
8.76591108024e-33
1.43506563645e-30
7.04973653147e-30
1.58572016603e-29
3.6301025504e-29
6.95131839113e-29
1.43231630357e-28
2.68736141925e-28
4.414498946e-28
5.51684774944e-28
8.67941826742e-28
5.5984221976e-27
1.00643446669e-20
0
0
0
0
0
0
0
0
0
0
0
0
0
0
0
0
0
0
0
0
0
0
0
0
0
0
0
0
0
0
0
0
0
0
0
0
0
0
0
200
200
200
200
200
200
200
200
200
200
200
200
200
200
200
200
200
200
200
200
200
200
200
200
200
200
200
200
200
1.71164995513e-32
1.59014527323e-32
1.5192611446e-32
1.43686435559e-32
1.33067290776e-32
1.22808572635e-32
1.12545024182e-32
1.02565995243e-32
9.40121535172e-33
8.62378683246e-33
7.99637749297e-33
7.51536210241e-33
7.05846800972e-33
6.62831876499e-33
6.44788877623e-33
6.46131314683e-33
1.24673664339e-32
1.19989702397e-30
3.07414513187e-30
7.05032996233e-30
1.5121740761e-29
3.20802240157e-29
6.50970239722e-29
1.37433498768e-28
2.58252936346e-28
5.40656379485e-28
7.00088689251e-21
107.355064115
0
0
0
0
0
0
0
0
0
0
0
0
0
0
0
0
0
0
0
0
0
0
0
0
0
0
0
0
0
0
0
0
0
0
0
0
0
0
0
200
200
200
200
200
200
200
200
200
200
200
200
200
200
200
200
200
200
200
200
200
200
200
200
200
200
200
200
200
200
1.69156973661e-32
1.56844338491e-32
1.43640337153e-32
1.31285576428e-32
1.19029533696e-32
1.07858236806e-32
9.7452911531e-33
8.85501907024e-33
8.05782044948e-33
7.43927226415e-33
6.82829670724e-33
6.30231617057e-33
5.82854366173e-33
5.3464584733e-33
5.08572734927e-33
5.11142842421e-33
7.05093821923e-32
5.99100430633e-31
1.24442664115e-30
2.40951340756e-30
4.28352406906e-30
8.15429069524e-30
2.10478063802e-29
8.65901166266e-29
2.47366662105e-26
2.41652903207e-20
2.37481567474e-28
76.101450508
0
0
0
0
0
0
0
0
0
0
0
0
0
0
0
0
0
0
0
0
0
0
0
0
0
0
0
0
0
0
0
0
0
0
0
0
0
0
200
200
200
200
200
200
200
200
200
200
200
200
200
200
200
200
200
200
200
200
200
200
200
200
200
200
200
200
200
4.07104818878e-18
1.97147532431e-32
1.72393234863e-32
1.5053607047e-32
1.33039209457e-32
1.17923900452e-32
1.04846388076e-32
9.36223236267e-33
8.3468369206e-33
7.63818340283e-33
6.92871024732e-33
6.30256023472e-33
5.68058843162e-33
5.08298018645e-33
4.52830044752e-33
4.07446698103e-33
3.77973669517e-33
3.87911985885e-33
6.37443482854e-32
1.99875725478e-31
3.66487758028e-31
6.07765084373e-31
8.84029406247e-31
1.22384251981e-30
2.19620477189e-30
1.06009524135e-29
7.45243496787e-29
9.06024579462e-30
200
0
0
0
0
0
0
0
0
0
0
0
0
0
0
0
0
0
0
0
0
0
0
0
0
0
0
0
0
0
0
0
0
0
0
0
0
0
200
200
200
200
200
200
200
200
200
200
200
200
200
200
200
200
200
200
200
200
200
200
200
200
200
200
200
200
200
200
9.49413778171e-27
2.80560990454e-32
2.11133002435e-32
1.66623161065e-32
1.38677011357e-32
1.18835352354e-32
1.03708599707e-32
9.08834555401e-33
8.12205577125e-33
7.28072034468e-33
6.56503929263e-33
5.90200343532e-33
5.2247581379e-33
4.54286977724e-33
3.93537604068e-33
3.44049603332e-33
3.01650652831e-33
2.7052896114e-33
3.48143145305e-33
2.2409684507e-32
4.15905073633e-32
7.21042400275e-32
1.0407918203e-31
9.69362011432e-32
6.92811496434e-32
2.0617027601e-32
1.80099135151e-32
7.84195302969e-33
1.22111940391e-31
200
0
0
0
0
0
0
0
0
0
0
0
0
0
0
0
0
0
0
0
0
0
0
0
0
0
0
0
0
0
0
0
0
0
0
0
0
200
200
200
200
200
200
200
200
200
200
200
200
200
200
200
200
200
200
200
200
200
200
200
200
200
200
200
200
200
200
7.02807267073e-26
8.47960690969e-24
173.740976094
1.96548285395e-32
1.47851167727e-32
1.21623048485e-32
1.03459104777e-32
8.95768717748e-33
7.95160214589e-33
7.1014869816e-33
6.31103967988e-33
5.62616800502e-33
4.92830825469e-33
4.23193788133e-33
3.6142024682e-33
3.05273834461e-33
2.41863861484e-33
1.56606134472e-33
1.6983990173e-33
3.01724167759e-33
5.53908871834e-33
7.77616190711e-33
7.43913767333e-33
4.24301852847e-33
5.52641771528e-33
7.72726833956e-33
1.31269983289e-32
2.22731102405e-32
1.48691293501e-31
2.06834731322e-30
0
0
0
0
0
0
0
0
0
0
0
0
0
0
0
0
0
0
0
0
0
0
0
0
0
0
0
0
0
0
0
0
0
0
0
1.59433140501e-35
200
200
200
200
200
200
200
200
200
200
200
200
200
200
200
200
200
200
200
200
200
200
200
200
200
200
200
200
200
200
2.55299759419e-25
8.268292511e-27
9.20666838781e-21
200
5.25593624938e-16
1.24896343186e-32
1.03136331719e-32
8.87605980378e-33
7.83757093574e-33
6.96087472699e-33
6.19980128478e-33
5.4749996936e-33
4.71595497621e-33
4.02372676169e-33
3.35469157911e-33
2.64790354345e-33
1.87990873588e-33
1.00482187887e-33
1.78151232629e-34
3.18309762708e-34
3.71984987633e-34
4.22300550972e-34
9.44445870577e-34
1.37150475661e-33
2.26185511117e-33
4.71029104053e-33
1.18081812982e-32
4.52828191327e-32
2.51935196693e-31
2.26735559826e-31
7.55209612901e-36
0
0
0
0
0
0
0
0
0
0
0
0
0
0
0
0
0
0
0
0
0
0
0
0
0
0
0
0
0
0
0
0
0
0
200
200
200
200
200
200
200
200
200
200
200
200
200
200
200
200
200
200
200
200
200
200
200
200
200
200
200
200
200
200
200
2.0294389908e-25
2.15575569543e-25
2.22261935448e-25
4.31416008661e-25
9.02391829774e-20
200
200
9.21462203515e-33
7.94623116203e-33
7.01189808591e-33
6.19790376557e-33
5.45112025332e-33
4.58655753614e-33
3.92584338096e-33
3.23851485506e-33
2.66961609643e-33
1.97421202847e-33
9.46349165246e-34
1.78151232629e-34
2.87620415843e-34
3.63593769712e-34
4.1390933305e-34
5.22478998771e-34
1.22399475265e-33
1.72647147052e-33
3.66967404622e-33
1.06273631684e-32
2.22792274384e-32
4.19708374992e-32
1.72035427265e-33
1.22381109616e-30
0
0
0
0
0
0
0
0
0
0
0
0
0
0
0
0
0
0
0
0
0
0
0
0
0
0
0
0
0
0
0
0
0
0
200
200
200
200
200
200
200
200
200
200
200
200
200
200
200
200
200
200
200
200
200
200
200
200
200
200
200
200
200
200
199.959669769
)
;

boundaryField
{
    frontAndBack
    {
        type            empty;
    }
    leftWall
    {
        type            calculated;
        value           uniform 0;
    }
    outlet
    {
        type            calculated;
        value           uniform 0;
    }
    rightWall
    {
        type            calculated;
        value           uniform 0;
    }
    inlet
    {
        type            calculated;
        value           uniform 1.12879505219e-29;
    }
}


// ************************************************************************* //
