/*--------------------------------*- C++ -*----------------------------------*\
| =========                 |                                                 |
| \\      /  F ield         | OpenFOAM: The Open Source CFD Toolbox           |
|  \\    /   O peration     | Version:  v1906                                 |
|   \\  /    A nd           | Web:      www.OpenFOAM.com                      |
|    \\/     M anipulation  |                                                 |
\*---------------------------------------------------------------------------*/
FoamFile
{
    version     2.0;
    format      ascii;
    class       volScalarField;
    location    "970";
    object      alpha;
}
// * * * * * * * * * * * * * * * * * * * * * * * * * * * * * * * * * * * * * //

dimensions      [0 0 -1 0 0 0 0];


internalField   nonuniform List<scalar> 
9216
(
200
200
200
200
200
200
200
200
200
200
200
200
200
200
200
200
200
200
200
200
200
200
200
200
200
200
200
200
200
200
200
200
200
200
200
200
200
200
200
200
200
200
200
200
200
200
200
200
200
200
200
200
200
200
200
200
200
200
200
200
200
200
200
200
200
200
200
200
200
200
200
200
200
200
200
200
200
200
200
200
200
200
200
200
200
184.855856563
164.853013229
140.223423552
112.724631981
88.6304178117
67.0679093789
49.8041213507
35.7796932888
23.0268451118
13.1101010504
1.59174707166
200
200
200
200
200
200
200
200
200
200
200
200
200
200
200
200
200
200
200
200
200
200
200
200
200
200
200
200
200
200
200
200
200
200
200
200
200
200
200
200
200
200
200
200
200
200
200
200
200
200
200
200
200
200
200
200
200
200
200
200
200
200
200
200
200
200
200
200
200
200
200
200
200
200
200
200
200
200
200
200
200
200
200
200
200
197.959676129
178.05104232
152.439043884
128.473272742
101.320211434
77.5443291231
61.4365116733
48.2681823513
31.5234981721
20.7898963348
15.4934352772
200
200
200
200
200
200
200
200
200
200
200
200
200
200
200
200
200
200
200
200
200
200
200
200
200
200
200
200
200
200
200
200
200
200
200
200
200
200
200
200
200
200
200
200
200
200
200
200
200
200
200
200
200
200
200
200
200
200
200
200
200
200
200
200
200
200
200
200
200
200
200
200
200
200
200
200
200
200
200
200
200
200
200
200
200
194.655425891
168.897686315
152.416657932
133.342363491
103.047626714
74.9156493212
65.267016764
47.8572162641
36.8360876894
32.2268200606
21.9408277014
200
200
200
200
200
200
200
200
200
200
200
200
200
200
200
200
200
200
200
200
200
200
200
200
200
200
200
200
200
200
200
200
200
200
200
200
200
200
200
200
200
200
200
200
200
200
200
200
200
200
200
200
200
200
200
200
200
200
200
200
200
200
200
200
200
200
200
200
200
200
200
200
200
200
200
200
200
200
200
200
200
200
200
200
200
187.768037467
166.350370094
150.441931235
126.14926505
107.399368444
86.8955068378
63.1735877889
56.5667026378
47.2485024791
41.1844775668
28.7834588697
200
200
200
200
200
200
200
200
200
200
200
200
200
200
200
200
200
200
200
200
200
200
200
200
200
200
200
200
200
200
200
200
200
200
200
200
200
200
200
200
200
200
200
200
200
200
200
200
200
200
200
200
200
200
200
200
200
200
200
200
200
200
200
200
200
200
200
200
200
200
200
200
200
200
200
200
200
200
200
200
200
200
200
200
200
178.90794113
157.991376129
143.721159119
133.029197179
109.105288409
93.467379603
72.8303966977
58.7475407145
57.4105092607
53.8166417283
41.4351589278
200
200
200
200
200
200
200
200
200
200
200
200
200
200
200
200
200
200
200
200
200
200
200
200
200
200
200
200
200
200
200
200
200
200
200
200
200
200
200
200
200
200
200
200
200
200
200
200
200
200
200
200
200
200
200
200
200
200
200
200
200
200
200
200
200
200
200
200
200
200
200
200
200
200
200
200
200
200
200
200
200
200
200
200
198.630257041
176.422960151
162.528282532
143.340823705
122.715548982
103.499643491
100.116007776
87.560583461
69.8903341477
66.694631323
65.78056871
52.9449549446
200
200
200
200
200
200
200
200
200
200
200
200
200
200
200
200
200
200
200
200
200
200
200
200
200
200
200
200
200
200
200
200
200
200
200
200
200
200
200
200
200
200
200
200
200
200
200
200
200
200
200
200
200
200
200
200
200
200
200
200
200
200
200
200
200
200
200
200
200
200
200
200
200
200
200
200
200
200
200
200
200
200
200
200
193.532906774
174.249829422
157.901492633
142.537131489
122.455629513
112.943217311
98.7779034111
97.0624023228
87.841476063
77.4560912858
77.2158255386
63.9403674969
200
200
200
200
200
200
200
200
200
200
200
200
200
200
200
200
200
200
200
200
200
200
200
200
200
200
200
200
200
200
200
200
200
200
200
200
200
200
200
200
200
200
200
200
200
200
200
200
200
200
200
200
200
200
200
200
200
200
200
200
200
200
200
200
200
200
200
200
200
200
200
200
200
200
200
200
200
200
200
200
200
200
200
200
189.104713436
172.470406949
153.464600029
138.398435754
125.785737948
118.547880491
109.583973236
99.9430667411
100.220203951
87.3580652388
87.9744517995
74.7528356446
200
200
200
200
200
200
200
200
200
200
200
200
200
200
200
200
200
200
200
200
200
200
200
200
200
200
200
200
200
200
200
200
200
200
200
200
200
200
200
200
200
200
200
200
200
200
200
200
200
200
200
200
200
200
200
200
200
200
200
200
200
200
200
200
200
200
200
196.588170657
172.153938361
138.06466522
112.127370738
110.901945439
130.320183645
154.334201417
174.97815329
189.529257896
197.243852649
199.340745006
199.002985814
198.669163524
199.835014555
199.999988106
199.969760772
199.99270524
187.986421174
172.452262217
156.467309501
139.797727596
128.147680438
115.740274241
117.136229211
111.156138595
104.950025023
100.501945934
96.9906521326
84.4586219253
200
200
200
200
200
200
200
200
200
200
200
200
200
200
200
200
200
200
200
200
200
200
200
200
200
200
200
200
200
200
200
200
200
200
200
200
200
200
200
200
200
200
200
200
200
200
200
200
200
200
200
200
200
200
200
200
200
200
200
200
200
200
200
150.754127654
2.43624233178
0.103778744155
0.0124368902316
0.00218231395443
0.000549198316667
0.000211344634335
0.000154495164303
0.000221746317612
0.00051156696902
0.0016001104774
0.00652871482937
0.0345717787795
0.249455308815
2.61397799701
43.1417383797
172.510556066
196.759292587
199.157843723
199.002824796
199.722688024
186.212863131
171.380995512
155.649613875
142.439709487
131.96825036
124.323131504
117.740412205
118.514761548
113.94386573
111.796141609
105.547117302
94.5079869872
200
200
200
200
200
200
200
200
200
200
200
200
200
200
200
200
200
200
200
200
200
200
200
200
200
200
200
200
200
200
200
200
200
200
200
200
200
200
200
200
200
200
200
200
200
200
200
200
200
200
200
200
200
200
200
200
200
200
200
200
200
2.33569387979
0.000337266067886
8.81087370318e-06
6.22589609186e-07
9.2024676719e-08
1.90500731165e-08
4.71383155285e-09
1.54030110521e-09
8.21453139827e-10
8.62413088506e-10
1.5659237695e-09
3.92286453273e-09
1.24697497634e-08
4.97347675988e-08
2.4788893134e-07
1.61249939924e-06
1.47385229146e-05
0.000206624166409
0.00476372520586
0.177649124345
11.3974559759
165.322347724
196.572785137
183.718774559
166.960116267
154.652640673
144.886740128
139.110075649
132.233576473
127.001834214
119.946984519
121.609617844
123.723404308
114.071644803
102.406774813
200
200
200
200
200
200
200
200
200
200
200
200
200
200
200
200
200
200
200
200
200
200
200
200
200
200
200
200
200
200
200
200
200
200
200
200
200
200
200
200
200
200
200
200
200
200
200
200
200
200
200
200
200
200
200
200
200
200
200
0.135525428383
5.00161355593e-06
1.10726300776e-08
1.28284309661e-10
7.08723108327e-12
8.67072536359e-13
1.52573015565e-13
3.37358405654e-14
1.03453584628e-14
5.61711964309e-15
5.86161534099e-15
9.88393548344e-15
2.23784923521e-14
6.29864437779e-14
2.15634820539e-13
8.97868806262e-13
4.5949815278e-12
3.07229052597e-11
2.86971080175e-10
4.01453940213e-09
7.8136228432e-08
2.2303526614e-06
0.000100495801128
0.00772308098969
0.898942626689
89.1943094112
160.360487831
157.560631791
149.532324227
142.249658833
137.358828134
132.679680541
129.109438091
124.491036493
129.585833723
121.698884347
108.587449773
200
200
200
200
200
200
200
200
200
200
200
200
200
200
200
200
200
200
200
200
200
200
200
200
200
200
200
200
200
200
200
200
200
200
200
200
200
200
200
200
200
200
200
200
200
200
200
200
200
200
200
200
200
200
200
200
200
7.34982800127
5.00463557537e-07
5.80396906667e-10
3.84832820075e-13
6.00846288305e-16
3.52648638333e-17
5.80182402703e-18
1.4038445194e-18
4.13058304721e-19
1.64376191714e-19
1.12467525952e-19
1.31946171019e-19
2.24646567088e-19
4.85792658136e-19
1.26752742143e-18
3.92129901681e-18
1.42393458784e-17
6.04958026444e-17
3.16209805942e-16
2.12251448345e-15
1.92634651677e-14
2.39643977257e-13
4.07972260914e-12
9.84490099686e-11
3.77831337816e-09
2.02522412719e-07
1.46471478967e-05
0.00105791336251
0.169985629154
61.6915821269
148.361421605
145.455205311
141.158220321
136.677120676
133.297615499
131.183621322
133.345053084
128.088073401
114.04436094
200
200
200
200
200
200
200
200
200
200
200
200
200
200
200
200
200
200
200
200
200
200
200
200
200
200
200
200
200
200
200
200
200
200
200
200
200
200
200
200
200
200
200
200
200
200
200
200
200
200
200
200
200
200
200
200
5.50737917331e-06
3.26164207152e-10
1.20440178126e-14
3.09973985002e-19
6.33514286124e-21
5.5163677859e-22
1.10685779585e-22
3.26337079767e-23
1.18994367275e-23
6.5438624611e-24
5.91595131172e-24
7.97062487666e-24
1.39787321189e-23
2.95824989611e-23
7.26030284887e-23
2.04768820745e-22
6.65520854034e-22
2.54742669993e-21
1.17309535561e-20
6.6815640044e-20
4.84891627931e-19
4.53539488314e-18
5.15295152413e-17
7.331570581e-16
1.45767024804e-14
4.15309311811e-13
1.68165810111e-11
8.81408762085e-10
5.57480856837e-08
5.12890923414e-06
0.0011670022845
0.679100231577
126.49808779
145.949554745
140.791824818
137.904203569
135.262888798
133.348835766
135.746093834
118.655033362
200
200
200
200
200
200
200
200
200
200
200
200
200
200
200
200
200
200
200
200
200
200
200
200
200
200
200
200
200
200
200
200
200
200
200
200
200
200
200
200
200
200
200
200
200
200
200
200
200
200
200
200
200
200
200
2.800811761e-09
8.96479983008e-14
1.20880994667e-20
2.40829076228e-24
1.94096306915e-25
3.47820621235e-26
9.12203520854e-27
3.26480589506e-27
1.55258021625e-27
1.11811672613e-27
1.20607133782e-27
1.7232551609e-27
2.96208196964e-27
5.90418579693e-27
1.36091338222e-26
3.56594182013e-26
1.06969987621e-25
3.70028225644e-25
1.50017552383e-24
7.21456430764e-24
4.21767211109e-23
2.89984031187e-22
2.43306895576e-21
2.54881983345e-20
3.50826829115e-19
6.44748852237e-18
1.43194972487e-16
4.23825189908e-15
1.67060483531e-13
7.0247089998e-12
5.46782550384e-10
6.84521218183e-08
2.30651409674e-05
0.0264243243642
88.278669984
144.373324946
141.608324927
138.323255079
136.516419776
140.755589322
122.474883211
200
200
200
200
200
200
200
200
200
200
200
200
200
200
200
200
200
200
200
200
200
200
200
200
200
200
200
200
200
200
200
200
200
200
200
200
200
200
200
200
200
200
200
200
200
200
200
200
200
200
200
200
200
200
8.3667468881e-11
9.00364566333e-21
2.57977673981e-26
2.25741240401e-28
2.95988871147e-29
7.09919334124e-30
2.42695429917e-30
1.06573154159e-30
6.12398752299e-31
5.14086371696e-31
6.02643832253e-31
8.87018709068e-31
1.5315249419e-30
3.02172395626e-30
6.66814571055e-30
1.67570742343e-29
4.75110113119e-29
1.52804166139e-28
5.58510876277e-28
2.30946062938e-27
1.10602029338e-26
6.22308927273e-26
4.11894378377e-25
3.24505854722e-24
3.12293934e-23
3.66033492903e-22
5.368010921e-21
1.03517272505e-19
2.67829196981e-18
8.00857009619e-17
2.56359391883e-15
1.31689501835e-13
1.20678671246e-11
2.80101500267e-09
1.43045255714e-06
0.00266995876517
24.39577966
143.517643872
141.782414161
138.815009194
141.608855255
125.14515842
200
200
200
200
200
200
200
200
200
200
200
200
200
200
200
200
200
200
200
200
200
200
200
200
200
200
200
200
200
200
200
200
200
200
200
200
200
200
200
200
200
200
200
200
200
200
200
200
200
200
200
200
200
1.20772831337e-11
4.72381916766e-27
2.03221956859e-30
1.03122329883e-31
1.87724900692e-32
5.25976851176e-33
2.02906846218e-33
1.00481428986e-33
6.30814490613e-34
5.53248872518e-34
6.52573206364e-34
9.53123931204e-34
1.61270438471e-33
3.07281814532e-33
6.61839586348e-33
1.60442082449e-32
4.29135307287e-32
1.30060153465e-31
4.47184107696e-31
1.72124964422e-30
7.37203448906e-30
3.58303035179e-29
1.99341311218e-28
1.24191465508e-27
8.89470607267e-27
7.67263174476e-26
7.93384886625e-25
1.00152738539e-23
1.55707756549e-22
3.08202062948e-21
6.76864444145e-20
1.95132566097e-18
7.73189347417e-17
5.25949832762e-15
7.18499942399e-13
1.76355007096e-10
1.47251820086e-07
0.000557410108437
16.5405323236
143.164823019
140.492597538
141.579456693
126.54492631
200
200
200
200
200
200
200
200
200
200
200
200
200
200
200
200
200
200
200
200
200
200
200
200
200
200
200
200
200
200
200
200
200
200
200
200
200
200
200
200
200
200
200
200
200
200
200
200
200
200
200
200
3.18725726669e-12
2.95508844802e-31
2.02808970451e-33
2.0580900465e-34
4.27594033009e-35
1.24235865722e-35
4.76759016574e-36
2.22589496407e-36
1.35782461015e-36
1.11684526337e-36
1.24888734085e-36
1.77895667734e-36
3.19294542039e-36
6.18633394535e-36
1.32946306736e-35
3.11814356444e-35
8.18630933401e-35
2.39829921335e-34
7.75799013126e-34
2.72310326325e-33
1.06264197543e-32
4.51561176922e-32
2.19259212306e-31
1.17752422506e-30
6.98298391485e-30
4.71122325651e-29
3.68758827955e-28
3.26046488821e-27
3.43366273153e-26
4.48536718599e-25
6.57667983987e-24
1.15750851214e-22
2.51664630477e-21
8.08948043007e-20
4.92519519035e-18
3.94865411936e-16
6.40143670474e-14
2.81628193681e-11
3.9360047299e-08
0.000369281072554
58.1187446316
141.700246074
140.111735434
127.182060694
200
200
200
200
200
200
200
200
200
200
200
200
200
200
200
200
200
200
200
200
200
200
200
200
200
200
200
200
200
200
200
200
200
200
200
200
200
200
200
200
200
200
200
200
200
200
200
200
200
200
200
1.18967524687e-12
3.82793027352e-34
8.93862031891e-36
2.12963057422e-37
0
0
0
0
0
0
0
0
0
4.53730876666e-39
1.49328787777e-38
7.5724219928e-38
2.25768506644e-37
7.64573176978e-37
2.58771119613e-36
9.06776665458e-36
3.30465901552e-35
1.29986478846e-34
5.5156751192e-34
2.50273153453e-33
1.25076186397e-32
6.90786333608e-32
4.37124325911e-31
3.03418949288e-30
2.37249736199e-29
2.18227466176e-28
2.13819140882e-27
2.4690074139e-26
3.61619063885e-25
6.67628406869e-24
1.67879818576e-22
7.37471236046e-21
4.57156540244e-19
5.72192809138e-17
1.32061525502e-14
8.50453181628e-12
2.50773167521e-08
0.000991055752841
115.694490196
138.362696096
127.626664285
200
200
200
200
200
200
200
200
200
200
200
200
200
200
200
200
200
200
200
200
200
200
200
200
200
200
200
200
200
200
200
200
200
200
200
200
200
200
200
200
200
200
200
200
200
200
200
200
200
200
5.15806276484e-13
4.4913859343e-36
0
0
0
0
0
0
0
0
0
0
0
0
0
0
0
3.42722717118e-39
9.41536142583e-39
4.18235234842e-38
1.76260661043e-37
7.1682597822e-37
2.95861474535e-36
1.2270911406e-35
5.21695724343e-35
2.47644704809e-34
1.2274529108e-33
6.73134927378e-33
4.13335882251e-32
2.94771568988e-31
2.13276156125e-30
1.74853260903e-29
1.69594831798e-28
1.98881615414e-27
2.98461737291e-26
6.95850597579e-25
2.06261032909e-23
8.63402562682e-22
7.52710714986e-20
1.32042803886e-17
4.3789291062e-15
5.3732632441e-12
5.92903938999e-08
0.0160666049862
134.470594478
128.559411202
200
200
200
200
200
200
200
200
200
200
200
200
200
200
200
200
200
200
200
200
200
200
200
200
200
200
200
200
200
200
200
200
200
200
200
200
200
200
200
200
200
200
200
200
200
200
200
200
200
3.73616281475e-13
4.81798519656e-41
0
0
0
0
0
0
0
0
0
0
0
0
0
0
0
0
0
0
3.30321271847e-40
5.32590714511e-39
1.5077384833e-38
6.75155002123e-38
3.71893143784e-37
1.48764405478e-36
7.55769000338e-36
3.43105963384e-35
1.79691361608e-34
9.16531623507e-34
5.42516392788e-33
3.36205188092e-32
2.46781059057e-31
1.98511078659e-30
1.90568867754e-29
2.33646348277e-28
4.08510718827e-27
9.1107795929e-26
3.0359968011e-24
1.73959630162e-22
1.80349079576e-20
4.47660063834e-18
2.64238234726e-15
1.0586013776e-11
5.37514504027e-07
12.1944881573
128.036348534
200
200
200
200
200
200
200
200
200
200
200
200
200
200
200
200
200
200
200
200
200
200
200
200
200
200
200
200
200
200
200
200
200
200
200
200
200
200
200
200
200
200
200
200
200
200
200
200
8.68005405513e-13
0
0
0
0
0
0
0
0
0
0
0
0
0
0
0
0
0
0
0
0
0
0
0
3.30991463473e-39
9.74423329791e-39
5.21542719361e-38
2.59815724206e-37
1.07399822773e-36
5.7306740816e-36
2.74133688036e-35
1.46750429028e-34
7.83265636941e-34
5.21784861138e-33
3.66382271313e-32
3.03996137445e-31
2.98641552935e-30
4.09500411017e-29
6.78699306617e-28
1.77681469698e-26
6.44738776747e-25
4.44676557714e-23
6.29519172248e-21
2.45973220009e-18
4.05710170063e-15
6.5515641829e-11
9.87537123143e-05
124.583117564
200
200
200
200
200
200
200
200
200
200
200
200
200
200
200
200
200
200
200
200
200
200
200
200
200
200
200
200
200
200
200
200
200
200
200
200
200
200
200
200
200
200
200
200
200
200
200
3.31062472287e-12
0
0
0
0
0
0
0
0
0
0
0
0
0
0
0
0
0
0
0
0
0
0
0
0
0
0
2.55288761671e-39
9.66789741577e-39
4.62318855321e-38
2.35964394638e-37
1.09103470539e-36
6.03632763515e-36
2.99252242676e-35
1.71861839315e-34
1.10342933832e-33
7.4678013035e-33
6.1676923455e-32
6.83904194548e-31
8.30232645443e-30
1.45164184578e-28
3.88627619336e-27
1.86281818458e-25
1.65295195356e-23
3.35573927379e-21
3.18499361509e-18
1.84582819062e-14
3.78802894535e-09
78.1763457355
200
200
200
200
200
200
200
200
200
200
200
200
200
200
200
200
200
200
200
200
200
200
200
200
200
200
200
200
200
200
200
200
200
200
200
200
200
200
200
200
200
200
200
200
200
200
5.61067638388e-11
0
0
0
0
0
0
0
0
0
0
0
0
0
0
0
0
0
0
0
0
0
0
0
0
0
0
0
0
0
2.433435813e-39
1.08399240534e-38
5.72093134155e-38
3.0506789609e-37
1.48698626648e-36
8.93391525198e-36
4.85924313224e-35
3.06748257178e-34
2.07238843718e-33
1.6308498502e-32
1.81066381582e-31
2.23939639779e-30
4.48258517523e-29
1.38246864345e-27
7.63735538021e-26
9.34817531196e-24
3.75013971835e-21
1.17530599874e-17
4.90701541939e-13
0.000760824852996
200
200
200
200
200
200
200
200
200
200
200
200
200
200
200
200
200
200
200
200
200
200
200
200
200
200
200
200
200
200
200
200
200
200
200
200
200
200
200
200
200
200
200
200
200
200
0
0
0
0
0
0
0
0
0
0
0
0
0
0
0
0
0
0
0
0
0
0
0
0
0
0
0
0
0
0
0
0
3.18305182918e-39
1.49578549285e-38
8.30341001482e-38
4.71007920656e-37
2.7555817636e-36
1.56253447822e-35
1.05216176703e-34
7.02921221084e-34
6.02312337155e-33
5.88094935456e-32
8.77232645247e-31
1.84463054168e-29
6.46485926828e-28
4.51731833558e-26
9.64547956473e-24
1.01866144508e-20
1.79488409035e-16
5.43460036657e-09
200
200
200
200
200
200
200
200
200
200
200
200
200
200
200
200
200
200
200
200
200
200
200
200
200
200
200
200
200
200
200
200
200
200
200
200
200
200
200
200
200
200
200
200
200
0
0
0
0
0
0
0
0
0
0
0
0
0
0
0
0
0
0
0
0
0
0
0
0
0
0
0
0
0
0
0
0
0
0
0
5.12330943524e-39
2.63890684368e-38
2.0575372698e-37
1.06998338197e-36
6.77230264339e-36
4.62411060403e-35
2.89117498358e-34
2.42193909079e-33
2.74567676949e-32
4.27402067658e-31
9.5273525487e-30
3.93508105958e-28
4.35370100856e-26
2.05336927332e-23
1.11013472137e-19
2.58243857062e-13
200
200
200
200
200
200
200
200
200
200
200
200
200
200
200
200
200
200
200
200
200
200
200
200
200
200
200
200
200
200
200
200
200
200
200
200
200
200
200
200
200
200
200
200
200
0
0
0
0
0
0
0
0
0
0
0
0
0
0
0
0
0
0
0
0
0
0
0
0
0
0
0
0
0
0
0
0
0
0
0
0
1.55544495536e-39
1.14598319697e-38
8.4022201356e-38
5.10844382548e-37
3.44369032206e-36
2.27946693366e-35
1.58282384649e-34
1.32463638155e-33
1.44502077701e-32
2.37137929972e-31
5.88599984823e-30
3.64663880674e-28
7.89200604497e-26
1.46856314435e-22
4.54393735017e-17
200
200
200
200
200
200
200
200
200
200
200
200
200
200
200
200
200
200
200
200
200
200
200
200
200
200
200
200
200
200
200
200
200
200
200
200
200
200
200
200
200
200
200
200
200
0
0
0
0
0
0
0
0
0
0
0
0
0
0
0
0
0
0
0
0
0
0
0
0
0
0
0
0
0
0
0
0
0
0
0
0
0
0
5.4309188134e-39
4.5647695212e-38
2.74447822386e-37
2.05303542774e-36
1.28741095369e-35
8.4077868755e-35
6.98496733629e-34
8.90173318267e-33
1.55161500595e-31
5.54149258656e-30
5.67053649585e-28
4.32093856041e-25
1.43901257577e-20
200
200
200
200
200
200
200
200
200
200
200
200
200
200
200
200
200
200
200
200
200
200
200
200
200
200
200
200
200
200
200
200
200
200
200
200
200
200
200
200
200
200
200
200
0
0
0
0
0
0
0
0
0
0
0
0
0
0
0
0
0
0
0
0
0
0
0
0
0
0
0
0
0
0
0
0
0
0
0
0
0
0
0
0
2.44000795164e-39
2.84872123569e-38
1.98111199386e-37
1.39755688629e-36
8.58965354646e-36
6.88784131857e-35
5.36546068737e-34
7.24871758628e-33
1.688917717e-31
8.01936907509e-30
2.30436378726e-27
1.42992287334e-23
200
200
200
200
200
200
200
200
200
200
200
200
200
200
200
200
200
200
200
200
200
200
200
200
200
200
200
200
200
200
200
200
200
200
200
200
200
200
200
200
200
200
200
200
0
0
0
0
0
0
0
0
0
0
0
2.30118534706e-39
1.15131995061e-38
1.77537283063e-38
3.04621483072e-38
0
0
0
0
0
0
0
0
0
0
0
0
0
0
0
0
0
0
0
0
0
0
0
0
0
0
1.03370352651e-39
1.9621057616e-38
1.75600347372e-37
1.16618177355e-36
7.74280627495e-36
6.02264549004e-35
5.80612825168e-34
8.47743109315e-33
2.31414700262e-31
2.63566488399e-29
3.73378800978e-26
200
200
200
2.92357471241e-42
0
0
0
0
0
0
0
0
0
0
0
0
0
0
0
0
0
0
0
3.65389646525e-37
5.30131740204e-35
200
200
200
200
200
200
200
200
200
200
200
200
200
200
200
200
200
200
200
0
0
0
0
0
0
0
0
0
7.98398019077e-39
1.32390825063e-37
8.16326203762e-37
5.83974074249e-36
3.84508000942e-35
7.30590325329e-35
1.0240965858e-34
2.75411774071e-36
1.87017894455e-37
0
0
0
0
0
0
0
0
0
0
0
0
0
0
0
0
0
0
0
0
0
0
0
0
1.8243669703e-40
1.64884165781e-38
1.31938167453e-37
9.31680819145e-37
7.4898164603e-36
6.03844263048e-35
5.8810340537e-34
1.19623671771e-32
6.32366999334e-31
2.50152411393e-28
3.63980131236e-43
1.91568490124e-43
0
0
0
0
0
0
0
0
0
0
0
0
0
0
0
0
0
0
0
0
0
0
0
0
0
0
0
0
2.09822350842e-36
2.87311688706e-34
200
200
200
200
200
200
200
200
200
200
200
0
0
0
0
0
0
0
0
1.99453730915e-39
1.72250725209e-37
8.71666213777e-36
7.6502227301e-34
200
200
200
200
200
200
200
200
200
200
200
199.999999994
167.288336986
0
0
0
0
0
0
0
0
0
0
0
0
0
0
0
0
0
0
0
7.16915752228e-42
1.91594789773e-38
1.51588642639e-37
1.34802203672e-36
1.020221847e-35
8.5766699897e-35
1.1113558792e-33
2.9966130035e-32
4.1124941484e-30
0
0
0
0
0
0
0
0
0
0
0
0
0
0
0
0
0
0
0
0
0
0
0
0
0
0
0
0
0
0
0
0
0
0
0
2.87947357269e-36
1.40961899966e-34
200
200
200
200
200
200
0
0
0
0
0
0
0
2.15568056322e-38
5.02458295637e-36
3.83451862145e-33
200
200
200
200
200
200
200
200
200
200
200
200
200
200
199.999999997
169.919879332
0
0
0
0
0
0
0
0
0
0
0
0
0
0
0
0
0
0
0
6.90718470657e-40
2.7527092765e-38
2.42639729871e-37
1.72588583423e-36
1.62271586574e-35
1.61009666753e-34
2.56594858923e-33
1.56265401713e-31
0
0
0
0
0
0
0
0
0
0
0
0
0
0
0
0
0
0
0
0
0
0
0
0
0
0
0
0
0
0
0
0
0
0
0
0
0
0
2.36876666624e-38
2.09864698515e-36
2.63312148787e-35
6.1170516313e-35
1.37868018005e-36
0
0
0
0
0
0
2.18977798315e-37
1.39981470796e-34
200
200
200
200
200
200
200
200
200
200
200
200
200
200
200
200
200
199.999999997
166.711725725
0
0
0
0
0
0
0
0
0
0
0
0
0
0
0
0
0
0
0
2.16652686536e-39
5.35820814661e-38
3.71820676952e-37
3.02822058682e-36
2.6963911435e-35
3.70304699838e-34
1.08352025213e-32
0
0
0
0
0
0
0
0
0
0
0
0
0
0
0
0
0
0
0
0
0
0
0
0
0
0
0
0
0
0
0
0
0
0
0
0
0
0
0
0
0
0
1.5877715156e-37
0
0
2.82061146464e-41
4.84297770194e-41
3.02442892728e-39
1.74845785643e-36
8.65275850915e-33
200
200
200
200
200
200
200
200
200
200
200
200
200
200
200
200
200
200
200
199.999999996
154.24641509
0
0
0
0
0
0
0
0
0
0
0
0
0
0
0
0
0
0
0
6.39142282947e-39
9.9223975111e-38
8.32007937189e-37
7.31271576106e-36
7.88760569581e-35
1.27638459427e-33
0
0
0
0
0
0
0
0
0
0
0
0
0
0
0
0
0
0
0
0
0
0
0
0
0
0
0
0
0
0
0
0
0
0
0
0
0
0
0
0
0
0
0
0
3.58591945187e-41
2.34368626796e-40
1.8299727442e-38
3.55710482056e-36
1.31617171276e-30
200
200
200
200
200
200
200
200
200
200
200
200
200
200
200
200
200
200
200
200
200
199.999999995
122.5159022
0
0
0
0
0
0
0
0
0
0
0
0
0
0
0
0
0
0
0
2.13492795718e-38
1.97825607917e-37
2.27253927557e-36
2.23842438639e-35
2.47561055275e-34
0
0
0
0
0
0
0
0
0
0
0
0
0
0
0
0
0
0
0
0
0
0
0
0
0
0
0
0
0
0
0
0
0
0
0
0
0
0
0
0
0
0
0
0
0
1.22631415028e-38
1.37778409715e-36
200
200
200
200
200
200
200
200
200
200
200
200
200
200
200
200
200
200
200
200
200
200
200
200
199.999999992
0
0
0
0
0
0
0
0
0
0
0
0
0
0
0
0
0
0
0
3.07953043044e-39
7.11565541551e-38
5.92322542645e-37
6.65580611843e-36
6.70522287481e-35
0
0
0
0
0
0
0
0
0
0
0
0
0
0
0
0
0
0
0
0
0
0
0
0
0
0
0
0
0
0
0
0
0
0
0
0
0
0
0
0
0
0
0
0
0
0
1.27709249292e-34
200
200
200
200
200
200
200
200
200
200
200
200
200
200
200
200
200
200
200
200
200
200
200
200
200
199.999942759
0
0
0
0
0
0
0
0
0
0
0
0
0
0
0
0
0
0
0
1.93523996866e-38
2.28655393959e-37
2.5253335701e-36
2.25835902182e-35
0
0
0
0
0
0
0
0
0
0
0
0
0
0
0
0
0
0
0
0
0
0
0
0
0
0
0
0
0
0
0
0
0
0
0
0
0
0
0
0
0
0
0
0
0
0
0
0
2.66846395182e-42
200
200
200
200
200
200
200
200
200
200
200
200
200
200
200
200
200
200
200
200
200
200
200
200
0
0
0
0
0
0
0
0
0
0
0
0
0
0
0
0
0
0
0
5.32938187627e-39
9.86112890513e-38
1.09955727728e-36
9.23018018367e-36
0
0
0
0
0
0
0
0
0
0
0
0
0
0
0
0
0
0
0
0
0
0
0
0
0
0
0
0
0
0
0
0
0
0
0
0
0
0
0
0
0
0
0
0
0
0
0
0
0
2.40161755664e-42
3.21567590049e-41
1.84839967872e-35
200
200
200
200
200
200
200
200
200
200
200
200
200
200
200
200
200
200
200
200
200
199.999956772
0
0
0
0
0
0
0
0
0
0
0
0
0
0
0
0
0
0
1.32918882193e-39
4.82708657272e-38
5.41232891397e-37
4.44840892219e-36
0
0
0
0
0
0
0
0
0
0
0
0
0
0
0
0
0
0
0
0
0
0
0
0
0
0
0
0
0
0
0
0
0
0
0
0
0
0
0
0
0
0
0
0
0
0
0
0
0
0
2.16145580097e-42
1.21418074768e-41
1.49314820989e-40
6.80959123077e-35
200
200
200
200
200
200
200
200
200
200
200
200
200
200
200
200
200
200
200
200
0
0
0
0
0
0
0
0
0
0
0
0
0
0
0
0
0
0
0
2.2013805156e-38
2.71479409487e-37
2.45567458815e-36
0
0
0
0
0
0
0
0
0
0
0
0
0
0
0
0
0
0
0
0
0
0
0
0
0
0
0
0
0
0
0
0
0
0
0
0
0
0
0
0
0
0
0
0
0
0
0
0
0
0
0
4.10676602185e-42
9.17684753031e-42
1.28249186813e-40
3.68088038267e-40
1.39806220838e-33
200
200
200
200
200
200
200
200
200
200
200
200
200
200
200
200
200
200
199.999511404
0
0
0
0
0
0
0
0
0
0
0
0
0
0
0
0
0
0
1.08074713727e-38
1.48389328396e-37
1.51521984848e-36
0
0
0
0
0
0
0
0
0
0
0
0
0
0
0
0
0
0
0
0
0
0
0
0
0
0
0
0
0
0
0
0
0
0
0
0
0
0
0
0
0
0
0
0
0
0
0
0
0
0
0
0
3.69608941967e-42
8.25916277728e-42
1.13848566853e-40
2.50828231627e-40
2.80128540869e-35
200
200
200
200
200
200
200
200
200
200
200
200
200
200
200
200
200
200
0
0
0
0
0
0
0
0
0
0
0
0
0
0
0
0
0
0
6.60808165077e-39
1.11682985249e-37
1.02424916975e-36
0
0
0
0
0
0
0
0
0
0
0
0
0
0
0
0
0
0
0
0
0
0
0
0
0
0
0
0
0
0
0
0
0
0
0
0
0
0
0
0
0
0
0
0
0
0
0
0
0
0
0
0
0
5.27179069858e-42
1.80335274306e-41
8.73917353182e-41
1.35583365147e-40
2.72410492419e-36
200
200
200
200
200
200
200
200
200
200
200
200
200
200
200
200
200
0
0
0
0
0
0
0
0
0
0
0
0
0
0
0
0
0
0
3.91651419105e-39
8.9724390543e-38
7.64380360828e-37
0
0
0
0
0
0
0
0
0
0
0
0
0
0
0
0
0
0
0
0
0
0
0
0
0
0
0
0
0
0
0
0
0
0
0
0
0
0
0
0
0
0
0
0
0
0
0
0
0
0
0
0
0
1.57570127891e-42
3.3264804777e-42
2.75915644923e-41
7.34908331366e-41
1.21411420807e-40
1.18017545783e-40
200
200
200
200
200
200
200
200
200
200
200
200
200
200
200
200
0
0
0
0
0
0
0
0
0
0
0
0
0
0
0
0
0
0
3.23948399729e-39
7.23666546022e-38
6.28245511267e-37
0
0
0
0
0
0
0
0
0
0
0
0
0
0
0
0
0
0
0
0
0
0
0
0
0
0
0
0
0
0
0
0
0
0
0
0
0
0
0
0
0
0
0
0
0
0
0
0
0
0
0
0
0
1.57570127891e-42
2.99383242993e-42
2.99383242993e-42
2.9135185234e-41
7.07916604705e-41
1.06742855152e-40
1.01753048569e-40
200
200
200
200
200
200
200
200
200
200
200
200
200
200
200
0
0
0
0
0
0
0
0
0
0
0
0
0
0
0
0
0
0
2.98674820885e-39
7.08707176265e-38
5.82531659502e-37
0
0
0
0
0
0
0
0
0
0
0
0
0
0
0
0
0
0
0
0
0
0
0
0
0
0
0
0
0
0
0
0
0
0
0
0
0
0
0
0
0
0
0
0
0
0
0
0
0
0
0
0
0
0
2.99383242993e-42
2.99383242993e-42
2.99383242993e-42
3.53341799306e-41
8.12897124215e-41
8.76983015551e-41
4.48691173977e-37
200
200
200
200
200
200
200
200
200
200
200
200
200
200
0
0
0
0
0
0
0
0
0
0
0
0
0
0
0
0
0
0
3.05732058433e-39
7.01456819852e-38
5.96403954613e-37
0
0
0
0
0
0
0
0
0
0
0
0
0
0
0
0
0
0
0
0
0
0
0
0
0
0
0
0
0
0
0
0
0
0
0
0
0
0
0
0
0
0
0
0
0
0
0
0
0
0
0
0
0
0
0
2.99383242993e-42
2.99383242993e-42
2.99383242993e-42
4.22219518156e-41
6.34787922758e-41
6.13486431547e-41
9.58610886562e-36
200
200
200
200
200
200
200
200
200
200
200
200
200
0
0
0
0
0
0
0
0
0
0
0
0
0
0
0
0
0
0
4.25001231848e-39
7.33567242237e-38
6.58041355548e-37
0
0
0
0
0
0
0
0
0
0
0
0
0
0
0
0
0
0
0
0
0
0
0
0
0
0
0
0
0
0
0
0
0
0
0
0
0
0
0
0
0
0
0
0
0
0
0
0
0
0
0
0
0
0
0
0
0
1.57570127891e-42
4.74461162872e-42
4.00499190758e-41
5.28399916343e-41
3.80349475088e-41
200
200
200
200
200
200
200
200
200
200
200
200
200
0
0
0
0
0
0
0
0
0
0
0
0
0
0
0
0
0
0
5.83543464084e-39
9.93444007021e-38
7.75327733335e-37
0
0
0
0
0
0
0
0
0
0
0
0
0
0
0
0
0
0
0
0
0
0
0
0
0
0
0
0
0
0
0
0
0
0
0
0
0
0
0
0
0
0
0
0
0
0
0
0
0
0
0
0
0
0
0
0
0
0
8.25916277728e-42
1.09276267291e-41
9.83486405619e-42
1.98733823898e-41
2.55518648663e-39
200
200
200
200
200
200
200
200
200
200
200
200
0
0
0
0
0
0
0
0
0
0
0
0
0
0
0
0
0
0
8.58211009246e-39
1.28224236343e-37
9.72314396801e-37
0
0
0
0
0
0
0
0
0
0
0
0
0
0
0
0
0
0
0
0
0
0
0
0
0
0
0
0
0
0
0
0
0
0
0
0
0
0
0
0
0
0
0
0
0
0
0
0
0
0
0
0
0
0
0
0
0
0
2.16145580097e-42
9.17684753031e-42
1.38925866756e-41
1.09276267291e-41
5.44195039889e-40
200
200
200
200
200
200
200
200
200
200
200
200
0
0
0
0
0
0
0
0
0
0
0
0
0
0
0
0
0
0
1.46534882773e-38
1.6345838819e-37
1.20087425735e-36
0
0
0
0
0
0
0
0
0
0
0
0
0
0
0
0
0
0
0
0
0
0
0
0
0
0
0
0
0
0
0
0
0
0
0
0
0
0
0
0
0
0
0
0
0
0
0
0
0
0
0
0
0
0
0
0
0
0
0
0
1.01964972559e-41
1.54362074173e-41
2.20944256164e-40
4.64077941721e-39
200
200
200
200
200
200
200
200
200
200
200
1.57570127891e-42
0
0
0
0
0
0
0
0
0
0
0
0
0
0
0
0
8.14630723949e-40
2.55940387083e-38
2.34881654043e-37
1.42443431775e-36
0
0
0
0
0
0
0
0
0
0
0
0
0
0
0
0
0
0
0
0
0
0
0
0
0
0
0
0
0
0
0
0
0
0
0
0
0
0
0
0
0
0
0
0
0
0
0
0
0
0
0
0
0
0
0
0
0
0
0
0
0
1.13294413954e-41
2.49154062339e-40
1.74516580388e-39
200
200
200
200
200
200
200
200
200
200
200
1.57570127891e-42
1.57570127891e-42
0
0
0
0
0
0
0
0
0
0
0
0
0
0
0
2.57358553904e-39
4.25733161492e-38
3.53807781868e-37
3.67838906207e-36
0
0
0
0
0
0
0
0
0
0
0
0
0
0
0
0
0
0
0
0
0
0
0
0
0
0
0
0
0
0
0
0
0
0
0
0
0
0
0
0
0
0
0
0
0
0
0
0
0
0
0
0
0
0
0
0
0
0
0
0
0
0
1.07642101402e-40
5.79066657639e-40
200
200
200
200
200
200
200
200
200
200
200
1.57570127891e-42
1.57570127891e-42
1.57570127891e-42
0
0
0
0
0
0
0
0
0
0
0
0
0
0
6.52870182594e-39
6.76452625165e-38
4.81970973252e-37
1.19421519894e-35
0
0
0
0
0
0
0
0
0
0
0
0
0
0
0
0
0
0
0
0
0
0
0
0
0
0
0
0
0
0
0
0
0
0
0
0
0
0
0
0
0
0
0
0
0
0
0
0
0
0
0
0
0
0
0
0
0
0
0
0
0
0
0
5.46430273635e-40
200
200
200
200
200
200
200
200
200
200
0
1.41813115102e-42
1.57570127891e-42
1.57570127891e-42
1.57570127891e-42
0
0
0
0
0
0
0
0
0
0
0
0
7.0512926058e-41
1.19348683472e-38
1.22045700273e-37
6.10027922559e-37
2.15717773511e-35
0
0
0
0
0
0
0
0
0
0
0
0
0
0
0
0
0
0
0
0
0
0
0
0
0
0
0
0
0
0
0
0
0
0
0
0
0
0
0
0
0
0
0
0
0
0
0
0
0
0
0
0
0
0
0
0
0
0
0
0
0
0
0
4.99502647082e-40
200
200
200
200
200
200
200
200
200
200
0
0
1.41813115102e-42
1.57570127891e-42
1.57570127891e-42
0
0
0
0
0
0
0
0
0
0
0
0
2.08705949413e-39
2.02527226762e-38
1.57083164801e-37
6.63229185879e-37
3.57965630908e-35
0
0
0
0
0
0
0
0
0
0
0
0
0
0
0
0
0
0
0
0
0
0
0
0
0
0
0
0
0
0
0
0
0
0
0
0
0
0
0
0
0
0
0
0
0
0
0
0
0
0
0
0
0
0
0
0
0
0
0
0
0
0
0
0
200
200
200
200
200
200
200
200
200
0
0
0
0
1.57570127891e-42
1.57570127891e-42
1.57570127891e-42
0
0
0
0
0
0
0
0
0
0
0
4.26942994295e-39
4.27000942507e-38
2.08302339442e-37
1.38485968363e-36
5.0181485967e-35
0
0
0
0
0
0
0
0
0
0
0
0
0
0
0
0
0
0
0
0
0
0
0
0
0
0
0
0
0
0
0
0
0
0
0
0
0
0
0
0
0
0
0
0
0
0
0
0
0
0
0
0
0
0
0
0
0
0
0
0
0
0
0
0
200
200
200
200
200
200
200
200
0
0
0
0
0
0
1.57570127891e-42
1.57570127891e-42
0
0
0
0
0
0
0
0
0
0
1.10385988495e-39
8.04171708786e-39
4.91132632341e-38
1.99019544482e-37
3.076716061e-36
7.77769449651e-35
0
0
0
0
0
0
0
0
0
0
0
0
0
0
0
0
0
0
0
0
0
0
0
0
0
0
0
0
0
0
0
0
0
0
0
0
0
0
0
0
0
0
0
0
0
0
0
0
0
0
0
0
0
0
0
0
0
0
0
0
0
0
0
0
200
200
200
200
200
200
200
0
0
0
0
0
0
0
0
1.57570127891e-42
0
0
0
0
0
0
0
0
0
0
3.09715706272e-39
1.64882943807e-38
5.71722754242e-38
1.39051946336e-37
3.63182158771e-36
1.15944526742e-34
0
0
0
0
0
0
0
0
0
0
0
0
0
0
0
0
0
0
0
0
0
0
0
0
0
0
0
0
0
0
0
0
0
0
0
0
0
0
0
0
0
0
0
0
0
0
0
0
0
0
0
0
0
0
0
0
0
0
0
0
0
0
0
7.90346534664
200
200
200
200
200
200
0
0
0
0
0
0
0
0
0
0
0
0
0
0
0
0
0
0
0
1.22220207198e-39
4.55553570143e-39
1.83134341622e-38
3.39006494612e-38
3.11521341995e-37
5.56025449298e-36
1.64256983175e-34
0
0
0
0
0
0
0
0
0
0
0
0
0
0
0
0
0
0
0
0
0
0
0
0
0
0
0
0
0
0
0
0
0
0
0
0
0
0
0
0
0
0
0
0
0
0
0
0
0
0
0
0
0
0
0
0
0
0
0
0
0
0
0
200
200
200
200
200
200
0
0
0
0
0
0
0
0
0
0
0
0
0
0
0
0
0
0
0
0
3.36771934739e-39
1.25338106035e-38
2.10543931708e-38
6.02247980174e-39
3.02201462123e-37
9.43014756194e-36
1.76936893941e-34
0
0
0
0
0
0
0
0
0
0
0
0
0
0
0
0
0
0
0
0
0
0
0
0
0
0
0
0
0
0
0
0
0
0
0
0
0
0
0
0
0
0
0
0
0
0
0
0
0
0
0
0
0
0
0
0
0
0
0
0
0
0
0
200
200
200
200
0
0
0
0
0
0
0
0
0
0
0
0
0
0
0
0
0
0
0
0
0
1.9016562061e-39
6.99425726864e-39
2.27455687342e-38
3.84372827526e-38
2.51709133596e-39
7.77090717326e-38
1.57642564096e-35
1.63181710027e-34
0
0
0
0
0
0
0
0
0
0
0
0
0
0
0
0
0
0
0
0
0
0
0
0
0
0
0
0
0
0
0
0
0
0
0
0
0
0
0
0
0
0
0
0
0
0
0
0
0
0
0
0
0
0
0
0
0
0
0
0
0
0
0
200
0
0
0
0
0
0
0
0
0
0
0
0
0
0
0
0
0
0
0
0
0
0
0
1.27181168081e-39
3.3001154681e-39
9.00487845077e-39
2.15308503118e-38
2.43772224207e-38
7.59782380681e-38
3.05236800989e-37
7.97837673022e-36
8.80597066319e-35
0
0
0
0
0
0
0
0
0
0
0
0
0
0
0
0
0
0
0
0
0
0
0
0
0
0
0
0
0
0
0
0
0
0
0
0
0
0
0
0
0
0
0
0
0
0
0
0
0
0
0
0
0
0
0
0
0
0
0
0
0
0
0
0
0
0
0
0
0
0
0
0
0
0
0
0
0
0
0
0
0
0
0
0
0
0
8.5823623685e-40
4.2358800356e-39
6.5548670902e-39
9.16971376538e-39
9.53842273106e-39
4.46573725744e-37
5.5568095731e-37
1.03825177138e-36
5.95411308701e-36
1.40860260034e-34
3.63980131236e-43
0
0
0
0
0
0
0
0
0
0
0
0
0
0
0
0
0
0
0
0
0
0
0
0
0
0
0
0
0
0
0
0
0
0
0
0
0
0
0
0
0
0
0
0
0
0
0
0
0
0
0
0
0
0
0
0
0
0
0
0
0
0
0
0
0
0
0
0
0
0
0
0
0
0
0
0
0
0
0
0
0
0
0
0
7.62890794942e-40
4.63801112658e-39
6.99014410349e-39
7.62894987299e-39
1.51790237044e-38
1.10727863913e-37
1.23646008359e-37
1.86554974336e-37
4.39100173661e-37
2.57567860705e-36
8.2292322748e-35
200
200
8.76461321568e-43
0
0
0
0
0
0
0
0
0
0
0
0
0
0
0
0
0
0
0
0
0
0
0
0
0
0
0
0
0
0
0
0
0
0
0
0
0
0
0
0
0
0
0
0
0
0
0
0
0
0
0
0
0
0
0
0
0
0
0
0
0
0
0
0
0
0
0
0
0
0
0
0
0
0
0
0
0
0
0
0
0
1.21105607254e-39
5.17410220133e-39
5.12975674405e-39
9.50766697221e-39
4.60144377403e-38
4.09311864895e-38
4.42337931351e-38
7.03070204515e-38
1.23667362621e-37
3.00647706778e-37
1.6823150467e-36
7.55652410145e-35
200
200
200
200
200
0
0
0
0
0
0
0
0
0
0
0
0
0
0
0
0
0
0
0
0
0
0
0
0
0
0
0
0
0
0
0
0
0
0
0
0
0
0
0
0
0
0
0
0
0
0
0
0
0
0
0
0
0
0
0
0
0
0
0
0
0
0
0
0
0
0
0
0
0
0
0
0
0
0
5.27179069858e-42
5.85754522064e-42
3.69608941967e-42
5.89392145657e-40
4.07889622739e-39
5.30757813962e-39
5.18005375791e-39
2.68116234656e-38
2.55850690078e-38
2.60530673365e-38
3.02910346556e-38
3.8447420253e-38
5.15288250042e-38
7.2435164858e-38
1.3073130278e-37
6.56666577112e-37
5.35748704189e-35
200
200
200
200
200
21.0595643513
5.99273168332e-42
0
0
0
0
0
0
0
0
0
0
0
0
0
0
0
0
0
0
0
0
0
0
0
0
0
0
0
0
0
0
0
0
0
0
0
0
0
0
0
0
0
0
0
0
0
0
0
0
0
0
0
0
0
0
0
0
0
0
0
0
0
0
0
0
0
0
2.27942263875e-39
2.90676274111e-39
1.91112087938e-38
2.9166410844e-38
6.47493156239e-38
8.54296176061e-38
9.85733006754e-38
1.05771340111e-37
7.22277059886e-38
1.35179519981e-38
4.59465713014e-39
2.5791413621e-38
1.90018335289e-38
1.80369261926e-38
2.02536171627e-38
2.38434573415e-38
2.77929935531e-38
3.32193083605e-38
4.12821319141e-38
5.20827634502e-38
7.12472358446e-38
1.5356465943e-37
3.18360037969e-35
200
200
200
200
7.11712175964e-32
4.39152111743e-36
3.25092942589e-35
9.1815808804e-36
1.59104530039e-42
0
0
0
0
0
0
0
0
0
0
0
0
0
0
0
0
0
0
0
0
0
0
0
0
0
0
0
0
0
0
0
0
0
0
0
0
0
0
0
0
0
0
0
0
0
0
0
0
0
0
0
0
0
0
0
0
0
0
0
0
0
0
2.47534223814e-38
1.31011467743e-37
2.67245083026e-37
4.08647168822e-37
4.87213176648e-37
5.24388668771e-37
5.86142888103e-37
5.23299489627e-37
4.6968420044e-37
3.30500952963e-37
1.29061160448e-37
5.35442187633e-38
2.37289446134e-38
1.62753537088e-38
1.62486288529e-38
1.79339625445e-38
1.98792057206e-38
2.24275941999e-38
2.55200178449e-38
2.94552133346e-38
3.46401661406e-38
4.11394796121e-38
5.01202488105e-38
6.90452370841e-38
1.50321297278e-35
200
200
200
4.6695435865e-32
6.79688632005e-35
7.43708189052e-36
1.15439525248e-36
7.88836969804e-39
1.64944595797e-38
1.71680842007e-40
0
0
0
0
0
0
0
0
0
0
0
0
0
0
0
0
0
0
0
0
0
0
0
0
0
0
0
0
0
0
0
0
0
0
0
0
0
0
0
0
0
0
0
0
0
0
0
0
0
0
0
0
0
0
0
0
0
0
0
0
0
1.20278007941e-37
3.47868818952e-37
3.7624246087e-37
3.89731501577e-37
4.23452014849e-37
4.53232478597e-37
4.81477560609e-37
4.9096141291e-37
4.67639834534e-37
4.19297825936e-37
3.36068612911e-37
7.17206070829e-38
2.7572221538e-38
2.05314496776e-38
1.85207630836e-38
1.87480207347e-38
1.98699103479e-38
2.17161491332e-38
2.40544488795e-38
2.69658025804e-38
3.05152517816e-38
3.47944258823e-38
3.99914622915e-38
4.77496570549e-38
6.04597383036e-36
200
64.7133416749
1.8090768596e-32
1.15105868423e-34
1.06916940027e-35
3.71443092752e-37
2.03667151286e-38
5.17444366846e-39
3.05376822758e-39
7.09750781694e-39
9.7366286539e-39
7.16961589696e-42
0
0
0
0
0
0
0
0
0
0
0
0
0
0
0
0
0
0
0
0
0
0
0
0
0
0
0
0
0
0
0
0
0
0
0
0
0
0
0
0
0
0
0
0
0
0
0
0
0
0
0
0
0
0
0
0
0
0
0
2.75895685411e-37
4.033394753e-37
4.21104050583e-37
4.348384013e-37
4.56270307319e-37
4.75092806086e-37
4.95774066137e-37
5.09503125569e-37
5.28036651748e-37
5.34839643666e-37
4.97601675012e-37
2.21646426003e-37
4.5171724029e-38
2.70799640327e-38
2.15649212693e-38
2.02791709802e-38
2.05386582957e-38
2.15908585044e-38
2.32611235254e-38
2.54247155241e-38
2.79575100767e-38
3.09277256046e-38
3.42639142019e-38
3.86789064344e-38
2.24701074981e-36
3.82172159568e-31
6.70926820995e-33
1.57895567686e-34
1.2594766384e-35
7.80430385363e-37
2.85865152704e-38
7.07580328543e-39
4.08795450856e-39
3.39383680045e-39
4.18947695129e-39
3.39213631208e-39
5.74688196336e-39
8.51781090769e-41
0
0
0
0
0
0
0
0
0
0
0
0
0
0
0
0
0
0
0
0
0
0
0
0
0
0
0
0
0
0
0
0
0
0
0
0
0
0
0
0
0
0
0
0
0
0
0
0
0
0
0
0
0
0
0
0
0
0
2.50686749874e-37
4.4286422325e-37
4.48193015376e-37
4.79573358169e-37
4.96538088222e-37
5.07772041056e-37
5.22256002617e-37
5.37173129537e-37
5.60231086257e-37
5.99630949579e-37
6.30011625093e-37
4.09669915302e-37
7.1027116987e-38
3.47266052631e-38
2.56406589697e-38
2.2535392149e-38
2.17770650198e-38
2.20911480215e-38
2.31421240874e-38
2.46439840429e-38
2.64963070634e-38
2.86451187721e-38
3.09412840591e-38
3.38208846804e-38
6.67186742524e-37
1.94757565893e-33
1.70269215161e-34
1.62049183429e-35
1.24396752176e-36
3.69539956445e-38
6.36811790533e-39
4.03484810292e-39
3.05445312041e-39
2.74839140482e-39
2.74803093491e-39
2.53711610773e-39
2.22333073292e-39
5.17158330806e-39
1.3698123406e-39
0
0
0
0
0
0
0
0
0
0
0
0
0
0
0
0
0
0
0
0
0
0
0
0
0
0
0
0
0
0
0
0
0
0
0
0
0
0
0
0
0
0
0
0
0
0
0
0
0
0
0
0
0
0
0
0
0
0
6.76179619938e-37
5.25029281002e-37
5.53791006635e-37
5.61356113864e-37
5.61725465782e-37
5.69307796514e-37
5.78898797617e-37
6.02431397476e-37
6.30436366082e-37
6.85241963846e-37
5.93681395809e-37
1.52372784463e-37
4.52658695891e-38
3.04374362563e-38
2.53326621007e-38
2.35204591535e-38
2.31442152441e-38
2.35637916929e-38
2.46536813955e-38
2.60297593482e-38
2.76176901578e-38
2.92572156943e-38
200
200
2.0445677375e-34
2.02865016517e-35
1.83200615748e-36
1.28505335152e-38
4.97966118442e-39
3.43057864949e-39
2.74900780837e-39
2.47355226434e-39
2.22558063436e-39
2.22522016444e-39
2.22437461774e-39
2.47152735304e-39
3.48737797521e-39
8.48500900144e-39
4.33638716261e-39
0
0
0
0
0
0
0
0
0
0
0
0
0
0
0
0
0
0
0
0
0
0
0
0
0
0
0
0
0
0
0
0
0
0
0
0
0
0
0
0
0
0
0
0
0
0
0
0
0
0
0
0
0
0
0
0
0
1.1326126556e-36
7.28543819434e-37
6.98974481574e-37
6.64505802153e-37
6.41436512921e-37
6.32427927226e-37
6.37250329655e-37
6.46206976108e-37
6.69316711391e-37
7.0361176814e-37
7.51735259228e-37
2.81323408873e-37
5.93133028249e-38
3.60775459529e-38
2.86844106906e-38
2.57013950268e-38
2.45348120754e-38
2.45595334308e-38
2.51228440417e-38
2.61269737123e-38
200
200
200
200
3.3458330742e-35
2.35691247061e-36
4.67950603112e-39
3.67041309767e-39
2.93741169009e-39
2.47115702583e-39
2.10830672065e-39
1.97864549298e-39
1.8024283332e-39
1.80210391028e-39
1.94031104876e-39
2.19935591489e-39
2.90456852711e-39
6.53128125123e-39
1.60219198278e-37
2.03687893191e-38
0
0
0
0
0
0
0
0
0
0
0
0
0
0
0
0
0
0
0
0
0
0
0
0
0
0
0
0
0
0
0
0
0
0
0
0
0
0
0
0
0
0
0
0
0
0
0
0
0
0
0
0
0
0
0
0
1.20562315261e-36
9.90875964944e-37
8.72451026104e-37
8.00288382011e-37
7.43619778173e-37
7.18451019675e-37
7.02710282523e-37
6.99411022599e-37
7.10320224751e-37
7.33229118366e-37
8.45657450218e-37
4.10028687339e-37
7.5619428923e-38
4.23057926899e-38
3.24297579967e-38
2.82491452729e-38
2.6514377006e-38
2.59894844504e-38
200
200
200
200
200
200
3.28306154308e-36
2.92312928888e-39
2.63689814438e-39
2.31901772293e-39
2.00850209052e-39
1.80291188232e-39
1.62218549988e-39
1.57389817009e-39
1.47990728405e-39
1.50616477107e-39
1.62120862642e-39
1.80089789366e-39
2.47009494635e-39
4.01034928549e-35
1.42859155825e-35
4.48751982515e-36
3.48960582331e-38
0
0
0
0
0
0
0
0
0
0
0
0
0
0
0
0
0
0
0
0
0
0
0
0
0
0
0
0
0
0
0
0
0
0
0
0
0
0
0
0
0
0
0
0
0
0
0
0
0
0
0
0
0
0
0
1.27093450526e-36
1.22588367903e-36
1.05323583053e-36
9.51788066007e-37
8.78232612237e-37
8.18245044527e-37
7.78692890507e-37
7.57770318875e-37
7.52546961381e-37
7.60780933165e-37
8.49834623718e-37
4.74041408668e-37
9.07218440637e-38
4.88669773539e-38
3.65004690338e-38
3.12065760945e-38
200
200
200
200
200
200
200
200
2.01125614679e-39
1.92778874447e-39
1.81278382738e-39
1.67025791828e-39
1.53697471171e-39
1.43961251355e-39
1.31347096803e-39
1.30244978853e-39
1.25657960724e-39
1.28782944297e-39
1.31249409457e-39
1.48697154845e-39
6.32747570923e-30
2.71367109783e-29
3.93692173558e-31
2.90063414489e-33
1.14821029245e-34
9.58488236818e-39
0
0
0
0
0
0
0
0
0
0
0
0
0
0
0
0
0
0
0
0
0
0
0
0
0
0
0
0
0
0
0
0
0
0
0
0
0
0
0
0
0
0
0
0
0
0
0
0
0
0
0
0
0
0
1.09565773806e-36
1.42744425626e-36
1.2090344231e-36
1.0951792637e-36
1.00861530659e-36
9.24440663375e-37
8.60867463684e-37
8.15728793959e-37
7.8944562644e-37
7.78020831542e-37
8.42455596975e-37
4.58926279073e-37
200
200
200
200
200
200
200
200
200
200
200
200
1.46841733584e-39
1.42385789515e-39
1.36862103378e-39
1.30658499514e-39
1.22053073914e-39
1.17288444821e-39
1.08994707664e-39
1.0631202166e-39
1.0631202166e-39
1.06279579368e-39
1.10533332931e-39
2.32063917763e-24
200
200
200
1.28591802503e-27
6.11147473823e-32
6.21179782812e-34
1.5642280893e-39
0
0
0
0
0
0
0
0
0
0
0
0
0
0
0
0
0
0
0
0
0
0
0
0
0
0
0
0
0
0
0
0
0
0
0
0
0
0
0
0
0
0
0
0
0
0
0
0
0
0
0
0
0
7.76617399533e-37
1.56115654506e-36
200
200
200
200
200
200
200
200
200
200
200
200
200
200
200
200
200
200
200
200
200
200
1.15519548629e-39
1.13804495462e-39
1.10583962353e-39
1.06403895993e-39
1.01799039675e-39
9.56999763431e-40
9.35736810646e-40
8.94600259314e-40
8.72734671126e-40
8.85344054832e-40
9.48996195791e-40
200
200
200
200
200
200
1.10312060788e-30
5.03155619201e-34
4.06716042039e-42
0
0
0
0
0
0
0
0
0
0
0
0
0
0
0
0
0
0
0
0
0
0
0
0
0
0
0
0
0
0
0
0
0
0
0
0
0
0
0
0
0
0
0
0
0
0
0
0
0
0
0
0
200
200
200
200
200
200
200
200
200
200
200
200
200
200
200
200
200
200
200
200
200
200
200
200
9.72104177882e-40
9.43590572654e-40
9.25119237959e-40
8.96688262579e-40
8.55201173569e-40
8.20084834062e-40
7.81530969034e-40
7.64219193367e-40
7.51707100204e-40
7.58936453662e-40
7.742233704e-40
8.60572612253e-40
200
200
200
200
200
200
8.93178026334e-31
1.0528593259e-35
0
0
0
0
0
0
0
0
0
0
0
0
0
0
0
0
0
0
0
0
0
0
0
0
0
0
0
0
0
0
0
0
0
0
0
0
0
0
0
0
0
0
0
0
0
0
0
0
0
0
0
200
200
200
200
200
200
200
200
200
200
200
200
200
200
200
200
200
200
200
200
200
200
200
200
200
8.19769275549e-40
8.08503708501e-40
7.82156616323e-40
7.49165316042e-40
7.26928036865e-40
6.83753521624e-40
6.62537571012e-40
6.42182257627e-40
6.28704654752e-40
6.29613967288e-40
6.54137910018e-40
7.14477763616e-40
8.98552541481e-40
200
200
200
200
200
200
5.10292315378e-32
6.64877898692e-36
0
0
0
0
0
0
0
0
0
0
0
0
0
0
0
0
0
0
0
0
0
0
0
0
0
0
0
0
0
0
0
0
0
0
0
0
0
0
0
0
0
0
0
0
0
0
0
0
0
200
200
200
200
200
200
200
200
200
200
200
200
200
200
200
200
200
200
200
200
200
200
200
200
200
200
6.89026129274e-40
6.68747066351e-40
6.56037546714e-40
6.33395180529e-40
6.03322135956e-40
5.87924600564e-40
5.58738104795e-40
5.42943206687e-40
5.34476977295e-40
5.33782436357e-40
5.46091232157e-40
5.87278084194e-40
7.04835663292e-40
8.91474992371e-38
200
200
200
200
200
8.14237620843e-25
2.53600305496e-33
1.18085775456e-38
0
0
0
0
0
0
0
0
0
0
0
0
0
0
0
0
0
0
0
0
0
0
0
0
0
0
0
0
0
0
0
0
0
0
0
0
0
0
0
0
0
0
0
0
0
0
0
0
200
200
200
200
200
200
200
200
200
200
200
200
200
200
200
200
200
200
200
200
200
200
200
200
200
200
5.78427189506e-40
5.67514657291e-40
5.55883003317e-40
5.38436028219e-40
5.21977888856e-40
4.98723498284e-40
4.83806477558e-40
4.72543630129e-40
4.61786369599e-40
4.55764181198e-40
4.64143521939e-40
4.84031322817e-40
5.48308625856e-40
2.99332751184e-38
1.2081885319e-36
200
200
200
200
200
1.94914608415e-30
5.63083898512e-36
1.06315294501e-39
0
0
0
0
0
0
0
0
0
0
0
0
0
0
0
0
0
0
0
0
0
0
0
0
0
0
0
0
0
0
0
0
0
0
0
0
0
0
0
0
0
0
0
0
0
0
200
200
200
200
200
200
200
200
200
200
200
200
200
200
200
200
200
200
200
200
200
200
200
200
200
200
200
5.08019600368e-40
4.97093749501e-40
4.85158708042e-40
4.72518869177e-40
4.57322130422e-40
4.38706249839e-40
4.29933816355e-40
4.15406357007e-40
4.00963713654e-40
3.96572579121e-40
3.96625927013e-40
4.05673561093e-40
4.39723907662e-40
8.42932109372e-40
5.81588331308e-37
1.07563905831e-36
200
200
200
200
1.95302266451e-22
7.47524430084e-36
7.65298200509e-36
0
0
0
0
0
0
0
0
0
0
0
0
0
0
0
0
0
0
0
0
0
0
0
0
0
0
0
0
0
0
0
0
0
0
0
0
0
0
0
0
0
0
0
0
0
0
200
200
200
200
200
200
200
200
200
200
200
200
200
200
200
200
200
200
200
200
200
200
200
200
200
200
200
4.5760091797e-40
4.47713017274e-40
4.37762383016e-40
4.25729437457e-40
4.13307034633e-40
3.97346319627e-40
3.87454490451e-40
3.70731008722e-40
3.56249935178e-40
3.50154755553e-40
3.46776826028e-40
3.49378524783e-40
3.65026104781e-40
4.36829374894e-40
1.49593628585e-37
1.52588070899e-36
9.60364994029e-37
1.39496909219e-36
200
200
200
5.75993557001e-36
1.15160707504e-35
7.78189831337e-36
0
0
0
0
0
0
0
0
0
0
0
0
0
0
0
0
0
0
0
0
0
0
0
0
0
0
0
0
0
0
0
0
0
0
0
0
0
0
0
0
0
0
0
0
200
200
200
200
200
200
200
200
200
200
200
200
200
200
200
200
200
200
200
200
200
200
200
200
200
200
200
200
4.23223208446e-40
4.12626224149e-40
4.05051172728e-40
3.92514041143e-40
3.78566434436e-40
3.65725822818e-40
3.49748845768e-40
3.34354812673e-40
3.18487659799e-40
3.10665712947e-40
3.01385327921e-40
2.97917300687e-40
3.07638698371e-40
3.38246932754e-40
2.64915055081e-38
7.70392560455e-37
9.18558969451e-37
1.40427259065e-36
2.04644006171e-36
2.73432122488e-36
4.11646210882e-36
5.63863988485e-36
8.99578748879e-36
2.03703340229e-35
1.06595707167e-34
0
0
0
0
0
0
0
0
0
0
0
0
0
0
0
0
0
0
0
0
0
0
0
0
0
0
0
0
0
0
0
0
0
0
0
0
0
0
0
0
0
0
0
200
200
200
200
200
200
200
200
200
200
200
200
200
200
200
200
200
200
200
200
200
200
200
200
200
200
200
200
3.98642107133e-40
3.87477797097e-40
3.7906324988e-40
3.67349011208e-40
3.52640003579e-40
3.37453499473e-40
3.19965971548e-40
3.02574788353e-40
2.85646612152e-40
2.72664843631e-40
2.60529331906e-40
2.54977883582e-40
2.54508340297e-40
2.66936993602e-40
3.55417368158e-40
1.45032542791e-37
8.46369018477e-37
1.11159789295e-36
2.31802907228e-36
3.50630042197e-36
5.25918325361e-36
7.15069036022e-36
1.09916534902e-35
2.74903243594e-35
7.82716854986e-35
5.55908987303e-36
0
0
0
0
0
0
0
0
0
0
0
0
0
0
0
0
0
0
0
0
0
0
0
0
0
0
0
0
0
0
0
0
0
0
0
0
0
0
0
0
0
0
200
200
200
200
200
200
200
200
200
200
200
200
200
200
200
200
200
200
200
200
200
200
200
200
200
200
200
200
3.8389340549e-40
3.69729532207e-40
3.6044759933e-40
3.4802385964e-40
3.29820279842e-40
3.13412473672e-40
2.94060288525e-40
2.74222925127e-40
2.56816166219e-40
2.41220896722e-40
2.28245872083e-40
2.18343261574e-40
2.10754308765e-40
2.11129541728e-40
2.29707082354e-40
1.24760637418e-38
2.41918716314e-37
5.53576168598e-37
1.24851426937e-36
2.36865795381e-36
4.61703217883e-36
8.03465476198e-36
1.45388967422e-35
1.87315311542e-35
1.93423072813e-35
4.83413357011e-35
0
0
0
0
0
0
0
0
0
0
0
0
0
0
0
0
0
0
0
0
0
0
0
0
0
0
0
0
0
0
0
0
0
0
0
0
0
0
0
0
0
0
200
200
200
200
200
200
200
200
200
200
200
200
200
200
200
200
200
200
200
200
200
200
200
200
200
200
200
200
3.79434456942e-40
3.60995349738e-40
3.49114633022e-40
3.33449159893e-40
3.14479223383e-40
2.93753898641e-40
2.72407606042e-40
2.52198655629e-40
2.32703387023e-40
2.15985972129e-40
2.02629828129e-40
1.90748066986e-40
1.8338433248e-40
1.76913014554e-40
1.7695889265e-40
2.00122600317e-40
3.27620328525e-38
1.60942952001e-37
3.62014216315e-37
8.28739369079e-37
1.58696101219e-36
3.26992665707e-36
6.13514956163e-36
1.00781424781e-35
1.25947651883e-35
1.98148000478e-35
1.27809967224e-34
2.29765372565e-28
0
0
0
0
0
0
0
0
0
0
0
0
0
0
0
0
0
0
0
0
0
0
0
0
0
0
0
0
0
0
0
0
0
0
0
0
0
0
0
200
200
200
200
200
200
200
200
200
200
200
200
200
200
200
200
200
200
200
200
200
200
200
200
200
200
200
200
200
3.90763534695e-40
3.63024452391e-40
3.46841860514e-40
3.2803096964e-40
3.03787843652e-40
2.8036755874e-40
2.56936246397e-40
2.34154481882e-40
2.14626368566e-40
1.96877954806e-40
1.82554425018e-40
1.71573016483e-40
1.61142288512e-40
1.5132213581e-40
1.47202983996e-40
1.47509457553e-40
2.84625496086e-40
2.7393217927e-38
7.01816288017e-38
1.60956499814e-37
3.45223908242e-37
7.32379987661e-37
1.48614166753e-36
3.1375573962e-36
5.89582174494e-36
1.23429908825e-35
1.59827732295e-28
122.213294773
0
0
0
0
0
0
0
0
0
0
0
0
0
0
0
0
0
0
0
0
0
0
0
0
0
0
0
0
0
0
0
0
0
0
0
0
0
0
0
200
200
200
200
200
200
200
200
200
200
200
200
200
200
200
200
200
200
200
200
200
200
200
200
200
200
200
200
200
200
3.86179292956e-40
3.58069989264e-40
3.27925728637e-40
2.99720253815e-40
2.71740148626e-40
2.46236479217e-40
2.22481495483e-40
2.02156903712e-40
1.83957145638e-40
1.69835912815e-40
1.55887560378e-40
1.43879613714e-40
1.33063557566e-40
1.22057725931e-40
1.16105328051e-40
1.16692074358e-40
1.609703861e-39
1.3677247571e-38
2.84098130873e-38
5.50083253418e-38
9.77913154007e-38
1.86159526686e-37
4.80513857056e-37
1.97682125023e-36
5.64729201552e-34
5.51684895287e-28
5.42161885686e-36
69.0097553923
0
0
0
0
0
0
0
0
0
0
0
0
0
0
0
0
0
0
0
0
0
0
0
0
0
0
0
0
0
0
0
0
0
0
0
0
0
0
200
200
200
200
200
200
200
200
200
200
200
200
200
200
200
200
200
200
200
200
200
200
200
200
200
200
200
200
200
9.29405673977e-26
4.5008073291e-40
3.93567560999e-40
3.4366844003e-40
3.0372373501e-40
2.69216027654e-40
2.39360536783e-40
2.13736400933e-40
1.90555287828e-40
1.74376982641e-40
1.58179965419e-40
1.43885185611e-40
1.29685792824e-40
1.16042611311e-40
1.03379472171e-40
9.30186171963e-41
8.62900306686e-41
8.85589125864e-41
1.45526056763e-39
4.56309099612e-39
8.36678383451e-39
1.38750585026e-38
2.01820737075e-38
2.79398849932e-38
5.01385658326e-38
2.42015934613e-37
1.70136412612e-36
2.0684215609e-37
200
0
0
0
0
0
0
0
0
0
0
0
0
0
0
0
0
0
0
0
0
0
0
0
0
0
0
0
0
0
0
0
0
0
0
0
0
0
200
200
200
200
200
200
200
200
200
200
200
200
200
200
200
200
200
200
200
200
200
200
200
200
200
200
200
200
200
200
2.16747754255e-34
6.4051066048e-40
4.82009058423e-40
3.8039468984e-40
3.16594634179e-40
2.71296839597e-40
2.36763006819e-40
2.07483663501e-40
1.85423614954e-40
1.66216229462e-40
1.49877488192e-40
1.34740617803e-40
1.19279351001e-40
1.03712084734e-40
8.98432210043e-41
7.85452882496e-41
6.88657601924e-41
6.17607898014e-41
7.94798291739e-41
5.11605045361e-40
9.49496339383e-40
1.64611389234e-39
2.37609032947e-39
2.21301864234e-39
1.58166375322e-39
4.70679332309e-40
4.11159854479e-40
1.79028970007e-40
2.78777172358e-39
200
0
0
0
0
0
0
0
0
0
0
0
0
0
0
0
0
0
0
0
0
0
0
0
0
0
0
0
0
0
0
0
0
0
0
0
0
200
200
200
200
200
200
200
200
200
200
200
200
200
200
200
200
200
200
200
200
200
200
200
200
200
200
200
200
200
200
1.60448373844e-33
1.93586378974e-31
199.647710329
4.48712673458e-40
3.3753890354e-40
2.77661049701e-40
2.36193418858e-40
2.04500779711e-40
1.81532219932e-40
1.62124396183e-40
1.44078768297e-40
1.28443394038e-40
1.12511506684e-40
9.661362127e-41
8.25109437443e-41
6.96929195401e-41
5.52166505454e-41
3.57526178047e-41
3.877383932e-41
6.88825433863e-41
1.26455405212e-40
1.77526982317e-40
1.69832840155e-40
9.68665884629e-41
1.26166130765e-40
1.76410759738e-40
2.9968465524e-40
5.08487103927e-40
3.39456880494e-39
4.72196259911e-38
0
0
0
0
0
0
0
0
0
0
0
0
0
0
0
0
0
0
0
0
0
0
0
0
0
0
0
0
0
0
0
0
0
0
0
3.63980131236e-43
200
200
200
200
200
200
200
200
200
200
200
200
200
200
200
200
200
200
200
200
200
200
200
200
200
200
200
200
200
200
5.8284017768e-33
1.88762147179e-34
2.10184931282e-28
200
1.19991136084e-23
2.85133863894e-40
2.35456539564e-40
2.02637256098e-40
1.78928928376e-40
1.58914268933e-40
1.41539235706e-40
1.24992275804e-40
1.07663557636e-40
9.186023622e-41
7.65864033901e-41
6.04506864893e-41
4.29176409775e-41
2.29397224561e-41
4.0671286301e-42
7.266897512e-42
8.49228361122e-42
9.64096984354e-42
2.15613598802e-41
3.13109608034e-41
5.16373394898e-41
1.07534252019e-40
2.69576536287e-40
1.03379049041e-39
5.75159001866e-39
5.17629136337e-39
1.72411641112e-43
0
0
0
0
0
0
0
0
0
0
0
0
0
0
0
0
0
0
0
0
0
0
0
0
0
0
0
0
0
0
0
0
0
0
200
200
200
200
200
200
200
200
200
200
200
200
200
200
200
200
200
200
200
200
200
200
200
200
200
200
200
200
200
200
200
4.63313629702e-33
4.92151279506e-33
5.07416012623e-33
9.84907246735e-33
2.06012812389e-27
200
200
2.10366510193e-40
1.814096023e-40
1.60079113884e-40
1.41495916024e-40
1.24447116763e-40
1.04709460572e-40
8.96255938081e-41
7.39341305231e-41
6.09463762724e-41
4.50705512637e-41
2.16048114136e-41
4.0671286301e-42
6.56627074995e-42
8.30071512109e-42
9.44940135342e-42
1.19280078121e-41
2.79433604143e-41
3.94147233402e-41
8.37773399392e-41
2.42618882658e-40
5.08626757357e-40
9.5817913973e-40
3.92750699109e-41
2.79391676026e-38
0
0
0
0
0
0
0
0
0
0
0
0
0
0
0
0
0
0
0
0
0
0
0
0
0
0
0
0
0
0
0
0
0
0
200
200
200
200
200
200
200
200
200
200
200
200
200
200
200
200
200
200
200
200
200
200
200
200
200
200
200
200
200
200
199.999999999
)
;

boundaryField
{
    frontAndBack
    {
        type            empty;
    }
    leftWall
    {
        type            calculated;
        value           uniform 0;
    }
    outlet
    {
        type            calculated;
        value           uniform 0;
    }
    rightWall
    {
        type            calculated;
        value           uniform 0;
    }
    inlet
    {
        type            calculated;
        value           uniform 2.57699854586e-37;
    }
}


// ************************************************************************* //
