/*--------------------------------*- C++ -*----------------------------------*\
| =========                 |                                                 |
| \\      /  F ield         | OpenFOAM: The Open Source CFD Toolbox           |
|  \\    /   O peration     | Version:  v1906                                 |
|   \\  /    A nd           | Web:      www.OpenFOAM.com                      |
|    \\/     M anipulation  |                                                 |
\*---------------------------------------------------------------------------*/
FoamFile
{
    version     2.0;
    format      ascii;
    class       volScalarField;
    location    "850";
    object      alpha;
}
// * * * * * * * * * * * * * * * * * * * * * * * * * * * * * * * * * * * * * //

dimensions      [0 0 -1 0 0 0 0];


internalField   nonuniform List<scalar> 
9216
(
200
200
200
200
200
200
200
200
200
200
200
200
200
200
200
200
200
200
200
200
200
200
200
200
200
200
200
200
200
200
200
200
200
200
200
200
200
200
200
200
200
200
200
200
200
200
200
200
200
200
200
200
200
200
200
200
200
200
200
200
200
200
200
200
200
200
200
200
200
200
200
200
200
200
200
200
200
200
200
200
200
200
200
200
200
184.18503206
164.303241838
139.769019035
112.342741941
88.3225966009
66.8263825939
49.6245761313
35.6571634017
22.9542812693
13.080191399
1.58590515704
200
200
200
200
200
200
200
200
200
200
200
200
200
200
200
200
200
200
200
200
200
200
200
200
200
200
200
200
200
200
200
200
200
200
200
200
200
200
200
200
200
200
200
200
200
200
200
200
200
200
200
200
200
200
200
200
200
200
200
200
200
200
200
200
200
200
200
200
200
200
200
200
200
200
200
200
200
200
200
200
200
200
200
200
200
197.302602354
177.517171033
151.998224671
128.113599238
101.018389935
77.2981034051
61.2530265214
48.1398239628
31.4306373408
20.7291502956
15.4653828086
200
200
200
200
200
200
200
200
200
200
200
200
200
200
200
200
200
200
200
200
200
200
200
200
200
200
200
200
200
200
200
200
200
200
200
200
200
200
200
200
200
200
200
200
200
200
200
200
200
200
200
200
200
200
200
200
200
200
200
200
200
200
200
200
200
200
200
200
200
200
200
200
200
200
200
200
200
200
200
200
200
200
200
200
200
194.018647788
168.361194058
152.004175773
133.020234933
102.771601044
74.6694389014
65.0960138223
47.7218710876
36.7307207818
32.1389868863
21.8726128695
200
200
200
200
200
200
200
200
200
200
200
200
200
200
200
200
200
200
200
200
200
200
200
200
200
200
200
200
200
200
200
200
200
200
200
200
200
200
200
200
200
200
200
200
200
200
200
200
200
200
200
200
200
200
200
200
200
200
200
200
200
200
200
200
200
200
200
200
200
200
200
200
200
200
200
200
200
200
200
200
200
200
200
200
200
187.156280968
165.85389492
150.060092661
125.833221007
107.156473966
86.697919758
62.9899748192
56.4301304059
47.122998462
41.0548403765
28.6641450485
200
200
200
200
200
200
200
200
200
200
200
200
200
200
200
200
200
200
200
200
200
200
200
200
200
200
200
200
200
200
200
200
200
200
200
200
200
200
200
200
200
200
200
200
200
200
200
200
200
200
200
200
200
200
200
200
200
200
200
200
200
200
200
200
200
200
200
200
200
200
200
200
200
200
200
200
200
200
200
200
200
200
200
200
199.999999997
178.333468765
157.519696442
143.35096113
132.757625902
108.880798707
93.2909863459
72.6558018527
58.5694401291
57.2498518503
53.6521925753
41.2771659336
200
200
200
200
200
200
200
200
200
200
200
200
200
200
200
200
200
200
200
200
200
200
200
200
200
200
200
200
200
200
200
200
200
200
200
200
200
200
200
200
200
200
200
200
200
200
200
200
200
200
200
200
200
200
200
200
200
200
200
200
200
200
200
200
200
200
200
200
200
200
200
200
200
200
200
200
200
200
200
200
200
200
200
200
198.051827229
175.931631697
162.135819597
143.00785194
122.437018147
103.262227885
99.9381909433
87.3922083869
69.6887378032
66.4887953352
65.5774602097
52.7457580415
200
200
200
200
200
200
200
200
200
200
200
200
200
200
200
200
200
200
200
200
200
200
200
200
200
200
200
200
200
200
200
200
200
200
200
200
200
200
200
200
200
200
200
200
200
200
200
200
200
200
200
200
200
200
200
200
200
200
200
200
200
200
200
200
200
200
200
200
200
200
200
200
200
200
200
200
200
200
200
200
200
200
200
200
193.057056986
173.847878203
157.560925951
142.252267617
122.19947199
112.721258171
98.5627641876
96.8724709372
87.6344074534
77.2159902694
76.9784773098
63.7053129263
200
200
200
200
200
200
200
200
200
200
200
200
200
200
200
200
200
200
200
200
200
200
200
200
200
200
200
200
200
200
200
200
200
200
200
200
200
200
200
200
200
200
200
200
200
200
200
200
200
200
200
200
200
200
200
200
200
200
200
200
200
200
200
200
200
200
200
200
200
200
200
200
200
200
200
200
200
200
200
200
200
200
200
200
188.75775311
172.177779348
153.190177882
138.148942582
125.55048064
118.328703579
109.365475787
99.7109879753
99.9936548142
87.0897971001
87.7092566581
74.4903549204
200
200
200
200
200
200
200
200
200
200
200
200
200
200
200
200
200
200
200
200
200
200
200
200
200
200
200
200
200
200
200
200
200
200
200
200
200
200
200
200
200
200
200
200
200
200
200
200
200
200
200
200
200
200
200
200
200
200
200
200
200
200
200
200
200
200
200
200
200
200
200
200
200
200
200
200
200
200
200
200
200
200
200
200
187.806319241
172.305887167
156.29617684
139.612371687
127.939363089
115.503278886
116.907591815
110.913789484
104.690691902
100.227515379
96.7024815541
84.1748296372
200
200
200
200
200
200
200
200
200
200
200
200
200
200
200
200
200
200
200
200
200
200
200
200
200
200
200
200
200
200
200
200
200
200
200
200
200
200
200
200
200
200
200
200
200
200
200
200
200
200
200
200
200
200
200
200
200
200
200
200
200
200
200
200
200
200
197.421902271
168.613109463
121.20978056
65.4470527041
47.8424881356
68.6681399856
115.15648509
150.923163446
175.917577243
191.311509713
198.389998957
199.986172913
199.718016333
199.092828455
199.98639332
200
199.996584544
199.999999871
186.275585618
171.460920808
155.601274697
142.352300481
131.810329226
124.1074528
117.488384455
118.25931404
113.674014964
111.51866387
105.24719339
94.2172986427
200
200
200
200
200
200
200
200
200
200
200
200
200
200
200
200
200
200
200
200
200
200
200
200
200
200
200
200
200
200
200
200
200
200
200
200
200
200
200
200
200
200
200
200
200
200
200
200
200
200
200
200
200
200
200
200
200
200
200
200
200
200
104.441119074
2.72846158331
0.192797205823
0.028497264131
0.00589923251753
0.00145973132012
0.000476984750194
0.000254379237521
0.000267063297036
0.000484919315771
0.00121479271349
0.00386150503676
0.0154013560198
0.0767637182048
0.49934238217
4.56407558684
63.9852662996
180.517505082
198.864955711
199.891853867
199.176685536
199.220163606
184.605223948
167.750963724
154.787850379
144.953624024
139.030136819
132.050138923
126.765350161
119.675045024
121.338490657
123.459678254
113.777157981
102.118482368
200
200
200
200
200
200
200
200
200
200
200
200
200
200
200
200
200
200
200
200
200
200
200
200
200
200
200
200
200
200
200
200
200
200
200
200
200
200
200
200
200
200
200
200
200
200
200
200
200
200
200
200
200
200
200
200
200
200
200
200
1.54884871826
0.00342885924947
3.97257777653e-05
2.19470150115e-06
2.68506187366e-07
4.72472567015e-08
1.04469713293e-08
3.20364518688e-09
1.73945237117e-09
1.81516530742e-09
3.06075642065e-09
6.92994346896e-09
1.95050000609e-08
6.67755938497e-08
2.78042862407e-07
1.42292705548e-06
9.51395622646e-06
8.88662797989e-05
0.00124318165285
0.0241964309924
0.690672884311
31.1205156152
179.58123251
196.813510215
181.660032586
167.64887599
158.007076103
149.99734461
142.336522504
137.228749736
132.466646306
128.864115339
124.226433565
129.335925415
121.427938909
108.317942626
200
200
200
200
200
200
200
200
200
200
200
200
200
200
200
200
200
200
200
200
200
200
200
200
200
200
200
200
200
200
200
200
200
200
200
200
200
200
200
200
200
200
200
200
200
200
200
200
200
200
200
200
200
200
200
200
200
200
0.154978454645
0.000179731399662
1.19171106175e-07
1.86063955783e-10
1.09204636738e-11
1.7966497426e-12
4.34728265228e-13
1.27911686635e-13
5.0902344014e-14
3.48277973635e-14
4.08597456754e-14
6.95662596891e-14
1.50435320018e-13
3.92514975434e-13
1.21430792047e-12
4.409495529e-12
1.8733723695e-11
9.79206304441e-11
6.57278656261e-10
5.96531359343e-09
7.42105048429e-08
1.26336692417e-06
3.04866861861e-05
0.00117002958496
0.0627150770148
4.53577950242
133.930831535
168.912172761
161.660004147
153.468985612
146.017245717
141.155692347
136.509685755
133.088608118
130.96236359
133.128631329
127.859998729
113.815780003
200
200
200
200
200
200
200
200
200
200
200
200
200
200
200
200
200
200
200
200
200
200
200
200
200
200
200
200
200
200
200
200
200
200
200
200
200
200
200
200
200
200
200
200
200
200
200
200
200
200
200
200
200
200
200
200
1.70546906077
0.000101003207973
3.72966870453e-09
9.59895849603e-14
1.96180248452e-15
1.70825256272e-16
3.42760443051e-17
1.01056741403e-17
3.68489630742e-18
2.0264366433e-18
1.83199151714e-18
2.46826188907e-18
4.32879131568e-18
9.16080682494e-18
2.24829660187e-17
6.3410721761e-17
2.06091716247e-16
7.88861141495e-16
3.6327221558e-15
2.06907865401e-14
1.50156298166e-13
1.40447487056e-12
1.59571351808e-11
2.27036606692e-10
4.51396468375e-09
1.28608755572e-07
5.2075874422e-06
0.000272945683659
0.0172634990871
1.58826834671
125.191924532
154.474919195
148.990741062
146.26931999
140.717370059
137.765432531
135.10572609
133.185754598
135.587598933
118.492204721
200
200
200
200
200
200
200
200
200
200
200
200
200
200
200
200
200
200
200
200
200
200
200
200
200
200
200
200
200
200
200
200
200
200
200
200
200
200
200
200
200
200
200
200
200
200
200
200
200
200
200
200
200
200
200
0.000867326845147
2.77612785775e-08
3.74331946198e-15
7.45774942157e-19
6.01057664338e-20
1.07709545602e-20
2.82481890748e-21
1.01101182036e-21
4.80787220172e-22
3.46246993848e-22
3.73483881718e-22
5.33640097811e-22
9.17267359976e-22
1.82834809241e-21
4.21433788145e-21
1.10426452499e-20
3.31253757145e-20
1.14586570234e-19
4.64559069044e-19
2.23413275651e-18
1.30608572019e-17
8.97992997655e-17
7.53448000618e-16
7.89292552888e-15
1.08640477424e-13
1.99659254403e-12
4.43431598859e-11
1.31245865922e-09
5.17335881502e-08
2.17534029945e-06
0.000169322048347
0.0211975555398
7.14257781503
143.789804541
150.101214297
144.829111367
141.580678409
138.269565648
136.448667229
140.689216454
122.406412867
200
200
200
200
200
200
200
200
200
200
200
200
200
200
200
200
200
200
200
200
200
200
200
200
200
200
200
200
200
200
200
200
200
200
200
200
200
200
200
200
200
200
200
200
200
200
200
200
200
200
200
200
200
200
2.59092891699e-05
2.78815723954e-15
7.9887897219e-21
6.99052469658e-23
9.16588174134e-24
2.1984058513e-24
7.51554476075e-25
3.3002488372e-25
1.8964140511e-25
1.59197028913e-25
1.86620600875e-25
2.74682914874e-25
4.7426703737e-25
9.35736682623e-25
2.06492341351e-24
5.18915998995e-24
1.47127258335e-23
4.73188370559e-23
1.72953956795e-22
7.15170233704e-22
3.42501093819e-21
1.92710287109e-20
1.27551253785e-19
1.00489666292e-18
9.67080031251e-18
1.13349522106e-16
1.66231092059e-15
3.20561740815e-14
8.29386164721e-13
2.48001237798e-11
7.93867641097e-10
4.0780262978e-08
3.73705411647e-06
0.000867389782959
0.442967971212
123.662752148
146.866527289
144.062526052
141.853928801
138.878593309
141.665787798
125.202835611
200
200
200
200
200
200
200
200
200
200
200
200
200
200
200
200
200
200
200
200
200
200
200
200
200
200
200
200
200
200
200
200
200
200
200
200
200
200
200
200
200
200
200
200
200
200
200
200
200
200
200
200
200
3.73996997021e-06
1.4628241829e-21
6.29317047157e-25
3.19338722748e-26
5.81327342809e-27
1.62879151432e-27
6.28341244633e-28
3.11160649967e-28
1.9534420329e-28
1.71324473092e-28
2.02082220657e-28
2.95153706435e-28
4.99405859981e-28
9.5155901043e-28
2.04951738783e-27
4.96840691464e-27
1.32890248961e-26
4.02757029783e-26
1.38479417549e-25
5.33019049842e-25
2.28289651763e-24
1.10955632733e-23
6.17299859185e-23
3.84583474954e-22
2.75442193722e-21
2.37598241261e-20
2.45687346892e-19
3.10142794884e-18
4.82179913456e-17
9.54408741948e-16
2.09604483639e-14
6.04266646174e-13
2.39433398108e-11
1.62870784645e-09
2.22497740462e-07
5.46118214943e-05
0.0455994431101
92.5413451035
145.30416939
143.653660572
140.694276874
141.803789128
126.764034928
200
200
200
200
200
200
200
200
200
200
200
200
200
200
200
200
200
200
200
200
200
200
200
200
200
200
200
200
200
200
200
200
200
200
200
200
200
200
200
200
200
200
200
200
200
200
200
200
200
200
200
200
9.86997351372e-07
9.15101677465e-26
6.28038152933e-28
6.3732835313e-29
1.32412962848e-29
3.8472096901e-30
1.47637873955e-30
6.89292470027e-31
4.20477288687e-31
3.45853260217e-31
3.8674270523e-31
5.50889175809e-31
9.88758800844e-31
1.91572085585e-30
4.11694575127e-30
9.65594924344e-30
2.53505285394e-29
7.42680861101e-29
2.40241532792e-28
8.43262869434e-28
3.29068138354e-27
1.39834863744e-26
6.78979585587e-26
3.64643702741e-25
2.16241930033e-24
1.45892360949e-23
1.14193476093e-22
1.0096675416e-21
1.06330168479e-20
1.3889828031e-19
2.03659919474e-18
3.58445440728e-17
7.79329382382e-16
2.50506786568e-14
1.52518425753e-12
1.22277896987e-10
1.98233168643e-08
8.72117491548e-06
0.0121886183585
79.3267836187
143.366827232
142.217842088
140.632788172
127.614340415
200
200
200
200
200
200
200
200
200
200
200
200
200
200
200
200
200
200
200
200
200
200
200
200
200
200
200
200
200
200
200
200
200
200
200
200
200
200
200
200
200
200
200
200
200
200
200
200
200
200
200
3.68406507353e-07
1.1853944395e-28
2.7680208535e-30
6.59482294736e-32
0
0
0
0
0
0
0
0
0
1.40506754251e-33
4.62426172999e-33
2.34495047779e-32
6.99136904979e-32
2.36765230248e-31
8.01336033771e-31
2.8080135747e-30
1.02335312859e-29
4.0252888173e-29
1.70803806475e-28
7.75020398129e-28
3.87323188447e-27
2.139156725e-26
1.35364206838e-25
9.39596882977e-25
7.34690806699e-24
6.7578457931e-23
6.6213332676e-22
7.64577056112e-21
1.11982506712e-19
2.06744361733e-18
5.19873114778e-17
2.28372577356e-15
1.41567578839e-13
1.77190838341e-11
4.08954674764e-09
2.63359674948e-06
0.00776568790744
96.5711255538
142.690761689
139.570997949
128.36514665
200
200
200
200
200
200
200
200
200
200
200
200
200
200
200
200
200
200
200
200
200
200
200
200
200
200
200
200
200
200
200
200
200
200
200
200
200
200
200
200
200
200
200
200
200
200
200
200
200
200
1.59729631502e-07
1.39084662775e-30
0
0
0
0
0
0
0
0
0
0
0
0
0
0
0
1.06130878604e-33
2.91565318138e-33
1.295148256e-32
5.45826053701e-32
2.21979364293e-31
9.16193665288e-31
3.79993080045e-30
1.615534157e-29
7.66880886216e-29
3.80105109355e-28
2.08449564891e-27
1.27997644016e-26
9.12818556855e-26
6.60451866894e-25
5.41467760363e-24
5.25183992961e-23
6.15876320062e-22
9.24245894019e-21
2.1548392216e-19
6.3872814818e-18
2.67369707316e-16
2.33091783899e-14
4.08896699571e-12
1.35602214319e-09
1.66393740649e-06
0.0183604449984
123.492750334
139.920983874
128.834216324
200
200
200
200
200
200
200
200
200
200
200
200
200
200
200
200
200
200
200
200
200
200
200
200
200
200
200
200
200
200
200
200
200
200
200
200
200
200
200
200
200
200
200
200
200
200
200
200
200
1.156976828e-07
1.49198455915e-35
0
0
0
0
0
0
0
0
0
0
0
0
0
0
0
0
0
0
1.02290525406e-34
1.64927265232e-33
4.66901089262e-33
2.09075121053e-32
1.15164079079e-31
4.60678451407e-31
2.34038842543e-30
1.06249558402e-29
5.56449897611e-29
2.83822173473e-28
1.68000948136e-27
1.0411259663e-26
7.64206436059e-26
6.14728879599e-25
5.90134250199e-24
7.23532202175e-23
1.26503436576e-21
2.82133338312e-20
9.40156551772e-19
5.38700455749e-17
5.58486651592e-15
1.38626806796e-12
8.1826603874e-10
3.27816887194e-06
0.166452014195
136.500019589
129.03470328
200
200
200
200
200
200
200
200
200
200
200
200
200
200
200
200
200
200
200
200
200
200
200
200
200
200
200
200
200
200
200
200
200
200
200
200
200
200
200
200
200
200
200
200
200
200
200
200
2.68795068779e-07
0
0
0
0
0
0
0
0
0
0
0
0
0
0
0
0
0
0
0
0
0
0
0
1.0249806352e-33
3.01749487144e-33
1.61506034676e-32
8.04570858825e-32
3.32584826844e-31
1.77461675254e-30
8.48909270177e-30
4.54441774364e-29
2.42553720768e-28
1.61581018674e-27
1.1345752825e-26
9.41384260446e-26
9.2480272878e-25
1.26809914368e-23
2.10172685151e-22
5.50225869159e-21
1.99656134328e-19
1.37702905023e-17
1.94943082298e-15
7.61704802417e-13
1.25636191173e-09
2.02882163402e-05
30.5810433036
126.86254346
200
200
200
200
200
200
200
200
200
200
200
200
200
200
200
200
200
200
200
200
200
200
200
200
200
200
200
200
200
200
200
200
200
200
200
200
200
200
200
200
200
200
200
200
200
200
200
1.02520052805e-06
0
0
0
0
0
0
0
0
0
0
0
0
0
0
0
0
0
0
0
0
0
0
0
0
0
0
7.90552222555e-34
2.99385595334e-33
1.43166191967e-32
7.30710491933e-32
3.3786050964e-31
1.86926843031e-30
9.26693850539e-30
5.32204230824e-29
3.4169875326e-28
2.31255260884e-27
1.90994811517e-26
2.11784481807e-25
2.57097985355e-24
4.49529654196e-23
1.2034624094e-21
5.768585528e-20
5.11869316971e-18
1.03917114246e-15
9.86296366812e-13
5.71597264604e-09
0.0011730382028
120.725969246
200
200
200
200
200
200
200
200
200
200
200
200
200
200
200
200
200
200
200
200
200
200
200
200
200
200
200
200
200
200
200
200
200
200
200
200
200
200
200
200
200
200
200
200
200
200
1.73745708831e-05
0
0
0
0
0
0
0
0
0
0
0
0
0
0
0
0
0
0
0
0
0
0
0
0
0
0
0
0
0
7.53561605229e-34
3.35679721923e-33
1.77159972008e-32
9.44703173402e-32
4.60474754228e-31
2.76656383632e-30
1.50476089625e-29
9.49906744387e-29
6.41756133051e-28
5.05024962828e-27
5.6070791935e-26
6.93473456438e-25
1.38812129836e-23
4.28108801791e-22
2.36505838751e-20
2.89484767028e-18
1.16130505308e-15
3.63956785018e-12
1.51955453132e-07
65.4855193658
200
200
200
200
200
200
200
200
200
200
200
200
200
200
200
200
200
200
200
200
200
200
200
200
200
200
200
200
200
200
200
200
200
200
200
200
200
200
200
200
200
200
200
200
200
200
0
0
0
0
0
0
0
0
0
0
0
0
0
0
0
0
0
0
0
0
0
0
0
0
0
0
0
0
0
0
0
0
9.85695054338e-34
4.63199608984e-33
2.57131539949e-32
1.45856933176e-31
8.53320480459e-31
4.83869754583e-30
3.25822734212e-29
2.17673480796e-28
1.86517946851e-27
1.82115246772e-26
2.71652466352e-25
5.71226388885e-24
2.00197173961e-22
1.39887710952e-20
2.98691382167e-18
3.15448695888e-15
5.55821414764e-11
0.00168293166153
200
200
200
200
200
200
200
200
200
200
200
200
200
200
200
200
200
200
200
200
200
200
200
200
200
200
200
200
200
200
200
200
200
200
200
200
200
200
200
200
200
200
200
200
200
0
0
0
0
0
0
0
0
0
0
0
0
0
0
0
0
0
0
0
0
0
0
0
0
0
0
0
0
0
0
0
0
0
0
0
1.58653425805e-33
8.17189780205e-33
6.37157174875e-32
3.3134155032e-31
2.09717767109e-30
1.43194745097e-29
8.95309607094e-29
7.50001417448e-28
8.50253202819e-27
1.32353516975e-25
2.95033345109e-24
1.21857580303e-22
1.34820976299e-20
6.35866472196e-18
3.43775207954e-14
7.99703260831e-08
200
200
200
200
200
200
200
200
200
200
200
200
200
200
200
200
200
200
200
200
200
200
200
200
200
200
200
200
200
200
200
200
200
200
200
200
200
200
200
200
200
200
200
200
200
0
0
0
0
0
0
0
0
0
0
0
0
0
0
0
0
0
0
0
0
0
0
0
0
0
0
0
0
0
0
0
0
0
0
0
0
4.81674343389e-34
3.54876398572e-33
2.60191391079e-32
1.58193082751e-31
1.06640692684e-30
7.05882091658e-30
4.90152759395e-29
4.10199896251e-28
4.47479309089e-27
7.34344576569e-26
1.82271645314e-24
1.12925394548e-22
2.44391601042e-20
4.54769669504e-17
1.4071202147e-11
200
200
200
200
200
200
200
200
200
200
200
200
200
200
200
200
200
200
200
200
200
200
200
200
200
200
200
200
200
200
200
200
200
200
200
200
200
200
200
200
200
200
200
200
200
0
0
0
0
0
0
0
0
0
0
0
0
0
0
0
0
0
0
0
0
0
0
0
0
0
0
0
0
0
0
0
0
0
0
0
0
0
0
1.68179159566e-33
1.41357130914e-32
8.4988204942e-32
6.357630903e-31
3.98672305089e-30
2.60363776208e-29
2.16303350608e-28
2.75659802104e-27
4.80488323684e-26
1.71603295496e-24
1.7559939578e-22
1.3380642219e-19
4.45618750553e-15
200
200
200
200
200
200
200
200
200
200
200
200
200
200
200
200
200
200
200
200
200
200
200
200
200
200
200
200
200
200
200
200
200
200
200
200
200
200
200
200
200
200
200
200
0
0
0
0
0
0
0
0
0
0
0
0
0
0
0
0
0
0
0
0
0
0
0
0
0
0
0
0
0
0
0
0
0
0
0
0
0
0
0
0
7.55596798152e-34
8.8216296306e-33
6.13490574214e-32
4.3278117508e-31
2.65995637947e-30
2.13295651065e-29
1.66152119023e-28
2.24470899581e-27
5.2300682809e-26
2.48335649572e-24
7.13591895574e-22
4.4280394413e-18
200
200
200
200
200
200
200
200
200
200
200
200
200
200
200
200
200
200
200
200
200
200
200
200
200
200
200
200
200
200
200
200
200
200
200
200
200
200
200
200
200
200
200
200
0
0
0
0
0
0
0
0
0
0
0
7.12607628601e-34
3.56529030056e-33
5.49779366679e-33
9.43320767059e-33
0
0
0
0
0
0
0
0
0
0
0
0
0
0
0
0
0
0
0
0
0
0
0
0
0
0
3.20106774384e-34
6.07604917887e-33
5.43781261612e-32
3.61131287939e-31
2.39771334603e-30
1.86503148304e-29
1.79798263103e-28
2.62520447371e-27
7.16621462013e-26
8.16185843167e-24
1.1562414226e-20
200
200
200
9.05342824955e-37
0
0
0
0
0
0
0
0
0
0
0
0
0
0
0
0
0
0
0
1.13150142321e-31
1.64165795126e-29
200
200
200
200
200
200
200
200
200
200
200
200
200
200
200
200
200
200
200
0
0
0
0
0
0
0
0
0
2.47239762665e-33
4.09974416086e-32
2.52791580206e-31
1.80839140466e-30
1.19070519496e-29
2.26241767043e-29
3.17131794879e-29
8.5286711677e-31
5.7913795794e-32
0
0
0
0
0
0
0
0
0
0
0
0
0
0
0
0
0
0
0
0
0
0
0
0
5.6495137259e-35
5.10596482466e-33
4.08572672129e-32
2.88513422004e-31
2.31937003826e-30
1.86992338051e-29
1.82117869649e-28
3.70438396778e-27
1.9582496837e-25
7.74646496423e-23
1.12713657989e-37
5.93229778891e-38
0
0
0
0
0
0
0
0
0
0
0
0
0
0
0
0
0
0
0
0
0
0
0
0
0
0
0
0
6.49756474647e-31
8.8971755978e-29
200
200
200
200
200
200
200
200
200
200
200
0
0
0
0
0
0
0
0
6.17647989047e-34
5.33408493031e-32
2.69928710578e-30
2.36904301731e-28
200
200
200
200
200
200
200
200
200
200
200
199.99817689
0
0
0
0
0
0
0
0
0
0
0
0
0
0
0
0
0
0
0
0
2.22007164593e-36
5.93311220963e-33
4.69424261248e-32
4.17441727637e-31
3.15931905254e-30
2.65593576392e-29
3.44153363666e-28
9.2796057866e-27
1.2735152805e-24
0
0
0
0
0
0
0
0
0
0
0
0
0
0
0
0
0
0
0
0
0
0
0
0
0
0
0
0
0
0
0
0
0
0
0
8.91686033409e-31
4.36516447433e-29
200
200
200
200
200
200
0
0
0
0
0
0
0
6.67549189875e-33
1.55596164813e-30
1.18743465195e-27
200
200
200
200
200
200
200
200
200
200
200
200
200
200
199.998967357
0
0
0
0
0
0
0
0
0
0
0
0
0
0
0
0
0
0
0
0
2.13894657393e-34
8.52430957927e-33
7.51381989847e-32
5.34454737921e-31
5.02506113406e-30
4.98598328699e-29
7.94596811432e-28
4.83906772176e-26
0
0
0
0
0
0
0
0
0
0
0
0
0
0
0
0
0
0
0
0
0
0
0
0
0
0
0
0
0
0
0
0
0
0
0
0
0
0
7.33535522856e-33
6.49887612604e-31
8.15398230173e-30
1.89426621484e-29
4.26935629048e-31
0
0
0
0
0
0
6.78108131418e-32
4.33480354286e-29
200
200
200
200
200
200
200
200
200
200
200
200
200
200
200
200
200
199.998922637
0
0
0
0
0
0
0
0
0
0
0
0
0
0
0
0
0
0
0
0
6.70907962196e-34
1.65927529731e-32
1.15141638289e-31
9.37748492975e-31
8.34990932393e-30
1.14672185945e-28
3.35533510327e-27
0
0
0
0
0
0
0
0
0
0
0
0
0
0
0
0
0
0
0
0
0
0
0
0
0
0
0
0
0
0
0
0
0
0
0
0
0
0
0
0
0
0
4.91684903147e-32
0
0
8.73458215608e-36
1.49972398354e-35
9.36574330487e-34
5.4144461174e-31
2.67949808126e-27
200
200
200
200
200
200
200
200
200
200
200
200
200
200
200
200
200
200
200
199.99864969
0
0
0
0
0
0
0
0
0
0
0
0
0
0
0
0
0
0
0
0
1.97923069158e-33
3.07266694943e-32
2.57647739612e-31
2.26452729842e-30
2.44255335513e-29
3.95257774462e-28
0
0
0
0
0
0
0
0
0
0
0
0
0
0
0
0
0
0
0
0
0
0
0
0
0
0
0
0
0
0
0
0
0
0
0
0
0
0
0
0
0
0
0
0
1.11045099441e-35
7.25768880691e-35
5.66687311528e-33
1.10152797301e-30
4.07578643878e-25
200
200
200
200
200
200
200
200
200
200
200
200
200
200
200
200
200
200
200
200
200
199.99833295
0
0
0
0
0
0
0
0
0
0
0
0
0
0
0
0
0
0
0
0
6.6112273431e-33
6.12606183654e-32
7.03736805096e-31
6.93172453853e-30
7.66621848861e-29
0
0
0
0
0
0
0
0
0
0
0
0
0
0
0
0
0
0
0
0
0
0
0
0
0
0
0
0
0
0
0
0
0
0
0
0
0
0
0
0
0
0
0
0
0
3.797524696e-33
4.26658139229e-31
200
200
200
200
200
200
200
200
200
200
200
200
200
200
200
200
200
200
200
200
200
200
200
200
199.997459153
0
0
0
0
0
0
0
0
0
0
0
0
0
0
0
0
0
0
0
9.53637602484e-34
2.2035036587e-32
1.83424409086e-31
2.06110221437e-30
2.07640509191e-29
0
0
0
0
0
0
0
0
0
0
0
0
0
0
0
0
0
0
0
0
0
0
0
0
0
0
0
0
0
0
0
0
0
0
0
0
0
0
0
0
0
0
0
0
0
0
3.95476989304e-29
200
200
200
200
200
200
200
200
200
200
200
200
200
200
200
200
200
200
200
200
200
200
200
200
200
182.274123761
0
0
0
0
0
0
0
0
0
0
0
0
0
0
0
0
0
0
0
5.99285392899e-33
7.08076723435e-32
7.82019566184e-31
6.99345608615e-30
0
0
0
0
0
0
0
0
0
0
0
0
0
0
0
0
0
0
0
0
0
0
0
0
0
0
0
0
0
0
0
0
0
0
0
0
0
0
0
0
0
0
0
0
0
0
0
0
8.26342724261e-37
200
200
200
200
200
200
200
200
200
200
200
200
200
200
200
200
200
200
200
200
200
200
200
200
0
0
0
0
0
0
0
0
0
0
0
0
0
0
0
0
0
0
0
1.65034867166e-33
3.05369391188e-32
3.40499692854e-31
2.85830814135e-30
0
0
0
0
0
0
0
0
0
0
0
0
0
0
0
0
0
0
0
0
0
0
0
0
0
0
0
0
0
0
0
0
0
0
0
0
0
0
0
0
0
0
0
0
0
0
0
0
0
7.43708451835e-37
9.95797744292e-36
5.72393576834e-30
200
200
200
200
200
200
200
200
200
200
200
200
200
200
200
200
200
200
200
200
200
186.613565297
0
0
0
0
0
0
0
0
0
0
0
0
0
0
0
0
0
0
4.11609649595e-34
1.49480298058e-32
1.67603486504e-31
1.37753794458e-30
0
0
0
0
0
0
0
0
0
0
0
0
0
0
0
0
0
0
0
0
0
0
0
0
0
0
0
0
0
0
0
0
0
0
0
0
0
0
0
0
0
0
0
0
0
0
0
0
0
0
6.69337606651e-37
3.75995121124e-36
4.62382922071e-35
2.10872482085e-29
200
200
200
200
200
200
200
200
200
200
200
200
200
200
200
200
200
200
200
200
0
0
0
0
0
0
0
0
0
0
0
0
0
0
0
0
0
0
0
6.81701085432e-33
8.40689770844e-32
7.60448282498e-31
0
0
0
0
0
0
0
0
0
0
0
0
0
0
0
0
0
0
0
0
0
0
0
0
0
0
0
0
0
0
0
0
0
0
0
0
0
0
0
0
0
0
0
0
0
0
0
0
0
0
0
1.27174145264e-36
2.84179262873e-36
3.97149012797e-35
1.13985752778e-34
4.32937658076e-28
200
200
200
200
200
200
200
200
200
200
200
200
200
200
200
200
200
200
48.6966161866
0
0
0
0
0
0
0
0
0
0
0
0
0
0
0
0
0
0
3.34674760375e-33
4.59516950919e-32
4.69217842194e-31
0
0
0
0
0
0
0
0
0
0
0
0
0
0
0
0
0
0
0
0
0
0
0
0
0
0
0
0
0
0
0
0
0
0
0
0
0
0
0
0
0
0
0
0
0
0
0
0
0
0
0
0
1.14456730737e-36
2.55761336586e-36
3.52554640365e-35
7.76739307656e-35
8.67473519538e-30
200
200
200
200
200
200
200
200
200
200
200
200
200
200
200
200
200
200
0
0
0
0
0
0
0
0
0
0
0
0
0
0
0
0
0
0
2.04632338755e-33
3.45848487932e-32
3.17179045524e-31
0
0
0
0
0
0
0
0
0
0
0
0
0
0
0
0
0
0
0
0
0
0
0
0
0
0
0
0
0
0
0
0
0
0
0
0
0
0
0
0
0
0
0
0
0
0
0
0
0
0
0
0
0
1.63251442262e-36
5.5844390084e-36
2.70625820489e-35
4.19860748892e-35
8.43573053589e-31
200
200
200
200
200
200
200
200
200
200
200
200
200
200
200
200
200
0
0
0
0
0
0
0
0
0
0
0
0
0
0
0
0
0
0
1.21282620439e-33
2.77849349486e-32
2.36705520907e-31
0
0
0
0
0
0
0
0
0
0
0
0
0
0
0
0
0
0
0
0
0
0
0
0
0
0
0
0
0
0
0
0
0
0
0
0
0
0
0
0
0
0
0
0
0
0
0
0
0
0
0
0
0
4.87947115249e-37
1.03011057664e-36
8.54427452679e-36
2.27578923151e-35
3.75974515816e-35
3.65464709487e-35
200
200
200
200
200
200
200
200
200
200
200
200
200
200
200
200
0
0
0
0
0
0
0
0
0
0
0
0
0
0
0
0
0
0
1.0031703931e-33
2.24097681622e-32
1.94548667945e-31
0
0
0
0
0
0
0
0
0
0
0
0
0
0
0
0
0
0
0
0
0
0
0
0
0
0
0
0
0
0
0
0
0
0
0
0
0
0
0
0
0
0
0
0
0
0
0
0
0
0
0
0
0
4.87947115249e-37
9.27099518972e-37
9.27099518972e-37
9.02228726819e-36
2.19220400291e-35
3.30550396461e-35
3.15098471908e-35
200
200
200
200
200
200
200
200
200
200
200
200
200
200
200
0
0
0
0
0
0
0
0
0
0
0
0
0
0
0
0
0
0
9.24905749579e-34
2.19465216436e-32
1.80392468166e-31
0
0
0
0
0
0
0
0
0
0
0
0
0
0
0
0
0
0
0
0
0
0
0
0
0
0
0
0
0
0
0
0
0
0
0
0
0
0
0
0
0
0
0
0
0
0
0
0
0
0
0
0
0
0
9.27099518972e-37
9.27099518972e-37
9.27099518972e-37
1.09419287764e-35
2.51729697794e-35
2.71575163572e-35
1.38946110478e-31
200
200
200
200
200
200
200
200
200
200
200
200
200
200
0
0
0
0
0
0
0
0
0
0
0
0
0
0
0
0
0
0
9.46759883665e-34
2.17219999945e-32
1.84688299154e-31
0
0
0
0
0
0
0
0
0
0
0
0
0
0
0
0
0
0
0
0
0
0
0
0
0
0
0
0
0
0
0
0
0
0
0
0
0
0
0
0
0
0
0
0
0
0
0
0
0
0
0
0
0
0
0
9.27099518972e-37
9.27099518972e-37
9.27099518972e-37
1.30748637856e-35
1.96574655266e-35
1.89978226536e-35
2.96852850857e-30
200
200
200
200
200
200
200
200
200
200
200
200
200
0
0
0
0
0
0
0
0
0
0
0
0
0
0
0
0
0
0
1.31610050606e-33
2.27163628336e-32
2.03775541374e-31
0
0
0
0
0
0
0
0
0
0
0
0
0
0
0
0
0
0
0
0
0
0
0
0
0
0
0
0
0
0
0
0
0
0
0
0
0
0
0
0
0
0
0
0
0
0
0
0
0
0
0
0
0
0
0
0
0
4.87947115249e-37
1.46926298036e-36
1.24022508203e-35
1.63629501561e-35
1.17782749586e-35
200
200
200
200
200
200
200
200
200
200
200
200
200
0
0
0
0
0
0
0
0
0
0
0
0
0
0
0
0
0
0
1.80705793498e-33
3.07639616642e-32
2.40095591669e-31
0
0
0
0
0
0
0
0
0
0
0
0
0
0
0
0
0
0
0
0
0
0
0
0
0
0
0
0
0
0
0
0
0
0
0
0
0
0
0
0
0
0
0
0
0
0
0
0
0
0
0
0
0
0
0
0
0
0
2.55761336586e-36
3.38395609012e-36
3.04556048111e-36
6.15418654357e-36
7.91264113166e-34
200
200
200
200
200
200
200
200
200
200
200
200
0
0
0
0
0
0
0
0
0
0
0
0
0
0
0
0
0
0
2.65762039951e-33
3.97071748725e-32
3.01096414266e-31
0
0
0
0
0
0
0
0
0
0
0
0
0
0
0
0
0
0
0
0
0
0
0
0
0
0
0
0
0
0
0
0
0
0
0
0
0
0
0
0
0
0
0
0
0
0
0
0
0
0
0
0
0
0
0
0
0
0
6.69337606651e-37
2.84179262873e-36
4.30211467263e-36
3.38395609012e-36
1.68520774464e-34
200
200
200
200
200
200
200
200
200
200
200
200
0
0
0
0
0
0
0
0
0
0
0
0
0
0
0
0
0
0
4.53774292686e-33
5.06181279713e-32
3.71874502796e-31
0
0
0
0
0
0
0
0
0
0
0
0
0
0
0
0
0
0
0
0
0
0
0
0
0
0
0
0
0
0
0
0
0
0
0
0
0
0
0
0
0
0
0
0
0
0
0
0
0
0
0
0
0
0
0
0
0
0
0
0
3.15754736526e-36
4.78012741403e-36
6.84197657698e-35
1.43710927918e-33
200
200
200
200
200
200
200
200
200
200
200
4.87947115249e-37
0
0
0
0
0
0
0
0
0
0
0
0
0
0
0
0
2.52266541294e-34
7.92570109731e-33
7.2735757119e-32
4.41104304166e-31
0
0
0
0
0
0
0
0
0
0
0
0
0
0
0
0
0
0
0
0
0
0
0
0
0
0
0
0
0
0
0
0
0
0
0
0
0
0
0
0
0
0
0
0
0
0
0
0
0
0
0
0
0
0
0
0
0
0
0
0
0
3.5083859614e-36
7.71554910806e-35
5.40425162453e-34
200
200
200
200
200
200
200
200
200
200
200
4.87947115249e-37
4.87947115249e-37
0
0
0
0
0
0
0
0
0
0
0
0
0
0
0
7.96961744226e-34
1.3183670712e-32
1.09563588496e-31
1.139086041e-30
0
0
0
0
0
0
0
0
0
0
0
0
0
0
0
0
0
0
0
0
0
0
0
0
0
0
0
0
0
0
0
0
0
0
0
0
0
0
0
0
0
0
0
0
0
0
0
0
0
0
0
0
0
0
0
0
0
0
0
0
0
0
3.33335090613e-35
1.79319461698e-34
200
200
200
200
200
200
200
200
200
200
200
4.87947115249e-37
4.87947115249e-37
4.87947115249e-37
0
0
0
0
0
0
0
0
0
0
0
0
0
0
2.02174185229e-33
2.09476955733e-32
1.49251859587e-31
3.69812393446e-30
0
0
0
0
0
0
0
0
0
0
0
0
0
0
0
0
0
0
0
0
0
0
0
0
0
0
0
0
0
0
0
0
0
0
0
0
0
0
0
0
0
0
0
0
0
0
0
0
0
0
0
0
0
0
0
0
0
0
0
0
0
0
0
1.69212958873e-34
200
200
200
200
200
200
200
200
200
200
0
4.39152403724e-37
4.87947115249e-37
4.87947115249e-37
4.87947115249e-37
0
0
0
0
0
0
0
0
0
0
0
0
2.18357243967e-35
3.69586841037e-33
3.77938687832e-32
1.88907230715e-31
6.68012818809e-30
0
0
0
0
0
0
0
0
0
0
0
0
0
0
0
0
0
0
0
0
0
0
0
0
0
0
0
0
0
0
0
0
0
0
0
0
0
0
0
0
0
0
0
0
0
0
0
0
0
0
0
0
0
0
0
0
0
0
0
0
0
0
0
1.54680889687e-34
200
200
200
200
200
200
200
200
200
200
0
0
4.39152403724e-37
4.87947115249e-37
4.87947115249e-37
0
0
0
0
0
0
0
0
0
0
0
0
6.46299316464e-34
6.27165677789e-33
4.86439137575e-32
2.05382055806e-31
1.10851148817e-29
0
0
0
0
0
0
0
0
0
0
0
0
0
0
0
0
0
0
0
0
0
0
0
0
0
0
0
0
0
0
0
0
0
0
0
0
0
0
0
0
0
0
0
0
0
0
0
0
0
0
0
0
0
0
0
0
0
0
0
0
0
0
0
0
200
200
200
200
200
200
200
200
200
0
0
0
0
4.87947115249e-37
4.87947115249e-37
4.87947115249e-37
0
0
0
0
0
0
0
0
0
0
0
1.32211355813e-33
1.32229300625e-32
6.45049458237e-32
4.28849234748e-31
1.55396912119e-29
0
0
0
0
0
0
0
0
0
0
0
0
0
0
0
0
0
0
0
0
0
0
0
0
0
0
0
0
0
0
0
0
0
0
0
0
0
0
0
0
0
0
0
0
0
0
0
0
0
0
0
0
0
0
0
0
0
0
0
0
0
0
0
0
200
200
200
200
200
200
200
200
0
0
0
0
0
0
4.87947115249e-37
4.87947115249e-37
0
0
0
0
0
0
0
0
0
0
3.41832080554e-34
2.49027700059e-33
1.52088948814e-32
6.16303444744e-32
9.52766077236e-31
2.40851717496e-29
0
0
0
0
0
0
0
0
0
0
0
0
0
0
0
0
0
0
0
0
0
0
0
0
0
0
0
0
0
0
0
0
0
0
0
0
0
0
0
0
0
0
0
0
0
0
0
0
0
0
0
0
0
0
0
0
0
0
0
0
0
0
0
0
200
200
200
200
200
200
200
0
0
0
0
0
0
0
0
4.87947115249e-37
0
0
0
0
0
0
0
0
0
0
9.5909603835e-34
5.10592698382e-33
1.77045276531e-32
4.30601897659e-32
1.12466550008e-30
3.59045195366e-29
0
0
0
0
0
0
0
0
0
0
0
0
0
0
0
0
0
0
0
0
0
0
0
0
0
0
0
0
0
0
0
0
0
0
0
0
0
0
0
0
0
0
0
0
0
0
0
0
0
0
0
0
0
0
0
0
0
0
0
0
0
0
0
7.90235305334
200
200
200
200
200
200
0
0
0
0
0
0
0
0
0
0
0
0
0
0
0
0
0
0
0
3.78479083095e-34
1.41071187393e-33
5.67111767272e-33
1.04980076687e-32
9.64687547057e-32
1.72184295095e-30
5.08654287285e-29
0
0
0
0
0
0
0
0
0
0
0
0
0
0
0
0
0
0
0
0
0
0
0
0
0
0
0
0
0
0
0
0
0
0
0
0
0
0
0
0
0
0
0
0
0
0
0
0
0
0
0
0
0
0
0
0
0
0
0
0
0
0
0
200
200
200
200
200
200
0
0
0
0
0
0
0
0
0
0
0
0
0
0
0
0
0
0
0
0
1.04288100957e-33
3.88134274491e-33
6.51990992741e-33
1.86498017437e-33
9.35826692791e-32
2.92023200133e-30
5.4792014283e-29
0
0
0
0
0
0
0
0
0
0
0
0
0
0
0
0
0
0
0
0
0
0
0
0
0
0
0
0
0
0
0
0
0
0
0
0
0
0
0
0
0
0
0
0
0
0
0
0
0
0
0
0
0
0
0
0
0
0
0
0
0
0
0
200
200
200
200
0
0
0
0
0
0
0
0
0
0
0
0
0
0
0
0
0
0
0
0
0
5.88885515535e-34
2.16591031766e-33
7.04361594237e-33
1.1902866037e-32
7.79467195109e-34
2.40641534586e-32
4.88171428307e-30
5.05324490971e-29
0
0
0
0
0
0
0
0
0
0
0
0
0
0
0
0
0
0
0
0
0
0
0
0
0
0
0
0
0
0
0
0
0
0
0
0
0
0
0
0
0
0
0
0
0
0
0
0
0
0
0
0
0
0
0
0
0
0
0
0
0
0
0
200
0
0
0
0
0
0
0
0
0
0
0
0
0
0
0
0
0
0
0
0
0
0
0
3.93841681224e-34
1.02194612913e-33
2.78853899659e-33
6.66745431963e-33
7.54888982904e-33
2.3528166527e-32
9.45226220882e-32
2.47066240409e-30
2.72694325985e-29
0
0
0
0
0
0
0
0
0
0
0
0
0
0
0
0
0
0
0
0
0
0
0
0
0
0
0
0
0
0
0
0
0
0
0
0
0
0
0
0
0
0
0
0
0
0
0
0
0
0
0
0
0
0
0
0
0
0
0
0
0
0
0
0
0
0
0
0
0
0
0
0
0
0
0
0
0
0
0
0
0
0
0
0
0
0
2.65769852178e-34
1.31172416471e-33
2.0298444447e-33
2.8395835171e-33
2.95376155236e-33
1.38290400687e-31
1.72077616327e-31
3.21515228506e-31
1.84380906683e-30
4.36201699249e-29
1.12713657989e-37
0
0
0
0
0
0
0
0
0
0
0
0
0
0
0
0
0
0
0
0
0
0
0
0
0
0
0
0
0
0
0
0
0
0
0
0
0
0
0
0
0
0
0
0
0
0
0
0
0
0
0
0
0
0
0
0
0
0
0
0
0
0
0
0
0
0
0
0
0
0
0
0
0
0
0
0
0
0
0
0
0
0
0
0
2.36244247323e-34
1.43625202314e-33
2.16463659459e-33
2.36245545569e-33
4.70048538258e-33
3.4289076551e-32
3.82894358839e-32
5.77704434088e-32
1.35976067235e-31
7.976099042e-31
2.54834479285e-29
200
200
2.71413610695e-37
0
0
0
0
0
0
0
0
0
0
0
0
0
0
0
0
0
0
0
0
0
0
0
0
0
0
0
0
0
0
0
0
0
0
0
0
0
0
0
0
0
0
0
0
0
0
0
0
0
0
0
0
0
0
0
0
0
0
0
0
0
0
0
0
0
0
0
0
0
0
0
0
0
0
0
0
0
0
0
0
0
3.7502750357e-34
1.60226324427e-33
1.58853079495e-33
2.94423742236e-33
1.42492821804e-32
1.26751527327e-32
1.36978703043e-32
2.17719616467e-32
3.82960486539e-32
9.3101518157e-32
5.20962180437e-31
2.3400273808e-29
200
200
200
200
200
0
0
0
0
0
0
0
0
0
0
0
0
0
0
0
0
0
0
0
0
0
0
0
0
0
0
0
0
0
0
0
0
0
0
0
0
0
0
0
0
0
0
0
0
0
0
0
0
0
0
0
0
0
0
0
0
0
0
0
0
0
0
0
0
0
0
0
0
0
0
0
0
0
0
1.63251442262e-36
1.81390491402e-36
1.14456730737e-36
1.82516953608e-34
1.26311101869e-33
1.64359671268e-33
1.60410626166e-33
8.30275033744e-33
7.92292345184e-33
8.06784840527e-33
9.38021893866e-33
1.19060053148e-32
1.59569214352e-32
2.24309837201e-32
4.0483537659e-32
2.03349813997e-31
1.65905199295e-29
200
200
200
200
200
27.2222241905
1.8557680802e-36
0
0
0
0
0
0
0
0
0
0
0
0
0
0
0
0
0
0
0
0
0
0
0
0
0
0
0
0
0
0
0
0
0
0
0
0
0
0
0
0
0
0
0
0
0
0
0
0
0
0
0
0
0
0
0
0
0
0
0
0
0
0
0
0
0
0
7.05868374862e-34
9.00136665001e-34
5.91816439111e-33
9.03195689687e-33
2.00509082501e-32
2.64549734303e-32
3.05251752657e-32
3.27541907682e-32
2.23667399715e-32
4.18610162333e-33
1.42282659932e-33
7.98682214895e-33
5.88429417363e-33
5.58549150238e-33
6.27193377333e-33
7.38359889852e-33
8.60665102572e-33
1.02870168997e-32
1.27838299355e-32
1.61284594484e-32
2.20631179685e-32
4.75543388686e-32
9.8586492387e-30
200
200
200
200
2.20395774121e-26
1.35992150891e-30
1.00671469679e-29
2.84325840435e-30
4.92698695462e-37
0
0
0
0
0
0
0
0
0
0
0
0
0
0
0
0
0
0
0
0
0
0
0
0
0
0
0
0
0
0
0
0
0
0
0
0
0
0
0
0
0
0
0
0
0
0
0
0
0
0
0
0
0
0
0
0
0
0
0
0
0
0
7.66538759927e-33
4.05702962898e-32
8.2757734015e-32
1.2654569102e-31
1.50875211716e-31
1.62387339289e-31
1.8151075664e-31
1.6205005339e-31
1.45447016989e-31
1.02346167223e-31
3.99663450007e-32
1.65810280372e-32
7.34813776379e-33
5.03998568647e-33
5.03170980544e-33
5.55360676906e-33
6.15598985331e-33
6.94514882881e-33
7.90277907061e-33
9.12139030921e-33
1.07270136582e-32
1.27396548243e-32
1.55207279133e-32
2.13812254314e-32
4.65499675281e-30
200
200
200
1.44601667401e-26
2.10479049356e-29
2.30303973406e-30
3.574813582e-31
2.44278994356e-33
5.10783615983e-33
5.31643736805e-35
0
0
0
0
0
0
0
0
0
0
0
0
0
0
0
0
0
0
0
0
0
0
0
0
0
0
0
0
0
0
0
0
0
0
0
0
0
0
0
0
0
0
0
0
0
0
0
0
0
0
0
0
0
0
0
0
0
0
0
0
0
3.72464678351e-32
1.0772447098e-31
1.16510931274e-31
1.20688079943e-31
1.31130304873e-31
1.40352415415e-31
1.49099064588e-31
1.52035927326e-31
1.44813938587e-31
1.29843877982e-31
1.0407030342e-31
2.22097067498e-32
8.5382845978e-33
6.35797011538e-33
5.73532118036e-33
5.80569601395e-33
6.15311135701e-33
6.72483577039e-33
7.44893660795e-33
8.35049495457e-33
9.4496522134e-33
1.0774783243e-32
1.23841485191e-32
1.47866272154e-32
1.87225556575e-30
200
71.0293075507
5.60216486917e-27
3.56448123745e-29
3.31089484764e-30
1.15024711862e-31
6.30695679893e-33
1.60236898633e-33
9.45659826026e-34
2.19788389531e-33
3.01513994277e-33
2.22021359073e-36
0
0
0
0
0
0
0
0
0
0
0
0
0
0
0
0
0
0
0
0
0
0
0
0
0
0
0
0
0
0
0
0
0
0
0
0
0
0
0
0
0
0
0
0
0
0
0
0
0
0
0
0
0
0
0
0
0
0
0
8.54365644095e-32
1.24902058577e-31
1.30403211225e-31
1.34656324999e-31
1.41293139258e-31
1.4712189887e-31
1.53526260735e-31
1.57777735957e-31
1.63517009483e-31
1.65623690696e-31
1.54092216028e-31
6.86372065702e-32
1.39883191857e-32
8.38584730979e-33
6.67800506655e-33
6.27984701916e-33
6.36020240675e-33
6.68603704519e-33
7.20326769646e-33
7.87326681905e-33
8.65759682627e-33
9.57738290368e-33
1.06104997919e-32
1.19776895965e-32
6.9583139138e-31
1.18347179942e-25
2.07765781008e-27
4.88954904042e-29
3.90021890986e-30
2.41675728951e-31
8.85238074494e-33
2.19116265716e-33
1.26591609489e-33
1.05096879629e-33
1.29735453042e-33
1.05044220638e-33
1.7796358442e-33
2.63770888319e-35
0
0
0
0
0
0
0
0
0
0
0
0
0
0
0
0
0
0
0
0
0
0
0
0
0
0
0
0
0
0
0
0
0
0
0
0
0
0
0
0
0
0
0
0
0
0
0
0
0
0
0
0
0
0
0
0
0
0
7.76301181381e-32
1.37141679755e-31
1.38791845799e-31
1.48509390581e-31
1.53762855309e-31
1.57241671345e-31
1.61726916967e-31
1.66346300822e-31
1.73486653892e-31
1.85687602071e-31
1.95095580077e-31
1.26862404728e-31
2.19949538038e-32
1.07537812448e-32
7.94013798477e-33
6.97853059923e-33
6.7436995814e-33
6.84096160476e-33
7.16641716315e-33
7.63149784982e-33
8.20510636715e-33
8.87052848016e-33
9.58158154771e-33
1.04733069242e-32
2.06607591619e-31
6.03105383758e-28
5.27272354636e-29
5.01817398012e-30
3.85219185786e-31
1.14435368004e-32
1.97201386015e-33
1.24947064436e-33
9.45871916659e-34
8.51093843424e-34
8.50982216775e-34
7.85668262372e-34
6.88498405053e-34
1.60148321907e-33
4.24189526893e-34
0
0
0
0
0
0
0
0
0
0
0
0
0
0
0
0
0
0
0
0
0
0
0
0
0
0
0
0
0
0
0
0
0
0
0
0
0
0
0
0
0
0
0
0
0
0
0
0
0
0
0
0
0
0
0
0
0
0
2.09392414257e-31
1.62585717556e-31
1.71492355661e-31
1.73835040977e-31
1.73949418115e-31
1.7629743703e-31
1.79267480517e-31
1.86554816238e-31
1.95227109538e-31
2.12198748571e-31
1.83845204887e-31
4.71852511743e-32
1.40174732234e-32
9.42555509448e-33
7.84476065295e-33
7.28357611107e-33
7.16706473123e-33
7.2969948903e-33
7.63450082715e-33
8.06063062497e-33
8.55236485664e-33
9.06007641762e-33
200
200
6.33140902274e-29
6.28211710679e-30
5.67316998232e-31
3.97942226872e-33
1.54205073155e-33
1.06234663769e-33
8.51284724993e-34
7.65984459081e-34
6.89195131604e-34
6.89083504955e-34
6.88821664667e-34
7.65357405186e-34
1.07993567408e-33
2.62755112313e-33
1.34284818761e-33
0
0
0
0
0
0
0
0
0
0
0
0
0
0
0
0
0
0
0
0
0
0
0
0
0
0
0
0
0
0
0
0
0
0
0
0
0
0
0
0
0
0
0
0
0
0
0
0
0
0
0
0
0
0
0
0
0
3.5073594557e-31
2.25608025952e-31
2.16451294723e-31
2.05777385324e-31
1.98633522917e-31
1.95843835899e-31
1.97337188342e-31
2.00110791345e-31
2.07267178673e-31
2.17887322371e-31
2.32789714701e-31
8.71173665015e-32
1.83675392009e-32
1.11721267911e-32
8.8826960011e-33
7.95894610804e-33
7.59769058742e-33
7.60534604484e-33
7.77978633455e-33
8.09073497858e-33
200
200
200
200
1.03610349151e-29
7.29864636351e-31
1.44910174234e-33
1.13661612563e-33
9.09627719201e-34
7.65242726029e-34
6.52878941059e-34
6.12726773357e-34
5.58157639013e-34
5.58057175029e-34
6.00855753306e-34
6.81074127716e-34
8.99457183168e-34
2.02254062243e-33
4.96150486477e-32
6.3075991131e-33
0
0
0
0
0
0
0
0
0
0
0
0
0
0
0
0
0
0
0
0
0
0
0
0
0
0
0
0
0
0
0
0
0
0
0
0
0
0
0
0
0
0
0
0
0
0
0
0
0
0
0
0
0
0
0
0
3.73345092287e-31
3.06844371541e-31
2.70171743262e-31
2.47825150995e-31
2.30276595226e-31
2.22482590571e-31
2.17608159492e-31
2.16586478299e-31
2.19964728854e-31
2.27058921581e-31
2.61874581715e-31
1.26973505596e-31
2.34170541673e-32
1.31008267732e-32
1.00425169888e-32
8.747907442e-33
8.21070208286e-33
8.04815870502e-33
200
200
200
200
200
200
1.01666504341e-30
9.05204890735e-34
8.16567746675e-34
7.18129777045e-34
6.21972460234e-34
5.58307379577e-34
5.02341875112e-34
4.87388746884e-34
4.58282607087e-34
4.66413758096e-34
5.02039366894e-34
5.57683708093e-34
7.64913832077e-34
1.24188410023e-29
4.42391676042e-30
1.38964941046e-30
1.08062557137e-32
0
0
0
0
0
0
0
0
0
0
0
0
0
0
0
0
0
0
0
0
0
0
0
0
0
0
0
0
0
0
0
0
0
0
0
0
0
0
0
0
0
0
0
0
0
0
0
0
0
0
0
0
0
0
0
3.93570046437e-31
3.79619165648e-31
3.26155339254e-31
2.94740029314e-31
2.71962125939e-31
2.5338578726e-31
2.4113767925e-31
2.34658590473e-31
2.33041074352e-31
2.35590886828e-31
2.63168126238e-31
1.46796312831e-31
2.80938161906e-32
1.51326275798e-32
1.13030933012e-32
9.66373448186e-33
200
200
200
200
200
200
200
200
6.22825308317e-34
5.96977973719e-34
5.61364422927e-34
5.17228451772e-34
4.75954666552e-34
4.45804533173e-34
4.06742304769e-34
4.03329378213e-34
3.89124767897e-34
3.98801898584e-34
4.06439796551e-34
4.60470196498e-34
1.95942819902e-24
8.40342012563e-24
1.21914580482e-25
8.98238823775e-28
3.55566062805e-29
2.96814869934e-33
0
0
0
0
0
0
0
0
0
0
0
0
0
0
0
0
0
0
0
0
0
0
0
0
0
0
0
0
0
0
0
0
0
0
0
0
0
0
0
0
0
0
0
0
0
0
0
0
0
0
0
0
0
0
3.39292123287e-31
4.4203639125e-31
3.7440145977e-31
3.39143954222e-31
3.12337710095e-31
2.86271364344e-31
2.66584663691e-31
2.52606580425e-31
2.4446747694e-31
2.40929562878e-31
2.6088306443e-31
1.42115613526e-31
200
200
200
200
200
200
200
200
200
200
200
200
4.54724517009e-34
4.4092580349e-34
4.23820615137e-34
4.04609926856e-34
3.77961521772e-34
3.63206903924e-34
3.37523703852e-34
3.29216235206e-34
3.29216235206e-34
3.29115771222e-34
3.42288361787e-34
7.18631892614e-19
200
200
200
3.98209990152e-22
1.89253921942e-26
1.92360625158e-28
4.84394214805e-34
0
0
0
0
0
0
0
0
0
0
0
0
0
0
0
0
0
0
0
0
0
0
0
0
0
0
0
0
0
0
0
0
0
0
0
0
0
0
0
0
0
0
0
0
0
0
0
0
0
0
0
0
0
2.40494962355e-31
4.83443050284e-31
200
200
200
200
200
200
200
200
200
200
200
200
200
200
200
200
200
200
200
200
200
200
3.57729166454e-34
3.52418164573e-34
3.42445145822e-34
3.29500742277e-34
3.15240892481e-34
2.96353934664e-34
2.8976944012e-34
2.77030692096e-34
2.70259579562e-34
2.74164325015e-34
2.93875471395e-34
200
200
200
200
200
200
3.41603148765e-25
1.55812104868e-28
1.25947679357e-36
0
0
0
0
0
0
0
0
0
0
0
0
0
0
0
0
0
0
0
0
0
0
0
0
0
0
0
0
0
0
0
0
0
0
0
0
0
0
0
0
0
0
0
0
0
0
0
0
0
0
0
0
200
200
200
200
200
200
200
200
200
200
200
200
200
200
200
200
200
200
200
200
200
200
200
200
3.01031315813e-34
2.92201513107e-34
2.86481498406e-34
2.7767728367e-34
2.64829984709e-34
2.53955514535e-34
2.42016546487e-34
2.3665561221e-34
2.32780994701e-34
2.35019707211e-34
2.39753603809e-34
2.66493357105e-34
200
200
200
200
200
200
2.7659026948e-25
3.26038747136e-30
0
0
0
0
0
0
0
0
0
0
0
0
0
0
0
0
0
0
0
0
0
0
0
0
0
0
0
0
0
0
0
0
0
0
0
0
0
0
0
0
0
0
0
0
0
0
0
0
0
0
0
200
200
200
200
200
200
200
200
200
200
200
200
200
200
200
200
200
200
200
200
200
200
200
200
200
2.53857795591e-34
2.50369189586e-34
2.42210290564e-34
2.31993880883e-34
2.25107666871e-34
2.11737822951e-34
2.05167883562e-34
1.98864457538e-34
1.9469085082e-34
1.9497243746e-34
2.0256676214e-34
2.21252193123e-34
2.78254594563e-34
200
200
200
200
200
200
1.58022124215e-26
2.05892612389e-30
0
0
0
0
0
0
0
0
0
0
0
0
0
0
0
0
0
0
0
0
0
0
0
0
0
0
0
0
0
0
0
0
0
0
0
0
0
0
0
0
0
0
0
0
0
0
0
0
0
200
200
200
200
200
200
200
200
200
200
200
200
200
200
200
200
200
200
200
200
200
200
200
200
200
200
2.13370590359e-34
2.07090776802e-34
2.03155022274e-34
1.96143365045e-34
1.86830651054e-34
1.82062499199e-34
1.73024322607e-34
1.68133119515e-34
1.6551138387e-34
1.6529630551e-34
1.69107967963e-34
1.81862292597e-34
2.1826632575e-34
2.76062891276e-32
200
200
200
200
200
2.5214480913e-19
7.85323583533e-28
3.65675996184e-33
0
0
0
0
0
0
0
0
0
0
0
0
0
0
0
0
0
0
0
0
0
0
0
0
0
0
0
0
0
0
0
0
0
0
0
0
0
0
0
0
0
0
0
0
0
0
0
0
200
200
200
200
200
200
200
200
200
200
200
200
200
200
200
200
200
200
200
200
200
200
200
200
200
200
1.79121437723e-34
1.75742155949e-34
1.72140183875e-34
1.66737382416e-34
1.61640793531e-34
1.54439610827e-34
1.49820259857e-34
1.46332496036e-34
1.43001297215e-34
1.41136407278e-34
1.43731236131e-34
1.49889887645e-34
1.69794627848e-34
9.26943161082e-33
3.74139512803e-31
200
200
200
200
200
6.03591697037e-25
1.7437008372e-30
3.29226370206e-34
0
0
0
0
0
0
0
0
0
0
0
0
0
0
0
0
0
0
0
0
0
0
0
0
0
0
0
0
0
0
0
0
0
0
0
0
0
0
0
0
0
0
0
0
0
0
200
200
200
200
200
200
200
200
200
200
200
200
200
200
200
200
200
200
200
200
200
200
200
200
200
200
200
1.57318332991e-34
1.53934926831e-34
1.50239004814e-34
1.46324828317e-34
1.41618857118e-34
1.3585408092e-34
1.33137523112e-34
1.28638807539e-34
1.2416635692e-34
1.22806555125e-34
1.22823075356e-34
1.25624854481e-34
1.36169218824e-34
2.61030625934e-34
1.80100347904e-31
3.33092942536e-31
200
200
200
200
6.04792156937e-17
2.31485748041e-30
2.36989748147e-30
0
0
0
0
0
0
0
0
0
0
0
0
0
0
0
0
0
0
0
0
0
0
0
0
0
0
0
0
0
0
0
0
0
0
0
0
0
0
0
0
0
0
0
0
0
0
200
200
200
200
200
200
200
200
200
200
200
200
200
200
200
200
200
200
200
200
200
200
200
200
200
200
200
1.41705189205e-34
1.38643204878e-34
1.3556179386e-34
1.31835553898e-34
1.27988710779e-34
1.230461592e-34
1.19982958341e-34
1.14804200936e-34
1.10319849647e-34
1.08432356532e-34
1.07386313739e-34
1.08191981297e-34
1.13037564418e-34
1.35272869413e-34
4.63246305025e-32
4.7251918884e-31
2.97396044983e-31
4.31979813372e-31
200
200
200
1.78367815208e-30
3.56617943824e-30
2.40981897012e-30
0
0
0
0
0
0
0
0
0
0
0
0
0
0
0
0
0
0
0
0
0
0
0
0
0
0
0
0
0
0
0
0
0
0
0
0
0
0
0
0
0
0
0
0
200
200
200
200
200
200
200
200
200
200
200
200
200
200
200
200
200
200
200
200
200
200
200
200
200
200
200
200
1.31059450437e-34
1.27777884326e-34
1.25432119594e-34
1.21549748441e-34
1.17230595726e-34
1.13254245969e-34
1.08306658526e-34
1.03539591226e-34
9.86260130146e-35
9.62037922214e-35
9.3329937156e-35
9.22559938224e-35
9.52664171936e-35
1.04744863311e-34
8.20361947045e-33
2.38567317622e-31
2.84449981306e-31
4.34860825972e-31
6.33720704556e-31
8.46736733479e-31
1.27474403804e-30
1.74611654034e-30
2.78572380012e-30
6.30807746121e-30
3.30094723576e-29
0
0
0
0
0
0
0
0
0
0
0
0
0
0
0
0
0
0
0
0
0
0
0
0
0
0
0
0
0
0
0
0
0
0
0
0
0
0
0
0
0
0
0
200
200
200
200
200
200
200
200
200
200
200
200
200
200
200
200
200
200
200
200
200
200
200
200
200
200
200
200
1.23447425471e-34
1.19990175706e-34
1.1738444447e-34
1.13756898409e-34
1.09201962815e-34
1.04499160978e-34
9.90838015328e-35
9.36982771417e-35
8.84561320381e-35
8.44360702503e-35
8.06780686433e-35
7.8958952697e-35
7.88135493173e-35
8.26623280215e-35
1.10062028776e-34
4.49121999323e-32
2.62094932922e-31
3.44228308018e-31
7.17823621788e-31
1.08579538457e-30
1.62861027754e-30
2.21435292336e-30
3.40378324504e-30
8.51292351408e-30
2.42383779565e-29
1.72148230331e-30
0
0
0
0
0
0
0
0
0
0
0
0
0
0
0
0
0
0
0
0
0
0
0
0
0
0
0
0
0
0
0
0
0
0
0
0
0
0
0
0
0
0
200
200
200
200
200
200
200
200
200
200
200
200
200
200
200
200
200
200
200
200
200
200
200
200
200
200
200
200
1.18880197839e-34
1.14494073894e-34
1.11619739506e-34
1.077724824e-34
1.02135383307e-34
9.70543810923e-35
9.10615935998e-35
8.49185610507e-35
7.95282133314e-35
7.46988291934e-35
7.0680855782e-35
6.76143162699e-35
6.52642466974e-35
6.53804450176e-35
7.11333484886e-35
3.86346028523e-33
7.49149228536e-32
1.71425826807e-31
3.86627176254e-31
7.33501857898e-31
1.42975547638e-30
2.48809001148e-30
4.50225738799e-30
5.80058968868e-30
5.98972861576e-30
1.49698522292e-29
0
0
0
0
0
0
0
0
0
0
0
0
0
0
0
0
0
0
0
0
0
0
0
0
0
0
0
0
0
0
0
0
0
0
0
0
0
0
0
0
0
0
200
200
200
200
200
200
200
200
200
200
200
200
200
200
200
200
200
200
200
200
200
200
200
200
200
200
200
200
1.1749939609e-34
1.11789361271e-34
1.08110261986e-34
1.03259137902e-34
9.73847212723e-35
9.09667139028e-35
8.4356411535e-35
7.80983097055e-35
7.20612135855e-35
6.68843348959e-35
6.27483403245e-35
5.9068917612e-35
5.67885913487e-35
5.47846195577e-35
5.47988266189e-35
6.1971927565e-35
1.01454124802e-32
4.98391733251e-32
1.1210487349e-31
2.56635562748e-31
4.9143391471e-31
1.01259756576e-30
1.89987059748e-30
3.12089646373e-30
3.90021853959e-30
6.13604536085e-30
3.95788882333e-29
7.11513992072e-23
0
0
0
0
0
0
0
0
0
0
0
0
0
0
0
0
0
0
0
0
0
0
0
0
0
0
0
0
0
0
0
0
0
0
0
0
0
0
0
200
200
200
200
200
200
200
200
200
200
200
200
200
200
200
200
200
200
200
200
200
200
200
200
200
200
200
200
200
1.21007669443e-34
1.12417713103e-34
1.07406452956e-34
1.01581287957e-34
9.40739237454e-35
8.68213685725e-35
7.95653985372e-35
7.25105738545e-35
6.64633067193e-35
6.09671588071e-35
5.65315940626e-35
5.3130983371e-35
4.99009018247e-35
4.68598970058e-35
4.55843200473e-35
4.56792256555e-35
8.81399232203e-35
8.48285258365e-33
2.17331316383e-32
4.98433686739e-32
1.06905421983e-31
2.26795971437e-31
4.60213207432e-31
9.71606801931e-31
1.82575799802e-30
3.82225163823e-30
4.94938234511e-23
106.457166588
0
0
0
0
0
0
0
0
0
0
0
0
0
0
0
0
0
0
0
0
0
0
0
0
0
0
0
0
0
0
0
0
0
0
0
0
0
0
0
200
200
200
200
200
200
200
200
200
200
200
200
200
200
200
200
200
200
200
200
200
200
200
200
200
200
200
200
200
200
1.19588068176e-34
1.10883465449e-34
1.01548697996e-34
9.28143139744e-35
8.41497201239e-35
7.62520036702e-35
6.88958023772e-35
6.26018899102e-35
5.69659742902e-35
5.25930548086e-35
4.82736711633e-35
4.45551726044e-35
4.1205766555e-35
3.77975927663e-35
3.59543148475e-35
3.61360124646e-35
4.98476688376e-34
4.23543065308e-33
8.79766141353e-33
1.70344176428e-32
3.02830180344e-32
5.76479852104e-32
1.48800634692e-31
6.12161860452e-31
1.748795844e-28
1.7084015656e-22
1.67891167989e-30
77.7688621119
0
0
0
0
0
0
0
0
0
0
0
0
0
0
0
0
0
0
0
0
0
0
0
0
0
0
0
0
0
0
0
0
0
0
0
0
0
0
200
200
200
200
200
200
200
200
200
200
200
200
200
200
200
200
200
200
200
200
200
200
200
200
200
200
200
200
200
2.87808878232e-20
1.39376414928e-34
1.21875991735e-34
1.06423740438e-34
9.40540712343e-35
8.33680760629e-35
7.4122731885e-35
6.61877106116e-35
5.90092197269e-35
5.39992870377e-35
4.89835597961e-35
4.45568980526e-35
4.015977479e-35
3.59348933666e-35
3.20135014783e-35
2.88050574895e-35
2.67214173797e-35
2.74240216115e-35
4.50650263101e-34
1.4130515206e-33
2.59094035817e-33
4.29668672663e-33
6.24977892518e-33
8.65213887002e-33
1.55264001421e-32
7.49450284259e-32
5.26861105234e-31
6.40527711228e-32
200
0
0
0
0
0
0
0
0
0
0
0
0
0
0
0
0
0
0
0
0
0
0
0
0
0
0
0
0
0
0
0
0
0
0
0
0
0
200
200
200
200
200
200
200
200
200
200
200
200
200
200
200
200
200
200
200
200
200
200
200
200
200
200
200
200
200
200
6.71202358221e-29
1.98346814368e-34
1.49263653415e-34
1.17796751229e-34
9.80398001313e-35
8.40124407014e-35
7.33183552752e-35
6.42514266005e-35
5.74200955642e-35
5.14721481534e-35
4.6412533253e-35
4.17251014794e-35
3.69372139305e-35
3.21165015474e-35
2.78217331549e-35
2.43231044683e-35
2.13256468564e-35
1.91254520272e-35
2.46125035785e-35
1.58428637059e-34
2.94030350766e-34
5.09751775853e-34
7.35803440254e-34
6.85305061925e-34
4.89793513535e-34
1.45755179285e-34
1.2732379391e-34
5.54398670801e-35
8.63288739242e-34
200
0
0
0
0
0
0
0
0
0
0
0
0
0
0
0
0
0
0
0
0
0
0
0
0
0
0
0
0
0
0
0
0
0
0
0
0
200
200
200
200
200
200
200
200
200
200
200
200
200
200
200
200
200
200
200
200
200
200
200
200
200
200
200
200
200
200
4.96860174015e-28
5.99478571454e-26
182.02834103
1.38952768218e-34
1.04525608039e-34
8.59832444333e-35
7.31419710798e-35
6.33277175449e-35
5.62150480082e-35
5.02050309203e-35
4.46168447662e-35
3.97750413943e-35
3.48414168684e-35
2.9918321717e-35
2.55511482508e-35
2.15817931343e-35
1.70989296689e-35
1.10715063533e-35
1.20070874451e-35
2.13308441049e-35
3.91594212726e-35
5.49747468381e-35
5.25921032986e-35
2.99966580195e-35
3.90698417096e-35
5.46290864043e-35
9.28032901704e-35
1.57463104729e-34
1.05119547598e-33
1.46224925967e-32
0
0
0
0
0
0
0
0
0
0
0
0
0
0
0
0
0
0
0
0
0
0
0
0
0
0
0
0
0
0
0
0
0
0
0
1.12713657989e-37
200
200
200
200
200
200
200
200
200
200
200
200
200
200
200
200
200
200
200
200
200
200
200
200
200
200
200
200
200
200
1.80488006931e-27
5.84539382031e-29
6.50879276805e-23
200
3.71576322816e-18
8.82973493826e-35
7.29137818091e-35
6.27506405424e-35
5.54088872074e-35
4.92109514256e-35
4.38304281918e-35
3.87063342674e-35
3.33401534091e-35
2.8446341873e-35
2.37164969665e-35
1.87197525838e-35
1.3290297716e-35
7.10373948848e-36
1.25946694907e-36
2.25033876995e-36
2.62980385015e-36
2.98551729717e-36
6.67690221185e-36
9.69605927479e-36
1.59905250953e-35
3.33001113635e-35
8.34797147024e-35
3.20133704477e-34
1.78109378679e-33
1.60294116166e-33
5.33906801001e-38
0
0
0
0
0
0
0
0
0
0
0
0
0
0
0
0
0
0
0
0
0
0
0
0
0
0
0
0
0
0
0
0
0
0
200
200
200
200
200
200
200
200
200
200
200
200
200
200
200
200
200
200
200
200
200
200
200
200
200
200
200
200
200
200
200
1.4347424356e-27
1.52404393088e-27
1.57131420088e-27
3.04996039709e-27
6.37959484167e-22
200
200
6.51441571874e-35
5.61770770295e-35
4.95716687399e-35
4.38170133942e-35
3.85375149707e-35
3.24253587335e-35
2.77543405825e-35
2.28951681325e-35
1.88732527447e-35
1.39569890347e-35
6.69035783994e-36
1.25946694907e-36
2.03337581384e-36
2.57048087226e-36
2.92619431928e-36
3.69374390976e-36
8.653215103e-36
1.22055498778e-35
2.59433129196e-35
7.51317432322e-35
1.5750635118e-34
2.96719151898e-34
1.21623034269e-35
8.65191671581e-33
0
0
0
0
0
0
0
0
0
0
0
0
0
0
0
0
0
0
0
0
0
0
0
0
0
0
0
0
0
0
0
0
0
0
200
200
200
200
200
200
200
200
200
200
200
200
200
200
200
200
200
200
200
200
200
200
200
200
200
200
200
200
200
200
199.999714879
)
;

boundaryField
{
    frontAndBack
    {
        type            empty;
    }
    leftWall
    {
        type            calculated;
        value           uniform 0;
    }
    outlet
    {
        type            calculated;
        value           uniform 0;
    }
    rightWall
    {
        type            calculated;
        value           uniform 0;
    }
    inlet
    {
        type            calculated;
        value           uniform 7.980186494e-32;
    }
}


// ************************************************************************* //
