/*--------------------------------*- C++ -*----------------------------------*\
| =========                 |                                                 |
| \\      /  F ield         | OpenFOAM: The Open Source CFD Toolbox           |
|  \\    /   O peration     | Version:  v1906                                 |
|   \\  /    A nd           | Web:      www.OpenFOAM.com                      |
|    \\/     M anipulation  |                                                 |
\*---------------------------------------------------------------------------*/
FoamFile
{
    version     2.0;
    format      ascii;
    class       volScalarField;
    location    "81";
    object      alpha;
}
// * * * * * * * * * * * * * * * * * * * * * * * * * * * * * * * * * * * * * //

dimensions      [0 0 -1 0 0 0 0];


internalField   nonuniform List<scalar> 
9216
(
99.9319531016
99.9521036235
99.9510961553
99.9510961553
99.9460208674
99.9497207523
99.9497207523
99.9497207523
99.9497207523
99.9497207523
99.9456097691
99.938647783
99.9309122429
99.9309122429
99.9309122429
99.9309122429
99.9309122429
99.9309122429
99.9309122429
99.9309122429
99.9309122429
99.9309122429
99.9309122429
99.9309122429
99.9309122429
99.9309122429
99.9203010768
99.9203010768
99.9280366169
99.934998603
99.934998603
99.9016396976
99.897792565
99.9168890211
99.9254485535
99.9254485535
99.9254485535
99.9208807944
99.9208807944
99.9208807944
99.9208807944
99.9090906098
99.9090906098
99.9090906098
99.9090906098
99.9090906098
99.9090906098
99.9090906098
99.9090906098
99.9090906098
99.9090906098
99.9090906098
99.9090906098
99.9090906098
99.9090906098
99.9090906098
99.9090906098
99.91848635
99.9208807944
99.9208807944
99.9208807944
99.9208807944
99.9208807944
99.9195380136
99.9045596817
99.8741544215
99.8549373083
99.8510898822
99.8402972877
99.8333232563
99.8267492384
99.8216522935
99.8170560298
99.8155672809
99.8140600955
99.8130059429
99.8099241609
99.8031882506
99.7931619521
99.7784018374
99.7542264248
99.7084993976
99.6450566527
99.5445111762
99.398706774
99.1803442723
99.074743051
98.8452002867
96.7222631942
79.9075242085
58.763233197
42.4347603116
29.2581657309
17.7457966156
11.5258604878
1.45744634881
99.9460208674
99.9510961553
99.9547960401
99.9547960401
99.9547960401
99.9547960401
99.9497207523
99.9460208674
99.9460208674
99.9460208674
99.9460208674
99.9460208674
99.9460208674
99.9460208674
99.9313233412
99.9313233412
99.9313233412
99.9460208674
99.9460208674
99.9460208674
99.9419098843
99.9349478982
99.9303801391
99.9303801391
99.9303801391
99.9303801391
99.9303801391
99.919768973
99.919768973
99.919768973
99.9079787884
99.9079787884
99.8984287389
99.8984287389
99.8984287389
99.8984287389
99.8984287389
99.8984287389
99.8984287389
99.8898336943
99.8820981542
99.8820981542
99.8820981542
99.8820981542
99.8820981542
99.8689979491
99.8689979491
99.8689979491
99.8689979491
99.8689979491
99.8689979491
99.8689979491
99.8689979491
99.8689979491
99.8689979491
99.8689979491
99.8689979491
99.8635902983
99.849031168
99.849031168
99.849031168
99.849031168
99.849031168
99.849031168
99.8705669955
99.8334000705
99.8109905813
99.7908135921
99.7726441287
99.7768101796
99.7671699927
99.7571478539
99.7500781962
99.7480596255
99.7469060134
99.7471398277
99.7478933845
99.7395133923
99.7632837963
99.7441608511
99.7128330817
99.739218677
99.6865519666
99.6554967067
99.5419410207
99.3861816509
99.2338386104
98.9908586425
98.480232675
91.0848883399
70.258463672
53.2232641663
40.4096125578
28.3340378912
18.1470269321
11.5460645474
99.9460208674
99.9547960401
99.9547960401
99.9510961553
99.9510961553
99.9510961553
99.9510961553
99.9460208674
99.9460208674
99.9460208674
99.9419098843
99.9419098843
99.9419098843
99.9419098843
99.9419098843
99.9373421252
99.9373421252
99.9303801391
99.9303801391
99.9303801391
99.9303801391
99.9303801391
99.9303801391
99.9303801391
99.9303801391
99.9303801391
99.9120334329
99.9002432483
99.9002432483
99.8906931988
99.8906931988
99.8820981542
99.8820981542
99.8820981542
99.8689979491
99.8689979491
99.8689979491
99.8689979491
99.8689979491
99.8689979491
99.8689979491
99.8689979491
99.8689979491
99.8689979491
99.8544421657
99.8544421657
99.8544421657
99.8344753846
99.8165052816
99.8165052816
99.8003321889
99.7781468766
99.7781468766
99.7781468766
99.7781468766
99.7781468766
99.7781468766
99.7781468766
99.7781468766
99.7781468766
99.7781468766
99.7781468766
99.7781468766
99.7781468766
99.7607495425
99.7124306031
99.6596418765
99.6186656003
99.5822197211
99.5557380516
99.5838112713
99.5651024525
99.5506765725
99.6183532364
99.6113229466
99.5887117036
99.568541388
99.5427719445
99.5123508766
99.6563860624
99.6134399889
99.615159791
99.5249441596
99.3919589755
99.2269021289
99.0878309557
98.7071857775
98.2717729314
98.3485902814
96.3823833648
71.2770864516
52.1492722031
44.6094340289
36.3925895882
29.4073521867
19.3682913942
99.9497207523
99.9510961553
99.9510961553
99.9510961553
99.9510961553
99.9510961553
99.9460208674
99.9460208674
99.9419098843
99.9419098843
99.9419098843
99.9419098843
99.9419098843
99.9373421252
99.9303801391
99.9303801391
99.9303801391
99.9303801391
99.9303801391
99.9303801391
99.9303801391
99.9303801391
99.922644599
99.922644599
99.9120334329
99.9002432483
99.8906931988
99.8820981542
99.8820981542
99.8820981542
99.8689979491
99.8689979491
99.8689979491
99.8689979491
99.8689979491
99.8689979491
99.8689979491
99.8544421657
99.8544421657
99.8544421657
99.8544421657
99.8544421657
99.8183022919
99.8003321889
99.8003321889
99.7781468766
99.7781468766
99.7781468766
99.7781468766
99.7781468766
99.7781468766
99.7781468766
99.7781468766
99.7534965295
99.7534965295
99.7534965295
99.7534965295
99.7534965295
99.7534965295
99.7534965295
99.7534965295
99.7534965295
99.7534965295
99.7534965295
99.7411932021
99.6797634358
99.6137051626
99.5665653111
99.525721806
99.4991967857
99.4818788166
99.4692855102
99.505080994
99.4954814845
99.4848224073
99.4732739782
99.4582043838
99.4309327208
99.3888959377
99.3104859131
99.202247579
99.0715247919
99.0289578718
98.8155867104
98.8794324099
98.5158128821
97.9427751211
98.3397147216
97.7383254048
94.4425413159
74.7982508519
59.8296178678
47.741526368
45.9516307479
39.4126639669
27.1312287042
99.9497207523
99.9510961553
99.9510961553
99.9510961553
99.9510961553
99.9510961553
99.9510961553
99.9419098843
99.9419098843
99.9419098843
99.9419098843
99.9419098843
99.9373421252
99.9303801391
99.9303801391
99.9303801391
99.9303801391
99.9303801391
99.9303801391
99.9303801391
99.922644599
99.922644599
99.922644599
99.9120334329
99.9002432483
99.8820981542
99.8820981542
99.8689979491
99.8689979491
99.8689979491
99.8689979491
99.8689979491
99.8689979491
99.8544421657
99.8544421657
99.8544421657
99.8544421657
99.8544421657
99.838269073
99.838269073
99.8003321889
99.8003321889
99.7781468766
99.7781468766
99.7781468766
99.7781468766
99.7781468766
99.7534965295
99.7534965295
99.7534965295
99.7534965295
99.7534965295
99.7534965295
99.7534965295
99.726107255
99.726107255
99.726107255
99.726107255
99.726107255
99.726107255
99.726107255
99.726107255
99.726107255
99.726107255
99.6574080287
99.5158029682
99.4424889878
99.3790236185
99.3351565364
99.3289752149
99.3289752149
99.3289752149
99.3289752149
99.3403166839
99.357604761
99.4051185369
99.4168220446
99.4052918026
99.3894830285
99.3457258675
99.3116900263
99.2968772492
99.06228902
98.8256085347
98.5240612153
98.1163458179
97.5793585857
97.288047566
96.9283489825
87.7147416401
80.429764183
69.0791224936
59.6581094524
51.8443699605
52.107598243
37.6530258209
99.9547960401
99.9510961553
99.9510961553
99.9510961553
99.9510961553
99.9510961553
99.9469851721
99.9469851721
99.9419098843
99.9419098843
99.9419098843
99.9419098843
99.9303801391
99.9303801391
99.9303801391
99.9303801391
99.9303801391
99.9303801391
99.922644599
99.922644599
99.922644599
99.922644599
99.922644599
99.9002432483
99.8820981542
99.8820981542
99.8689979491
99.8689979491
99.8689979491
99.8689979491
99.8689979491
99.8544421657
99.8544421657
99.8544421657
99.8544421657
99.8544421657
99.838269073
99.838269073
99.8003321889
99.8003321889
99.7781468766
99.7781468766
99.7781468766
99.7781468766
99.7534965295
99.7534965295
99.7534965295
99.7534965295
99.7534965295
99.726107255
99.726107255
99.726107255
99.726107255
99.726107255
99.6956747278
99.6956747278
99.6956747278
99.6956747278
99.6618608086
99.6618608086
99.6242897874
99.6242897874
99.6242897874
99.3460163955
99.1854121681
99.0776595315
99.0459737041
98.9115504028
98.8542862338
98.8542862338
98.8029879595
98.7212582873
98.7806784804
98.9006702107
98.9006702107
98.9006702107
98.9424157899
99.0997119629
99.1335258821
99.1059365379
99.1832139032
99.0786346671
98.9428018299
98.8682100464
98.6604911975
98.2422492414
97.9703625042
97.2913488982
96.0699116689
85.9098082969
79.3209612308
77.3299901529
71.0515927834
60.0319880466
61.4318015884
48.1232411561
99.9547960401
99.9510961553
99.9510961553
99.9510961553
99.9510961553
99.9469851721
99.9469851721
99.9469851721
99.9419098843
99.9419098843
99.9419098843
99.9303801391
99.9303801391
99.9303801391
99.9303801391
99.9303801391
99.9303801391
99.922644599
99.922644599
99.922644599
99.922644599
99.922644599
99.9120334329
99.8820981542
99.8689979491
99.8689979491
99.8689979491
99.8689979491
99.8689979491
99.8689979491
99.8544421657
99.8544421657
99.8544421657
99.8544421657
99.8544421657
99.838269073
99.82029897
99.8003321889
99.7781468766
99.7781468766
99.7781468766
99.7781468766
99.7534965295
99.7534965295
99.7534965295
99.7534965295
99.726107255
99.726107255
99.726107255
99.726107255
99.726107255
99.6956747278
99.6956747278
99.6956747278
99.6618608086
99.6618608086
99.6242897874
99.6242897874
99.5825442082
99.5825442082
99.5825442082
99.2026550457
99.0312755546
98.8027484817
98.6697205353
98.6697205353
98.5219117059
98.3576796732
98.3576796732
98.3576796732
98.2834124718
98.1751996369
98.1751996369
98.1751996369
98.3576796732
98.3576796732
98.3576796732
98.3576796732
98.5219117059
98.5177510071
98.6116273624
98.6181825716
98.478245567
98.4796201675
98.421712935
98.3769879909
97.9581165753
97.3534116272
96.2791998328
92.7475831789
83.7398709071
80.0916545596
81.7349713354
71.3326859566
69.0324691676
56.9926807269
99.9547960401
99.9510961553
99.9510961553
99.9510961553
99.9510961553
99.9469851721
99.9469851721
99.9469851721
99.9419098843
99.9419098843
99.9349478982
99.9303801391
99.9303801391
99.9303801391
99.9303801391
99.9303801391
99.922644599
99.922644599
99.922644599
99.922644599
99.922644599
99.922644599
99.8820981542
99.8820981542
99.8689979491
99.8689979491
99.8689979491
99.8689979491
99.8544421657
99.8544421657
99.8544421657
99.8544421657
99.8544421657
99.838269073
99.838269073
99.82029897
99.8003321889
99.7781468766
99.7781468766
99.7781468766
99.7534965295
99.7534965295
99.7534965295
99.7534965295
99.726107255
99.726107255
99.726107255
99.726107255
99.726107255
99.6956747278
99.6956747278
99.6618608086
99.6618608086
99.6242897874
99.6242897874
99.5825442082
99.5825442082
99.5825442082
99.5361602313
99.2996324186
98.9797378025
98.8027484817
98.6697205353
98.5219117059
98.3576796732
98.1751996369
98.1751996369
97.972444041
97.972444041
97.972444041
97.7471600455
97.7471600455
97.7471600455
97.7471600455
97.7471600455
97.7471600455
97.7471600455
97.972444041
97.972444041
97.972444041
98.1751996369
98.1751996369
98.240515961
98.1949253384
98.0652649988
97.8441732349
97.2011624696
97.1922016349
96.9638763305
96.1219002776
92.0603190248
84.8349663909
83.8324911752
85.6647474951
76.8997011421
65.8558265657
99.9547960401
99.9510961553
99.9510961553
99.9510961553
99.9469851721
99.9469851721
99.9469851721
99.9469851721
99.9419098843
99.9419098843
99.9349478982
99.9303801391
99.9303801391
99.922644599
99.922644599
99.922644599
99.922644599
99.922644599
99.922644599
99.922644599
99.922644599
99.8916482037
99.8820981542
99.8689979491
99.8689979491
99.8689979491
99.8689979491
99.8544421657
99.8544421657
99.8544421657
99.8544421657
99.8544421657
99.838269073
99.838269073
99.82029897
99.8003321889
99.7781468766
99.7781468766
99.7781468766
99.7534965295
99.7534965295
99.7534965295
99.7534965295
99.726107255
99.726107255
99.726107255
99.726107255
99.6956747278
99.6956747278
99.6956747278
99.6618608086
99.6618608086
99.6242897874
99.6242897874
99.5825442082
99.5825442082
99.5361602313
99.5361602313
98.9797378025
98.8027484817
98.6697205353
98.5219117059
98.3576796732
98.1751996369
97.972444041
97.972444041
97.7471600455
97.496844495
97.496844495
97.496844495
97.2187161056
97.2187161056
97.2187161056
97.2187161056
97.2187161056
97.2187161056
97.2187161056
97.2187161056
97.2187161056
97.496844495
97.496844495
97.7471600455
97.7471600455
97.9463499851
97.8684919157
97.7045032668
97.4541116395
96.9903980527
96.4144835864
96.1545773809
95.6367257216
93.9310360165
87.9432200422
93.816280714
87.217646982
75.0216269349
99.9547960401
99.9510961553
99.9510961553
99.9510961553
99.9469851721
99.9469851721
99.9469851721
99.9469851721
99.9419098843
99.9419098843
99.9349478982
99.9303801391
99.922644599
99.922644599
99.922644599
99.922644599
99.922644599
99.922644599
99.922644599
99.922644599
99.9120334329
99.8820981542
99.8689979491
99.8689979491
99.8689979491
99.8689979491
99.8544421657
99.8544421657
99.8544421657
99.8544421657
99.8544421657
99.838269073
99.838269073
99.82029897
99.8003321889
99.7781468766
99.7781468766
99.7534965295
99.7534965295
99.7534965295
99.7534965295
99.726107255
99.726107255
99.726107255
99.726107255
99.6956747278
99.6956747278
99.6956747278
99.6618608086
99.6618608086
99.6242897874
99.6242897874
99.5825442082
99.5825442082
99.5361602313
99.5361602313
99.4846224793
98.9224736336
98.6697205353
98.5219117059
98.3576796732
98.1751996369
97.972444041
97.7471600455
97.496844495
97.496844495
97.2187161056
97.2187161056
96.9096845617
96.9096845617
96.6900116823
96.5663161797
96.5663161797
96.5663161797
96.5663161797
96.5663161797
96.5663161797
96.5663161797
96.5663161797
96.5663161797
96.9096845617
96.9096845617
97.2187161056
97.2187161056
97.4944472949
97.5304484072
97.3458710918
96.8786456303
96.5086460093
96.2938896116
95.8165719166
95.803836883
95.1743990547
95.2236477058
95.0266876357
83.1782705396
99.9547960401
99.9510961553
99.9510961553
99.9510961553
99.9469851721
99.9469851721
99.9469851721
99.9469851721
99.9419098843
99.9349478982
99.9349478982
99.9303801391
99.922644599
99.922644599
99.922644599
99.922644599
99.922644599
99.922644599
99.922644599
99.922644599
99.8916482037
99.8820981542
99.8689979491
99.8689979491
99.8689979491
99.8544421657
99.8544421657
99.8544421657
99.8544421657
99.8544421657
99.838269073
99.838269073
99.82029897
99.8003321889
99.7781468766
99.7781468766
99.7534965295
99.7534965295
99.7534965295
99.7534965295
99.726107255
99.726107255
99.726107255
99.726107255
99.6956747278
99.6956747278
99.6956747278
99.6618608086
99.6618608086
99.6242897874
99.6242897874
99.5825442082
99.5825442082
99.5361602313
99.5361602313
99.3353743023
98.8027484817
98.5219117059
98.3576796732
98.1751996369
97.972444041
97.7471600455
97.496844495
97.496844495
97.2187161056
96.9096845617
96.9096845617
96.5663161797
96.5663161797
96.1847957552
96.1847957552
96.1847957552
96.1847957552
95.8364822867
95.7608841725
95.7608841725
95.7608841725
95.7608841725
96.1847957552
96.1847957552
96.1847957552
96.1847957552
96.5663161797
96.5663161797
96.9096845617
97.2187161056
97.1073235651
96.9107972257
96.6048351438
96.6329349268
96.0142057376
95.7146920591
95.8474521701
95.3258131912
95.960735805
89.6535446876
99.9610618276
99.9510961553
99.9510961553
99.9510961553
99.9469851721
99.9469851721
99.9469851721
99.9469851721
99.9419098843
99.9349478982
99.9303801391
99.922644599
99.922644599
99.922644599
99.922644599
99.922644599
99.922644599
99.922644599
99.922644599
99.9140495544
99.8820981542
99.8689979491
99.8689979491
99.8689979491
99.8544421657
99.8544421657
99.8544421657
99.8544421657
99.838269073
99.838269073
99.838269073
99.82029897
99.8003321889
99.7781468766
99.7781468766
99.7534965295
99.7534965295
99.7534965295
99.7534965295
99.726107255
99.726107255
99.726107255
99.6956747278
99.6956747278
99.6956747278
99.6618608086
99.6618608086
99.6242897874
99.6242897874
99.5825442082
99.5825442082
99.5361602313
99.5361602313
99.4846224793
99.3488066382
98.8027484817
98.5219117059
98.3576796732
98.1751996369
97.7471600455
97.496844495
97.496844495
97.2187161056
96.9096845617
96.5663161797
96.5663161797
96.1847957552
96.1847957552
95.7608841725
95.7608841725
95.7608841725
95.7608841725
95.2898713028
95.2898713028
95.2898713028
95.2898713028
95.2898713028
95.2898713028
95.2898713028
95.2898713028
95.7608841725
95.7608841725
95.7608841725
96.1847957552
96.1847957552
96.5663161797
96.5636653757
96.5447265962
96.827026355
96.5857582307
96.355743476
95.9895604249
95.7974292414
96.1565640208
95.5402115175
93.0050305073
99.9610618276
99.9573619428
99.9573619428
99.9510961553
99.9469851721
99.9469851721
99.9469851721
99.9469851721
99.9419098843
99.9349478982
99.9303801391
99.922644599
99.922644599
99.922644599
99.922644599
99.922644599
99.922644599
99.922644599
99.9140495544
99.8820981542
99.8820981542
99.8689979491
99.8689979491
99.8544421657
99.8544421657
99.8544421657
99.8544421657
99.838269073
99.838269073
99.838269073
99.82029897
99.8003321889
99.7781468766
99.7781468766
99.7534965295
99.7534965295
99.7534965295
99.726107255
99.726107255
99.726107255
99.726107255
99.6956747278
99.6956747278
99.6956747278
99.6618608086
99.6618608086
99.6242897874
99.6242897874
99.5825442082
99.5825442082
99.5361602313
99.5361602313
99.4846224793
99.3488066382
98.6697205353
98.5219117059
98.1751996369
97.972444041
97.7471600455
97.496844495
97.2187161056
96.9096845617
96.5663161797
96.1847957552
96.1847957552
95.7608841725
95.7608841725
95.2898713028
95.2898713028
95.2898713028
95.2898713028
94.7665236697
94.7665236697
94.7665236697
94.7665236697
94.7665236697
94.7665236697
94.7665236697
94.7665236697
94.7665236697
94.7665236697
95.2898713028
95.2898713028
95.2898713028
95.7608841725
95.7608841725
96.1847957552
96.5663161797
96.6862635759
96.4905849452
96.1672716586
96.1684948215
95.6296495648
95.737745791
95.8610394067
93.6851093892
99.9610618276
99.9630011515
99.9573619428
99.9510961553
99.9469851721
99.9469851721
99.9469851721
99.9469851721
99.9419098843
99.9349478982
99.9303801391
99.922644599
99.922644599
99.922644599
99.922644599
99.922644599
99.922644599
99.9140495544
99.9140495544
99.8820981542
99.8689979491
99.8689979491
99.8689979491
99.8544421657
99.8544421657
99.8544421657
99.838269073
99.838269073
99.838269073
99.82029897
99.8003321889
99.7781468766
99.7781468766
99.7534965295
99.7534965295
99.7534965295
99.726107255
99.726107255
99.726107255
99.6956747278
99.6956747278
99.6956747278
99.6618608086
99.6618608086
99.6618608086
99.6242897874
99.6242897874
99.5825442082
99.5825442082
99.5361602313
99.5361602313
99.4846224793
99.4273583103
98.6697205353
98.3576796732
98.1751996369
97.7471600455
97.496844495
97.2187161056
96.9096845617
96.5663161797
96.1847957552
95.7608841725
95.7608841725
95.2898713028
95.2898713028
94.7665236697
94.7665236697
94.7665236697
94.7665236697
94.1850262997
94.1850262997
94.1850262997
94.1850262997
94.1850262997
94.1850262997
94.1850262997
94.1850262997
94.1850262997
94.1850262997
94.1850262997
94.1850262997
94.7665236697
94.7665236697
94.7665236697
95.2898713028
95.2898713028
95.7608841725
96.1847957552
96.3328041939
95.9990274035
95.8800737717
95.8443426759
95.3864411454
96.0677852254
93.485265656
99.9610618276
99.9630011515
99.9630011515
99.9573619428
99.9469851721
99.9469851721
99.9469851721
99.9469851721
99.9419098843
99.9349478982
99.9303801391
99.922644599
99.922644599
99.922644599
99.922644599
99.922644599
99.9140495544
99.9140495544
99.8938883388
99.8820981542
99.8689979491
99.8689979491
99.8544421657
99.8544421657
99.8544421657
99.838269073
99.838269073
99.82029897
99.82029897
99.8003321889
99.8003321889
99.7781468766
99.7781468766
99.7534965295
99.7534965295
99.726107255
99.726107255
99.726107255
99.6956747278
99.6956747278
99.6956747278
99.6618608086
99.6618608086
99.6242897874
99.6242897874
99.5825442082
99.5825442082
99.5825442082
99.5361602313
99.5361602313
99.4846224793
99.4273583103
98.6697205353
98.3576796732
97.972444041
97.7471600455
97.2187161056
96.9096845617
96.5663161797
95.7608841725
95.7608841725
95.2898713028
94.7665236697
94.7665236697
94.1850262997
94.1850262997
94.1850262997
94.1850262997
94.1850262997
93.5389181108
93.5389181108
93.5389181108
93.5389181108
93.5389181108
93.5389181108
93.5389181108
93.5389181108
93.5389181108
93.5389181108
93.5389181108
93.5389181108
93.5389181108
94.1850262997
94.1850262997
94.1850262997
94.7665236697
94.7665236697
95.2898713028
95.7608841725
95.9826797654
96.0851504965
95.7062251752
95.7345794774
95.6291526787
95.5526543912
93.3510002848
99.9667010363
99.9630011515
99.9630011515
99.9630011515
99.9532509596
99.9469851721
99.9469851721
99.9469851721
99.9349478982
99.9303801391
99.9303801391
99.922644599
99.922644599
99.922644599
99.922644599
99.9140495544
99.9140495544
99.9044995049
99.8820981542
99.8689979491
99.8689979491
99.8689979491
99.8544421657
99.8544421657
99.838269073
99.838269073
99.82029897
99.82029897
99.8003321889
99.8003321889
99.7781468766
99.7781468766
99.7534965295
99.7534965295
99.726107255
99.726107255
99.726107255
99.6956747278
99.6956747278
99.6618608086
99.6618608086
99.6618608086
99.6242897874
99.6242897874
99.5825442082
99.5825442082
99.5361602313
99.5361602313
99.4846224793
99.4846224793
99.4273583103
98.6697205353
98.3576796732
97.972444041
97.496844495
96.9096845617
96.1847957552
95.7608841725
94.7665236697
94.1850262997
94.1850262997
93.5389181108
93.5389181108
93.5389181108
93.5389181108
92.8210201231
92.8210201231
92.8210201231
92.8210201231
92.8210201231
92.8210201231
92.8210201231
92.8210201231
92.8210201231
92.8210201231
92.8210201231
92.8210201231
92.8210201231
92.8210201231
92.8210201231
92.8210201231
93.5389181108
93.5389181108
93.5389181108
93.5389181108
94.1850262997
94.1850262997
94.7665236697
94.7665236697
95.2898713028
95.6596721928
95.8837949053
95.6182435537
95.6000554458
95.263542835
93.570402701
99.9667010363
99.9630011515
99.9630011515
99.9630011515
99.9588901683
99.9532509596
99.9469851721
99.9469851721
99.9349478982
99.9303801391
99.922644599
99.922644599
99.922644599
99.922644599
99.9140495544
99.9140495544
99.9140495544
99.8938883388
99.8820981542
99.8689979491
99.8689979491
99.8544421657
99.8544421657
99.838269073
99.838269073
99.82029897
99.82029897
99.8003321889
99.8003321889
99.7781468766
99.7781468766
99.7534965295
99.7534965295
99.726107255
99.726107255
99.6956747278
99.6956747278
99.6956747278
99.6618608086
99.6618608086
99.6242897874
99.6242897874
99.6242897874
99.5825442082
99.5825442082
99.5361602313
99.5361602313
99.4846224793
99.4846224793
99.4273583103
98.6697205353
98.3576796732
97.7471600455
97.2187161056
96.1847957552
94.1850262997
92.0233556923
90.1522909782
90.1522909782
90.1522909782
90.1522909782
91.1370618803
91.1370618803
91.1370618803
91.1370618803
91.1370618803
92.0233556923
92.0233556923
92.0233556923
92.0233556923
92.0233556923
92.0233556923
92.0233556923
92.0233556923
92.0233556923
92.0233556923
92.0233556923
92.0233556923
92.0233556923
92.8210201231
92.8210201231
92.8210201231
92.8210201231
92.8210201231
92.8210201231
93.5389181108
93.5389181108
94.1850262997
94.1850262997
94.7665236697
95.2898713028
95.4811347889
95.4002733275
95.2288862994
95.1203932376
93.690261937
99.9667010363
99.9630011515
99.9630011515
99.9630011515
99.9588901683
99.9532509596
99.9469851721
99.9469851721
99.9349478982
99.9303801391
99.922644599
99.922644599
99.922644599
99.922644599
99.9140495544
99.9140495544
99.9044995049
99.8820981542
99.8820981542
99.8689979491
99.8544421657
99.8544421657
99.8544421657
99.838269073
99.838269073
99.82029897
99.8003321889
99.8003321889
99.7781468766
99.7781468766
99.7534965295
99.7534965295
99.726107255
99.726107255
99.6956747278
99.6956747278
99.6956747278
99.6618608086
99.6618608086
99.6242897874
99.6242897874
99.5825442082
99.5825442082
99.5825442082
99.5361602313
99.5361602313
99.4846224793
99.4846224793
99.4273583103
98.8027484817
98.1751996369
97.7471600455
96.1847957552
84.9905364703
71.7570463519
65.13215599
64.5593428551
65.13215599
65.13215599
68.618940391
74.5813417167
79.4108867905
83.3228183003
86.4914828233
87.8423345409
89.0581010868
89.0581010868
90.1522909782
90.1522909782
90.1522909782
91.1370618803
91.1370618803
91.1370618803
91.1370618803
91.1370618803
91.1370618803
91.1370618803
92.0233556923
92.0233556923
92.0233556923
92.0233556923
92.0233556923
92.0233556923
92.0233556923
92.8210201231
92.8210201231
92.8210201231
93.5389181108
93.5389181108
94.1850262997
94.7665236697
95.2785399259
95.5383380362
95.4634217041
95.0741784056
93.845815065
99.9667010363
99.9630011515
99.9630011515
99.9630011515
99.9588901683
99.9588901683
99.9532509596
99.9469851721
99.9349478982
99.9303801391
99.922644599
99.922644599
99.922644599
99.9140495544
99.9140495544
99.9044995049
99.8938883388
99.8820981542
99.8689979491
99.8689979491
99.8544421657
99.8544421657
99.838269073
99.838269073
99.82029897
99.8003321889
99.8003321889
99.7781468766
99.7781468766
99.7534965295
99.7534965295
99.726107255
99.726107255
99.6956747278
99.6956747278
99.6618608086
99.6618608086
99.6618608086
99.6242897874
99.6242897874
99.5825442082
99.5825442082
99.5361602313
99.5361602313
99.5361602313
99.4846224793
99.4273583103
99.3637314559
98.9224736336
98.1751996369
97.2187161056
65.13215599
46.8559
40.951
34.39
34.39
34.39
40.951
40.951
46.8559
52.17031
56.953279
65.13215599
68.618940391
77.123207545
81.4697981115
83.3228183003
86.4914828233
86.4914828233
87.8423345409
89.0581010868
89.0581010868
89.0581010868
90.1522909782
90.1522909782
90.1522909782
90.1522909782
91.1370618803
91.1370618803
91.1370618803
91.1370618803
91.1370618803
91.1370618803
92.0233556923
92.0233556923
92.0233556923
92.0233556923
92.8210201231
93.173737735
93.5389181108
94.1850262997
94.7665236697
95.5357234528
95.661291748
95.1831381212
93.6132823245
99.9667010363
99.9630011515
99.9630011515
99.9630011515
99.9588901683
99.9588901683
99.9532509596
99.9469851721
99.9303801391
99.9303801391
99.922644599
99.922644599
99.922644599
99.9140495544
99.9044995049
99.8938883388
99.8820981542
99.8820981542
99.8689979491
99.8544421657
99.8544421657
99.838269073
99.838269073
99.82029897
99.8003321889
99.8003321889
99.7781468766
99.7781468766
99.7534965295
99.7534965295
99.726107255
99.726107255
99.6956747278
99.6956747278
99.6618608086
99.6618608086
99.6242897874
99.6242897874
99.5825442082
99.5825442082
99.5825442082
99.5361602313
99.5361602313
99.4846224793
99.4846224793
99.4273583103
99.3637314559
99.2144832789
98.1751996369
71.7570463519
34.39
19
19
19
19
19
19
19
27.1
27.1
34.39
34.39
40.951
46.8559
56.9395830557
61.2579511
68.618940391
74.5813417167
79.4108867905
83.3228183003
84.9905364703
86.4914828233
87.8423345409
87.8423345409
87.8423345409
89.0581010868
89.0581010868
89.0581010868
90.1522909782
90.1522909782
90.1522909782
90.1522909782
90.1522909782
91.1370618803
91.1370618803
91.1370618803
92.0233556923
92.0233556923
92.8210201231
92.8210201231
93.5389181108
94.1850262997
95.2898713028
95.4894411117
95.3205825974
93.3556775266
99.9667010363
99.9630011515
99.9630011515
99.9630011515
99.9588901683
99.9588901683
99.9532509596
99.9419098843
99.9303801391
99.9303801391
99.922644599
99.922644599
99.9140495544
99.9140495544
99.9044995049
99.8938883388
99.8820981542
99.8689979491
99.8689979491
99.8544421657
99.838269073
99.838269073
99.82029897
99.8003321889
99.8003321889
99.7781468766
99.7781468766
99.7534965295
99.726107255
99.726107255
99.726107255
99.6956747278
99.6956747278
99.6618608086
99.6618608086
99.6242897874
99.6242897874
99.5825442082
99.5825442082
99.5361602313
99.5361602313
99.4846224793
99.4846224793
99.4846224793
99.4273583103
99.3637314559
99.2144832789
98.1751996369
46.8559
10
0
0
10
10
10
10
10
10
19
19
19
19
27.1
27.1
34.39
40.951
46.8559
52.17031
61.2579511
68.618940391
77.123207545
79.4108867905
83.3228183003
84.9905364703
86.4914828233
86.4914828233
87.8423345409
87.8423345409
87.8423345409
89.0581010868
89.0581010868
89.0581010868
90.1522909782
90.1522909782
90.1522909782
90.1522909782
91.1370618803
91.1370618803
92.0233556923
92.8210201231
92.8210201231
94.1850262997
94.7665236697
95.3977091016
95.4782598214
93.1023656927
99.9667010363
99.9630011515
99.9630011515
99.9630011515
99.9588901683
99.9588901683
99.9532509596
99.9373421252
99.9303801391
99.9303801391
99.922644599
99.922644599
99.9140495544
99.9044995049
99.8938883388
99.8820981542
99.8689979491
99.8689979491
99.8544421657
99.8544421657
99.838269073
99.82029897
99.8003321889
99.8003321889
99.7781468766
99.7534965295
99.7534965295
99.726107255
99.726107255
99.6956747278
99.6956747278
99.6618608086
99.6618608086
99.6242897874
99.6242897874
99.5825442082
99.5825442082
99.5361602313
99.5361602313
99.5361602313
99.4846224793
99.4846224793
99.4273583103
99.4273583103
99.3637314559
99.2144832789
98.1751996369
27.1
0
0
0
0
0
10
10
10
10
10
10
10
10
10
10
19
19
19
27.1
34.39
40.951
46.8559
56.953279
65.13215599
71.7570463519
77.123207545
81.4697981115
83.3228183003
84.9905364703
86.3799387722
86.4914828233
86.4914828233
87.8423345409
87.8423345409
89.0581010868
89.0581010868
89.0581010868
90.1522909782
90.1522909782
91.1370618803
91.1370618803
92.0233556923
92.8210201231
93.5389181108
94.1850262997
95.2828309775
95.4349408148
92.9759361523
99.9667010363
99.9630011515
99.9630011515
99.9630011515
99.9588901683
99.9588901683
99.9532509596
99.9373421252
99.9303801391
99.9303801391
99.922644599
99.922644599
99.9140495544
99.9044995049
99.8938883388
99.8820981542
99.8689979491
99.8544421657
99.8544421657
99.838269073
99.82029897
99.8003321889
99.8003321889
99.7781468766
99.7534965295
99.7534965295
99.726107255
99.726107255
99.6956747278
99.6956747278
99.6618608086
99.6242897874
99.6242897874
99.5825442082
99.5825442082
99.5361602313
99.5361602313
99.5361602313
99.4846224793
99.4846224793
99.4273583103
99.4273583103
99.3637314559
99.293034951
99.2144832789
98.3576796732
19
0
0
0
0
0
0
10
10
10
10
10
10
10
10
10
10
10
10
10
10
19
19
27.1
34.39
40.951
52.17031
61.2579511
68.618940391
74.5813417167
79.4108867905
81.4697981115
83.3228183003
84.9905364703
86.4914828233
86.4914828233
86.4914828233
87.8423345409
87.8423345409
89.0581010868
89.0581010868
90.1522909782
90.1522909782
91.1370618803
92.0233556923
92.8210201231
93.5389181108
94.7665236697
95.2406314318
93.1102420349
99.9667010363
99.9630011515
99.9630011515
99.9630011515
99.9588901683
99.9588901683
99.9373421252
99.9373421252
99.9303801391
99.922644599
99.922644599
99.9140495544
99.9044995049
99.8938883388
99.8820981542
99.8689979491
99.8544421657
99.8544421657
99.838269073
99.82029897
99.8003321889
99.8003321889
99.7781468766
99.7534965295
99.7534965295
99.726107255
99.6956747278
99.6956747278
99.6618608086
99.6618608086
99.6242897874
99.6242897874
99.5825442082
99.5825442082
99.5361602313
99.5361602313
99.4846224793
99.4846224793
99.4273583103
99.4273583103
99.3637314559
99.3637314559
99.293034951
99.1272036432
98.3576796732
34.39
0
0
0
0
0
10
10
19
19
19
19
19
19
19
10
10
10
10
10
0
0
0
10
10
10
19
27.1
36.6878701613
46.8559
61.2579511
68.618940391
74.5813417167
79.4108867905
81.4697981115
83.3228183003
84.9905364703
84.9905364703
86.4914828233
86.4914828233
87.8423345409
87.8423345409
89.0581010868
90.1522909782
90.1522909782
91.1370618803
92.0233556923
93.5389181108
94.1850262997
94.9573658706
93.4878522425
99.9667010363
99.9630011515
99.9630011515
99.9630011515
99.9588901683
99.9588901683
99.9373421252
99.9303801391
99.9303801391
99.922644599
99.922644599
99.9140495544
99.8938883388
99.8820981542
99.8689979491
99.8689979491
99.8544421657
99.838269073
99.82029897
99.8003321889
99.8003321889
99.7781468766
99.7534965295
99.726107255
99.726107255
99.6956747278
99.6618608086
99.6618608086
99.6242897874
99.6242897874
99.5825442082
99.5361602313
99.5361602313
99.4846224793
99.4846224793
99.4846224793
99.4273583103
99.4273583103
99.3637314559
99.293034951
99.293034951
99.2144832789
99.1272036432
98.5219117059
61.2579511
0
0
0
0
0
0
19
20.3404456826
27.1
27.1
34.39
27.1
27.1
27.1
19
19
19
10
10
8.39062611131
0
0
0
0
0
0
0
10
10
27.1
34.39
46.8559
61.2579511
68.618940391
74.5813417167
79.4108867905
81.4697981115
83.3228183003
83.3228183003
84.9905364703
86.4914828233
86.4914828233
87.8423345409
89.0581010868
89.0581010868
90.1522909782
91.3521461754
92.8210201231
93.5389181108
94.9608064115
94.0908809831
99.9667010363
99.9630011515
99.9630011515
99.9630011515
99.9588901683
99.9588901683
99.9373421252
99.9303801391
99.9303801391
99.922644599
99.9140495544
99.9044995049
99.8938883388
99.8689979491
99.8689979491
99.8544421657
99.838269073
99.82029897
99.8003321889
99.7781468766
99.7534965295
99.7534965295
99.726107255
99.6956747278
99.6956747278
99.6618608086
99.6242897874
99.6242897874
99.5825442082
99.5361602313
99.5361602313
99.4846224793
99.4846224793
99.4273583103
99.4273583103
99.3637314559
99.3637314559
99.293034951
99.293034951
99.2144832789
99.1272036432
99.0302262702
98.5219117059
92.8210201231
10
0
0
0
0
0
19
27.1
40.951
40.951
46.8559
46.8559
46.8559
40.951
40.951
34.39
27.1
27.1
19
10
10
0
0
0
0
0
0
0
0
0
0
10
19
34.39
52.17031
61.2579511
68.618940391
74.5813417167
79.4108867905
81.4697981115
83.3228183003
83.3228183003
84.9905364703
86.4914828233
87.8423345409
89.0581010868
90.1522909782
91.1370618803
92.0233556923
93.5389181108
94.7984323842
94.3000079748
99.9667010363
99.9630011515
99.9630011515
99.9630011515
99.9588901683
99.9486832005
99.9373421252
99.9303801391
99.922644599
99.9140495544
99.9044995049
99.8938883388
99.8689979491
99.8689979491
99.8544421657
99.838269073
99.82029897
99.8003321889
99.7781468766
99.7534965295
99.726107255
99.6956747278
99.6956747278
99.6618608086
99.6242897874
99.6242897874
99.5825442082
99.5361602313
99.5361602313
99.4846224793
99.4846224793
99.4273583103
99.3637314559
99.3637314559
99.293034951
99.293034951
99.2144832789
99.2144832789
99.1272036432
99.0302262702
98.9224736336
98.5219117059
97.2187161056
56.953279
0
0
0
0
0
10
34.39
46.8559
52.17031
56.953279
61.2579511
61.2579511
61.2579511
56.953279
52.17031
46.8559
40.951
34.39
27.1
27.1
19
10
0
0
0
0
0
0
0
0
0
0
0
10
27.1
40.951
56.953279
65.13215599
71.7570463519
77.123207545
79.4108867905
81.4697981115
83.3228183003
84.9905364703
86.4914828233
87.8423345409
89.0581010868
90.1522909782
91.1370618803
92.8210201231
94.2169350141
94.214638749
99.9667010363
99.9630011515
99.9630011515
99.9630011515
99.9588901683
99.9373421252
99.9303801391
99.922644599
99.922644599
99.9044995049
99.8938883388
99.8689979491
99.8544421657
99.838269073
99.82029897
99.8003321889
99.7781468766
99.7534965295
99.7534965295
99.726107255
99.6956747278
99.6618608086
99.6242897874
99.5825442082
99.5825442082
99.5361602313
99.4846224793
99.4846224793
99.4273583103
99.4273583103
99.3637314559
99.3637314559
99.293034951
99.2144832789
99.2144832789
99.1272036432
99.1272036432
99.0302262702
98.9224736336
98.8027484817
98.3576796732
97.496844495
91.1370618803
27.1
0
0
0
0
0
27.1
52.17031
61.2579511
68.618940391
71.7570463519
74.5813417167
74.5813417167
74.5813417167
71.7570463519
68.618940391
65.13215599
56.953279
52.17031
46.8559
34.39
27.1
19
10
10
0
0
0
0
0
0
0
0
0
0
0
19
34.39
52.17031
61.2579511
68.618940391
74.5813417167
77.123207545
81.4697981115
83.3228183003
84.9905364703
86.4914828233
87.8423345409
89.0581010868
91.1370618803
92.0233556923
94.2169350141
94.0383870083
99.9667010363
99.9630011515
99.9630011515
99.9588901683
99.9532509596
99.9373421252
99.9303801391
99.922644599
99.9044995049
99.8820981542
99.8689979491
99.8544421657
99.838269073
99.82029897
99.7781468766
99.7534965295
99.726107255
99.6956747278
99.6956747278
99.6618608086
99.6242897874
99.5825442082
99.5361602313
99.5361602313
99.4846224793
99.4273583103
99.4273583103
99.3637314559
99.3637314559
99.293034951
99.2144832789
99.2144832789
99.1272036432
99.1272036432
99.0302262702
98.9224736336
98.8027484817
98.8027484817
98.5219117059
98.3576796732
97.7471600455
95.7608841725
79.4108867905
0
0
0
0
0
0
46.8559
65.13215599
71.7570463519
77.123207545
81.4697981115
83.3228183003
83.3228183003
83.3228183003
83.3228183003
81.4697981115
77.123207545
74.5813417167
68.618940391
59.6652386601
52.17031
40.951
34.39
27.1
19
10
0
0
0
0
0
0
0
0
0
0
0
10
27.1
46.8559
56.953279
65.13215599
71.7570463519
77.123207545
79.4108867905
81.629810524
84.9905364703
86.4914828233
87.8423345409
90.1522909782
92.0233556923
93.5577266201
93.9731924777
99.9667010363
99.9630011515
99.9630011515
99.9532509596
99.9373421252
99.922644599
99.9140495544
99.8820981542
99.8544421657
99.838269073
99.8003321889
99.726107255
99.4846224793
99.4013024771
99.4430480563
99.4518610119
99.5825442082
99.5361602313
99.5361602313
99.5361602313
99.4846224793
99.4846224793
99.4273583103
99.3637314559
99.3637314559
99.293034951
99.293034951
99.2144832789
99.1272036432
99.1272036432
99.0302262702
99.0302262702
98.9224736336
98.8027484817
98.8027484817
98.6697205353
98.5219117059
98.3576796732
97.972444041
97.496844495
96.5663161797
92.8210201231
65.13215599
0
0
0
0
0
19
61.2579511
74.5813417167
81.4697981115
84.9905364703
87.8423345409
89.0581010868
89.0581010868
89.0581010868
89.0581010868
87.8423345409
86.4914828233
84.9905364703
81.4697981115
67.044446955
58.618940391
61.2579511
52.17031
40.951
34.39
19
10
0
0
0
0
0
0
0
0
0
0
0
0
27.1
40.951
56.953279
65.13215599
71.7570463519
77.123207545
79.4108867905
83.3228183003
84.9905364703
87.8423345409
89.0581010868
91.1370618803
92.8398286324
93.6832757319
99.9667010363
99.9630011515
99.9510961553
99.9079787884
0
0
0
0
0
0
0
0
0
0
0
0
0
0
0
0
0
0
40.951
84.9905364703
92.8210201231
96.1847957552
98.5999928858
98.9224736336
98.8027484817
98.8027484817
98.8027484817
98.6697205353
98.5219117059
98.5219117059
98.3576796732
98.1751996369
97.972444041
97.7471600455
97.2187161056
96.5663161797
94.7665236697
87.8423345409
56.953279
0
0
0
0
0
46.8559
74.5813417167
83.3228183003
87.8423345409
91.1370618803
92.0233556923
92.8210201231
92.8210201231
93.5389181108
92.8210201231
92.8210201231
92.0233556923
90.1522909782
89.0581010868
84.9905364703
81.4697981115
74.5813417167
65.13215599
56.953279
46.8559
34.39
27.1
10
0
0
0
0
0
0
0
0
0
0
0
0
19
40.951
56.953279
65.13215599
71.7570463519
77.123207545
79.4108867905
83.3228183003
86.4914828233
87.8423345409
91.1370618803
92.8398286324
93.656205285
0.0137540301021
0.00456775907451
0
0
0
0
0
0
0
0
0
0
0
0
0
0
0
0
0
0
0
0
0
0
0
0
0
0
0
56.953279
84.9905364703
92.0233556923
95.2898713028
97.496844495
97.496844495
97.496844495
97.2187161056
96.5663161797
95.7608841725
94.1850262997
91.1370618803
83.3228183003
52.17031
0
0
0
0
0
68.618940391
84.9905364703
91.1370618803
93.5389181108
95.2898713028
95.7608841725
96.1847957552
96.1847957552
96.1847957552
95.7608841725
95.2898713028
95.2898713028
94.1850262997
93.5389181108
91.1370618803
89.0581010868
84.9905364703
79.4108867905
71.7570463519
54.1454916952
52.17031
40.951
27.1
19
0
0
0
0
0
0
0
0
0
0
0
0
27.1
40.951
56.953279
65.13215599
71.7570463519
77.123207545
81.4697981115
84.9905364703
87.8423345409
90.1522909782
92.0421642017
92.780134151
0
0
0
0
0
0
0
0
0
0
0
0
0
0
0
0
0
0
0
0
0
0
0
0
0
0
0
0
0
0
0
0
0
0
65.13215599
83.3228183003
89.0581010868
91.1370618803
92.0233556923
90.1522909782
84.9905364703
74.5813417167
46.8559
0
0
0
0
52.17031
90.1522909782
95.2898713028
98.1751996369
98.5219117059
98.5219117059
98.5219117059
98.5219117059
98.5219117059
98.5219117059
98.3576796732
98.3576796732
98.1751996369
97.6634124971
96.4351113057
94.7665236697
93.5389181108
91.1370618803
87.8423345409
83.3228183003
74.5813417167
65.13215599
56.953279
46.8559
34.39
19
0
0
0
0
0
0
0
0
0
0
0
0
27.1
46.8559
56.953279
68.618940391
74.5813417167
79.4108867905
83.3228183003
86.4914828233
89.0581010868
92.0421642017
92.2811129109
0
0
0
0
0
0
0
0
0
0
0
0
0
0
0
0
0
0
0
0
0
0
0
0
0
0
0
0
0
0
0
0
0
0
0
0
0
0
65.13215599
74.5813417167
74.5813417167
65.13215599
34.39
0
0
0
0.508314564356
99.1272036432
99.2144832789
99.293034951
99.293034951
99.293034951
99.3637314559
99.3637314559
99.293034951
99.1272036432
99.0302262702
99.0302262702
98.9224736336
98.9224736336
98.8027484817
98.6697205353
98.2967132234
97.7164796986
97.226119929
97.5013008727
95.7655096934
88.9484628545
79.4108867905
69.1450976801
61.2579511
46.8559
34.39
19
0
0
0
0
0
0
0
0
0
0
0
10
34.39
52.17031
61.2579511
68.618940391
75.3656549361
81.4697981115
84.9905364703
88.2934590788
91.1474378915
90.6307716517
0
0
0
0
0
0
0
0
0
0
0
0
0
0
0
0
0
0
0
0
0
0
0
0
0
0
0
0
0
0
0
0
0
0
0
0
0
0
0
0
0
27.1
10
0.400561927713
1.15475960224
3.92461197612
99.2144832789
99.293034951
99.3637314559
99.3637314559
99.3637314559
99.4273583103
99.4273583103
99.4273583103
99.4273583103
99.4273583103
99.4273583103
99.4273583103
99.3637314559
99.2144832789
99.1272036432
98.1597270684
97.3601093433
97.1065079126
97.0029559718
97.7957356612
98.5219117059
98.1751996369
93.0574579958
81.4697981115
71.7570463519
61.2579511
52.17031
34.39
19
0
0
0
0
0
0
0
0
0
0
0
19
40.951
56.953279
65.13215599
71.7570463519
79.4108867905
83.3228183003
87.8423345409
91.0808120889
90.2889804793
0
0
0
0
0
0
0
0
0
0
0
0
0
0
0
0
0
0
0
0
0
0
0
0
0
0
0
0
0
0
0
0
0
0
0
0
0
0
0
0
0
0
0.747273996709
2.21751908145
27.457436927
99.293034951
99.293034951
99.3637314559
99.3637314559
99.4273583103
99.4273583103
99.4846224793
99.4846224793
99.4846224793
99.4846224793
99.4846224793
99.4846224793
99.4846224793
99.4846224793
99.4846224793
99.4846224793
99.3637314559
97.5997313454
96.9156437747
97.1288207262
98.2781380893
98.8027484817
98.6697205353
98.3576796732
89.0581010868
81.4697981115
71.7570463519
61.2579511
46.8559
34.39
10
0
0
0
0
0
0
0
0
0
0
0
27.1
46.8559
61.2579511
68.5252402405
77.0358982063
81.4697981115
86.4914828233
89.8171250721
90.5154588435
0
0
0
0
0
0
0
0
0
0
0
0
0
0
0
0
0
0
0
0
0
0
0
0
0
0
0
0
0
0
0
0
0
0
0
0
0
0
0
0
0
0
0
4.10989848899
42.2612042789
99.293034951
99.3637314559
99.4273583103
99.4273583103
99.4846224793
99.4846224793
99.4846224793
99.4846224793
99.5361602313
99.5361602313
99.5361602313
99.5361602313
99.5361602313
99.5361602313
99.5361602313
99.5361602313
99.5361602313
99.4846224793
99.4273583103
99.1524324297
99.1272036432
99.0302262702
97.5488888398
95.771598407
97.972444041
86.4914828233
79.4108867905
71.7570463519
61.2579511
46.8559
27.1
0
0
0
0
0
0
0
0
0
0
0
11.9960204647
40.951
56.953279
65.13215599
74.233357348
81.3886768258
86.4914828233
89.7085367232
87.9244782566
0
0
0
0
0
0
0
0
0
0
0
0
0
0
0
0
0
0
0
0
0
0
0
0
0
0
0
0
0
0
0
0
0
0
0
0
0
0
0
0
0
0
0
0
0
3.31181819531
16.0409131556
99.4273583103
99.4846224793
99.4846224793
99.5361602313
99.5361602313
99.5361602313
99.5361602313
99.5825442082
99.5825442082
99.5825442082
99.5825442082
99.5825442082
99.5825442082
99.5825442082
99.5361602313
99.5361602313
99.5361602313
99.4846224793
99.293034951
99.1272036432
97.9860663502
95.5586980014
98.1751996369
92.0233556923
84.9905364703
77.123207545
68.618940391
56.953279
40.951
19
0
0
0
0
0
0
0
0
0
0
0
34.39
52.17031
61.2579511
71.202651548
78.6873505254
84.746628567
87.8967585527
87.3781804072
0
0
0
0
0
0
0
0
0
0
0
0
0
0
0
0
0
0
0
0
0
0
0
0
0
0
0
0
0
0
0
0
0
0
0
0
0
0
0
0
0
0
0
0
0
0
0
0.812678501166
9.3323315011
45.6191138141
99.5361602313
99.5361602313
99.5825442082
99.5825442082
99.5825442082
99.5825442082
99.5825442082
99.5825442082
99.5825442082
99.5825442082
99.5825442082
99.5825442082
99.5825442082
99.5825442082
99.5361602313
99.5361602313
99.4846224793
99.0828786561
95.4297917871
97.6078560497
94.1850262997
89.0581010868
81.4697981115
74.5813417167
61.2579511
52.17031
34.39
0
0
0
0
0
0
0
0
0
0
0
19
46.8559
61.2579511
67.9796096865
75.7669982322
84.3756174037
87.5702108033
86.9487417198
0
0
0
0
0
0
0
0
0
0
0
0
0
0
0
0
0
0
0
0
0
0
0
0
0
0
0
0
0
0
0
0
0
0
0
0
0
0
0
0
0
0
0
0
0
0
0
0
0.120891023382
3.14663446649
9.43025323004
58.6315442082
99.5825442082
99.5825442082
99.6242897874
99.6242897874
99.6242897874
99.6242897874
99.6242897874
99.6242897874
99.6242897874
99.6242897874
99.6242897874
99.5825442082
99.5825442082
99.5825442082
99.5361602313
99.5361602313
95.5829289223
95.6330214111
95.2898713028
91.1370618803
84.9905364703
77.123207545
68.618940391
56.953279
40.951
19
0
0
0
0
0
0
0
0
0
0
10
40.951
56.953279
68.0541460563
75.4784367963
81.1049112265
87.3234114675
87.1353114265
0
0
0
0
0
0
0
0
0
0
0
0
0
0
0
0
0
0
0
0
0
0
0
0
0
0
0
0
0
0
0
0
0
0
0
0
0
0
0
0
0
0
0
0
0
0
0
0
0
0.108801921043
1.46238529749
4.81602053848
16.3014714871
99.6242897874
99.6242897874
99.6242897874
99.6242897874
99.6242897874
99.6242897874
99.6242897874
99.6242897874
99.6242897874
99.6242897874
99.6242897874
99.6242897874
99.5825442082
99.5825442082
99.5825442082
97.3513799055
95.6273588479
95.7608841725
92.0233556923
87.8423345409
81.4697981115
71.7570463519
61.2579511
46.8559
27.1
0
0
0
0
0
0
0
0
0
0
0
34.39
52.17031
64.5189394916
71.8778616847
80.3682917072
86.8214275279
87.0610682137
0
0
0
0
0
0
0
0
0
0
0
0
0
0
0
0
0
0
0
0
0
0
0
0
0
0
0
0
0
0
0
0
0
0
0
0
0
0
0
0
0
0
0
0
0
0
0
0
0
0
0.0979217289391
0.2605583315
3.43949403216
8.48722790704
42.7085818086
99.6618608086
99.6618608086
99.6618608086
99.6618608086
99.6618608086
99.6618608086
99.6618608086
99.6618608086
99.6242897874
99.6242897874
99.6242897874
99.6242897874
99.4482208489
99.0776595315
96.9059125816
96.1847957552
92.8210201231
89.0581010868
83.3228183003
74.5813417167
61.2579511
46.8559
27.1
0
0
0
0
0
0
0
0
0
0
0
27.1
52.17031
64.7224152056
71.7411172102
80.1161086444
84.0664096053
87.2882308326
0
0
0
0
0
0
0
0
0
0
0
0
0
0
0
0
0
0
0
0
0
0
0
0
0
0
0
0
0
0
0
0
0
0
0
0
0
0
0
0
0
0
0
0
0
0
0
0
0
0
0
0.139667308118
0.23450249835
2.6736245748
6.12294269787
20.2509740181
99.6956747278
99.6956747278
99.6956747278
99.6956747278
99.6618608086
99.6618608086
99.6618608086
99.6618608086
99.6618608086
99.560662933
99.4899664281
99.354150587
99.0203953625
98.6198334348
96.5005278387
93.5389181108
89.6658735661
83.3228183003
77.123207545
65.13215599
52.17031
34.39
0
0
0
0
0
0
0
0
0
0
0
27.1
46.8559
64.939040731
71.838137952
79.973218941
84.1701584371
87.6747124676
0
0
0
0
0
0
0
0
0
0
0
0
0
0
0
0
0
0
0
0
0
0
0
0
0
0
0
0
0
0
0
0
0
0
0
0
0
0
0
0
0
0
0
0
0
0
0
0
0
0
0
0.0375710212614
0.125700577307
0.211052248515
2.26408359079
4.92915105806
11.8533401868
99.6956747278
99.6956747278
99.6956747278
99.6956747278
99.6956747278
99.6956747278
99.5747837044
99.4702732804
99.4702732804
99.4702732804
99.3178028932
99.0621409417
98.661579014
96.6642379086
93.5389181108
90.1522909782
84.9905364703
77.123207545
65.13215599
52.17031
34.39
0
0
0
0
0
0
0
0
0
0
0
19
46.8559
64.9948566455
71.7434859771
79.7798550639
84.3426224663
88.1532447737
0
0
0
0
0
0
0
0
0
0
0
0
0
0
0
0
0
0
0
0
0
0
0
0
0
0
0
0
0
0
0
0
0
0
0
0
0
0
0
0
0
0
0
0
0
0
0
0
0
0
0
0
0.0713849403966
0.113130519576
0.479354606126
1.95570495242
3.84433205914
7.72965336696
99.726107255
99.726107255
99.5868728067
99.5868728067
99.5232459523
99.5232459523
99.5232459523
99.4525494474
99.3401838562
99.2529042205
98.9284490591
98.6100412619
96.6544457358
93.5853020876
90.1522909782
84.9905364703
77.123207545
65.13215599
52.17031
34.39
0
0
0
0
0
0
0
0
0
0
0
19
46.8559
64.9903571297
71.6266867325
79.497856288
86.7532698045
88.4379661693
0
0
0
0
0
0
0
0
0
0
0
0
0
0
0
0
0
0
0
0
0
0
0
0
0
0
0
0
0
0
0
0
0
0
0
0
0
0
0
0
0
0
0
0
0
0
0
0
0
0
0
0
0.0713849403966
0.0713849403966
0.0713849403966
0.766877462512
2.01045000768
3.38612560186
6.03200324632
99.6281855261
99.5709213571
99.5709213571
99.5709213571
99.5404888299
99.4768619755
99.4061654706
99.3276137984
99.001790234
98.8820650822
98.6012283063
96.2265413344
93.6270476668
90.1522909782
84.9905364703
77.123207545
65.13215599
52.17031
34.39
0
0
0
0
0
0
0
0
0
0
0
19
46.8559
64.8070469214
71.0771475152
78.9189517455
86.2499060814
90.8676949897
0
0
0
0
0
0
0
0
0
0
0
0
0
0
0
0
0
0
0
0
0
0
0
0
0
0
0
0
0
0
0
0
0
0
0
0
0
0
0
0
0
0
0
0
0
0
0
0
0
0
0
0
0.0338139191352
0.0713849403966
0.101817467618
0.101817467618
0.795828388234
2.03233128291
3.02012376718
4.29656864413
99.5864399469
99.5864399469
99.5291757779
99.5291757779
99.4655489235
99.4351163963
98.9614130578
98.8741334221
98.7411054757
98.4369962736
96.2641123557
93.58066369
90.1940365573
84.9905364703
74.5813417167
65.13215599
52.17031
27.1
0
0
0
0
0
0
0
0
0
0
0
19
46.8559
64.4527528067
70.339878302
78.1769109625
85.5584145431
91.0720062554
0
0
0
0
0
0
0
0
0
0
0
0
0
0
0
0
0
0
0
0
0
0
0
0
0
0
0
0
0
0
0
0
0
0
0
0
0
0
0
0
0
0
0
0
0
0
0
0
0
0
0
0
0
0
0.0338139191352
0.101817467618
0.101817467618
1.00726407206
2.08959545188
2.67675538515
25.9093494891
99.5864399469
99.5291757779
99.5291757779
99.4279779022
98.75198946
98.5861581522
98.7411054757
98.5932966463
97.8185449859
95.7984551937
93.576489132
89.099846666
83.3228183003
74.5813417167
61.2579511
46.8559
27.1
0
0
0
0
0
0
0
0
0
0
0
14.2207844669
50.9427765489
64.0326912186
72.9859118003
78.3221177465
85.0073622769
91.9713675727
0
0
0
0
0
0
0
0
0
0
0
0
0
0
0
0
0
0
0
0
0
0
0
0
0
0
0
0
0
0
0
0
0
0
0
0
0
0
0
0
0
0
0
0
0
0
0
0
0
0
0
0
0
0
0
0.0338139191352
0.0713849403966
0.143563046798
1.04900965124
1.78201573241
2.31045967235
72.4864399469
98.0859925898
97.7315687831
97.1397623159
97.2829625519
97.5610909414
97.8114064919
97.7809739646
96.9434984809
95.3612562432
92.8585911443
89.0956721081
81.4697981115
71.7570463519
56.953279
40.951
19
0
0
0
0
0
0
0
0
0
0
0
10
52.17031
66.7434547616
71.9690760755
79.7001115351
86.3868004498
91.9700364361
0
0
0
0
0
0
0
0
0
0
0
0
0
0
0
0
0
0
0
0
0
0
0
0
0
0
0
0
0
0
0
0
0
0
0
0
0
0
0
0
0
0
0
0
0
0
0
0
0
0
0
0
0
0
0
0
0
0.139667308118
0.331943271897
0.923358773261
4.44301385234
19.2443787718
95.8965734471
95.1642753018
94.7240221263
95.3541177491
96.2490422016
96.6305626261
96.6305626261
96.2490422016
94.8003375889
92.0571696114
87.8423345409
79.4484578118
68.618940391
52.17031
34.39
0
0
0
0
0
0
0
0
0
0
0
0
0
52.17031
64.8418435816
70.3988365157
78.4221962751
85.2601410147
91.1086851896
0
0
0
0
0
0
0
0
0
0
0
0
0
0
0
0
0
0
0
0
0
0
0
0
0
0
0
0
0
0
0
0
0
0
0
0
0
0
0
0
0
0
0
0
0
0
0
0
0
0
0
0
0
0
0
0
0
0
0.2605583315
0.409806508514
3.33408046313
13.594854911
48.6173521633
94.8379086101
92.0876021387
90.2165374245
90.2165374245
95.3541177491
95.3541177491
95.3541177491
93.6031645571
91.1708757995
86.5252967424
77.123207545
61.2579511
46.8559
27.1
0
0
0
0
0
0
0
0
0
0
0
0
0
50.8054549882
60.940804408
68.2687755385
73.8642130992
81.5625190524
90.0075419428
0
0
0
0
0
0
0
0
0
0
0
0
0
0
0
0
0
0
0
0
0
0
0
0
0
0
0
0
0
0
0
0
0
0
0
0
0
0
0
0
0
0
0
0
0
0
0
0
0
0
0
0
0
0
0
0
0
0
0
0.172428775455
0.368060929335
9.90800833126
22.7592347842
94.3819577768
91.1370618803
89.0581010868
89.0581010868
90.1827235054
94.2154588269
94.2154588269
92.8514526503
90.1958917187
83.3870647467
71.790860271
56.953279
40.951
10
0
0
0
0
0
0
0
0
0
0
0
0
0
29.5406011472
54.9281570525
61.9091438921
70.2725281312
77.0329873071
86.9928271991
0
0
0
0
0
0
0
0
0
0
0
0
0
0
0
0
0
0
0
0
0
0
0
0
0
0
0
0
0
0
0
0
0
0
0
0
0
0
0
0
0
0
0
0
0
0
0
0
0
0
0
0
0
0
0
0
0
0
0
0
0
6.05695973898
16.0194895305
59.3213468862
85.9915474453
86.4914828233
87.8423345409
89.0581010868
92.0233556923
92.8514526503
92.0537882195
89.0885336141
79.4413193178
65.1625885172
46.8559
27.1
0
0
0
0
0
0
0
0
0
0
0
0
0
0
7.85346351135
30.0007689406
53.079504921
60.2948014063
67.1026961689
79.2651702403
0
0
0
0
0
0
0
0
0
0
0
0
0
0
0
0
0
0
0
0
0
0
0
0
0
0
0
0
0
0
0
0
0
0
0
0
0
0
0
0
0
0
0
0
0
0
0
0
0
0
0
0
0
0
0
0
0
0
0
0
0
0
11.9348935418
20.2663093404
84.3895723727
85.2327171477
87.8423345409
87.8423345409
90.1522909782
91.1370618803
90.1522909782
86.5219153505
71.7874788791
56.9837115272
34.4204325272
0
0
0
0
0
0
0
0
0
0
0
0
10
34.39
0
0
0
17.1863173085
37.1695532201
48.0806988153
56.0205584783
0
0
0
0
0
0
0
0
0
0
0
0
0
0
0
0
0
0
0
0
0
0
0
0
0
0
0
0
0
0
0
0
0
0
0
0
0
0
0
0
0
0
0
0
0
0
0
0
0
0
0
0
0
0
0
0
0
0
0
0
0
0
0
16.085288189
90.1522909782
89.3002817643
92.8210201231
91.1370618803
89.0581010868
90.1522909782
87.8423345409
77.123207545
61.2579511
40.9814325272
10.0304325272
0
0
0
0
0
0
0
0
0
0
0
0
34.39
46.8559
18.4938938145
0
0
0
0.0436414364494
20.1313437865
24.4995089096
0
0
0
0
0
0
0
0
0
0
0
0
0
0
0
0
0
0
0
0
0
0
0
0
0
0
0
0
0
0
0
0
0
0
0
0
0
0
0
0
0
0
0
0
0
0
0
0
0
0
0
0
0
0
0
0
0
0
0
0
0
0
0
16.3715960793
87.8423345409
90.1522909782
93.5957717834
94.1269241098
91.7646107252
87.8423345409
79.4108867905
65.13215599
40.951
19
0.0304325272217
0
0
0
0
0
0
0
0
0
0
0
0
46.8559
56.953279
34.2871720586
0
0
0
0
0.904203386961
4.99693554803
0
0
0
0
0
0
0
0
0
0
0
0
0
0
0
0
0
0
0
0
0
0
0
0
0
0
0
0
0
0
0
0
0
0
0
0
0
0
0
0
0
0
0
0
0
0
0
0
0
0
0
0
0
0
0
0
0
0
0
0
0
0
0
2.54186582833
65.9905364703
89.0581010868
92.8210201231
94.5639853216
92.3353965544
79.4108867905
65.13215599
46.8559
19
0
0
0.0273892744995
0
0
0
0
0
0
0
0
0
0
0
57.0741700234
72.1058962354
66.8161120795
0
0
0
0
0
1.48123969837
0
0
0
0
0
0
0
0
0
0
0
0
0
0
0
0
0
0
0
0
0
0
0
0
0
0
0
0
0
0
0
0
0
0
0
0
0
0
0
0
0
0
0
0
0
0
0
0
0
0
0
0
0
0
0
0
0
0
0
0
0
0
0
0
48.9328183003
86.4914828233
90.1522909782
92.8210201231
84.9427596596
68.618940391
46.8559
19
0
0
0
0.0273892744995
0.0273892744995
0
0
0
0
0
0
0
0.0417455791793
0.0881295560452
47.0110858979
69.4988944977
79.6415335853
65.6776994473
0
0
0
0
0
0.546557430241
0
0
0
0
0
0
0
0
0
0
0
0
0
0
0
0
0
0
0
0
0
0
0
0
0
0
0
0
0
0
0
0
0
0
0
0
0
0
0
0
0
0
0
0
0
0
0
0
0
0
0
0
0
0
0
0
0
0
0
0
0
0
0
0
50.023207545
84.9905364703
87.8423345409
89.0581010868
75.4484130688
56.953279
19
0
0
0
0
0
0.0273892744995
0
0
0
0
0.0338139191352
0.0338139191352
0.0713849403966
0.0793166004407
0.17723832938
63.5213101013
87.6928768648
84.2328825465
68.618940391
0
0
0
0
0
0.138794462116
0
0
0
0
0
0
0
0
0
0
0
0
0
0
0
0
0
0
0
0
0
0
0
0
0
0
0
0
0
0
0
0
0
0
0
0
0
0
0
0
0
0
0
0
0
0
0
0
0
0
0
0
0
0
0
0
0
0
0
0
0
0
0
0
49.618940391
81.4697981115
84.9905364703
86.4914828233
63.3258154295
27.1
0
0
0
0
0
0
0
0.0246503470496
0.0273892744995
0.0273892744995
0.0304325272217
0.0642464463569
0.0642464463569
0.0713849403966
0.113130519576
58.2017531021
84.9499137375
99.0695640849
74.7537704922
68.618940391
0
0
0
0
0
0.172309943535
0
0
0
0
0
0
0
0
0
0
0
0
0
0
0
0
0
0
0
0
0
0
0
0
0
0
0
0
0
0
0
0
0
0
0
0
0
0
0
0
0
0
0
0
0
0
0
0
0
0
0
0
0
0
0
0
0
0
0
0
0
0
0
0
46.8559
74.5813417167
81.4697981115
70.3609723103
42.2573289253
0
0
0
0
0
0
0
0
0.0246503470496
0.0246503470496
0.0273892744995
0.0273892744995
0.0304325272217
0.0642464463569
0.101817467618
29.7535658285
80.9940599952
87.4479647974
77.3201390221
74.138636556
62.6042631001
0
0
0
0
0
1.25820249775
0
0
0
0
0
0
0
0
0
0
0
0
0
0
0
0
0
0
0
0
0
0
0
0
0
0
0
0
0
0
0
0
0
0
0
0
0
0
0
0
0
0
0
0
0
0
0
0
0
0
0
0
0
0
0
0
0
0
0
0
0
0
0
0
0
65.13215599
74.5813417167
54.3405767905
6.88845639477
0
0
0
0
0
0
0
0
0.0246503470496
0.0246503470496
0.0246503470496
0.0273892744995
0.0578218017212
0.0642464463569
19.9030183329
71.4357605683
77.7730085107
77.3004458744
74.6694712728
71.7570463519
51.8269045381
0
0
0
0
0
7.90574466403
0
0
0
0
0
0
0
0
0
0
0
0
0
0
0
0
0
0
0
0
0
0
0
0
0
0
0
0
0
0
0
0
0
0
0
0
0
0
0
0
0
0
0
0
0
0
0
0
0
0
0
0
0
0
0
0
0
0
0
0
0
0
0
0
0
46.8559
68.618940391
27.7254417167
0
0
0
0
0
0
0
0
0
0.0246503470496
0.0246503470496
0.0246503470496
0.0520396215491
0.0578218017212
17.8719457209
68.7207578586
77.2250250127
77.2363380646
77.2025241455
74.5813417167
71.7570463519
19.8194784348
0
0
0
0
30.9156023258
42.6108292465
0
0
0
0
0
0
0
0
0
0
0
0
0
0
0
0
0
0
0
0
0
0
0
0
0
0
0
0
0
0
0
0
0
0
0
0
0
0
0
0
0
0
0
0
0
0
0
0
0
0
0
0
0
0
0
0
0
0
0
0
0
0
0
0
0
10
52.17031
14.4020511
0
0
0
0
0
0
0
0
0
0
0.0246503470496
0.0710343239155
0.207225519458
25.1527821488
65.2237917109
74.6831591843
79.5127042582
79.4822717309
77.123207545
74.5813417167
69.8743580657
0
0
0
2.955750755
71.2471739948
98.3221801624
99.3252921596
0.0137540301021
0
0
0
0
0
0
0
0
0
0
0
0
0
0
0
0
0
0
0
0
0
0
0
0
0
0
0
0
0
0
0
0
0
0
0
0
0
0
0
0
0
0
0
0
0
0
0
0
0
0
0
0
0
0
0
0
0
0
0
0
0
0
0
0
0
0
0
0
0
0
0
0
0
0
0
0
0.0793166004407
0.134965215439
0.134965215439
33.3202713505
61.3099907215
71.8486820728
79.5025225114
81.5340445578
79.4108867905
79.4108867905
77.123207545
10.9823685079
0
0.0417455791793
67.0681395577
96.3572245307
99.4332849987
99.4215532576
99.6628325044
99.9667010363
99.9630011515
0.0793527623166
0
0
0
0
0
0
0
0
0
0
0
0
0
0
0
0
0
0
0
0
0
0
0
0
0
0
0
0
0
0
0
0
0
0
0
0
0
0
0
0
0
0
0
0
0
0
0
0
0
0
0
0
0
0
0
0
0
0
0
0
0
0
0
0
0
0
0
0
0
0
0
0
0
0
0.159514496442
28.0622863285
52.3052752154
61.282601447
68.6709800125
77.1810293468
81.5340445578
81.5036120306
81.4697981115
79.4108867905
67.8641548044
8.55619357271
22.7802416137
94.3960785482
99.6618608086
99.6242897874
99.5825442082
99.5939820331
99.7347306354
99.9667010363
99.9630011515
99.9630011515
99.9419098843
0.340100390778
0
0
0
0
0
0
0
0
0
0
0
0
0
0
0
0
0
0
0
0
0
0
0
0
0
0
0
0
0
0
0
0
0
0
0
0
0
0
0
0
0
0
0
0
0
0
0
0
0
0
0
0
0
0
0
0
0
0
0
0
0
0
0
0
0
0
0
0
0
0
34.39
40.951
47.0732362982
57.1773529888
61.3929163154
65.156806337
74.6333813383
79.4687085923
81.5002306387
83.3228183003
84.9905364703
86.4914828233
91.1370618803
96.4021320534
99.726107255
99.726107255
99.6956747278
99.6618608086
99.6242897874
99.7067619362
99.7764762146
99.9667010363
99.9667010363
99.9630011515
99.9532509596
99.9303801391
99.922644599
0.518366698336
0
0
0
0
0
0
0
0
0
0
0
0
0
0
0
0
0
0
0
0
0
0
0
0
0
0
0
0
0
0
0
0
0
0
0
0
0
0
0
0
0
0
0
0
0
0
0
0
0
0
0
0
0
0
0
0
0
0
0
0
0
0
0
0
0
0
27.1
40.951
46.8559
52.17031
57.2468033973
61.6309249786
65.4134941477
72.0161991973
77.2025241455
83.3870647467
92.9228375907
95.3916887704
97.01879344
98.8392719214
99.7781468766
99.7781468766
99.7534965295
99.7534965295
99.726107255
99.6956747278
99.6956747278
99.7139004302
99.8476423524
99.9667010363
99.9667010363
99.9630011515
99.9630011515
99.9419098843
65.5403801391
99.922644599
99.8938883388
0.369819686439
0
0
0
0
0
0
0
0
0
0
0
0
0
0
0
0
0
0
0
0
0
0
0
0
0
0
0
0
0
0
0
0
0
0
0
0
0
0
0
0
0
0
0
0
0
0
0
0
0
0
0
0
0
0
0
0
0
0
0
0
0
0
0
19
34.39
46.8559
52.17031
57.0968420468
61.6087396663
65.5051298686
69.055541124
75.1450053144
93.2036286121
98.4475925428
99.726107255
99.726107255
99.8003321889
99.8003321889
99.7781468766
99.7781468766
99.7781468766
99.7534965295
99.7534965295
99.726107255
99.726107255
99.7477143493
99.8909077298
99.9667010363
99.9667010363
99.9630011515
99.9630011515
99.9532509596
47.7670321252
47.7600701391
31.303704208
53.0261981542
18.3846440542
0.153857089167
0
0
0
0
0
0
0
0
0
0
0
0
0
0
0
0
0
0
0
0
0
0
0
0
0
0
0
0
0
0
0
0
0
0
0
0
0
0
0
0
0
0
0
0
0
0
0
0
0
0
0
0
0
0
0
0
0
0
0
0
0
19
40.951
46.8559
52.17031
57.1952656452
61.6309249786
68.9919142696
75.0179424497
96.7706446653
98.7225584403
99.7534965295
99.7781468766
99.8003321889
99.8003321889
99.8003321889
99.8003321889
99.8003321889
99.7781468766
99.7781468766
99.7534965295
99.7534965295
99.7534965295
99.8088757527
99.8771643511
99.9667010363
99.9667010363
99.9630011515
99.9630011515
65.5632509596
38.6793910252
34.7982241491
28.1655982471
28.1570032025
25.3007564375
31.2355017747
0.877858555329
0
0
0
0
0
0
0
0
0
0
0
0
0
0
0
0
0
0
0
0
0
0
0
0
0
0
0
0
0
0
0
0
0
0
0
0
0
0
0
0
0
0
0
0
0
0
0
0
0
0
0
0
0
0
0
0
0
0
0
0
10
34.39
46.8559
52.17031
61.5514754973
65.5250966497
80.9027753374
97.3662520759
98.5407109765
99.8003321889
99.82029897
99.82029897
99.82029897
99.82029897
99.82029897
99.8003321889
99.8003321889
99.8003321889
99.7781468766
99.7781468766
99.7534965295
99.7534965295
99.8088757527
99.8921843276
99.9667010363
99.9667010363
99.9630011515
59.0120011515
38.6952998596
28.1848635324
25.3490384224
22.807172594
22.7994370539
18.4240902273
16.5461796488
25.273100449
7.77697649659
0
0
0
0
0
0
0
0
0
0
0
0
0
0
0
0
0
0
0
0
0
0
0
0
0
0
0
0
0
0
0
0
0
0
0
0
0
0
0
0
0
0
0
0
0
0
0
0
0
0
0
0
0
0
0
0
0
0
0
0
34.39
46.8559
56.953279
61.6309249786
95.1594643294
97.9077552577
98.6659103467
99.5445427877
99.8544421657
99.8544421657
99.8544421657
99.838269073
99.82029897
99.82029897
99.8003321889
99.8003321889
99.8003321889
99.8003321889
99.7781468766
99.7781468766
99.7781468766
99.8088757527
99.8609447725
66.8041196133
53.1071011515
43.0097221515
31.3440607605
26.2018005748
22.8187023392
20.5264553346
18.4605820276
16.5998262987
16.5816812046
14.8915616839
16.5461796488
20.4435553752
18.3083487651
0.23450249835
0
0
0
0
0
0
0
0
0
0
0
0
0
0
0
0
0
0
0
0
0
0
0
0
0
0
0
0
0
0
0
0
0
0
0
0
0
0
0
0
0
0
0
0
0
0
0
0
0
0
0
0
0
0
0
0
0
0
34.39
46.8559
56.953279
99.1956891415
98.7113262669
99.0968043907
99.4963455604
99.8689979491
99.8689979491
99.8689979491
99.8544421657
99.8544421657
99.838269073
99.82029897
99.82029897
99.8003321889
99.8003321889
99.8003321889
99.8003321889
99.8003321889
99.8003321889
99.8441612701
99.8690616375
31.3477606453
28.2059547996
25.3816594348
22.8397936065
20.5464751522
18.412007557
16.6145238248
14.9398436688
14.9321081287
13.4225667312
13.4024055155
14.8915616839
14.8784614788
18.3684709615
22.6549393315
0.409806508514
0
0
0
0
0
0
0
0
0
0
0
0
0
0
0
0
0
0
0
0
0
0
0
0
0
0
0
0
0
0
0
0
0
0
0
0
0
0
0
0
0
0
0
0
0
0
0
0
0
0
0
0
0
0
0
0
0
27.1
46.8559
83.5622549411
99.5381144059
99.4000459567
99.4718659091
99.775903249
99.8689979491
99.8689979491
99.8689979491
99.8544421657
99.8544421657
99.8544421657
99.838269073
99.82029897
99.82029897
99.8003321889
99.8003321889
99.8003321889
99.8003321889
99.8003321889
99.8511232562
99.8710583156
20.5558142458
20.552114361
18.49320304
16.6401828512
14.9668254725
13.450427061
13.4458593019
12.0880455981
12.080310058
12.080310058
12.0515537979
12.0397636133
13.390615331
14.8784614788
20.4094121795
47.5831865295
0.552317937995
0
0
0
0
0
0
0
0
0
0
0
0
0
0
0
0
0
0
0
0
0
0
0
0
0
0
0
0
0
0
0
0
0
0
0
0
0
0
0
0
0
0
0
0
0
0
0
0
0
0
0
0
0
0
0
0
34.39
59.1244571284
99.82029897
99.5542874986
99.568843282
99.7197497721
99.8689979491
99.8689979491
99.8689979491
99.8689979491
99.8689979491
99.8544421657
99.8544421657
99.8544421657
99.838269073
99.82029897
99.82029897
99.82029897
99.82029897
99.82029897
99.8364720627
99.8759599352
99.8761619893
14.976164566
14.9724646812
13.4715183282
13.4658791195
12.1150274018
11.0260695528
10.8838087974
10.8722790522
9.77808916092
9.77035362082
9.75220852676
10.835787252
10.8239970674
12.0397636133
16.5316238654
99.8003321889
99.726107255
0.505933961129
0
0
0
0
0
0
0
0
0
0
0
0
0
0
0
0
0
0
0
0
0
0
0
0
0
0
0
0
0
0
0
0
0
0
0
0
0
0
0
0
0
0
0
0
0
0
0
0
0
0
0
0
0
0
0
41.2754551614
99.4846224793
99.838269073
99.5988587487
99.7238344801
99.8820981542
99.8820981542
99.8820981542
99.8689979491
99.8689979491
99.8689979491
99.8689979491
99.8689979491
99.8689979491
99.8689979491
99.8528248564
99.8528248564
99.8659250615
99.8820981542
99.8820981542
99.8820981542
99.8691396919
99.8807384227
11.3377121301
10.8992608559
10.8992608559
10.8992608559
9.79999567674
9.78961890609
8.80484800391
8.79331825874
8.79331825874
8.78558271864
8.77698767408
8.76743762457
9.75019240519
10.8521178366
15.5533836396
99.8468641176
99.7867419211
99.6956747278
0
0
0
0
0
0
0
0
0
0
0
0
0
0
0
0
0
0
0
0
0
0
0
0
0
0
0
0
0
0
0
0
0
0
0
0
0
0
0
0
0
0
0
0
0
0
0
0
0
0
0
0
0
0
10
99.3637314559
99.6242897874
99.8689979491
99.6905106259
99.8820981542
99.8820981542
99.8820981542
99.8820981542
99.8689979491
99.8689979491
99.8689979491
99.8689979491
99.8689979491
99.8689979491
99.8689979491
99.8820981542
99.8820981542
99.8820981542
99.8820981542
99.8820981542
99.8820981542
99.8809298765
99.86456533
9.56304787297
8.82030006242
8.82030006242
8.81522477455
8.80895898707
7.91855419194
7.91855419194
7.90702444677
7.10936001601
7.1016244759
7.1016244759
7.89928890667
7.90702444677
8.79331825874
13.4282861497
99.8948785833
99.8366295547
99.7620915741
99.6242897874
0
0
0
0
0
0
0
0
0
0
0
0
0
0
0
0
0
0
0
0
0
0
0
0
0
0
0
0
0
0
0
0
0
0
0
0
0
0
0
0
0
0
0
0
0
0
0
0
0
0
0
0
0
99.1272036432
99.4846224793
99.838269073
99.8820981542
99.8820981542
99.8938883388
99.8938883388
99.8938883388
99.8820981542
99.8820981542
99.8689979491
99.8689979491
99.8689979491
99.8689979491
99.8689979491
99.8820981542
99.8820981542
99.8820981542
99.8820981542
99.8820981542
99.8938883388
99.8938883388
99.8809298765
99.8807384227
7.93263084744
7.93400625045
7.92893096259
7.13126653182
7.12500074434
7.12088976117
6.40299177348
6.39146202831
6.39146202831
6.38372648821
6.38372648821
6.39146202831
7.10936001601
7.90702444677
11.2284595086
99.9303801391
99.9079787884
99.8262128231
99.7347022996
80.5361602313
0
0
0
0
0
0
0
0
0
0
0
0
0
0
0
0
0
0
0
0
0
0
0
0
0
0
0
0
0
0
0
0
0
0
0
0
0
0
0
0
0
0
0
0
0
0
0
0
0
0
0
95.2898713028
99.293034951
99.6242897874
99.8689979491
99.8820981542
99.8938883388
99.8938883388
99.8938883388
99.8938883388
99.8938883388
99.8820981542
99.8820981542
99.8689979491
99.8689979491
99.8689979491
99.8820981542
99.8820981542
99.8820981542
99.8938883388
99.8938883388
99.8938883388
99.8938883388
99.9008503249
99.9082776911
99.8925286073
6.41706842898
6.41336854413
6.41336854413
6.41336854413
6.40710275665
5.75688358456
5.75231582548
5.74535383939
5.74535383939
5.73761829929
5.74535383939
5.74535383939
5.74535383939
6.39146202831
8.79331825874
99.9303801391
99.9303801391
99.9303801391
99.8700419043
99.6925896848
38.6700482754
0
0
0
0
0
0
0
0
0
0
0
0
0
0
0
0
0
0
0
0
0
0
0
0
0
0
0
0
0
0
0
0
0
0
0
0
0
0
0
0
0
0
0
0
0
0
0
0
0
27.1
98.9224736336
99.4846224793
99.726107255
99.8820981542
99.8938883388
99.9044995049
99.9044995049
99.9044995049
99.9044995049
99.9044995049
99.8938883388
99.9016238789
99.8898336943
99.8898336943
99.8898336943
99.8898336943
99.9016238789
99.9016238789
99.9016238789
99.8938883388
99.8938883388
99.9008503249
99.908585865
99.9094453694
99.9247523549
5.77096024006
5.76726035521
5.76726035521
5.76726035521
5.31811803017
5.17538621453
5.17081845545
5.16385646936
4.64050883633
4.64050883633
4.64050883633
4.64050883633
5.17081845545
5.17081845545
6.57997891653
99.9303801391
99.9303801391
99.9303801391
99.9303801391
99.9024833834
99.5848592105
11.3512220116
0
0
0
0
0
0
0
0
0
0
0
0
0
0
0
0
0
0
0
0
0
0
0
0
0
0
0
0
0
0
0
0
0
0
0
0
0
0
0
0
0
0
0
0
0
0
0
0
95.7608841725
99.2144832789
99.6242897874
99.8689979491
99.8938883388
99.9044995049
99.9044995049
99.9140495544
99.922644599
99.922644599
99.9303801391
99.9208300896
99.9102189235
99.9016238789
99.9016238789
99.908585865
99.908585865
99.908585865
99.908585865
99.908585865
99.908585865
99.908585865
99.908585865
99.908585865
99.9071161124
99.9247523549
5.18946287003
5.18576298518
5.18576298518
5.06335216233
4.6520385815
4.6520385815
4.64747082242
4.34262102112
4.16949596661
4.16949596661
4.16949596661
4.1764579527
4.1764579527
4.64747082242
5.17081845545
80.9303801391
99.9303801391
99.9303801391
99.9303801391
99.9303801391
99.8938883388
99.412430435
0
0
0
0
0
0
0
0
0
0
0
0
0
0
0
0
0
0
0
0
0
0
0
0
0
0
0
0
0
0
0
0
0
0
0
0
0
0
0
0
0
0
0
0
0
0
0
0
98.5219117059
99.4273583103
99.6956747278
99.8820981542
99.9044995049
99.9140495544
99.922644599
99.922644599
99.9303801391
99.9303801391
99.9303801391
99.9303801391
99.9303801391
99.9277920757
99.9277920757
99.9277920757
99.9191970311
99.908585865
99.908585865
99.908585865
99.908585865
99.908585865
99.908585865
99.908585865
99.9071161124
99.9247523549
4.666115237
4.66241535215
4.66241535215
4.32510007505
4.18102571177
4.1764579527
4.1764579527
3.74558438386
3.74558438386
3.74558438386
3.75254636995
3.75254636995
3.75254636995
3.75254636995
4.1764579527
25.3560004085
99.9303801391
99.9303801391
99.9303801391
99.9303801391
99.922644599
99.8820981542
98.5219117059
0
0
0
0
0
0
0
0
0
0
0
0
0
0
0
0
0
0
0
0
0
0
0
0
0
0
0
0
0
0
0
0
0
0
0
0
0
0
0
0
0
0
0
0
0
0
65.13215599
98.9224736336
99.6242897874
99.7534965295
99.8938883388
99.922644599
99.9303801391
99.9303801391
99.9303801391
99.9303801391
99.9303801391
99.9373421252
99.9373421252
99.9373421252
99.9373421252
99.9373421252
99.9373421252
99.9277920757
99.9277920757
99.9191970311
99.9191970311
99.9191970311
99.908585865
99.908585865
99.908585865
99.9071161124
99.9276279809
4.19510236727
4.19140248242
4.19140248242
3.93048491765
3.75711412902
3.75254636995
3.75254636995
3.36406395938
3.36406395938
3.37102594547
3.37102594547
3.02765756344
3.02765756344
3.02765756344
3.37102594547
6.53135606206
99.9373421252
99.9303801391
99.9303801391
99.9303801391
99.922644599
99.8938883388
99.8689979491
62.8287161056
0
0
0
0
0
0
0
0
0
0
0
0
0
0
0
0
0
0
0
0
0
0
0
0
0
0
0
0
0
0
0
0
0
0
0
0
0
0
0
0
0
0
0
0
0
97.496844495
99.293034951
99.6956747278
99.8689979491
99.922644599
99.9303801391
99.9303801391
99.9344911223
99.9414531083
99.9414531083
99.9414531083
99.9414531083
99.9414531083
99.9373421252
99.9373421252
99.9373421252
99.9373421252
99.9373421252
99.9277920757
99.9277920757
99.9277920757
99.9191970311
99.9191970311
99.9191970311
99.9254628186
99.9087491708
99.9276279809
3.77119078452
3.76749089967
3.76749089967
3.71886277585
3.37559370455
3.37102594547
3.37102594547
3.17014975117
3.02765756344
3.02765756344
2.89758654201
2.71862601962
2.71862601962
2.71862601962
2.71862601962
3.02765756344
99.9373421252
99.9303801391
99.9303801391
99.9303801391
99.9303801391
99.9044995049
99.8820981542
99.838269073
8.27504084646
0
0
0
0
0
0
0
0
0
0
0
0
0
0
0
0
0
0
0
0
0
0
0
0
0
0
0
0
0
0
0
0
0
0
0
0
0
0
0
0
0
0
0
0
98.3576796732
99.5825442082
99.7534965295
99.9024833834
99.9303801391
99.9414531083
99.9414531083
99.9414531083
99.9414531083
99.9414531083
99.9414531083
99.9414531083
99.9414531083
99.9414531083
99.9414531083
99.9373421252
99.9373421252
99.9373421252
99.9373421252
99.9373421252
99.9277920757
99.9277920757
99.9191970311
99.9191970311
99.9254628186
99.919360337
99.9276279809
3.38967036004
3.38597047519
3.38597047519
3.38597047519
3.31912495326
3.02765756344
3.02765756344
3.02765756344
2.71862601962
2.71862601962
2.71862601962
2.44049763017
2.44049763017
2.44049763017
2.40898214869
2.44049763017
21.7083419826
99.9373421252
99.9303801391
99.9303801391
99.9303801391
99.9303801391
99.8938883388
99.8689979491
99.7781468766
0
0
0
0
0
0
0
0
0
0
0
0
0
0
0
0
0
0
0
0
0
0
0
0
0
0
0
0
0
0
0
0
0
0
0
0
0
0
0
0
0
0
0
10
99.0302262702
99.6618608086
99.8689979491
99.9303801391
99.9414531083
99.9414531083
99.9414531083
99.9414531083
99.9414531083
99.9414531083
99.9414531083
99.9414531083
99.9414531083
99.9414531083
99.9414531083
99.9414531083
99.9414531083
99.9373421252
99.9373421252
99.9373421252
99.9373421252
99.9277920757
99.9277920757
99.9254628186
99.9254628186
99.919360337
99.9190329363
3.21597652511
3.16452340416
3.05924195975
3.04260209317
3.02765756344
3.02765756344
2.71862601962
2.71862601962
2.71862601962
2.44049763017
2.44049763017
2.19018207967
2.19018207967
1.96489808422
1.96489808422
1.96489808422
2.38108210944
99.9414531083
99.9414531083
99.9414531083
99.9344911223
99.9303801391
99.922644599
99.8820981542
99.838269073
71.5471889304
0
0
0
0
0
0
0
0
0
0
0
0
0
0
0
0
0
0
0
0
0
0
0
0
0
0
0
0
0
0
0
0
0
0
0
0
0
0
0
0
0
0
96.5663161797
99.4273583103
99.8003321889
99.9344911223
99.9414531083
99.9414531083
99.9414531083
99.9414531083
99.9414531083
99.9414531083
99.9414531083
99.9414531083
99.9414531083
99.9414531083
99.9414531083
99.9414531083
99.9414531083
99.9414531083
99.9414531083
99.9414531083
99.9373421252
99.9373421252
99.9373421252
99.9340578632
99.9340578632
99.9177272785
99.9153330515
99.9209722602
3.03933999192
3.04260209317
3.04260209317
2.96102584682
2.75771986953
2.71862601962
2.71862601962
2.44344629017
2.41809627947
2.28903131488
2.19018207967
1.96489808422
1.96489808422
1.76214248832
1.579662452
1.58377343517
1.76625347149
20.5305663178
99.9414531083
99.9414531083
99.9414531083
99.9414531083
99.9344911223
99.9120334329
99.8689979491
99.8003321889
0
0
0
0
0
0
0
0
0
0
0
0
0
0
0
0
0
0
0
0
0
0
0
0
0
0
0
0
0
0
0
0
0
0
0
0
0
0
0
0
0
0
98.1751996369
99.6956747278
99.8748837335
99.9414531083
99.9414531083
99.9414531083
99.9414531083
99.9477188958
99.9477188958
99.9414531083
99.9414531083
99.9414531083
99.9414531083
99.9414531083
99.9414531083
99.9414531083
99.9414531083
99.9414531083
99.9414531083
99.9414531083
99.9414531083
99.9373421252
99.9436079127
99.9436079127
99.9340578632
99.9263223231
99.9153330515
99.9209722602
2.88349597486
2.86005850976
2.77767874806
2.72295938322
2.7080148535
2.66090782753
2.41809627947
2.41809627947
2.189966429
2.17957091355
1.96489808422
1.89496804499
1.76214248832
1.58377343517
1.41954140249
1.27173257307
1.30899029703
1.76625347149
47.7711431083
99.9414531083
99.9414531083
99.9414531083
99.9414531083
99.9344911223
99.8948041819
99.838269073
99.7534965295
0
0
0
0
0
0
0
0
0
0
0
0
0
0
0
0
0
0
0
0
0
0
0
0
0
0
0
0
0
0
0
0
0
0
0
0
0
0
0
0
0
99.1272036432
99.8044431721
99.9414531083
99.9414531083
99.9477188958
99.9522866549
99.9522866549
99.9477188958
99.9477188958
99.9477188958
99.9477188958
99.9477188958
99.9477188958
99.9414531083
99.9414531083
99.9414531083
99.9414531083
99.9414531083
99.9414531083
99.9414531083
99.9414531083
99.9414531083
99.9414531083
99.9436079127
99.9340578632
99.9263223231
99.9169857455
99.9209722602
2.78119657143
2.71599739713
2.70420721255
2.68287387347
2.57602673301
2.41809627947
2.41113429338
2.21619640112
2.15308320278
1.92779920733
1.946551378
1.76625347149
1.58377343517
1.41954140249
1.1387046266
1.01897947478
1.01897947478
1.27173257307
9.20348266594
38.6835020083
72.8414531083
99.9414531083
99.9414531083
99.9414531083
99.9344911223
99.8862091374
99.8003321889
0
0
0
0
0
0
0
0
0
0
0
0
0
0
0
0
0
0
0
0
0
0
0
0
0
0
0
0
0
0
0
0
0
0
0
0
0
0
0
0
94.1850262997
99.6659717918
99.8989895665
99.9460208674
99.9522866549
99.9559865398
99.9559865398
99.9559865398
99.9559865398
99.9514187807
99.9514187807
99.9514187807
99.9477188958
99.9477188958
99.9477188958
99.9477188958
99.9414531083
99.9414531083
99.9414531083
99.9414531083
99.9414531083
99.9414531083
99.9414531083
99.9477188958
99.9477188958
99.9436079127
99.9263223231
99.9276279809
99.9209722602
2.71505878867
2.6663275409
2.62730370082
2.56088860034
2.44482375929
2.42151106403
2.27589120508
2.15719418595
2.03322898027
1.9319101905
1.73611658069
1.56387217484
1.40893023637
1.26112140695
1.00836830866
0.786391371809
0.726969829473
0.911226838133
1.47952139056
10.6934199759
21.8038761054
36.2517760125
53.0901208674
80.9460208674
99.9414531083
99.9344911223
99.8731089323
99.7534965295
0
0
0
0
0
0
0
0
0
0
0
0
0
0
0
0
0
0
0
0
0
0
0
0
0
0
0
0
0
0
0
0
0
0
0
0
0
0
0
97.9765550241
99.8090109311
99.9460208674
99.9497207523
99.9559865398
99.9559865398
99.9559865398
99.9559865398
99.9559865398
99.9559865398
99.9559865398
99.9514187807
99.9514187807
99.9514187807
99.9514187807
99.9477188958
99.9477188958
99.9477188958
99.9477188958
99.9477188958
99.9414531083
99.9414531083
99.9477188958
99.9477188958
99.9477188958
99.9477188958
99.9358723726
99.9276279809
99.9209722602
2.71737833304
2.62344899029
2.58267841747
2.5140558422
2.42607882311
2.33274947062
2.16345997343
2.13334666773
1.9319101905
1.83858004795
1.72915459459
1.54408649486
1.37985446218
1.23978117287
0.891922315296
0.348297734018
0.405292877004
0.62091795259
1.01897947478
2.11282396228
5.18576298518
8.81522477455
13.4608038316
18.4824885434
25.3646791507
34.8138648774
80.9344911223
80.8731089323
0
0
0
0
0
0
0
0
0
0
0
0
0
0
0
0
0
0
0
0
0
0
0
0
0
0
0
0
0
0
0
0
0
0
0
0
0
0
0
99.6329685296
99.9390588813
99.9497207523
99.9559865398
99.9559865398
99.9559865398
99.9559865398
99.9559865398
99.9559865398
99.9559865398
99.9559865398
99.9559865398
99.9514187807
99.9514187807
99.9514187807
99.9514187807
99.9514187807
99.9514187807
99.9477188958
99.9477188958
99.9477188958
99.9514187807
99.9514187807
99.9514187807
99.9514187807
99.9514187807
99.9514187807
99.9441400165
99.9190507609
2.80833302907
2.67970428139
2.5782203386
2.51601967027
2.36317387301
2.2494830365
2.15851442869
2.03349160034
1.9319101905
1.72915459459
1.64759390824
1.54408649486
1.37985446218
1.23204563277
1.04754222834
0.220405225717
0.0870109426383
0.0932767301205
0.10944982282
0.117717466745
0.477331303323
0.861127974538
1.30486809178
2.45914204475
3.38967036004
4.666115237
5.18319708254
4.16184412419
9.65671995298
0
0
0
0
0
0
0
0
0
0
0
0
0
0
0
0
0
0
0
0
0
0
0
0
0
0
0
0
0
0
0
0
0
0
0
0
0
91.1457406226
99.9076423689
99.9547960401
99.9610618276
99.9667010363
99.9667010363
99.9667010363
99.9559865398
99.9559865398
99.9559865398
99.9559865398
99.9559865398
99.9559865398
99.9514187807
99.9514187807
99.9514187807
99.9514187807
99.9514187807
99.9514187807
99.9514187807
99.9514187807
99.9514187807
99.9514187807
99.9514187807
99.9514187807
99.9514187807
99.9514187807
99.9514187807
99.9518755566
99.9356787634
3.17421053624
2.83509653503
2.64255090156
2.4825000716
2.33307927369
2.22736144028
2.12940174382
1.96505350954
1.91242483598
1.72587033257
1.56401095769
1.53338746583
1.36268531359
1.20416822455
1.03672372472
0.704750052928
0.0932767301205
0.0969766149709
0.101544374045
0.117717466745
0.117717466745
0.135687569744
0.177839663199
0.207565298109
0.271026308564
0.482078557079
0.60296958046
0.833858184422
6.3830353091
4.90401588116
0
0
0
0
0
0
0
0
0
0
0
0
0
0
0
0
0
0
0
0
0
0
0
0
0
0
0
0
0
0
0
0
0
0
0
0.00867874224156
99.8681961958
99.9534732628
99.9667010363
99.9667010363
99.9667010363
99.9667010363
99.9667010363
99.9667010363
99.9616257485
99.9559865398
99.9559865398
99.9559865398
99.9559865398
99.9514187807
99.9514187807
99.9514187807
99.9514187807
99.9514187807
99.9514187807
99.9514187807
99.9514187807
99.9514187807
99.9514187807
99.9514187807
99.9514187807
99.9514187807
99.9514187807
99.9559865398
99.9518755566
99.9408048346
5.96416101082
3.35103643292
2.75547927888
2.49518595168
2.32405772817
2.22410897804
2.09561964366
1.93299283807
1.86262426136
1.72957021742
1.54047390898
1.43288414266
1.33048955705
1.15116023252
0.935660137274
0.71459465045
0.0824208315416
0.0969766149709
0.101544374045
0.101544374045
0.117717466745
0.117717466745
0.155654350854
0.188554159793
0.240593781342
0.34241124896
0.482078557079
0.752217757475
5.78167473665
10.863852333
0.00867874224156
0
0
0
0
0
0
0
0
0
0
0
0
0
0
0
0
0
0
0
0
0
0
0
0
0
0
0
0
0
0
0
0
0
0
0.0137540301021
99.9667010363
99.9667010363
99.9667010363
99.9667010363
99.9667010363
99.9667010363
99.9667010363
99.9667010363
99.9559865398
99.9559865398
99.9559865398
99.9559865398
99.9514187807
99.9514187807
99.9514187807
99.9514187807
99.9514187807
99.9514187807
99.9514187807
99.9514187807
99.9514187807
99.9514187807
99.9514187807
99.9514187807
99.9514187807
99.9514187807
99.9514187807
99.9518755566
99.955205453
99.9397548122
32.1931475679
5.90343623286
3.03649151433
2.58389932888
2.37246792232
2.23778389265
2.07453573363
1.94009645137
1.83040476312
1.72330442994
1.53000276971
1.3862559864
1.31851578849
1.14419824643
0.928698151182
0.71459465045
0.0746852914401
0.0824208315416
0.0969766149709
0.0969766149709
0.0969766149709
0.11314970767
0.155654350854
0.186808768298
0.216534403208
0.274356204929
0.433870701371
0.542672622414
0.842827289521
1.04422740278
89.9113422538
0
0
0
0
0
0
0
0
0
0
0
0
0
0
0
0
0
0
0
0
0
0
0
0
0
0
0
0
0
0
0
0
0
0
99.9169814625
99.9667010363
99.9700309327
99.9700309327
99.9700309327
99.9700309327
99.9700309327
99.9649556449
99.954748677
99.954748677
99.954748677
99.954748677
99.954748677
99.9514187807
99.9514187807
99.9514187807
99.9514187807
99.9514187807
99.9514187807
99.9514187807
99.9514187807
99.954748677
99.954748677
99.954748677
99.954748677
99.954748677
99.954748677
99.954748677
99.955205453
99.9418572462
99.9308204851
)
;

boundaryField
{
    frontAndBack
    {
        type            empty;
    }
    leftWall
    {
        type            calculated;
        value           uniform 0;
    }
    outlet
    {
        type            calculated;
        value           uniform 0;
    }
    rightWall
    {
        type            calculated;
        value           uniform 0;
    }
    inlet
    {
        type            calculated;
        value           uniform 12289.1906547;
    }
}


// ************************************************************************* //
