/*--------------------------------*- C++ -*----------------------------------*\
| =========                 |                                                 |
| \\      /  F ield         | OpenFOAM: The Open Source CFD Toolbox           |
|  \\    /   O peration     | Version:  v1906                                 |
|   \\  /    A nd           | Web:      www.OpenFOAM.com                      |
|    \\/     M anipulation  |                                                 |
\*---------------------------------------------------------------------------*/
FoamFile
{
    version     2.0;
    format      ascii;
    class       volScalarField;
    location    "910";
    object      alpha;
}
// * * * * * * * * * * * * * * * * * * * * * * * * * * * * * * * * * * * * * //

dimensions      [0 0 -1 0 0 0 0];


internalField   nonuniform List<scalar> 
9216
(
200
200
200
200
200
200
200
200
200
200
200
200
200
200
200
200
200
200
200
200
200
200
200
200
200
200
200
200
200
200
200
200
200
200
200
200
200
200
200
200
200
200
200
200
200
200
200
200
200
200
200
200
200
200
200
200
200
200
200
200
200
200
200
200
200
200
200
200
200
200
200
200
200
200
200
200
200
200
200
200
200
200
200
200
200
184.568030253
164.616415263
140.027235452
112.559182693
88.4966138686
66.96260683
49.725652142
35.7260496017
22.9950345004
13.0969717613
1.58917934271
200
200
200
200
200
200
200
200
200
200
200
200
200
200
200
200
200
200
200
200
200
200
200
200
200
200
200
200
200
200
200
200
200
200
200
200
200
200
200
200
200
200
200
200
200
200
200
200
200
200
200
200
200
200
200
200
200
200
200
200
200
200
200
200
200
200
200
200
200
200
200
200
200
200
200
200
200
200
200
200
200
200
200
200
200
197.678375985
177.821657286
152.248894684
128.317512509
101.18903721
77.4369762562
61.3563135291
48.211982982
31.4827925612
20.7632439993
15.4811174828
200
200
200
200
200
200
200
200
200
200
200
200
200
200
200
200
200
200
200
200
200
200
200
200
200
200
200
200
200
200
200
200
200
200
200
200
200
200
200
200
200
200
200
200
200
200
200
200
200
200
200
200
200
200
200
200
200
200
200
200
200
200
200
200
200
200
200
200
200
200
200
200
200
200
200
200
200
200
200
200
200
200
200
200
200
194.384076044
168.667989235
152.239129411
133.20300968
102.927702498
74.8083161756
65.1922711997
47.7979545705
36.7898975946
32.1882899665
21.9108836584
200
200
200
200
200
200
200
200
200
200
200
200
200
200
200
200
200
200
200
200
200
200
200
200
200
200
200
200
200
200
200
200
200
200
200
200
200
200
200
200
200
200
200
200
200
200
200
200
200
200
200
200
200
200
200
200
200
200
200
200
200
200
200
200
200
200
200
200
200
200
200
200
200
200
200
200
200
200
200
200
200
200
200
200
200
187.509453962
166.139137604
150.27837295
126.013023654
107.294096301
86.8095091314
63.0934277006
56.5069417381
47.1934946955
41.1276141687
28.7310963673
200
200
200
200
200
200
200
200
200
200
200
200
200
200
200
200
200
200
200
200
200
200
200
200
200
200
200
200
200
200
200
200
200
200
200
200
200
200
200
200
200
200
200
200
200
200
200
200
200
200
200
200
200
200
200
200
200
200
200
200
200
200
200
200
200
200
200
200
200
200
200
200
200
200
200
200
200
200
200
200
200
200
200
200
200
178.668462504
157.793041814
143.564062666
132.913003579
109.008632464
93.391035503
72.7543918686
58.6696848468
57.3401076498
53.7445218495
41.3658533636
200
200
200
200
200
200
200
200
200
200
200
200
200
200
200
200
200
200
200
200
200
200
200
200
200
200
200
200
200
200
200
200
200
200
200
200
200
200
200
200
200
200
200
200
200
200
200
200
200
200
200
200
200
200
200
200
200
200
200
200
200
200
200
200
200
200
200
200
200
200
200
200
200
200
200
200
200
200
200
200
200
200
200
200
198.397224728
176.223394662
162.366777465
143.202049965
122.59824883
103.398648633
100.039634232
87.4875793816
69.8022840711
66.6044710117
65.6915754967
52.8576937824
200
200
200
200
200
200
200
200
200
200
200
200
200
200
200
200
200
200
200
200
200
200
200
200
200
200
200
200
200
200
200
200
200
200
200
200
200
200
200
200
200
200
200
200
200
200
200
200
200
200
200
200
200
200
200
200
200
200
200
200
200
200
200
200
200
200
200
200
200
200
200
200
200
200
200
200
200
200
200
200
200
200
200
200
193.351197931
174.095266358
157.767196837
142.422910644
122.351004991
112.850441415
98.6861309752
96.980239699
87.7511135975
77.3510643158
77.1120647723
63.8377029019
200
200
200
200
200
200
200
200
200
200
200
200
200
200
200
200
200
200
200
200
200
200
200
200
200
200
200
200
200
200
200
200
200
200
200
200
200
200
200
200
200
200
200
200
200
200
200
200
200
200
200
200
200
200
200
200
200
200
200
200
200
200
200
200
200
200
200
200
200
200
200
200
200
200
200
200
200
200
200
200
200
200
200
200
188.988340875
172.374190424
153.366218859
138.306164681
125.694590096
118.458616792
109.491576644
99.8427757218
100.121444683
87.2410699687
87.8590643478
74.6388418013
200
200
200
200
200
200
200
200
200
200
200
200
200
200
200
200
200
200
200
200
200
200
200
200
200
200
200
200
200
200
200
200
200
200
200
200
200
200
200
200
200
200
200
200
200
200
200
200
200
200
200
200
200
200
200
200
200
200
200
200
200
200
200
200
200
200
200
200
200
198.190058018
194.035440311
193.567807172
196.32903945
199.082281576
200
200
199.667220059
199.434309315
199.966465728
200
200
199.996747815
200
200
187.951928832
172.44201154
156.421884203
139.743274902
128.075794105
115.647233892
117.040344704
111.051546022
104.837241063
100.382941119
96.8663615883
84.3366112441
200
200
200
200
200
200
200
200
200
200
200
200
200
200
200
200
200
200
200
200
200
200
200
200
200
200
200
200
200
200
200
200
200
200
200
200
200
200
200
200
200
200
200
200
200
200
200
200
200
200
200
200
200
200
200
200
200
200
200
200
200
200
200
200
194.995190632
57.7507787016
6.92087865729
1.21441371512
0.305617790111
0.117609027808
0.0859734439531
0.12339735483
0.284676703881
0.890429218728
3.63309816848
19.2384978434
119.7251312
180.711770204
196.488437577
199.416842757
199.317296234
199.241745031
199.962251003
199.973005692
186.301987037
171.530142903
155.662984433
142.444019974
131.932115905
124.244060523
117.635509289
118.404526776
113.826993183
111.677049506
105.419670581
94.385105042
200
200
200
200
200
200
200
200
200
200
200
200
200
200
200
200
200
200
200
200
200
200
200
200
200
200
200
200
200
200
200
200
200
200
200
200
200
200
200
200
200
200
200
200
200
200
200
200
200
200
200
200
200
200
200
200
200
200
200
200
200
194.385879904
0.187681766711
0.00490307356814
0.000346458564659
5.12098771629e-05
1.06009815956e-05
2.62315221737e-06
8.57146509001e-07
4.5712210991e-07
4.79915495502e-07
8.71405005068e-07
2.1829950184e-06
6.93916432423e-06
2.76763954003e-05
0.000137945192274
0.000897323403944
0.00820169083914
0.114982182583
2.6509170293
95.852312937
187.296373724
199.243391428
198.469478852
184.213222852
167.72573333
154.734329435
144.988615156
139.135186736
132.176778592
126.904303656
119.829482348
121.493099721
123.612175057
113.949494523
102.288186905
200
200
200
200
200
200
200
200
200
200
200
200
200
200
200
200
200
200
200
200
200
200
200
200
200
200
200
200
200
200
200
200
200
200
200
200
200
200
200
200
200
200
200
200
200
200
200
200
200
200
200
200
200
200
200
200
200
200
200
75.4171683875
0.00278329709973
6.16169538826e-06
7.13876318164e-08
3.9439012028e-09
4.82508384287e-10
8.49038069353e-11
1.87733150817e-11
5.7569833981e-12
3.1258138272e-12
3.26187075348e-12
5.50021081343e-12
1.24531797916e-11
3.50506860093e-11
1.19996429931e-10
4.99645887564e-10
2.55701457472e-09
1.70966773319e-08
1.59693620114e-07
2.23401023484e-06
4.34812357145e-05
0.00124114628698
0.0559238870991
4.29773885551
148.783928242
178.384556134
167.466313771
157.58057228
149.906064359
142.430532983
137.343505189
132.591734753
129.002193914
124.378642019
129.48349264
121.590815635
108.481383841
200
200
200
200
200
200
200
200
200
200
200
200
200
200
200
200
200
200
200
200
200
200
200
200
200
200
200
200
200
200
200
200
200
200
200
200
200
200
200
200
200
200
200
200
200
200
200
200
200
200
200
200
200
200
200
200
200
200
0.000278497879261
3.2297917641e-07
2.14151705248e-10
3.34358844985e-13
1.96241857017e-14
3.22859809279e-15
7.81211170279e-16
2.29858618362e-16
9.1472036483e-17
6.25859105855e-17
7.34253838305e-17
1.25011285188e-16
2.70333819544e-16
7.05353453726e-16
2.18212384036e-15
7.92390888305e-15
3.36646944357e-14
1.75964381482e-13
1.18113651522e-12
1.07197299696e-11
1.33357041564e-10
2.2702833753e-09
5.47848890867e-08
2.10255521537e-06
0.000112699639356
0.00815084248399
0.588707456245
86.1375566376
156.808992354
153.027750202
146.096665547
141.248054244
136.601654844
133.200742002
131.090028072
133.260516359
128.003003154
113.960982122
200
200
200
200
200
200
200
200
200
200
200
200
200
200
200
200
200
200
200
200
200
200
200
200
200
200
200
200
200
200
200
200
200
200
200
200
200
200
200
200
200
200
200
200
200
200
200
200
200
200
200
200
200
200
200
200
0.00306474546839
1.81503805052e-07
6.70225307731e-12
1.72494272858e-16
3.52537927108e-18
3.06974745006e-19
6.15944046566e-20
1.81600005177e-20
6.62179661856e-21
3.64152752014e-21
3.29210762565e-21
4.43549203755e-21
7.77888258045e-21
1.64620642199e-20
4.04021215082e-20
1.13949720129e-19
3.70348936824e-19
1.41759159647e-18
6.5280391307e-18
3.7181556526e-17
2.69832414402e-16
2.52385580837e-15
2.8675136277e-14
4.07987120683e-13
8.11164103016e-12
2.31111258422e-10
9.35808827134e-09
4.90486204852e-07
3.1022685672e-05
0.00285413457807
0.649413241846
118.709935338
147.834672261
146.160293681
140.71850305
137.819441244
135.19228482
133.289584385
135.694652684
118.604556682
200
200
200
200
200
200
200
200
200
200
200
200
200
200
200
200
200
200
200
200
200
200
200
200
200
200
200
200
200
200
200
200
200
200
200
200
200
200
200
200
200
200
200
200
200
200
200
200
200
200
200
200
200
200
200
1.55859527412e-06
4.98873035425e-11
6.72678362906e-18
1.34016525247e-21
1.08010681366e-22
1.93555162845e-23
5.07622867213e-24
1.81679865453e-24
8.63979586716e-25
6.2220941426e-25
6.71154382298e-25
9.58956752214e-25
1.64833889365e-24
3.28556035389e-24
7.57320858029e-24
1.98437472523e-23
5.95266413476e-23
2.05913246942e-22
8.3481743199e-22
4.01475957482e-21
2.34704949175e-20
1.61370266604e-19
1.35395381756e-18
1.41836684718e-17
1.95228056919e-16
3.58789736635e-15
7.96851150457e-14
2.35850172883e-12
9.29657907574e-11
3.90910892394e-09
3.04273464882e-07
3.80922256381e-05
0.0128352859016
14.7046037329
145.218559561
144.607457752
141.503283706
138.279952689
136.494533497
140.745562372
122.467963228
200
200
200
200
200
200
200
200
200
200
200
200
200
200
200
200
200
200
200
200
200
200
200
200
200
200
200
200
200
200
200
200
200
200
200
200
200
200
200
200
200
200
200
200
200
200
200
200
200
200
200
200
200
200
4.65592595018e-08
5.01034727723e-18
1.43559374141e-23
1.25620448816e-25
1.6471183897e-26
3.95055795817e-27
1.35055113445e-27
5.93058115273e-28
3.40787558273e-28
2.86078700673e-28
3.35359141949e-28
4.93608027239e-28
8.52262751065e-28
1.68152845668e-27
3.71068864261e-27
9.32497394984e-27
2.64389198627e-26
8.50324375694e-26
3.10800041771e-25
1.28516827616e-24
6.15477993325e-24
3.46302370833e-23
2.29210916819e-22
1.80580965361e-21
1.737852777e-20
2.03690258715e-19
2.98718984597e-18
5.76052750003e-17
1.49041548061e-15
4.45660778715e-14
1.42658832782e-12
7.32825526046e-11
6.71552473863e-09
1.55870837402e-06
0.0007960180068
1.48577822024
136.341986955
143.967866431
141.756758736
138.835198428
141.653519654
125.195653804
200
200
200
200
200
200
200
200
200
200
200
200
200
200
200
200
200
200
200
200
200
200
200
200
200
200
200
200
200
200
200
200
200
200
200
200
200
200
200
200
200
200
200
200
200
200
200
200
200
200
200
200
200
6.72076455783e-09
2.62871012364e-24
1.13088921565e-27
5.7385497394e-29
1.04465122265e-29
2.92695512764e-30
1.12913568847e-30
5.59158892919e-31
3.5103554534e-31
3.07871842774e-31
3.6314383195e-31
5.30394250522e-31
8.97437474224e-31
1.70996134272e-30
3.68300385579e-30
8.92827839977e-30
2.3880514614e-29
7.23758530884e-29
2.48848939663e-28
9.57840722617e-28
4.10238855582e-27
1.99388414855e-26
1.10929420509e-25
6.9110046567e-25
4.9497245915e-24
4.26966486788e-23
4.41502692924e-22
5.57329796851e-21
8.66482270891e-20
1.71508233961e-18
3.76661416007e-17
1.08587338707e-15
4.30264282544e-14
2.92680477562e-12
3.99830731317e-10
9.81380057223e-08
8.19426689392e-05
0.310187486663
131.218327927
143.602440149
140.528013765
141.710767073
126.67994378
200
200
200
200
200
200
200
200
200
200
200
200
200
200
200
200
200
200
200
200
200
200
200
200
200
200
200
200
200
200
200
200
200
200
200
200
200
200
200
200
200
200
200
200
200
200
200
200
200
200
200
200
1.7736444064e-09
1.64444713987e-28
1.12859102956e-30
1.145285615e-31
2.3794745808e-32
6.91347543904e-33
2.65306780154e-33
1.23866566829e-33
7.55602018651e-34
6.21501870869e-34
6.94980624715e-34
9.8995352304e-34
1.77680974925e-33
3.44257010973e-33
7.39819391922e-33
1.73518402459e-32
4.55551608937e-32
1.33460515695e-31
4.31716508894e-31
1.51535206191e-30
5.91338833995e-30
2.51284690435e-29
1.22013330873e-28
6.55268489624e-28
3.88588975544e-27
2.62170075304e-26
2.05206852722e-25
1.81438297174e-24
1.91076407948e-23
2.49601640358e-22
3.65978972975e-21
6.44130148945e-20
1.40046292717e-18
4.50163275661e-17
2.74077182005e-15
2.19734640338e-13
3.56227045835e-11
1.56720411505e-08
2.19030727319e-05
0.205497471312
133.113083797
141.962691368
140.469809441
127.471101615
200
200
200
200
200
200
200
200
200
200
200
200
200
200
200
200
200
200
200
200
200
200
200
200
200
200
200
200
200
200
200
200
200
200
200
200
200
200
200
200
200
200
200
200
200
200
200
200
200
200
200
6.62030288268e-10
2.13016601725e-31
4.97416198412e-33
1.18509647625e-34
0
0
0
0
0
0
0
0
0
2.52492084596e-36
8.30984595828e-36
4.21390016137e-35
1.2563562193e-34
4.25469557417e-34
1.44000910638e-33
5.04602931603e-33
1.83897611253e-32
7.23348546482e-32
3.06936199501e-31
1.39271963808e-30
6.96023759034e-30
3.84408666796e-29
2.43250873928e-28
1.68846527648e-27
1.32024694689e-26
1.21439184954e-25
1.1898604081e-24
1.37395284491e-23
2.01233717971e-22
3.71521747483e-21
9.34217341904e-20
4.10387873726e-18
2.54398397308e-16
3.18413761549e-14
7.34895762749e-12
4.73260048464e-09
1.39550211556e-05
0.55150254447
138.17183778
139.470610985
128.246501021
200
200
200
200
200
200
200
200
200
200
200
200
200
200
200
200
200
200
200
200
200
200
200
200
200
200
200
200
200
200
200
200
200
200
200
200
200
200
200
200
200
200
200
200
200
200
200
200
200
200
2.87035793011e-10
2.49936571566e-33
0
0
0
0
0
0
0
0
0
0
0
0
0
0
0
1.9071828199e-36
5.23945879792e-36
2.32739475595e-35
9.80855040461e-35
3.98899204003e-34
1.64640945324e-33
6.82851478737e-33
2.90313151999e-32
1.37809285134e-31
6.8305279656e-31
3.74586015122e-30
2.30013084661e-29
1.64034434862e-28
1.18683880741e-27
9.73023142443e-27
9.437610447e-26
1.10673609062e-24
1.66087939121e-23
3.87226827588e-22
1.14780106112e-20
4.80466117931e-19
4.18868336493e-17
7.3479158073e-15
2.43678575822e-12
2.99011265787e-09
3.29939087732e-05
8.94074173475
139.0548468
128.695468164
200
200
200
200
200
200
200
200
200
200
200
200
200
200
200
200
200
200
200
200
200
200
200
200
200
200
200
200
200
200
200
200
200
200
200
200
200
200
200
200
200
200
200
200
200
200
200
200
200
2.07909927669e-10
2.68111162011e-38
0
0
0
0
0
0
0
0
0
0
0
0
0
0
0
0
0
0
1.83817127739e-37
2.96375994359e-36
8.39026066445e-36
3.75710145988e-35
2.06951036286e-34
8.27843922128e-34
4.20570210629e-33
1.9093155081e-32
9.99946197393e-32
5.10031369075e-31
3.01899434196e-30
1.87091408496e-29
1.37328683686e-28
1.10467412829e-27
1.06047732594e-26
1.30019481963e-25
2.27327978502e-24
5.06996514896e-23
1.68947100707e-21
9.68050267549e-20
1.00360626528e-17
2.49113799657e-15
1.47043249969e-12
5.89090322773e-09
0.00029911598395
117.145898209
128.139940116
200
200
200
200
200
200
200
200
200
200
200
200
200
200
200
200
200
200
200
200
200
200
200
200
200
200
200
200
200
200
200
200
200
200
200
200
200
200
200
200
200
200
200
200
200
200
200
200
4.83027507163e-10
0
0
0
0
0
0
0
0
0
0
0
0
0
0
0
0
0
0
0
0
0
0
0
1.84190075866e-36
5.42246936391e-36
2.90228007812e-35
1.44582212032e-34
5.97658359433e-34
3.18900458271e-33
1.5254987022e-32
8.16636549243e-32
4.35871534503e-31
2.90362754828e-30
2.03884346868e-29
1.6916772122e-28
1.66188002901e-27
2.27878722251e-26
3.77682479977e-25
9.88761554158e-24
3.58784129828e-22
2.47453538655e-20
3.50314726787e-18
1.36879137544e-15
2.25769529581e-12
3.64581337303e-08
0.0549544497986
126.818217272
200
200
200
200
200
200
200
200
200
200
200
200
200
200
200
200
200
200
200
200
200
200
200
200
200
200
200
200
200
200
200
200
200
200
200
200
200
200
200
200
200
200
200
200
200
200
200
1.84229590839e-09
0
0
0
0
0
0
0
0
0
0
0
0
0
0
0
0
0
0
0
0
0
0
0
0
0
0
1.42063048655e-36
5.37998998461e-36
2.57271121564e-35
1.31309428026e-34
6.07138815758e-34
3.35909462257e-33
1.66527839429e-32
9.56376484448e-32
6.14036179077e-31
4.15568085718e-30
3.43219643527e-29
3.80578895168e-28
4.6200772777e-27
8.07809418707e-26
2.16263434525e-24
1.03662076098e-22
9.19834434806e-21
1.86740124637e-18
1.77238472993e-15
1.0271661719e-11
2.10796173263e-06
108.730734081
200
200
200
200
200
200
200
200
200
200
200
200
200
200
200
200
200
200
200
200
200
200
200
200
200
200
200
200
200
200
200
200
200
200
200
200
200
200
200
200
200
200
200
200
200
200
3.12222828336e-08
0
0
0
0
0
0
0
0
0
0
0
0
0
0
0
0
0
0
0
0
0
0
0
0
0
0
0
0
0
1.35415796622e-36
6.03219917768e-36
3.18358294431e-35
1.69764133297e-34
8.27477876199e-34
4.97154370924e-33
2.70407082946e-32
1.70699220362e-31
1.15324238113e-30
9.07535059916e-30
1.00759790632e-28
1.24617894394e-27
2.49446827069e-26
7.69315926302e-25
4.25003428226e-23
5.20207108017e-21
2.08687714173e-18
6.54034091402e-15
2.73065514406e-10
0.423383690696
200
200
200
200
200
200
200
200
200
200
200
200
200
200
200
200
200
200
200
200
200
200
200
200
200
200
200
200
200
200
200
200
200
200
200
200
200
200
200
200
200
200
200
200
200
200
0
0
0
0
0
0
0
0
0
0
0
0
0
0
0
0
0
0
0
0
0
0
0
0
0
0
0
0
0
0
0
0
1.77130416522e-36
8.32374468261e-36
4.62068025721e-35
2.62106411231e-34
1.53342569251e-33
8.69518932802e-33
5.85506809325e-32
3.91161487008e-31
3.35174671611e-30
3.27262974221e-29
4.88162280032e-28
1.02649970441e-26
3.59756383621e-25
2.51379657412e-23
5.36751490249e-21
5.66864555605e-18
9.98816807245e-14
3.02424552983e-06
200
200
200
200
200
200
200
200
200
200
200
200
200
200
200
200
200
200
200
200
200
200
200
200
200
200
200
200
200
200
200
200
200
200
200
200
200
200
200
200
200
200
200
200
200
0
0
0
0
0
0
0
0
0
0
0
0
0
0
0
0
0
0
0
0
0
0
0
0
0
0
0
0
0
0
0
0
0
0
0
2.85101840289e-36
1.46849845201e-35
1.14497800591e-34
5.95424178714e-34
3.76864987569e-33
2.57322431833e-32
1.60888058556e-31
1.34776027211e-30
1.527913763e-29
2.37840633233e-28
5.30177959979e-27
2.18979326928e-25
2.42274683054e-23
1.14265859991e-20
6.17767589549e-17
1.43707499659e-10
200
200
200
200
200
200
200
200
200
200
200
200
200
200
200
200
200
200
200
200
200
200
200
200
200
200
200
200
200
200
200
200
200
200
200
200
200
200
200
200
200
200
200
200
200
0
0
0
0
0
0
0
0
0
0
0
0
0
0
0
0
0
0
0
0
0
0
0
0
0
0
0
0
0
0
0
0
0
0
0
0
8.65573756275e-37
6.37716543431e-36
4.67566609718e-35
2.84274599079e-34
1.91634423143e-33
1.26847738923e-32
8.80809557164e-32
7.37133438586e-31
8.04124927431e-30
1.31962476778e-28
3.27544024011e-27
2.02928097124e-25
4.39174224285e-23
8.17225780187e-20
2.52860951904e-14
200
200
200
200
200
200
200
200
200
200
200
200
200
200
200
200
200
200
200
200
200
200
200
200
200
200
200
200
200
200
200
200
200
200
200
200
200
200
200
200
200
200
200
200
200
0
0
0
0
0
0
0
0
0
0
0
0
0
0
0
0
0
0
0
0
0
0
0
0
0
0
0
0
0
0
0
0
0
0
0
0
0
0
3.02219681971e-36
2.54020220219e-35
1.52724679652e-34
1.14247282157e-33
7.16418238535e-33
4.6787638757e-32
3.88699348948e-31
4.95363503654e-30
8.63442466649e-29
3.08372889506e-27
3.15553922875e-25
2.40451518871e-22
8.0078148458e-18
200
200
200
200
200
200
200
200
200
200
200
200
200
200
200
200
200
200
200
200
200
200
200
200
200
200
200
200
200
200
200
200
200
200
200
200
200
200
200
200
200
200
200
200
0
0
0
0
0
0
0
0
0
0
0
0
0
0
0
0
0
0
0
0
0
0
0
0
0
0
0
0
0
0
0
0
0
0
0
0
0
0
0
0
1.35781522886e-36
1.58525593082e-35
1.10244888076e-34
7.77712229228e-34
4.77996901123e-33
3.8329448189e-32
2.98577069237e-31
4.03376518578e-30
9.39848657004e-29
4.46261720117e-27
1.28233198628e-24
7.95723248444e-21
200
200
200
200
200
200
200
200
200
200
200
200
200
200
200
200
200
200
200
200
200
200
200
200
200
200
200
200
200
200
200
200
200
200
200
200
200
200
200
200
200
200
200
200
0
0
0
0
0
0
0
0
0
0
0
1.28056324839e-36
6.40686339228e-36
9.87959184603e-36
1.69515713453e-35
0
0
0
0
0
0
0
0
0
0
0
0
0
0
0
0
0
0
0
0
0
0
0
0
0
0
5.75235170641e-37
1.09187229572e-35
9.77180528018e-35
6.48956644048e-34
4.30871557905e-33
3.35148078468e-32
3.23099330702e-31
4.71751947863e-30
1.28777614838e-28
1.46669436682e-26
2.0777777456e-23
200
200
200
1.6269103814e-39
0
0
0
0
0
0
0
0
0
0
0
0
0
0
0
0
0
0
0
2.03331971187e-34
2.95007624736e-32
200
200
200
200
200
200
200
200
200
200
200
200
200
200
200
200
200
200
200
0
0
0
0
0
0
0
0
0
4.44292400057e-36
7.36728248407e-35
4.54269073361e-34
3.24969798045e-33
2.1397094995e-32
4.06558785647e-32
5.69889101829e-32
1.53261099329e-33
1.04071687549e-34
0
0
0
0
0
0
0
0
0
0
0
0
0
0
0
0
0
0
0
0
0
0
0
0
1.01522343549e-37
9.17547138092e-36
7.34209300079e-35
5.18461591005e-34
4.16793184806e-33
3.36027157483e-32
3.27267687558e-31
6.65681614495e-30
3.51899485142e-28
1.39204773286e-25
2.02547604348e-40
1.06604002288e-40
0
0
0
0
0
0
0
0
0
0
0
0
0
0
0
0
0
0
0
0
0
0
0
0
0
0
0
0
1.16761907738e-33
1.59883161894e-31
200
200
200
200
200
200
200
200
200
200
200
0
0
0
0
0
0
0
0
1.10991979804e-36
9.58540556039e-35
4.85064673151e-33
4.25719470304e-31
200
200
200
200
200
200
200
200
200
200
200
199.999996724
0
0
0
0
0
0
0
0
0
0
0
0
0
0
0
0
0
0
0
0
3.98949161428e-39
1.06618637512e-35
8.43560232492e-35
7.50147084178e-34
5.67732887813e-33
4.77274392368e-32
6.18447139258e-31
1.66755471777e-29
2.28852007615e-27
0
0
0
0
0
0
0
0
0
0
0
0
0
0
0
0
0
0
0
0
0
0
0
0
0
0
0
0
0
0
0
0
0
0
0
1.60236898633e-33
7.8442455212e-32
200
200
200
200
200
200
0
0
0
0
0
0
0
1.19959276991e-35
2.79607910795e-33
2.13383230003e-30
200
200
200
200
200
200
200
200
200
200
200
200
200
200
199.999998144
0
0
0
0
0
0
0
0
0
0
0
0
0
0
0
0
0
0
0
0
3.84370902431e-37
1.53182721136e-35
1.35024117493e-34
9.60420668882e-34
9.0300866156e-33
8.95986332193e-32
1.42789865442e-30
8.69585453798e-29
0
0
0
0
0
0
0
0
0
0
0
0
0
0
0
0
0
0
0
0
0
0
0
0
0
0
0
0
0
0
0
0
0
0
0
0
0
0
1.31817088993e-35
1.16785473364e-33
1.46527901815e-32
3.40401589885e-32
7.672077228e-34
0
0
0
0
0
0
1.21856729661e-34
7.78968661463e-32
200
200
200
200
200
200
200
200
200
200
200
200
200
200
200
200
200
199.999998064
0
0
0
0
0
0
0
0
0
0
0
0
0
0
0
0
0
0
0
0
1.20562851836e-36
2.98173479966e-35
2.06910709955e-34
1.68514370061e-33
1.50048730585e-32
2.06067099257e-31
6.02957174024e-30
0
0
0
0
0
0
0
0
0
0
0
0
0
0
0
0
0
0
0
0
0
0
0
0
0
0
0
0
0
0
0
0
0
0
0
0
0
0
0
0
0
0
8.83562835267e-35
0
0
1.56961340999e-38
2.69501944545e-38
1.68303371852e-36
9.72981544129e-34
4.81508565063e-30
200
200
200
200
200
200
200
200
200
200
200
200
200
200
200
200
200
200
200
199.999997573
0
0
0
0
0
0
0
0
0
0
0
0
0
0
0
0
0
0
0
0
3.55669793867e-36
5.52161415634e-35
4.62995641833e-34
4.06937887969e-33
4.38929353726e-32
7.1028229183e-31
0
0
0
0
0
0
0
0
0
0
0
0
0
0
0
0
0
0
0
0
0
0
0
0
0
0
0
0
0
0
0
0
0
0
0
0
0
0
0
0
0
0
0
0
1.9954918745e-38
1.30421415396e-37
1.01834293565e-35
1.97945711315e-33
7.32423021074e-28
200
200
200
200
200
200
200
200
200
200
200
200
200
200
200
200
200
200
200
200
200
199.999997004
0
0
0
0
0
0
0
0
0
0
0
0
0
0
0
0
0
0
0
0
1.18804436306e-35
1.10085962182e-34
1.26462228719e-33
1.24563803919e-32
1.37762735854e-31
0
0
0
0
0
0
0
0
0
0
0
0
0
0
0
0
0
0
0
0
0
0
0
0
0
0
0
0
0
0
0
0
0
0
0
0
0
0
0
0
0
0
0
0
0
6.82419099289e-36
7.66709070737e-34
200
200
200
200
200
200
200
200
200
200
200
200
200
200
200
200
200
200
200
200
200
200
200
200
199.999995434
0
0
0
0
0
0
0
0
0
0
0
0
0
0
0
0
0
0
0
1.71369659405e-36
3.95971877059e-35
3.29615552384e-34
3.70382190839e-33
3.73132133696e-32
0
0
0
0
0
0
0
0
0
0
0
0
0
0
0
0
0
0
0
0
0
0
0
0
0
0
0
0
0
0
0
0
0
0
0
0
0
0
0
0
0
0
0
0
0
0
7.10676223159e-32
200
200
200
200
200
200
200
200
200
200
200
200
200
200
200
200
200
200
200
200
200
200
200
200
200
199.968146418
0
0
0
0
0
0
0
0
0
0
0
0
0
0
0
0
0
0
0
1.07692202363e-35
1.27242116514e-34
1.40529721517e-33
1.25673126188e-32
0
0
0
0
0
0
0
0
0
0
0
0
0
0
0
0
0
0
0
0
0
0
0
0
0
0
0
0
0
0
0
0
0
0
0
0
0
0
0
0
0
0
0
0
0
0
0
0
1.48494638676e-39
200
200
200
200
200
200
200
200
200
200
200
200
200
200
200
200
200
200
200
200
200
200
200
200
0
0
0
0
0
0
0
0
0
0
0
0
0
0
0
0
0
0
0
2.96569356143e-36
5.48751941244e-35
6.11881455177e-34
5.13640917034e-33
0
0
0
0
0
0
0
0
0
0
0
0
0
0
0
0
0
0
0
0
0
0
0
0
0
0
0
0
0
0
0
0
0
0
0
0
0
0
0
0
0
0
0
0
0
0
0
0
0
1.33645174808e-39
1.78945880312e-38
1.02859715318e-32
200
200
200
200
200
200
200
200
200
200
200
200
200
200
200
200
200
200
200
200
200
199.975944439
0
0
0
0
0
0
0
0
0
0
0
0
0
0
0
0
0
0
7.39666779867e-37
2.68617635244e-35
3.0118519155e-34
2.47544987494e-33
0
0
0
0
0
0
0
0
0
0
0
0
0
0
0
0
0
0
0
0
0
0
0
0
0
0
0
0
0
0
0
0
0
0
0
0
0
0
0
0
0
0
0
0
0
0
0
0
0
0
1.20280657327e-39
6.75667105378e-39
8.30906873466e-38
3.78940022274e-32
200
200
200
200
200
200
200
200
200
200
200
200
200
200
200
200
200
200
200
200
0
0
0
0
0
0
0
0
0
0
0
0
0
0
0
0
0
0
0
1.22502387198e-35
1.51072817724e-34
1.3665333962e-33
0
0
0
0
0
0
0
0
0
0
0
0
0
0
0
0
0
0
0
0
0
0
0
0
0
0
0
0
0
0
0
0
0
0
0
0
0
0
0
0
0
0
0
0
0
0
0
0
0
0
0
2.28533248922e-39
5.10673062405e-39
7.13680866597e-38
2.04833571786e-37
7.77993430783e-31
200
200
200
200
200
200
200
200
200
200
200
200
200
200
200
200
200
200
199.728106261
0
0
0
0
0
0
0
0
0
0
0
0
0
0
0
0
0
0
6.01413991516e-36
8.25756693787e-35
8.43189295326e-34
0
0
0
0
0
0
0
0
0
0
0
0
0
0
0
0
0
0
0
0
0
0
0
0
0
0
0
0
0
0
0
0
0
0
0
0
0
0
0
0
0
0
0
0
0
0
0
0
0
0
0
0
2.0567992403e-39
4.59605756165e-39
6.33544320019e-38
1.39580853621e-37
1.55885884951e-32
200
200
200
200
200
200
200
200
200
200
200
200
200
200
200
200
200
200
0
0
0
0
0
0
0
0
0
0
0
0
0
0
0
0
0
0
3.67726420438e-36
6.21493295024e-35
5.69974011723e-34
0
0
0
0
0
0
0
0
0
0
0
0
0
0
0
0
0
0
0
0
0
0
0
0
0
0
0
0
0
0
0
0
0
0
0
0
0
0
0
0
0
0
0
0
0
0
0
0
0
0
0
0
0
2.93364523221e-39
1.00352944173e-38
4.86317386842e-38
7.54494090288e-38
1.51590946603e-33
200
200
200
200
200
200
200
200
200
200
200
200
200
200
200
200
200
0
0
0
0
0
0
0
0
0
0
0
0
0
0
0
0
0
0
2.1794611813e-36
4.9929814285e-35
4.25362259117e-34
0
0
0
0
0
0
0
0
0
0
0
0
0
0
0
0
0
0
0
0
0
0
0
0
0
0
0
0
0
0
0
0
0
0
0
0
0
0
0
0
0
0
0
0
0
0
0
0
0
0
0
0
0
8.76845991915e-40
1.85111931627e-39
1.53541493299e-38
4.08961668946e-38
6.75630077426e-38
6.56743847204e-38
200
200
200
200
200
200
200
200
200
200
200
200
200
200
200
200
0
0
0
0
0
0
0
0
0
0
0
0
0
0
0
0
0
0
1.80270752897e-36
4.02705842062e-35
3.49605960131e-34
0
0
0
0
0
0
0
0
0
0
0
0
0
0
0
0
0
0
0
0
0
0
0
0
0
0
0
0
0
0
0
0
0
0
0
0
0
0
0
0
0
0
0
0
0
0
0
0
0
0
0
0
0
8.76845991915e-40
1.66600738464e-39
1.66600738464e-39
1.62131431497e-38
3.93941317275e-38
5.94002467081e-38
5.66235199507e-38
200
200
200
200
200
200
200
200
200
200
200
200
200
200
200
0
0
0
0
0
0
0
0
0
0
0
0
0
0
0
0
0
0
1.66206515844e-36
3.94381254408e-35
3.24167123321e-34
0
0
0
0
0
0
0
0
0
0
0
0
0
0
0
0
0
0
0
0
0
0
0
0
0
0
0
0
0
0
0
0
0
0
0
0
0
0
0
0
0
0
0
0
0
0
0
0
0
0
0
0
0
0
1.66600738464e-39
1.66600738464e-39
1.66600738464e-39
1.96627587122e-38
4.52360859731e-38
4.88023366139e-38
2.49687591662e-34
200
200
200
200
200
200
200
200
200
200
200
200
200
200
0
0
0
0
0
0
0
0
0
0
0
0
0
0
0
0
0
0
1.70133726249e-36
3.90346577248e-35
3.31886775853e-34
0
0
0
0
0
0
0
0
0
0
0
0
0
0
0
0
0
0
0
0
0
0
0
0
0
0
0
0
0
0
0
0
0
0
0
0
0
0
0
0
0
0
0
0
0
0
0
0
0
0
0
0
0
0
0
1.66600738464e-39
1.66600738464e-39
1.66600738464e-39
2.34956648927e-38
3.53246680216e-38
3.41392829844e-38
5.33447630549e-33
200
200
200
200
200
200
200
200
200
200
200
200
200
0
0
0
0
0
0
0
0
0
0
0
0
0
0
0
0
0
0
2.36504616511e-36
4.08215379885e-35
3.6618674672e-34
0
0
0
0
0
0
0
0
0
0
0
0
0
0
0
0
0
0
0
0
0
0
0
0
0
0
0
0
0
0
0
0
0
0
0
0
0
0
0
0
0
0
0
0
0
0
0
0
0
0
0
0
0
0
0
0
0
8.76845991915e-40
2.64028070899e-39
2.22869724663e-38
2.94043899675e-38
2.11656814158e-38
200
200
200
200
200
200
200
200
200
200
200
200
200
0
0
0
0
0
0
0
0
0
0
0
0
0
0
0
0
0
0
3.24730172171e-36
5.52831559768e-35
4.31454251192e-34
0
0
0
0
0
0
0
0
0
0
0
0
0
0
0
0
0
0
0
0
0
0
0
0
0
0
0
0
0
0
0
0
0
0
0
0
0
0
0
0
0
0
0
0
0
0
0
0
0
0
0
0
0
0
0
0
0
0
4.59605756165e-39
6.0810039484e-39
5.47290355356e-39
1.10591366064e-38
1.42190976131e-36
200
200
200
200
200
200
200
200
200
200
200
200
0
0
0
0
0
0
0
0
0
0
0
0
0
0
0
0
0
0
4.77577123118e-36
7.13542022264e-35
5.41073357703e-34
0
0
0
0
0
0
0
0
0
0
0
0
0
0
0
0
0
0
0
0
0
0
0
0
0
0
0
0
0
0
0
0
0
0
0
0
0
0
0
0
0
0
0
0
0
0
0
0
0
0
0
0
0
0
0
0
0
0
1.20280657327e-39
5.10673062405e-39
7.73094437813e-39
6.0810039484e-39
3.02833567462e-37
200
200
200
200
200
200
200
200
200
200
200
200
0
0
0
0
0
0
0
0
0
0
0
0
0
0
0
0
0
0
8.15437077792e-36
9.09612973269e-35
6.68262311801e-34
0
0
0
0
0
0
0
0
0
0
0
0
0
0
0
0
0
0
0
0
0
0
0
0
0
0
0
0
0
0
0
0
0
0
0
0
0
0
0
0
0
0
0
0
0
0
0
0
0
0
0
0
0
0
0
0
0
0
0
0
5.67414513784e-39
8.58993819792e-39
1.22951023806e-37
2.58250017678e-36
200
200
200
200
200
200
200
200
200
200
200
8.76845991915e-40
0
0
0
0
0
0
0
0
0
0
0
0
0
0
0
0
4.5332557303e-37
1.42425665059e-35
1.30706904715e-34
7.92668977923e-34
0
0
0
0
0
0
0
0
0
0
0
0
0
0
0
0
0
0
0
0
0
0
0
0
0
0
0
0
0
0
0
0
0
0
0
0
0
0
0
0
0
0
0
0
0
0
0
0
0
0
0
0
0
0
0
0
0
0
0
0
0
6.30460570871e-39
1.38649212167e-37
9.71149583261e-37
200
200
200
200
200
200
200
200
200
200
200
8.76845991915e-40
8.76845991915e-40
0
0
0
0
0
0
0
0
0
0
0
0
0
0
0
1.43214846301e-36
2.36911920601e-35
1.96886897023e-34
2.04694934817e-33
0
0
0
0
0
0
0
0
0
0
0
0
0
0
0
0
0
0
0
0
0
0
0
0
0
0
0
0
0
0
0
0
0
0
0
0
0
0
0
0
0
0
0
0
0
0
0
0
0
0
0
0
0
0
0
0
0
0
0
0
0
0
5.99006591154e-38
3.22238919647e-37
200
200
200
200
200
200
200
200
200
200
200
8.76845991915e-40
8.76845991915e-40
8.76845991915e-40
0
0
0
0
0
0
0
0
0
0
0
0
0
0
3.63309093234e-36
3.76432247048e-35
2.6820712896e-34
6.64556680058e-33
0
0
0
0
0
0
0
0
0
0
0
0
0
0
0
0
0
0
0
0
0
0
0
0
0
0
0
0
0
0
0
0
0
0
0
0
0
0
0
0
0
0
0
0
0
0
0
0
0
0
0
0
0
0
0
0
0
0
0
0
0
0
0
3.04077429974e-37
200
200
200
200
200
200
200
200
200
200
0
7.89161392724e-40
8.76845991915e-40
8.76845991915e-40
8.76845991915e-40
0
0
0
0
0
0
0
0
0
0
0
0
3.92390216469e-38
6.64151360056e-36
6.79159714771e-35
3.39468239324e-34
1.20042591587e-32
0
0
0
0
0
0
0
0
0
0
0
0
0
0
0
0
0
0
0
0
0
0
0
0
0
0
0
0
0
0
0
0
0
0
0
0
0
0
0
0
0
0
0
0
0
0
0
0
0
0
0
0
0
0
0
0
0
0
0
0
0
0
0
2.77963151967e-37
200
200
200
200
200
200
200
200
200
200
0
0
7.89161392724e-40
8.76845991915e-40
8.76845991915e-40
0
0
0
0
0
0
0
0
0
0
0
0
1.16140652851e-36
1.12702318274e-35
8.74136140504e-35
3.69073669701e-34
1.99200656182e-32
0
0
0
0
0
0
0
0
0
0
0
0
0
0
0
0
0
0
0
0
0
0
0
0
0
0
0
0
0
0
0
0
0
0
0
0
0
0
0
0
0
0
0
0
0
0
0
0
0
0
0
0
0
0
0
0
0
0
0
0
0
0
0
0
200
200
200
200
200
200
200
200
200
0
0
0
0
8.76845991915e-40
8.76845991915e-40
8.76845991915e-40
0
0
0
0
0
0
0
0
0
0
0
2.37585168162e-36
2.37617415174e-35
1.15916052041e-34
7.70646491952e-34
2.79249851653e-32
0
0
0
0
0
0
0
0
0
0
0
0
0
0
0
0
0
0
0
0
0
0
0
0
0
0
0
0
0
0
0
0
0
0
0
0
0
0
0
0
0
0
0
0
0
0
0
0
0
0
0
0
0
0
0
0
0
0
0
0
0
0
0
0
200
200
200
200
200
200
200
200
0
0
0
0
0
0
8.76845991915e-40
8.76845991915e-40
0
0
0
0
0
0
0
0
0
0
6.14275769596e-37
4.47505341969e-36
2.73305407523e-35
1.10750363808e-34
1.7121304542e-33
4.32813017092e-32
0
0
0
0
0
0
0
0
0
0
0
0
0
0
0
0
0
0
0
0
0
0
0
0
0
0
0
0
0
0
0
0
0
0
0
0
0
0
0
0
0
0
0
0
0
0
0
0
0
0
0
0
0
0
0
0
0
0
0
0
0
0
0
0
200
200
200
200
200
200
200
0
0
0
0
0
0
0
0
8.76845991915e-40
0
0
0
0
0
0
0
0
0
0
1.72350545952e-36
9.17540338053e-36
3.18152185477e-35
7.73796045256e-35
2.0210354876e-33
6.45207914207e-32
0
0
0
0
0
0
0
0
0
0
0
0
0
0
0
0
0
0
0
0
0
0
0
0
0
0
0
0
0
0
0
0
0
0
0
0
0
0
0
0
0
0
0
0
0
0
0
0
0
0
0
0
0
0
0
0
0
0
0
0
0
0
0
7.90346335142
200
200
200
200
200
200
0
0
0
0
0
0
0
0
0
0
0
0
0
0
0
0
0
0
0
6.80130810624e-37
2.53506376766e-36
1.01910568699e-35
1.88650279093e-35
1.73355345826e-34
3.0941695177e-33
9.14056993347e-32
0
0
0
0
0
0
0
0
0
0
0
0
0
0
0
0
0
0
0
0
0
0
0
0
0
0
0
0
0
0
0
0
0
0
0
0
0
0
0
0
0
0
0
0
0
0
0
0
0
0
0
0
0
0
0
0
0
0
0
0
0
0
0
200
200
200
200
200
200
0
0
0
0
0
0
0
0
0
0
0
0
0
0
0
0
0
0
0
0
1.87406791578e-36
6.9748128901e-36
1.17163452941e-35
3.35138858248e-36
1.68169020588e-34
5.24768698454e-33
9.84618140196e-32
0
0
0
0
0
0
0
0
0
0
0
0
0
0
0
0
0
0
0
0
0
0
0
0
0
0
0
0
0
0
0
0
0
0
0
0
0
0
0
0
0
0
0
0
0
0
0
0
0
0
0
0
0
0
0
0
0
0
0
0
0
0
0
200
200
200
200
0
0
0
0
0
0
0
0
0
0
0
0
0
0
0
0
0
0
0
0
0
1.05823333689e-36
3.89216314952e-36
1.26574503971e-35
2.13895728669e-35
1.40071057806e-36
4.32435316237e-35
8.77249084791e-33
9.08073315074e-32
0
0
0
0
0
0
0
0
0
0
0
0
0
0
0
0
0
0
0
0
0
0
0
0
0
0
0
0
0
0
0
0
0
0
0
0
0
0
0
0
0
0
0
0
0
0
0
0
0
0
0
0
0
0
0
0
0
0
0
0
0
0
0
200
0
0
0
0
0
0
0
0
0
0
0
0
0
0
0
0
0
0
0
0
0
0
0
7.07737557695e-37
1.83644772001e-36
5.01103329859e-36
1.19814840866e-35
1.35654327757e-35
4.22803575871e-35
1.69858125467e-34
4.43980578776e-33
4.90034512524e-32
0
0
0
0
0
0
0
0
0
0
0
0
0
0
0
0
0
0
0
0
0
0
0
0
0
0
0
0
0
0
0
0
0
0
0
0
0
0
0
0
0
0
0
0
0
0
0
0
0
0
0
0
0
0
0
0
0
0
0
0
0
0
0
0
0
0
0
0
0
0
0
0
0
0
0
0
0
0
0
0
0
0
0
0
0
0
4.77591161771e-37
2.35718183463e-36
3.64765137435e-36
5.1027608277e-36
5.30793993308e-36
2.48509274413e-34
3.09225248924e-34
5.77766177204e-34
3.31334388417e-33
7.83858946391e-32
2.02547604348e-40
0
0
0
0
0
0
0
0
0
0
0
0
0
0
0
0
0
0
0
0
0
0
0
0
0
0
0
0
0
0
0
0
0
0
0
0
0
0
0
0
0
0
0
0
0
0
0
0
0
0
0
0
0
0
0
0
0
0
0
0
0
0
0
0
0
0
0
0
0
0
0
0
0
0
0
0
0
0
0
0
0
0
0
0
4.24533345734e-37
2.58095967886e-36
3.88987425605e-36
4.24535678697e-36
8.4468206471e-36
6.16178237367e-35
6.88065106613e-35
1.03814081836e-34
2.44350393363e-34
1.43331321316e-33
4.57940184049e-32
200
200
4.87733053956e-40
0
0
0
0
0
0
0
0
0
0
0
0
0
0
0
0
0
0
0
0
0
0
0
0
0
0
0
0
0
0
0
0
0
0
0
0
0
0
0
0
0
0
0
0
0
0
0
0
0
0
0
0
0
0
0
0
0
0
0
0
0
0
0
0
0
0
0
0
0
0
0
0
0
0
0
0
0
0
0
0
0
6.73928286666e-37
2.87928355312e-36
2.85460620025e-36
5.29082497338e-36
2.56061068445e-35
2.27773800136e-35
2.46152140236e-35
3.91244393284e-35
6.8818393877e-35
1.67304387066e-34
9.36174404111e-34
4.20505330538e-32
200
200
200
200
200
0
0
0
0
0
0
0
0
0
0
0
0
0
0
0
0
0
0
0
0
0
0
0
0
0
0
0
0
0
0
0
0
0
0
0
0
0
0
0
0
0
0
0
0
0
0
0
0
0
0
0
0
0
0
0
0
0
0
0
0
0
0
0
0
0
0
0
0
0
0
0
0
0
0
2.93364523221e-39
3.25960581357e-39
2.0567992403e-39
3.27984845543e-37
2.26982351052e-36
2.95356022159e-36
2.88259547436e-36
1.4920127874e-35
1.42375750484e-35
1.44980066824e-35
1.68563500482e-35
2.13952141815e-35
2.8674752174e-35
4.03087087823e-35
7.27493341503e-35
3.65421710239e-34
2.98133351943e-32
200
200
200
200
200
34.9269731055
3.33483435437e-39
0
0
0
0
0
0
0
0
0
0
0
0
0
0
0
0
0
0
0
0
0
0
0
0
0
0
0
0
0
0
0
0
0
0
0
0
0
0
0
0
0
0
0
0
0
0
0
0
0
0
0
0
0
0
0
0
0
0
0
0
0
0
0
0
0
0
1.26845274001e-36
1.61755485834e-36
1.06350023674e-35
1.62305195721e-35
3.60316886481e-35
4.75398597382e-35
5.48540543591e-35
5.88596181758e-35
4.01932621043e-35
7.52246773361e-36
2.55683405396e-36
1.43524016653e-35
1.05741372377e-35
1.00371857599e-35
1.1270729591e-35
1.32684032711e-35
1.5466240541e-35
1.84858753242e-35
2.29726740665e-35
2.89830077505e-35
3.96476502377e-35
8.54556367526e-35
1.77160942252e-32
200
200
200
200
3.96053476153e-29
2.44379295858e-33
1.80907667922e-32
5.10936463794e-33
8.853846305e-40
0
0
0
0
0
0
0
0
0
0
0
0
0
0
0
0
0
0
0
0
0
0
0
0
0
0
0
0
0
0
0
0
0
0
0
0
0
0
0
0
0
0
0
0
0
0
0
0
0
0
0
0
0
0
0
0
0
0
0
0
0
0
1.37747804687e-35
7.29052403034e-35
1.48716500422e-34
2.27403910173e-34
2.71124309455e-34
2.91811721277e-34
3.26176699227e-34
2.91205615044e-34
2.6136978762e-34
1.83917116657e-34
7.18199336163e-35
2.97962781659e-35
1.32046792467e-35
9.05690619001e-36
9.04203434655e-36
9.97988856568e-36
1.10623771726e-35
1.24805039798e-35
1.42013753878e-35
1.63912323352e-35
1.9276554031e-35
2.28932909367e-35
2.78909079224e-35
3.84222823249e-35
8.36507711087e-33
200
200
200
2.59850685704e-29
3.78233019609e-32
4.13858612323e-33
6.42397682713e-34
4.3897186891e-36
9.17883418948e-36
9.55369270924e-38
0
0
0
0
0
0
0
0
0
0
0
0
0
0
0
0
0
0
0
0
0
0
0
0
0
0
0
0
0
0
0
0
0
0
0
0
0
0
0
0
0
0
0
0
0
0
0
0
0
0
0
0
0
0
0
0
0
0
0
0
0
6.69322863351e-35
1.93581983903e-34
2.09371343552e-34
2.16877722735e-34
2.35642508487e-34
2.52214736119e-34
2.67932554773e-34
2.73210127362e-34
2.60232139213e-34
2.33330786115e-34
1.87015407161e-34
3.99110717876e-35
1.53433853659e-35
1.14253377839e-35
1.03064312344e-35
1.04328955352e-35
1.10572044851e-35
1.20845991446e-35
1.33858158079e-35
1.50059254427e-35
1.69811223581e-35
1.9362396467e-35
2.22544424444e-35
2.6571721407e-35
3.36446253572e-33
200
43.4287456766
1.00671479717e-29
6.40540949755e-32
5.94971214314e-33
2.06700591961e-34
1.13336663288e-35
2.87947357269e-36
1.69936044758e-36
3.94961999788e-36
5.41823753284e-36
3.98974669055e-39
0
0
0
0
0
0
0
0
0
0
0
0
0
0
0
0
0
0
0
0
0
0
0
0
0
0
0
0
0
0
0
0
0
0
0
0
0
0
0
0
0
0
0
0
0
0
0
0
0
0
0
0
0
0
0
0
0
0
0
1.53530386233e-34
2.24450285744e-34
2.34335913714e-34
2.41978802971e-34
2.53905226554e-34
2.64379567612e-34
2.75888271848e-34
2.83528216613e-34
2.93841750252e-34
2.9762747809e-34
2.76905299339e-34
1.23341767164e-34
2.51371536552e-35
1.50694539892e-35
1.20004438875e-35
1.12849497753e-35
1.14293492345e-35
1.20148774358e-35
1.29443462436e-35
1.41483415678e-35
1.55577906693e-35
1.72106557241e-35
1.90671774133e-35
2.15240315741e-35
1.25041617731e-33
2.12671101321e-28
3.7335724844e-30
8.78656998758e-32
7.00873355294e-33
4.34293774165e-34
1.59078193774e-35
3.93754186371e-36
2.27486426135e-36
1.88860175182e-36
2.3313594538e-36
1.88765546432e-36
3.19802394212e-36
4.73999003128e-38
0
0
0
0
0
0
0
0
0
0
0
0
0
0
0
0
0
0
0
0
0
0
0
0
0
0
0
0
0
0
0
0
0
0
0
0
0
0
0
0
0
0
0
0
0
0
0
0
0
0
0
0
0
0
0
0
0
0
1.39502121878e-34
2.46445011067e-34
2.49410376444e-34
2.66872904508e-34
2.76313434734e-34
2.82564902983e-34
2.90624935562e-34
2.98926015929e-34
3.11757303942e-34
3.33682533488e-34
3.50588766866e-34
2.27973047969e-34
3.95251585316e-35
1.93246556599e-35
1.42685097414e-35
1.25404913651e-35
1.21184976073e-35
1.22932784651e-35
1.28781254557e-35
1.37138802399e-35
1.47446606537e-35
1.59404310445e-35
1.72182007307e-35
1.8820640417e-35
3.7127597018e-34
1.08378658655e-30
9.47513852141e-32
9.01771032904e-33
6.92242844582e-34
2.05641534978e-35
3.54372921827e-36
2.24531161736e-36
1.69974157664e-36
1.52942440283e-36
1.52922380859e-36
1.4118539598e-36
1.23723872536e-36
2.8778818398e-36
7.62272948942e-37
0
0
0
0
0
0
0
0
0
0
0
0
0
0
0
0
0
0
0
0
0
0
0
0
0
0
0
0
0
0
0
0
0
0
0
0
0
0
0
0
0
0
0
0
0
0
0
0
0
0
0
0
0
0
0
0
0
0
3.76280325143e-34
2.92168209067e-34
3.08173529479e-34
3.12383359122e-34
3.12588896017e-34
3.16808310192e-34
3.22145508929e-34
3.35240926279e-34
3.50825126663e-34
3.8132333681e-34
3.30371726771e-34
8.47923823642e-35
2.51895437612e-35
1.69378195872e-35
1.40971156937e-35
1.30886612918e-35
1.28792891422e-35
1.31127749763e-35
1.37192766211e-35
1.44850362569e-35
1.5368687736e-35
1.62810506405e-35
200
200
1.13776072268e-31
1.12890291462e-32
1.01947448914e-33
7.15106280459e-36
2.77108104759e-36
1.90904785e-36
1.52976741897e-36
1.37648196254e-36
1.23849075014e-36
1.23829015591e-36
1.23781962621e-36
1.37535514024e-36
1.94065552956e-36
4.72173643181e-36
2.41311202435e-36
0
0
0
0
0
0
0
0
0
0
0
0
0
0
0
0
0
0
0
0
0
0
0
0
0
0
0
0
0
0
0
0
0
0
0
0
0
0
0
0
0
0
0
0
0
0
0
0
0
0
0
0
0
0
0
0
0
6.30276106739e-34
4.05419946379e-34
3.88965206047e-34
3.69784080917e-34
3.5694648659e-34
3.51933390285e-34
3.54616960006e-34
3.5960115317e-34
3.72461254909e-34
3.91545762522e-34
4.18325515031e-34
1.56550804905e-34
3.30066571281e-35
2.00764269156e-35
1.5962296205e-35
1.43023081326e-35
1.36531282412e-35
1.3666885177e-35
1.39803561743e-35
1.45391340904e-35
200
200
200
200
1.86188864603e-32
1.31157426907e-33
2.6040507566e-36
2.0425108848e-36
1.63461038049e-36
1.37514906061e-36
1.17323018168e-36
1.10107632276e-36
1.00301502628e-36
1.00283449147e-36
1.07974397745e-36
1.22389722251e-36
1.61633382249e-36
3.6345263305e-36
8.91587534507e-35
1.1334820574e-35
0
0
0
0
0
0
0
0
0
0
0
0
0
0
0
0
0
0
0
0
0
0
0
0
0
0
0
0
0
0
0
0
0
0
0
0
0
0
0
0
0
0
0
0
0
0
0
0
0
0
0
0
0
0
0
0
6.70904976262e-34
5.5140249613e-34
4.85501405387e-34
4.45344348916e-34
4.13809413451e-34
3.99803506808e-34
3.91044103952e-34
3.89208132325e-34
3.95278883368e-34
4.08027220768e-34
4.70591320628e-34
2.28172697373e-34
4.20806875323e-35
2.35423206488e-35
1.80465064659e-35
1.5720079776e-35
1.47547162124e-35
1.44626240883e-35
200
200
200
200
200
200
1.82695755458e-33
1.62666251218e-36
1.46738065135e-36
1.29048660602e-36
1.1176909173e-36
1.00328411162e-36
9.02713523655e-37
8.75842598213e-37
8.23538565207e-37
8.3815032732e-37
9.02169913271e-37
1.00216336754e-36
1.37455803479e-36
2.23167851942e-32
7.94982398444e-33
2.49721430387e-33
1.94189528211e-35
0
0
0
0
0
0
0
0
0
0
0
0
0
0
0
0
0
0
0
0
0
0
0
0
0
0
0
0
0
0
0
0
0
0
0
0
0
0
0
0
0
0
0
0
0
0
0
0
0
0
0
0
0
0
0
7.07249427185e-34
6.82179550715e-34
5.86104504011e-34
5.29650868474e-34
4.887187415e-34
4.55336869558e-34
4.33326893309e-34
4.21683904044e-34
4.18777210913e-34
4.23359250195e-34
4.72915833459e-34
2.63794486147e-34
5.04848770583e-35
2.71934876257e-35
2.03117750831e-35
1.73658303995e-35
200
200
200
200
200
200
200
200
1.11922349409e-36
1.0727755676e-36
1.00877765001e-36
9.29464855242e-37
8.55295438086e-37
8.0111533786e-37
7.30920111082e-37
7.24787046906e-37
6.99261215862e-37
7.16651119381e-37
7.30376500697e-37
8.27469685911e-37
3.52111265558e-27
1.51010325203e-26
2.19081756836e-28
1.61414441811e-30
6.38955877161e-32
5.3337937844e-36
0
0
0
0
0
0
0
0
0
0
0
0
0
0
0
0
0
0
0
0
0
0
0
0
0
0
0
0
0
0
0
0
0
0
0
0
0
0
0
0
0
0
0
0
0
0
0
0
0
0
0
0
0
0
6.09711440226e-34
7.94343948014e-34
6.7280327951e-34
6.09445178891e-34
5.61274082092e-34
5.14432590297e-34
4.79055386452e-34
4.53936626851e-34
4.39310574056e-34
4.32952906046e-34
4.68809553855e-34
2.55383221284e-34
200
200
200
200
200
200
200
200
200
200
200
200
8.17144640688e-37
7.9234821037e-37
7.61610010717e-37
7.27088206008e-37
6.79200747595e-37
6.52686547352e-37
6.06533572288e-37
5.91604965565e-37
5.91604965565e-37
5.91424430751e-37
6.15095711671e-37
1.29138891287e-21
200
200
200
7.15587453832e-25
3.4009124703e-29
3.45674024707e-31
8.70461393223e-37
0
0
0
0
0
0
0
0
0
0
0
0
0
0
0
0
0
0
0
0
0
0
0
0
0
0
0
0
0
0
0
0
0
0
0
0
0
0
0
0
0
0
0
0
0
0
0
0
0
0
0
0
0
4.32171924429e-34
8.68752140782e-34
200
200
200
200
200
200
200
200
200
200
200
200
200
200
200
200
200
200
200
200
200
200
6.42842996697e-37
6.33299071615e-37
6.15377454198e-37
5.92116227701e-37
5.66491130743e-37
5.32551073011e-37
5.20718668497e-37
4.97827007089e-37
4.85659248123e-37
4.92676115921e-37
5.2809724899e-37
200
200
200
200
200
200
6.13864376813e-28
2.79995957299e-31
2.26329277055e-39
0
0
0
0
0
0
0
0
0
0
0
0
0
0
0
0
0
0
0
0
0
0
0
0
0
0
0
0
0
0
0
0
0
0
0
0
0
0
0
0
0
0
0
0
0
0
0
0
0
0
0
0
200
200
200
200
200
200
200
200
200
200
200
200
200
200
200
200
200
200
200
200
200
200
200
200
5.40956375113e-37
5.25089128704e-37
5.14810203371e-37
4.98988938807e-37
4.75902210248e-37
4.5636067534e-37
4.34906226788e-37
4.25272572675e-37
4.18309845102e-37
4.22332834541e-37
4.30839695486e-37
4.78891307576e-37
200
200
200
200
200
200
4.97035563111e-28
5.85894986774e-33
0
0
0
0
0
0
0
0
0
0
0
0
0
0
0
0
0
0
0
0
0
0
0
0
0
0
0
0
0
0
0
0
0
0
0
0
0
0
0
0
0
0
0
0
0
0
0
0
0
0
0
200
200
200
200
200
200
200
200
200
200
200
200
200
200
200
200
200
200
200
200
200
200
200
200
200
4.5618507339e-37
4.49916012468e-37
4.35254386889e-37
4.16895393464e-37
4.04520795957e-37
3.80495048724e-37
3.68688799972e-37
3.57361478483e-37
3.49861464223e-37
3.50367478315e-37
3.64014557985e-37
3.97592469921e-37
5.00026372427e-37
200
200
200
200
200
200
2.83967384829e-29
3.69991145139e-33
0
0
0
0
0
0
0
0
0
0
0
0
0
0
0
0
0
0
0
0
0
0
0
0
0
0
0
0
0
0
0
0
0
0
0
0
0
0
0
0
0
0
0
0
0
0
0
0
0
200
200
200
200
200
200
200
200
200
200
200
200
200
200
200
200
200
200
200
200
200
200
200
200
200
200
3.83429148573e-37
3.7214425893e-37
3.65071667505e-37
3.52471647246e-37
3.35736604284e-37
3.27168186288e-37
3.1092648986e-37
3.02136947525e-37
2.97425661567e-37
2.97039163539e-37
3.03888760228e-37
3.26808412963e-37
3.92226835497e-37
4.96087859048e-35
200
200
200
200
200
4.53106819077e-22
1.41123456837e-30
6.57123531574e-36
0
0
0
0
0
0
0
0
0
0
0
0
0
0
0
0
0
0
0
0
0
0
0
0
0
0
0
0
0
0
0
0
0
0
0
0
0
0
0
0
0
0
0
0
0
0
0
0
200
200
200
200
200
200
200
200
200
200
200
200
200
200
200
200
200
200
200
200
200
200
200
200
200
200
3.21883068524e-37
3.15810464369e-37
3.09337683453e-37
2.99628793582e-37
2.90470170862e-37
2.77529571371e-37
2.69228550098e-37
2.62961002589e-37
2.56974803996e-37
2.53623577572e-37
2.58286511747e-37
2.69353671952e-37
3.05122695113e-37
1.6657264079e-35
6.72332558112e-34
200
200
200
200
200
1.08466049652e-27
3.13344836442e-33
5.91623178264e-37
0
0
0
0
0
0
0
0
0
0
0
0
0
0
0
0
0
0
0
0
0
0
0
0
0
0
0
0
0
0
0
0
0
0
0
0
0
0
0
0
0
0
0
0
0
0
200
200
200
200
200
200
200
200
200
200
200
200
200
200
200
200
200
200
200
200
200
200
200
200
200
200
200
2.8270266475e-37
2.76622649032e-37
2.69981039099e-37
2.62947223619e-37
2.54490544904e-37
2.44131182698e-37
2.39249500337e-37
2.31165262117e-37
2.23128222289e-37
2.20684644457e-37
2.20714331482e-37
2.25749157427e-37
2.44697488758e-37
4.69074723396e-37
3.23642180201e-34
5.98571448565e-34
200
200
200
200
1.08681773532e-19
4.15982273513e-33
4.25873018393e-33
0
0
0
0
0
0
0
0
0
0
0
0
0
0
0
0
0
0
0
0
0
0
0
0
0
0
0
0
0
0
0
0
0
0
0
0
0
0
0
0
0
0
0
0
0
0
200
200
200
200
200
200
200
200
200
200
200
200
200
200
200
200
200
200
200
200
200
200
200
200
200
200
200
2.54645684553e-37
2.49143267178e-37
2.43605939842e-37
2.3690984825e-37
2.29997031543e-37
2.21115215447e-37
2.15610611953e-37
2.06304331555e-37
1.982459061e-37
1.94854061532e-37
1.92974311858e-37
1.94422104759e-37
2.03129667536e-37
2.43086739633e-37
8.32458381527e-35
8.49121849252e-34
5.34423755988e-34
7.76272173984e-34
200
200
200
3.20528801103e-33
6.40846118186e-33
4.33046951024e-33
0
0
0
0
0
0
0
0
0
0
0
0
0
0
0
0
0
0
0
0
0
0
0
0
0
0
0
0
0
0
0
0
0
0
0
0
0
0
0
0
0
0
0
0
200
200
200
200
200
200
200
200
200
200
200
200
200
200
200
200
200
200
200
200
200
200
200
200
200
200
200
200
2.35515182337e-37
2.29618174236e-37
2.2540281085e-37
2.18426149901e-37
2.10664587985e-37
2.03519046516e-37
1.94628180921e-37
1.86061711883e-37
1.77231961227e-37
1.72879205513e-37
1.6771485836e-37
1.65784971128e-37
1.71194732933e-37
1.88227598233e-37
1.4741988685e-35
4.28707926989e-34
5.11159546217e-34
7.81449383301e-34
1.13880263336e-33
1.52159463138e-33
2.29072816612e-33
3.13778940784e-33
5.00597436153e-33
1.13356801705e-32
5.93183618214e-32
0
0
0
0
0
0
0
0
0
0
0
0
0
0
0
0
0
0
0
0
0
0
0
0
0
0
0
0
0
0
0
0
0
0
0
0
0
0
0
0
0
0
0
200
200
200
200
200
200
200
200
200
200
200
200
200
200
200
200
200
200
200
200
200
200
200
200
200
200
200
200
2.21836295068e-37
2.15623581632e-37
2.10941055763e-37
2.04422318128e-37
1.9623705195e-37
1.8778606861e-37
1.78054611909e-37
1.68376769108e-37
1.58956580363e-37
1.51732487924e-37
1.44979320329e-37
1.41890051267e-37
1.41628759896e-37
1.4854505487e-37
1.9778259934e-37
8.07076858702e-35
4.70987294017e-34
6.18581815031e-34
1.28993644187e-33
1.95118548966e-33
2.92662944328e-33
3.97921501093e-33
6.11663355001e-33
1.52978112372e-32
4.3556614841e-32
3.09352143017e-33
0
0
0
0
0
0
0
0
0
0
0
0
0
0
0
0
0
0
0
0
0
0
0
0
0
0
0
0
0
0
0
0
0
0
0
0
0
0
0
0
0
0
200
200
200
200
200
200
200
200
200
200
200
200
200
200
200
200
200
200
200
200
200
200
200
200
200
200
200
200
2.13628939973e-37
2.05747030067e-37
2.00581821566e-37
1.9366826092e-37
1.83538335789e-37
1.74407722475e-37
1.63638621626e-37
1.52599528862e-37
1.4291301849e-37
1.34234565452e-37
1.27014225847e-37
1.21503622759e-37
1.17280523531e-37
1.1748933311e-37
1.27827359901e-37
6.94267792587e-36
1.34622887985e-34
3.08053976443e-34
6.94773017956e-34
1.31811039365e-33
2.56928531742e-33
4.47112337774e-33
8.09060289909e-33
1.04237194161e-32
1.07636040162e-32
2.6900978644e-32
0
0
0
0
0
0
0
0
0
0
0
0
0
0
0
0
0
0
0
0
0
0
0
0
0
0
0
0
0
0
0
0
0
0
0
0
0
0
0
0
0
0
200
200
200
200
200
200
200
200
200
200
200
200
200
200
200
200
200
200
200
200
200
200
200
200
200
200
200
200
2.11147625008e-37
2.00886633624e-37
1.94275254315e-37
1.85557734371e-37
1.75001347181e-37
1.63468121833e-37
1.51589340392e-37
1.40343466947e-37
1.29494743037e-37
1.20191838711e-37
1.12759413866e-37
1.06147453354e-37
1.02049683571e-37
9.84485256221e-38
9.84740558574e-38
1.1136419214e-37
1.82314107237e-35
8.95615078045e-35
2.01453612332e-34
4.61176749582e-34
8.83111806462e-34
1.81964825534e-33
3.41408703218e-33
5.6082830903e-33
7.00873288756e-33
1.10265367142e-32
7.11236698144e-32
1.27859797229e-25
0
0
0
0
0
0
0
0
0
0
0
0
0
0
0
0
0
0
0
0
0
0
0
0
0
0
0
0
0
0
0
0
0
0
0
0
0
0
0
200
200
200
200
200
200
200
200
200
200
200
200
200
200
200
200
200
200
200
200
200
200
200
200
200
200
200
200
200
2.17452028357e-37
2.02015788339e-37
1.93010502239e-37
1.82542620738e-37
1.69051809924e-37
1.56018893578e-37
1.42979840688e-37
1.30302248069e-37
1.19435246741e-37
1.09558612333e-37
1.01587856801e-37
9.54769243623e-38
8.96724345539e-38
8.42077175723e-38
8.19154926396e-38
8.2086038995e-38
1.58388349861e-37
1.52437734655e-35
3.90546614035e-35
8.95690468895e-35
1.92110144421e-34
4.07554696651e-34
8.27007873913e-34
1.74598743054e-33
3.2809059276e-33
6.86862556277e-33
8.89409105239e-26
89.8743703834
0
0
0
0
0
0
0
0
0
0
0
0
0
0
0
0
0
0
0
0
0
0
0
0
0
0
0
0
0
0
0
0
0
0
0
0
0
0
0
200
200
200
200
200
200
200
200
200
200
200
200
200
200
200
200
200
200
200
200
200
200
200
200
200
200
200
200
200
200
2.14900990258e-37
1.99258729503e-37
1.82484056242e-37
1.66788278191e-37
1.51217913798e-37
1.37025635985e-37
1.23806466493e-37
1.12496240963e-37
1.02368442544e-37
9.45102611951e-38
8.67482842951e-38
8.00661040845e-38
7.40471869152e-38
6.7922663513e-38
6.46102741074e-38
6.49367865967e-38
8.95767743279e-37
7.61111250815e-36
1.58094881753e-35
3.06110239571e-35
5.44188953204e-35
1.03594023192e-34
2.67396273176e-34
1.10006116845e-33
3.14260414411e-31
3.07001520978e-25
3.01702158141e-33
57.5965862407
0
0
0
0
0
0
0
0
0
0
0
0
0
0
0
0
0
0
0
0
0
0
0
0
0
0
0
0
0
0
0
0
0
0
0
0
0
0
200
200
200
200
200
200
200
200
200
200
200
200
200
200
200
200
200
200
200
200
200
200
200
200
200
200
200
200
200
5.17195518591e-23
2.50460853191e-37
2.1901241246e-37
1.91244557723e-37
1.69016134757e-37
1.49813291369e-37
1.33199312655e-37
1.18939997697e-37
1.06040175639e-37
9.70372749947e-38
8.802396148e-38
8.00692047327e-38
7.21675289398e-38
6.45753735061e-38
5.75285918929e-38
5.17629849983e-38
4.80186622596e-38
4.92812493009e-38
8.09823164451e-37
2.53926813682e-36
4.6559465101e-36
7.72119030326e-36
1.12309171007e-35
1.55479826657e-35
2.79011009759e-35
1.34676988009e-34
9.4677483273e-34
1.15103489446e-34
200
0
0
0
0
0
0
0
0
0
0
0
0
0
0
0
0
0
0
0
0
0
0
0
0
0
0
0
0
0
0
0
0
0
0
0
0
0
200
200
200
200
200
200
200
200
200
200
200
200
200
200
200
200
200
200
200
200
200
200
200
200
200
200
200
200
200
200
1.20615755105e-31
3.56431268374e-37
2.6822832259e-37
2.11681975255e-37
1.76178530638e-37
1.50971221261e-37
1.31753839602e-37
1.15460475385e-37
1.03184503151e-37
9.24959803904e-38
8.34038003008e-38
7.49804371234e-38
6.63765538832e-38
5.77136840779e-38
4.99959410408e-38
4.37088692554e-38
3.83224070533e-38
3.43686342835e-38
4.42289224373e-38
2.84697892597e-37
5.28375568814e-37
9.16029191607e-37
1.32224636085e-36
1.23150025486e-36
8.80163988653e-37
2.61923558441e-37
2.2880216908e-37
9.96260121688e-38
1.55133875622e-36
200
0
0
0
0
0
0
0
0
0
0
0
0
0
0
0
0
0
0
0
0
0
0
0
0
0
0
0
0
0
0
0
0
0
0
0
0
200
200
200
200
200
200
200
200
200
200
200
200
200
200
200
200
200
200
200
200
200
200
200
200
200
200
200
200
200
200
8.92862850322e-31
1.07726916748e-28
191.561866823
2.49699555689e-37
1.87833594252e-37
1.54512775867e-37
1.31436875387e-37
1.13800560698e-37
1.01019020281e-37
9.02189576712e-38
8.01769295946e-38
7.14761590651e-38
6.2610384976e-38
5.37635322817e-38
4.59156765814e-38
3.87827045529e-38
3.07269527325e-38
1.98956109525e-38
2.15768598109e-38
3.83317465624e-38
7.03698833656e-38
9.87901863032e-38
9.45085513217e-38
5.39043034241e-38
7.02089079682e-38
9.81690309434e-38
1.66768468302e-37
2.82962821054e-37
1.88900909756e-36
2.62767698067e-35
0
0
0
0
0
0
0
0
0
0
0
0
0
0
0
0
0
0
0
0
0
0
0
0
0
0
0
0
0
0
0
0
0
0
0
2.02547604348e-40
200
200
200
200
200
200
200
200
200
200
200
200
200
200
200
200
200
200
200
200
200
200
200
200
200
200
200
200
200
200
3.24338807467e-30
1.05042329022e-31
1.16963676442e-25
200
6.67726479305e-21
1.58671246296e-37
1.31026816917e-37
1.12763547381e-37
9.95703410186e-38
8.84325865803e-38
7.87637309103e-38
6.95556813505e-38
5.99125990769e-38
5.11183693407e-38
4.26187893268e-38
3.3639588205e-38
2.38828018846e-38
1.27654930287e-38
2.26327507989e-39
4.04388194789e-39
4.72578460548e-39
5.36500533358e-39
1.19984620462e-38
1.74239183854e-38
2.87351382974e-38
5.98406431084e-38
1.50013907154e-37
5.75283564294e-37
3.20064387997e-36
2.88050177766e-36
9.59436020594e-41
0
0
0
0
0
0
0
0
0
0
0
0
0
0
0
0
0
0
0
0
0
0
0
0
0
0
0
0
0
0
0
0
0
0
200
200
200
200
200
200
200
200
200
200
200
200
200
200
200
200
200
200
200
200
200
200
200
200
200
200
200
200
200
200
200
2.5782469345e-30
2.73872264132e-30
2.82366780339e-30
5.4808102479e-30
1.14641976398e-24
200
200
1.17064721445e-37
1.00950786041e-37
8.90807993096e-38
7.87396243808e-38
6.92523113355e-38
5.82687036225e-38
4.9874835894e-38
4.11428529523e-38
3.3915429575e-38
2.50808530512e-38
1.20226419485e-38
2.26327507989e-39
3.65399728107e-39
4.61918060319e-39
5.25840133129e-39
6.63769585108e-39
1.55499166675e-38
2.19334988465e-38
4.66204005304e-38
1.35012516439e-37
2.83040535372e-37
5.33207372142e-37
2.18557845288e-38
1.55475834523e-35
0
0
0
0
0
0
0
0
0
0
0
0
0
0
0
0
0
0
0
0
0
0
0
0
0
0
0
0
0
0
0
0
0
0
200
200
200
200
200
200
200
200
200
200
200
200
200
200
200
200
200
200
200
200
200
200
200
200
200
200
200
200
200
200
199.999999488
)
;

boundaryField
{
    frontAndBack
    {
        type            empty;
    }
    leftWall
    {
        type            calculated;
        value           uniform 0;
    }
    outlet
    {
        type            calculated;
        value           uniform 0;
    }
    rightWall
    {
        type            calculated;
        value           uniform 0;
    }
    inlet
    {
        type            calculated;
        value           uniform 1.4340477325e-34;
    }
}


// ************************************************************************* //
