/*--------------------------------*- C++ -*----------------------------------*\
| =========                 |                                                 |
| \\      /  F ield         | OpenFOAM: The Open Source CFD Toolbox           |
|  \\    /   O peration     | Version:  v1906                                 |
|   \\  /    A nd           | Web:      www.OpenFOAM.com                      |
|    \\/     M anipulation  |                                                 |
\*---------------------------------------------------------------------------*/
FoamFile
{
    version     2.0;
    format      ascii;
    class       volScalarField;
    location    "188";
    object      alpha;
}
// * * * * * * * * * * * * * * * * * * * * * * * * * * * * * * * * * * * * * //

dimensions      [0 0 -1 0 0 0 0];


internalField   nonuniform List<scalar> 
9216
(
160.523979531
199.999998514
199.999998628
199.999998628
199.999998628
199.999998722
199.999998722
199.999998722
199.999998722
199.999998722
199.99999863
199.999998441
199.999998466
199.999998245
199.999998245
199.999998245
199.999998441
199.9999986
199.9999986
199.9999986
199.9999986
199.999998249
199.999998172
199.999998172
199.999998172
199.999998172
199.999997901
199.999997778
199.999997674
199.999997472
199.999997417
199.999996816
199.999997004
199.999997602
199.999997657
199.999997972
199.99999799
199.99999799
199.99999799
199.99999799
199.99999799
199.999997804
199.999997479
199.999997449
199.99999769
199.99999769
199.99999769
199.99999769
199.99999769
199.999997675
199.999997749
199.999997828
199.999997914
199.99999799
199.99999799
199.999997939
199.999997768
199.999997549
199.999997189
199.999996662
199.9999962
199.999995786
199.999995467
199.999995078
199.999994351
199.999993282
199.999992294
199.999991964
199.999990839
199.999989421
199.999988117
199.999986536
199.999985152
199.99998381
199.999981387
199.999977218
199.999972508
199.999967407
199.999959131
199.99994385
199.999903091
199.999493215
199.97556363
187.971661524
169.997139838
155.790065936
140.947563032
120.131334454
95.577787243
74.7075678121
56.09206294
41.6350407482
30.2154441238
19.7528150457
11.7842682178
1.33855209295
199.999998421
199.999998713
199.999998722
199.999998722
199.999998722
199.999998722
199.999998722
199.999998628
199.999998628
199.999998628
199.999998628
199.999998628
199.999998452
199.999998255
199.999998255
199.999998255
199.999998327
199.999998336
199.999998336
199.999998249
199.999998524
199.999998408
199.999998231
199.999998039
199.999997961
199.999997961
199.999997961
199.999997961
199.999997958
199.999997662
199.999997419
199.999997419
199.999997419
199.999997419
199.999997419
199.999997419
199.999997419
199.999997201
199.999997201
199.999997004
199.999997004
199.999997004
199.999997004
199.999996671
199.999996671
199.999996671
199.999996671
199.999996671
199.999996671
199.999996671
199.999996671
199.999996671
199.999996671
199.999996387
199.999996164
199.999996133
199.999995909
199.999995529
199.999994362
199.999993329
199.999992496
199.999991806
199.999991158
199.999990851
199.999990064
199.999988448
199.999986689
199.999986086
199.999986209
199.999986652
199.99998607
199.999984128
199.999981828
199.999979315
199.999976189
199.999971694
199.999967526
199.999967169
199.99996844
199.999959795
199.999943709
199.999869492
199.999268269
199.835163121
185.397424223
169.243340649
154.886712994
132.885415294
112.333874986
87.5935817567
66.225484691
52.9925519656
42.3505195292
27.2039712338
17.9811065135
14.2430727287
199.999998628
199.999998734
199.999998695
199.999998757
199.999998628
199.999998628
199.999998628
199.999998628
199.999998628
199.999998628
199.999998524
199.999998524
199.999998524
199.999998524
199.999998035
199.999998231
199.999998231
199.999998231
199.999998231
199.999998231
199.999998231
199.999998231
199.999998231
199.999997961
199.999997961
199.999997702
199.999997465
199.999997223
199.999997223
199.999997223
199.999997004
199.999997004
199.999996671
199.999996671
199.999996671
199.999996671
199.999996671
199.999996671
199.999996671
199.999996671
199.999996671
199.999996671
199.999996302
199.999996302
199.999995794
199.999995794
199.999995338
199.999995338
199.999994927
199.999994363
199.999994363
199.999994363
199.999994363
199.999994363
199.999994363
199.999994363
199.999994363
199.999994135
199.999993515
199.999992345
199.999991276
199.999990422
199.999989629
199.999988662
199.999987115
199.999984928
199.999982573
199.999980625
199.999978441
199.999975365
199.999972034
199.999971431
199.999967044
199.999968722
199.999963641
199.999956282
199.999950643
199.999944996
199.999936607
199.999929235
199.999916039
199.999767331
199.997945662
198.583072297
183.210786972
166.271404106
144.978992728
133.884908312
118.81673971
90.4507600614
63.432280187
57.3619796848
41.5373955471
31.8903983326
28.1215708471
18.8347725428
199.999998722
199.999998757
199.999998757
199.999998757
199.999998628
199.999998628
199.999998628
199.999998628
199.999998524
199.999998524
199.999998524
199.999998524
199.999998524
199.999998231
199.999998231
199.999998231
199.999998231
199.999998231
199.999998231
199.999998231
199.999998231
199.999998035
199.999998035
199.999997765
199.999997465
199.999997223
199.999997004
199.999997004
199.999996671
199.999996671
199.999996671
199.999996671
199.999996671
199.999996671
199.999996671
199.999996671
199.999996302
199.999996302
199.999996302
199.999996302
199.999995383
199.999994927
199.999994363
199.999994363
199.999994363
199.999994363
199.999994363
199.999994363
199.999994363
199.999994363
199.999993737
199.999993737
199.999993737
199.999993737
199.999993737
199.999993737
199.999993737
199.999993737
199.99999368
199.99999281
199.999991646
199.999990583
199.999989436
199.999988392
199.999986888
199.999984693
199.999982132
199.999979902
199.99997781
199.999974916
199.999971756
199.999967791
199.9999631
199.999961729
199.999954337
199.999946701
199.999940375
199.99993404
199.999925671
199.999910781
199.999777057
199.997579496
199.88619067
190.808886569
177.579550923
159.459676458
143.402657959
132.783828254
111.462124007
96.1914823026
77.7583224884
54.5059397369
50.1887909167
41.3725678543
35.0694822633
23.2276303178
199.999998722
199.999998757
199.999998757
199.999998692
199.999998628
199.999998628
199.999998628
199.999998524
199.999998524
199.999998524
199.999998524
199.999998524
199.999998231
199.999998231
199.999998231
199.999998231
199.999998231
199.999998231
199.999998231
199.999998035
199.999998035
199.999998035
199.999997765
199.999997465
199.999997004
199.999997004
199.999996671
199.999996671
199.999996671
199.999996671
199.999996671
199.999996671
199.999996302
199.999996302
199.999996302
199.999996302
199.999996302
199.999995891
199.999994927
199.999994363
199.999994363
199.999994363
199.999994363
199.999994363
199.999993737
199.999993737
199.999993737
199.999993737
199.999993737
199.999993737
199.999993737
199.999993737
199.999993041
199.999993041
199.999993041
199.999993041
199.999993041
199.999993041
199.999993041
199.999991858
199.999990762
199.999989167
199.99998742
199.999986106
199.999984557
199.999981896
199.99998004
199.999978703
199.999976137
199.999973042
199.99997018
199.999968069
199.999963347
199.999957075
199.999948261
199.999940992
199.99993984
199.999934115
199.999925863
199.999910681
199.999763918
199.997477038
199.835981955
185.971981878
169.020748481
150.508895727
134.629473748
125.569248693
119.997751625
98.4071020365
85.1826118179
64.5645456099
50.2439249244
49.8402519216
46.0530747376
34.0275035208
199.999998722
199.999998757
199.999998757
199.999998628
199.999998628
199.999998628
199.999998524
199.999998524
199.999998524
199.999998524
199.999998524
199.999998408
199.999998231
199.999998231
199.999998231
199.999998231
199.999998231
199.999998035
199.999998035
199.999998035
199.999998035
199.999997765
199.999997465
199.999997004
199.999996671
199.999996671
199.999996671
199.999996671
199.999996671
199.999996671
199.999996302
199.999996302
199.999996302
199.999996302
199.999996302
199.999995891
199.999994927
199.999994927
199.999994363
199.999994363
199.999994363
199.999994363
199.999993737
199.999993737
199.999993737
199.999993737
199.999993737
199.999993041
199.999993041
199.999993041
199.999993041
199.999993041
199.999992268
199.999992268
199.999992268
199.999991408
199.999991408
199.999990454
199.999990454
199.99998933
199.999984982
199.999981767
199.999979431
199.999977848
199.999976669
199.999975606
199.999972622
199.999972188
199.99997044
199.999967925
199.9999652
199.999960899
199.999955286
199.999947434
199.999941546
199.999940874
199.99993559
199.99992471
199.999918068
199.999909404
199.999771098
199.994663617
195.386827722
183.115558899
166.940836963
149.811585785
141.572373541
125.802417464
108.314903053
91.4657916694
91.4639736126
79.5512264059
60.2220450453
56.8406868798
56.1017085105
43.4917535453
199.999998722
199.999998757
199.999998757
199.999998628
199.999998628
199.999998524
199.999998524
199.999998524
199.999998524
199.999998524
199.999998524
199.999998231
199.999998231
199.999998231
199.999998035
199.999998035
199.999998035
199.999998035
199.999998035
199.999998035
199.999998035
199.999997465
199.999997004
199.999996671
199.999996671
199.999996671
199.999996671
199.999996671
199.999996302
199.999996302
199.999996302
199.999996302
199.999996302
199.999995891
199.999995891
199.999994927
199.999994363
199.999994363
199.999994363
199.999994363
199.999993737
199.999993737
199.999993737
199.999993737
199.999993041
199.999993041
199.999993041
199.999993041
199.999993041
199.999992268
199.999992268
199.999992268
199.999991408
199.999991408
199.999990454
199.999990454
199.999989393
199.999989393
199.999985258
199.999978124
199.999976669
199.999972622
199.999972622
199.999972622
199.99996958
199.99996958
199.99996958
199.99996958
199.9999662
199.999966191
199.999964757
199.999960618
199.999955302
199.999948822
199.999942038
199.999940527
199.999931626
199.999922784
199.999919102
199.99988938
199.999310915
199.9852336
190.397509551
176.763399164
163.386313288
149.043026382
137.16680829
125.849458456
107.973940795
101.035914159
87.7276908504
87.80408363
77.920569259
65.825369386
65.7691366426
52.631411008
199.999998722
199.999998757
199.999998757
199.999998628
199.999998628
199.999998653
199.999998653
199.999998524
199.999998524
199.999998524
199.999998347
199.999998231
199.999998231
199.999998035
199.999998035
199.999998035
199.999998035
199.999998035
199.999998035
199.999998035
199.999997765
199.999997223
199.999996671
199.999996671
199.999996671
199.999996671
199.999996671
199.999996302
199.999996302
199.999996302
199.999996302
199.999996302
199.999995891
199.999995891
199.999994927
199.999994363
199.999994363
199.999994363
199.999993737
199.999993737
199.999993737
199.999993737
199.999993737
199.999993041
199.999993041
199.999993041
199.999993041
199.999992268
199.999992268
199.999992268
199.999991408
199.999991408
199.999990454
199.999990454
199.999989393
199.999989393
199.999988215
199.999978645
199.99997536
199.999972622
199.999972622
199.99996958
199.99996958
199.9999662
199.9999662
199.999962444
199.999962444
199.999958271
199.999958271
199.999958271
199.999953635
199.999953573
199.99995003
199.999944431
199.999937717
199.999931796
199.999927377
199.999920059
199.999917221
199.999870842
199.999377596
199.935415814
189.246416171
176.754361233
160.704400874
148.777932218
132.77808555
120.942208663
110.778156492
105.828674253
97.8672734366
88.1516059541
89.1663236749
74.1306538557
74.9516521244
61.896319975
199.999998777
199.999998757
199.999998757
199.999998757
199.999998653
199.999998653
199.999998653
199.999998524
199.999998524
199.999998524
199.999998347
199.999998231
199.999998035
199.999998035
199.999998035
199.999998035
199.999998035
199.999998035
199.999998035
199.999998035
199.999997465
199.999997004
199.999996671
199.999996671
199.999996671
199.999996671
199.999996302
199.999996302
199.999996302
199.999996302
199.999996302
199.999995891
199.999995891
199.999994927
199.999994363
199.999994363
199.999994363
199.999993737
199.999993737
199.999993737
199.999993737
199.999993041
199.999993041
199.999993041
199.999993041
199.999992268
199.999992268
199.999992268
199.999991408
199.999991408
199.999990454
199.999990454
199.999989393
199.999989393
199.999988215
199.999984422
199.99997536
199.999972622
199.999972622
199.99996958
199.99996958
199.9999662
199.9999662
199.999962444
199.999958271
199.999958271
199.999953635
199.999953635
199.999948483
199.999948483
199.999948483
199.999942759
199.999942759
199.99993993
199.999933747
199.999927759
199.999920233
199.999920457
199.999910723
199.99981426
199.998893477
199.401717594
186.976188858
173.844925388
161.949332268
150.352143057
137.170971738
122.250762778
112.235734168
100.387076284
104.155178008
98.3935735427
91.8054985862
86.7091584158
82.4117934532
70.1435367149
199.999998851
199.999998757
199.999998757
199.999998757
199.999998653
199.999998653
199.999998653
199.999998524
199.999998524
199.999998524
199.999998347
199.999998231
199.999998035
199.999998035
199.999998035
199.999998035
199.999998035
199.999998035
199.999998035
199.999997765
199.999997004
199.999996671
199.999996671
199.999996671
199.999996671
199.999996302
199.999996302
199.999996302
199.999996302
199.999996302
199.999995891
199.999995434
199.999994927
199.999994363
199.999994363
199.999994363
199.999993737
199.999993737
199.999993737
199.999993737
199.999993041
199.999993041
199.999993041
199.999993041
199.999992268
199.999992268
199.999991408
199.999991408
199.999990454
199.999990454
199.999990454
199.999989393
199.999989393
199.999988215
199.999980895
199.99997536
199.999972622
199.99996958
199.99996958
199.9999662
199.9999662
199.999962444
199.999958271
199.999953635
199.999953635
199.999948483
199.999948483
199.999942759
199.999942759
199.999936399
199.999936399
199.999936399
199.999936399
199.999929332
199.999926909
199.999923629
199.999919212
199.999919262
199.999906518
199.999747633
199.996221428
198.289017292
184.101947967
171.815902493
161.946890477
150.387410524
136.640084636
124.951311143
115.480973333
108.49181663
102.242329961
104.336099838
99.6338192407
97.294539525
89.6736260854
79.1971737665
199.999998851
199.999998757
199.999998757
199.999998757
199.999998653
199.999998653
199.999998653
199.999998524
199.999998524
199.999998347
199.999998231
199.999998035
199.999998035
199.999998035
199.999998035
199.999998035
199.999998035
199.999998035
199.999998035
199.999997247
199.999997004
199.999996671
199.999996671
199.999996671
199.999996302
199.999996302
199.999996302
199.999996302
199.999995891
199.999995891
199.999995891
199.999994927
199.999994927
199.999994363
199.999994363
199.999993737
199.999993737
199.999993737
199.999993041
199.999993041
199.999993041
199.999993041
199.999992268
199.999992268
199.999992268
199.999991408
199.999991408
199.999990454
199.999990454
199.999989393
199.999989393
199.999988215
199.999988215
199.999980895
199.999972622
199.999972622
199.99996958
199.99996958
199.9999662
199.999962444
199.999958271
199.999953635
199.999953635
199.999948483
199.999942759
199.999942759
199.999936399
199.999936399
199.999929332
199.999929332
199.999929332
199.99992148
199.99992148
199.99992148
199.99992148
199.99992148
199.999919966
199.999912525
199.999893947
199.999606727
199.993727395
197.411666615
183.759974096
172.711330496
161.905942685
147.040397023
135.750781869
127.151231013
122.498683325
115.967159318
111.049563041
103.524001055
106.17805129
109.06724094
97.4000675382
86.1001636403
199.999998851
199.999998757
199.999998757
199.999998757
199.999998653
199.999998653
199.999998653
199.999998524
199.999998524
199.999998347
199.999998231
199.999998035
199.999998035
199.999998035
199.999998035
199.999998035
199.999998035
199.999998035
199.999997816
199.999997004
199.999996671
199.999996671
199.999996671
199.999996302
199.999996302
199.999996302
199.999996302
199.999995891
199.999995891
199.999995891
199.999994927
199.999994927
199.999994363
199.999994363
199.999993737
199.999993737
199.999993737
199.999993041
199.999993041
199.999993041
199.999993041
199.999992268
199.999992268
199.999992268
199.999991408
199.999991408
199.999990454
199.999990454
199.999989393
199.999989393
199.999988215
199.999988215
199.999980895
199.999972622
199.99996958
199.99996958
199.9999662
199.9999662
199.999962444
199.999958271
199.999953635
199.999948483
199.999942759
199.999942759
199.999936399
199.999936399
199.999929332
199.99992148
199.99992148
199.99992148
199.999912755
199.999912755
199.999912755
199.999903061
199.999903061
199.999903061
199.999903061
199.999902459
199.999868912
199.999456655
199.993224709
197.389425815
183.429533002
173.363284307
161.035966074
148.221611235
139.576379791
132.328788062
125.141960941
120.570831848
116.000513944
112.535123003
107.500860731
114.035249831
104.615554811
91.4957989558
199.999999011
199.999998917
199.999998757
199.999998757
199.999998653
199.999998653
199.999998653
199.999998524
199.999998524
199.999998347
199.999998231
199.999998035
199.999998035
199.999998035
199.999998035
199.999998035
199.999998035
199.999997816
199.999997247
199.999997004
199.999996671
199.999996671
199.999996671
199.999996302
199.999996302
199.999996302
199.999995891
199.999995891
199.999995891
199.999995434
199.999994927
199.999994363
199.999994363
199.999993737
199.999993737
199.999993737
199.999993041
199.999993041
199.999993041
199.999992268
199.999992268
199.999992268
199.999991408
199.999991408
199.999991408
199.999990454
199.999990454
199.999989393
199.999989393
199.999988215
199.999988215
199.999984909
199.999972622
199.99996958
199.99996958
199.9999662
199.999962444
199.999958271
199.999958271
199.999952799
199.999948483
199.999942759
199.999936399
199.999929332
199.999929332
199.99992148
199.99992148
199.999912755
199.999912755
199.999903061
199.999903061
199.999892291
199.999892291
199.999892291
199.999892291
199.999892291
199.999892291
199.999874251
199.999841693
199.999643437
199.995360216
193.957590312
182.57450982
174.426050605
161.485269119
152.855243351
144.330711726
136.114543633
128.85328597
124.216800597
119.492072644
116.023098554
114.009489668
117.065495295
110.826448166
96.4936616222
199.999999011
199.999998917
199.999998917
199.999998757
199.999998653
199.999998653
199.999998653
199.999998524
199.999998524
199.999998347
199.999998231
199.999998035
199.999998035
199.999998035
199.999998035
199.999998035
199.999997816
199.999997816
199.999997004
199.999997004
199.999996671
199.999996671
199.999996302
199.999996302
199.999996302
199.999995891
199.999995891
199.999995891
199.999995434
199.999994927
199.999994363
199.999994363
199.999993737
199.999993737
199.999993737
199.999993041
199.999993041
199.999993041
199.999992268
199.999992268
199.999992268
199.999991408
199.999991408
199.999990454
199.999990454
199.999990454
199.999989393
199.999989393
199.999988215
199.999988215
199.999986905
199.999972622
199.99996958
199.99996958
199.9999662
199.999962444
199.999958271
199.999953635
199.999948483
199.999942759
199.999936399
199.999936399
199.999929332
199.99992148
199.99992148
199.999912755
199.999903061
199.999903061
199.999892291
199.999892291
199.999892291
199.999880323
199.999880323
199.999880323
199.999880323
199.999867025
199.999862669
199.999840317
199.99974468
199.999218484
199.984714382
195.764159168
185.377788484
175.777317439
167.246129465
155.322614536
147.71152744
139.072470538
132.337669675
129.718717309
123.637894975
120.608217241
117.812514048
115.929906475
118.909077613
100.883097361
199.999999011
199.999998917
199.999998917
199.999998917
199.999998653
199.999998653
199.999998653
199.999998524
199.999998524
199.999998231
199.999998231
199.999998035
199.999998035
199.999998035
199.999998035
199.999997816
199.999997816
199.999997547
199.999997004
199.999996671
199.999996671
199.999996671
199.999996302
199.999996302
199.999995891
199.999995891
199.999995891
199.999995434
199.999994927
199.999994927
199.999994363
199.999994363
199.999993737
199.999993737
199.999993041
199.999993041
199.999993041
199.999992268
199.999992268
199.999992268
199.999991408
199.999991408
199.999990454
199.999990454
199.999989393
199.999989393
199.999989393
199.999988215
199.999988215
199.999986905
199.999972622
199.99996958
199.99996958
199.9999662
199.999962444
199.999958271
199.999953635
199.999948483
199.999942759
199.999936399
199.999929332
199.99992148
199.999912755
199.999912755
199.999903061
199.999892291
199.999892291
199.999880323
199.999880323
199.999880323
199.999867025
199.999867025
199.999867025
199.999867025
199.999867025
199.99984713
199.999831158
199.999767084
199.999564108
199.99875622
199.976668059
193.613911994
188.914268714
180.37611425
168.330649903
159.915923111
147.960712154
141.971668867
138.15218653
134.321270371
128.138392762
124.570589268
120.930905867
119.045400525
124.215536968
104.780919598
199.999999011
199.99999906
199.999998917
199.999998917
199.999998812
199.999998653
199.999998653
199.999998653
199.999998347
199.999998231
199.999998231
199.999998035
199.999998035
199.999998035
199.999998035
199.999997816
199.999997816
199.999997304
199.999997004
199.999996671
199.999996671
199.999996302
199.999996302
199.999996302
199.999995891
199.999995891
199.999995434
199.999994927
199.999994927
199.999994363
199.999994363
199.999993737
199.999993737
199.999993041
199.999993041
199.999993041
199.999992268
199.999992268
199.999992268
199.999991408
199.999991408
199.999990454
199.999990454
199.999989393
199.999989393
199.999989393
199.999988215
199.999988215
199.999986905
199.99997536
199.99996958
199.99996958
199.9999662
199.999962444
199.999958271
199.999948483
199.999942759
199.999936399
199.999929332
199.99992148
199.999912755
199.999912755
199.999903061
199.999892291
199.999880323
199.999880323
199.999867025
199.999867025
199.999867025
199.99985225
199.99985225
199.99985225
199.99985225
199.999851981
199.999849821
199.999844271
199.999757993
199.99961782
199.999207305
199.997615284
199.910612689
193.50605911
190.902612975
181.881196809
171.050039747
160.549017802
151.549794718
149.115748886
144.054741641
136.830303838
130.727603591
127.45308273
124.970085112
121.585678428
125.063401725
107.818068448
199.999999011
199.99999906
199.99999906
199.999998917
199.999998812
199.999998653
199.999998653
199.999998653
199.999998347
199.999998231
199.999998035
199.999998035
199.999998035
199.999998035
199.999997816
199.999997816
199.999997573
199.999997004
199.999997004
199.999996671
199.999996671
199.999996302
199.999996302
199.999995891
199.999995891
199.999995434
199.999995434
199.999994927
199.999994363
199.999994363
199.999993737
199.999993737
199.999993041
199.999993041
199.999993041
199.999992268
199.999992268
199.999991408
199.999991408
199.999991408
199.999990454
199.999990454
199.999989393
199.999989393
199.999988215
199.999988215
199.999988215
199.999986905
199.99998545
199.99996958
199.99996958
199.9999662
199.999962444
199.999953635
199.999948483
199.999942759
199.999936399
199.99992148
199.999912755
199.999903061
199.999892291
195.382479717
191.324214366
195.194288274
199.748871571
199.99984353
199.99985225
199.999849076
199.999822456
199.999827949
199.999829151
199.999829246
199.999827539
199.999823927
199.999816223
199.999792276
199.999670423
199.999326921
199.998596582
199.993981012
199.581834158
197.110243604
189.98940784
181.143137447
171.004136388
160.003649517
155.530476628
152.387744826
141.452368697
136.426530282
133.714432033
129.369511116
127.324403412
123.909288806
125.355194232
109.835945092
199.999999154
199.99999906
199.99999906
199.99999906
199.999998955
199.999998812
199.999998653
199.999998653
199.999998347
199.999998231
199.999998035
199.999998035
199.999998035
199.999998035
199.999997816
199.999997816
199.999997304
199.999997004
199.999996671
199.999996671
199.999996302
199.999996302
199.999995891
199.999995891
199.999995434
199.999995434
199.999994927
199.999994363
199.999994363
199.999993737
199.999993737
199.999993041
199.999993041
199.999993041
199.999992268
199.999992268
199.999991408
199.999991408
199.999990454
199.999990454
199.999990454
199.999989393
199.999989393
199.999988215
199.999988215
199.999986905
199.999986905
199.99998545
199.999972622
199.99996958
199.9999662
199.999962444
199.999953635
199.999948483
199.999936399
124.687233963
25.9053374878
7.52670004995
2.88839466206
1.34853519472
0.822623845514
0.676629027436
0.756625339727
1.07776230595
1.93441260425
3.74792574955
8.05441301302
18.8909468179
49.5958993125
145.298450686
198.952919529
199.999783212
199.999776524
199.999760718
199.999733264
199.999687346
199.999587588
199.999318907
199.998673822
199.996297449
199.906754566
194.188792156
187.054829177
179.441943491
169.855139374
160.137825112
158.157740235
150.301232844
143.769178346
139.85528705
136.297609367
133.113744011
127.735716887
126.272520043
124.459200016
111.354107464
199.999999154
199.99999906
199.99999906
199.99999906
199.999998955
199.999998955
199.999998653
199.999998524
199.999998231
199.999998231
199.999998035
199.999998035
199.999998035
199.999997816
199.999997816
199.999997573
199.999997304
199.999997004
199.999996671
199.999996671
199.999996302
199.999996302
199.999995891
199.999995434
199.999995434
199.999994927
199.999994927
199.999994363
199.999993737
199.999993737
199.999993041
199.999993041
199.999993041
199.999992268
199.999992268
199.999991408
199.999991408
199.999990454
199.999990454
199.999989393
199.999989393
199.999989393
199.999988215
199.999988215
199.999986905
199.999986905
199.99998545
199.99997536
199.99996958
199.9999662
199.999958271
199.999953635
194.640994886
5.41536967687
0.129021442047
0
0
0
0
0
0
0
0
0
0.00274888108376
0.00904692850084
0.0458767270308
0.136779489591
0.463208666509
1.56773777653
5.49361163425
20.0209311802
78.7509493445
191.225983731
199.999592724
199.999504594
199.999285279
199.997943777
199.99749494
199.983914913
196.910221577
190.250406138
184.031315972
177.500017762
169.074938476
161.717207551
162.096599782
153.481952727
148.246106155
143.867126056
139.5384982
134.715641159
130.020228514
127.675987919
124.070472658
113.014162999
199.999999154
199.99999906
199.99999906
199.99999906
199.999998955
199.999998955
199.999998812
199.999998524
199.999998231
199.999998231
199.999998035
199.999998035
199.999998035
199.999997816
199.999997573
199.999997304
199.999997004
199.999997004
199.999996671
199.999996302
199.999996302
199.999995891
199.999995891
199.999995434
199.999994927
199.999994927
199.999994363
199.999993737
199.999993737
199.999993041
199.999993041
199.999993041
199.999992268
199.999992268
199.999991408
199.999991408
199.999990454
199.999990454
199.999989393
199.999989393
199.999988215
199.999988215
199.999988215
199.999986905
199.999986905
199.99998545
199.999983833
199.99996958
199.9999662
199.999958271
199.999953635
2.72105921585
0
0
0
0
0
0
0
0
0
0
0
0
0
0
0
0.00207634975381
0.0057041982927
0.0253383444844
0.106785678884
0.434281525286
1.79244581444
7.4342033966
31.6063900844
146.82698345
199.086812425
199.993959717
199.990822969
198.903538991
192.592197245
186.50651887
180.944485325
175.31577672
169.062776882
167.941719172
163.234405028
154.648238897
151.447096151
147.032069857
142.170051324
137.604907875
133.918564795
128.474412807
125.876722149
114.584066145
199.999999154
199.99999906
199.99999906
199.99999906
199.999998955
199.999998955
199.999998812
199.999998524
199.999998231
199.999998231
199.999998035
199.999998035
199.999997816
199.999997816
199.999997573
199.999997304
199.999997004
199.999996671
199.999996671
199.999996302
199.999995891
199.999995891
199.999995434
199.999994927
199.999994927
199.999994363
199.999993737
199.999993737
199.999993041
199.999993041
199.999992268
199.999992268
199.999991408
199.999991408
199.999990454
199.999990454
199.999990454
199.999989393
199.999989393
199.999988215
199.999988215
199.999986905
199.999986905
199.99998545
199.99998545
199.999983833
199.99996958
199.9999662
199.999958271
199.999948483
2.91892596465e-05
0
0
0
0
0
0
0
0
0
0
0
0
0
0
0
0
0
0
0.000200121689407
0.00322664516742
0.00913447598376
0.0409035600041
0.225307573432
0.901273598927
4.5787474813
20.7867161125
108.864132957
192.044408194
194.051963601
187.40763228
182.104802647
177.442802194
172.490307925
167.65935759
167.662232275
162.358742279
156.379474212
153.267598575
148.632359078
143.992163955
139.205879047
136.68512445
130.282597594
127.595399073
115.560541618
199.999999154
199.99999906
199.99999906
199.99999906
199.999998955
199.999998955
199.999998812
199.999998408
199.999998231
199.999998231
199.999998035
199.999998035
199.999997816
199.999997573
199.999997304
199.999997004
199.999997004
199.999996671
199.999996302
199.999996302
199.999995891
199.999995434
199.999995434
199.999994927
199.999994363
199.999993737
199.999993737
199.999993041
199.999993041
199.999992268
199.999992268
199.999991408
199.999991408
199.999990454
199.999990454
199.999989393
199.999989393
199.999988215
199.999988215
199.999988215
199.999986905
199.999986905
199.99998545
199.99998545
199.999983833
199.999972622
199.9999662
199.999958271
199.999942759
0
0
0
0
0
0
0
0
0
0
0
0
0
0
0
0
0
0
0
0
0
0
0
0.00200527717997
0.00590344187841
0.0315971204375
0.157406640426
0.650670598814
3.47186898451
16.6081029134
88.9072133138
173.757889001
178.060918287
173.582887137
168.708835844
164.606189756
165.703707912
160.508894687
159.40357346
150.416969348
147.073683672
144.222800988
139.449534819
136.969305206
132.113662976
127.558408573
115.049886281
199.999999154
199.99999906
199.99999906
199.99999906
199.999998955
199.999998955
199.999998812
199.999998408
199.999998231
199.999998231
199.999998035
199.999998035
199.999997816
199.999997573
199.999997304
199.999997004
199.999996671
199.999996302
199.999996302
199.999995891
199.999995434
199.999995434
199.999994927
199.999994363
199.999993737
199.999993737
199.999993041
199.999993041
199.999992268
199.999992268
199.999991408
199.999990454
199.999990454
199.999990454
199.999989393
199.999989393
199.999988215
199.999988215
199.999986905
199.999986905
199.99998545
199.99998545
199.999983833
199.999982037
199.999977824
199.9999662
199.999958271
199.999936399
0
0
0
0
0
0
0
0
0
0
0
0
0
0
0
0
0
0
0
0
0
0
0
0
0
0
0.00154664027498
0.00585719458223
0.0280091045466
0.142956561746
0.660991970708
3.65704599466
18.1298842876
104.120698724
167.679169309
163.559261877
160.550043915
161.676039794
155.92890788
150.793726947
147.061861072
144.803376692
142.652319185
138.954876947
136.41648231
132.535019333
126.27933021
112.983699084
199.999999154
199.99999906
199.99999906
199.99999906
199.999998955
199.999998955
199.999998567
199.999998408
199.999998231
199.999998231
199.999998035
199.999997816
199.999997573
199.999997304
199.999997004
199.999996671
199.999996671
199.999996302
199.999995891
199.999995434
199.999995434
199.999994927
199.999994363
199.999993737
199.999993737
199.999993041
199.999992268
199.999992268
199.999991408
199.999991408
199.999990454
199.999990454
199.999989393
199.999989393
199.999988215
199.999988215
199.999986905
199.999986905
199.99998545
199.99998545
199.999983833
199.999983833
199.999982037
199.999977824
199.9999662
199.999958271
199.999929332
0
0
0
0
0
0
0
0
0
0
0
0
0
0
0
0
0
0
0
0
0
0
0
0
0
0
0
0
0
0.00147427164844
0.00656725466841
0.034659664473
0.1848221957
0.900875084758
5.41251916126
29.4392165368
139.680270639
155.052751057
151.053941754
152.597735866
146.874882331
145.582747252
143.678735394
141.297074063
138.273572493
135.666906106
132.224830135
125.160930087
110.179179755
199.999999154
199.99999906
199.99999906
199.99999906
199.999998955
199.999998955
199.999998408
199.999998408
199.999998231
199.999998035
199.999998035
199.999997816
199.999997573
199.999997304
199.999997004
199.999996671
199.999996302
199.999995891
199.999995434
199.999995434
199.999994927
199.999994363
199.999993737
199.999993041
199.999993041
199.999992268
199.999992268
199.999991408
199.999990454
199.999990454
199.999989393
199.999989393
199.999988215
199.999988215
199.999986905
199.999986905
199.99998545
199.99998545
199.999983833
199.999983833
199.999982037
199.999980041
199.99997536
199.99996958
199.999958271
199.99992148
0
0
0
0
0
0
0
0
0
0
0
0
0
0
0
0
0
0
0
0
0
0
0
0
0
0
0
0
0
0
0
0
0.00192841867544
0.00906206004069
0.0503053415456
0.285355224865
1.66944040493
9.46645179066
63.7441207372
143.475023722
148.101060554
142.078512792
142.894446861
142.597577664
139.890194552
136.650914349
134.522226954
130.29981618
124.330190275
106.984709027
199.999999154
199.99999906
199.99999906
199.99999906
199.999998955
199.999998955
199.999998408
199.999998231
199.999998231
199.999998035
199.999997816
199.999997573
199.999997304
199.999997004
199.999996671
199.999996302
199.999995891
199.999995434
199.999994927
199.999994363
199.999994363
199.999993737
199.999993041
199.999992268
199.999992268
199.999991408
199.999990454
199.999990454
199.999989393
199.999989393
199.999988215
199.999988215
199.999986905
199.999986905
199.99998545
199.99998545
199.999983833
199.999983833
199.999982037
199.999980041
199.999977824
199.99997536
199.99996958
199.999958271
199.999929332
0
0
0
0
0
0
0
0
0
0
0
0
0
0
0
0
0
0
0
0
0
0
0
0
0
0
0
0
0
0
0
0
0
0
0
0.00310390346284
0.015987541244
0.124653744565
0.648238246478
4.1029287596
28.0146906952
122.790434482
138.330571153
140.886294457
140.452086299
137.468500668
133.480117416
131.705928873
128.041839949
122.729497409
103.739082437
199.999999154
199.99999906
199.99999906
199.99999906
199.999998955
199.999998839
199.999998408
199.999998231
199.999998035
199.999998035
199.999997573
199.999997304
199.999997004
199.999996671
199.999996302
199.999995891
199.999995434
199.999994927
199.999994363
199.999993737
199.999993041
199.999992268
199.999992268
199.999991408
199.999990454
199.999989393
199.999989393
199.999988215
199.999988215
199.999986905
199.999986905
199.99998545
199.99998545
199.999983833
199.999983833
199.999982037
199.999982037
199.999980041
199.999977824
199.99997536
199.999972622
199.9999662
199.999958271
199.999929332
199.996514613
0
0
0
0
0
0
0
0
0
0
0
0
0
0
0
0
0
0
0
0
0
0
0
0
0
0
0
0
0
0
0
0
0
0
0
0
0.000942350065758
0.00694281939904
0.0509039723328
0.309489728857
2.08632378167
13.8099121247
94.7703681457
132.873750796
131.894597137
130.888043359
127.632079569
127.538433778
125.321482849
120.995165189
100.448149294
199.999999154
199.99999906
199.99999906
199.99999906
199.999998955
199.999998567
199.999998231
199.999998231
199.999998035
199.999997816
199.999997304
199.999996671
199.999996302
199.999995891
199.999995434
199.999994927
199.999994363
199.999993737
199.999993041
199.999992268
199.999991408
199.999991408
199.999990454
199.999989393
199.999988215
199.999988215
199.999986905
199.999986905
199.99998545
199.99998545
199.999983833
199.999983833
199.999982037
199.999980041
199.999980041
199.999977824
199.999977824
199.99997536
199.999972622
199.99996958
199.999962444
199.999953635
199.999936399
199.999867025
0
0
0
0
0
0
0
0
0
0
0
0
0
0
0
0
0
0
0
0
0
0
0
0
0
0
0
0
0
0
0
0
0
0
0
0
0
0
0
0.00329026538888
0.0276551789483
0.166271344146
1.24381005169
7.79964467845
50.9376978445
116.617183953
123.818963241
120.089774253
122.522933364
121.305250428
119.259202981
96.4202638135
199.999999154
199.99999906
199.99999906
199.999998955
199.999998812
199.999998408
199.999998231
199.999998035
199.999997573
199.999997004
199.999996671
199.999995891
199.999995434
199.999994363
199.999993737
199.999993041
199.999992268
199.999991408
199.999990454
199.999989393
199.999988215
199.999988215
199.999986905
199.999986905
199.99998545
199.999983833
199.999983833
199.999982037
199.999982037
199.999980041
199.999980041
199.999977824
199.999977824
199.99997536
199.99997536
199.999972622
199.99996958
199.99996958
199.999962444
199.999958271
199.999948483
199.999929332
199.999892291
199.99864969
0
0
0
0
0
0
0
0
0
0
0
0
0
0
0
0
0
0
0
0
0
0
0
0
0
0
0
0
0
0
0
0
0
0
0
0
0
0
0
0
0.00147825330993
0.0172586798043
0.120023599116
0.846695229657
5.20395180584
41.7292665813
110.852364904
118.186159594
119.792531649
116.86933601
116.265694867
92.4966417643
53.3662028474
199.99999906
199.99999906
199.999998812
199.999998408
199.999998231
199.999997816
199.999996671
199.999995891
199.999992268
199.999880323
199.999835834
199.99985225
199.999880323
199.99992148
199.999942759
199.999958271
199.9999662
199.999977824
199.999980041
199.999982037
199.999980041
199.999980041
199.999980041
199.999980041
199.999977824
199.999977824
199.99997536
199.99997536
199.99997536
199.999972622
199.999972622
199.99996958
199.99996958
199.9999662
199.999962444
199.999962444
199.999958271
199.999953635
199.999942759
199.999929332
199.999903061
199.999817593
130.26431198
0
0
0
0
0
0
0
0
0
0
0
0.00139414908618
0.00697515156306
0.0107559106989
0.018455174104
0
0
0
0
0
0
0
0
0
0
0
0
0
0
0
0
0
0
0
0
0
0
0
0
0
0
0.000626258475318
0.0118872126403
0.106385634749
0.706519036372
4.69089823925
36.4875681008
110.353371181
114.393478812
110.847398997
112.174328086
89.2209500643
199.999999154
199.99999906
199.999998757
1.77121717679e-06
0
0
0
0
0
0
0
0
0
0
0
0
0
0
0
0
0
0
0
0.221367497604
32.1174772864
199.999749785
199.999880323
199.999948483
199.999958271
199.999958271
199.999958271
199.999958271
199.999958271
199.999953635
199.999953635
199.999948483
199.999942759
199.999936399
199.999929332
199.999912755
199.999892291
199.999835834
199.999691092
0
0
0
0
0
0
0
0
0
0
0.00483701093494
0.0802075973653
0.494562696766
3.53794588084
23.2950152767
44.2620511091
62.0438210713
1.66855344197
0.113302836291
0
0
0
0
0
0
0
0
0
0
0
0
0
0
0
0
0
0
0
0
0
0
0
0
0.000110527365723
0.00998933481577
0.0799333594848
0.564449084592
4.53762700477
36.5832734247
100.345784321
107.077297848
107.471263141
86.7911818273
2.20513557501e-07
1.16059767106e-07
0
0
0
0
0
0
0
0
0
0
0
0
0
0
0
0
0
0
0
0
0
0
0
0
0
0
0
0
1.27118677798
174.064783078
199.999774806
199.999880323
199.999912755
199.999912755
199.999912755
199.999903061
199.999892291
199.999867025
199.999835834
199.999749785
199.999418736
0
0
0
0
0
0
0
0
0.00120836957808
0.104356301178
5.28089863315
199.999656769
199.999691092
199.999691092
199.999691092
199.999691092
199.999618633
199.999529176
199.999354151
199.999015624
0.188526448157
0
0
0
0
0
0
0
0
0
0
0
0
0
0
0
0
0
0
0
0
0
0
0
4.3433591393e-06
0.0116075700473
0.0918383944518
0.816685058875
6.18090740719
51.9608585371
105.143922788
103.988776794
85.3356983804
0
0
0
0
0
0
0
0
0
0
0
0
0
0
0
0
0
0
0
0
0
0
0
0
0
0
0
0
0
0
0
0
0
0
0
1.74449896232
85.4002934947
199.999691092
199.999749785
199.999749785
199.999691092
199.999529176
199.999114061
0
0
0
0
0
0
0
0.0130599653398
3.04409105769
199.999749785
199.999797326
199.999835834
199.999835834
199.99985225
199.999835834
199.999835834
199.999817593
199.999774806
199.999721983
199.999576258
199.999354151
199.998906249
0
0
0
0
0
0
0
0
0
0
0
0
0
0
0
0
0
0
0
0
0
0
0
0.000418464564754
0.0166770013865
0.147000743814
1.04560989045
9.83105443565
83.077418011
99.9042799734
83.9674277988
0
0
0
0
0
0
0
0
0
0
0
0
0
0
0
0
0
0
0
0
0
0
0
0
0
0
0
0
0
0
0
0
0
0
0
0
0
0
0.0143509252192
1.27144333693
15.9524912707
37.0595178385
0.835258974512
0
0
0
0
0
0
0.13266540994
84.806310731
199.999884078
199.999932788
199.99996958
199.99996958
199.9999662
199.999942759
199.999929332
199.99992148
199.999903061
199.999880323
199.999835834
199.999797326
199.999716297
199.999529176
199.999202655
0.720806883835
0
0
0
0
0
0
0
0
0
0
0
0
0
0
0
0
0
0
0
0
0
0
0.00131256765275
0.0324621439151
0.225263670159
1.83461578585
16.3358038651
92.9459523624
82.9003131671
0
0
0
0
0
0
0
0
0
0
0
0
0
0
0
0
0
0
0
0
0
0
0
0
0
0
0
0
0
0
0
0
0
0
0
0
0
0
0
0
0
0
0.0961934774338
0
0
1.70883796949e-05
2.93406741277e-05
0.00183231864855
1.05928491413
199.999982037
199.999983833
199.999983833
199.999983833
199.99998545
199.99998545
199.99998545
199.999983833
199.999977824
199.99997536
199.999965215
199.999933505
199.999912755
199.999880323
199.999835834
199.999774806
199.999656769
199.999354151
199.998906249
0
0
0
0
0
0
0
0
0
0
0
0
0
0
0
0
0
0
0
0
0
0
0.00387217670601
0.0601138080446
0.504063311028
4.43033239753
47.7862345466
81.73286532
0
0
0
0
0
0
0
0
0
0
0
0
0
0
0
0
0
0
0
0
0
0
0
0
0
0
0
0
0
0
0
0
0
0
0
0
0
0
0
0
0
0
0
0
2.17249181311e-05
0.000141989782481
0.0110866985674
2.15503476996
199.999983833
199.999983833
199.99998545
199.99998545
199.99998545
199.99998545
199.999986905
199.999986905
199.999986905
199.999986905
199.999986905
199.999984938
199.999948786
199.999925198
199.99991384
199.999910502
199.999933738
199.999952386
199.999769877
199.999476862
199.999015624
0
0
0
0
0
0
0
0
0
0
0
0
0
0
0
0
0
0
0
0
0
0
0.0129342378456
0.119850576509
1.37679416323
13.5612601426
74.8453061204
0
0
0
0
0
0
0
0
0
0
0
0
0
0
0
0
0
0
0
0
0
0
0
0
0
0
0
0
0
0
0
0
0
0
0
0
0
0
0
0
0
0
0
0
0
0.00742949608196
0.834716092058
199.999983833
199.999983833
199.99998545
199.99998545
199.999986905
199.999986905
199.999986905
199.999986905
199.999986905
199.999988215
199.999988215
199.999988215
199.999986905
199.999975599
199.999938072
199.99989467
199.999884171
199.999890467
199.999944409
199.999952804
199.999799262
199.999529176
199.999114061
0
0
0
0
0
0
0
0
0
0
0
0
0
0
0
0
0
0
0
0
0
0.00186570131821
0.0431094544722
0.358852420388
4.0323505578
40.6228918305
0
0
0
0
0
0
0
0
0
0
0
0
0
0
0
0
0
0
0
0
0
0
0
0
0
0
0
0
0
0
0
0
0
0
0
0
0
0
0
0
0
0
0
0
0
0
77.3713136253
199.98477054
199.99998545
199.99998545
199.999986905
199.999986905
199.999988215
199.999988215
199.999988215
199.999988215
199.999988215
199.999988215
199.999988215
199.999988215
199.999984875
199.999971704
199.999942256
199.999903041
199.999877703
199.999866278
199.9998813
199.999954899
199.999749785
199.999476862
199.999015624
0
0
0
0
0
0
0
0
0
0
0
0
0
0
0
0
0
0
0
0
0
0.0117244490423
0.138528480092
1.52994694389
13.6820320474
0
0
0
0
0
0
0
0
0
0
0
0
0
0
0
0
0
0
0
0
0
0
0
0
0
0
0
0
0
0
0
0
0
0
0
0
0
0
0
0
0
0
0
0
0
0
0
0
1.61666098939e-06
199.874749676
199.997493475
199.999988215
199.999988215
199.999988215
199.999988215
199.999989393
199.999989393
199.999989393
199.999989393
199.999989393
199.999989393
199.99998528
199.999972704
199.999963825
199.999942443
199.999893833
199.999836793
199.999842779
199.999872205
199.999691092
199.999418736
6.74671248653
0
0
0
0
0
0
0
0
0
0
0
0
0
0
0
0
0
0
0
0
0.00322875029698
0.0597426186003
0.666155281791
5.592008173
0
0
0
0
0
0
0
0
0
0
0
0
0
0
0
0
0
0
0
0
0
0
0
0
0
0
0
0
0
0
0
0
0
0
0
0
0
0
0
0
0
0
0
0
0
0
0
0
0
1.45499489045e-06
1.94818362799e-05
11.1983362239
199.999860866
199.999989393
199.999989393
199.999989393
199.999989393
199.999989393
199.999989393
199.999989393
199.999989393
199.999989393
199.999988999
199.999986254
199.999982564
199.999954939
199.999863737
199.999826061
199.999942192
199.999797326
199.999618633
199.99928239
0.0800714077298
0
0
0
0
0
0
0
0
0
0
0
0
0
0
0
0
0
0
0
0.000805275152572
0.0292443993826
0.327900289265
2.69502204234
0
0
0
0
0
0
0
0
0
0
0
0
0
0
0
0
0
0
0
0
0
0
0
0
0
0
0
0
0
0
0
0
0
0
0
0
0
0
0
0
0
0
0
0
0
0
0
0
0
0
1.3094954014e-06
7.35598713071e-06
9.04608233756e-05
41.2551966045
199.999989393
199.999990454
199.999990454
199.999990454
199.999990454
199.999990454
199.999990454
199.999990454
199.999990454
199.999989393
199.999989393
199.999985935
199.99993068
199.999832632
199.999841143
199.99985225
199.999721983
199.999476862
199.999114061
0
0
0
0
0
0
0
0
0
0
0
0
0
0
0
0
0
0
0
0
0.0133368337239
0.164472962222
1.48774477788
0
0
0
0
0
0
0
0
0
0
0
0
0
0
0
0
0
0
0
0
0
0
0
0
0
0
0
0
0
0
0
0
0
0
0
0
0
0
0
0
0
0
0
0
0
0
0
0
0
0
0
2.48804126267e-06
5.5596971425e-06
7.76984291278e-05
0.000223002290033
199.998446618
199.999990454
199.999990454
199.999990454
199.999990454
199.999990454
199.999990454
199.999990454
199.999990454
199.999990454
199.999989393
199.999978617
199.999876082
199.99983789
199.999880323
199.999774806
199.999618633
199.99928239
8.11332345079
0
0
0
0
0
0
0
0
0
0
0
0
0
0
0
0
0
0
0
0.00654759355103
0.0899001233631
0.917980105261
0
0
0
0
0
0
0
0
0
0
0
0
0
0
0
0
0
0
0
0
0
0
0
0
0
0
0
0
0
0
0
0
0
0
0
0
0
0
0
0
0
0
0
0
0
0
0
0
0
0
0
0
2.2392371364e-06
5.00372742825e-06
6.89739640674e-05
0.000151961662001
16.9712948053
199.999991408
199.999991408
199.999991408
199.999991408
199.999991408
199.999991408
199.999990454
199.999990454
199.999990454
199.999990454
199.999932153
199.999847129
199.999902101
199.999797326
199.999691092
199.999418736
199.999015624
0
0
0
0
0
0
0
0
0
0
0
0
0
0
0
0
0
0
0
0.00400343718797
0.0676619690914
0.620530652106
0
0
0
0
0
0
0
0
0
0
0
0
0
0
0
0
0
0
0
0
0
0
0
0
0
0
0
0
0
0
0
0
0
0
0
0
0
0
0
0
0
0
0
0
0
0
0
0
0
0
0
0
0
3.19385928402e-06
1.09254240734e-05
5.29453692591e-05
8.21417644011e-05
1.65037049083
199.99998195
199.999986664
199.999988337
199.999989953
199.999989953
199.999989953
199.999989953
199.999987382
199.999987382
199.999985028
199.999920823
199.999897082
199.999835834
199.999721983
199.999529176
199.999114061
1.19850059482
0
0
0
0
0
0
0
0
0
0
0
0
0
0
0
0
0
0
0.00237277917985
0.0543585840417
0.46309185086
0
0
0
0
0
0
0
0
0
0
0
0
0
0
0
0
0
0
0
0
0
0
0
0
0
0
0
0
0
0
0
0
0
0
0
0
0
0
0
0
0
0
0
0
0
0
0
0
0
0
0
0
0
9.54622147623e-07
2.01531342276e-06
1.67160609085e-05
4.45236529908e-05
7.35558400742e-05
7.14996963704e-05
199.99989147
199.999974918
199.999988325
199.999988325
199.999987465
199.999985849
199.999987027
199.999987027
199.999986073
199.999981474
199.999913934
199.999837012
199.999749785
199.999529176
199.999202655
199.998499655
0
0
0
0
0
0
0
0
0
0
0
0
0
0
0
0
0
0
0.00196260751455
0.0438425811778
0.380615975392
0
0
0
0
0
0
0
0
0
0
0
0
0
0
0
0
0
0
0
0
0
0
0
0
0
0
0
0
0
0
0
0
0
0
0
0
0
0
0
0
0
0
0
0
0
0
0
0
0
0
0
0
0
9.54622147623e-07
1.81378208048e-06
1.81378208048e-06
1.76512473981e-05
4.28883874479e-05
6.46690429159e-05
6.16460207604e-05
199.99978497
199.999956116
199.999986263
199.999987264
199.999987264
199.999987465
199.999985849
199.999985849
199.999981102
199.999913816
199.999853311
199.999749785
199.999576258
199.999202655
199.998499655
0
0
0
0
0
0
0
0
0
0
0
0
0
0
0
0
0
0
0.0018094901792
0.0429362833994
0.352920716188
0
0
0
0
0
0
0
0
0
0
0
0
0
0
0
0
0
0
0
0
0
0
0
0
0
0
0
0
0
0
0
0
0
0
0
0
0
0
0
0
0
0
0
0
0
0
0
0
0
0
0
0
0
0
1.81378208048e-06
1.81378208048e-06
1.81378208048e-06
2.14068435314e-05
4.9248522477e-05
5.31310992089e-05
0.271834857186
199.999830789
199.999960857
199.999984478
199.999982263
199.999980528
199.999973796
199.999979726
199.999971836
199.99991371
199.999853311
199.999749785
199.999576258
199.999202655
199.998499655
0
0
0
0
0
0
0
0
0
0
0
0
0
0
0
0
0
0
0.00185224571513
0.0424970281356
0.361325101162
0
0
0
0
0
0
0
0
0
0
0
0
0
0
0
0
0
0
0
0
0
0
0
0
0
0
0
0
0
0
0
0
0
0
0
0
0
0
0
0
0
0
0
0
0
0
0
0
0
0
0
0
0
0
0
1.81378208048e-06
1.81378208048e-06
1.81378208048e-06
2.55797281239e-05
3.84579627001e-05
3.71674341234e-05
5.80764384413
199.999894754
199.999935923
199.999939471
199.999938251
199.999939619
199.999933363
199.999922434
199.999893245
199.999836788
199.999749785
199.999576258
199.999202655
199.99833295
0
0
0
0
0
0
0
0
0
0
0
0
0
0
0
0
0
0
0.002574825534
0.0444424045079
0.398667476168
0
0
0
0
0
0
0
0
0
0
0
0
0
0
0
0
0
0
0
0
0
0
0
0
0
0
0
0
0
0
0
0
0
0
0
0
0
0
0
0
0
0
0
0
0
0
0
0
0
0
0
0
0
0
0
0
0
9.54622147623e-07
2.87447335562e-06
2.42638247947e-05
3.20125565483e-05
2.30430753351e-05
199.99989977
199.999919129
199.999923043
199.999918783
199.999918783
199.999914569
199.999904875
199.999881277
199.999836788
199.999722938
199.999529176
199.999114061
199.997941914
0
0
0
0
0
0
0
0
0
0
0
0
0
0
0
0
0
0
0.00353533707417
0.0601867666301
0.469724202051
0
0
0
0
0
0
0
0
0
0
0
0
0
0
0
0
0
0
0
0
0
0
0
0
0
0
0
0
0
0
0
0
0
0
0
0
0
0
0
0
0
0
0
0
0
0
0
0
0
0
0
0
0
0
0
0
0
0
5.00372742825e-06
6.62038841764e-06
5.95834957587e-06
1.20400809668e-05
0.00154803302129
199.999902578
199.9998961
199.999904875
199.999904875
199.999903921
199.999881182
199.99985311
199.999815146
199.999700819
199.999477817
199.998906249
199.997176837
0
0
0
0
0
0
0
0
0
0
0
0
0
0
0
0
0
0
0.0051993816831
0.0776833131466
0.589066512836
0
0
0
0
0
0
0
0
0
0
0
0
0
0
0
0
0
0
0
0
0
0
0
0
0
0
0
0
0
0
0
0
0
0
0
0
0
0
0
0
0
0
0
0
0
0
0
0
0
0
0
0
0
0
0
0
0
0
1.3094954014e-06
5.5596971425e-06
8.41667840584e-06
6.62038841764e-06
0.000329694875962
199.999885327
199.999880323
199.999881277
199.999882137
199.999881182
199.999867885
199.999836693
199.999775665
199.999657628
199.999355105
199.998650644
199.995218948
0
0
0
0
0
0
0
0
0
0
0
0
0
0
0
0
0
0
0.00887766268684
0.0990295557092
0.72753711501
0
0
0
0
0
0
0
0
0
0
0
0
0
0
0
0
0
0
0
0
0
0
0
0
0
0
0
0
0
0
0
0
0
0
0
0
0
0
0
0
0
0
0
0
0
0
0
0
0
0
0
0
0
0
0
0
0
0
0
0
6.17744126944e-06
9.35186489538e-06
0.000133856767871
0.00281156769573
199.999856193
199.999856193
199.999867025
199.999867025
199.99985225
199.999818452
199.999750644
199.999530035
199.999114921
199.997942869
199.984113239
9.54622147623e-07
0
0
0
0
0
0
0
0
0
0
0
0
0
0
0
0
0.000493535508046
0.0155058807942
0.142300594675
0.862978640531
0
0
0
0
0
0
0
0
0
0
0
0
0
0
0
0
0
0
0
0
0
0
0
0
0
0
0
0
0
0
0
0
0
0
0
0
0
0
0
0
0
0
0
0
0
0
0
0
0
0
0
0
0
0
0
0
0
0
0
0
0
6.86382363271e-06
0.000150947384039
0.00105729045851
199.999840215
199.999821974
199.999817593
199.999835834
199.999817593
199.999797326
199.999691092
199.999331844
199.998500514
199.996128207
143.514092704
9.54622147623e-07
9.54622147623e-07
0
0
0
0
0
0
0
0
0
0
0
0
0
0
0
0.00155917989485
0.0257925985323
0.214350745978
2.22851355978
0
0
0
0
0
0
0
0
0
0
0
0
0
0
0
0
0
0
0
0
0
0
0
0
0
0
0
0
0
0
0
0
0
0
0
0
0
0
0
0
0
0
0
0
0
0
0
0
0
0
0
0
0
0
0
0
0
0
0
0
0
0
6.52138418559e-05
0.000350821481033
199.999823002
199.999798942
199.999721983
199.999691092
199.999774806
199.999749785
199.999418736
199.99864969
199.997176837
199.986288077
8.5915993286e-07
9.54622147623e-07
9.54622147623e-07
9.54622147623e-07
0
0
0
0
0
0
0
0
0
0
0
0
0
0
0.00395534575093
0.0409821751396
0.291997075674
7.23502794086
0
0
0
0
0
0
0
0
0
0
0
0
0
0
0
0
0
0
0
0
0
0
0
0
0
0
0
0
0
0
0
0
0
0
0
0
0
0
0
0
0
0
0
0
0
0
0
0
0
0
0
0
0
0
0
0
0
0
0
0
0
0
0
0.000331049068961
199.999797326
199.999817593
199.999641152
199.999618633
199.999576258
199.999418736
199.99864969
199.997282564
199.991903247
166.645636601
0
8.5915993286e-07
9.54622147623e-07
9.54622147623e-07
9.54622147623e-07
0
0
0
0
0
0
0
0
0
0
0
0
4.2719519118e-05
0.00723061522238
0.0739401116583
0.369579039718
13.0690357992
0
0
0
0
0
0
0
0
0
0
0
0
0
0
0
0
0
0
0
0
0
0
0
0
0
0
0
0
0
0
0
0
0
0
0
0
0
0
0
0
0
0
0
0
0
0
0
0
0
0
0
0
0
0
0
0
0
0
0
0
0
0
0
0.000302618456989
199.999749785
199.999727724
199.999583095
199.999501884
199.999354151
199.998784721
199.997459153
199.99344163
185.642040246
0
0
0
8.5915993286e-07
9.54622147623e-07
9.54622147623e-07
0
0
0
0
0
0
0
0
0
0
0
0
0.00126442317663
0.0122699003137
0.095167193265
0.401810468941
21.6869735353
0
0
0
0
0
0
0
0
0
0
0
0
0
0
0
0
0
0
0
0
0
0
0
0
0
0
0
0
0
0
0
0
0
0
0
0
0
0
0
0
0
0
0
0
0
0
0
0
0
0
0
0
0
0
0
0
0
0
0
0
0
0
0
0
199.999656769
199.999721983
199.999485303
199.999366104
199.998906249
199.997459153
199.994097467
189.533047339
104.34062
0
0
0
0
9.54622147623e-07
9.54622147623e-07
9.54622147623e-07
0
0
0
0
0
0
0
0
0
0
0
0.00258658949879
0.0258694057198
0.126197794782
0.839002762159
30.4019286815
0
0
0
0
0
0
0
0
0
0
0
0
0
0
0
0
0
0
0
0
0
0
0
0
0
0
0
0
0
0
0
0
0
0
0
0
0
0
0
0
0
0
0
0
0
0
0
0
0
0
0
0
0
0
0
0
0
0
0
0
0
0
0
0
199.999576258
199.999656769
199.999492387
199.998978709
199.997459153
199.99344163
191.521768345
122.5159022
0
0
0
0
0
0
9.54622147623e-07
9.54622147623e-07
0
0
0
0
0
0
0
0
0
0
0.00066876197167
0.00487199023047
0.0297547571058
0.120573910496
1.86399626191
47.1203490356
0
0
0
0
0
0
0
0
0
0
0
0
0
0
0
0
0
0
0
0
0
0
0
0
0
0
0
0
0
0
0
0
0
0
0
0
0
0
0
0
0
0
0
0
0
0
0
0
0
0
0
0
0
0
0
0
0
0
0
0
0
0
0
0
199.999418736
199.999576258
199.999049202
199.997755612
199.991003608
192.36959151
137.237880782
0
0
0
0
0
0
0
0
9.54622147623e-07
0
0
0
0
0
0
0
0
0
0
0.00187638022911
0.00998926078374
0.0346372253932
0.084243168054
2.20030114225
70.2437794552
0
0
0
0
0
0
0
0
0
0
0
0
0
0
0
0
0
0
0
0
0
0
0
0
0
0
0
0
0
0
0
0
0
0
0
0
0
0
0
0
0
0
0
0
0
0
0
0
0
0
0
0
0
0
0
0
0
0
0
0
0
0
0
0.599107892031
199.999114061
199.999418736
199.99773336
199.986288077
193.132632359
130.26431198
0
0
0
0
0
0
0
0
0
0
0
0
0
0
0
0
0
0
0
0.000740458348545
0.00275992368165
0.0110950026406
0.0205383540824
0.188731948438
3.36862205829
99.0229649067
0
0
0
0
0
0
0
0
0
0
0
0
0
0
0
0
0
0
0
0
0
0
0
0
0
0
0
0
0
0
0
0
0
0
0
0
0
0
0
0
0
0
0
0
0
0
0
0
0
0
0
0
0
0
0
0
0
0
0
0
0
0
0
199.9563051
199.998499655
199.997351962
199.933402073
190.579742606
104.34062
0
0
0
0
0
0
0
0
0
0
0
0
0
0
0
0
0
0
0
0
0.00204029756085
0.00759347812707
0.0127555840022
0.00364865642955
0.183085596647
5.71315631869
103.007473213
0
0
0
0
0
0
0
0
0
0
0
0
0
0
0
0
0
0
0
0
0
0
0
0
0
0
0
0
0
0
0
0
0
0
0
0
0
0
0
0
0
0
0
0
0
0
0
0
0
0
0
0
0
0
0
0
0
0
0
0
0
0
0
199.940061865
199.996127348
199.391349456
158.821773581
0
0
0
0
0
0
0
0
0
0
0
0
0
0
0
0
0
0
0
0
0
0.00115209853276
0.00423739764902
0.013780165038
0.0232868259366
0.0015249534725
0.0470792287472
9.55060994798
94.1025286793
0
0
0
0
0
0
0
0
0
0
0
0
0
0
0
0
0
0
0
0
0
0
0
0
0
0
0
0
0
0
0
0
0
0
0
0
0
0
0
0
0
0
0
0
0
0
0
0
0
0
0
0
0
0
0
0
0
0
0
0
0
0
0
199.80899901
0
0
0
0
0
0
0
0
0
0
0
0
0
0
0
0
0
0
0
0
0
0
0
0.000770513811444
0.00199934045731
0.00545551147341
0.0130442405803
0.0147686853668
0.0460306212656
0.184924524968
4.83361613694
53.3500526966
0
0
0
0
0
0
0
0
0
0
0
0
0
0
0
0
0
0
0
0
0
0
0
0
0
0
0
0
0
0
0
0
0
0
0
0
0
0
0
0
0
0
0
0
0
0
0
0
0
0
0
0
0
0
0
0
0
0
0
0
0
0
0
0
0
0
0
0
0
0
0
0
0
0
0
0
0
0
0
0
0
0
0
0
0
0
0.00051995345219
0.00256626363815
0.00397119770275
0.00555537522559
0.00577875369801
0.27055202331
0.33665349896
0.629013981922
3.60723717013
82.8351893878
2.20513557501e-07
0
0
0
0
0
0
0
0
0
0
0
0
0
0
0
0
0
0
0
0
0
0
0
0
0
0
0
0
0
0
0
0
0
0
0
0
0
0
0
0
0
0
0
0
0
0
0
0
0
0
0
0
0
0
0
0
0
0
0
0
0
0
0
0
0
0
0
0
0
0
0
0
0
0
0
0
0
0
0
0
0
0
0
0
0.00046218941294
0.00280989055579
0.00423490573091
0.00462191952836
0.00919605283147
0.067083318815
0.074909641583
0.113022380977
0.266024249908
1.56044795823
49.8559434621
199.999999154
199.999998917
5.30994929243e-07
0
0
0
0
0
0
0
0
0
0
0
0
0
0
0
0
0
0
0
0
0
0
0
0
0
0
0
0
0
0
0
0
0
0
0
0
0
0
0
0
0
0
0
0
0
0
0
0
0
0
0
0
0
0
0
0
0
0
0
0
0
0
0
0
0
0
0
0
0
0
0
0
0
0
0
0
0
0
0
0
0
0.000733705661305
0.00313467572919
0.00310780949748
0.00576012064302
0.0278773660752
0.0247977314446
0.0267985811557
0.0425947733588
0.0749225788389
0.182144270214
1.01921298431
45.7804113181
199.999999154
199.99999906
199.99999906
199.999998524
2.60044579183e-06
0
0
0
0
0
0
0
0
0
0
0
0
0
0
0
0
0
0
0
0
0
0
0
0
0
0
0
0
0
0
0
0
0
0
0
0
0
0
0
0
0
0
0
0
0
0
0
0
0
0
0
0
0
0
0
0
0
0
0
0
0
0
0
0
0
0
0
0
0
0
0
0
0
0
3.19385928402e-06
3.5487325378e-06
2.2392371364e-06
0.000357077070007
0.00247115663904
0.00321554073106
0.00313828141753
0.0162435417909
0.0155004465949
0.01578397849
0.018351506687
0.0232929676352
0.0312181999522
0.0438840874001
0.0792021931388
0.397834581024
32.4577751776
199.999999154
199.999999154
199.99999906
199.999998955
199.999998408
199.999998035
3.63063384299e-06
0
0
0
0
0
0
0
0
0
0
0
0
0
0
0
0
0
0
0
0
0
0
0
0
0
0
0
0
0
0
0
0
0
0
0
0
0
0
0
0
0
0
0
0
0
0
0
0
0
0
0
0
0
0
0
0
0
0
0
0
0
0
0
0
0
0
0.00138096437686
0.00176103181973
0.0115783260613
0.0176701651074
0.0392276959886
0.0517566407549
0.0597196037399
0.0640804606845
0.0437584006128
0.00818970990287
0.00278362499026
0.0156254583217
0.0115120622005
0.0109274831778
0.0122704422289
0.0144453093735
0.0168380945993
0.0201255706993
0.0250103480613
0.0315537977689
0.0431643930258
0.0930355435679
19.2875100903
199.999999154
199.999999154
199.99999906
199.99999906
199.999998524
2.66055716052
19.6954160782
5.56256479317
9.63918162634e-07
0
0
0
0
0
0
0
0
0
0
0
0
0
0
0
0
0
0
0
0
0
0
0
0
0
0
0
0
0
0
0
0
0
0
0
0
0
0
0
0
0
0
0
0
0
0
0
0
0
0
0
0
0
0
0
0
0
0
0
0
0
0
0.0149966021802
0.0793719281528
0.161907639801
0.247574615279
0.2951730098
0.317695393074
0.355108541285
0.317035525276
0.28455326281
0.200230547333
0.0781903548662
0.0324392051924
0.0143759330343
0.00986025290375
0.0098440619292
0.010865103728
0.0120436089709
0.0135875234904
0.0154610360279
0.0178451330773
0.0209863825319
0.0249239236555
0.0303648287903
0.0418303350962
9.10705865138
199.999999154
199.999999154
199.99999906
199.99999906
41.1782252311
4.50567831695
0.699378295794
0.00477908631742
0.00999299590513
0.000104011043398
0
0
0
0
0
0
0
0
0
0
0
0
0
0
0
0
0
0
0
0
0
0
0
0
0
0
0
0
0
0
0
0
0
0
0
0
0
0
0
0
0
0
0
0
0
0
0
0
0
0
0
0
0
0
0
0
0
0
0
0
0
0.0728691737382
0.21075268738
0.227942561722
0.236114756021
0.256543976476
0.274586159116
0.291698146782
0.297443839556
0.283314705098
0.254027204551
0.203603655909
0.0434511800419
0.0167043421819
0.0124387641537
0.0112206107002
0.0113582923724
0.0120379774665
0.0131565019342
0.0145731363911
0.0163369495958
0.0184873462888
0.0210798391838
0.024228409363
0.0289286305571
3.66289004119
199.999999154
199.999999154
199.99999906
69.7356870799
6.47745104179
0.225034914719
0.0123389614493
0.00313488260348
0.00185009355693
0.00429995091434
0.00589883468434
4.34363684081e-06
0
0
0
0
0
0
0
0
0
0
0
0
0
0
0
0
0
0
0
0
0
0
0
0
0
0
0
0
0
0
0
0
0
0
0
0
0
0
0
0
0
0
0
0
0
0
0
0
0
0
0
0
0
0
0
0
0
0
0
0.167148516823
0.244359004645
0.255121486871
0.263442299676
0.27642659589
0.28783001
0.300359535203
0.308677142337
0.319905485425
0.324027006961
0.301466772934
0.134282170127
0.0273668167828
0.0164061131183
0.0130648821137
0.0122859237422
0.0124431314196
0.0130805959164
0.0140925085187
0.0154032981131
0.0169377652153
0.0187372392425
0.0207584342281
0.0234332111183
1.36132797277
199.999999154
199.999999154
95.6593790599
7.63040754945
0.47281559044
0.0173188414363
0.00428680145082
0.00247664450399
0.00205612054676
0.00253815081461
0.00205509032366
0.00348168836024
5.16042669418e-05
0
0
0
0
0
0
0
0
0
0
0
0
0
0
0
0
0
0
0
0
0
0
0
0
0
0
0
0
0
0
0
0
0
0
0
0
0
0
0
0
0
0
0
0
0
0
0
0
0
0
0
0
0
0
0
0
0
0
0.15187594676
0.268304660003
0.271533053006
0.29054450564
0.300822409996
0.307628382881
0.31640333958
0.325440724982
0.339410147016
0.363280142328
0.381685956991
0.248194235542
0.043031036317
0.0210387507706
0.0155341251922
0.013652831751
0.0131934071872
0.0133836910904
0.0140204139532
0.0149303001069
0.0160525106449
0.0173543457552
0.0187454534905
0.0204900294238
0.404208113263
199.999999154
103.15582403
9.81758037366
0.753644718758
0.0223881919483
0.00385805766135
0.0024444705433
0.00185050849209
0.00166508420123
0.00166486581431
0.00153708527114
0.00134698168209
0.00313314968403
0.000829886486685
0
0
0
0
0
0
0
0
0
0
0
0
0
0
0
0
0
0
0
0
0
0
0
0
0
0
0
0
0
0
0
0
0
0
0
0
0
0
0
0
0
0
0
0
0
0
0
0
0
0
0
0
0
0
0
0
0
0
0.409656354033
0.318083501297
0.335508492101
0.34009173323
0.340315501229
0.344909177038
0.350719784793
0.36497676441
0.381943281879
0.415146680353
0.359675667372
0.0923134585787
0.0274238538862
0.0184402025663
0.0153475285089
0.0142496242979
0.0140216808586
0.0142758768639
0.0149361751466
0.0157698575889
0.0167318888698
0.0177251782768
0.0189811645731
0.108666415492
123.867999008
12.2903649529
1.10990177892
0.00778536139213
0.00301687567176
0.00207838021191
0.00166545764288
0.00149857578111
0.00134834476135
0.00134812637443
0.00134761410879
0.00149734900977
0.00211279148962
0.00514055400218
0.00262715483036
0
0
0
0
0
0
0
0
0
0
0
0
0
0
0
0
0
0
0
0
0
0
0
0
0
0
0
0
0
0
0
0
0
0
0
0
0
0
0
0
0
0
0
0
0
0
0
0
0
0
0
0
0
0
0
0
0
0.686181537189
0.441380656888
0.42346638266
0.402583893565
0.388607605848
0.383149848379
0.386071450478
0.391497741099
0.405498532634
0.426275834249
0.455430948247
0.170436846342
0.0359343444618
0.0218572040649
0.0173781503533
0.0155709214975
0.0148641594117
0.0148791365864
0.0152204124313
0.0158287538951
0.0165360208539
0.0173033673234
0.0182728225293
0.0550836019443
20.2703799104
1.42791078142
0.00283502980992
0.00222368140514
0.00177960016507
0.0014971246509
0.0012772955867
0.00119874168739
0.00109198236328
0.00109178581505
0.00117551716509
0.00133245678921
0.00175970247811
0.00395690846877
0.0970671263634
0.0123402180759
0
0
0
0
0
0
0
0
0
0
0
0
0
0
0
0
0
0
0
0
0
0
0
0
0
0
0
0
0
0
0
0
0
0
0
0
0
0
0
0
0
0
0
0
0
0
0
0
0
0
0
0
0
0
0
0
0.730414183557
0.600311844855
0.52856533366
0.484846350116
0.450514268888
0.435266039664
0.425729678612
0.423730856477
0.430340082557
0.444219196267
0.512332725806
0.24841159383
0.0458132404959
0.0256305222411
0.0196472298652
0.0171144493502
0.0160634581308
0.0157454574631
0.0158648677993
0.016322229188
0.0168965527239
0.0174920186493
0.0183352720784
0.0429039883608
1.98900851512
0.0017709473216
0.00159753717493
0.00140495264468
0.00121682999488
0.00109227531646
0.000982784126956
0.000953529752995
0.000896586357258
0.000912494181275
0.000982192298383
0.00109105516249
0.00149648120115
24.2962819087
8.65497261232
2.71871697403
0.021141412081
0
0
0
0
0
0
0
0
0
0
0
0
0
0
0
0
0
0
0
0
0
0
0
0
0
0
0
0
0
0
0
0
0
0
0
0
0
0
0
0
0
0
0
0
0
0
0
0
0
0
0
0
0
0
0
0.769982383805
0.742688811687
0.638091917519
0.576630849904
0.532068047178
0.495725206384
0.471762947345
0.459087226044
0.45592270951
0.460911175239
0.514863422703
0.287193031865
0.05496288083
0.0296055473799
0.0221134275923
0.0189061778968
0.0175041268899
0.0169364616063
0.0169279505885
0.017159372739
0.0176626793814
0.0181874966087
0.0189148753241
0.0392226136667
0.00121849851109
0.00116793065795
0.00109825613118
0.0010119082991
0.000931160061728
0.000872174191788
0.000795752655101
0.000789075588719
0.000761285618901
0.0007802180052
0.000795160826528
0.000900866167994
199.739245606
199.914068522
199.999996302
199.999995434
69.5631202419
0.00580690078347
0
0
0
0
0
0
0
0
0
0
0
0
0
0
0
0
0
0
0
0
0
0
0
0
0
0
0
0
0
0
0
0
0
0
0
0
0
0
0
0
0
0
0
0
0
0
0
0
0
0
0
0
0
0
0.663792786721
0.864802180309
0.732480866121
0.663502908031
0.611059039548
0.560062711906
0.521547553461
0.494200762282
0.478277380002
0.471355787447
0.510392916491
0.278035688612
0.0605225512636
0.0332205824767
0.0246880988959
0.0209372457864
0.0192244142628
0.0184380052705
0.0183073944561
0.0185057119479
0.0189816217266
0.019466337165
0.0201854532385
0.0399720760507
0.000889625292246
0.000862629420927
0.000829164745901
0.000791580860413
0.000739445789014
0.000710579781743
0.0006603330422
0.000644080269487
0.000644080269487
0.000643883721253
0.000669654642529
38.0007557135
199.677569653
199.99984422
199.999997086
199.999995891
199.999994927
199.999993041
0.000947671235636
0
0
0
0
0
0
0
0
0
0
0
0
0
0
0
0
0
0
0
0
0
0
0
0
0
0
0
0
0
0
0
0
0
0
0
0
0
0
0
0
0
0
0
0
0
0
0
0
0
0
0
0
0
0.470505532836
0.945810372667
0.818238881839
0.748507603436
0.688766360129
0.62566277776
0.574919730535
0.530364186733
0.498531540635
0.475243881273
0.506171292868
0.233053383513
0.0612263860914
0.0360983145485
0.0273206640238
0.023231672957
0.0212788866834
0.0203475802767
0.0201500104496
0.0204051837656
0.0208106612336
0.0213520488314
0.0221298230979
0.0450372385866
0.000699863109085
0.000689472638761
0.000669961375591
0.000644636880526
0.000616738839916
0.000579788302306
0.000566906364642
0.000541984215054
0.000528737177031
0.000536376440332
0.00057493942452
0.000633729477513
162.94043271
199.999997719
199.999997419
199.999996717
199.999995652
199.999993737
199.999991408
2.46404662305e-06
0
0
0
0
0
0
0
0
0
0
0
0
0
0
0
0
0
0
0
0
0
0
0
0
0
0
0
0
0
0
0
0
0
0
0
0
0
0
0
0
0
0
0
0
0
0
0
0
0
0
0
0
0
1.11691704651
0.910978030886
0.84237028841
0.767072881035
0.694413770684
0.624886536949
0.562522568124
0.510265445137
0.471584031563
0.477401919156
0.178161898798
0.0598737989994
0.038759558323
0.0299818581292
0.025829592382
0.0237287121533
0.0227876917444
0.0226173292278
0.022894919826
0.0233865342534
0.024034224035
0.025037882566
0.05796927521
0.000588939153901
0.000571664484252
0.000560473819224
0.000543249210005
0.000518114690829
0.000496839823641
0.000473482367552
0.00046299420924
0.000455413888397
0.000459793716614
0.000469055135312
0.000521368920803
0.000675391545163
114.161697142
178.74940391
183.153331827
185.270052035
185.692708077
186.256555345
6.37863816123
0
0
0
0
0
0
0
0
0
0
0
0
0
0
0
0
0
0
0
0
0
0
0
0
0
0
0
0
0
0
0
0
0
0
0
0
0
0
0
0
0
0
0
0
0
0
0
0
0
0
0
0
0
1.35338728598
1.09402642921
0.955104791081
0.854698028214
0.759243595715
0.667847863765
0.582405104439
0.507573384578
0.457635312688
0.363858506575
0.130426269255
0.0587478317266
0.0411872637146
0.0330306457799
0.0288499515872
0.0267402140295
0.0258490650216
0.0257825385484
0.0261661195674
0.0269355879102
0.0278014845344
0.0290864520382
0.136199914716
0.000496648645815
0.000489823519788
0.000473861409421
0.000453873975033
0.00044040175191
0.000414244923193
0.000401391461304
0.000389059407482
0.000380894142673
0.000381445040167
0.0003963026145
0.000432858884016
0.000544378663888
0.143661019994
0.686797541375
94.3945540023
144.420143442
160.090323594
160.824445349
170.473698084
4.02809324363
0
0
0
0
0
0
0
0
0
0
0
0
0
0
0
0
0
0
0
0
0
0
0
0
0
0
0
0
0
0
0
0
0
0
0
0
0
0
0
0
0
0
0
0
0
0
0
0
0
0
0
0.00130939252209
1.82824569623
1.35817255034
1.1185305845
0.944539044188
0.808342520273
0.696107006528
0.585218513272
0.483197289625
0.417525769276
0.245729795045
0.0996343471369
0.0586518097035
0.0437632521171
0.036434446287
0.0324334511756
0.0304254406848
0.029708588955
0.0298116169982
0.0306322603034
0.0317202421211
0.0330520780521
0.0349897866101
1.90967156274
0.000417439277418
0.000405153419142
0.000397453489533
0.000383735848681
0.000365516409007
0.000356187973153
0.000338505639804
0.000328936465904
0.000323807289331
0.000323386508965
0.000330843664226
0.000355796287969
0.000427017318332
0.0540090804748
0.835543839621
0.63939772417
0.81309071108
69.96023753
116.076200835
135.550501832
107.903784039
0.00715410326042
0
0
0
0
0
0
0
0
0
0
0
0
0
0
0
0
0
0
0
0
0
0
0
0
0
0
0
0
0
0
0
0
0
0
0
0
0
0
0
0
0
0
0
0
0
0
0
0
0
6.81600675872e-05
1.54877129089
2.64319019322
1.6448596358
1.25918040782
1.00890142583
0.840286786436
0.69642252389
0.558671863789
0.432619748438
0.335165880439
0.167966150662
0.0865275650501
0.0598865456946
0.0473234580594
0.040450286197
0.036764783736
0.0350156317097
0.0345344953226
0.0352063165584
0.0365377743552
0.0384165802782
0.0407051936641
0.0439914130501
50.5615289553
0.000350434065949
0.000343822822385
0.000336775906421
0.000326205838946
0.000316234847265
0.000302146417836
0.000293109096769
0.000286285618395
0.000279768444559
0.000276119964671
0.000281196500662
0.000293245316919
0.000332187049018
0.0181347618113
0.731968391781
0.598158909146
0.73618383375
1.012096951
1.52981331333
40.8805402569
41.8595067447
3.41138493497
0.000644100097651
0
0
0
0
0
0
0
0
0
0
0
0
0
0
0
0
0
0
0
0
0
0
0
0
0
0
0
0
0
0
0
0
0
0
0
0
0
0
0
0
0
0
0
0
0
0
0
0
0.0223996013698
6.47416358928
2.73401335872
1.88192034791
1.35781617771
1.03433401522
0.826451765884
0.655464296437
0.48103379638
0.354588477746
0.234547267588
0.128779424419
0.0829062521857
0.0626119688023
0.051665081269
0.0454702278415
0.0420729871445
0.0408025094061
0.0410277733086
0.0423982912464
0.044852925242
0.0482931591389
0.0531159041598
0.0625634295195
84.417886575
0.000307778364103
0.000301159051572
0.000293928331473
0.000286270617231
0.000277063831922
0.000265785595279
0.000260470908159
0.000251669598781
0.000242919674287
0.000240259351335
0.000240291671597
0.000245773086122
0.000266402132632
0.000510681606545
0.352349210663
0.651664678864
0.675887503937
0.91660058673
1.27869965935
1.91575759865
2.83858192932
4.5287986143
4.63647914436
0
0
0
0
0
0
0
0
0
0
0
0
0
0
0
0
0
0
0
0
0
0
0
0
0
0
0
0
0
0
0
0
0
0
0
0
0
0
0
0
0
0
0
0
0
0
0
0.00382113486408
100.670607581
158.232859644
147.356798209
139.344904743
121.86905854
94.713733301
42.8980183036
0.560005903653
0.388016492837
0.278431420588
0.18100705132
0.116322970389
0.0842644575328
0.0673555124932
0.0574721520159
0.0519070535909
0.0491591933611
0.0484932051695
0.04970695346
0.0526161515225
0.0578520388162
0.0669990219846
0.083171666
4.1787918067
103.677410264
0.000277232732443
0.000271242251173
0.000265213763431
0.000257923729155
0.000250397746267
0.000240728113932
0.000234735252634
0.000224603506053
0.00021583029903
0.000212137598173
0.000210091114883
0.000211667326876
0.000221147249639
0.000264648510214
0.0906297360433
0.924438876154
0.581827092084
0.84512744165
1.17087570988
1.6212948274
2.46731689878
3.48959675136
6.97689107641
4.71458174206
0
0
0
0
0
0
0
0
0
0
0
0
0
0
0
0
0
0
0
0
0
0
0
0
0
0
0
0
0
0
0
0
0
0
0
0
0
0
0
0
0
0
0
0
0
0
179.478473074
199.999995738
197.64668944
192.159932409
189.21449371
183.595335291
176.608138051
165.191117445
147.164899012
120.39208025
78.9438706209
16.757496918
0.115630468078
0.0895836923823
0.0745283852811
0.0654546732235
0.0603997894884
0.0584820667247
0.0590565627883
0.0626188391971
0.0701525518682
0.0847087687585
0.117429004093
43.6117518674
91.8515400451
122.514114523
0.000256405356509
0.000249985284352
0.000245396018637
0.000237800528528
0.000229350516812
0.000221571166497
0.000211891681973
0.00020256536795
0.000192952419254
0.000188213574524
0.000182591150272
0.000180490082227
0.000186379689388
0.000204923368213
0.0160496016729
0.466734279154
0.556499349129
0.850763868939
1.23981431813
1.6565599298
2.49391553559
3.41611102853
5.45000380912
12.3411539185
64.5798948476
0
0
0
0
0
0
0
0
0
0
0
0
0
0
0
0
0
0
0
0
0
0
0
0
0
0
0
0
0
0
0
0
0
0
0
0
0
0
0
0
0
0
0
0
20.0110359892
199.999991408
199.999997765
199.999998336
199.999998512
198.978926197
196.293373279
194.688714793
192.126500478
187.492657439
180.602776697
172.555310409
158.985347532
137.406095129
110.03339835
68.9728307192
19.3301459851
0.0727878237054
0.0722368688739
0.0763218301621
0.0862678934532
2.08238172513
26.2133982251
97.824420216
123.671101595
130.357024787
143.687964587
0.000241513153246
0.000234749372721
0.000229651507255
0.000222554558215
0.000213643259709
0.000204442674954
0.000193848038974
0.000183311772441
0.000173056013854
0.000165191145106
0.000157838972191
0.000154475685258
0.000154191217367
0.000161720987044
0.000215325897005
0.0878664498959
0.512763821997
0.673449962924
1.40435368103
2.12425545618
3.18622119528
4.33217100222
6.6591783615
16.6547256323
47.4200824159
3.36791648547
0
0
0
0
0
0
0
0
0
0
0
0
0
0
0
0
0
0
0
0
0
0
0
0
0
0
0
0
0
0
0
0
0
0
0
0
0
0
0
0
0
0
0
199.999977824
199.999996302
199.999998336
199.999998512
199.999998512
199.999998512
199.873951728
198.334628461
197.508844176
196.525873014
195.29840968
193.662505586
191.379367879
186.848350939
181.3110295
173.181050258
161.283939906
147.205815847
132.759875398
117.721607974
106.74295262
120.220227222
150.995112261
163.994821969
161.687789848
160.164212584
165.054650388
0.000232577806538
0.000223996771977
0.000218373409975
0.000210846617161
0.000199818168638
0.000189877670795
0.000178153351729
0.000166135092492
0.000155589389576
0.000146141158583
0.000138280375544
0.000132280982489
0.000127683294763
0.000127910625731
0.000139165634512
0.00755849279458
0.146563925287
0.335378334721
0.756399318269
1.43502665963
2.7971806796
4.86771159416
8.80823860325
11.3483023324
11.7183346641
29.2870928796
0
0
0
0
0
0
0
0
0
0
0
0
0
0
0
0
0
0
0
0
0
0
0
0
0
0
0
0
0
0
0
0
0
0
0
0
0
0
0
0
0
0
0
199.999993737
199.999998336
199.999998512
199.999998512
199.999998512
199.999998512
199.999998512
199.999998512
199.624349036
198.8646873
198.385577964
197.876796855
197.352783975
196.615012438
195.513185938
194.060228156
192.100547065
189.522825365
186.211717126
182.855483235
185.772987989
188.47473594
189.256944582
187.316046625
184.953591695
183.006188242
183.816680556
0.000229876399173
0.000218705258834
0.000211507450811
0.000202016687681
0.000190523949956
0.000177967728621
0.000165035300402
0.000152791919056
0.000140980914373
0.000130852843321
0.000122761163102
0.000115562722324
0.000111101480754
0.000107180900439
0.000107208695204
0.000121242185343
0.0198485351131
0.0975056049899
0.219322528498
0.502083083208
0.961443739321
1.98105088173
3.71691622574
6.10573726458
7.63040682506
12.0045894672
77.4323325317
54.2
0
0
0
0
0
0
0
0
0
0
0
0
0
0
0
0
0
0
0
0
0
0
0
0
0
0
0
0
0
0
0
0
0
0
0
0
0
0
0
0
199.9999662
199.999997433
199.999998512
199.999998788
199.999998788
199.999998672
199.999998672
199.999998672
199.999998672
199.999998512
199.999998512
199.883097299
199.512402104
199.028056062
198.714399117
198.364394401
197.918660561
197.320148638
196.831917759
196.664736131
196.685780369
196.673122261
196.134077676
195.411017744
194.521155556
193.675728368
193.075660826
193.53619963
0.000236740002497
0.000219934569464
0.000210130515346
0.000198734133757
0.000184046689313
0.000169857754531
0.000155662138897
0.000141860045024
0.000130029141716
0.000119276450779
0.000110598689993
0.000103945718431
9.76263709314e-05
9.16769340756e-05
8.91813890104e-05
8.93670628112e-05
0.00017243738136
0.0165958947154
0.0425188061386
0.097513812791
0.209150295876
0.443704759306
0.900363393315
1.90085634881
3.57192196991
7.47787199394
199.999994927
198.524798523
0
0
0
0
0
0
0
0
0
0
0
0
0
0
0
0
0
0
0
0
0
0
0
0
0
0
0
0
0
0
0
0
0
0
0
0
0
0
0
0
199.999994468
199.999998628
199.999998788
199.999998788
199.999998882
199.999998882
199.999998868
199.999998766
199.999998766
199.999998766
199.999998766
199.999998672
199.995994043
199.928809084
199.816701657
199.655960473
199.484466833
199.309761863
199.14125049
198.986439214
198.790168961
198.454006007
198.079084125
197.72090996
197.38825758
197.124817015
196.944029053
197.193826211
0.000262316347878
0.000233962687562
0.000216932959772
0.000198670374596
0.000181582382532
0.000164630928304
0.000149179796805
0.000134788088242
0.000122474646788
0.000111448513617
0.000102893312333
9.44428488239e-05
8.71679598671e-05
8.06151653199e-05
7.39473972772e-05
7.03411992477e-05
7.06966733637e-05
0.000975222256525
0.00828621746044
0.017211788266
0.0333262188574
0.059245846136
0.112782803152
0.291114297059
1.19763648899
165.799998512
199.999997408
3.28463110743
0
0
0
0
0
0
0
0
0
0
0
0
0
0
0
0
0
0
0
0
0
0
0
0
0
0
0
0
0
0
0
0
0
0
0
0
0
0
0
199.999929436
199.999998452
199.999998628
199.999998882
199.999998882
199.999998882
199.999998882
199.999998882
199.999998882
199.999998766
199.999998766
199.999998766
199.999998766
199.999998766
199.999998766
199.973860919
199.912369992
199.826608029
199.727038093
199.608227902
199.469861994
199.312249642
199.127128219
198.940199617
198.774251374
198.652843116
198.587456594
198.559502608
198.711693251
6.01043503907
0.00027267670694
0.00023843879252
0.000208207931721
0.000184007849762
0.000163101716
0.000145014078961
0.000129489964129
0.000115445929087
0.000105644472016
9.58316784533e-05
8.71713355426e-05
7.85687818617e-05
7.03032029664e-05
6.26313724974e-05
5.63543568221e-05
5.22779130142e-05
5.36524914055e-05
0.000881654401765
0.00276450097795
0.00506892852071
0.00840605914546
0.0122270983745
0.0169270872427
0.0303759259667
0.146622823978
1.03075366994
0.125313157962
0
0
0
0
0
0
0
0
0
0
0
0
0
0
0
0
0
0
0
0
0
0
0
0
0
0
0
0
0
0
0
0
0
0
0
0
0
0
0
199.999997225
199.999998628
199.999999011
199.999998882
199.999998882
199.999998882
199.999998882
199.999998882
199.999998882
199.999998882
199.999998766
199.999998766
199.999998766
199.999998766
199.999998766
199.999921053
199.976652188
199.921278578
199.849202448
199.763084562
199.667078972
199.563986067
199.456427362
199.362940859
199.294760099
199.264928576
199.270985881
199.297992707
199.392007827
10.2100682689
0.000388046687825
0.000292020149177
0.000230458146236
0.000191805549473
0.000164362354163
0.000143440392587
0.000125701808521
0.000112336958722
0.000100700365014
9.08017094189e-05
8.16311947325e-05
7.22641478709e-05
6.28328823415e-05
5.44305762344e-05
4.75858417823e-05
4.17216008976e-05
3.74171288608e-05
4.81520236317e-05
0.00030995056847
0.000575242431286
0.000997280893383
0.00143952948673
0.00134073420981
0.000958234450354
0.00028515615305
0.000249096899617
0.00010846282993
0.00168894235568
141.692326151
0
0
0
0
0
0
0
0
0
0
0
0
0
0
0
0
0
0
0
0
0
0
0
0
0
0
0
0
0
0
0
0
0
0
0
0
198.727463132
199.999998581
199.999999011
199.999999154
199.999999154
199.999999154
199.999998882
199.999998882
199.999998882
199.999998882
199.999998882
199.999998766
199.999998766
199.999998766
199.999998766
199.999998766
199.999998766
199.9964052
199.963052318
199.908952101
199.84217976
199.770020241
199.698509965
199.631184057
199.582626433
199.563288259
199.575589398
199.612644328
199.657145598
199.717135816
84.5493700753
0.00116927697707
0.000439725282644
0.000271847882422
0.000204494416116
0.000168218044324
0.000143095313676
0.000123894659559
0.000109979397728
9.82213705969e-05
8.72886155893e-05
7.78160875452e-05
6.81639201415e-05
5.85323524584e-05
4.99883927073e-05
4.22227267414e-05
3.34524305042e-05
2.16603497431e-05
2.34907252146e-05
4.17317688202e-05
7.66116852968e-05
0.00010755286639
0.000102891450794
5.86856099877e-05
7.64364313971e-05
0.000106876614609
0.000181560815507
0.000308061596247
0.00205656402403
0.028607516778
0
0
0
0
0
0
0
0
0
0
0
0
0
0
0
0
0
0
0
0
0
0
0
0
0
0
0
0
0
0
0
0
0
0
0
2.20513557501e-07
199.999997653
199.999999154
199.999999154
199.999999154
199.999999154
199.999999154
199.999999154
199.999998882
199.999998882
199.999998882
199.999998882
199.999998882
199.999998766
199.999998766
199.999998766
199.999998766
199.999998766
199.999998766
199.982799105
199.93987908
199.885173967
199.826372349
199.771380728
199.726004408
199.701352116
199.704736417
199.736820186
199.787587014
199.838365388
199.87934464
74.9756959451
39.6717063323
0.00113398657854
0.000344216200034
0.00022169402079
0.000172745370682
0.000142648883059
0.00012276566326
0.000108402220754
9.6276548561e-05
8.57500663168e-05
7.57252636407e-05
6.52268408909e-05
5.56525638172e-05
4.63990718682e-05
3.66234164648e-05
2.600120413e-05
1.38977910407e-05
2.46402736323e-06
4.40257389031e-06
5.14496124847e-06
5.84088079409e-06
1.30627244834e-05
1.89694182814e-05
3.12839423189e-05
6.51485024348e-05
0.000163320126386
0.000626311161484
0.00348454068633
0.00313600201012
1.04453790395e-07
0
0
0
0
0
0
0
0
0
0
0
0
0
0
0
0
0
0
0
0
0
0
0
0
0
0
0
0
0
0
0
0
0
0
3.49468854286e-07
199.999999154
199.999999154
199.999999154
199.999999154
199.999999154
199.999999154
199.999999154
199.999998882
199.999998882
199.999998882
199.999998882
199.999998766
199.999998766
199.999998766
199.999998766
199.999998766
199.999998766
199.999998766
199.991698085
199.956069228
199.908442153
199.856762858
199.810934783
199.777163013
199.763800251
199.777893207
199.818005153
199.874126277
199.929448877
199.961236873
23.3007978187
69.829505684
100.568107449
76.6766968418
9.59564093038
0.000189514152315
0.000151220038668
0.000127448351052
0.000109905111118
9.69822576974e-05
8.57238215404e-05
7.53949847345e-05
6.34371320667e-05
5.42987290727e-05
4.47922200783e-05
3.6923724938e-05
2.73055223206e-05
1.30890491406e-05
2.46402736323e-06
3.9781064908e-06
5.02890148136e-06
5.72482102698e-06
7.22645883889e-06
1.69291927902e-05
2.38789980986e-05
5.07556256032e-05
0.000146988113748
0.000308146203817
0.000580502815108
2.37943905283e-05
0.0169266526191
0
0
0
0
0
0
0
0
0
0
0
0
0
0
0
0
0
0
0
0
0
0
0
0
0
0
0
0
0
0
0
0
0
0
199.999999154
199.999999154
199.999999239
199.999999239
199.999999239
199.999999239
199.99999911
199.999998966
199.99999885
199.99999885
199.99999885
199.99999885
199.999998746
199.999998766
199.999998766
199.999998766
199.999998766
199.999998766
199.999998766
199.995426737
199.967683715
199.928888188
199.886662688
199.849360875
199.823124867
199.815129731
199.830534663
199.867929647
199.916781812
199.96570001
125.947850953
)
;

boundaryField
{
    frontAndBack
    {
        type            empty;
    }
    leftWall
    {
        type            calculated;
        value           uniform 0;
    }
    outlet
    {
        type            calculated;
        value           uniform 0;
    }
    rightWall
    {
        type            calculated;
        value           uniform 0;
    }
    inlet
    {
        type            calculated;
        value           uniform 0.156124762936;
    }
}


// ************************************************************************* //
