/*--------------------------------*- C++ -*----------------------------------*\
| =========                 |                                                 |
| \\      /  F ield         | OpenFOAM: The Open Source CFD Toolbox           |
|  \\    /   O peration     | Version:  v1906                                 |
|   \\  /    A nd           | Web:      www.OpenFOAM.com                      |
|    \\/     M anipulation  |                                                 |
\*---------------------------------------------------------------------------*/
FoamFile
{
    version     2.0;
    format      ascii;
    class       volScalarField;
    location    "502";
    object      alpha;
}
// * * * * * * * * * * * * * * * * * * * * * * * * * * * * * * * * * * * * * //

dimensions      [0 0 -1 0 0 0 0];


internalField   nonuniform List<scalar> 
9216
(
199.999999937
200
200
200
200
200
200
200
200
200
200
200
200
200
200
200
200
200
200
200
200
200
200
200
200
200
200
200
200
200
200
200
200
200
200
200
200
200
200
200
200
200
200
200
200
200
200
200
200
200
200
200
200
200
200
200
200
200
200
200
200
200
200
200
200
200
200
200
200
200
200
200
200
200
200
200
200
200
200
200
200
200
200
200
195.468411255
177.213444356
158.610314679
135.054873944
108.383338007
85.1414034815
64.3402836234
47.7844732488
34.4065124496
22.216771744
12.7781205589
1.52731353677
200
200
200
200
200
200
200
200
200
200
200
200
200
200
200
200
200
200
200
200
200
200
200
200
200
200
200
200
200
200
200
200
200
200
200
200
200
200
200
200
200
200
200
200
200
200
200
200
200
200
200
200
200
200
200
200
200
200
200
200
200
200
200
200
200
200
200
200
200
200
200
200
200
200
200
200
200
200
200
200
200
200
200
200
199.999999996
190.417616978
171.960874651
147.405765568
124.37734933
97.891847677
74.7563222277
59.36810781
46.8259388266
30.4809158212
20.1100732384
15.1823785916
200
200
200
200
200
200
200
200
200
200
200
200
200
200
200
200
200
200
200
200
200
200
200
200
200
200
200
200
200
200
200
200
200
200
200
200
200
200
200
200
200
200
200
200
200
200
200
200
200
200
200
200
200
200
200
200
200
200
200
200
200
200
200
200
200
200
200
200
200
200
200
200
200
200
200
200
200
200
200
200
200
200
200
200
199.999999942
187.232122835
162.68591109
147.662423737
129.654272132
99.9015023417
72.114778824
63.3355974453
46.3317362904
35.6512669719
31.242749094
21.1818424437
200
200
200
200
200
200
200
200
200
200
200
200
200
200
200
200
200
200
200
200
200
200
200
200
200
200
200
200
200
200
200
200
200
200
200
200
200
200
200
200
200
200
200
200
200
200
200
200
200
200
200
200
200
200
200
200
200
200
200
200
200
200
200
200
200
200
200
200
200
200
200
200
200
200
200
200
200
200
200
200
200
200
200
200
199.99956847
180.451914821
160.473232435
145.961188603
122.473589956
104.604292968
84.6392606059
61.0828436765
55.0240443769
45.8377962457
39.7309637765
27.4515640981
200
200
200
200
200
200
200
200
200
200
200
200
200
200
200
200
200
200
200
200
200
200
200
200
200
200
200
200
200
200
200
200
200
200
200
200
200
200
200
200
200
200
200
200
200
200
200
200
200
200
200
200
200
200
200
200
200
200
200
200
200
200
200
200
200
200
200
200
200
200
200
200
200
200
200
200
200
200
200
200
200
200
200
200
194.344922
171.750240249
152.18406635
139.23394572
129.795759519
106.46520792
91.4191642413
70.825121539
56.7211080857
55.6023367046
51.974275292
39.6710495617
200
200
200
200
200
200
200
200
200
200
200
200
200
200
200
200
200
200
200
200
200
200
200
200
200
200
200
200
200
200
200
200
200
200
200
200
200
200
200
200
200
200
200
200
200
200
200
200
200
200
200
200
200
200
200
200
200
200
200
200
200
200
200
200
200
200
200
200
200
200
200
200
200
200
200
200
200
200
200
200
200
200
200
199.999999994
190.811556639
169.882165598
157.412231361
139.102010354
119.245111628
100.601176198
97.9984079948
85.6023010202
67.5864776389
64.3702853989
63.5012988071
50.7157383372
200
200
200
200
200
200
200
200
200
200
200
200
200
200
200
200
200
200
200
200
200
200
200
200
200
200
200
200
200
200
200
200
200
200
200
200
200
200
200
200
200
200
200
200
200
200
200
200
200
200
200
200
200
200
200
200
200
200
200
200
200
200
200
200
200
200
200
200
200
200
200
200
200
200
200
200
200
200
200
200
200
200
200
199.999956019
186.309243213
168.262974995
153.00927895
138.593538069
119.03820746
110.108613968
96.1410898083
94.8209379347
85.4644588804
74.7325345969
74.5413851725
61.2976556397
200
200
200
200
200
200
200
200
200
200
200
200
200
200
200
200
200
200
200
200
200
200
200
200
200
200
200
200
200
200
200
200
200
200
200
200
200
200
200
200
200
200
200
200
200
200
200
200
200
200
200
200
200
200
200
200
200
200
200
200
200
200
200
200
200
200
200
200
200
200
200
200
200
200
200
200
200
200
200
200
200
200
200
199.999063248
182.562352988
167.066724653
148.778873336
134.422159113
122.333951625
115.575595436
106.818368953
97.155517855
97.5936703222
84.2868536661
84.9589457113
71.7740966665
200
200
200
200
200
200
200
200
200
200
200
200
200
200
200
200
200
200
200
200
200
200
200
200
200
200
200
200
200
200
200
200
200
200
200
200
200
200
200
200
200
200
200
200
200
200
200
200
200
200
200
200
200
200
200
200
200
200
200
200
200
200
200
200
200
200
200
200
200
200
200
200
200
200
200
200
200
200
200
200
200
200
200
198.022329027
182.294088439
167.679189039
152.273337036
135.952881249
124.603424755
112.27802996
114.13163633
108.179664566
101.885907712
97.3121455646
93.6542123941
81.1784279243
200
200
200
200
200
200
200
200
200
200
200
200
200
200
200
200
200
200
200
200
200
200
200
200
200
200
200
200
200
200
200
200
200
200
200
200
200
200
200
200
200
200
200
200
200
200
200
200
200
200
200
200
200
200
200
200
200
200
200
200
200
200
200
200
200
200
200
200
200
200
200
200
200
200
200
200
200
200
200
200
200
200
199.999999996
194.764834781
181.389403375
167.25237985
151.78339512
138.801361982
128.435462923
120.843148737
114.270761224
115.275702229
110.660731205
108.475729937
101.962026022
91.0380278965
200
200
200
200
200
200
200
200
200
200
200
200
200
200
200
200
200
200
200
200
200
200
200
200
200
200
200
200
200
200
200
200
200
200
200
200
200
200
200
200
200
200
200
200
200
200
200
200
200
200
200
200
200
200
200
200
200
200
200
200
200
200
200
200
200
200
200
200
200
200
200
200
200
200
200
200
200
200
200
200
200
200
199.999999979
194.136218176
180.487677971
163.967479452
151.208460674
141.497351286
135.731576345
128.77205874
123.509287865
116.307887484
118.140015868
120.403395729
110.357716331
98.7686144988
200
200
200
200
200
200
200
200
200
200
200
200
200
200
200
200
200
200
200
200
200
200
200
200
200
200
200
200
200
200
200
200
200
200
200
200
200
200
200
200
200
200
200
200
200
200
200
200
200
200
200
200
200
200
200
200
200
200
200
200
200
200
200
200
200
200
200
200
200
200
200
200
200
200
200
200
200
200
200
200
200
200
199.999999859
193.433611548
178.938146579
164.786155837
154.910335514
146.782399612
139.074481536
133.946663112
129.138180191
125.512759652
120.778839354
126.141518915
117.957933179
104.85050169
200
200
200
200
200
200
200
200
200
200
200
200
200
200
200
200
200
200
200
200
200
200
200
200
200
200
200
200
200
200
200
200
200
200
200
200
200
200
200
200
200
200
200
200
200
200
200
200
200
200
200
200
200
200
200
200
200
200
200
200
200
200
200
200
200
186.001161513
162.235410846
150.466967934
156.216928605
171.399416895
186.782367024
196.937975975
200
200
200
200
200
200
200
200
200
200
199.999996752
193.188544761
178.734929718
168.742715782
159.374217555
150.605821407
142.977824905
137.961617655
133.171012664
129.669398304
127.530959599
129.843460993
124.399083379
110.309550262
200
200
200
200
200
200
200
200
200
200
200
200
200
200
200
200
200
200
200
200
200
200
200
200
200
200
200
200
200
200
200
200
200
200
200
200
200
200
200
200
200
200
200
200
200
200
200
200
200
200
200
200
200
200
200
200
200
200
200
200
16.4536401692
1.4327116622
0.28747323131
0.0847563030851
0.030905230461
0.0169957269488
0.015364915405
0.0207013159003
0.0363055787917
0.0768316995956
0.188564667303
0.531825811698
1.72849151111
6.61617949208
30.4676457786
146.361087535
195.325511582
200
200
200
200
200
199.999999789
193.200148683
183.083216444
170.628767613
162.324800281
153.378307053
146.446460385
143.358779905
137.487895806
134.418938475
131.694554023
129.764720705
132.268045521
115.016624738
200
200
200
200
200
200
200
200
200
200
200
200
200
200
200
200
200
200
200
200
200
200
200
200
200
200
200
200
200
200
200
200
200
200
200
200
200
200
200
200
200
200
200
200
200
200
200
200
200
200
200
200
200
200
200
200
200
31.3952255396
0.00625481547824
0.000504107146768
9.03360108929e-05
2.36917601101e-05
8.47935754504e-06
4.032363085e-06
2.9039740195e-06
3.13240983598e-06
4.47564024334e-06
7.69312262525e-06
1.53343579967e-05
3.53456576795e-05
9.26146810857e-05
0.000277822572239
0.000961037724095
0.00389625755889
0.0187376745395
0.109541427537
0.753146852164
6.31916943023
66.1979774003
188.476779179
199.999553567
199.962624858
199.997879356
195.709787076
183.008384731
174.040351342
162.231141621
155.884649528
151.758012009
147.753667352
141.85484996
138.383141796
134.965407576
133.121838322
137.521509044
119.050510799
200
200
200
200
200
200
200
200
200
200
200
200
200
200
200
200
200
200
200
200
200
200
200
200
200
200
200
200
200
200
200
200
200
200
200
200
200
200
200
200
200
200
200
200
200
200
200
200
200
200
200
200
200
200
200
23.38427865
6.70019905206e-05
5.86295403633e-07
7.68742629266e-08
1.84380329357e-08
6.30328843725e-09
2.76791915926e-09
1.5905227287e-09
1.33518570315e-09
1.56518723938e-09
2.3037659895e-09
3.97767830276e-09
7.84802486001e-09
1.73185155442e-08
4.35214920607e-08
1.23395652051e-07
3.96863152271e-07
1.45056507645e-06
5.99813374583e-06
2.87255715074e-05
0.00016162614463
0.00106977254309
0.00842806971102
0.0811090156859
0.950662599723
13.9418040055
158.898946132
198.931815608
194.575884019
183.623745271
173.544381645
164.789366893
161.843579965
156.80581266
149.947745972
144.239228108
141.107087626
138.794101583
135.746565548
138.647689557
122.066127346
200
200
200
200
200
200
200
200
200
200
200
200
200
200
200
200
200
200
200
200
200
200
200
200
200
200
200
200
200
200
200
200
200
200
200
200
200
200
200
200
200
200
200
200
200
200
200
200
200
200
200
200
200
200
1.22687084587e-05
5.27808295073e-09
2.67829431232e-10
4.87559323354e-11
1.36606766984e-11
5.2698988936e-12
2.60970480451e-12
1.63835210498e-12
1.43689859436e-12
1.69486386601e-12
2.47545454682e-12
4.188517643e-12
7.98072674536e-12
1.71893051854e-11
4.16700357107e-11
1.11455070306e-10
3.37792376956e-10
1.1614270678e-09
4.47043151316e-09
1.91466562719e-08
9.30585046221e-08
5.17729477847e-07
3.22550213991e-06
2.31013406226e-05
0.000199273678027
0.00206058012046
0.0260116805251
0.404404360551
8.00462744757
136.668748536
180.945254834
171.578931111
167.426965043
164.024124995
153.983351272
149.278655431
146.692714505
142.746069366
140.905788551
137.895039272
139.060005445
123.954810807
200
200
200
200
200
200
200
200
200
200
200
200
200
200
200
200
200
200
200
200
200
200
200
200
200
200
200
200
200
200
200
200
200
200
200
200
200
200
200
200
200
200
200
200
200
200
200
200
200
200
200
200
200
7.67495904302e-10
5.26735686308e-12
5.34527378508e-13
1.11054770377e-13
3.22665530274e-14
1.23823905442e-14
5.78109690584e-15
3.52654360566e-15
2.90067177498e-15
3.24361160724e-15
4.62030828453e-15
8.29272143936e-15
1.60671534853e-14
3.4528829748e-14
8.0984459749e-14
2.12614918157e-13
6.22886541611e-13
2.01490607002e-12
7.07244686004e-12
2.75989493454e-11
1.17279519692e-10
5.69460272969e-10
3.05826724259e-09
1.81362136827e-08
1.22359943441e-07
9.57740842989e-07
8.46808307718e-06
8.91791271078e-05
0.00116494007036
0.0170809602819
0.300628241046
6.53623661512
132.596626685
168.657938055
160.934524517
155.292033837
151.851498094
148.665365655
145.833655725
141.124237612
139.900741811
138.292118341
125.25789947
200
200
200
200
200
200
200
200
200
200
200
200
200
200
200
200
200
200
200
200
200
200
200
200
200
200
200
200
200
200
200
200
200
200
200
200
200
200
200
200
200
200
200
200
200
200
200
200
200
200
200
200
9.94190481457e-13
2.32153947523e-14
5.53107892417e-16
0
0
0
0
0
0
0
0
0
1.17843034353e-17
3.87836895679e-17
1.96671029221e-16
5.86366219549e-16
1.98575031574e-15
6.72080643096e-15
2.35508137607e-14
8.58286411436e-14
3.37601029153e-13
1.43253176272e-12
6.50009715819e-12
3.24848012078e-11
1.7941110431e-10
1.13529979122e-09
7.88040036576e-09
6.16185281871e-08
5.66780620759e-07
5.55331313344e-06
6.41250883415e-05
0.000939197439709
0.0173396524971
0.436017653748
19.1536112425
153.612532374
158.598026309
154.972005873
151.185563471
146.978934923
142.902923239
140.966744712
137.873926377
126.612720542
200
200
200
200
200
200
200
200
200
200
200
200
200
200
200
200
200
200
200
200
200
200
200
200
200
200
200
200
200
200
200
200
200
200
200
200
200
200
200
200
200
200
200
200
200
200
200
200
200
200
200
1.16650326034e-14
0
0
0
0
0
0
0
0
0
0
0
0
0
0
0
8.9011982662e-18
2.44535872918e-17
1.08624102264e-16
4.57784387236e-16
1.86174123739e-15
7.68411754642e-15
3.18700249141e-14
1.35494872241e-13
6.43183106044e-13
3.18794208139e-12
1.74826679097e-11
1.07351641858e-10
7.65581050729e-10
5.53921072721e-09
4.54129086006e-08
4.40471888019e-07
5.16535555386e-06
7.75165159999e-05
0.00180726395518
0.0535701386811
2.24243010752
122.328665025
156.986781814
153.000709586
149.147577853
146.06070514
141.431600271
139.303656291
127.845894362
200
200
200
200
200
200
200
200
200
200
200
200
200
200
200
200
200
200
200
200
200
200
200
200
200
200
200
200
200
200
200
200
200
200
200
200
200
200
200
200
200
200
200
200
200
200
200
200
200
200
1.25132765749e-19
0
0
0
0
0
0
0
0
0
0
0
0
0
0
0
0
0
0
8.57910779004e-19
1.38324520314e-17
3.91590008572e-17
1.75351333137e-16
9.65881291586e-16
3.86371081337e-15
1.96288409826e-14
8.91115194252e-14
4.66694606603e-13
2.38041696409e-12
1.40902418593e-11
8.73192492899e-11
6.40940044326e-10
5.1557319691e-09
4.94945677808e-08
6.06826558703e-07
1.0609844987e-05
0.000236625270125
0.00788509430872
0.451808147241
46.840283245
152.794052033
149.96605587
148.07647354
142.657305758
140.521033088
128.438769884
200
200
200
200
200
200
200
200
200
200
200
200
200
200
200
200
200
200
200
200
200
200
200
200
200
200
200
200
200
200
200
200
200
200
200
200
200
200
200
200
200
200
200
200
200
200
200
200
200
0
0
0
0
0
0
0
0
0
0
0
0
0
0
0
0
0
0
0
0
0
0
0
8.5965140145e-18
2.53077336881e-17
1.3545513377e-16
6.74793691319e-16
2.78938940581e-15
1.48837131744e-14
7.11980323094e-14
3.81140379432e-13
2.0342983938e-12
1.3551802286e-11
9.51568447403e-11
7.89539110308e-10
7.75632177391e-09
1.06355492837e-07
1.76271860299e-06
4.61474513073e-05
0.00167451627659
0.115491445616
16.3498790266
147.136705552
147.692083881
143.697466291
139.941858863
127.493568683
200
200
200
200
200
200
200
200
200
200
200
200
200
200
200
200
200
200
200
200
200
200
200
200
200
200
200
200
200
200
200
200
200
200
200
200
200
200
200
200
200
200
200
200
200
200
200
200
0
0
0
0
0
0
0
0
0
0
0
0
0
0
0
0
0
0
0
0
0
0
0
0
0
0
6.63036259128e-18
2.51094740491e-17
1.20073505136e-16
6.12846991323e-16
2.83363656477e-15
1.56775569277e-14
7.77218261474e-14
4.46359762492e-13
2.86582791935e-12
1.93953819502e-11
1.60187375012e-10
1.77623674379e-09
2.15628116114e-08
3.77020583564e-07
1.00934409032e-05
0.000483811348551
0.0429304867412
8.71552981865
143.564133664
143.281270693
137.985066944
124.901151817
200
200
200
200
200
200
200
200
200
200
200
200
200
200
200
200
200
200
200
200
200
200
200
200
200
200
200
200
200
200
200
200
200
200
200
200
200
200
200
200
200
200
200
200
200
200
200
0
0
0
0
0
0
0
0
0
0
0
0
0
0
0
0
0
0
0
0
0
0
0
0
0
0
0
0
0
6.32012223226e-18
2.81534629514e-17
1.48584093189e-16
7.92322683066e-16
3.86200240484e-15
2.32031747472e-14
1.26204317319e-13
7.96686918776e-13
5.38240958144e-12
4.2356450664e-11
4.70265810028e-10
5.81616284469e-09
1.16421752621e-07
3.59054911669e-06
0.00019835747989
0.0242790914412
9.73986709713
139.797378111
135.883997938
121.385094294
200
200
200
200
200
200
200
200
200
200
200
200
200
200
200
200
200
200
200
200
200
200
200
200
200
200
200
200
200
200
200
200
200
200
200
200
200
200
200
200
200
200
200
200
200
200
0
0
0
0
0
0
0
0
0
0
0
0
0
0
0
0
0
0
0
0
0
0
0
0
0
0
0
0
0
0
0
0
8.26702579315e-18
3.88485576548e-17
2.15656258356e-16
1.22330230163e-15
7.15680005772e-15
4.05821630539e-14
2.73267572549e-13
1.82562778651e-12
1.56432627994e-11
1.52740082824e-10
2.27834961353e-09
4.79087651891e-08
1.67905397675e-06
0.000117323842652
0.0250512503811
26.4566865162
133.078830939
117.1784752
200
200
200
200
200
200
200
200
200
200
200
200
200
200
200
200
200
200
200
200
200
200
200
200
200
200
200
200
200
200
200
200
200
200
200
200
200
200
200
200
200
200
200
200
200
0
0
0
0
0
0
0
0
0
0
0
0
0
0
0
0
0
0
0
0
0
0
0
0
0
0
0
0
0
0
0
0
0
0
0
1.33062650313e-17
6.85377182438e-17
5.34383811281e-16
2.77896204387e-15
1.75890320474e-14
1.2009745265e-13
7.50896292127e-13
6.29026293239e-12
7.13107479587e-11
1.11004913115e-09
2.47444507621e-08
1.02201969567e-06
0.000113074371593
0.0533301298764
98.8766233466
112.261881641
200
200
200
200
200
200
200
200
200
200
200
200
200
200
200
200
200
200
200
200
200
200
200
200
200
200
200
200
200
200
200
200
200
200
200
200
200
200
200
200
200
200
200
200
200
0
0
0
0
0
0
0
0
0
0
0
0
0
0
0
0
0
0
0
0
0
0
0
0
0
0
0
0
0
0
0
0
0
0
0
0
4.03980338866e-18
2.97634884893e-17
2.18222555925e-16
1.32676560529e-15
8.94395638019e-15
5.92023408555e-14
4.1109118755e-13
3.44034710099e-12
3.75300958837e-11
6.15894898613e-10
1.52871254303e-08
9.47105441301e-07
0.000204971269821
0.381415385132
104.251007892
200
200
200
200
200
200
200
200
200
200
200
200
200
200
200
200
200
200
200
200
200
200
200
200
200
200
200
200
200
200
200
200
200
200
200
200
200
200
200
200
200
200
200
200
199.999999976
0
0
0
0
0
0
0
0
0
0
0
0
0
0
0
0
0
0
0
0
0
0
0
0
0
0
0
0
0
0
0
0
0
0
0
0
0
0
1.41051884544e-17
1.18556245379e-16
7.1279619318e-16
5.33214592353e-15
3.34366517786e-14
2.18367135357e-13
1.81413650271e-12
2.31195914406e-11
4.02985623974e-10
1.43923707825e-08
1.4727523769e-06
0.00112223464921
36.9383107518
200
200
200
200
200
200
200
200
200
200
200
200
200
200
200
200
200
200
200
200
200
200
200
200
200
200
200
200
200
200
200
200
200
200
200
200
200
200
200
200
200
200
200
200
0
0
0
0
0
0
0
0
0
0
0
0
0
0
0
0
0
0
0
0
0
0
0
0
0
0
0
0
0
0
0
0
0
0
0
0
0
0
0
0
6.33719139814e-18
7.39870199944e-17
5.14534630012e-16
3.62973631797e-15
2.23090578582e-14
1.78891092246e-13
1.39351805359e-12
1.88263774732e-11
4.38645899539e-10
2.08279143873e-08
5.98489622173e-06
0.0371379729595
200
200
200
200
200
200
200
200
200
200
200
200
200
200
200
200
200
200
200
200
200
200
200
200
200
200
200
200
200
200
200
200
200
200
200
200
200
200
200
200
200
200
200
200
0
0
0
0
0
0
0
0
0
0
0
5.97664117326e-18
2.99020947148e-17
4.61100031381e-17
7.91163258674e-17
0
0
0
0
0
0
0
0
0
0
0
0
0
0
0
0
0
0
0
0
0
0
0
0
0
0
2.68473596246e-18
5.09598329231e-17
4.56069419827e-16
3.02880861476e-15
2.01096251715e-14
1.5642021645e-13
1.50796828298e-12
2.20175935761e-11
6.01030519968e-10
6.84535180304e-08
9.69739842123e-05
200
200
200
7.59311153344e-21
0
0
0
0
0
0
0
0
0
0
0
0
0
0
0
0
0
0
0
9.48990401185e-16
1.3768587523e-13
200
200
200
200
200
200
200
200
200
200
200
200
200
200
200
200
200
200
200
0
0
0
0
0
0
0
0
0
2.07360023371e-17
3.43845599853e-16
2.12016333515e-15
1.51669812288e-14
9.98644612795e-14
1.89749001519e-13
2.65978480521e-13
7.15299769583e-15
4.8572308596e-16
0
0
0
0
0
0
0
0
0
0
0
0
0
0
0
0
0
0
0
0
0
0
0
0
4.73824794851e-19
4.28237340937e-17
3.42669957001e-16
2.41976247205e-15
1.94525597402e-14
1.56830499959e-13
1.52742282631e-12
3.10686734955e-11
1.64238428237e-09
6.49696124406e-07
9.4532960649e-22
4.97541898153e-22
0
0
0
0
0
0
0
0
0
0
0
0
0
0
0
0
0
0
0
0
0
0
0
0
0
0
0
0
5.44950845754e-15
7.46206241266e-13
200
200
200
200
200
200
200
200
200
200
200
0
0
0
0
0
0
0
0
5.1802145441e-18
4.47369777374e-16
2.26389247145e-14
1.98691670846e-12
200
200
200
200
200
200
200
200
199.999997816
199.849675859
0
0
0
0
0
0
0
0
0
0
0
0
0
0
0
0
0
0
0
0
0
0
1.86197439855e-20
4.9761020363e-17
3.93706193268e-16
3.50108435091e-15
2.64972132924e-14
2.22753369499e-13
2.88641474024e-12
7.78280666525e-11
1.06809744307e-08
0
0
0
0
0
0
0
0
0
0
0
0
0
0
0
0
0
0
0
0
0
0
0
0
0
0
0
0
0
0
0
0
0
0
0
7.47857200373e-15
3.6610640524e-13
200
200
200
200
200
200
0
0
0
0
0
0
0
5.59873598494e-17
1.30498525092e-14
9.95901607922e-12
200
200
200
200
200
200
200
200
200
200
200
200
199.999998245
0
0
0
0
0
0
0
0
0
0
0
0
0
0
0
0
0
0
0
0
0
0
1.79393478937e-18
7.149339631e-17
6.30184179502e-16
4.48247263108e-15
4.21451947279e-14
4.18174487702e-13
6.66428456382e-12
4.058526772e-10
0
0
0
0
0
0
0
0
0
0
0
0
0
0
0
0
0
0
0
0
0
0
0
0
0
0
0
0
0
0
0
0
0
0
0
0
0
0
6.15216345152e-17
5.45060831177e-15
6.83874609177e-14
1.58872133813e-13
3.58070971526e-15
0
0
0
0
0
0
5.68729384235e-16
3.63560033495e-13
200
200
200
200
200
200
200
200
200
200
200
200
200
200
200
199.99999999
0
0
0
0
0
0
0
0
0
0
0
0
0
0
0
0
0
0
0
0
0
0
5.62690601306e-18
1.39163442288e-16
9.65693080648e-16
7.86489791624e-15
7.00307011256e-14
9.61755783183e-13
2.81412001828e-11
0
0
0
0
0
0
0
0
0
0
0
0
0
0
0
0
0
0
0
0
0
0
0
0
0
0
0
0
0
0
0
0
0
0
0
0
0
0
0
0
0
0
4.12376196728e-16
0
0
7.32569527045e-20
1.2578187138e-19
7.85505021382e-18
4.54109671253e-15
2.24729541383e-11
200
200
200
200
200
200
200
200
200
200
200
200
200
200
200
200
200
200
0
0
0
0
0
0
0
0
0
0
0
0
0
0
0
0
0
0
0
0
0
0
1.6599810566e-17
2.57704619831e-16
2.16089195086e-15
1.89925936048e-14
2.04856983903e-13
3.31502750474e-12
0
0
0
0
0
0
0
0
0
0
0
0
0
0
0
0
0
0
0
0
0
0
0
0
0
0
0
0
0
0
0
0
0
0
0
0
0
0
0
0
0
0
0
0
9.31335403619e-20
6.08702461287e-19
4.7528072708e-17
9.23851664334e-15
3.41836265369e-09
200
200
200
200
200
200
200
200
200
200
200
200
200
200
200
200
200
200
200
200
0
0
0
0
0
0
0
0
0
0
0
0
0
0
0
0
0
0
0
0
0
0
5.54483729316e-17
5.13792891525e-16
5.90224156417e-15
5.81363833559e-14
6.42965851379e-13
0
0
0
0
0
0
0
0
0
0
0
0
0
0
0
0
0
0
0
0
0
0
0
0
0
0
0
0
0
0
0
0
0
0
0
0
0
0
0
0
0
0
0
0
0
3.18498449127e-17
3.57838240776e-15
200
200
200
200
200
200
200
200
200
200
200
200
200
200
200
200
200
200
200
200
200
200
200
0
0
0
0
0
0
0
0
0
0
0
0
0
0
0
0
0
0
0
0
0
7.99815989981e-18
1.84807882535e-16
1.53838077439e-15
1.72864671416e-14
1.74148123969e-13
0
0
0
0
0
0
0
0
0
0
0
0
0
0
0
0
0
0
0
0
0
0
0
0
0
0
0
0
0
0
0
0
0
0
0
0
0
0
0
0
0
0
0
0
0
0
3.31686605993e-13
200
200
200
200
200
200
200
200
200
200
200
200
200
200
200
200
200
200
200
200
200
200
200
200
0
0
0
0
0
0
0
0
0
0
0
0
0
0
0
0
0
0
0
0
0
5.02620742465e-17
5.93864046533e-16
6.55879919042e-15
5.86541259317e-14
0
0
0
0
0
0
0
0
0
0
0
0
0
0
0
0
0
0
0
0
0
0
0
0
0
0
0
0
0
0
0
0
0
0
0
0
0
0
0
0
0
0
0
0
0
0
0
0
6.93053757892e-21
200
200
200
200
200
200
200
200
200
200
200
200
200
200
200
200
200
200
200
200
200
200
199.999999999
0
0
0
0
0
0
0
0
0
0
0
0
0
0
0
0
0
0
0
0
1.38414766071e-17
2.56113350907e-16
2.85577139806e-15
2.39726343612e-14
0
0
0
0
0
0
0
0
0
0
0
0
0
0
0
0
0
0
0
0
0
0
0
0
0
0
0
0
0
0
0
0
0
0
0
0
0
0
0
0
0
0
0
0
0
0
0
0
0
6.23748382102e-21
8.35175706786e-20
4.80066572587e-14
200
200
200
200
200
200
200
200
200
200
200
200
200
200
200
200
200
200
200
200
199.995697053
0
0
0
0
0
0
0
0
0
0
0
0
0
0
0
0
0
0
0
3.45217070425e-18
1.25369146794e-16
1.40569067467e-15
1.15534126592e-14
0
0
0
0
0
0
0
0
0
0
0
0
0
0
0
0
0
0
0
0
0
0
0
0
0
0
0
0
0
0
0
0
0
0
0
0
0
0
0
0
0
0
0
0
0
0
0
0
0
0
5.61373543892e-21
3.15347160438e-20
3.8780062112e-19
1.76858780085e-13
200
200
200
200
200
200
200
200
200
200
200
200
200
200
200
200
200
200
200
0
0
0
0
0
0
0
0
0
0
0
0
0
0
0
0
0
0
0
0
5.71742795267e-17
7.05086627858e-16
6.37788080411e-15
0
0
0
0
0
0
0
0
0
0
0
0
0
0
0
0
0
0
0
0
0
0
0
0
0
0
0
0
0
0
0
0
0
0
0
0
0
0
0
0
0
0
0
0
0
0
0
0
0
0
0
1.0666097334e-20
2.38341187339e-20
3.33088932329e-19
9.55998667256e-19
3.63104874107e-12
200
200
200
200
200
200
200
200
200
200
200
200
200
200
200
200
200
199.996823874
0
0
0
0
0
0
0
0
0
0
0
0
0
0
0
0
0
0
0
2.80691768125e-17
3.85396930716e-16
3.93533069579e-15
0
0
0
0
0
0
0
0
0
0
0
0
0
0
0
0
0
0
0
0
0
0
0
0
0
0
0
0
0
0
0
0
0
0
0
0
0
0
0
0
0
0
0
0
0
0
0
0
0
0
0
0
9.59948760056e-21
2.14507068605e-20
2.95687625961e-19
6.51451365479e-19
7.27550161617e-14
200
200
200
200
200
200
200
200
200
200
200
200
200
200
200
200
200
0
0
0
0
0
0
0
0
0
0
0
0
0
0
0
0
0
0
0
1.71625171005e-17
2.90063174982e-16
2.66018109642e-15
0
0
0
0
0
0
0
0
0
0
0
0
0
0
0
0
0
0
0
0
0
0
0
0
0
0
0
0
0
0
0
0
0
0
0
0
0
0
0
0
0
0
0
0
0
0
0
0
0
0
0
0
0
1.36919007355e-20
4.68366977388e-20
2.26973913324e-19
3.52137268554e-19
7.07504837498e-15
200
200
200
200
200
200
200
200
200
200
200
200
200
200
200
200
199.991937554
0
0
0
0
0
0
0
0
0
0
0
0
0
0
0
0
0
0
1.01719750649e-17
2.33032288099e-16
1.98524953342e-15
0
0
0
0
0
0
0
0
0
0
0
0
0
0
0
0
0
0
0
0
0
0
0
0
0
0
0
0
0
0
0
0
0
0
0
0
0
0
0
0
0
0
0
0
0
0
0
0
0
0
0
0
0
4.09241313497e-21
8.6395388405e-21
7.16608423526e-20
1.90870474533e-19
3.15329878763e-19
3.06515302732e-19
200
200
200
200
200
200
200
200
200
200
200
200
200
200
200
200
0
0
0
0
0
0
0
0
0
0
0
0
0
0
0
0
0
0
8.41359148367e-18
1.87950756779e-16
1.63167994893e-15
0
0
0
0
0
0
0
0
0
0
0
0
0
0
0
0
0
0
0
0
0
0
0
0
0
0
0
0
0
0
0
0
0
0
0
0
0
0
0
0
0
0
0
0
0
0
0
0
0
0
0
0
0
4.09241313497e-21
7.77558495645e-21
7.77558495645e-21
7.56699358803e-20
1.83860180247e-19
2.77232663535e-19
2.64273132262e-19
200
200
200
200
200
200
200
200
200
200
200
200
200
200
200
0
0
0
0
0
0
0
0
0
0
0
0
0
0
0
0
0
0
7.75718580949e-18
1.84065507582e-16
1.51295188167e-15
0
0
0
0
0
0
0
0
0
0
0
0
0
0
0
0
0
0
0
0
0
0
0
0
0
0
0
0
0
0
0
0
0
0
0
0
0
0
0
0
0
0
0
0
0
0
0
0
0
0
0
0
0
0
7.77558495645e-21
7.77558495645e-21
7.77558495645e-21
9.17699718829e-20
2.11125732589e-19
2.277701275e-19
1.16534122204e-15
200
200
200
200
200
200
200
200
200
200
200
200
200
200
0
0
0
0
0
0
0
0
0
0
0
0
0
0
0
0
0
0
7.9404764625e-18
1.82182444198e-16
1.54898102215e-15
0
0
0
0
0
0
0
0
0
0
0
0
0
0
0
0
0
0
0
0
0
0
0
0
0
0
0
0
0
0
0
0
0
0
0
0
0
0
0
0
0
0
0
0
0
0
0
0
0
0
0
0
0
0
0
7.77558495645e-21
7.77558495645e-21
7.77558495645e-21
1.09658900775e-19
1.64867190741e-19
1.59334765047e-19
2.48970527346e-14
200
200
200
200
200
200
200
200
200
200
200
200
200
0
0
0
0
0
0
0
0
0
0
0
0
0
0
0
0
0
0
1.10381367768e-17
1.90522166714e-16
1.70906574923e-15
0
0
0
0
0
0
0
0
0
0
0
0
0
0
0
0
0
0
0
0
0
0
0
0
0
0
0
0
0
0
0
0
0
0
0
0
0
0
0
0
0
0
0
0
0
0
0
0
0
0
0
0
0
0
0
0
0
4.09241313497e-21
1.2322710662e-20
1.04017694898e-19
1.37236085742e-19
9.87844084767e-20
200
200
200
200
200
200
200
200
200
200
200
200
200
0
0
0
0
0
0
0
0
0
0
0
0
0
0
0
0
0
0
1.51557974167e-17
2.58017389312e-16
2.01368206162e-15
0
0
0
0
0
0
0
0
0
0
0
0
0
0
0
0
0
0
0
0
0
0
0
0
0
0
0
0
0
0
0
0
0
0
0
0
0
0
0
0
0
0
0
0
0
0
0
0
0
0
0
0
0
0
0
0
0
0
2.14507068605e-20
2.83812444394e-20
2.55431199955e-20
5.16151711096e-20
6.63633321882e-18
200
200
200
200
200
200
200
200
200
200
200
200
0
0
0
0
0
0
0
0
0
0
0
0
0
0
0
0
0
0
2.2289465991e-17
3.33024130941e-16
2.52529604567e-15
0
0
0
0
0
0
0
0
0
0
0
0
0
0
0
0
0
0
0
0
0
0
0
0
0
0
0
0
0
0
0
0
0
0
0
0
0
0
0
0
0
0
0
0
0
0
0
0
0
0
0
0
0
0
0
0
0
0
5.61373543892e-21
2.38341187339e-20
3.60818417493e-20
2.83812444394e-20
1.41338397007e-18
200
200
200
200
200
200
200
200
200
200
200
200
0
0
0
0
0
0
0
0
0
0
0
0
0
0
0
0
0
0
3.80580562456e-17
4.24534309773e-16
3.11891197272e-15
0
0
0
0
0
0
0
0
0
0
0
0
0
0
0
0
0
0
0
0
0
0
0
0
0
0
0
0
0
0
0
0
0
0
0
0
0
0
0
0
0
0
0
0
0
0
0
0
0
0
0
0
0
0
0
0
0
0
0
0
2.64823541488e-20
4.0090935277e-20
5.73836670774e-19
1.20530375254e-17
200
200
200
200
200
200
200
200
200
200
200
4.09241313497e-21
0
0
0
0
0
0
0
0
0
0
0
0
0
0
0
0
2.11575983308e-18
6.64728661383e-17
6.1003489623e-16
3.6995424132e-15
0
0
0
0
0
0
0
0
0
0
0
0
0
0
0
0
0
0
0
0
0
0
0
0
0
0
0
0
0
0
0
0
0
0
0
0
0
0
0
0
0
0
0
0
0
0
0
0
0
0
0
0
0
0
0
0
0
0
0
0
0
2.94248379431e-20
6.47103211119e-19
4.53254658994e-18
200
200
200
200
200
200
200
200
200
200
200
4.09241313497e-21
4.09241313497e-21
0
0
0
0
0
0
0
0
0
0
0
0
0
0
0
6.68411925846e-18
1.10571464617e-16
9.18909969264e-16
9.55351621188e-15
0
0
0
0
0
0
0
0
0
0
0
0
0
0
0
0
0
0
0
0
0
0
0
0
0
0
0
0
0
0
0
0
0
0
0
0
0
0
0
0
0
0
0
0
0
0
0
0
0
0
0
0
0
0
0
0
0
0
0
0
0
0
2.79568186908e-19
1.50395257494e-18
200
200
200
200
200
200
200
200
200
200
200
4.09241313497e-21
4.09241313497e-21
4.09241313497e-21
0
0
0
0
0
0
0
0
0
0
0
0
0
0
1.69563517301e-17
1.7568835194e-16
1.25177555417e-15
3.10161705873e-14
0
0
0
0
0
0
0
0
0
0
0
0
0
0
0
0
0
0
0
0
0
0
0
0
0
0
0
0
0
0
0
0
0
0
0
0
0
0
0
0
0
0
0
0
0
0
0
0
0
0
0
0
0
0
0
0
0
0
0
0
0
0
0
1.41918932167e-18
200
200
200
200
200
200
200
200
200
200
0
3.68317182148e-21
4.09241313497e-21
4.09241313497e-21
4.09241313497e-21
0
0
0
0
0
0
0
0
0
0
0
0
1.83136250917e-19
3.09972535036e-17
3.16977230107e-16
1.58436520703e-15
5.60262444144e-14
0
0
0
0
0
0
0
0
0
0
0
0
0
0
0
0
0
0
0
0
0
0
0
0
0
0
0
0
0
0
0
0
0
0
0
0
0
0
0
0
0
0
0
0
0
0
0
0
0
0
0
0
0
0
0
0
0
0
0
0
0
0
0
1.29730883717e-18
200
200
200
200
200
200
200
200
200
200
0
0
3.68317182148e-21
4.09241313497e-21
4.09241313497e-21
0
0
0
0
0
0
0
0
0
0
0
0
5.42051326704e-18
5.26003941283e-17
4.07976572413e-16
1.722539588e-15
9.2970873947e-14
0
0
0
0
0
0
0
0
0
0
0
0
0
0
0
0
0
0
0
0
0
0
0
0
0
0
0
0
0
0
0
0
0
0
0
0
0
0
0
0
0
0
0
0
0
0
0
0
0
0
0
0
0
0
0
0
0
0
0
0
0
0
0
0
200
200
200
200
200
200
200
200
200
0
0
0
0
4.09241313497e-21
4.09241313497e-21
4.09241313497e-21
0
0
0
0
0
0
0
0
0
0
0
1.10885682529e-17
1.10900732845e-16
5.41003070436e-16
3.59675912893e-15
1.30331411831e-13
0
0
0
0
0
0
0
0
0
0
0
0
0
0
0
0
0
0
0
0
0
0
0
0
0
0
0
0
0
0
0
0
0
0
0
0
0
0
0
0
0
0
0
0
0
0
0
0
0
0
0
0
0
0
0
0
0
0
0
0
0
0
0
0
200
200
200
200
200
200
200
200
0
0
0
0
0
0
4.09241313497e-21
4.09241313497e-21
0
0
0
0
0
0
0
0
0
0
2.86694613555e-18
2.08859566712e-17
1.27557022547e-16
5.16893784917e-16
7.99085041635e-15
2.02002368998e-13
0
0
0
0
0
0
0
0
0
0
0
0
0
0
0
0
0
0
0
0
0
0
0
0
0
0
0
0
0
0
0
0
0
0
0
0
0
0
0
0
0
0
0
0
0
0
0
0
0
0
0
0
0
0
0
0
0
0
0
0
0
0
0
0
200
200
200
200
200
200
200
0
0
0
0
0
0
0
0
4.09241313497e-21
0
0
0
0
0
0
0
0
0
0
8.04393980902e-18
4.28234167224e-17
1.48487898077e-16
3.61145871521e-16
9.43257111506e-15
3.01131255344e-13
0
0
0
0
0
0
0
0
0
0
0
0
0
0
0
0
0
0
0
0
0
0
0
0
0
0
0
0
0
0
0
0
0
0
0
0
0
0
0
0
0
0
0
0
0
0
0
0
0
0
0
0
0
0
0
0
0
0
0
0
0
0
0
7.44290254753
200
200
200
200
200
200
0
0
0
0
0
0
0
0
0
0
0
0
0
0
0
0
0
0
0
3.17430459688e-18
1.18316424508e-17
4.75636718172e-17
8.80468049343e-17
8.09083580033e-16
1.4441099227e-14
4.26608421568e-13
0
0
0
0
0
0
0
0
0
0
0
0
0
0
0
0
0
0
0
0
0
0
0
0
0
0
0
0
0
0
0
0
0
0
0
0
0
0
0
0
0
0
0
0
0
0
0
0
0
0
0
0
0
0
0
0
0
0
0
0
0
0
0
200
200
200
200
200
200
0
0
0
0
0
0
0
0
0
0
0
0
0
0
0
0
0
0
0
0
8.74664447927e-18
3.25528270057e-17
5.4682493639e-17
1.56415913191e-17
7.84877977542e-16
2.44919898611e-14
4.5954070008e-13
0
0
0
0
0
0
0
0
0
0
0
0
0
0
0
0
0
0
0
0
0
0
0
0
0
0
0
0
0
0
0
0
0
0
0
0
0
0
0
0
0
0
0
0
0
0
0
0
0
0
0
0
0
0
0
0
0
0
0
0
0
0
0
200
200
200
200
0
0
0
0
0
0
0
0
0
0
0
0
0
0
0
0
0
0
0
0
0
4.93898363872e-18
1.81654928499e-17
5.90748167157e-17
9.98293540247e-17
6.53739245065e-18
2.01826088562e-16
4.0942944489e-14
4.23815720935e-13
0
0
0
0
0
0
0
0
0
0
0
0
0
0
0
0
0
0
0
0
0
0
0
0
0
0
0
0
0
0
0
0
0
0
0
0
0
0
0
0
0
0
0
0
0
0
0
0
0
0
0
0
0
0
0
0
0
0
0
0
0
0
0
200
0
0
0
0
0
0
0
0
0
0
0
0
0
0
0
0
0
0
0
0
0
0
0
3.30315072878e-18
8.5710636079e-18
2.3387480447e-17
5.5919948662e-17
6.33125495067e-17
1.97330765421e-16
7.9276136306e-16
2.07214490231e-14
2.28708769172e-13
0
0
0
0
0
0
0
0
0
0
0
0
0
0
0
0
0
0
0
0
0
0
0
0
0
0
0
0
0
0
0
0
0
0
0
0
0
0
0
0
0
0
0
0
0
0
0
0
0
0
0
0
0
0
0
0
0
0
0
0
0
0
0
0
0
0
0
0
0
0
0
0
0
0
0
0
0
0
0
0
0
0
0
0
0
0
2.22901212026e-18
1.10014323958e-17
1.70243081839e-17
2.38155909116e-17
2.47732022522e-17
1.1598417831e-15
1.44321520772e-15
2.69654866913e-15
1.54640292107e-14
3.65842425894e-13
9.4532960649e-22
0
0
0
0
0
0
0
0
0
0
0
0
0
0
0
0
0
0
0
0
0
0
0
0
0
0
0
0
0
0
0
0
0
0
0
0
0
0
0
0
0
0
0
0
0
0
0
0
0
0
0
0
0
0
0
0
0
0
0
0
0
0
0
0
0
0
0
0
0
0
0
0
0
0
0
0
0
0
0
0
0
0
0
0
1.98138083123e-18
1.20458477178e-17
1.81548101327e-17
1.98139171962e-17
3.94229774484e-17
2.87582532775e-16
3.2113355207e-16
4.84520789306e-16
1.14043146522e-15
6.68955537706e-15
2.13729713258e-13
200
200
2.2763463308e-21
0
0
0
0
0
0
0
0
0
0
0
0
0
0
0
0
0
0
0
0
0
0
0
0
0
0
0
0
0
0
0
0
0
0
0
0
0
0
0
0
0
0
0
0
0
0
0
0
0
0
0
0
0
0
0
0
0
0
0
0
0
0
0
0
0
0
0
0
0
0
0
0
0
0
0
0
0
0
0
0
0
3.1453561946e-18
1.34381840605e-17
1.3323009989e-17
2.46933233607e-17
1.19508749487e-16
1.06306523617e-16
1.14884057314e-16
1.82601472644e-16
3.21189013381e-16
7.80842562411e-16
4.36931053268e-15
1.96258129009e-13
200
200
200
200
200
0
0
0
0
0
0
0
0
0
0
0
0
0
0
0
0
0
0
0
0
0
0
0
0
0
0
0
0
0
0
0
0
0
0
0
0
0
0
0
0
0
0
0
0
0
0
0
0
0
0
0
0
0
0
0
0
0
0
0
0
0
0
0
0
0
0
0
0
0
0
0
0
0
0
1.36919007355e-20
1.52132230395e-20
9.59948760056e-21
1.53076994404e-18
1.05937138724e-17
1.37848479177e-17
1.345364145e-17
6.96351786403e-17
6.6449570022e-17
6.76650558081e-17
7.86719092989e-17
9.98556831521e-17
1.33830722295e-16
1.88128691692e-16
3.39535486713e-16
1.70549517313e-15
1.39144713748e-13
200
200
200
200
200
22.2560458223
1.55643294725e-20
0
0
0
0
0
0
0
0
0
0
0
0
0
0
0
0
0
0
0
0
0
0
0
0
0
0
0
0
0
0
0
0
0
0
0
0
0
0
0
0
0
0
0
0
0
0
0
0
0
0
0
0
0
0
0
0
0
0
0
0
0
0
0
0
0
0
5.92011904277e-18
7.54944746266e-18
4.96356529883e-17
7.57510350696e-17
1.68166995411e-16
2.21877898994e-16
2.56014687454e-16
2.74709443578e-16
1.87589879283e-16
3.51088401433e-17
1.19332486695e-17
6.69854884836e-17
4.93515834271e-17
4.68455250073e-17
5.26027172895e-17
6.19262542423e-17
7.2183994136e-17
8.62772250608e-17
1.07217999469e-16
1.3526941185e-16
1.85043401121e-16
3.98838306303e-16
8.26845048914e-14
200
200
200
200
1.84845966442e-10
1.14056635887e-14
8.4433175637e-14
2.38464121961e-14
4.13226464484e-21
0
0
0
0
0
0
0
0
0
0
0
0
0
0
0
0
0
0
0
0
0
0
0
0
0
0
0
0
0
0
0
0
0
0
0
0
0
0
0
0
0
0
0
0
0
0
0
0
0
0
0
0
0
0
0
0
0
0
0
0
0
0
6.42896164678e-17
3.4026313147e-16
6.9408923041e-16
1.06133888678e-15
1.26539061073e-15
1.36194284071e-15
1.52233096866e-15
1.35911402341e-15
1.21986433399e-15
8.58377447001e-16
3.35197791168e-16
1.39065105234e-16
6.1628841656e-17
4.22703669698e-17
4.2200957144e-17
4.65781077046e-17
5.16302954709e-17
5.82489728972e-17
6.62806190685e-17
7.65011132233e-17
8.99674784865e-17
1.06847502749e-16
1.30172366619e-16
1.79324367462e-16
3.90414642471e-14
200
200
200
1.21277438582e-10
1.76528808001e-13
1.93155974562e-14
2.99819664896e-15
2.04876826578e-17
4.28394289843e-17
4.45889676081e-19
0
0
0
0
0
0
0
0
0
0
0
0
0
0
0
0
0
0
0
0
0
0
0
0
0
0
0
0
0
0
0
0
0
0
0
0
0
0
0
0
0
0
0
0
0
0
0
0
0
0
0
0
0
0
0
0
0
0
0
0
0
3.12386177593e-16
9.03485288094e-16
9.77177342818e-16
1.01221109452e-15
1.09979004954e-15
1.17713590351e-15
1.2504940623e-15
1.27512553417e-15
1.21455470456e-15
1.08900078542e-15
8.72837779685e-16
1.86272841434e-16
7.16106048099e-17
5.33243042101e-17
4.81021467251e-17
4.86923805524e-17
5.16061535184e-17
5.64012069695e-17
6.24742417022e-17
7.00356128106e-17
7.92542462708e-17
9.03681220613e-17
1.03865870872e-16
1.24015463043e-16
1.57026100367e-14
200
26.5089090929
4.69853645578e-11
2.98953091014e-13
2.7768479697e-14
9.6471241854e-16
5.2896455454e-17
1.34390709193e-17
7.93125027756e-18
1.84336552901e-17
2.52879828981e-17
1.86209344767e-20
0
0
0
0
0
0
0
0
0
0
0
0
0
0
0
0
0
0
0
0
0
0
0
0
0
0
0
0
0
0
0
0
0
0
0
0
0
0
0
0
0
0
0
0
0
0
0
0
0
0
0
0
0
0
0
0
0
0
0
7.16556584658e-16
1.04755373919e-15
1.09369191411e-15
1.12936278525e-15
1.18502575568e-15
1.23391157066e-15
1.28762496255e-15
1.32328209115e-15
1.3714173862e-15
1.38908612447e-15
1.29237163037e-15
5.7566034707e-16
1.17320052487e-16
7.03321130631e-17
5.60084377912e-17
5.26690856933e-17
5.33430264409e-17
5.60758020072e-17
6.04138161995e-17
6.60330997736e-17
7.26112766362e-17
8.03255237481e-17
8.89902765279e-17
1.00456899323e-16
5.83593884833e-15
9.9257796295e-10
1.74253189459e-11
4.10086546099e-13
3.27111414274e-14
2.02693467521e-15
7.42449296333e-17
1.83772842564e-17
1.06172400505e-17
8.81447675776e-18
1.0880914253e-17
8.81006024744e-18
1.49258083031e-17
2.21224680759e-19
0
0
0
0
0
0
0
0
0
0
0
0
0
0
0
0
0
0
0
0
0
0
0
0
0
0
0
0
0
0
0
0
0
0
0
0
0
0
0
0
0
0
0
0
0
0
0
0
0
0
0
0
0
0
0
0
0
0
6.51083908911e-16
1.15020745905e-15
1.16404740396e-15
1.24554846558e-15
1.28960928156e-15
1.31878611651e-15
1.35640387778e-15
1.3951466566e-15
1.45503280774e-15
1.55736217711e-15
1.63626690174e-15
1.06399516509e-15
1.84471708177e-16
9.01919782727e-17
6.65939483335e-17
5.85289458522e-17
5.65594177787e-17
5.7375154504e-17
6.01047507254e-17
6.4005383092e-17
6.88162385255e-17
7.43971347138e-17
8.03607377814e-17
8.78396397558e-17
1.73281815858e-15
5.0582456933e-12
4.42223397247e-13
4.20874321582e-14
3.23083384754e-15
9.59769590781e-17
1.65392829908e-17
1.04793120339e-17
7.93302908199e-18
7.1381252498e-18
7.13718903694e-18
6.58940081042e-18
5.7744370818e-18
1.34316419881e-17
3.55767815266e-18
0
0
0
0
0
0
0
0
0
0
0
0
0
0
0
0
0
0
0
0
0
0
0
0
0
0
0
0
0
0
0
0
0
0
0
0
0
0
0
0
0
0
0
0
0
0
0
0
0
0
0
0
0
0
0
0
0
0
1.75617446992e-15
1.36360663952e-15
1.4383066257e-15
1.45795473071e-15
1.45891401193e-15
1.47860684984e-15
1.5035166087e-15
1.56463550354e-15
1.63737003952e-15
1.77971119971e-15
1.54190998936e-15
3.95742767296e-16
1.17564567442e-16
7.90521437009e-17
6.57940185188e-17
6.10873629847e-17
6.01101818798e-17
6.11999063048e-17
6.40305690671e-17
6.76045202747e-17
7.17286959604e-17
7.59868735292e-17
189.775394759
198.962332168
5.31015362892e-13
5.26881249214e-14
4.75808845406e-15
3.33754201084e-17
1.29331816326e-17
8.90990272943e-18
7.13972617379e-18
6.42431272482e-18
5.78028052835e-18
5.77934431549e-18
5.77714826063e-18
6.41905362293e-18
9.05742200212e-18
2.20372749281e-17
1.12624696192e-17
0
0
0
0
0
0
0
0
0
0
0
0
0
0
0
0
0
0
0
0
0
0
0
0
0
0
0
0
0
0
0
0
0
0
0
0
0
0
0
0
0
0
0
0
0
0
0
0
0
0
0
0
0
0
0
0
0
2.94162286383e-15
1.89217482778e-15
1.81537731021e-15
1.72585521723e-15
1.66593963327e-15
1.64254252436e-15
1.65506727338e-15
1.67832948563e-15
1.73835011611e-15
1.8274212761e-15
1.95240766131e-15
7.30653474144e-16
1.54048576851e-16
9.37006429526e-17
7.44991837289e-17
6.67516920896e-17
6.37218415352e-17
6.37860478672e-17
6.52490788199e-17
6.78570055303e-17
198.226344028
199.982509191
199.998303798
199.99914804
8.68980142592e-14
6.12137572129e-15
1.21536183306e-17
9.53280102817e-18
7.62904894744e-18
6.41809180868e-18
5.47569658768e-18
5.13894030126e-18
4.68126889555e-18
4.68042630397e-18
5.03937803957e-18
5.71216965744e-18
7.54374864758e-18
1.69630510164e-17
4.16121482089e-16
5.29018425438e-17
0
0
0
0
0
0
0
0
0
0
0
0
0
0
0
0
0
0
0
0
0
0
0
0
0
0
0
0
0
0
0
0
0
0
0
0
0
0
0
0
0
0
0
0
0
0
0
0
0
0
0
0
0
0
0
0
3.13124580883e-15
2.57350417134e-15
2.26593078691e-15
2.07850988645e-15
1.93133012478e-15
1.86596179689e-15
1.82507993664e-15
1.81651109505e-15
1.84484448716e-15
1.90434349144e-15
2.19634248146e-15
1.06492696823e-15
1.96398865905e-16
1.09876652388e-16
8.42266039674e-17
7.33687118961e-17
6.88631698009e-17
6.74999182647e-17
199.089899327
199.992342459
199.999650557
199.999954086
199.99998722
199.999989602
8.52677113464e-15
7.59195467894e-18
6.8485548283e-18
6.02295543995e-18
5.21648388997e-18
4.68252476986e-18
4.21314200599e-18
4.08773009872e-18
3.84361686372e-18
3.91181283855e-18
4.21060486914e-18
4.67729403626e-18
6.41533337464e-18
1.04156836778e-13
3.71033960292e-14
1.16549915404e-14
9.0632081717e-17
0
0
0
0
0
0
0
0
0
0
0
0
0
0
0
0
0
0
0
0
0
0
0
0
0
0
0
0
0
0
0
0
0
0
0
0
0
0
0
0
0
0
0
0
0
0
0
0
0
0
0
0
0
0
0
3.30087252745e-15
3.18386647085e-15
2.73546528444e-15
2.47198503623e-15
2.28094672892e-15
2.12514695055e-15
2.02242205161e-15
1.96808192502e-15
1.95451581506e-15
1.97590109584e-15
2.20719144118e-15
1.23118088011e-15
2.35622875506e-16
1.26917368581e-16
9.47990592545e-17
8.10497545544e-17
199.950445917
199.995813291
199.999812966
199.9999814
199.999996001
199.999998992
199.999999585
199.999999589
5.22363672803e-18
5.00685509677e-18
4.70816419669e-18
4.33799574516e-18
3.99183245106e-18
3.73896324043e-18
3.41134827642e-18
3.38272405664e-18
3.26358997014e-18
3.34475207869e-18
3.40881113957e-18
3.86196417916e-18
1.64337270333e-08
7.0479496294e-08
1.02249775625e-09
7.53353026565e-12
2.98213306382e-13
2.4893867274e-17
0
0
0
0
0
0
0
0
0
0
0
0
0
0
0
0
0
0
0
0
0
0
0
0
0
0
0
0
0
0
0
0
0
0
0
0
0
0
0
0
0
0
0
0
0
0
0
0
0
0
0
0
0
0
2.84564351041e-15
3.70735982888e-15
3.14010556438e-15
2.84440081626e-15
2.61957680944e-15
2.40095833134e-15
2.23584594555e-15
2.11861174174e-15
2.05034906948e-15
2.02067657931e-15
2.18802662461e-15
1.19192384851e-15
198.948513354
199.981220352
199.996470647
199.999690244
199.999953034
199.999991173
199.999997842
199.999999597
199.999999873
199.999999945
199.999999966
199.999999965
3.81377515728e-18
3.69804532779e-18
3.55458408925e-18
3.39346401989e-18
3.16996380935e-18
3.04621680892e-18
2.83081177415e-18
2.76113702305e-18
2.76113702305e-18
2.76029443148e-18
2.87077296688e-18
0.00602716668392
200
200
200
3.33978774185e-06
1.58727290684e-10
1.61332883103e-12
4.062614954e-18
0
0
0
0
0
0
0
0
0
0
0
0
0
0
0
0
0
0
0
0
0
0
0
0
0
0
0
0
0
0
0
0
0
0
0
0
0
0
0
0
0
0
0
0
0
0
0
0
0
0
0
0
0
2.01703158412e-15
4.05463753584e-15
199.985531037
199.992712922
199.99468772
199.995697053
199.996514613
199.997459153
199.998349143
199.999114061
199.999579496
199.999816815
199.999938308
199.999980835
199.999993661
199.999997488
199.999999378
199.999999814
199.999999936
199.999999974
199.999999989
199.999999995
199.999999996
199.999999995
3.00027501712e-18
2.95573163696e-18
2.87208791481e-18
2.76352318425e-18
2.64392580416e-18
2.48552086265e-18
2.43029669774e-18
2.32345680033e-18
2.26666747008e-18
2.29941657563e-18
2.46473398776e-18
200
200
200
200
200
200
2.86502608431e-09
1.30679634047e-12
1.05632336213e-20
0
0
0
0
0
0
0
0
0
0
0
0
0
0
0
0
0
0
0
0
0
0
0
0
0
0
0
0
0
0
0
0
0
0
0
0
0
0
0
0
0
0
0
0
0
0
0
0
0
0
0
0
199.999749785
199.999987894
199.999995434
199.99999704
199.9999969
199.999996006
199.999995891
199.999995891
199.999995891
199.999996823
199.99999803
199.999998909
199.999999473
199.999999759
199.999999882
199.999999946
199.999999972
199.999999987
199.999999995
199.999999998
199.999999999
199.999999999
199.999999999
199.999999999
2.52475006486e-18
2.45069449727e-18
2.40272072601e-18
2.32887976476e-18
2.22112945049e-18
2.129925254e-18
2.02979311236e-18
1.98483094911e-18
1.95233452667e-18
1.9711106116e-18
2.01081380896e-18
2.23508015708e-18
200
200
200
200
200
200
2.31976297523e-09
2.73448742618e-14
0
0
0
0
0
0
0
0
0
0
0
0
0
0
0
0
0
0
0
0
0
0
0
0
0
0
0
0
0
0
0
0
0
0
0
0
0
0
0
0
0
0
0
0
0
0
0
0
0
0
0
199.99996958
199.999999873
199.999999974
199.999999986
199.999999989
199.99999999
199.999999986
199.999999985
199.999999981
199.999999976
199.999999973
199.999999971
199.999999974
199.999999979
199.999999987
199.999999993
199.999999997
199.999999998
199.999999999
199.999999999
200
200
200
200
200
2.12910568507e-18
2.09984674166e-18
2.0314180442e-18
1.94573300198e-18
1.88797831547e-18
1.7758454159e-18
1.72074332509e-18
1.66787648226e-18
1.6328724369e-18
1.63523410444e-18
1.6989277161e-18
1.85564245178e-18
2.33372167202e-18
200
200
200
200
200
200
1.32533177581e-10
1.72682162678e-14
0
0
0
0
0
0
0
0
0
0
0
0
0
0
0
0
0
0
0
0
0
0
0
0
0
0
0
0
0
0
0
0
0
0
0
0
0
0
0
0
0
0
0
0
0
0
0
0
0
199.999948483
199.999999956
199.999999999
200
200
200
200
200
200
200
200
199.999999999
199.999999999
199.999999999
199.999999999
199.999999999
199.999999999
200
200
200
200
200
200
200
200
200
1.78953943842e-18
1.73687063338e-18
1.70386145467e-18
1.64505467573e-18
1.56694893052e-18
1.52695843427e-18
1.45115523461e-18
1.41013270747e-18
1.38814420696e-18
1.38634034446e-18
1.41830876276e-18
1.52527930123e-18
1.83059997797e-18
2.3153398535e-16
199.999999999
200
200
200
200
0.00211473886524
6.58650998852e-12
3.06692508914e-17
0
0
0
0
0
0
0
0
0
0
0
0
0
0
0
0
0
0
0
0
0
0
0
0
0
0
0
0
0
0
0
0
0
0
0
0
0
0
0
0
0
0
0
0
0
0
0
0
199.999999945
200
200
200
200
200
200
200
200
200
200
200
200
200
200
200
200
200
200
200
200
200
200
200
200
200
1.50229174758e-18
1.47394970663e-18
1.44373996184e-18
1.39842665848e-18
1.3556815604e-18
1.29528523104e-18
1.25654272802e-18
1.227290848e-18
1.19935207885e-18
1.18371124435e-18
1.20547407755e-18
1.25712669638e-18
1.42406778017e-18
7.77427358261e-17
3.13790861481e-15
199.999994363
200
200
200
200
5.06232440344e-09
1.46244213494e-14
2.76122202531e-18
0
0
0
0
0
0
0
0
0
0
0
0
0
0
0
0
0
0
0
0
0
0
0
0
0
0
0
0
0
0
0
0
0
0
0
0
0
0
0
0
0
0
0
0
0
0
199.999998567
199.999999999
200
200
200
200
200
200
200
200
200
200
200
200
200
200
200
200
200
200
200
200
200
200
200
200
200
1.31942907783e-18
1.29105244566e-18
1.26005474255e-18
1.22722653883e-18
1.18775755183e-18
1.13940836583e-18
1.11662459171e-18
1.07889385794e-18
1.04138340837e-18
1.02997874882e-18
1.03011730402e-18
1.05361582944e-18
1.14205142787e-18
2.18926422315e-18
1.51050186863e-15
2.79365097282e-15
199.999962444
200
200
200
0.50723926623
1.94147129112e-14
1.98763334767e-14
0
0
0
0
0
0
0
0
0
0
0
0
0
0
0
0
0
0
0
0
0
0
0
0
0
0
0
0
0
0
0
0
0
0
0
0
0
0
0
0
0
0
0
0
0
0
199.999999991
200
200
200
200
200
200
200
200
200
200
200
200
200
200
200
200
200
200
200
200
200
200
200
200
200
200
1.18848161916e-18
1.16280075235e-18
1.13695695385e-18
1.1057049741e-18
1.07344149551e-18
1.03198830853e-18
1.00629723866e-18
9.62862993094e-19
9.25252732588e-19
9.09422325207e-19
9.00649162844e-19
9.07406297778e-19
9.4804621016e-19
1.13453374411e-18
3.88524740523e-16
3.9630190947e-15
2.49426104334e-15
3.62301529621e-15
199.999994927
200
200
1.4959711145e-14
2.99095519138e-14
2.02111550577e-14
0
0
0
0
0
0
0
0
0
0
0
0
0
0
0
0
0
0
0
0
0
0
0
0
0
0
0
0
0
0
0
0
0
0
0
0
0
0
0
0
0
0
0
0
199.999980041
200
200
200
200
200
200
200
200
200
200
200
200
200
200
200
200
200
200
200
200
200
200
200
200
200
200
200
1.0991957933e-18
1.07167329375e-18
1.05199936168e-18
1.01943790941e-18
9.83213169578e-19
9.49863518633e-19
9.08368095857e-19
8.68386695778e-19
8.27176508474e-19
8.06861339309e-19
7.82758312873e-19
7.73751148639e-19
7.98999573645e-19
8.78495314431e-19
6.88037679209e-17
2.00086442506e-15
2.38568238926e-15
3.6471783529e-15
5.31501643146e-15
7.10158216263e-15
1.06912800219e-14
1.4644681855e-14
2.33638693903e-14
5.29058544501e-14
2.76850490624e-13
0
0
0
0
0
0
0
0
0
0
0
0
0
0
0
0
0
0
0
0
0
0
0
0
0
0
0
0
0
0
0
0
0
0
0
0
0
0
0
0
0
0
0
199.999999964
200
200
200
200
200
200
200
200
200
200
200
200
200
200
200
200
200
200
200
200
200
200
200
200
200
200
200
1.0353537293e-18
1.00635777071e-18
9.84503499209e-19
9.54079265345e-19
9.15877014176e-19
8.76434608621e-19
8.31015981413e-19
7.85847580847e-19
7.41881702564e-19
7.08165438752e-19
6.76647074042e-19
6.62228846207e-19
6.61009347859e-19
6.9328906021e-19
9.23090388587e-19
3.76678683365e-16
2.19819056734e-15
2.88704329863e-15
6.02038771538e-15
9.10656740214e-15
1.36591566653e-14
1.85717810514e-14
2.85475348153e-14
7.13979013654e-14
2.03287309669e-13
1.44380744748e-14
0
0
0
0
0
0
0
0
0
0
0
0
0
0
0
0
0
0
0
0
0
0
0
0
0
0
0
0
0
0
0
0
0
0
0
0
0
0
0
0
0
0
200
200
200
200
200
200
200
200
200
200
200
200
200
200
200
200
200
200
200
200
200
200
200
200
200
200
200
200
9.97048384796e-19
9.60261957165e-19
9.3615491065e-19
9.03887959945e-19
8.56609602004e-19
8.13995229353e-19
7.6373371231e-19
7.12212089767e-19
6.6700323594e-19
6.26499184451e-19
5.92800435855e-19
5.67081364697e-19
5.47371327921e-19
5.48345883394e-19
5.96595492815e-19
3.24028467914e-17
6.2831156228e-16
1.43774864811e-15
3.24264266556e-15
6.15188110347e-15
1.19913611711e-14
2.08676143905e-14
3.77604389817e-14
4.86495537953e-14
5.02358622401e-14
1.25552171489e-13
0
0
0
0
0
0
0
0
0
0
0
0
0
0
0
0
0
0
0
0
0
0
0
0
0
0
0
0
0
0
0
0
0
0
0
0
0
0
0
0
0
0
200
200
200
200
200
200
200
200
200
200
200
200
200
200
200
200
200
200
200
200
200
200
200
200
200
200
200
200
9.85467598607e-19
9.37577528626e-19
9.06720917799e-19
8.66034533359e-19
8.16765792903e-19
7.62937956159e-19
7.07497340996e-19
6.55010632239e-19
6.04377498675e-19
5.60959009897e-19
5.26270417668e-19
4.95411094255e-19
4.7628599471e-19
4.59478680509e-19
4.59597835151e-19
5.19758642773e-19
8.50895885969e-17
4.18001216071e-16
9.40223730046e-16
2.15240282209e-15
4.12165692691e-15
8.4926571939e-15
1.59342173463e-14
2.61749629867e-14
3.27111383219e-14
5.14630209848e-14
3.3194819072e-13
5.96746884217e-07
0
0
0
0
0
0
0
0
0
0
0
0
0
0
0
0
0
0
0
0
0
0
0
0
0
0
0
0
0
0
0
0
0
0
0
0
0
0
0
199.999999917
200
200
200
200
200
200
200
200
200
200
200
200
200
200
200
200
200
200
200
200
200
200
200
200
200
200
200
200
1.0148914921e-18
9.42847516319e-19
9.00818070484e-19
8.51962403534e-19
7.88998129435e-19
7.28170939102e-19
6.67315108313e-19
6.08146283876e-19
5.57427845994e-19
5.11331645801e-19
4.74130558114e-19
4.45609631508e-19
4.18518933082e-19
3.93014021432e-19
3.82315755705e-19
3.83111729173e-19
7.39229658769e-19
7.114569643e-17
1.8227580531e-16
4.18036402467e-16
8.96615923022e-16
1.90213812822e-15
3.8598088115e-15
8.14886760059e-15
1.53126348715e-14
3.20572298117e-14
4.15104766197e-07
100.594373763
0
0
0
0
0
0
0
0
0
0
0
0
0
0
0
0
0
0
0
0
0
0
0
0
0
0
0
0
0
0
0
0
0
0
0
0
0
0
0
200
200
200
200
200
200
200
200
200
200
200
200
200
200
200
200
200
200
200
200
200
200
200
200
200
200
200
200
200
195.703873309
1.00298529429e-18
9.29979779109e-19
8.51689071483e-19
7.78433780531e-19
7.05763819843e-19
6.3952566095e-19
5.77829190463e-19
5.25042137839e-19
4.77773705687e-19
4.41098023907e-19
4.04871347259e-19
3.73684294668e-19
3.45592821469e-19
3.17008463158e-19
3.01548888687e-19
3.03072786854e-19
4.18072467946e-18
3.55225627845e-17
7.37859985245e-17
1.42867684487e-16
2.53983714419e-16
4.83493732225e-16
1.24799113034e-15
5.13420237594e-15
1.46671531785e-12
1.43283663094e-06
1.40810345969e-14
77.0742778399
0
0
0
0
0
0
0
0
0
0
0
0
0
0
0
0
0
0
0
0
0
0
0
0
0
0
0
0
0
0
0
0
0
0
0
0
0
0
200
200
200
200
200
200
200
200
200
200
200
200
200
200
200
200
200
200
200
200
200
200
200
200
200
200
200
200
200
0.000241385346246
1.16895018606e-18
1.02217411237e-18
8.92576059232e-19
7.88831626397e-19
6.99208170015e-19
6.21667455523e-19
5.55116421055e-19
4.9491040801e-19
4.5289209557e-19
4.10825184211e-19
3.73698766005e-19
3.36820087079e-19
3.01386000699e-19
2.68497281472e-19
2.41588057271e-19
2.24112564768e-19
2.30005307439e-19
3.77960438408e-18
1.18512650707e-17
2.17302203915e-17
3.60363175587e-17
5.24169045473e-17
7.25655007495e-17
1.30219939609e-16
6.28564057756e-16
4.41878482317e-15
5.3721068059e-16
199.999984949
0
0
0
0
0
0
0
0
0
0
0
0
0
0
0
0
0
0
0
0
0
0
0
0
0
0
0
0
0
0
0
0
0
0
0
0
0
199.99992148
200
200
200
200
200
200
200
200
200
200
200
200
200
200
200
200
200
200
200
200
200
200
200
200
200
200
200
200
200
5.62937511293e-13
1.66353500827e-18
1.25187446902e-18
9.87961516571e-19
8.22259940205e-19
7.04612457136e-19
6.14921147776e-19
5.38876804358e-19
4.81582421445e-19
4.31696978229e-19
3.89261981015e-19
3.49948484203e-19
3.09792464664e-19
2.69361143195e-19
2.33340914707e-19
2.03997911041e-19
1.78858229877e-19
1.60405192781e-19
2.06425101782e-19
1.3287411996e-18
2.46603296126e-18
4.27528885382e-18
6.17118447789e-18
5.74765450854e-18
4.10789887997e-18
1.2224488916e-18
1.0678648368e-18
4.64974242391e-19
7.240403858e-18
200
0
0
0
0
0
0
0
0
0
0
0
0
0
0
0
0
0
0
0
0
0
0
0
0
0
0
0
0
0
0
0
0
0
0
0
0
200
200
200
200
200
200
200
200
200
200
200
200
200
200
200
200
200
200
200
200
200
200
200
200
200
200
200
200
200
200
4.16716697125e-12
5.02782761345e-10
82.9655803173
1.16539706051e-18
8.7665642016e-19
7.21141590779e-19
6.13441813284e-19
5.31129655222e-19
4.71475685915e-19
4.2106966423e-19
3.74201539176e-19
3.33593327554e-19
2.92215011786e-19
2.50925005897e-19
2.14297515955e-19
1.81006529066e-19
1.43408746941e-19
9.28567392005e-20
1.0070345912e-19
1.78901819207e-19
3.28430120736e-19
4.61073278274e-19
4.41090043591e-19
2.51582012575e-19
3.27678816817e-19
4.58174223734e-19
7.78341323872e-19
1.3206432786e-18
8.81637792064e-18
1.22638865768e-16
0
0
0
0
0
0
0
0
0
0
0
0
0
0
0
0
0
0
0
0
0
0
0
0
0
0
0
0
0
0
0
0
0
0
0
9.4532960649e-22
200
200
200
200
200
200
200
200
200
200
200
200
200
200
200
200
200
200
200
200
200
200
200
200
200
200
200
200
200
200
1.51375316543e-11
4.90253261097e-13
5.4589254008e-07
199.999999867
0.0311641113682
7.40549992211e-19
6.11527989553e-19
5.26289709599e-19
4.64714414156e-19
4.12732318124e-19
3.67605862271e-19
3.24630079393e-19
2.79623913063e-19
2.38579508896e-19
1.9891029308e-19
1.57002590985e-19
1.11465745449e-19
5.95790729806e-20
1.05631510555e-20
1.88735943968e-20
2.20561685528e-20
2.50395377282e-20
5.59991881472e-20
8.13208626378e-20
1.34112556239e-19
2.7928808037e-19
7.00144483441e-19
2.68496182518e-18
1.49380360697e-17
1.34438697546e-17
4.47787708337e-22
0
0
0
0
0
0
0
0
0
0
0
0
0
0
0
0
0
0
0
0
0
0
0
0
0
0
0
0
0
0
0
0
0
0
200
200
200
200
200
200
200
200
200
200
200
200
200
200
200
200
200
200
200
200
200
200
200
200
200
200
200
200
200
200
200
1.2033186805e-11
1.27821585703e-11
1.31786143906e-11
2.55800220969e-11
5.35056708196e-06
200
199.999999973
5.46364137033e-19
4.71157223263e-19
4.15757654742e-19
3.67493352345e-19
3.23214191717e-19
2.71951528845e-19
2.32775693108e-19
1.92021807005e-19
1.58289997047e-19
1.17057286467e-19
5.61120405187e-20
1.05631510555e-20
1.70539257818e-20
2.15586266546e-20
2.454199583e-20
3.0979435314e-20
7.2574527117e-20
1.02367963819e-19
2.17586601578e-19
6.30130035097e-19
1.32100598665e-18
2.4885839401e-18
1.02005255775e-19
7.25636375418e-17
0
0
0
0
0
0
0
0
0
0
0
0
0
0
0
0
0
0
0
0
0
0
0
0
0
0
0
0
0
0
0
0
0
0
200
200
200
200
200
200
200
200
200
200
200
200
200
200
200
200
200
200
200
200
200
200
200
200
200
200
200
200
200
200
167.923072337
)
;

boundaryField
{
    frontAndBack
    {
        type            empty;
    }
    leftWall
    {
        type            calculated;
        value           uniform 0;
    }
    outlet
    {
        type            calculated;
        value           uniform 0;
    }
    rightWall
    {
        type            calculated;
        value           uniform 0;
    }
    inlet
    {
        type            calculated;
        value           uniform 6.69298352362e-16;
    }
}


// ************************************************************************* //
