/*--------------------------------*- C++ -*----------------------------------*\
| =========                 |                                                 |
| \\      /  F ield         | OpenFOAM: The Open Source CFD Toolbox           |
|  \\    /   O peration     | Version:  v1906                                 |
|   \\  /    A nd           | Web:      www.OpenFOAM.com                      |
|    \\/     M anipulation  |                                                 |
\*---------------------------------------------------------------------------*/
FoamFile
{
    version     2.0;
    format      ascii;
    class       volScalarField;
    location    "434";
    object      alpha;
}
// * * * * * * * * * * * * * * * * * * * * * * * * * * * * * * * * * * * * * //

dimensions      [0 0 -1 0 0 0 0];


internalField   nonuniform List<scalar> 
9216
(
199.999918111
200
200
200
200
200
200
200
200
200
200
200
200
200
200
200
200
200
200
200
200
200
200
200
200
200
200
200
200
200
200
200
200
200
200
200
200
200
200
200
200
200
200
200
200
200
200
200
200
200
200
200
200
200
200
200
200
200
200
200
200
200
200
200
200
200
200
200
200
200
200
200
200
200
200
200
200
200
200
200
200
200
200
199.999999959
192.139541888
174.370621294
156.275691997
133.101624477
106.726517539
83.8009416464
63.2867341408
47.0015848712
33.8732808203
21.9023450085
12.6499087632
1.50262221893
200
200
200
200
200
200
200
200
200
200
200
200
200
200
200
200
200
200
200
200
200
200
200
200
200
200
200
200
200
200
200
200
200
200
200
200
200
200
200
200
200
200
200
200
200
200
200
200
200
200
200
200
200
200
200
200
200
200
200
200
200
200
200
200
200
200
200
200
200
200
200
200
200
200
200
200
200
200
200
200
200
200
200
200
199.999995191
187.601091004
169.686845542
145.500926707
122.81333437
96.5710753187
73.6742506113
58.5624966961
46.2625751552
30.0718281827
19.8436518014
15.0619538988
200
200
200
200
200
200
200
200
200
200
200
200
200
200
200
200
200
200
200
200
200
200
200
200
200
200
200
200
200
200
200
200
200
200
200
200
200
200
200
200
200
200
200
200
200
200
200
200
200
200
200
200
200
200
200
200
200
200
200
200
200
200
200
200
200
200
200
200
200
200
200
200
200
200
200
200
200
200
200
200
200
200
200
200
199.999924753
184.441689938
160.345637784
145.85433571
128.241835492
98.6860178522
71.0208375726
62.5813174043
45.7328090169
35.1847260185
30.8554435014
20.8855247609
200
200
200
200
200
200
200
200
200
200
200
200
200
200
200
200
200
200
200
200
200
200
200
200
200
200
200
200
200
200
200
200
200
200
200
200
200
200
200
200
200
200
200
200
200
200
200
200
200
200
200
200
200
200
200
200
200
200
200
200
200
200
200
200
200
200
200
200
200
200
200
200
200
200
200
200
200
200
200
200
200
200
200
199.999999997
199.442146689
177.676108922
158.234384978
144.240048293
121.050245079
103.519125939
83.7595146123
60.260006257
54.4180260158
45.282339104
39.1564814134
26.9269475388
200
200
200
200
200
200
200
200
200
200
200
200
200
200
200
200
200
200
200
200
200
200
200
200
200
200
200
200
200
200
200
200
200
200
200
200
200
200
200
200
200
200
200
200
200
200
200
200
200
200
200
200
200
200
200
200
200
200
200
200
200
200
200
200
200
200
200
200
200
200
200
200
200
200
200
200
200
200
200
200
200
200
200
199.999999807
191.066784201
168.983562876
149.920175982
137.476822402
128.530568265
105.429728148
90.6171648199
70.0352744068
55.9186800007
54.8878940611
51.2446939452
38.9734593053
200
200
200
200
200
200
200
200
200
200
200
200
200
200
200
200
200
200
200
200
200
200
200
200
200
200
200
200
200
200
200
200
200
200
200
200
200
200
200
200
200
200
200
200
200
200
200
200
200
200
200
200
200
200
200
200
200
200
200
200
200
200
200
200
200
200
200
200
200
200
200
200
200
200
200
200
200
200
200
200
200
200
200
199.999992742
187.71654433
167.28974966
155.376326393
137.408544807
117.858272886
99.4445732016
97.1612007587
84.8304929806
66.6718494928
63.4454539786
62.5943771027
49.8293418115
200
200
200
200
200
200
200
200
200
200
200
200
200
200
200
200
200
200
200
200
200
200
200
200
200
200
200
200
200
200
200
200
200
200
200
200
200
200
200
200
200
200
200
200
200
200
200
200
200
200
200
200
200
200
200
200
200
200
200
200
200
200
200
200
200
200
200
200
200
200
200
200
200
200
200
200
200
200
200
200
200
200
199.999999998
199.943144003
183.361707933
165.813206592
151.002512273
136.980360028
117.644329673
108.962316881
95.0814638532
93.9301216738
84.5198593102
73.6429582399
73.4715650594
60.2408785414
200
200
200
200
200
200
200
200
200
200
200
200
200
200
200
200
200
200
200
200
200
200
200
200
200
200
200
200
200
200
200
200
200
200
200
200
200
200
200
200
200
200
200
200
200
200
200
200
200
200
200
200
200
200
200
200
200
200
200
200
200
200
200
200
200
200
200
200
200
200
200
200
200
200
200
200
200
200
200
200
200
200
199.999999991
199.038698648
179.78619268
164.761448628
146.780779548
132.739832497
120.890690368
114.351480216
105.69379262
96.0312239978
96.5423170542
83.0500608513
83.7448969056
70.5756023743
200
200
200
200
200
200
200
200
200
200
200
200
200
200
200
200
200
200
200
200
200
200
200
200
200
200
200
200
200
200
200
200
200
200
200
200
200
200
200
200
200
200
200
200
200
200
200
200
200
200
200
200
200
200
200
200
200
200
200
200
200
200
200
200
200
200
200
200
200
200
200
200
200
200
200
200
200
200
200
200
200
200
199.999999891
194.965226382
179.732736611
165.513186917
150.394279483
134.256061119
123.073318939
110.813214732
112.889444548
106.965029979
100.643842083
96.0199612466
92.2993192992
79.8477359312
200
200
200
200
200
200
200
200
200
200
200
200
200
200
200
200
200
200
200
200
200
200
200
200
200
200
200
200
200
200
200
200
200
200
200
200
200
200
200
200
200
200
200
200
200
200
200
200
200
200
200
200
200
200
200
200
200
200
200
200
200
200
200
200
200
200
200
200
200
200
200
200
200
200
200
200
200
200
200
200
200
200
199.999995021
191.888696179
178.973288827
165.166991323
149.91544521
137.096164135
126.844507909
119.331662147
112.80277081
113.933113642
109.312990532
107.117326932
100.490210613
89.616161304
200
200
200
200
200
200
200
200
200
200
200
200
200
200
200
200
200
200
200
200
200
200
200
200
200
200
200
200
200
200
200
200
200
200
200
200
200
200
200
200
200
200
200
200
200
200
200
200
200
200
200
200
200
200
200
200
200
200
200
200
200
200
200
200
200
200
200
200
200
200
200
200
200
200
200
200
200
200
200
200
200
200
199.999972437
191.479155602
178.209556925
161.905130157
149.327828108
139.754358296
134.121877425
127.217565518
121.999135026
114.766853375
116.692019385
119.027803048
108.811870967
97.255902327
200
200
200
200
200
200
200
200
200
200
200
200
200
200
200
200
200
200
200
200
200
200
200
200
200
200
200
200
200
200
200
200
200
200
200
200
200
200
200
200
200
200
200
200
200
200
200
200
200
200
200
200
200
200
200
200
200
200
200
200
200
200
200
200
200
200
200
200
200
200
200
200
200
200
200
200
200
200
200
200
200
200
199.999817645
190.983489683
176.783855802
162.804911949
153.077734799
145.054229451
137.406816706
132.341740791
127.561691538
123.956301535
119.192485331
124.68381174
116.370564921
103.264146599
200
200
200
200
200
200
200
200
200
200
200
200
200
200
200
200
200
200
200
200
200
200
200
200
200
200
200
200
200
200
200
200
200
200
200
200
200
200
200
200
200
200
200
200
200
200
200
200
200
200
200
200
200
200
200
200
200
200
200
200
200
200
200
200
200
200
200
200
200
200
200
200
200
200
200
200
200
200
200
200
200
200
199.99580168
190.967116544
176.730867723
166.90005689
157.620563378
148.907160521
141.312200074
136.33216301
131.546736744
128.048286329
125.923576644
128.315978102
122.788413286
108.675466297
200
200
200
200
200
200
200
200
200
200
200
200
200
200
200
200
200
200
200
200
200
200
200
200
200
200
200
200
200
200
200
200
200
200
200
200
200
200
200
200
200
200
200
200
200
200
200
200
200
200
200
200
200
200
200
200
200
200
200
200
200
200
188.873803486
109.567401854
39.9522593841
21.9709635344
19.8627570971
26.761306423
46.9334762868
99.3229930786
163.117051083
190.36713744
199.541870803
200
200
200
200
200
200
200
200
200
199.999726869
191.268579708
181.356445843
168.941843865
160.676050571
151.740579203
144.809665981
141.757793706
135.856878899
132.788300525
130.054877137
128.128674417
130.683382922
113.351634506
200
200
200
200
200
200
200
200
200
200
200
200
200
200
200
200
200
200
200
200
200
200
200
200
200
200
200
200
200
200
200
200
200
200
200
200
200
200
200
200
200
200
200
200
200
200
200
200
200
200
200
200
200
200
200
200
200
200
8.08581611135
0.651676728653
0.11678048295
0.0306271569915
0.0109615585128
0.00521277510311
0.0037540675653
0.00404937443914
0.00578581480368
0.00994516546273
0.0198232544794
0.0456925530938
0.119726198651
0.359150839625
1.24236667575
5.03682678622
24.22283938
134.406375458
195.396161371
200
200
200
200
199.999999999
199.999994705
194.253826304
181.60842092
172.601816499
160.685797586
154.337681293
150.203210435
146.191772452
140.249598347
136.760987154
133.316319108
131.466235711
135.94721344
117.375411236
200
200
200
200
200
200
200
200
200
200
200
200
200
200
200
200
200
200
200
200
200
200
200
200
200
200
200
200
200
200
200
200
200
200
200
200
200
200
200
200
200
200
200
200
200
200
200
200
200
200
200
200
200
200
200
200
0.08661578848
0.000757924328416
9.93780161674e-05
2.38354823243e-05
8.14847878051e-06
3.57818474594e-06
2.05612369381e-06
1.7260406974e-06
2.02337163126e-06
2.97815790401e-06
5.14208219542e-06
1.01454129344e-05
2.2388243506e-05
5.62617367241e-05
0.000159517823491
0.000513038711022
0.00187519560034
0.00775399476593
0.0371345389341
0.208939702348
1.38293193373
10.8952569575
104.852427396
194.896159127
199.999638693
199.915504382
199.999998797
193.982882084
182.938305251
172.410593265
163.403949312
160.473096779
155.366949122
148.433316441
142.666545249
139.511455338
137.17620303
134.090431005
137.050621435
120.399819251
200
200
200
200
200
200
200
200
200
200
200
200
200
200
200
200
200
200
200
200
200
200
200
200
200
200
200
200
200
200
200
200
200
200
200
200
200
200
200
200
200
200
200
200
200
200
200
200
200
200
200
200
200
200
0.0158601833845
6.82316022088e-06
3.4623236092e-07
6.30284785496e-08
1.76596288291e-08
6.81258040742e-09
3.37365558227e-09
2.11795438132e-09
1.85752846669e-09
2.19100908765e-09
3.20010563498e-09
5.41464149635e-09
1.03169612473e-08
2.22212088101e-08
5.38682951212e-08
1.44081820848e-07
4.36675878512e-07
1.50141690504e-06
5.77908129818e-06
2.47515441983e-05
0.000120299944673
0.000669286786774
0.00416971807735
0.0298639013173
0.257607969726
2.66378312754
33.6261982796
181.430315392
199.959451037
190.599690317
181.347646308
170.736552709
166.181107697
162.848485169
152.596151897
147.800462885
145.187057813
141.193036439
139.326479136
136.26943108
137.461057531
122.312386744
200
200
200
200
200
200
200
200
200
200
200
200
200
200
200
200
200
200
200
200
200
200
200
200
200
200
200
200
200
200
200
200
200
200
200
200
200
200
200
200
200
200
200
200
200
200
200
200
200
200
200
200
200
9.92168477231e-07
6.80929423673e-09
6.9100201343e-10
1.43564339297e-10
4.17120881079e-11
1.60071441448e-11
7.4734237429e-12
4.55888478298e-12
3.74979863971e-12
4.19312881156e-12
5.9728321797e-12
1.07202875696e-11
2.07705645302e-11
4.46366114004e-11
1.04691409633e-10
2.74854651864e-10
8.05226956931e-10
2.60473870421e-09
9.14279645285e-09
3.56781155336e-08
1.5161128784e-07
7.36160973248e-07
3.95352774658e-06
2.34453101462e-05
0.00015817892718
0.00123810468361
0.0109469836186
0.115284939304
1.50595828485
22.0811476095
165.416801074
179.150820972
169.292795534
167.577346631
160.151439376
154.067583218
150.463770341
147.238135739
144.371799704
139.586413014
138.331747152
136.69747599
123.654862962
200
200
200
200
200
200
200
200
200
200
200
200
200
200
200
200
200
200
200
200
200
200
200
200
200
200
200
200
200
200
200
200
200
200
200
200
200
200
200
200
200
200
200
200
200
200
200
200
200
200
200
200
1.28522439082e-09
3.00113430321e-11
7.15021685833e-13
0
0
0
0
0
0
0
0
0
1.52339762716e-14
5.01370157212e-14
2.54243435677e-13
7.58015874597e-13
2.56704805314e-12
8.68821871882e-12
3.0444950775e-11
1.10953650318e-10
4.36428516593e-10
1.85188331252e-09
8.40290021504e-09
4.19942250726e-08
2.31930934307e-07
1.46764127176e-06
1.01872658695e-05
7.96564006895e-05
0.000732696894238
0.00717895978899
0.0828967176183
1.2141329854
22.4155679754
156.960864201
170.385331066
162.074836275
157.457895811
153.666392737
149.863813954
145.606631626
141.453760749
139.463235937
136.311092514
125.06892865
200
200
200
200
200
200
200
200
200
200
200
200
200
200
200
200
200
200
200
200
200
200
200
200
200
200
200
200
200
200
200
200
200
200
200
200
200
200
200
200
200
200
200
200
200
200
200
200
200
200
200
1.50797907456e-11
0
0
0
0
0
0
0
0
0
0
0
0
0
0
0
1.15068865903e-14
3.16119973151e-14
1.40422130632e-13
5.91793696667e-13
2.40673723227e-12
9.93352428614e-12
4.11994825134e-11
1.75158903534e-10
8.31465027146e-10
4.12116289177e-09
2.26004489414e-08
1.38777177094e-07
9.89693079847e-07
7.16072912112e-06
5.87068362455e-05
0.000569413230676
0.00667743361952
0.100208278909
2.33631256703
69.2519694533
160.323377068
159.487903519
156.006134796
151.899018663
147.943708555
144.747787083
140.009496986
137.824491501
126.380857158
200
200
200
200
200
200
200
200
200
200
200
200
200
200
200
200
200
200
200
200
200
200
200
200
200
200
200
200
200
200
200
200
200
200
200
200
200
200
200
200
200
200
200
200
200
200
200
200
200
200
1.61763450397e-16
0
0
0
0
0
0
0
0
0
0
0
0
0
0
0
0
0
0
1.10905091015e-15
1.78816887379e-14
5.06221935942e-14
2.26682727822e-13
1.24862812282e-12
4.9947524836e-12
2.53748810364e-11
1.15197540516e-10
6.03312245146e-10
3.07724726764e-09
1.82149425567e-08
1.12880610978e-07
8.2856534375e-07
6.66499287895e-06
6.39833381143e-05
0.000784465662054
0.0137157132506
0.30589366356
10.1933338918
146.347019274
156.891472807
153.10655026
149.026651311
146.940443625
141.364455976
139.161525169
127.081945892
200
200
200
200
200
200
200
200
200
200
200
200
200
200
200
200
200
200
200
200
200
200
200
200
200
200
200
200
200
200
200
200
200
200
200
200
200
200
200
200
200
200
200
200
200
200
200
200
200
0
0
0
0
0
0
0
0
0
0
0
0
0
0
0
0
0
0
0
0
0
0
0
1.11130107294e-14
3.27161818776e-14
1.75107532239e-13
8.72329123073e-13
3.60594007558e-12
1.9240690345e-11
9.20401566996e-11
4.92713339254e-10
2.62980783128e-09
1.75188831138e-08
1.23012541455e-07
1.02066449136e-06
1.00268651861e-05
0.000137489420832
0.00227872725094
0.0596564049854
2.16470505567
111.865149898
152.641707322
148.703435757
146.714312619
142.579613831
138.74056163
126.287422359
200
200
200
200
200
200
200
200
200
200
200
200
200
200
200
200
200
200
200
200
200
200
200
200
200
200
200
200
200
200
200
200
200
200
200
200
200
200
200
200
200
200
200
200
200
200
200
200
0
0
0
0
0
0
0
0
0
0
0
0
0
0
0
0
0
0
0
0
0
0
0
0
0
0
8.57129884187e-15
3.24598847912e-14
1.55223169373e-13
7.92248483345e-13
3.66313990698e-12
2.02669195971e-11
1.00473690431e-10
5.7702468947e-10
3.70475478346e-09
2.50730804776e-08
2.07079755145e-07
2.29620261868e-06
2.78749916988e-05
0.00048738753677
0.0130481398465
0.625439648953
55.4977237248
146.92899928
145.557017479
142.349352551
137.002868209
123.907465653
200
200
200
200
200
200
200
200
200
200
200
200
200
200
200
200
200
200
200
200
200
200
200
200
200
200
200
200
200
200
200
200
200
200
200
200
200
200
200
200
200
200
200
200
200
200
200
0
0
0
0
0
0
0
0
0
0
0
0
0
0
0
0
0
0
0
0
0
0
0
0
0
0
0
0
0
8.17024040904e-15
3.6394954434e-14
1.92079791767e-13
1.02426291206e-12
4.99254396486e-12
2.99955458092e-11
1.6314868214e-10
1.02990471037e-09
6.95802686153e-09
5.47556474512e-08
6.07928863221e-07
7.51875469381e-06
0.000150502422706
0.00464162691886
0.256423568734
31.3864204991
143.098093299
141.288788409
135.229323739
120.68304442
200
200
200
200
200
200
200
200
200
200
200
200
200
200
200
200
200
200
200
200
200
200
200
200
200
200
200
200
200
200
200
200
200
200
200
200
200
200
200
200
200
200
200
200
200
200
0
0
0
0
0
0
0
0
0
0
0
0
0
0
0
0
0
0
0
0
0
0
0
0
0
0
0
0
0
0
0
0
1.06870699198e-14
5.02208729387e-14
2.78786297438e-13
1.58140515799e-12
9.25184274641e-12
5.2461964545e-11
3.53262434122e-10
2.36005212637e-09
2.02225863924e-08
1.97452383184e-07
2.9453012765e-06
6.19333163047e-05
0.00217057109747
0.151668585662
32.3846170436
137.770482851
133.504998461
116.898796087
200
200
200
200
200
200
200
200
200
200
200
200
200
200
200
200
200
200
200
200
200
200
200
200
200
200
200
200
200
200
200
200
200
200
200
200
200
200
200
200
200
200
200
200
200
0
0
0
0
0
0
0
0
0
0
0
0
0
0
0
0
0
0
0
0
0
0
0
0
0
0
0
0
0
0
0
0
0
0
0
1.72014686199e-14
8.86010767767e-14
6.90816419115e-13
3.59246026447e-12
2.27379495377e-11
1.55254127152e-10
9.70709584953e-10
8.13164026027e-09
9.21858681145e-08
1.43499887091e-06
3.19880065743e-05
0.00132120017771
0.146175147579
67.4656220488
130.636000917
112.73556729
200
200
200
200
200
200
200
200
200
200
200
200
200
200
200
200
200
200
200
200
200
200
200
200
200
200
200
200
200
200
200
200
200
200
200
200
200
200
200
200
200
200
200
200
200
0
0
0
0
0
0
0
0
0
0
0
0
0
0
0
0
0
0
0
0
0
0
0
0
0
0
0
0
0
0
0
0
0
0
0
0
5.22239344076e-15
3.84762900831e-14
2.82103838986e-13
1.71515574593e-12
1.15621614818e-11
7.65329118317e-11
5.31431783894e-10
4.44745558276e-09
4.85164518462e-08
7.96188618423e-07
1.97621953086e-05
0.00122435593233
0.264973443526
106.212760223
107.988906053
200
200
200
200
200
200
200
200
200
200
200
200
200
200
200
200
200
200
200
200
200
200
200
200
200
200
200
200
200
200
200
200
200
200
200
200
200
200
200
200
200
200
200
200
199.99996958
0
0
0
0
0
0
0
0
0
0
0
0
0
0
0
0
0
0
0
0
0
0
0
0
0
0
0
0
0
0
0
0
0
0
0
0
0
0
1.82342645367e-14
1.53261755255e-13
9.2145627045e-13
6.89304929404e-12
4.32247151978e-11
2.82290741813e-10
2.34519694671e-09
2.98874947804e-08
5.20953441762e-07
1.86055150562e-05
0.00190387789034
1.4507515112
99.7370122684
200
200
200
200
200
200
200
200
200
200
200
200
200
200
200
200
200
200
200
200
200
200
200
200
200
200
200
200
200
200
200
200
200
200
200
200
200
200
200
200
200
200
200
200
0
0
0
0
0
0
0
0
0
0
0
0
0
0
0
0
0
0
0
0
0
0
0
0
0
0
0
0
0
0
0
0
0
0
0
0
0
0
0
0
8.19230630961e-15
9.56455774569e-14
6.65156696576e-13
4.69228556813e-12
2.88396900095e-11
2.31258696742e-10
1.80144894255e-09
2.43375087277e-08
5.67052712268e-07
2.6924964662e-05
0.00773688216109
44.5138068868
199.999999931
200
200
200
200
200
200
200
200
200
200
200
200
200
200
200
200
200
200
200
200
200
200
200
200
200
200
200
200
200
200
200
200
200
200
200
200
200
200
200
200
200
200
200
0
0
0
0
0
0
0
0
0
0
0
7.72621057467e-15
3.86554711405e-14
5.9607994443e-14
1.02276408408e-13
0
0
0
0
0
0
0
0
0
0
0
0
0
0
0
0
0
0
0
0
0
0
0
0
0
0
3.47065095293e-15
6.58775369977e-14
5.89576699035e-13
3.91544556041e-12
2.59964073714e-11
2.02209819092e-10
1.94940270906e-09
2.84629040602e-08
7.76972922492e-07
8.84922282512e-05
0.125361620443
200
200
200
9.81587766833e-18
0
0
0
0
0
0
0
0
0
0
0
0
0
0
0
0
0
0
0
1.22679268511e-12
1.7799128881e-10
200
200
200
200
200
200
200
200
200
200
200
200
200
200
200
200
200
200
199.999999979
0
0
0
0
0
0
0
0
0
2.68061467786e-14
4.44501088926e-13
2.74080840813e-12
1.96068807476e-11
1.29098240032e-10
2.45295091268e-10
3.43839572974e-10
9.24692730179e-12
6.27911017963e-13
0
0
0
0
0
0
0
0
0
0
0
0
0
0
0
0
0
0
0
0
0
0
0
0
6.12529685887e-16
5.53597208883e-14
4.42981294786e-13
3.12811056541e-12
2.51469961826e-11
2.02740206763e-10
1.9745522695e-09
4.01635478429e-08
2.12316691638e-06
0.000839884631047
1.22206024931e-18
6.43189604898e-19
0
0
0
0
0
0
0
0
0
0
0
0
0
0
0
0
0
0
0
0
0
0
0
0
0
0
0
0
7.04476789735e-12
9.64646594134e-10
200
200
200
200
200
200
200
200
200
200
200
0
0
0
0
0
0
0
0
6.69664234968e-15
5.78330370609e-13
2.92661202935e-11
2.56855588932e-09
200
200
200
200
200
200
200
200
199.997176837
5.67078800363
0
0
0
0
0
0
0
0
0
0
0
0
0
0
0
0
0
0
0
0
0
0
2.40703864776e-17
6.43277905749e-14
5.08957601026e-13
4.52597272459e-12
3.42538632661e-11
2.87960978261e-10
3.73136807823e-09
1.00611031204e-07
1.38076647404e-05
0
0
0
0
0
0
0
0
0
0
0
0
0
0
0
0
0
0
0
0
0
0
0
0
0
0
0
0
0
0
0
0
0
0
0
9.66780846023e-12
4.73278401299e-10
200
200
200
200
200
200
0
0
0
0
0
0
0
7.23767947875e-14
1.6869995292e-11
1.28743642313e-08
200
200
200
200
200
200
200
200
200
200
200
200
199.997730916
0
0
0
0
0
0
0
0
0
0
0
0
0
0
0
0
0
0
0
0
0
0
2.31908149378e-15
9.24219839498e-14
8.14660865611e-13
5.79464726741e-12
5.44825496024e-11
5.40588610772e-10
8.61515094798e-09
5.24659780541e-07
0
0
0
0
0
0
0
0
0
0
0
0
0
0
0
0
0
0
0
0
0
0
0
0
0
0
0
0
0
0
0
0
0
0
0
0
0
0
7.95311428915e-14
7.04618971692e-12
8.84068339389e-11
2.05379497397e-10
4.62890718463e-12
0
0
0
0
0
0
7.35216128126e-13
4.69986618551e-10
200
200
200
200
200
200
200
200
200
200
200
200
200
200
200
199.999987069
0
0
0
0
0
0
0
0
0
0
0
0
0
0
0
0
0
0
0
0
0
0
7.27409584756e-15
1.79901390805e-13
1.24838481603e-12
1.01672253173e-11
9.05311073398e-11
1.24329493554e-09
3.63791019292e-08
0
0
0
0
0
0
0
0
0
0
0
0
0
0
0
0
0
0
0
0
0
0
0
0
0
0
0
0
0
0
0
0
0
0
0
0
0
0
0
0
0
0
5.33092959663e-13
0
0
9.47017942428e-17
1.62602571677e-16
1.01544948521e-14
5.87043264332e-12
2.90515643944e-08
200
200
200
200
200
200
200
200
200
200
200
200
200
200
200
200
200
200
0
0
0
0
0
0
0
0
0
0
0
0
0
0
0
0
0
0
0
0
0
0
2.1459148745e-14
3.33143667347e-13
2.79345969708e-12
2.45523820647e-11
2.6482570217e-10
4.28545061013e-09
0
0
0
0
0
0
0
0
0
0
0
0
0
0
0
0
0
0
0
0
0
0
0
0
0
0
0
0
0
0
0
0
0
0
0
0
0
0
0
0
0
0
0
0
1.20396945967e-16
7.86890706148e-16
6.14411819791e-14
1.19429497129e-11
4.41903552804e-06
200
200
200
200
200
200
200
200
200
200
200
200
200
200
200
200
200
200
200
200
0
0
0
0
0
0
0
0
0
0
0
0
0
0
0
0
0
0
0
0
0
0
7.16800277736e-14
6.64197825603e-13
7.63003162903e-12
7.51549117365e-11
8.31184174533e-10
0
0
0
0
0
0
0
0
0
0
0
0
0
0
0
0
0
0
0
0
0
0
0
0
0
0
0
0
0
0
0
0
0
0
0
0
0
0
0
0
0
0
0
0
0
4.11733951282e-14
4.6258985938e-12
200
200
200
200
200
200
200
200
200
200
200
200
200
200
200
200
200
200
200
200
200
200
200
0
0
0
0
0
0
0
0
0
0
0
0
0
0
0
0
0
0
0
0
0
1.03394976885e-14
2.38907536011e-13
1.98871798765e-12
2.23468134286e-11
2.25127297752e-10
0
0
0
0
0
0
0
0
0
0
0
0
0
0
0
0
0
0
0
0
0
0
0
0
0
0
0
0
0
0
0
0
0
0
0
0
0
0
0
0
0
0
0
0
0
0
4.28782737395e-10
200
200
200
200
200
200
200
200
200
200
200
200
200
200
200
200
200
200
200
200
200
200
200
200
0
0
0
0
0
0
0
0
0
0
0
0
0
0
0
0
0
0
0
0
0
6.49755202446e-14
7.67708574636e-13
8.47878636061e-12
7.58242154555e-11
0
0
0
0
0
0
0
0
0
0
0
0
0
0
0
0
0
0
0
0
0
0
0
0
0
0
0
0
0
0
0
0
0
0
0
0
0
0
0
0
0
0
0
0
0
0
0
0
8.95934542129e-18
200
200
200
200
200
200
200
200
200
200
200
200
200
200
200
200
200
200
200
200
200
200
199.999999175
0
0
0
0
0
0
0
0
0
0
0
0
0
0
0
0
0
0
0
0
1.78933551187e-14
3.31086579021e-13
3.69175437087e-12
3.09902528418e-11
0
0
0
0
0
0
0
0
0
0
0
0
0
0
0
0
0
0
0
0
0
0
0
0
0
0
0
0
0
0
0
0
0
0
0
0
0
0
0
0
0
0
0
0
0
0
0
0
0
8.06341087916e-18
1.07966049666e-16
6.20598647659e-11
200
200
200
200
200
200
200
200
200
200
200
200
200
200
200
200
200
200
200
200
194.437432211
0
0
0
0
0
0
0
0
0
0
0
0
0
0
0
0
0
0
0
4.46274036328e-15
1.62069028341e-13
1.81718491047e-12
1.49354957866e-11
0
0
0
0
0
0
0
0
0
0
0
0
0
0
0
0
0
0
0
0
0
0
0
0
0
0
0
0
0
0
0
0
0
0
0
0
0
0
0
0
0
0
0
0
0
0
0
0
0
0
7.25706979124e-18
4.07660171497e-17
5.01323263836e-16
2.28631456582e-10
200
200
200
200
200
200
200
200
200
200
200
200
200
200
200
200
200
200
200
0
0
0
0
0
0
0
0
0
0
0
0
0
0
0
0
0
0
0
0
7.39111668699e-14
9.11489848945e-13
8.24490691078e-12
0
0
0
0
0
0
0
0
0
0
0
0
0
0
0
0
0
0
0
0
0
0
0
0
0
0
0
0
0
0
0
0
0
0
0
0
0
0
0
0
0
0
0
0
0
0
0
0
0
0
0
1.37884326034e-17
3.08111889038e-17
4.30595573109e-16
1.23585251284e-15
4.69398218282e-09
200
200
200
200
200
200
200
200
200
200
200
200
200
200
200
200
200
195.894112507
0
0
0
0
0
0
0
0
0
0
0
0
0
0
0
0
0
0
0
3.62859948295e-14
4.98215930189e-13
5.08733798051e-12
0
0
0
0
0
0
0
0
0
0
0
0
0
0
0
0
0
0
0
0
0
0
0
0
0
0
0
0
0
0
0
0
0
0
0
0
0
0
0
0
0
0
0
0
0
0
0
0
0
0
0
0
1.2409589343e-17
2.77300700134e-17
3.8224561192e-16
8.42153691836e-16
9.4052923529e-11
200
200
200
200
200
200
200
200
200
200
200
200
200
200
200
200
200
0
0
0
0
0
0
0
0
0
0
0
0
0
0
0
0
0
0
0
2.21865789272e-14
3.7497468978e-13
3.43890802909e-12
0
0
0
0
0
0
0
0
0
0
0
0
0
0
0
0
0
0
0
0
0
0
0
0
0
0
0
0
0
0
0
0
0
0
0
0
0
0
0
0
0
0
0
0
0
0
0
0
0
0
0
0
0
1.76999932208e-17
6.05474176651e-17
2.9341702111e-16
4.55220015585e-16
9.1461595211e-12
200
200
200
200
200
200
200
200
200
200
200
200
200
200
200
200
189.577396997
0
0
0
0
0
0
0
0
0
0
0
0
0
0
0
0
0
0
1.31496636711e-14
3.01248891536e-13
2.56640067453e-12
0
0
0
0
0
0
0
0
0
0
0
0
0
0
0
0
0
0
0
0
0
0
0
0
0
0
0
0
0
0
0
0
0
0
0
0
0
0
0
0
0
0
0
0
0
0
0
0
0
0
0
0
0
5.29040387782e-18
1.11686304087e-17
9.26384472354e-17
2.46744858187e-16
4.07637830878e-16
3.96242923845e-16
200
200
200
200
200
200
200
200
200
200
200
200
200
200
200
200
0
0
0
0
0
0
0
0
0
0
0
0
0
0
0
0
0
0
1.08765404527e-14
2.42970438151e-13
2.10932905463e-12
0
0
0
0
0
0
0
0
0
0
0
0
0
0
0
0
0
0
0
0
0
0
0
0
0
0
0
0
0
0
0
0
0
0
0
0
0
0
0
0
0
0
0
0
0
0
0
0
0
0
0
0
0
5.29040387782e-18
1.00517673679e-17
1.00517673679e-17
9.78211409777e-17
2.37682408514e-16
3.58388244259e-16
3.41635010349e-16
200
200
200
200
200
200
200
200
200
200
200
200
200
200
200
0
0
0
0
0
0
0
0
0
0
0
0
0
0
0
0
0
0
1.00279821548e-14
2.37947842255e-13
1.9558451793e-12
0
0
0
0
0
0
0
0
0
0
0
0
0
0
0
0
0
0
0
0
0
0
0
0
0
0
0
0
0
0
0
0
0
0
0
0
0
0
0
0
0
0
0
0
0
0
0
0
0
0
0
0
0
0
1.00517673679e-17
1.00517673679e-17
1.00517673679e-17
1.18634213874e-16
2.72929530221e-16
2.94446314688e-16
1.50647686749e-12
200
200
200
200
200
200
200
200
200
200
200
200
200
200
0
0
0
0
0
0
0
0
0
0
0
0
0
0
0
0
0
0
1.02649283158e-14
2.35513541147e-13
2.00242129422e-12
0
0
0
0
0
0
0
0
0
0
0
0
0
0
0
0
0
0
0
0
0
0
0
0
0
0
0
0
0
0
0
0
0
0
0
0
0
0
0
0
0
0
0
0
0
0
0
0
0
0
0
0
0
0
0
1.00517673679e-17
1.00517673679e-17
1.00517673679e-17
1.41759850426e-16
2.13129514655e-16
2.0597755678e-16
3.21852804174e-11
200
200
200
200
200
200
200
200
200
200
200
200
200
0
0
0
0
0
0
0
0
0
0
0
0
0
0
0
0
0
0
1.42693808474e-14
2.46294588632e-13
2.20936835284e-12
0
0
0
0
0
0
0
0
0
0
0
0
0
0
0
0
0
0
0
0
0
0
0
0
0
0
0
0
0
0
0
0
0
0
0
0
0
0
0
0
0
0
0
0
0
0
0
0
0
0
0
0
0
0
0
0
0
5.29040387782e-18
1.59299938988e-17
1.34467268651e-16
1.77409830396e-16
1.27702018451e-16
200
200
200
200
200
200
200
200
200
200
200
200
200
0
0
0
0
0
0
0
0
0
0
0
0
0
0
0
0
0
0
1.95924230473e-14
3.33547995263e-13
2.60315638625e-12
0
0
0
0
0
0
0
0
0
0
0
0
0
0
0
0
0
0
0
0
0
0
0
0
0
0
0
0
0
0
0
0
0
0
0
0
0
0
0
0
0
0
0
0
0
0
0
0
0
0
0
0
0
0
0
0
0
0
2.77300700134e-17
3.66894154347e-17
3.30204738912e-17
6.67247153174e-17
8.57901727841e-15
200
200
200
200
200
200
200
200
200
200
200
200
0
0
0
0
0
0
0
0
0
0
0
0
0
0
0
0
0
0
2.88143629257e-14
4.30511802115e-13
3.26453746287e-12
0
0
0
0
0
0
0
0
0
0
0
0
0
0
0
0
0
0
0
0
0
0
0
0
0
0
0
0
0
0
0
0
0
0
0
0
0
0
0
0
0
0
0
0
0
0
0
0
0
0
0
0
0
0
0
0
0
0
7.25706979124e-18
3.08111889038e-17
4.66442436806e-17
3.66894154347e-17
1.82713029928e-15
200
200
200
200
200
200
200
200
200
200
200
200
0
0
0
0
0
0
0
0
0
0
0
0
0
0
0
0
0
0
4.91989644504e-14
5.48810172535e-13
4.03192528488e-12
0
0
0
0
0
0
0
0
0
0
0
0
0
0
0
0
0
0
0
0
0
0
0
0
0
0
0
0
0
0
0
0
0
0
0
0
0
0
0
0
0
0
0
0
0
0
0
0
0
0
0
0
0
0
0
0
0
0
0
0
3.42346543376e-17
5.18269374229e-17
7.41818493923e-16
1.55813781162e-14
200
200
200
200
200
200
200
200
200
200
200
5.29040387782e-18
0
0
0
0
0
0
0
0
0
0
0
0
0
0
0
0
2.73511584883e-15
8.59317711065e-14
7.88613190842e-13
4.78252631967e-12
0
0
0
0
0
0
0
0
0
0
0
0
0
0
0
0
0
0
0
0
0
0
0
0
0
0
0
0
0
0
0
0
0
0
0
0
0
0
0
0
0
0
0
0
0
0
0
0
0
0
0
0
0
0
0
0
0
0
0
0
0
3.80385048195e-17
8.3653268244e-16
5.85937960439e-15
200
200
200
200
200
200
200
200
200
200
200
5.29040387782e-18
5.29040387782e-18
0
0
0
0
0
0
0
0
0
0
0
0
0
0
0
8.64079194315e-15
1.4293955324e-13
1.1879066713e-12
1.23501605403e-11
0
0
0
0
0
0
0
0
0
0
0
0
0
0
0
0
0
0
0
0
0
0
0
0
0
0
0
0
0
0
0
0
0
0
0
0
0
0
0
0
0
0
0
0
0
0
0
0
0
0
0
0
0
0
0
0
0
0
0
0
0
0
3.6140745603e-16
1.9442114645e-15
200
200
200
200
200
200
200
200
200
200
199.999999998
5.29040387782e-18
5.29040387782e-18
5.29040387782e-18
0
0
0
0
0
0
0
0
0
0
0
0
0
0
2.19200618286e-14
2.27118403674e-13
1.61821351548e-12
4.00956755191e-11
0
0
0
0
0
0
0
0
0
0
0
0
0
0
0
0
0
0
0
0
0
0
0
0
0
0
0
0
0
0
0
0
0
0
0
0
0
0
0
0
0
0
0
0
0
0
0
0
0
0
0
0
0
0
0
0
0
0
0
0
0
0
0
1.83463507791e-15
200
200
200
200
200
200
200
200
200
200
0
4.76136349004e-18
5.29040387782e-18
5.29040387782e-18
5.29040387782e-18
0
0
0
0
0
0
0
0
0
0
0
0
2.36746560053e-16
4.00712207513e-14
4.09767418887e-13
2.04816365277e-12
7.24270622085e-11
0
0
0
0
0
0
0
0
0
0
0
0
0
0
0
0
0
0
0
0
0
0
0
0
0
0
0
0
0
0
0
0
0
0
0
0
0
0
0
0
0
0
0
0
0
0
0
0
0
0
0
0
0
0
0
0
0
0
0
0
0
0
0
1.67707596387e-15
200
200
200
200
200
200
200
200
200
199.999999999
0
0
4.76136349004e-18
5.29040387782e-18
5.29040387782e-18
0
0
0
0
0
0
0
0
0
0
0
0
7.00728481263e-15
6.79983471593e-14
5.27405413277e-13
2.22678644983e-12
1.20186661471e-10
0
0
0
0
0
0
0
0
0
0
0
0
0
0
0
0
0
0
0
0
0
0
0
0
0
0
0
0
0
0
0
0
0
0
0
0
0
0
0
0
0
0
0
0
0
0
0
0
0
0
0
0
0
0
0
0
0
0
0
0
0
0
0
0
200
200
200
200
200
200
200
200
199.999999999
0
0
0
0
5.29040387782e-18
5.29040387782e-18
5.29040387782e-18
0
0
0
0
0
0
0
0
0
0
0
1.43345753593e-14
1.43365209657e-13
6.99373364161e-13
4.64965481629e-12
1.68483919832e-10
0
0
0
0
0
0
0
0
0
0
0
0
0
0
0
0
0
0
0
0
0
0
0
0
0
0
0
0
0
0
0
0
0
0
0
0
0
0
0
0
0
0
0
0
0
0
0
0
0
0
0
0
0
0
0
0
0
0
0
0
0
0
0
0
200
200
200
200
200
200
200
200
0
0
0
0
0
0
5.29040387782e-18
5.29040387782e-18
0
0
0
0
0
0
0
0
0
0
3.70620034018e-15
2.69999979281e-14
1.64897370932e-13
6.68206457646e-13
1.03300484666e-11
2.61135442838e-10
0
0
0
0
0
0
0
0
0
0
0
0
0
0
0
0
0
0
0
0
0
0
0
0
0
0
0
0
0
0
0
0
0
0
0
0
0
0
0
0
0
0
0
0
0
0
0
0
0
0
0
0
0
0
0
0
0
0
0
0
0
0
0
0
200
200
200
200
200
200
200
0
0
0
0
0
0
0
0
5.29040387782e-18
0
0
0
0
0
0
0
0
0
0
1.03986789591e-14
5.53593106115e-14
1.91955437021e-13
4.66865747943e-13
1.21938106342e-11
3.89282779734e-10
0
0
0
0
0
0
0
0
0
0
0
0
0
0
0
0
0
0
0
0
0
0
0
0
0
0
0
0
0
0
0
0
0
0
0
0
0
0
0
0
0
0
0
0
0
0
0
0
0
0
0
0
0
0
0
0
0
0
0
0
0
0
0
9.29790723448
200
200
200
200
200
200
0
0
0
0
0
0
0
0
0
0
0
0
0
0
0
0
0
0
0
4.10353324429e-15
1.52951730527e-14
6.14872021777e-14
1.13821147301e-13
1.04593030276e-12
1.86685080002e-11
5.51491448525e-10
0
0
0
0
0
0
0
0
0
0
0
0
0
0
0
0
0
0
0
0
0
0
0
0
0
0
0
0
0
0
0
0
0
0
0
0
0
0
0
0
0
0
0
0
0
0
0
0
0
0
0
0
0
0
0
0
0
0
0
0
0
0
0
200
200
200
200
200
199.999999999
0
0
0
0
0
0
0
0
0
0
0
0
0
0
0
0
0
0
0
0
1.13070895691e-14
4.20821643722e-14
7.06899491462e-14
2.02204256122e-14
1.01463888397e-12
3.16616416435e-11
5.94064142973e-10
0
0
0
0
0
0
0
0
0
0
0
0
0
0
0
0
0
0
0
0
0
0
0
0
0
0
0
0
0
0
0
0
0
0
0
0
0
0
0
0
0
0
0
0
0
0
0
0
0
0
0
0
0
0
0
0
0
0
0
0
0
0
0
200
200
200
200
0
0
0
0
0
0
0
0
0
0
0
0
0
0
0
0
0
0
0
0
0
6.38479482226e-15
2.34831603374e-14
7.63680569694e-14
1.29052855671e-13
8.45111312838e-15
2.60907559026e-13
5.29283591735e-11
5.47881227913e-10
0
0
0
0
0
0
0
0
0
0
0
0
0
0
0
0
0
0
0
0
0
0
0
0
0
0
0
0
0
0
0
0
0
0
0
0
0
0
0
0
0
0
0
0
0
0
0
0
0
0
0
0
0
0
0
0
0
0
0
0
0
0
0
200
0
0
0
0
0
0
0
0
0
0
0
0
0
0
0
0
0
0
0
0
0
0
0
4.27009709143e-15
1.10801101093e-14
3.02338041562e-14
7.22896500162e-14
8.18463205883e-14
2.55096299461e-13
1.02483000885e-12
2.67873332066e-11
2.95659729214e-10
0
0
0
0
0
0
0
0
0
0
0
0
0
0
0
0
0
0
0
0
0
0
0
0
0
0
0
0
0
0
0
0
0
0
0
0
0
0
0
0
0
0
0
0
0
0
0
0
0
0
0
0
0
0
0
0
0
0
0
0
0
0
0
0
0
0
0
0
0
0
0
0
0
0
0
0
0
0
0
0
0
0
0
0
0
0
2.88152099404e-15
1.42219318257e-14
2.20079114847e-14
3.07872373477e-14
3.20251746191e-14
1.49936755274e-12
1.86569417105e-12
3.48592164706e-12
1.99908849387e-11
4.72937146076e-10
1.22206024931e-18
0
0
0
0
0
0
0
0
0
0
0
0
0
0
0
0
0
0
0
0
0
0
0
0
0
0
0
0
0
0
0
0
0
0
0
0
0
0
0
0
0
0
0
0
0
0
0
0
0
0
0
0
0
0
0
0
0
0
0
0
0
0
0
0
0
0
0
0
0
0
0
0
0
0
0
0
0
0
0
0
0
0
0
0
2.56139946951e-15
1.55720836035e-14
2.34693504197e-14
2.56141354532e-14
5.09634452557e-14
3.71767877877e-13
4.15140439915e-13
6.26356767531e-13
1.47427516407e-12
8.64781940152e-12
2.76295786015e-10
200
200
2.9427115637e-18
0
0
0
0
0
0
0
0
0
0
0
0
0
0
0
0
0
0
0
0
0
0
0
0
0
0
0
0
0
0
0
0
0
0
0
0
0
0
0
0
0
0
0
0
0
0
0
0
0
0
0
0
0
0
0
0
0
0
0
0
0
0
0
0
0
0
0
0
0
0
0
0
0
0
0
0
0
0
0
0
0
4.06611064431e-15
1.73720049076e-14
1.72231154053e-14
3.19219124158e-14
1.54493090229e-13
1.37426116629e-13
1.48514590846e-13
2.360552337e-13
4.15212136668e-13
1.00942216338e-12
5.64835871235e-12
2.53709665304e-10
200
200
200
200
199.999999989
0
0
0
0
0
0
0
0
0
0
0
0
0
0
0
0
0
0
0
0
0
0
0
0
0
0
0
0
0
0
0
0
0
0
0
0
0
0
0
0
0
0
0
0
0
0
0
0
0
0
0
0
0
0
0
0
0
0
0
0
0
0
0
0
0
0
0
0
0
0
0
0
0
0
1.76999932208e-17
1.96666591343e-17
1.2409589343e-17
1.97887920425e-15
1.36948600013e-14
1.78201492551e-14
1.73919872091e-14
9.00198017552e-14
8.59016554118e-14
8.74729558902e-14
1.01701895753e-13
1.29086892243e-13
1.73007599391e-13
2.43200460763e-13
4.38929256729e-13
2.20475254573e-12
1.79877179775e-10
200
200
200
200
200
27.3884846964
2.01205465531e-17
0
0
0
0
0
0
0
0
0
0
0
0
0
0
0
0
0
0
0
0
0
0
0
0
0
0
0
0
0
0
0
0
0
0
0
0
0
0
0
0
0
0
0
0
0
0
0
0
0
0
0
0
0
0
0
0
0
0
0
0
0
0
0
0
0
0
7.65314246339e-15
9.75943161517e-15
6.41657238373e-14
9.79259807021e-14
2.1739528618e-13
2.86829227286e-13
3.30959033366e-13
3.55126390627e-13
2.42503919342e-13
4.53864108812e-14
1.54265229228e-14
8.65944557265e-14
6.37984972993e-14
6.05588289802e-14
6.800135039e-14
8.00542087949e-14
9.33147436239e-14
1.11533550249e-13
1.38604412959e-13
1.74867443095e-13
2.39211999026e-13
5.15592060893e-13
1.06889116735e-10
200
200
200
200
2.38956768393e-07
1.47444954574e-11
1.09149683835e-10
3.08270810872e-11
5.34192130174e-18
0
0
0
0
0
0
0
0
0
0
0
0
0
0
0
0
0
0
0
0
0
0
0
0
0
0
0
0
0
0
0
0
0
0
0
0
0
0
0
0
0
0
0
0
0
0
0
0
0
0
0
0
0
0
0
0
0
0
0
0
0
0
8.31094088126e-14
4.39869908251e-13
8.97273133235e-13
1.37202945478e-12
1.63581416958e-12
1.76063057375e-12
1.96796984916e-12
1.75697366388e-12
1.57696077843e-12
1.109654188e-12
4.33321767803e-13
1.79774267097e-13
7.96697332671e-14
5.4644364085e-14
5.45546356047e-14
6.0213129392e-14
6.67442671019e-14
7.53004601272e-14
8.5683246676e-14
9.88956326514e-14
1.16304068373e-13
1.38125459048e-13
1.6827831659e-13
2.31818806587e-13
5.04702499568e-11
200
200
200
1.56779535743e-07
2.28204890267e-10
2.49699403052e-11
3.87587241438e-12
2.64851353481e-14
5.53800102157e-14
5.76416992522e-16
0
0
0
0
0
0
0
0
0
0
0
0
0
0
0
0
0
0
0
0
0
0
0
0
0
0
0
0
0
0
0
0
0
0
0
0
0
0
0
0
0
0
0
0
0
0
0
0
0
0
0
0
0
0
0
0
0
0
0
0
0
4.03832406652e-13
1.16796665293e-12
1.26323091859e-12
1.30852026006e-12
1.42173660161e-12
1.5217242598e-12
1.61655688665e-12
1.64839884151e-12
1.57009683698e-12
1.40778894704e-12
1.12834755975e-12
2.40801339003e-13
9.25735034279e-14
6.89341707375e-14
6.21833072988e-14
6.29463229636e-14
6.67130579657e-14
7.29117892607e-14
8.07626111207e-14
9.05374568447e-14
1.0245470288e-13
1.16821994167e-13
1.34271000486e-13
1.60319074579e-13
2.02993066169e-11
200
12.944479459
6.07396043994e-08
3.86466991436e-10
3.58972732774e-11
1.24711708024e-12
6.83810758658e-14
1.73731513806e-14
1.02530013076e-14
2.38298231906e-14
3.26906493489e-14
2.40719254667e-17
0
0
0
0
0
0
0
0
0
0
0
0
0
0
0
0
0
0
0
0
0
0
0
0
0
0
0
0
0
0
0
0
0
0
0
0
0
0
0
0
0
0
0
0
0
0
0
0
0
0
0
0
0
0
0
0
0
0
0
9.26317458458e-13
1.35420891813e-12
1.4138533312e-12
1.45996629898e-12
1.53192374435e-12
1.59512012669e-12
1.6645572845e-12
1.71065248683e-12
1.77287864611e-12
1.79571963463e-12
1.67069346603e-12
7.4417602329e-13
1.51663685985e-13
9.09207529671e-14
7.24040429712e-14
6.8087147119e-14
6.89583736123e-14
7.24911270212e-14
7.80990278729e-14
8.53632699301e-14
9.38671064772e-14
1.03839580294e-13
1.15040805633e-13
1.29864105163e-13
7.54431981709e-12
1.28313983243e-06
2.25263119541e-08
5.30133049174e-10
4.22868228958e-11
2.6202884978e-12
9.59789861594e-14
2.37569504074e-14
1.37252731047e-14
1.13947786996e-14
1.40661338578e-14
1.13890693241e-14
1.92951081726e-14
2.85984789501e-16
0
0
0
0
0
0
0
0
0
0
0
0
0
0
0
0
0
0
0
0
0
0
0
0
0
0
0
0
0
0
0
0
0
0
0
0
0
0
0
0
0
0
0
0
0
0
0
0
0
0
0
0
0
0
0
0
0
0
8.41678668033e-13
1.48691292911e-12
1.50480430415e-12
1.61016354287e-12
1.66712248227e-12
1.70484038504e-12
1.75347016496e-12
1.80355429395e-12
1.88097119097e-12
2.01325590286e-12
2.11525876705e-12
1.37546331754e-12
2.38472951801e-13
1.16594287005e-13
8.60882982444e-14
7.56623908409e-14
7.31163138409e-14
7.41708448945e-14
7.76994882543e-14
8.27419705057e-14
8.89611295694e-14
9.61757469266e-14
1.03885102692e-13
1.13553337716e-13
2.2400739132e-12
6.53896900146e-09
5.7167746718e-10
5.44078779326e-11
4.17661056004e-12
1.24072731599e-13
2.13809026569e-14
1.35469687915e-14
1.02553008296e-14
9.22770117688e-15
9.22649090217e-15
8.51834613227e-15
7.46481435823e-15
1.73635477445e-14
4.59913348778e-15
0
0
0
0
0
0
0
0
0
0
0
0
0
0
0
0
0
0
0
0
0
0
0
0
0
0
0
0
0
0
0
0
0
0
0
0
0
0
0
0
0
0
0
0
0
0
0
0
0
0
0
0
0
0
0
0
0
0
2.27026742397e-12
1.76278142396e-12
1.85934867745e-12
1.88474846176e-12
1.88598855774e-12
1.91144616982e-12
1.94364787588e-12
2.02265838328e-12
2.11668483137e-12
2.30069416792e-12
1.99328032579e-12
5.11590350649e-13
1.51979778916e-13
1.02193437904e-13
8.50542013303e-14
7.89697450773e-14
7.77065092953e-14
7.91152337162e-14
8.2774529286e-14
8.73946995142e-14
9.2726163939e-14
9.82308572285e-14
21.7044109342
86.2118208521
6.86461909482e-10
6.81117597871e-11
6.15094536601e-12
4.31455589017e-14
1.6719170818e-14
1.15181391507e-14
9.22977074664e-15
8.30493105919e-15
7.47236838351e-15
7.4711581088e-15
7.4683191928e-15
8.29813243644e-15
1.17088424122e-14
2.84883468239e-14
1.45593836648e-14
0
0
0
0
0
0
0
0
0
0
0
0
0
0
0
0
0
0
0
0
0
0
0
0
0
0
0
0
0
0
0
0
0
0
0
0
0
0
0
0
0
0
0
0
0
0
0
0
0
0
0
0
0
0
0
0
0
3.80273752738e-12
2.44607978624e-12
2.34680098145e-12
2.2310726783e-12
2.15361773247e-12
2.12337148127e-12
2.13956265713e-12
2.16963452276e-12
2.24722526587e-12
2.36237063234e-12
2.52394485157e-12
9.44540994632e-13
1.99143918629e-13
1.21130059083e-13
9.63076692148e-14
8.62922190489e-14
8.2375426537e-14
8.24584282812e-14
8.43497389505e-14
8.77210959291e-14
9.16406863877e-14
177.3890266
197.807261538
198.898641921
1.12336065898e-10
7.91331392638e-12
1.57114023988e-14
1.23233813065e-14
9.86233520528e-15
8.29688906593e-15
7.07862219815e-15
6.64328570968e-15
6.05163806812e-15
6.05054882088e-15
6.51457813349e-15
7.38431910703e-15
9.75206455999e-15
2.19287222274e-14
5.37934619472e-13
6.83880399429e-14
0
0
0
0
0
0
0
0
0
0
0
0
0
0
0
0
0
0
0
0
0
0
0
0
0
0
0
0
0
0
0
0
0
0
0
0
0
0
0
0
0
0
0
0
0
0
0
0
0
0
0
0
0
0
0
0
4.04786966102e-12
3.32685777281e-12
2.92924703018e-12
2.68696155561e-12
2.49669719173e-12
2.41219329538e-12
2.35934390192e-12
2.34826666429e-12
2.38489421936e-12
2.46181063825e-12
2.83928782303e-12
1.37666789165e-12
2.53891600754e-13
1.42041345461e-13
1.088826415e-13
9.48462692117e-14
8.90217992509e-14
8.72594768813e-14
8.79212349468e-14
190.100832018
199.548263059
199.940645008
199.983478383
199.98655818
1.10228516985e-11
9.81438216255e-15
8.85336348655e-15
7.78608262766e-15
6.74352898641e-15
6.05326158025e-15
5.44647426131e-15
5.28434995503e-15
4.96877634051e-15
5.05693563377e-15
5.44319441683e-15
6.04649963017e-15
8.29332314293e-15
1.34647142167e-10
4.79648421992e-11
1.50668103165e-11
1.17163223936e-13
0
0
0
0
0
0
0
0
0
0
0
0
0
0
0
0
0
0
0
0
0
0
0
0
0
0
0
0
0
0
0
0
0
0
0
0
0
0
0
0
0
0
0
0
0
0
0
0
0
0
0
0
0
0
0
4.26715198183e-12
4.11589420918e-12
3.53623050047e-12
3.19562047874e-12
2.94865865731e-12
2.74725089997e-12
2.61445487333e-12
2.5442075139e-12
2.52667013476e-12
2.55431562622e-12
2.85331264815e-12
1.59159006864e-12
3.04597833397e-13
1.64070468147e-13
1.22550019793e-13
1.04775818484e-13
135.939724226
194.587696786
199.75821515
199.975955296
199.994830336
199.998697424
199.999463358
199.999469032
6.75277570735e-15
6.47253460147e-15
6.08640655332e-15
5.60787700441e-15
5.16037975203e-15
4.83348698525e-15
4.40996780015e-15
4.37296428209e-15
4.21895553166e-15
4.32387659403e-15
4.40668795568e-15
4.9924945492e-15
2.12444468231e-05
9.11112803627e-05
1.32181818314e-06
9.73885490456e-09
3.85510646277e-10
3.21811624625e-14
0
0
0
0
0
0
0
0
0
0
0
0
0
0
0
0
0
0
0
0
0
0
0
0
0
0
0
0
0
0
0
0
0
0
0
0
0
0
0
0
0
0
0
0
0
0
0
0
0
0
0
0
0
0
3.67866170053e-12
4.79263216305e-12
4.05932297318e-12
3.67705522686e-12
3.38641746418e-12
3.10380180291e-12
2.89035531615e-12
2.73880260971e-12
2.65055709438e-12
2.61219844097e-12
2.82853762752e-12
1.54084114733e-12
3.35408874284e-13
175.722899469
195.437483832
199.59956797
199.939286046
199.988588566
199.997210828
199.999479456
199.999835453
199.999928998
199.999956484
199.999954158
4.93019893538e-15
4.78059098561e-15
4.59513368508e-15
4.38684820373e-15
4.09792175824e-15
3.93794973455e-15
3.65948820254e-15
3.5694172441e-15
3.5694172441e-15
3.56832799685e-15
3.71114741729e-15
7.79152664827
200
200
200
0.00431745902425
2.05192253678e-07
2.08560593038e-09
5.25188273957e-15
0
0
0
0
0
0
0
0
0
0
0
0
0
0
0
0
0
0
0
0
0
0
0
0
0
0
0
0
0
0
0
0
0
0
0
0
0
0
0
0
0
0
0
0
0
0
0
0
0
0
0
0
0
2.60748642973e-12
5.24157005544e-12
181.295471632
190.579742606
193.132632359
194.437432211
195.494320091
196.715359346
197.865879835
198.854716621
199.456400323
199.763191044
199.920248682
199.975224752
199.991805568
199.996752389
199.9991954
199.999758984
199.999916821
199.999965896
199.999985354
199.999992892
199.999994871
199.999993995
3.87855919273e-15
3.82097642594e-15
3.71284729591e-15
3.57250191713e-15
3.41789425106e-15
3.21311870929e-15
3.14172852299e-15
3.00361289562e-15
2.93019936598e-15
2.97253526641e-15
3.18624679782e-15
199.999999994
200
200
200
200
200
3.7037182236e-06
1.68934078724e-09
1.36554571274e-17
0
0
0
0
0
0
0
0
0
0
0
0
0
0
0
0
0
0
0
0
0
0
0
0
0
0
0
0
0
0
0
0
0
0
0
0
0
0
0
0
0
0
0
0
0
0
0
0
0
0
0
0
199.676538146
199.984349846
199.994097467
199.996173326
199.995992164
199.994836578
199.99468772
199.99468772
199.99468772
199.995892713
199.997453473
199.99858952
199.999319054
199.999688697
199.999848043
199.999929724
199.999963788
199.999982834
199.999993371
199.999996995
199.999998331
199.999998809
199.99999896
199.999998782
3.2638316546e-15
3.1680974633e-15
3.10608011141e-15
3.01062334913e-15
2.87133079443e-15
2.75342797796e-15
2.62398369828e-15
2.56585955613e-15
2.52385030788e-15
2.54812280171e-15
2.59944849692e-15
2.88936535493e-15
199.999999994
200
200
200
200
200
2.99883776027e-06
3.53496638931e-11
0
0
0
0
0
0
0
0
0
0
0
0
0
0
0
0
0
0
0
0
0
0
0
0
0
0
0
0
0
0
0
0
0
0
0
0
0
0
0
0
0
0
0
0
0
0
0
0
0
0
0
199.96067459
199.999835834
199.9999662
199.999982037
199.999986146
199.999987013
199.999982037
199.999980041
199.99997536
199.99996958
199.999964684
199.999962444
199.999965884
199.999972628
199.999982861
199.999991125
199.999995704
199.999997728
199.999998623
199.999999104
199.999999404
199.999999583
199.999999664
199.999999683
199.999999622
2.75236849289e-15
2.71454444566e-15
2.62608430382e-15
2.51531628879e-15
2.44065480976e-15
2.2956967356e-15
2.22446435869e-15
2.15612156408e-15
2.11087062505e-15
2.11392363429e-15
2.19626256709e-15
2.39885312136e-15
3.01688264996e-15
199.999999971
199.999999998
199.999999999
200
200
200
1.71330218502e-07
2.23232198932e-11
0
0
0
0
0
0
0
0
0
0
0
0
0
0
0
0
0
0
0
0
0
0
0
0
0
0
0
0
0
0
0
0
0
0
0
0
0
0
0
0
0
0
0
0
0
0
0
0
0
199.933402073
199.999942759
199.999998231
199.99999955
199.999999705
199.999999769
199.999999763
199.999999672
199.999999636
199.99999955
199.999999418
199.999999276
199.999999122
199.999998967
199.999998955
199.999999022
199.999999196
199.999999401
199.999999568
199.999999689
199.999999773
199.999999834
199.999999874
199.999999884
199.999999881
199.999999855
2.31339947172e-15
2.24531268741e-15
2.20264058142e-15
2.12661902615e-15
2.02564903028e-15
1.97395193386e-15
1.87595851819e-15
1.82292727977e-15
1.79450198532e-15
1.79217006993e-15
1.83349674898e-15
1.97178126055e-15
2.36647985009e-15
2.99311983797e-13
199.99999906
199.999999992
199.999999998
199.999999999
200
2.73379600843
8.5146090669e-09
3.964720044e-14
0
0
0
0
0
0
0
0
0
0
0
0
0
0
0
0
0
0
0
0
0
0
0
0
0
0
0
0
0
0
0
0
0
0
0
0
0
0
0
0
0
0
0
0
0
0
0
0
199.999929332
199.9999995
199.999999907
199.99999996
199.999999971
199.999999979
199.999999969
199.999999968
199.99999996
199.999999951
199.999999933
199.999999911
199.999999886
199.999999859
199.99999984
199.999999829
199.999999841
199.999999864
199.999999892
199.999999917
199.999999935
199.999999947
199.999999952
199.999999952
199.99999995
199.999999944
1.94206445559e-15
1.90542571986e-15
1.86637253883e-15
1.80779446572e-15
1.75253640033e-15
1.67445997829e-15
1.62437620585e-15
1.58656128971e-15
1.55044387737e-15
1.53022443013e-15
1.55835799665e-15
1.62513112193e-15
1.8409416298e-15
1.00500721096e-13
4.05648290055e-12
199.992712922
199.999999979
199.999999996
199.999999998
199.999999999
6.54424169101e-06
1.89054948428e-11
3.56952712946e-15
0
0
0
0
0
0
0
0
0
0
0
0
0
0
0
0
0
0
0
0
0
0
0
0
0
0
0
0
0
0
0
0
0
0
0
0
0
0
0
0
0
0
0
0
0
0
199.998147723
199.999999315
199.999999971
199.999999997
199.999999998
199.999999998
199.999999998
199.999999997
199.999999996
199.999999995
199.999999993
199.99999999
199.999999985
199.99999998
199.999999974
199.999999968
199.999999964
199.999999964
199.999999965
199.999999968
199.999999971
199.999999975
199.999999978
199.999999979
199.999999978
199.999999977
199.99999998
1.70567156337e-15
1.66898811037e-15
1.6289163084e-15
1.58647815502e-15
1.53545523164e-15
1.47295256813e-15
1.443499196e-15
1.39472337263e-15
1.34623231825e-15
1.33148912075e-15
1.33166823585e-15
1.36204559167e-15
1.47636934576e-15
2.83013751391e-15
1.95267796277e-12
3.61144915052e-12
199.951450111
199.999999925
199.999999991
199.999999997
199.999999998
2.5098070279e-11
2.56948231359e-11
0
0
0
0
0
0
0
0
0
0
0
0
0
0
0
0
0
0
0
0
0
0
0
0
0
0
0
0
0
0
0
0
0
0
0
0
0
0
0
0
0
0
0
0
0
0
199.999988215
199.999999971
199.999999999
200
200
200
200
199.999999999
199.999999999
199.999999999
199.999999998
199.999999997
199.999999996
199.999999995
199.999999993
199.999999991
199.99999999
199.999999989
199.999999989
199.999999988
199.999999989
199.999999989
199.99999999
199.999999989
199.999999989
199.999999989
199.999999992
1.5363912585e-15
1.50319271453e-15
1.46978354315e-15
1.42938302898e-15
1.3876749153e-15
1.33408694803e-15
1.30087521423e-15
1.24472626406e-15
1.19610618063e-15
1.17564166597e-15
1.16430029582e-15
1.17303547765e-15
1.22557209675e-15
1.46665097618e-15
5.02259358012e-13
5.12313173059e-12
3.22441744291e-12
4.68359707104e-12
199.99344163
199.999999985
199.999999993
1.93389355479e-11
3.86651113194e-11
2.61276585638e-11
0
0
0
0
0
0
0
0
0
0
0
0
0
0
0
0
0
0
0
0
0
0
0
0
0
0
0
0
0
0
0
0
0
0
0
0
0
0
0
0
0
0
0
0
199.974198598
199.999999873
200
200
200
200
200
200
200
200
200
200
199.999999999
199.999999999
199.999999998
199.999999998
199.999999997
199.999999997
199.999999996
199.999999996
199.999999995
199.999999995
199.999999995
199.999999995
199.999999995
199.999999996
199.999999997
199.999999998
1.42096838602e-15
1.38538909979e-15
1.35995592794e-15
1.3178626134e-15
1.27103364042e-15
1.22792139421e-15
1.17427882726e-15
1.12259348977e-15
1.06931965658e-15
1.04305753538e-15
1.0118987202e-15
1.00025484774e-15
1.03289435924e-15
1.13566125042e-15
8.89450083879e-14
2.58658658454e-12
3.08405406471e-12
4.71483348941e-12
6.87090540771e-12
9.1804606653e-12
1.38209871343e-11
1.89316862985e-11
3.02032813273e-11
6.83932262728e-11
3.57894196129e-10
0
0
0
0
0
0
0
0
0
0
0
0
0
0
0
0
0
0
0
0
0
0
0
0
0
0
0
0
0
0
0
0
0
0
0
0
0
0
0
0
0
0
0
199.999953635
199.999999999
200
200
200
200
200
200
200
200
200
200
200
200
200
200
199.999999999
199.999999999
199.999999999
199.999999998
199.999999998
199.999999998
199.999999998
199.999999998
199.999999999
199.999999999
199.999999999
199.999999999
1.33843754376e-15
1.3009534661e-15
1.27270169412e-15
1.23337123566e-15
1.18398586545e-15
1.13299730481e-15
1.07428307592e-15
1.01589232366e-15
9.59056113515e-16
9.1546993418e-16
8.74725054964e-16
8.56086113602e-16
8.54509625946e-16
8.96238725566e-16
1.19331084382e-15
4.86945550569e-13
2.84167690751e-12
3.73218063738e-12
7.78276324138e-12
1.17723743691e-11
1.76576638297e-11
2.40083831352e-11
3.690438475e-11
9.2298534335e-11
2.62796530045e-10
1.86645977985e-11
0
0
0
0
0
0
0
0
0
0
0
0
0
0
0
0
0
0
0
0
0
0
0
0
0
0
0
0
0
0
0
0
0
0
0
0
0
0
0
0
0
0
199.999999734
200
200
200
200
200
200
200
200
200
200
200
200
200
200
200
200
200
200
200
200
199.999999999
200
200
200
200
200
200
1.28891890123e-15
1.24136381503e-15
1.21019980295e-15
1.16848720075e-15
1.10736883368e-15
1.05227976156e-15
9.87304961636e-16
9.20701179784e-16
8.62258132196e-16
8.09897145169e-16
7.66333608358e-16
7.33085676319e-16
7.07605830675e-16
7.08865672212e-16
7.71239609634e-16
4.18882797665e-14
8.12240068617e-13
1.85862736054e-12
4.19187622717e-12
7.95274928807e-12
1.55016469618e-11
2.6976286228e-11
4.88142243289e-11
6.28909593348e-11
6.49416350781e-11
1.6230563069e-10
0
0
0
0
0
0
0
0
0
0
0
0
0
0
0
0
0
0
0
0
0
0
0
0
0
0
0
0
0
0
0
0
0
0
0
0
0
0
0
0
0
0
199.999999999
200
200
200
200
200
200
200
200
200
200
200
200
200
200
200
200
200
200
200
200
200
200
200
200
200
200
200
1.27394801873e-15
1.21203887037e-15
1.17214946327e-15
1.11955276813e-15
1.05586136481e-15
9.86276260161e-16
9.14606261123e-16
8.46754878972e-16
7.81299677525e-16
7.25171096704e-16
6.80327954824e-16
6.40435041067e-16
6.15711363994e-16
5.9398396813e-16
5.94138003453e-16
6.71909958395e-16
1.09998251552e-13
5.40364616547e-13
1.21545970639e-12
2.78248550697e-12
5.32820833821e-12
1.09787514285e-11
2.05987133896e-11
3.383727916e-11
4.22868188813e-11
6.65280255934e-11
4.29120897011e-10
0.00077143531853
0
0
0
0
0
0
0
0
0
0
0
0
0
0
0
0
0
0
0
0
0
0
0
0
0
0
0
0
0
0
0
0
0
0
0
0
0
0
0
199.999892291
200
200
200
200
200
200
200
200
200
200
200
200
200
200
200
200
200
200
200
200
200
200
200
200
200
200
200
200
1.31198530263e-15
1.21885156557e-15
1.16451864856e-15
1.10136123963e-15
1.0199651467e-15
9.41331735796e-16
8.62661300388e-16
7.8617171639e-16
7.20606239103e-16
6.61016088205e-16
6.12924956623e-16
5.76054969225e-16
5.41033887218e-16
5.08062806575e-16
4.94232788779e-16
4.95261771187e-16
9.55627724856e-16
9.19725002998e-14
2.35634232283e-13
5.40410103217e-13
1.15908638733e-12
2.45895968901e-12
4.98970823095e-12
1.05343227412e-11
1.97951722448e-11
4.14414887535e-11
0.000536620275704
109.248072972
0
0
0
0
0
0
0
0
0
0
0
0
0
0
0
0
0
0
0
0
0
0
0
0
0
0
0
0
0
0
0
0
0
0
0
0
0
0
0
199.999999826
200
200
200
200
200
200
200
200
200
200
200
200
200
200
200
200
200
200
200
200
200
200
200
200
200
200
200
200
137.426369196
1.29659374929e-15
1.20221699702e-15
1.10100789384e-15
1.0063082478e-15
9.12365278425e-16
8.26736921485e-16
7.46979762091e-16
6.78740115045e-16
6.17634579385e-16
5.70222658175e-16
5.23391181416e-16
4.83074600826e-16
4.46759782686e-16
4.09807794931e-16
3.89822668788e-16
3.91792664609e-16
5.40456726308e-15
4.59212444362e-14
9.53857100562e-14
1.84689992701e-13
3.2833352434e-13
6.25029055352e-13
1.61332126002e-12
6.63716082989e-12
1.89607357549e-09
0.0018522774262
1.82030400104e-11
78.7226491205
0
0
0
0
0
0
0
0
0
0
0
0
0
0
0
0
0
0
0
0
0
0
0
0
0
0
0
0
0
0
0
0
0
0
0
0
0
0
200
200
200
200
200
200
200
200
200
200
200
200
200
200
200
200
200
200
200
200
200
200
200
200
200
200
200
200
200
0.312047178452
1.51114229999e-15
1.32139979751e-15
1.1538639158e-15
1.01974990246e-15
9.03890563354e-16
8.03651002217e-16
7.1761818021e-16
6.39787786656e-16
5.85469262172e-16
5.31087912186e-16
4.83093308423e-16
4.35418965789e-16
3.89612097858e-16
3.47095714004e-16
3.12309229999e-16
2.89718056954e-16
2.97335809035e-16
4.88602519605e-15
1.53205398915e-14
2.80914068138e-14
4.65853929862e-14
6.77611438371e-14
9.38079304066e-14
1.68339815839e-13
8.12566478245e-13
5.71231583731e-12
6.94470810757e-13
199.980543226
0
0
0
0
0
0
0
0
0
0
0
0
0
0
0
0
0
0
0
0
0
0
0
0
0
0
0
0
0
0
0
0
0
0
0
0
0
199.898494243
200
200
200
200
200
200
200
200
200
200
200
200
200
200
200
200
200
200
200
200
200
200
200
200
200
200
200
200
200
7.27728773828e-10
2.15050919063e-15
1.61834138612e-15
1.27717199267e-15
1.06296383888e-15
9.10876872067e-16
7.94929817067e-16
6.96624666527e-16
6.22558237859e-16
5.58069601562e-16
5.03212414271e-16
4.52390498418e-16
4.00479424321e-16
3.48212457905e-16
3.01647863817e-16
2.63715148995e-16
2.31216214423e-16
2.07361335702e-16
2.6685286234e-16
1.71770966497e-15
3.18792602575e-15
5.52681363906e-15
7.97770342724e-15
7.43019160027e-15
5.3104228355e-15
1.58030192536e-15
1.38046577587e-15
6.01088270881e-16
9.35992026807e-15
200
0
0
0
0
0
0
0
0
0
0
0
0
0
0
0
0
0
0
0
0
0
0
0
0
0
0
0
0
0
0
0
0
0
0
0
0
200
200
200
200
200
200
200
200
200
200
200
200
200
200
200
200
200
200
200
200
200
200
200
200
200
200
200
200
200
200
5.38704074518e-09
6.49964649852e-07
3.29354898172
1.50654905181e-15
1.13328404825e-15
9.32244654312e-16
7.93017430249e-16
6.86609659127e-16
6.09492911589e-16
5.44331305517e-16
4.83743260675e-16
4.31247622246e-16
3.77756443575e-16
3.24379426137e-16
2.77029804183e-16
2.33993395021e-16
1.85389442831e-16
1.2003911554e-16
1.30182841533e-16
2.31272563856e-16
4.24572966372e-16
5.96045359764e-16
5.70212341745e-16
3.25228761374e-16
4.23601729833e-16
5.9229765178e-16
1.00618872589e-15
1.70724120266e-15
1.13972363985e-14
1.58539499711e-13
0
0
0
0
0
0
0
0
0
0
0
0
0
0
0
0
0
0
0
0
0
0
0
0
0
0
0
0
0
0
0
0
0
0
0
1.22206024931e-18
200
200
200
200
200
200
200
200
200
200
200
200
200
200
200
200
200
200
200
200
200
200
200
200
200
200
200
200
200
200
1.95688102651e-08
6.33767331908e-10
0.000705694150532
199.999828585
1.22860223827e-15
9.57334565523e-16
7.90543364177e-16
6.80352894169e-16
6.00752381943e-16
5.33553330098e-16
4.75216801219e-16
4.19660521612e-16
3.61479495155e-16
3.0841997555e-16
2.57138209447e-16
2.02962674779e-16
1.44095620974e-16
7.70199264682e-17
1.36553503917e-17
2.43985476763e-17
2.85127712655e-17
3.23694756924e-17
7.23920856369e-17
1.05126289272e-16
1.7337193587e-16
3.61045352628e-16
9.05100968075e-16
3.47094293348e-15
1.9310915429e-14
1.73793550008e-14
5.78870644408e-19
0
0
0
0
0
0
0
0
0
0
0
0
0
0
0
0
0
0
0
0
0
0
0
0
0
0
0
0
0
0
0
0
0
0
199.999999999
200
200
200
200
200
200
200
200
200
200
200
200
200
200
200
200
200
200
200
200
200
200
200
200
200
200
200
200
200
200
1.5555716404e-08
1.65239380866e-08
1.70364502255e-08
3.3068178513e-08
0.0069168629621
199.999999948
199.999964511
7.06303800209e-16
6.09081223914e-16
5.37464287288e-16
4.75071355749e-16
4.17830154685e-16
3.51561138948e-16
3.00917182324e-16
2.48233225458e-16
2.04626949083e-16
1.51323999271e-16
7.25379737973e-17
1.36553503917e-17
2.2046199177e-17
2.78695816606e-17
3.17262860875e-17
4.00481865619e-17
9.38195991039e-17
1.32334604276e-16
2.81281718826e-16
8.14590871267e-16
1.70771008788e-15
3.21707845536e-15
1.31865719054e-16
9.38055217737e-14
0
0
0
0
0
0
0
0
0
0
0
0
0
0
0
0
0
0
0
0
0
0
0
0
0
0
0
0
0
0
0
0
0
0
200
200
200
200
200
200
200
200
200
200
200
200
200
200
200
200
200
200
200
200
200
200
200
200
200
200
200
200
200
200
158.878057703
)
;

boundaryField
{
    frontAndBack
    {
        type            empty;
    }
    leftWall
    {
        type            calculated;
        value           uniform 0;
    }
    outlet
    {
        type            calculated;
        value           uniform 0;
    }
    rightWall
    {
        type            calculated;
        value           uniform 0;
    }
    inlet
    {
        type            calculated;
        value           uniform 8.65225108504e-13;
    }
}


// ************************************************************************* //
