/*--------------------------------*- C++ -*----------------------------------*\
| =========                 |                                                 |
| \\      /  F ield         | OpenFOAM: The Open Source CFD Toolbox           |
|  \\    /   O peration     | Version:  v1906                                 |
|   \\  /    A nd           | Web:      www.OpenFOAM.com                      |
|    \\/     M anipulation  |                                                 |
\*---------------------------------------------------------------------------*/
FoamFile
{
    version     2.0;
    format      ascii;
    class       volScalarField;
    location    "515";
    object      alpha;
}
// * * * * * * * * * * * * * * * * * * * * * * * * * * * * * * * * * * * * * //

dimensions      [0 0 -1 0 0 0 0];


internalField   nonuniform List<scalar> 
9216
(
199.999999984
200
200
200
200
200
200
200
200
200
200
200
200
200
200
200
200
200
200
200
200
200
200
200
200
200
200
200
200
200
200
200
200
200
200
200
200
200
200
200
200
200
200
200
200
200
200
200
200
200
200
200
200
200
200
200
200
200
200
200
200
200
200
200
200
200
200
200
200
200
200
200
200
200
200
200
200
200
200
200
200
200
200
200
196.025532514
177.689064497
158.999685682
135.379173907
108.657149843
85.362102491
64.5131492882
47.9125646888
34.4935718369
22.2680338299
12.7990194289
1.53133972578
200
200
200
200
200
200
200
200
200
200
200
200
200
200
200
200
200
200
200
200
200
200
200
200
200
200
200
200
200
200
200
200
200
200
200
200
200
200
200
200
200
200
200
200
200
200
200
200
200
200
200
200
200
200
200
200
200
200
200
200
200
200
200
200
200
200
200
200
200
200
200
200
200
200
200
200
200
200
200
200
200
200
200
200
199.999999999
190.888469705
172.340546035
147.721924486
124.635756789
98.1090507154
74.9334997581
59.4996283277
46.9176633325
30.5472952427
20.1532382729
15.2019516546
200
200
200
200
200
200
200
200
200
200
200
200
200
200
200
200
200
200
200
200
200
200
200
200
200
200
200
200
200
200
200
200
200
200
200
200
200
200
200
200
200
200
200
200
200
200
200
200
200
200
200
200
200
200
200
200
200
200
200
200
200
200
200
200
200
200
200
200
200
200
200
200
200
200
200
200
200
200
200
200
200
200
200
200
199.999999985
187.698125884
163.075797815
147.9621449
129.887390656
100.1011141
72.2934109293
63.4585324055
46.4289918417
35.7268078311
31.3053802019
21.229864018
200
200
200
200
200
200
200
200
200
200
200
200
200
200
200
200
200
200
200
200
200
200
200
200
200
200
200
200
200
200
200
200
200
200
200
200
200
200
200
200
200
200
200
200
200
200
200
200
200
200
200
200
200
200
200
200
200
200
200
200
200
200
200
200
200
200
200
200
200
200
200
200
200
200
200
200
200
200
200
200
200
200
200
200
199.999890311
180.914835803
160.845276247
146.24574261
122.707688179
104.782171254
84.7829286853
61.2165170118
55.1223612632
45.9276833975
39.8236856554
27.5362818263
200
200
200
200
200
200
200
200
200
200
200
200
200
200
200
200
200
200
200
200
200
200
200
200
200
200
200
200
200
200
200
200
200
200
200
200
200
200
200
200
200
200
200
200
200
200
200
200
200
200
200
200
200
200
200
200
200
200
200
200
200
200
200
200
200
200
200
200
200
200
200
200
200
200
200
200
200
200
200
200
200
200
200
200
194.889895416
172.209865349
152.55808732
139.52296243
130.003291136
106.634436772
91.5499815567
70.9533733555
56.8508699999
55.7177331029
52.0918554565
39.7834485238
200
200
200
200
200
200
200
200
200
200
200
200
200
200
200
200
200
200
200
200
200
200
200
200
200
200
200
200
200
200
200
200
200
200
200
200
200
200
200
200
200
200
200
200
200
200
200
200
200
200
200
200
200
200
200
200
200
200
200
200
200
200
200
200
200
200
200
200
200
200
200
200
200
200
200
200
200
200
200
200
200
200
200
199.999999999
191.3250014
170.310901158
157.747325102
139.379331089
119.471402493
100.789358316
98.1346403269
85.7276483788
67.7341708419
64.5191483436
63.6470505776
50.8581180442
200
200
200
200
200
200
200
200
200
200
200
200
200
200
200
200
200
200
200
200
200
200
200
200
200
200
200
200
200
200
200
200
200
200
200
200
200
200
200
200
200
200
200
200
200
200
200
200
200
200
200
200
200
200
200
200
200
200
200
200
200
200
200
200
200
200
200
200
200
200
200
200
200
200
200
200
200
200
200
200
200
200
200
199.999988821
186.796606997
168.666231086
153.337819558
138.856685151
119.264802049
110.294697505
96.3127052972
94.9652017422
85.6168348222
74.9073655457
74.7127578549
61.4668261951
200
200
200
200
200
200
200
200
200
200
200
200
200
200
200
200
200
200
200
200
200
200
200
200
200
200
200
200
200
200
200
200
200
200
200
200
200
200
200
200
200
200
200
200
200
200
200
200
200
200
200
200
200
200
200
200
200
200
200
200
200
200
200
200
200
200
200
200
200
200
200
200
200
200
200
200
200
200
200
200
200
200
200
199.99976189
183.020247707
167.444478115
149.104238458
134.695181642
122.567640421
115.773619052
106.999957099
97.3365359967
97.7626484351
84.4845802302
85.152684119
71.9652497558
200
200
200
200
200
200
200
200
200
200
200
200
200
200
200
200
200
200
200
200
200
200
200
200
200
200
200
200
200
200
200
200
200
200
200
200
200
200
200
200
200
200
200
200
200
200
200
200
200
200
200
200
200
200
200
200
200
200
200
200
200
200
200
200
200
200
200
200
200
200
200
200
200
200
200
200
200
200
200
200
200
200
200
198.528764728
182.714972647
168.032360333
152.57806231
136.226974973
124.849971933
112.513385527
114.331166802
108.374286706
102.084389236
97.5179953939
93.869460724
81.3897655725
200
200
200
200
200
200
200
200
200
200
200
200
200
200
200
200
200
200
200
200
200
200
200
200
200
200
200
200
200
200
200
200
200
200
200
200
200
200
200
200
200
200
200
200
200
200
200
200
200
200
200
200
200
200
200
200
200
200
200
200
200
200
200
200
200
200
200
200
200
200
200
200
200
200
200
200
200
200
200
200
200
200
199.999999999
195.240016404
181.783695952
167.590179027
152.084533624
139.07538076
128.690392536
121.084565227
114.504600752
115.48942203
110.874872901
108.69111885
102.194731399
91.2628727436
200
200
200
200
200
200
200
200
200
200
200
200
200
200
200
200
200
200
200
200
200
200
200
200
200
200
200
200
200
200
200
200
200
200
200
200
200
200
200
200
200
200
200
200
200
200
200
200
200
200
200
200
200
200
200
200
200
200
200
200
200
200
200
200
200
200
200
200
200
200
200
200
200
200
200
200
200
200
200
200
200
200
199.999999995
194.573297509
180.856056353
164.298505934
151.508778771
141.774963085
135.987546698
129.018627073
123.748194216
116.551103531
118.36851294
120.62044015
110.60096295
99.0066925731
200
200
200
200
200
200
200
200
200
200
200
200
200
200
200
200
200
200
200
200
200
200
200
200
200
200
200
200
200
200
200
200
200
200
200
200
200
200
200
200
200
200
200
200
200
200
200
200
200
200
200
200
200
200
200
200
200
200
200
200
200
200
200
200
200
200
200
200
200
200
200
200
200
200
200
200
200
200
200
200
200
200
199.999999964
193.835010686
179.280885023
165.099843505
155.198549275
147.054255188
139.337013271
134.199020494
129.385525946
125.756573777
121.027108741
126.370028499
118.206495648
105.098966589
200
200
200
200
200
200
200
200
200
200
200
200
200
200
200
200
200
200
200
200
200
200
200
200
200
200
200
200
200
200
200
200
200
200
200
200
200
200
200
200
200
200
200
200
200
200
200
200
200
200
200
200
200
200
200
200
200
200
200
200
200
200
200
200
193.889359537
156.541607557
105.072196455
74.2481003767
87.1073891527
125.618765945
159.507341658
183.174028054
196.362476981
200
200
200
200
200
200
200
200
200
199.999999174
193.553050733
179.041310452
169.028206966
159.643108268
150.868813054
143.237432521
138.215407803
133.423307091
129.920899908
127.78047721
130.08120823
124.650003389
110.564290544
200
200
200
200
200
200
200
200
200
200
200
200
200
200
200
200
200
200
200
200
200
200
200
200
200
200
200
200
200
200
200
200
200
200
200
200
200
200
200
200
200
200
200
200
200
200
200
200
200
200
200
200
200
200
200
200
200
200
200
165.251186143
4.18229456976
0.364176081599
0.0730718383227
0.0215439150548
0.00785569492253
0.00432008575588
0.00390555534231
0.00526199674883
0.00922839101083
0.0195295871735
0.0479306084247
0.135182985738
0.439359350666
1.6817440565
7.74446676744
44.1099269033
170.507305816
198.810480987
200
200
200
200
199.999999946
193.534349991
183.316746313
170.883697607
162.565915938
153.626852085
146.699762193
143.605946303
137.738274826
134.668933762
131.946518406
130.017216162
132.513669384
115.275043098
200
200
200
200
200
200
200
200
200
200
200
200
200
200
200
200
200
200
200
200
200
200
200
200
200
200
200
200
200
200
200
200
200
200
200
200
200
200
200
200
200
200
200
200
200
200
200
200
200
200
200
200
200
200
200
200
200
7.98024509718
0.00158989017266
0.000128137273019
2.29622019156e-05
6.02212754369e-06
2.15533891899e-06
1.02497259332e-06
7.38151232651e-07
7.96216552239e-07
1.13764769945e-06
1.95548855143e-06
3.89778805912e-06
8.98439194354e-06
2.35414093053e-05
7.06187702714e-05
0.000244282895061
0.000990376394731
0.00476286546143
0.0278439611444
0.191439824723
1.60624808381
16.8266376658
154.206282525
198.376246189
199.99049974
199.753263105
196.027852119
183.103097568
174.26293382
162.432706062
156.114095415
152.000076852
147.993234787
142.097524927
138.627817074
135.215538487
133.375044928
137.764203794
119.309525668
200
200
200
200
200
200
200
200
200
200
200
200
200
200
200
200
200
200
200
200
200
200
200
200
200
200
200
200
200
200
200
200
200
200
200
200
200
200
200
200
200
200
200
200
200
200
200
200
200
200
200
200
200
200
200
5.94396988206
1.70310070134e-05
1.4902842518e-07
1.95404062011e-08
4.68670058609e-09
1.60221134847e-09
7.03567912651e-10
4.04289537326e-10
3.39386291331e-10
3.97849595871e-10
5.85586404517e-10
1.01107245539e-09
1.99486262115e-09
4.40213428591e-09
1.10625793467e-08
3.13655191312e-08
1.00877288528e-07
3.68714179959e-07
1.52464512023e-06
7.30165486138e-06
4.10831973998e-05
0.000271921827137
0.00214230223972
0.0206168235342
0.241645677651
3.54381951868
68.3393786307
191.902132824
195.345521778
183.243936417
173.762195289
164.904008498
162.043138908
157.040454531
150.179769309
144.47112608
141.341649619
139.035053678
135.997095455
138.892464088
122.32305758
200
200
200
200
200
200
200
200
200
200
200
200
200
200
200
200
200
200
200
200
200
200
200
200
200
200
200
200
200
200
200
200
200
200
200
200
200
200
200
200
200
200
200
200
200
200
200
200
200
200
200
200
200
200
3.1185410789e-06
1.34161786915e-09
6.80786479068e-11
1.23931038332e-11
3.47236072915e-12
1.33953759164e-12
6.63351946462e-13
4.16447123041e-13
3.65240343579e-13
4.30811654469e-13
6.29227332215e-13
1.06466498681e-12
2.02859365993e-12
4.36929074634e-12
1.05919639838e-11
2.83303834605e-11
8.58622900056e-11
2.95219177573e-10
1.13632371012e-09
4.86682313044e-09
2.36542232934e-08
1.31599886806e-07
8.19879366864e-07
5.87205083171e-06
5.06526952663e-05
0.000523771819474
0.00661182018642
0.102794162491
2.03466889775
44.6848090283
173.406071612
172.246270615
167.302106304
164.19200702
154.246032279
149.505081722
146.903339885
142.964145682
141.134529821
138.137585541
139.303650961
124.207593174
200
200
200
200
200
200
200
200
200
200
200
200
200
200
200
200
200
200
200
200
200
200
200
200
200
200
200
200
200
200
200
200
200
200
200
200
200
200
200
200
200
200
200
200
200
200
200
200
200
200
200
200
200
1.95087161253e-10
1.33889144159e-12
1.35869687773e-13
2.82286325894e-14
8.20172485384e-15
3.14743753973e-15
1.46947726752e-15
8.96400068335e-16
7.37311846403e-16
8.2448255048e-16
1.17442037448e-15
2.10789852506e-15
4.08405484029e-15
8.77676524288e-15
2.05851630862e-14
5.40438595055e-14
1.58329401505e-13
5.12162088668e-13
1.79772109962e-12
7.0152826239e-12
2.98108803467e-11
1.44749160845e-10
7.77370499784e-10
4.60998218154e-09
3.11022558989e-08
2.43444872119e-07
2.15247310053e-06
2.26681375796e-05
0.000296112135689
0.00434175092556
0.0764156652945
1.66142364978
53.404620568
165.284242088
161.249724329
155.645489322
152.056294461
148.838929828
146.021690611
141.337464202
140.130653027
138.533521569
125.504206389
200
200
200
200
200
200
200
200
200
200
200
200
200
200
200
200
200
200
200
200
200
200
200
200
200
200
200
200
200
200
200
200
200
200
200
200
200
200
200
200
200
200
200
200
200
200
200
200
200
200
200
200
2.52709881167e-13
5.90104186121e-15
1.40592605111e-16
0
0
0
0
0
0
0
0
0
2.99541182129e-18
9.85829352091e-18
4.999113686e-17
1.49046425636e-16
5.04751087118e-16
1.70833882057e-15
5.98630087276e-15
2.18164890015e-14
8.58136519612e-14
3.64130353567e-13
1.65223748472e-12
8.25720061303e-12
4.56038955268e-11
2.88577974422e-10
2.00309204033e-09
1.56626031191e-08
1.44068029207e-07
1.41157768879e-06
1.62997370794e-05
0.000238731387805
0.00440750701575
0.110829837461
4.86859099065
135.452271784
158.887781794
155.020070638
151.273834818
147.124530863
143.090607215
141.181627548
138.108259508
126.848763649
200
200
200
200
200
200
200
200
200
200
200
200
200
200
200
200
200
200
200
200
200
200
200
200
200
200
200
200
200
200
200
200
200
200
200
200
200
200
200
200
200
200
200
200
200
200
200
200
200
200
200
2.9650947761e-15
0
0
0
0
0
0
0
0
0
0
0
0
0
0
0
2.2625651704e-18
6.2157737917e-18
2.76107893677e-17
1.16362649066e-16
4.73229643252e-16
1.95319958121e-15
8.10093272772e-15
3.44409785663e-14
1.63488515861e-13
8.10332103937e-13
4.44385961477e-12
2.72873470053e-11
1.94600431166e-10
1.40799304634e-09
1.15433520537e-08
1.1196204405e-07
1.31296407735e-06
1.97036583151e-05
0.000459382249045
0.0136168104932
0.569995646273
49.6919801943
155.259179719
152.952823745
149.225106704
146.213425581
141.627098312
139.521046185
128.066014617
200
200
200
200
200
200
200
200
200
200
200
200
200
200
200
200
200
200
200
200
200
200
200
200
200
200
200
200
200
200
200
200
200
200
200
200
200
200
200
200
200
200
200
200
200
200
200
200
200
200
3.18070701263e-20
0
0
0
0
0
0
0
0
0
0
0
0
0
0
0
0
0
0
2.18069409291e-19
3.51602371405e-18
9.95369261504e-18
4.45719561654e-17
2.4551406493e-16
9.82103448705e-16
4.98938801435e-15
2.26509526137e-14
1.18627507279e-13
6.0507005382e-13
3.58155042951e-12
2.21953815925e-11
1.62918359668e-10
1.31051789123e-09
1.2580855053e-08
1.54247169329e-07
2.69688024163e-06
6.01469688249e-05
0.00200428517765
0.114843569043
11.906171537
148.377612738
150.047881852
148.196267
142.823049552
140.711106483
128.63258206
200
200
200
200
200
200
200
200
200
200
200
200
200
200
200
200
200
200
200
200
200
200
200
200
200
200
200
200
200
200
200
200
200
200
200
200
200
200
200
200
200
200
200
200
200
200
200
200
200
0
0
0
0
0
0
0
0
0
0
0
0
0
0
0
0
0
0
0
0
0
0
0
2.18511852162e-18
6.43288634542e-18
3.44308775802e-17
1.71523502514e-16
7.09025361252e-16
3.78324019166e-15
1.80975845372e-14
9.68807706275e-14
5.17091357182e-13
3.44468631429e-12
2.41875931977e-11
2.00690248462e-10
1.97155292706e-09
2.70341392897e-08
4.48059418191e-07
1.17300629543e-05
0.000425639570245
0.0293563759075
4.15591987951
140.073656241
147.822889453
143.822916735
140.090032471
127.645144353
200
200
200
200
200
200
200
200
200
200
200
200
200
200
200
200
200
200
200
200
200
200
200
200
200
200
200
200
200
200
200
200
200
200
200
200
200
200
200
200
200
200
200
200
200
200
200
200
0
0
0
0
0
0
0
0
0
0
0
0
0
0
0
0
0
0
0
0
0
0
0
0
0
0
1.68534921002e-18
6.38249140527e-18
3.05210739593e-17
1.55777482524e-16
7.20272395388e-16
3.98502462261e-15
1.97558453999e-14
1.13458662742e-13
7.28455005807e-13
4.93004586065e-12
4.07174814673e-11
4.51495548205e-10
5.48097739977e-09
9.58335737937e-08
2.56561725222e-06
0.000122978353424
0.0109123537241
2.21537074218
136.642409376
143.390240773
138.070647917
124.991165608
200
200
200
200
200
200
200
200
200
200
200
200
200
200
200
200
200
200
200
200
200
200
200
200
200
200
200
200
200
200
200
200
200
200
200
200
200
200
200
200
200
200
200
200
200
200
200
0
0
0
0
0
0
0
0
0
0
0
0
0
0
0
0
0
0
0
0
0
0
0
0
0
0
0
0
0
1.6064902733e-18
7.15623254254e-18
3.77680829111e-17
2.0139779531e-16
9.8166919418e-16
5.89793569987e-15
3.20794441582e-14
2.02507125471e-13
1.36813629891e-12
1.07664414552e-11
1.19535259274e-10
1.47839055869e-09
2.95928474661e-08
9.12669410464e-07
5.04198099926e-05
0.00617141928773
2.47574353467
135.728868235
135.92318972
121.407526208
200
200
200
200
200
200
200
200
200
200
200
200
200
200
200
200
200
200
200
200
200
200
200
200
200
200
200
200
200
200
200
200
200
200
200
200
200
200
200
200
200
200
200
200
200
200
0
0
0
0
0
0
0
0
0
0
0
0
0
0
0
0
0
0
0
0
0
0
0
0
0
0
0
0
0
0
0
0
2.10136703655e-18
9.87478211825e-18
5.48169273782e-17
3.10947031823e-16
1.81916255069e-15
1.03154413506e-14
6.94609504653e-14
4.64050088577e-13
3.97630751533e-12
3.88244797148e-11
5.79125902761e-10
1.21777653112e-08
4.26792992742e-07
2.98221466486e-05
0.00636769173006
6.72493473863
131.533084316
117.178881559
200
200
200
200
200
200
200
200
200
200
200
200
200
200
200
200
200
200
200
200
200
200
200
200
200
200
200
200
200
200
200
200
200
200
200
200
200
200
200
200
200
200
200
200
200
0
0
0
0
0
0
0
0
0
0
0
0
0
0
0
0
0
0
0
0
0
0
0
0
0
0
0
0
0
0
0
0
0
0
0
3.38227403857e-18
1.74213683956e-17
1.35833194911e-16
7.06374865753e-16
4.47089595146e-15
3.05271610961e-14
1.90867762558e-13
1.5989004399e-12
1.81262353429e-11
2.82159595422e-10
6.2897073833e-09
2.5978369403e-07
2.87419881213e-05
0.0135558034753
67.1301578156
112.152640962
200
200
200
200
200
200
200
200
200
200
200
200
200
200
200
200
200
200
200
200
200
200
200
200
200
200
200
200
200
200
200
200
200
200
200
200
200
200
200
200
200
200
200
200
200
0
0
0
0
0
0
0
0
0
0
0
0
0
0
0
0
0
0
0
0
0
0
0
0
0
0
0
0
0
0
0
0
0
0
0
0
1.02686381868e-18
7.56547943228e-18
5.54692457877e-17
3.37246015429e-16
2.27343370929e-15
1.50484407178e-14
1.04493864196e-13
8.74490073359e-13
9.53964682606e-12
1.56552219663e-10
3.88578217446e-09
2.40741495707e-07
5.21009466548e-05
0.0969506733866
101.671917377
200
200
200
200
200
200
200
200
200
200
200
200
200
200
200
200
200
200
200
200
200
200
200
200
200
200
200
200
200
200
200
200
200
200
200
200
200
200
200
200
200
200
200
200
199.999999994
0
0
0
0
0
0
0
0
0
0
0
0
0
0
0
0
0
0
0
0
0
0
0
0
0
0
0
0
0
0
0
0
0
0
0
0
0
0
3.58534965345e-18
3.01354068864e-17
1.81183228601e-16
1.35535995147e-15
8.49914825699e-15
5.55059959393e-14
4.61129158417e-13
5.87668994477e-12
1.02433538689e-10
3.65834754808e-09
3.74353894043e-07
0.00028525699062
9.49998226288
200
200
200
200
200
200
200
200
200
200
200
200
200
200
200
200
200
200
200
200
200
200
200
200
200
200
200
200
200
200
200
200
200
200
200
200
200
200
200
200
200
200
200
200
0
0
0
0
0
0
0
0
0
0
0
0
0
0
0
0
0
0
0
0
0
0
0
0
0
0
0
0
0
0
0
0
0
0
0
0
0
0
0
0
1.61082902625e-18
1.88065077864e-17
1.30787799352e-16
9.2263027125e-16
5.67066318319e-15
4.54717154372e-14
3.54213592157e-13
4.78541255704e-12
1.11497902277e-10
5.29417638564e-09
1.52128031921e-06
0.00943997443991
200
200
200
200
200
200
200
200
200
200
200
200
200
200
200
200
200
200
200
200
200
200
200
200
200
200
200
200
200
200
200
200
200
200
200
200
200
200
200
200
200
200
200
200
0
0
0
0
0
0
0
0
0
0
0
1.51918199665e-18
7.60071127511e-18
1.17205441321e-17
2.01103085185e-17
0
0
0
0
0
0
0
0
0
0
0
0
0
0
0
0
0
0
0
0
0
0
0
0
0
0
6.82423860105e-19
1.29533057924e-17
1.1592672736e-16
7.69882511841e-16
5.1115969044e-15
3.97599203053e-14
3.83305304871e-13
5.59657687332e-12
1.52773894049e-10
1.7399965831e-08
2.46494856706e-05
200
200
200
1.93006707375e-21
0
0
0
0
0
0
0
0
0
0
0
0
0
0
0
0
0
0
0
2.41220627219e-16
3.4997902129e-14
200
200
200
200
200
200
200
200
200
200
200
200
200
200
200
200
200
200
200
0
0
0
0
0
0
0
0
0
5.27081357568e-18
8.74009380488e-17
5.3891707321e-16
3.85524313043e-15
2.53842061591e-14
4.82316502922e-14
6.76081610706e-14
1.81819604131e-15
1.23464291423e-16
0
0
0
0
0
0
0
0
0
0
0
0
0
0
0
0
0
0
0
0
0
0
0
0
1.20439905465e-19
1.08852186334e-17
8.71021054096e-17
6.15071154039e-16
4.94457968771e-15
3.98642088686e-14
3.88250388762e-13
7.89723994898e-12
4.17472048435e-10
1.65144037743e-07
2.40290102324e-22
1.26468474908e-22
0
0
0
0
0
0
0
0
0
0
0
0
0
0
0
0
0
0
0
0
0
0
0
0
0
0
0
0
1.38519193294e-15
1.89675614556e-13
200
200
200
200
200
200
200
200
200
200
200
0
0
0
0
0
0
0
0
1.31674103331e-18
1.13715394973e-16
5.75451091218e-15
5.05047568498e-13
200
200
200
200
200
200
200
200
199.999999445
199.96178962
0
0
0
0
0
0
0
0
0
0
0
0
0
0
0
0
0
0
0
0
0
0
4.73288909689e-21
1.26485837243e-17
1.00074831907e-16
8.89928667368e-16
6.7352361014e-15
5.66209178076e-14
7.33687899461e-13
1.97828503109e-11
2.71496039186e-09
0
0
0
0
0
0
0
0
0
0
0
0
0
0
0
0
0
0
0
0
0
0
0
0
0
0
0
0
0
0
0
0
0
0
0
1.9009526621e-15
9.30593361011e-14
200
200
200
200
200
200
0
0
0
0
0
0
0
1.42312356819e-17
3.3170974158e-15
2.53144826556e-12
200
200
200
200
200
200
200
200
200
200
200
200
199.999999554
0
0
0
0
0
0
0
0
0
0
0
0
0
0
0
0
0
0
0
0
0
0
4.55994153934e-19
1.81726621031e-17
1.60184363143e-16
1.13938440074e-15
1.07127430307e-14
1.06294344057e-13
1.6939717203e-12
1.03162305151e-10
0
0
0
0
0
0
0
0
0
0
0
0
0
0
0
0
0
0
0
0
0
0
0
0
0
0
0
0
0
0
0
0
0
0
0
0
0
0
1.56379740477e-17
1.38547150113e-15
1.73831749993e-14
4.03831648013e-14
9.10168366639e-16
0
0
0
0
0
0
1.44563378735e-16
9.24120825686e-14
200
200
200
200
200
200
200
200
200
200
200
200
200
200
200
199.999999997
0
0
0
0
0
0
0
0
0
0
0
0
0
0
0
0
0
0
0
0
0
0
1.43028401138e-18
3.53734798505e-17
2.45466224235e-16
1.99915152566e-15
1.78008646125e-14
2.44465416047e-13
7.15311551129e-12
0
0
0
0
0
0
0
0
0
0
0
0
0
0
0
0
0
0
0
0
0
0
0
0
0
0
0
0
0
0
0
0
0
0
0
0
0
0
0
0
0
0
1.04820496288e-16
0
0
1.86209344767e-20
3.19720640685e-20
1.99664837183e-18
1.15428585567e-15
5.71232341858e-12
200
200
200
200
200
200
200
200
200
200
200
200
200
200
200
200
200
200
0
0
0
0
0
0
0
0
0
0
0
0
0
0
0
0
0
0
0
0
0
0
4.21944912344e-18
6.5505056695e-17
5.4926974086e-16
4.82766246754e-15
5.20718967079e-14
8.42635513428e-13
0
0
0
0
0
0
0
0
0
0
0
0
0
0
0
0
0
0
0
0
0
0
0
0
0
0
0
0
0
0
0
0
0
0
0
0
0
0
0
0
0
0
0
0
2.36732963717e-20
1.54723998596e-19
1.20809983903e-17
2.34830697602e-15
8.68901921825e-10
200
200
200
200
200
200
200
200
200
200
200
200
200
200
200
200
200
200
200
200
0
0
0
0
0
0
0
0
0
0
0
0
0
0
0
0
0
0
0
0
0
0
1.40942324391e-17
1.30599259381e-16
1.50027061425e-15
1.47774886235e-14
1.6343329264e-13
0
0
0
0
0
0
0
0
0
0
0
0
0
0
0
0
0
0
0
0
0
0
0
0
0
0
0
0
0
0
0
0
0
0
0
0
0
0
0
0
0
0
0
0
0
8.09580324213e-18
9.09576796299e-16
200
200
200
200
200
200
200
200
200
200
200
200
200
200
200
200
200
200
200
200
200
200
200
0
0
0
0
0
0
0
0
0
0
0
0
0
0
0
0
0
0
0
0
0
2.03302493389e-18
4.69756841422e-17
3.91035752139e-16
4.39398801198e-15
4.42661165385e-14
0
0
0
0
0
0
0
0
0
0
0
0
0
0
0
0
0
0
0
0
0
0
0
0
0
0
0
0
0
0
0
0
0
0
0
0
0
0
0
0
0
0
0
0
0
0
8.43102849487e-14
200
200
200
200
200
200
200
200
200
200
200
200
200
200
200
200
200
200
200
200
200
200
200
200
0
0
0
0
0
0
0
0
0
0
0
0
0
0
0
0
0
0
0
0
0
1.27759448988e-17
1.50952272655e-16
1.6671587537e-15
1.49090918396e-14
0
0
0
0
0
0
0
0
0
0
0
0
0
0
0
0
0
0
0
0
0
0
0
0
0
0
0
0
0
0
0
0
0
0
0
0
0
0
0
0
0
0
0
0
0
0
0
0
1.76164966438e-21
200
200
200
200
200
200
200
200
200
200
200
200
200
200
200
200
200
200
200
200
200
200
200
0
0
0
0
0
0
0
0
0
0
0
0
0
0
0
0
0
0
0
0
3.51831764011e-18
6.51005774849e-17
7.25898773024e-16
6.09352200978e-15
0
0
0
0
0
0
0
0
0
0
0
0
0
0
0
0
0
0
0
0
0
0
0
0
0
0
0
0
0
0
0
0
0
0
0
0
0
0
0
0
0
0
0
0
0
0
0
0
0
1.58548469794e-21
2.12290458973e-20
1.22026481618e-14
200
200
200
200
200
200
200
200
200
200
200
200
200
200
200
200
200
200
200
200
199.998906249
0
0
0
0
0
0
0
0
0
0
0
0
0
0
0
0
0
0
0
8.7749547467e-19
3.18671550161e-17
3.57307709115e-16
2.93672248391e-15
0
0
0
0
0
0
0
0
0
0
0
0
0
0
0
0
0
0
0
0
0
0
0
0
0
0
0
0
0
0
0
0
0
0
0
0
0
0
0
0
0
0
0
0
0
0
0
0
0
0
1.42693622815e-21
8.01570171178e-21
9.85737147029e-20
4.49551289537e-14
200
200
200
200
200
200
200
200
200
200
200
200
200
200
200
200
200
200
200
0
0
0
0
0
0
0
0
0
0
0
0
0
0
0
0
0
0
0
0
1.45329347388e-17
1.79223560537e-16
1.62117172731e-15
0
0
0
0
0
0
0
0
0
0
0
0
0
0
0
0
0
0
0
0
0
0
0
0
0
0
0
0
0
0
0
0
0
0
0
0
0
0
0
0
0
0
0
0
0
0
0
0
0
0
0
2.71117883348e-21
6.0583131958e-21
8.46667374882e-20
2.43002034423e-19
9.22963871593e-13
200
200
200
200
200
200
200
200
200
200
200
200
200
200
200
200
200
199.999192671
0
0
0
0
0
0
0
0
0
0
0
0
0
0
0
0
0
0
0
7.13480813689e-18
9.79627288529e-17
1.00030826188e-15
0
0
0
0
0
0
0
0
0
0
0
0
0
0
0
0
0
0
0
0
0
0
0
0
0
0
0
0
0
0
0
0
0
0
0
0
0
0
0
0
0
0
0
0
0
0
0
0
0
0
0
0
2.44006095013e-21
5.45248187622e-21
7.51598272291e-20
1.65590196473e-19
1.84933489421e-14
200
200
200
200
200
200
200
200
200
200
200
200
200
200
200
200
200
0
0
0
0
0
0
0
0
0
0
0
0
0
0
0
0
0
0
0
4.36248157459e-18
7.37301672544e-17
6.76182342617e-16
0
0
0
0
0
0
0
0
0
0
0
0
0
0
0
0
0
0
0
0
0
0
0
0
0
0
0
0
0
0
0
0
0
0
0
0
0
0
0
0
0
0
0
0
0
0
0
0
0
0
0
0
0
3.48029746045e-21
1.19052601494e-20
5.76937234201e-20
8.95085689819e-20
1.79838236981e-15
200
200
200
200
200
200
200
200
200
200
200
200
200
200
200
200
199.997950634
0
0
0
0
0
0
0
0
0
0
0
0
0
0
0
0
0
0
2.5855795824e-18
5.92336810017e-17
5.04623794971e-16
0
0
0
0
0
0
0
0
0
0
0
0
0
0
0
0
0
0
0
0
0
0
0
0
0
0
0
0
0
0
0
0
0
0
0
0
0
0
0
0
0
0
0
0
0
0
0
0
0
0
0
0
0
1.04023651032e-21
2.19605485512e-21
1.82152246405e-20
4.85167136853e-20
8.01526243478e-20
7.79120773874e-20
200
200
200
200
200
200
200
200
200
200
200
200
200
200
200
200
0
0
0
0
0
0
0
0
0
0
0
0
0
0
0
0
0
0
2.13862206859e-18
4.77745606064e-17
4.14751150495e-16
0
0
0
0
0
0
0
0
0
0
0
0
0
0
0
0
0
0
0
0
0
0
0
0
0
0
0
0
0
0
0
0
0
0
0
0
0
0
0
0
0
0
0
0
0
0
0
0
0
0
0
0
0
1.04023651032e-21
1.97644936961e-21
1.97644936961e-21
1.92342824246e-20
4.67347909361e-20
7.04688233937e-20
6.71746844241e-20
200
200
200
200
200
200
200
200
200
200
200
200
200
200
200
0
0
0
0
0
0
0
0
0
0
0
0
0
0
0
0
0
0
1.97177255331e-18
4.67869823896e-17
3.84572068793e-16
0
0
0
0
0
0
0
0
0
0
0
0
0
0
0
0
0
0
0
0
0
0
0
0
0
0
0
0
0
0
0
0
0
0
0
0
0
0
0
0
0
0
0
0
0
0
0
0
0
0
0
0
0
0
1.97644936961e-21
1.97644936961e-21
1.97644936961e-21
2.33266955596e-20
5.3665328515e-20
5.78961103806e-20
2.96214103064e-16
200
200
200
200
200
200
200
200
200
200
200
200
200
200
0
0
0
0
0
0
0
0
0
0
0
0
0
0
0
0
0
0
2.01836257807e-18
4.63083329428e-17
3.93730192893e-16
0
0
0
0
0
0
0
0
0
0
0
0
0
0
0
0
0
0
0
0
0
0
0
0
0
0
0
0
0
0
0
0
0
0
0
0
0
0
0
0
0
0
0
0
0
0
0
0
0
0
0
0
0
0
0
1.97644936961e-21
1.97644936961e-21
1.97644936961e-21
2.78738212651e-20
4.19070278358e-20
4.05007594537e-20
6.32849675721e-15
200
200
200
200
200
200
200
200
200
200
200
200
200
0
0
0
0
0
0
0
0
0
0
0
0
0
0
0
0
0
0
2.80574626813e-18
4.84281785109e-17
4.34421582633e-16
0
0
0
0
0
0
0
0
0
0
0
0
0
0
0
0
0
0
0
0
0
0
0
0
0
0
0
0
0
0
0
0
0
0
0
0
0
0
0
0
0
0
0
0
0
0
0
0
0
0
0
0
0
0
0
0
0
1.04023651032e-21
3.13226771441e-21
2.64399024204e-20
3.48835716761e-20
2.51096712279e-20
200
200
200
200
200
200
200
200
200
200
200
200
200
0
0
0
0
0
0
0
0
0
0
0
0
0
0
0
0
0
0
3.85240035547e-18
6.55845585006e-17
5.11850962154e-16
0
0
0
0
0
0
0
0
0
0
0
0
0
0
0
0
0
0
0
0
0
0
0
0
0
0
0
0
0
0
0
0
0
0
0
0
0
0
0
0
0
0
0
0
0
0
0
0
0
0
0
0
0
0
0
0
0
0
5.45248187622e-21
7.2141315406e-21
6.49271838654e-21
1.31198839667e-20
1.68686686343e-18
200
200
200
200
200
200
200
200
200
200
200
200
0
0
0
0
0
0
0
0
0
0
0
0
0
0
0
0
0
0
5.66568319341e-18
8.46502658449e-17
6.41896372491e-16
0
0
0
0
0
0
0
0
0
0
0
0
0
0
0
0
0
0
0
0
0
0
0
0
0
0
0
0
0
0
0
0
0
0
0
0
0
0
0
0
0
0
0
0
0
0
0
0
0
0
0
0
0
0
0
0
0
0
1.42693622815e-21
6.0583131958e-21
9.17152005658e-21
7.2141315406e-21
3.59263241582e-19
200
200
200
200
200
200
200
200
200
200
200
200
0
0
0
0
0
0
0
0
0
0
0
0
0
0
0
0
0
0
9.67384726633e-18
1.07910925496e-16
7.92785576504e-16
0
0
0
0
0
0
0
0
0
0
0
0
0
0
0
0
0
0
0
0
0
0
0
0
0
0
0
0
0
0
0
0
0
0
0
0
0
0
0
0
0
0
0
0
0
0
0
0
0
0
0
0
0
0
0
0
0
0
0
0
6.73145910645e-21
1.01905778406e-20
1.45861582448e-19
3.06372042134e-18
200
200
200
200
200
200
200
200
200
200
200
1.04023651032e-21
0
0
0
0
0
0
0
0
0
0
0
0
0
0
0
0
5.37797762065e-19
1.68965106948e-17
1.55062685681e-16
9.40374044058e-16
0
0
0
0
0
0
0
0
0
0
0
0
0
0
0
0
0
0
0
0
0
0
0
0
0
0
0
0
0
0
0
0
0
0
0
0
0
0
0
0
0
0
0
0
0
0
0
0
0
0
0
0
0
0
0
0
0
0
0
0
0
7.47939900716e-21
1.64484953975e-19
1.15211252923e-18
200
200
200
200
200
200
200
200
200
200
200
1.04023651032e-21
1.04023651032e-21
0
0
0
0
0
0
0
0
0
0
0
0
0
0
0
1.69901343355e-18
2.81057827499e-17
2.33574585018e-16
2.42837563994e-15
0
0
0
0
0
0
0
0
0
0
0
0
0
0
0
0
0
0
0
0
0
0
0
0
0
0
0
0
0
0
0
0
0
0
0
0
0
0
0
0
0
0
0
0
0
0
0
0
0
0
0
0
0
0
0
0
0
0
0
0
0
0
7.1062482099e-20
3.82284565766e-19
200
200
200
200
200
200
200
200
200
200
200
1.04023651032e-21
1.04023651032e-21
1.04023651032e-21
0
0
0
0
0
0
0
0
0
0
0
0
0
0
4.31007710359e-18
4.46576218231e-17
3.18184550588e-16
7.88389441415e-15
0
0
0
0
0
0
0
0
0
0
0
0
0
0
0
0
0
0
0
0
0
0
0
0
0
0
0
0
0
0
0
0
0
0
0
0
0
0
0
0
0
0
0
0
0
0
0
0
0
0
0
0
0
0
0
0
0
0
0
0
0
0
0
3.60738884068e-19
200
200
200
200
200
200
200
200
200
200
0
9.36212859288e-22
1.04023651032e-21
1.04023651032e-21
1.04023651032e-21
0
0
0
0
0
0
0
0
0
0
0
0
4.65507778135e-20
7.87908594529e-18
8.05713589567e-17
4.02724377934e-16
1.42411196167e-14
0
0
0
0
0
0
0
0
0
0
0
0
0
0
0
0
0
0
0
0
0
0
0
0
0
0
0
0
0
0
0
0
0
0
0
0
0
0
0
0
0
0
0
0
0
0
0
0
0
0
0
0
0
0
0
0
0
0
0
0
0
0
0
3.29758500199e-19
200
200
200
200
200
200
200
200
200
200
0
0
9.36212859288e-22
1.04023651032e-21
1.04023651032e-21
0
0
0
0
0
0
0
0
0
0
0
0
1.37782174455e-18
1.33703144391e-17
1.03702170817e-16
4.37846451669e-16
2.36319487516e-14
0
0
0
0
0
0
0
0
0
0
0
0
0
0
0
0
0
0
0
0
0
0
0
0
0
0
0
0
0
0
0
0
0
0
0
0
0
0
0
0
0
0
0
0
0
0
0
0
0
0
0
0
0
0
0
0
0
0
0
0
0
0
0
0
200
200
200
200
200
200
200
200
200
0
0
0
0
1.04023651032e-21
1.04023651032e-21
1.04023651032e-21
0
0
0
0
0
0
0
0
0
0
0
2.81856527271e-18
2.81894783156e-17
1.37515721776e-16
9.14247912256e-16
3.31284962091e-14
0
0
0
0
0
0
0
0
0
0
0
0
0
0
0
0
0
0
0
0
0
0
0
0
0
0
0
0
0
0
0
0
0
0
0
0
0
0
0
0
0
0
0
0
0
0
0
0
0
0
0
0
0
0
0
0
0
0
0
0
0
0
0
0
200
200
200
200
200
200
200
200
0
0
0
0
0
0
1.04023651032e-21
1.04023651032e-21
0
0
0
0
0
0
0
0
0
0
7.28739241361e-19
5.30892995545e-18
3.24232836774e-17
1.31387464876e-16
2.03116696126e-15
5.13462918998e-14
0
0
0
0
0
0
0
0
0
0
0
0
0
0
0
0
0
0
0
0
0
0
0
0
0
0
0
0
0
0
0
0
0
0
0
0
0
0
0
0
0
0
0
0
0
0
0
0
0
0
0
0
0
0
0
0
0
0
0
0
0
0
0
0
200
200
200
200
200
200
200
0
0
0
0
0
0
0
0
1.04023651032e-21
0
0
0
0
0
0
0
0
0
0
2.04466157257e-18
1.08851379619e-17
3.77436314042e-17
9.1798434986e-17
2.39763301907e-15
7.65435247801e-14
0
0
0
0
0
0
0
0
0
0
0
0
0
0
0
0
0
0
0
0
0
0
0
0
0
0
0
0
0
0
0
0
0
0
0
0
0
0
0
0
0
0
0
0
0
0
0
0
0
0
0
0
0
0
0
0
0
0
0
0
0
0
0
11.4578239649
200
200
200
200
200
200
0
0
0
0
0
0
0
0
0
0
0
0
0
0
0
0
0
0
0
8.06865638353e-19
3.00744476387e-18
1.20900472062e-17
2.23803164756e-17
2.05658190435e-16
3.67073366486e-15
1.08438136886e-13
0
0
0
0
0
0
0
0
0
0
0
0
0
0
0
0
0
0
0
0
0
0
0
0
0
0
0
0
0
0
0
0
0
0
0
0
0
0
0
0
0
0
0
0
0
0
0
0
0
0
0
0
0
0
0
0
0
0
0
0
0
0
0
200
200
200
200
200
200
0
0
0
0
0
0
0
0
0
0
0
0
0
0
0
0
0
0
0
0
2.22327967144e-18
8.27449185812e-18
1.38995561989e-17
3.97588264748e-18
1.99505451052e-16
6.22553520958e-15
1.16809080226e-13
0
0
0
0
0
0
0
0
0
0
0
0
0
0
0
0
0
0
0
0
0
0
0
0
0
0
0
0
0
0
0
0
0
0
0
0
0
0
0
0
0
0
0
0
0
0
0
0
0
0
0
0
0
0
0
0
0
0
0
0
0
0
0
200
200
200
200
0
0
0
0
0
0
0
0
0
0
0
0
0
0
0
0
0
0
0
0
0
1.25542337379e-18
4.61742455298e-18
1.50160257924e-17
2.53752823659e-17
1.66171744767e-18
5.13014837782e-17
1.04071471508e-14
1.07728269855e-13
0
0
0
0
0
0
0
0
0
0
0
0
0
0
0
0
0
0
0
0
0
0
0
0
0
0
0
0
0
0
0
0
0
0
0
0
0
0
0
0
0
0
0
0
0
0
0
0
0
0
0
0
0
0
0
0
0
0
0
0
0
0
0
200
0
0
0
0
0
0
0
0
0
0
0
0
0
0
0
0
0
0
0
0
0
0
0
8.39616596332e-19
2.17864936974e-18
5.94478373589e-18
1.42141006626e-17
1.60932006096e-17
5.01588329502e-17
2.01509301878e-16
5.26711431852e-15
5.81347004998e-14
0
0
0
0
0
0
0
0
0
0
0
0
0
0
0
0
0
0
0
0
0
0
0
0
0
0
0
0
0
0
0
0
0
0
0
0
0
0
0
0
0
0
0
0
0
0
0
0
0
0
0
0
0
0
0
0
0
0
0
0
0
0
0
0
0
0
0
0
0
0
0
0
0
0
0
0
0
0
0
0
0
0
0
0
0
0
5.66584973941e-19
2.79641650695e-18
4.32735072236e-18
6.05360367197e-18
6.29701562632e-18
2.94816219474e-16
3.66845941944e-16
6.8542649165e-16
3.9307487419e-15
9.29922360933e-14
2.40290102324e-22
0
0
0
0
0
0
0
0
0
0
0
0
0
0
0
0
0
0
0
0
0
0
0
0
0
0
0
0
0
0
0
0
0
0
0
0
0
0
0
0
0
0
0
0
0
0
0
0
0
0
0
0
0
0
0
0
0
0
0
0
0
0
0
0
0
0
0
0
0
0
0
0
0
0
0
0
0
0
0
0
0
0
0
0
5.0364042278e-19
3.06189286872e-18
4.61470914961e-18
5.03643190464e-18
1.00207919227e-17
7.30996212885e-17
8.16278402336e-17
1.23158683745e-16
2.898823771e-16
1.70039522197e-15
5.43272254629e-14
200
200
5.7861669517e-22
0
0
0
0
0
0
0
0
0
0
0
0
0
0
0
0
0
0
0
0
0
0
0
0
0
0
0
0
0
0
0
0
0
0
0
0
0
0
0
0
0
0
0
0
0
0
0
0
0
0
0
0
0
0
0
0
0
0
0
0
0
0
0
0
0
0
0
0
0
0
0
0
0
0
0
0
0
0
0
0
0
7.99507342898e-19
3.41580608583e-18
3.38653038215e-18
6.27671148385e-18
3.03775206506e-17
2.70216919711e-17
2.92019859506e-17
4.64148443517e-17
8.16419377547e-17
1.9847970267e-16
1.11062011364e-15
4.98861831659e-14
200
200
200
200
200
0
0
0
0
0
0
0
0
0
0
0
0
0
0
0
0
0
0
0
0
0
0
0
0
0
0
0
0
0
0
0
0
0
0
0
0
0
0
0
0
0
0
0
0
0
0
0
0
0
0
0
0
0
0
0
0
0
0
0
0
0
0
0
0
0
0
0
0
0
0
0
0
0
0
3.48029746045e-21
3.86699717828e-21
2.44006095013e-21
3.89101181178e-19
2.69277992874e-18
3.50392338706e-18
3.41973514683e-18
1.77003281035e-17
1.68905891346e-17
1.71995493131e-17
1.99973437896e-17
2.53819748769e-17
3.40179739781e-17
4.7819789274e-17
8.63053651181e-17
4.33513990095e-16
3.53687193069e-14
200
200
200
200
200
19.769311376
3.9562437227e-21
0
0
0
0
0
0
0
0
0
0
0
0
0
0
0
0
0
0
0
0
0
0
0
0
0
0
0
0
0
0
0
0
0
0
0
0
0
0
0
0
0
0
0
0
0
0
0
0
0
0
0
0
0
0
0
0
0
0
0
0
0
0
0
0
0
0
1.50481482945e-18
1.91896825281e-18
1.26167170198e-17
1.92548967504e-17
4.27457939088e-17
5.63983849514e-17
6.50754985591e-17
6.98274547349e-17
4.7682830389e-17
8.92419610325e-18
3.0332717014e-18
1.7026812417e-17
1.25445103487e-17
1.19075039226e-17
1.33709049555e-17
1.57408229535e-17
1.83482028047e-17
2.19305130145e-17
2.72533769031e-17
3.43836695599e-17
4.70355498068e-17
1.01379346182e-16
2.10172917516e-14
200
200
200
200
4.69853645603e-11
2.89916665255e-15
2.14617803929e-14
6.06143802894e-15
1.05036622943e-21
0
0
0
0
0
0
0
0
0
0
0
0
0
0
0
0
0
0
0
0
0
0
0
0
0
0
0
0
0
0
0
0
0
0
0
0
0
0
0
0
0
0
0
0
0
0
0
0
0
0
0
0
0
0
0
0
0
0
0
0
0
0
1.63415579216e-17
8.64903226524e-17
1.76428169659e-16
2.69778104858e-16
3.2164531529e-16
3.46187596694e-16
3.86956106865e-16
3.45468549291e-16
3.10073146577e-16
2.18188030034e-16
8.520278111e-17
3.53484838907e-17
1.56652246645e-17
1.07445601351e-17
1.07269170887e-17
1.18395300322e-17
1.31237283764e-17
1.48061073743e-17
1.68476440691e-17
1.94455565532e-17
2.28685259226e-17
2.71592016081e-17
3.30880690501e-17
4.5581848184e-17
9.92381638576e-15
200
200
200
3.0827097688e-11
4.48712544772e-14
4.90976571277e-15
7.6210136086e-16
5.20769404495e-18
1.0889208064e-17
1.13339173084e-19
0
0
0
0
0
0
0
0
0
0
0
0
0
0
0
0
0
0
0
0
0
0
0
0
0
0
0
0
0
0
0
0
0
0
0
0
0
0
0
0
0
0
0
0
0
0
0
0
0
0
0
0
0
0
0
0
0
0
0
0
0
7.94043750065e-17
2.2965383802e-16
2.48385369593e-16
2.57290479223e-16
2.79551874527e-16
2.99212152842e-16
3.17858812548e-16
3.24119802213e-16
3.08723510016e-16
2.76809388349e-16
2.21863652586e-16
4.73480570387e-17
1.82024549312e-17
1.35543226691e-17
1.2226920303e-17
1.23769498226e-17
1.3117591816e-17
1.43364300672e-17
1.58801140134e-17
1.78021130969e-17
2.01453660346e-17
2.29703641438e-17
2.640131079e-17
3.15230667694e-17
3.99139278679e-15
200
22.0863793847
1.19430492601e-11
7.59898646322e-14
7.05837496464e-15
2.45216953085e-16
1.34455692558e-17
3.41603151344e-18
2.01601740564e-18
4.68558784731e-18
6.4278659596e-18
4.73319170379e-21
0
0
0
0
0
0
0
0
0
0
0
0
0
0
0
0
0
0
0
0
0
0
0
0
0
0
0
0
0
0
0
0
0
0
0
0
0
0
0
0
0
0
0
0
0
0
0
0
0
0
0
0
0
0
0
0
0
0
0
1.82139069661e-16
2.66274105299e-16
2.7800181032e-16
2.87068867161e-16
3.01217647406e-16
3.13643765665e-16
3.272969892e-16
3.36360552874e-16
3.48595899037e-16
3.53087055239e-16
3.28503528475e-16
1.46325136494e-16
2.98211832394e-17
1.78774794829e-17
1.42365934119e-17
1.33877749133e-17
1.3559081609e-17
1.42537164918e-17
1.53563814957e-17
1.67847279853e-17
1.84568122833e-17
2.04176703958e-17
2.2620134296e-17
2.55347959609e-17
1.48341735348e-15
2.52300000598e-10
4.42928227763e-12
1.04238497819e-13
8.31473325999e-15
5.15219598717e-16
1.88720649562e-17
4.67125908689e-18
2.69875996754e-18
2.24052172652e-18
2.76578241206e-18
2.23939910885e-18
3.79394020859e-18
5.62323456405e-20
0
0
0
0
0
0
0
0
0
0
0
0
0
0
0
0
0
0
0
0
0
0
0
0
0
0
0
0
0
0
0
0
0
0
0
0
0
0
0
0
0
0
0
0
0
0
0
0
0
0
0
0
0
0
0
0
0
0
1.65496793944e-16
2.92367303565e-16
2.95885231868e-16
3.16601708218e-16
3.2780137647e-16
3.35217736442e-16
3.44779666633e-16
3.54627561192e-16
3.6984981731e-16
3.95860570032e-16
4.15917092357e-16
2.70453295165e-16
4.68902331308e-17
2.29255907561e-17
1.69272881642e-17
1.4877272743e-17
1.43766451322e-17
1.45839944629e-17
1.52778211989e-17
1.62693096111e-17
1.74921645142e-17
1.89107534455e-17
2.04266213306e-17
2.23276578668e-17
4.40459126399e-16
1.28573818791e-12
1.12407254195e-13
1.06980605605e-14
8.21234615406e-16
2.43960552588e-17
4.20406382593e-18
2.66370051635e-18
2.01646955386e-18
1.81441566508e-18
1.81417769233e-18
1.67493727492e-18
1.46778442961e-18
3.41414317879e-18
9.04314052445e-19
0
0
0
0
0
0
0
0
0
0
0
0
0
0
0
0
0
0
0
0
0
0
0
0
0
0
0
0
0
0
0
0
0
0
0
0
0
0
0
0
0
0
0
0
0
0
0
0
0
0
0
0
0
0
0
0
0
0
4.46395987366e-16
3.46610512027e-16
3.65598246253e-16
3.70592530925e-16
3.70836367339e-16
3.75842022514e-16
3.82173748997e-16
3.97709352023e-16
4.16197495178e-16
4.52378708284e-16
3.91932831231e-16
1.005925017e-16
2.98833356602e-17
2.0093994273e-17
1.67239567381e-17
1.55275880514e-17
1.52792017255e-17
1.55561950533e-17
1.6275711548e-17
1.71841619927e-17
1.82324721172e-17
1.93148437225e-17
197.401042533
199.73623876
1.34976980525e-13
1.33926144296e-14
1.20944224495e-15
8.48358398796e-18
3.28744124434e-18
2.26477772817e-18
1.81482259848e-18
1.63297409857e-18
1.46926975532e-18
1.46903178257e-18
1.46847357489e-18
1.63163730543e-18
2.30227514799e-18
5.60157960892e-18
2.86276866675e-18
0
0
0
0
0
0
0
0
0
0
0
0
0
0
0
0
0
0
0
0
0
0
0
0
0
0
0
0
0
0
0
0
0
0
0
0
0
0
0
0
0
0
0
0
0
0
0
0
0
0
0
0
0
0
0
0
0
7.47721063741e-16
4.80965453596e-16
4.61444555035e-16
4.38689240131e-16
4.23459502587e-16
4.17512271426e-16
4.20695894579e-16
4.26608836819e-16
4.41865275782e-16
4.64505969568e-16
4.96275831726e-16
1.85722309828e-16
3.91570813401e-17
2.38174462414e-17
1.89366929359e-17
1.69673845106e-17
1.61972371516e-17
1.62135575398e-17
1.65854403782e-17
1.7248340357e-17
199.549160449
199.995554071
199.999568848
199.999783443
2.20883092995e-14
1.55597157683e-15
3.08928671251e-18
2.42311011818e-18
1.93920188222e-18
1.63139282516e-18
1.39184860425e-18
1.30624967456e-18
1.18991574388e-18
1.18970156841e-18
1.28094228348e-18
1.45195688579e-18
1.91751969048e-18
4.31177997227e-18
1.05772497576e-16
1.34469385818e-17
0
0
0
0
0
0
0
0
0
0
0
0
0
0
0
0
0
0
0
0
0
0
0
0
0
0
0
0
0
0
0
0
0
0
0
0
0
0
0
0
0
0
0
0
0
0
0
0
0
0
0
0
0
0
0
0
7.95920672157e-16
6.5415023122e-16
5.75969203659e-16
5.28329325421e-16
4.90918204741e-16
4.74302452848e-16
4.63910832492e-16
4.6173274793e-16
4.68934716049e-16
4.84058564629e-16
5.58280790093e-16
2.7069014702e-16
4.99219565967e-17
2.79291708035e-17
2.14092726461e-17
1.86493421637e-17
1.75040938147e-17
1.71575735652e-17
199.76866462
199.998053556
199.999911176
199.999988329
199.999996751
199.999997357
2.16739081731e-15
1.92977301686e-18
1.74081074915e-18
1.53095446184e-18
1.3259602144e-18
1.19023497028e-18
1.07092416949e-18
1.03904614534e-18
9.76995836307e-19
9.94330338113e-19
1.07027926335e-18
1.18890538798e-18
1.63069166823e-18
2.64752704192e-14
9.43118544816e-15
2.9625424726e-15
2.30374591467e-17
0
0
0
0
0
0
0
0
0
0
0
0
0
0
0
0
0
0
0
0
0
0
0
0
0
0
0
0
0
0
0
0
0
0
0
0
0
0
0
0
0
0
0
0
0
0
0
0
0
0
0
0
0
0
0
8.39037508119e-16
8.09296138421e-16
6.95318573109e-16
6.28345429174e-16
5.79786054647e-16
5.40183841377e-16
5.14072550345e-16
5.00260019256e-16
4.96811696123e-16
5.02247547568e-16
5.6103845009e-16
3.12949660763e-16
5.98921735621e-17
3.22606922218e-17
2.40966489277e-17
2.06017601496e-17
199.987404017
199.998935795
199.999952459
199.999995272
199.999998984
199.999999744
199.999999894
199.999999896
1.32777836986e-18
1.27267538779e-18
1.19675216857e-18
1.10266031481e-18
1.01467024998e-18
9.50394289422e-19
8.67118961237e-19
8.59843068623e-19
8.29560782278e-19
8.50191101305e-19
8.66474055091e-19
9.81659477724e-19
4.17723291781e-09
1.79149423228e-08
2.59905210616e-10
1.91492231489e-12
7.58018213044e-14
6.32768705588e-18
0
0
0
0
0
0
0
0
0
0
0
0
0
0
0
0
0
0
0
0
0
0
0
0
0
0
0
0
0
0
0
0
0
0
0
0
0
0
0
0
0
0
0
0
0
0
0
0
0
0
0
0
0
0
7.23324399873e-16
9.42361126234e-16
7.98172703145e-16
7.23008523693e-16
6.65861277661e-16
6.10291393767e-16
5.68322040641e-16
5.38522678983e-16
5.21171223586e-16
5.13628874706e-16
5.56167010858e-16
3.0297105005e-16
199.732726202
199.995226465
199.999102886
199.999921264
199.999988062
199.999997756
199.999999452
199.999999898
199.999999968
199.999999986
199.999999991
199.999999991
9.69410474922e-19
9.39993505031e-19
9.03527583039e-19
8.62573023183e-19
8.05762268402e-19
7.74307441226e-19
7.19554371515e-19
7.01843984624e-19
7.01843984624e-19
7.01629809151e-19
7.29711970541e-19
0.00153202490355
200
200
200
8.48929233487e-07
4.03463476212e-11
4.10086542546e-13
1.03266221252e-18
0
0
0
0
0
0
0
0
0
0
0
0
0
0
0
0
0
0
0
0
0
0
0
0
0
0
0
0
0
0
0
0
0
0
0
0
0
0
0
0
0
0
0
0
0
0
0
0
0
0
0
0
0
5.12702365833e-16
1.03063445986e-15
199.996322184
199.998147723
199.99864969
199.998906249
199.999114061
199.999354151
199.999580374
199.999774806
199.999893114
199.999953437
199.999984319
199.999995129
199.999998389
199.999999361
199.999999842
199.999999953
199.999999984
199.999999993
199.999999997
199.999999999
199.999999999
199.999999999
7.62629654162e-19
7.5130732457e-19
7.30046212661e-19
7.02450514784e-19
6.72050465423e-19
6.31786054636e-19
6.17748812869e-19
5.90591544435e-19
5.76156458637e-19
5.84480841868e-19
6.26502309942e-19
200
200
200
200
200
200
7.28251190099e-10
3.32170096243e-13
2.68503225786e-21
0
0
0
0
0
0
0
0
0
0
0
0
0
0
0
0
0
0
0
0
0
0
0
0
0
0
0
0
0
0
0
0
0
0
0
0
0
0
0
0
0
0
0
0
0
0
0
0
0
0
0
0
199.999936399
199.999996923
199.999998839
199.999999248
199.999999212
199.999998985
199.999998955
199.999998955
199.999998955
199.999999192
199.999999499
199.999999723
199.999999866
199.999999939
199.99999997
199.999999986
199.999999993
199.999999997
199.999999999
199.999999999
200
200
200
200
6.41757591494e-19
6.22933659828e-19
6.10739370847e-19
5.91969989232e-19
5.64581305049e-19
5.41398422003e-19
5.15946175088e-19
5.04517396456e-19
4.9625724188e-19
5.01029870749e-19
5.11121890813e-19
5.68127387487e-19
200
200
200
200
200
200
5.89652623656e-10
6.9507001466e-15
0
0
0
0
0
0
0
0
0
0
0
0
0
0
0
0
0
0
0
0
0
0
0
0
0
0
0
0
0
0
0
0
0
0
0
0
0
0
0
0
0
0
0
0
0
0
0
0
0
0
0
199.999992268
199.999999968
199.999999993
199.999999996
199.999999997
199.999999997
199.999999996
199.999999996
199.999999995
199.999999994
199.999999993
199.999999993
199.999999993
199.999999995
199.999999997
199.999999998
199.999999999
200
200
200
200
200
200
200
200
5.41190098579e-19
5.33752867735e-19
5.1635921096e-19
4.94579222878e-19
4.79898756473e-19
4.51396077907e-19
4.37389865738e-19
4.23951823613e-19
4.15054264938e-19
4.15654569141e-19
4.31844630637e-19
4.71679413777e-19
5.93200737093e-19
200
200
200
200
200
200
3.36881555214e-11
4.38934888472e-15
0
0
0
0
0
0
0
0
0
0
0
0
0
0
0
0
0
0
0
0
0
0
0
0
0
0
0
0
0
0
0
0
0
0
0
0
0
0
0
0
0
0
0
0
0
0
0
0
0
199.999986905
199.999999989
200
200
200
200
200
200
200
200
200
200
200
200
200
200
200
200
200
200
200
200
200
200
200
200
4.54876914697e-19
4.4148921112e-19
4.33098720783e-19
4.18150826597e-19
3.98297394123e-19
3.88132346535e-19
3.68864190246e-19
3.58436814252e-19
3.52847632447e-19
3.52389114801e-19
3.60515057808e-19
3.87705533444e-19
4.65313952933e-19
5.88528325459e-17
200
200
200
200
200
0.00053753824574
1.67420246678e-12
7.79571208212e-18
0
0
0
0
0
0
0
0
0
0
0
0
0
0
0
0
0
0
0
0
0
0
0
0
0
0
0
0
0
0
0
0
0
0
0
0
0
0
0
0
0
0
0
0
0
0
0
0
199.999999986
200
200
200
200
200
200
200
200
200
200
200
200
200
200
200
200
200
200
200
200
200
200
200
200
200
3.81862405736e-19
3.74658239196e-19
3.66979327399e-19
3.55461293661e-19
3.44596063248e-19
3.29244126671e-19
3.19396302218e-19
3.11960866795e-19
3.04859206535e-19
3.00883516263e-19
3.06415336467e-19
3.1954473914e-19
3.61978922764e-19
1.97611603597e-17
7.9761426804e-16
199.999998567
200
200
200
200
1.2867749413e-09
3.71733168872e-15
7.01865591057e-19
0
0
0
0
0
0
0
0
0
0
0
0
0
0
0
0
0
0
0
0
0
0
0
0
0
0
0
0
0
0
0
0
0
0
0
0
0
0
0
0
0
0
0
0
0
0
199.999999636
200
200
200
200
200
200
200
200
200
200
200
200
200
200
200
200
200
200
200
200
200
200
200
200
200
200
3.35381168585e-19
3.28168209421e-19
3.20289009192e-19
3.11944520266e-19
3.01912033334e-19
2.89622318961e-19
2.83830989274e-19
2.7424034299e-19
2.64705689993e-19
2.61806778553e-19
2.61841997427e-19
2.67815007304e-19
2.9029414987e-19
5.564815918e-19
3.83949308349e-16
7.10108594409e-16
199.999990454
200
200
200
0.128933415762
4.93495953159e-15
5.0522972857e-15
0
0
0
0
0
0
0
0
0
0
0
0
0
0
0
0
0
0
0
0
0
0
0
0
0
0
0
0
0
0
0
0
0
0
0
0
0
0
0
0
0
0
0
0
0
0
199.999999998
200
200
200
200
200
200
200
200
200
200
200
200
200
200
200
200
200
200
200
200
200
200
200
200
200
200
3.02096081534e-19
2.95568349754e-19
2.88999202928e-19
2.81055368989e-19
2.72854425615e-19
2.62317581669e-19
2.5578725641e-19
2.44746853951e-19
2.35186830353e-19
2.31162953196e-19
2.28932933035e-19
2.30650506073e-19
2.40980626528e-19
2.88383255523e-19
9.87577761397e-17
1.00734628138e-15
6.34007691301e-16
9.20921877694e-16
199.99999871
200
200
3.80255785611e-15
7.60260679503e-15
5.13740443922e-15
0
0
0
0
0
0
0
0
0
0
0
0
0
0
0
0
0
0
0
0
0
0
0
0
0
0
0
0
0
0
0
0
0
0
0
0
0
0
0
0
0
0
0
0
199.999994927
200
200
200
200
200
200
200
200
200
200
200
200
200
200
200
200
200
200
200
200
200
200
200
200
200
200
200
2.79400822562e-19
2.72404972453e-19
2.67404122887e-19
2.59127438604e-19
2.49919595771e-19
2.41442561959e-19
2.3089498224e-19
2.20732246777e-19
2.10257170089e-19
2.05093326659e-19
1.98966660733e-19
1.96677160436e-19
2.0309497131e-19
2.2330172201e-19
1.74889946538e-17
5.08592890918e-16
6.0640845425e-16
9.27063802506e-16
1.35100586441e-15
1.80512690262e-15
2.71757993488e-15
3.7224816374e-15
5.93878212207e-15
1.34479583545e-14
7.03716801672e-14
0
0
0
0
0
0
0
0
0
0
0
0
0
0
0
0
0
0
0
0
0
0
0
0
0
0
0
0
0
0
0
0
0
0
0
0
0
0
0
0
0
0
0
199.999999991
200
200
200
200
200
200
200
200
200
200
200
200
200
200
200
200
200
200
200
200
200
200
200
200
200
200
200
2.63173026474e-19
2.55802642844e-19
2.50247580251e-19
2.4251414821e-19
2.32803648529e-19
2.22777918242e-19
2.11233112595e-19
1.99751911203e-19
1.88576374841e-19
1.80006152957e-19
1.71994607535e-19
1.68329687471e-19
1.68019707353e-19
1.7622477713e-19
2.34637191521e-19
9.57466673506e-17
5.58750548728e-16
7.33847670569e-16
1.5303017807e-15
2.31476724929e-15
3.47197435713e-15
4.72069756257e-15
7.25640032301e-15
1.81483885695e-14
5.1672906578e-14
3.66996481342e-15
0
0
0
0
0
0
0
0
0
0
0
0
0
0
0
0
0
0
0
0
0
0
0
0
0
0
0
0
0
0
0
0
0
0
0
0
0
0
0
0
0
0
200
200
200
200
200
200
200
200
200
200
200
200
200
200
200
200
200
200
200
200
200
200
200
200
200
200
200
200
2.5343632185e-19
2.44085705516e-19
2.3795801774e-19
2.29756191802e-19
2.17738667555e-19
2.06906665791e-19
1.94130862526e-19
1.8103475735e-19
1.69543273282e-19
1.59247686843e-19
1.50681917092e-19
1.4414447428e-19
1.39134447385e-19
1.3938216631e-19
1.51646569652e-19
8.23636889998e-18
1.5970836897e-16
3.65456415835e-16
8.24236258507e-16
1.56372563569e-15
3.0480431196e-15
5.3042675938e-15
9.59819695104e-15
1.23660638356e-14
1.27692821585e-14
3.19136774381e-14
0
0
0
0
0
0
0
0
0
0
0
0
0
0
0
0
0
0
0
0
0
0
0
0
0
0
0
0
0
0
0
0
0
0
0
0
0
0
0
0
0
0
200
200
200
200
200
200
200
200
200
200
200
200
200
200
200
200
200
200
200
200
200
200
200
200
200
200
200
200
2.50492641383e-19
2.38319628142e-19
2.30476291679e-19
2.2013435865e-19
2.07610905873e-19
1.9392859199e-19
1.79836331471e-19
1.66494914328e-19
1.53624651129e-19
1.42588253835e-19
1.33770879113e-19
1.25926853146e-19
1.21065509446e-19
1.16793315683e-19
1.16823603194e-19
1.32115673304e-19
2.16286317601e-17
1.06250300733e-16
2.38992257039e-16
5.47111918226e-16
1.04766988986e-15
2.15871951129e-15
4.05026425738e-15
6.65332439736e-15
8.31473247063e-15
1.30812094464e-14
8.43767762766e-14
1.51685051315e-07
0
0
0
0
0
0
0
0
0
0
0
0
0
0
0
0
0
0
0
0
0
0
0
0
0
0
0
0
0
0
0
0
0
0
0
0
0
0
0
199.999999979
200
200
200
200
200
200
200
200
200
200
200
200
200
200
200
200
200
200
200
200
200
200
200
200
200
200
200
200
2.57971800323e-19
2.39659188306e-19
2.2897586709e-19
2.16557412056e-19
2.00552738383e-19
1.85091282729e-19
1.69622547055e-19
1.54582625761e-19
1.41690679349e-19
1.29973643741e-19
1.20517626384e-19
1.13267989511e-19
1.06381897451e-19
9.98988911132e-20
9.71795355059e-20
9.73818612817e-20
1.87902260891e-19
1.80842814588e-17
4.6332064085e-17
1.06259244643e-16
2.27907737586e-16
4.83497990887e-16
9.81111612185e-16
2.07133280935e-15
3.89226633215e-15
8.14851770092e-15
1.05514062037e-07
99.0792748228
0
0
0
0
0
0
0
0
0
0
0
0
0
0
0
0
0
0
0
0
0
0
0
0
0
0
0
0
0
0
0
0
0
0
0
0
0
0
0
200
200
200
200
200
200
200
200
200
200
200
200
200
200
200
200
200
200
200
200
200
200
200
200
200
200
200
200
200
198.907982237
2.54945404588e-19
2.36388382156e-19
2.16487934716e-19
1.97867422635e-19
1.79395693653e-19
1.62558842391e-19
1.46876427385e-19
1.33458666861e-19
1.21443665616e-19
1.12121199391e-19
1.02912864247e-19
9.498553392e-20
8.78450583407e-20
8.05792979792e-20
7.66496815723e-20
7.703703604e-20
1.06268412004e-18
9.02935884765e-18
1.87554108259e-17
3.63150485171e-17
6.45592524633e-17
1.22897619615e-16
3.17222600828e-16
1.30504535751e-15
3.72819354633e-13
3.64207846976e-07
3.57921006693e-15
60.8666034302
0
0
0
0
0
0
0
0
0
0
0
0
0
0
0
0
0
0
0
0
0
0
0
0
0
0
0
0
0
0
0
0
0
0
0
0
0
0
200
200
200
200
200
200
200
200
200
200
200
200
200
200
200
200
200
200
200
200
200
200
200
200
200
200
200
200
200
6.13569163082e-05
2.97131453297e-19
2.59822944684e-19
2.26880858415e-19
2.00510415544e-19
1.77729335425e-19
1.58019526178e-19
1.41103146142e-19
1.2579958542e-19
1.15119094165e-19
1.04426249716e-19
9.49892123397e-20
8.56151469641e-20
7.66082776313e-20
6.82484064773e-20
6.14084427309e-20
5.69664070084e-20
5.84642631313e-20
9.60724722849e-19
3.01243257057e-18
5.52353046551e-18
9.15994841812e-18
1.33236738495e-17
1.84451766671e-17
3.3100161466e-17
1.59772549933e-16
1.12319581447e-15
1.36551747161e-16
199.999996174
0
0
0
0
0
0
0
0
0
0
0
0
0
0
0
0
0
0
0
0
0
0
0
0
0
0
0
0
0
0
0
0
0
0
0
0
0
199.999980041
200
200
200
200
200
200
200
200
200
200
200
200
200
200
200
200
200
200
200
200
200
200
200
200
200
200
200
200
200
1.43091162344e-13
4.22848279174e-19
3.18209693415e-19
2.51126561868e-19
2.09007444401e-19
1.79103032701e-19
1.56304705265e-19
1.36975253468e-19
1.22411790059e-19
1.09731579715e-19
9.89451727808e-20
8.89522093671e-20
7.87450879803e-20
6.84679885366e-20
5.93121297445e-20
5.18535319127e-20
4.5463362264e-20
4.07728478218e-20
5.24704912328e-20
3.37748184996e-19
6.26832491577e-19
1.08672106438e-18
1.56863229447e-18
1.46097665883e-18
1.04417277892e-18
3.10730106444e-19
2.71436913793e-19
1.18190213779e-19
1.840413515e-18
200
0
0
0
0
0
0
0
0
0
0
0
0
0
0
0
0
0
0
0
0
0
0
0
0
0
0
0
0
0
0
0
0
0
0
0
0
200
200
200
200
200
200
200
200
200
200
200
200
200
200
200
200
200
200
200
200
200
200
200
200
200
200
200
200
200
200
1.05923793252e-12
1.27800632014e-10
90.3254737044
2.96228296455e-19
2.22834299759e-19
1.83304516699e-19
1.55928678286e-19
1.35006032102e-19
1.19842793491e-19
1.07030259085e-19
9.51170105339e-20
8.47949479869e-20
7.42771352983e-20
6.37817697963e-20
5.44715532903e-20
4.60094310938e-20
3.64525793332e-20
2.36029372304e-20
2.55974681532e-20
4.54744420869e-20
8.34825300894e-20
1.1719864104e-19
1.12119170902e-19
6.39487720787e-20
8.32915587134e-20
1.16461740273e-19
1.97843921393e-19
3.35689802129e-19
2.24100497661e-18
3.1173154212e-17
0
0
0
0
0
0
0
0
0
0
0
0
0
0
0
0
0
0
0
0
0
0
0
0
0
0
0
0
0
0
0
0
0
0
0
2.40290102324e-22
200
200
200
200
200
200
200
200
200
200
200
200
200
200
200
200
200
200
200
200
200
200
200
200
200
200
200
200
200
200
3.84775744374e-12
1.24615801161e-13
1.38758559357e-07
199.999999966
0.0079214989757
1.88237871937e-19
1.55442209971e-19
1.33775782863e-19
1.18124168928e-19
1.04911017569e-19
9.344047796e-20
8.25166105656e-20
7.10766469398e-20
6.06437101001e-20
5.05603276882e-20
3.99079520983e-20
2.83330969385e-20
1.51442009693e-20
2.68501127074e-21
4.79741446549e-21
5.60638211482e-21
6.36471453084e-21
1.42342422766e-20
2.06706721869e-20
3.40896123853e-20
7.09912827752e-20
1.77967333735e-19
6.82481271379e-19
3.79704834278e-18
3.41725131298e-18
1.13821627417e-22
0
0
0
0
0
0
0
0
0
0
0
0
0
0
0
0
0
0
0
0
0
0
0
0
0
0
0
0
0
0
0
0
0
0
200
200
200
200
200
200
200
200
200
200
200
200
200
200
200
200
200
200
200
200
200
200
200
200
200
200
200
200
200
200
200
3.05867463456e-12
3.24905320821e-12
3.34982695842e-12
6.50209840561e-12
1.36004236278e-06
200
199.999999993
1.38878432975e-19
1.19761844558e-19
1.05680017545e-19
9.34118794463e-20
8.21567109155e-20
6.91264298132e-20
5.91684579978e-20
4.88093669519e-20
4.02351934461e-20
2.97543916428e-20
1.42629278352e-20
2.68501127074e-21
4.33487911837e-21
5.47991363991e-21
6.23824605593e-21
7.87455680057e-21
1.84474710486e-20
2.60205629147e-20
5.53075947254e-20
1.60170600362e-19
3.35781997647e-19
6.32564647827e-19
2.59283673965e-20
1.84447030647e-17
0
0
0
0
0
0
0
0
0
0
0
0
0
0
0
0
0
0
0
0
0
0
0
0
0
0
0
0
0
0
0
0
0
0
200
200
200
200
200
200
200
200
200
200
200
200
200
200
200
200
200
200
200
200
200
200
200
200
200
200
200
200
200
200
169.579384611
)
;

boundaryField
{
    frontAndBack
    {
        type            empty;
    }
    leftWall
    {
        type            calculated;
        value           uniform 0;
    }
    outlet
    {
        type            calculated;
        value           uniform 0;
    }
    rightWall
    {
        type            calculated;
        value           uniform 0;
    }
    inlet
    {
        type            calculated;
        value           uniform 1.70126661083e-16;
    }
}


// ************************************************************************* //
