/*--------------------------------*- C++ -*----------------------------------*\
| =========                 |                                                 |
| \\      /  F ield         | OpenFOAM: The Open Source CFD Toolbox           |
|  \\    /   O peration     | Version:  v1906                                 |
|   \\  /    A nd           | Web:      www.OpenFOAM.com                      |
|    \\/     M anipulation  |                                                 |
\*---------------------------------------------------------------------------*/
FoamFile
{
    version     2.0;
    format      ascii;
    class       volScalarField;
    location    "91";
    object      alpha;
}
// * * * * * * * * * * * * * * * * * * * * * * * * * * * * * * * * * * * * * //

dimensions      [0 0 -1 0 0 0 0];


internalField   nonuniform List<scalar> 
9216
(
99.9762735136
99.9832995661
99.9829482837
99.9829482837
99.9811786403
99.9824687103
99.9824687103
99.9824687103
99.9824687103
99.9824687103
99.9810352991
99.9786078047
99.9759105886
99.9759105886
99.9759105886
99.9759105886
99.9759105886
99.9759105886
99.9759105886
99.9759105886
99.9759105886
99.9759105886
99.9759105886
99.9759105886
99.9759105886
99.9759105886
99.9722107038
99.9722107038
99.9749079198
99.9773354143
99.9773354143
99.9657038832
99.964362471
99.9710209935
99.9740055179
99.9740055179
99.9740055179
99.9724128388
99.9724128388
99.9724128388
99.9724128388
99.9683018556
99.9683018556
99.9683018556
99.9683018556
99.9683018556
99.9683018556
99.9683018556
99.9683018556
99.9683018556
99.9683018556
99.9683018556
99.9683018556
99.9683018556
99.9683018556
99.9683018556
99.9683018556
99.9715779477
99.9724128388
99.9724128388
99.9724128388
99.9724128388
99.9724128388
99.9719446401
99.9667220187
99.95612036
99.9494197669
99.9480782524
99.9443151074
99.941883413
99.9395911947
99.9378139999
99.9362113819
99.9356922872
99.9351667642
99.9347992039
99.9337246529
99.9313759862
99.9278800321
99.9227334983
99.9143040532
99.8983600247
99.8762389073
99.8411808675
99.7903420159
99.7142037194
99.6773828503
99.5973462373
98.8571238435
92.244991978
77.21212299
56.9178232227
39.6523079299
24.3702171899
14.3531992006
2.0347868012
99.9811786403
99.9829482837
99.9842383538
99.9842383538
99.9842383538
99.9842383538
99.9824687103
99.9811786403
99.9811786403
99.9811786403
99.9811786403
99.9811786403
99.9811786403
99.9811786403
99.9760539297
99.9760539297
99.9760539297
99.9811786403
99.9811786403
99.9811786403
99.9797452291
99.9773177346
99.9757250555
99.9757250555
99.9757250555
99.9757250555
99.9757250555
99.9720251706
99.9720251706
99.9720251706
99.9679141875
99.9679141875
99.9645842911
99.9645842911
99.9645842911
99.9645842911
99.9645842911
99.9645842911
99.9645842911
99.9615873844
99.9588901683
99.9588901683
99.9588901683
99.9588901683
99.9588901683
99.9543224093
99.9543224093
99.9543224093
99.9543224093
99.9543224093
99.9543224093
99.9543224093
99.9543224093
99.9543224093
99.9543224093
99.9543224093
99.9543224093
99.952436878
99.9473604232
99.9473604232
99.9473604232
99.9473604232
99.9473604232
99.9473604232
99.9548695019
99.9419101965
99.9340964907
99.9270612096
99.9207259094
99.9221785216
99.9188171962
99.9153226925
99.9128576553
99.9121538232
99.9117515836
99.9118331096
99.9120958586
99.909173936
99.9174621634
99.9107944047
99.8998710869
99.9090711751
99.8907074287
99.8798791291
99.8402847096
99.7859747755
99.7328560418
99.6481341656
99.4700898998
96.8914927731
86.8112035791
68.4933889694
51.5786184047
36.383250918
23.872264645
14.4621791919
99.9811786403
99.9842383538
99.9842383538
99.9829482837
99.9829482837
99.9829482837
99.9829482837
99.9811786403
99.9811786403
99.9811786403
99.9797452291
99.9797452291
99.9797452291
99.9797452291
99.9797452291
99.9781525499
99.9781525499
99.9757250555
99.9757250555
99.9757250555
99.9757250555
99.9757250555
99.9757250555
99.9757250555
99.9757250555
99.9757250555
99.9693279546
99.9652169714
99.9652169714
99.9618870751
99.9618870751
99.9588901683
99.9588901683
99.9588901683
99.9543224093
99.9543224093
99.9543224093
99.9543224093
99.9543224093
99.9543224093
99.9543224093
99.9543224093
99.9543224093
99.9543224093
99.9492471214
99.9492471214
99.9492471214
99.9422851353
99.9360193478
99.9360193478
99.9303801391
99.922644599
99.922644599
99.922644599
99.922644599
99.922644599
99.922644599
99.922644599
99.922644599
99.922644599
99.922644599
99.922644599
99.922644599
99.922644599
99.9165785237
99.8997307513
99.8813244604
99.8670369164
99.8543290241
99.8450954368
99.8548839633
99.8483606015
99.8433306082
99.8669280018
99.8644766913
99.8565926384
99.8495596842
99.8405744349
99.8299672643
99.8801892282
99.8652148583
99.8658145162
99.8343582706
99.7879892041
99.7304374403
99.6819463205
99.5492235535
99.3974044816
99.4241890354
98.7386150748
87.3092781933
67.9419828369
55.8808367759
45.1295732244
37.3900265986
25.8898289292
99.9824687103
99.9829482837
99.9829482837
99.9829482837
99.9829482837
99.9829482837
99.9811786403
99.9811786403
99.9797452291
99.9797452291
99.9797452291
99.9797452291
99.9797452291
99.9781525499
99.9757250555
99.9757250555
99.9757250555
99.9757250555
99.9757250555
99.9757250555
99.9757250555
99.9757250555
99.9730278394
99.9730278394
99.9693279546
99.9652169714
99.9618870751
99.9588901683
99.9588901683
99.9588901683
99.9543224093
99.9543224093
99.9543224093
99.9543224093
99.9543224093
99.9543224093
99.9543224093
99.9492471214
99.9492471214
99.9492471214
99.9492471214
99.9492471214
99.9366459266
99.9303801391
99.9303801391
99.922644599
99.922644599
99.922644599
99.922644599
99.922644599
99.922644599
99.922644599
99.922644599
99.9140495544
99.9140495544
99.9140495544
99.9140495544
99.9140495544
99.9140495544
99.9140495544
99.9140495544
99.9140495544
99.9140495544
99.9140495544
99.9097596494
99.8883404143
99.8653073187
99.8488706688
99.8346294192
99.8253807165
99.819342314
99.8149512996
99.827432413
99.824085271
99.8203686806
99.8163419924
99.8110875497
99.8015785088
99.7869211888
99.7595813038
99.7218409303
99.6762607128
99.6614185455
99.5870206218
99.6092822407
99.4824959509
99.2826900383
99.421094319
99.2114028301
98.0622339751
89.1657760534
74.9743766272
61.1388951387
57.0478624257
50.8359786403
38.0066034638
99.9824687103
99.9829482837
99.9829482837
99.9829482837
99.9829482837
99.9829482837
99.9829482837
99.9797452291
99.9797452291
99.9797452291
99.9797452291
99.9797452291
99.9781525499
99.9757250555
99.9757250555
99.9757250555
99.9757250555
99.9757250555
99.9757250555
99.9757250555
99.9730278394
99.9730278394
99.9730278394
99.9693279546
99.9652169714
99.9588901683
99.9588901683
99.9543224093
99.9543224093
99.9543224093
99.9543224093
99.9543224093
99.9543224093
99.9492471214
99.9492471214
99.9492471214
99.9492471214
99.9492471214
99.9436079127
99.9436079127
99.9303801391
99.9303801391
99.922644599
99.922644599
99.922644599
99.922644599
99.922644599
99.9140495544
99.9140495544
99.9140495544
99.9140495544
99.9140495544
99.9140495544
99.9140495544
99.9044995049
99.9044995049
99.9044995049
99.9044995049
99.9044995049
99.9044995049
99.9044995049
99.9044995049
99.9044995049
99.9044995049
99.8805455659
99.8311709342
99.8056079299
99.7834789239
99.7681834182
99.7660281247
99.7660281247
99.7660281247
99.7660281247
99.7699826504
99.7760106301
99.7925776594
99.7966584202
99.7926380734
99.7871258947
99.7718687161
99.7600011521
99.7548362561
99.6730403982
99.5905150158
99.4853719669
99.3432103981
99.1559745276
99.0544006557
98.9289815147
95.6525332491
92.15910934
84.4764929759
74.6125986697
67.2061971884
66.7698509257
52.4908197723
99.9842383538
99.9829482837
99.9829482837
99.9829482837
99.9829482837
99.9829482837
99.9815148725
99.9815148725
99.9797452291
99.9797452291
99.9797452291
99.9797452291
99.9757250555
99.9757250555
99.9757250555
99.9757250555
99.9757250555
99.9757250555
99.9730278394
99.9730278394
99.9730278394
99.9730278394
99.9730278394
99.9652169714
99.9588901683
99.9588901683
99.9543224093
99.9543224093
99.9543224093
99.9543224093
99.9543224093
99.9492471214
99.9492471214
99.9492471214
99.9492471214
99.9492471214
99.9436079127
99.9436079127
99.9303801391
99.9303801391
99.922644599
99.922644599
99.922644599
99.922644599
99.9140495544
99.9140495544
99.9140495544
99.9140495544
99.9140495544
99.9044995049
99.9044995049
99.9044995049
99.9044995049
99.9044995049
99.8938883388
99.8938883388
99.8938883388
99.8938883388
99.8820981542
99.8820981542
99.8689979491
99.8689979491
99.8689979491
99.7719700169
99.7159707855
99.6783997642
99.6673515993
99.6204810923
99.6005143112
99.6005143112
99.5826277089
99.5541303343
99.5748488746
99.6166874039
99.6166874039
99.6166874039
99.6312431873
99.6860889716
99.6978791562
99.6882593467
99.7152042979
99.678739773
99.6313777912
99.6053692444
99.5329421602
99.3871102074
99.292309164
99.055551759
98.6296629312
95.0029104343
91.9792718997
90.5376554482
86.729438336
79.489147442
80.1933830395
66.8586199476
99.9842383538
99.9829482837
99.9829482837
99.9829482837
99.9829482837
99.9815148725
99.9815148725
99.9815148725
99.9797452291
99.9797452291
99.9797452291
99.9757250555
99.9757250555
99.9757250555
99.9757250555
99.9757250555
99.9757250555
99.9730278394
99.9730278394
99.9730278394
99.9730278394
99.9730278394
99.9693279546
99.9588901683
99.9543224093
99.9543224093
99.9543224093
99.9543224093
99.9543224093
99.9543224093
99.9492471214
99.9492471214
99.9492471214
99.9492471214
99.9492471214
99.9436079127
99.9373421252
99.9303801391
99.922644599
99.922644599
99.922644599
99.922644599
99.9140495544
99.9140495544
99.9140495544
99.9140495544
99.9044995049
99.9044995049
99.9044995049
99.9044995049
99.9044995049
99.8938883388
99.8938883388
99.8938883388
99.8820981542
99.8820981542
99.8689979491
99.8689979491
99.8544421657
99.8544421657
99.8544421657
99.7219830051
99.6622266715
99.5825442082
99.5361602313
99.5361602313
99.4846224793
99.4273583103
99.4273583103
99.4273583103
99.4014629384
99.3637314559
99.3637314559
99.3637314559
99.4273583103
99.4273583103
99.4273583103
99.4273583103
99.4846224793
99.4831717333
99.5159043945
99.5181900545
99.4693970381
99.4698763316
99.4496853282
99.4340907044
99.2880392726
99.0771916946
98.7026372018
97.4712386159
94.131667602
92.4382610003
92.9783860369
88.0756827811
86.9594121808
79.1380888353
99.9842383538
99.9829482837
99.9829482837
99.9829482837
99.9829482837
99.9815148725
99.9815148725
99.9815148725
99.9797452291
99.9797452291
99.9773177346
99.9757250555
99.9757250555
99.9757250555
99.9757250555
99.9757250555
99.9730278394
99.9730278394
99.9730278394
99.9730278394
99.9730278394
99.9730278394
99.9588901683
99.9588901683
99.9543224093
99.9543224093
99.9543224093
99.9543224093
99.9492471214
99.9492471214
99.9492471214
99.9492471214
99.9492471214
99.9436079127
99.9436079127
99.9373421252
99.9303801391
99.922644599
99.922644599
99.922644599
99.9140495544
99.9140495544
99.9140495544
99.9140495544
99.9044995049
99.9044995049
99.9044995049
99.9044995049
99.9044995049
99.8938883388
99.8938883388
99.8820981542
99.8820981542
99.8689979491
99.8689979491
99.8544421657
99.8544421657
99.8544421657
99.838269073
99.7557969242
99.6442565685
99.5825442082
99.5361602313
99.4846224793
99.4273583103
99.3637314559
99.3637314559
99.293034951
99.293034951
99.293034951
99.2144832789
99.2144832789
99.2144832789
99.2144832789
99.2144832789
99.2144832789
99.2144832789
99.293034951
99.293034951
99.293034951
99.3637314559
99.3637314559
99.3865058499
99.3706093827
99.3253996178
99.2483096864
99.0241056958
99.0209812459
98.941369135
98.6477902382
97.2316044227
94.6101389907
94.1898527454
94.8747611619
91.2961036286
85.7906960354
99.9842383538
99.9829482837
99.9829482837
99.9829482837
99.9815148725
99.9815148725
99.9815148725
99.9815148725
99.9797452291
99.9797452291
99.9773177346
99.9757250555
99.9757250555
99.9730278394
99.9730278394
99.9730278394
99.9730278394
99.9730278394
99.9730278394
99.9730278394
99.9730278394
99.9622200647
99.9588901683
99.9543224093
99.9543224093
99.9543224093
99.9543224093
99.9492471214
99.9492471214
99.9492471214
99.9492471214
99.9492471214
99.9436079127
99.9436079127
99.9373421252
99.9303801391
99.922644599
99.922644599
99.922644599
99.9140495544
99.9140495544
99.9140495544
99.9140495544
99.9044995049
99.9044995049
99.9044995049
99.9044995049
99.8938883388
99.8938883388
99.8938883388
99.8820981542
99.8820981542
99.8689979491
99.8689979491
99.8544421657
99.8544421657
99.838269073
99.838269073
99.6442565685
99.5825442082
99.5361602313
99.4846224793
99.4273583103
99.3637314559
99.293034951
99.293034951
99.2144832789
99.1272036432
99.1272036432
99.1272036432
99.0302262702
99.0302262702
99.0302262702
99.0302262702
99.0302262702
99.0302262702
99.0302262702
99.0302262702
99.0302262702
99.1272036432
99.1272036432
99.2144832789
99.2144832789
99.2839365163
99.2567890861
99.1996097798
99.1123036178
98.9506166877
98.7498077299
98.6591840396
98.4786203309
97.8838831052
95.7960607717
97.8438704053
95.5430690889
90.6070064758
99.9842383538
99.9829482837
99.9829482837
99.9829482837
99.9815148725
99.9815148725
99.9815148725
99.9815148725
99.9797452291
99.9797452291
99.9773177346
99.9757250555
99.9730278394
99.9730278394
99.9730278394
99.9730278394
99.9730278394
99.9730278394
99.9730278394
99.9730278394
99.9693279546
99.9588901683
99.9543224093
99.9543224093
99.9543224093
99.9543224093
99.9492471214
99.9492471214
99.9492471214
99.9492471214
99.9492471214
99.9436079127
99.9436079127
99.9373421252
99.9303801391
99.922644599
99.922644599
99.9140495544
99.9140495544
99.9140495544
99.9140495544
99.9044995049
99.9044995049
99.9044995049
99.9044995049
99.8938883388
99.8938883388
99.8938883388
99.8820981542
99.8820981542
99.8689979491
99.8689979491
99.8544421657
99.8544421657
99.838269073
99.838269073
99.82029897
99.6242897874
99.5361602313
99.4846224793
99.4273583103
99.3637314559
99.293034951
99.2144832789
99.1272036432
99.1272036432
99.0302262702
99.0302262702
98.9224736336
98.9224736336
98.8458784366
98.8027484817
98.8027484817
98.8027484817
98.8027484817
98.8027484817
98.8027484817
98.8027484817
98.8027484817
98.8027484817
98.9224736336
98.9224736336
99.0302262702
99.0302262702
99.1263677912
99.1389206029
99.0745624724
98.9116510274
98.7826401367
98.7077592109
98.5413288216
98.5368883899
98.3174169898
98.3345889327
98.2659132027
94.0708253772
99.9842383538
99.9829482837
99.9829482837
99.9829482837
99.9815148725
99.9815148725
99.9815148725
99.9815148725
99.9797452291
99.9773177346
99.9773177346
99.9757250555
99.9730278394
99.9730278394
99.9730278394
99.9730278394
99.9730278394
99.9730278394
99.9730278394
99.9730278394
99.9622200647
99.9588901683
99.9543224093
99.9543224093
99.9543224093
99.9492471214
99.9492471214
99.9492471214
99.9492471214
99.9492471214
99.9436079127
99.9436079127
99.9373421252
99.9303801391
99.922644599
99.922644599
99.9140495544
99.9140495544
99.9140495544
99.9140495544
99.9044995049
99.9044995049
99.9044995049
99.9044995049
99.8938883388
99.8938883388
99.8938883388
99.8820981542
99.8820981542
99.8689979491
99.8689979491
99.8544421657
99.8544421657
99.838269073
99.838269073
99.7682593485
99.5825442082
99.4846224793
99.4273583103
99.3637314559
99.293034951
99.2144832789
99.1272036432
99.1272036432
99.0302262702
98.9224736336
98.9224736336
98.8027484817
98.8027484817
98.6697205353
98.6697205353
98.6697205353
98.6697205353
98.5482711384
98.5219117059
98.5219117059
98.5219117059
98.5219117059
98.6697205353
98.6697205353
98.6697205353
98.6697205353
98.8027484817
98.8027484817
98.9224736336
99.0302262702
98.991386093
98.9228615955
98.8161792141
98.8259770026
98.610239474
98.5058055118
98.5520961002
98.3702118348
98.5915956613
96.3924141011
99.9864230988
99.9829482837
99.9829482837
99.9829482837
99.9815148725
99.9815148725
99.9815148725
99.9815148725
99.9797452291
99.9773177346
99.9757250555
99.9730278394
99.9730278394
99.9730278394
99.9730278394
99.9730278394
99.9730278394
99.9730278394
99.9730278394
99.9700309327
99.9588901683
99.9543224093
99.9543224093
99.9543224093
99.9492471214
99.9492471214
99.9492471214
99.9492471214
99.9436079127
99.9436079127
99.9436079127
99.9373421252
99.9303801391
99.922644599
99.922644599
99.9140495544
99.9140495544
99.9140495544
99.9140495544
99.9044995049
99.9044995049
99.9044995049
99.8938883388
99.8938883388
99.8938883388
99.8820981542
99.8820981542
99.8689979491
99.8689979491
99.8544421657
99.8544421657
99.838269073
99.838269073
99.82029897
99.7729429144
99.5825442082
99.4846224793
99.4273583103
99.3637314559
99.2144832789
99.1272036432
99.1272036432
99.0302262702
98.9224736336
98.8027484817
98.8027484817
98.6697205353
98.6697205353
98.5219117059
98.5219117059
98.5219117059
98.5219117059
98.3576796732
98.3576796732
98.3576796732
98.3576796732
98.3576796732
98.3576796732
98.3576796732
98.3576796732
98.5219117059
98.5219117059
98.5219117059
98.6697205353
98.6697205353
98.8027484817
98.8018242035
98.7952206594
98.893652499
98.8095275058
98.7293263199
98.6016461848
98.5346541835
98.6598767381
98.4449679088
97.5610049487
99.9864230988
99.9851330287
99.9851330287
99.9829482837
99.9815148725
99.9815148725
99.9815148725
99.9815148725
99.9797452291
99.9773177346
99.9757250555
99.9730278394
99.9730278394
99.9730278394
99.9730278394
99.9730278394
99.9730278394
99.9730278394
99.9700309327
99.9588901683
99.9588901683
99.9543224093
99.9543224093
99.9492471214
99.9492471214
99.9492471214
99.9492471214
99.9436079127
99.9436079127
99.9436079127
99.9373421252
99.9303801391
99.922644599
99.922644599
99.9140495544
99.9140495544
99.9140495544
99.9044995049
99.9044995049
99.9044995049
99.9044995049
99.8938883388
99.8938883388
99.8938883388
99.8820981542
99.8820981542
99.8689979491
99.8689979491
99.8544421657
99.8544421657
99.838269073
99.838269073
99.82029897
99.7729429144
99.5361602313
99.4846224793
99.3637314559
99.293034951
99.2144832789
99.1272036432
99.0302262702
98.9224736336
98.8027484817
98.6697205353
98.6697205353
98.5219117059
98.5219117059
98.3576796732
98.3576796732
98.3576796732
98.3576796732
98.1751996369
98.1751996369
98.1751996369
98.1751996369
98.1751996369
98.1751996369
98.1751996369
98.1751996369
98.1751996369
98.1751996369
98.3576796732
98.3576796732
98.3576796732
98.5219117059
98.5219117059
98.6697205353
98.8027484817
98.8445715527
98.776342633
98.6636102606
98.6640367511
98.4761530276
98.5138438511
98.5568336767
97.7981337924
99.9864230988
99.9870992992
99.9851330287
99.9829482837
99.9815148725
99.9815148725
99.9815148725
99.9815148725
99.9797452291
99.9773177346
99.9757250555
99.9730278394
99.9730278394
99.9730278394
99.9730278394
99.9730278394
99.9730278394
99.9700309327
99.9700309327
99.9588901683
99.9543224093
99.9543224093
99.9543224093
99.9492471214
99.9492471214
99.9492471214
99.9436079127
99.9436079127
99.9436079127
99.9373421252
99.9303801391
99.922644599
99.922644599
99.9140495544
99.9140495544
99.9140495544
99.9044995049
99.9044995049
99.9044995049
99.8938883388
99.8938883388
99.8938883388
99.8820981542
99.8820981542
99.8820981542
99.8689979491
99.8689979491
99.8544421657
99.8544421657
99.838269073
99.838269073
99.82029897
99.8003321889
99.5361602313
99.4273583103
99.3637314559
99.2144832789
99.1272036432
99.0302262702
98.9224736336
98.8027484817
98.6697205353
98.5219117059
98.5219117059
98.3576796732
98.3576796732
98.1751996369
98.1751996369
98.1751996369
98.1751996369
97.972444041
97.972444041
97.972444041
97.972444041
97.972444041
97.972444041
97.972444041
97.972444041
97.972444041
97.972444041
97.972444041
97.972444041
98.1751996369
98.1751996369
98.1751996369
98.3576796732
98.3576796732
98.5219117059
98.6697205353
98.7213278868
98.6049471162
98.5634705494
98.5510118867
98.3913514953
98.6289214862
97.7284525913
99.9864230988
99.9870992992
99.9870992992
99.9851330287
99.9815148725
99.9815148725
99.9815148725
99.9815148725
99.9797452291
99.9773177346
99.9757250555
99.9730278394
99.9730278394
99.9730278394
99.9730278394
99.9730278394
99.9700309327
99.9700309327
99.9630011515
99.9588901683
99.9543224093
99.9543224093
99.9492471214
99.9492471214
99.9492471214
99.9436079127
99.9436079127
99.9373421252
99.9373421252
99.9303801391
99.9303801391
99.922644599
99.922644599
99.9140495544
99.9140495544
99.9044995049
99.9044995049
99.9044995049
99.8938883388
99.8938883388
99.8938883388
99.8820981542
99.8820981542
99.8689979491
99.8689979491
99.8544421657
99.8544421657
99.8544421657
99.838269073
99.838269073
99.82029897
99.8003321889
99.5361602313
99.4273583103
99.293034951
99.2144832789
99.0302262702
98.9224736336
98.8027484817
98.5219117059
98.5219117059
98.3576796732
98.1751996369
98.1751996369
97.972444041
97.972444041
97.972444041
97.972444041
97.972444041
97.7471600455
97.7471600455
97.7471600455
97.7471600455
97.7471600455
97.7471600455
97.7471600455
97.7471600455
97.7471600455
97.7471600455
97.7471600455
97.7471600455
97.7471600455
97.972444041
97.972444041
97.972444041
98.1751996369
98.1751996369
98.3576796732
98.5219117059
98.5992470472
98.6349763819
98.5028532919
98.5127398258
98.4759797741
98.4493064705
97.6816371511
99.9883893693
99.9870992992
99.9870992992
99.9870992992
99.9836996175
99.9815148725
99.9815148725
99.9815148725
99.9773177346
99.9757250555
99.9757250555
99.9730278394
99.9730278394
99.9730278394
99.9730278394
99.9700309327
99.9700309327
99.9667010363
99.9588901683
99.9543224093
99.9543224093
99.9543224093
99.9492471214
99.9492471214
99.9436079127
99.9436079127
99.9373421252
99.9373421252
99.9303801391
99.9303801391
99.922644599
99.922644599
99.9140495544
99.9140495544
99.9044995049
99.9044995049
99.9044995049
99.8938883388
99.8938883388
99.8820981542
99.8820981542
99.8820981542
99.8689979491
99.8689979491
99.8544421657
99.8544421657
99.838269073
99.838269073
99.82029897
99.82029897
99.8003321889
99.5361602313
99.4273583103
99.293034951
99.1272036432
98.9224736336
98.6697205353
98.5219117059
98.1751996369
97.972444041
97.972444041
97.7471600455
97.7471600455
97.7471600455
97.7471600455
97.496844495
97.496844495
97.496844495
97.496844495
97.496844495
97.496844495
97.496844495
97.496844495
97.496844495
97.496844495
97.496844495
97.496844495
97.496844495
97.496844495
97.496844495
97.496844495
97.7471600455
97.7471600455
97.7471600455
97.7471600455
97.972444041
97.972444041
98.1751996369
98.1751996369
98.3576796732
98.4866212706
98.5647680285
98.4721759974
98.4658341963
98.3484995041
97.7581380433
99.9883893693
99.9870992992
99.9870992992
99.9870992992
99.985665888
99.9836996175
99.9815148725
99.9815148725
99.9773177346
99.9757250555
99.9730278394
99.9730278394
99.9730278394
99.9730278394
99.9700309327
99.9700309327
99.9700309327
99.9630011515
99.9588901683
99.9543224093
99.9543224093
99.9492471214
99.9492471214
99.9436079127
99.9436079127
99.9373421252
99.9373421252
99.9303801391
99.9303801391
99.922644599
99.922644599
99.9140495544
99.9140495544
99.9044995049
99.9044995049
99.8938883388
99.8938883388
99.8938883388
99.8820981542
99.8820981542
99.8689979491
99.8689979491
99.8689979491
99.8544421657
99.8544421657
99.838269073
99.838269073
99.82029897
99.82029897
99.8003321889
99.5361602313
99.4273583103
99.2144832789
99.0302262702
98.6697205353
97.972444041
97.2187161056
96.5663161797
96.5663161797
96.5663161797
96.5663161797
96.9096845617
96.9096845617
96.9096845617
96.9096845617
96.9096845617
97.2187161056
97.2187161056
97.2187161056
97.2187161056
97.2187161056
97.2187161056
97.2187161056
97.2187161056
97.2187161056
97.2187161056
97.2187161056
97.2187161056
97.2187161056
97.496844495
97.496844495
97.496844495
97.496844495
97.496844495
97.496844495
97.7471600455
97.7471600455
97.972444041
97.972444041
98.1751996369
98.3576796732
98.4243691272
98.3961744789
98.3364155173
98.2985863258
97.7999303748
99.9883893693
99.9870992992
99.9870992992
99.9870992992
99.985665888
99.9836996175
99.9815148725
99.9815148725
99.9773177346
99.9757250555
99.9730278394
99.9730278394
99.9730278394
99.9730278394
99.9700309327
99.9700309327
99.9667010363
99.9588901683
99.9588901683
99.9543224093
99.9492471214
99.9492471214
99.9492471214
99.9436079127
99.9436079127
99.9373421252
99.9303801391
99.9303801391
99.922644599
99.922644599
99.9140495544
99.9140495544
99.9044995049
99.9044995049
99.8938883388
99.8938883388
99.8938883388
99.8820981542
99.8820981542
99.8689979491
99.8689979491
99.8544421657
99.8544421657
99.8544421657
99.838269073
99.838269073
99.82029897
99.82029897
99.8003321889
99.5825442082
99.3637314559
99.2144832789
98.6697205353
94.7665236697
90.1522909782
87.8423345409
87.6426069506
87.8423345409
87.8423345409
89.0581010868
91.1370618803
92.8210201231
94.1850262997
95.2898713028
95.7608841725
96.1847957552
96.1847957552
96.5663161797
96.5663161797
96.5663161797
96.9096845617
96.9096845617
96.9096845617
96.9096845617
96.9096845617
96.9096845617
96.9096845617
97.2187161056
97.2187161056
97.2187161056
97.2187161056
97.2187161056
97.2187161056
97.2187161056
97.496844495
97.496844495
97.496844495
97.7471600455
97.7471600455
97.972444041
98.1751996369
98.3537286664
98.4443146662
98.4181929564
98.2824722103
97.8541683968
99.9883893693
99.9870992992
99.9870992992
99.9870992992
99.985665888
99.985665888
99.9836996175
99.9815148725
99.9773177346
99.9757250555
99.9730278394
99.9730278394
99.9730278394
99.9700309327
99.9700309327
99.9667010363
99.9630011515
99.9588901683
99.9543224093
99.9543224093
99.9492471214
99.9492471214
99.9436079127
99.9436079127
99.9373421252
99.9303801391
99.9303801391
99.922644599
99.922644599
99.9140495544
99.9140495544
99.9044995049
99.9044995049
99.8938883388
99.8938883388
99.8820981542
99.8820981542
99.8820981542
99.8689979491
99.8689979491
99.8544421657
99.8544421657
99.838269073
99.838269073
99.838269073
99.82029897
99.8003321889
99.7781468766
99.6242897874
99.3637314559
99.0302262702
87.8423345409
81.4697981115
79.4108867905
77.123207545
77.123207545
77.123207545
79.4108867905
79.4108867905
81.4697981115
83.3228183003
84.9905364703
87.8423345409
89.0581010868
92.0233556923
93.5389181108
94.1850262997
95.2898713028
95.2898713028
95.7608841725
96.1847957552
96.1847957552
96.1847957552
96.5663161797
96.5663161797
96.5663161797
96.5663161797
96.9096845617
96.9096845617
96.9096845617
96.9096845617
96.9096845617
96.9096845617
97.2187161056
97.2187161056
97.2187161056
97.2187161056
97.496844495
97.6198295217
97.7471600455
97.972444041
98.1751996369
98.4434030173
98.4871859746
98.3204641139
97.7730892435
99.9883893693
99.9870992992
99.9870992992
99.9870992992
99.985665888
99.985665888
99.9836996175
99.9815148725
99.9757250555
99.9757250555
99.9730278394
99.9730278394
99.9730278394
99.9700309327
99.9667010363
99.9630011515
99.9588901683
99.9588901683
99.9543224093
99.9492471214
99.9492471214
99.9436079127
99.9436079127
99.9373421252
99.9303801391
99.9303801391
99.922644599
99.922644599
99.9140495544
99.9140495544
99.9044995049
99.9044995049
99.8938883388
99.8938883388
99.8820981542
99.8820981542
99.8689979491
99.8689979491
99.8544421657
99.8544421657
99.8544421657
99.838269073
99.838269073
99.82029897
99.82029897
99.8003321889
99.7781468766
99.726107255
99.3637314559
90.1522909782
77.123207545
71.7570463519
71.7570463519
71.7570463519
71.7570463519
71.7570463519
71.7570463519
71.7570463519
74.5813417167
74.5813417167
77.123207545
77.123207545
79.4108867905
81.4697981115
84.9857609898
86.4914828233
89.0581010868
91.1370618803
92.8210201231
94.1850262997
94.7665236697
95.2898713028
95.7608841725
95.7608841725
95.7608841725
96.1847957552
96.1847957552
96.1847957552
96.5663161797
96.5663161797
96.5663161797
96.5663161797
96.5663161797
96.9096845617
96.9096845617
96.9096845617
97.2187161056
97.2187161056
97.496844495
97.496844495
97.7471600455
97.972444041
98.3576796732
98.4272653629
98.3683880395
97.6832680045
99.9883893693
99.9870992992
99.9870992992
99.9870992992
99.985665888
99.985665888
99.9836996175
99.9797452291
99.9757250555
99.9757250555
99.9730278394
99.9730278394
99.9700309327
99.9700309327
99.9667010363
99.9630011515
99.9588901683
99.9543224093
99.9543224093
99.9492471214
99.9436079127
99.9436079127
99.9373421252
99.9303801391
99.9303801391
99.922644599
99.922644599
99.9140495544
99.9044995049
99.9044995049
99.9044995049
99.8938883388
99.8938883388
99.8820981542
99.8820981542
99.8689979491
99.8689979491
99.8544421657
99.8544421657
99.838269073
99.838269073
99.82029897
99.82029897
99.82029897
99.8003321889
99.7781468766
99.726107255
99.3637314559
81.4697981115
68.618940391
65.13215599
65.13215599
68.618940391
68.618940391
68.618940391
68.618940391
68.618940391
68.618940391
71.7570463519
71.7570463519
71.7570463519
71.7570463519
74.5813417167
74.5813417167
77.123207545
79.4108867905
81.4697981115
83.3228183003
86.4914828233
89.0581010868
92.0233556923
92.8210201231
94.1850262997
94.7665236697
95.2898713028
95.2898713028
95.7608841725
95.7608841725
95.7608841725
96.1847957552
96.1847957552
96.1847957552
96.5663161797
96.5663161797
96.5663161797
96.5663161797
96.9096845617
96.9096845617
97.2187161056
97.496844495
97.496844495
97.972444041
98.1751996369
98.3952803887
98.423366688
97.5949436294
99.9883893693
99.9870992992
99.9870992992
99.9870992992
99.985665888
99.985665888
99.9836996175
99.9781525499
99.9757250555
99.9757250555
99.9730278394
99.9730278394
99.9700309327
99.9667010363
99.9630011515
99.9588901683
99.9543224093
99.9543224093
99.9492471214
99.9492471214
99.9436079127
99.9373421252
99.9303801391
99.9303801391
99.922644599
99.9140495544
99.9140495544
99.9044995049
99.9044995049
99.8938883388
99.8938883388
99.8820981542
99.8820981542
99.8689979491
99.8689979491
99.8544421657
99.8544421657
99.838269073
99.838269073
99.838269073
99.82029897
99.82029897
99.8003321889
99.8003321889
99.7781468766
99.726107255
99.3637314559
74.5813417167
36.1876411
45.733969
61.2579511
65.13215599
65.13215599
68.618940391
68.618940391
68.618940391
68.618940391
68.618940391
68.618940391
68.618940391
68.618940391
68.618940391
68.618940391
71.7570463519
71.7570463519
71.7570463519
74.5813417167
77.123207545
79.4108867905
81.4697981115
84.9905364703
87.8423345409
90.1522909782
92.0233556923
93.5389181108
94.1850262997
94.7665236697
95.250978297
95.2898713028
95.2898713028
95.7608841725
95.7608841725
96.1847957552
96.1847957552
96.1847957552
96.5663161797
96.5663161797
96.9096845617
96.9096845617
97.2187161056
97.496844495
97.7471600455
97.972444041
98.3552248635
98.4082622843
97.5508603744
99.9883893693
99.9870992992
99.9870992992
99.9870992992
99.985665888
99.985665888
99.9836996175
99.9781525499
99.9757250555
99.9757250555
99.9730278394
99.9730278394
99.9700309327
99.9667010363
99.9630011515
99.9588901683
99.9543224093
99.9492471214
99.9492471214
99.9436079127
99.9373421252
99.9303801391
99.9303801391
99.922644599
99.9140495544
99.9140495544
99.9044995049
99.9044995049
99.8938883388
99.8938883388
99.8820981542
99.8689979491
99.8689979491
99.8544421657
99.8544421657
99.838269073
99.838269073
99.838269073
99.82029897
99.82029897
99.8003321889
99.8003321889
99.7781468766
99.7534965295
99.726107255
99.4273583103
71.7570463519
40.951
10
52.17031
61.2579511
65.13215599
65.13215599
68.618940391
68.618940391
68.618940391
68.618940391
68.618940391
68.618940391
68.618940391
68.618940391
68.618940391
68.618940391
68.618940391
68.618940391
68.618940391
68.618940391
71.7570463519
71.7570463519
74.5813417167
77.123207545
79.4108867905
83.3228183003
86.4914828233
89.0581010868
91.1370618803
92.8210201231
93.5389181108
94.1850262997
94.7665236697
95.2898713028
95.2898713028
95.2898713028
95.7608841725
95.7608841725
96.1847957552
96.1847957552
96.5663161797
96.5663161797
96.9096845617
97.2187161056
97.496844495
97.7471600455
98.1751996369
98.3405107918
97.5976899401
99.9883893693
99.9870992992
99.9870992992
99.9870992992
99.985665888
99.985665888
99.9781525499
99.9781525499
99.9757250555
99.9730278394
99.9730278394
99.9700309327
99.9667010363
99.9630011515
99.9588901683
99.9543224093
99.9492471214
99.9492471214
99.9436079127
99.9373421252
99.9303801391
99.9303801391
99.922644599
99.9140495544
99.9140495544
99.9044995049
99.8938883388
99.8938883388
99.8820981542
99.8820981542
99.8689979491
99.8689979491
99.8544421657
99.8544421657
99.838269073
99.838269073
99.82029897
99.82029897
99.8003321889
99.8003321889
99.7781468766
99.7781468766
99.7534965295
99.6956747278
99.4273583103
77.123207545
46.8559
19
10
52.17031
65.13215599
68.618940391
68.618940391
71.7570463519
71.7570463519
71.7570463519
71.7570463519
71.7570463519
71.7570463519
71.7570463519
68.618940391
68.618940391
68.618940391
68.618940391
68.618940391
65.13215599
65.13215599
65.13215599
68.618940391
68.618940391
68.618940391
71.7570463519
74.5813417167
77.9244253284
81.4697981115
86.4914828233
89.0581010868
91.1370618803
92.8210201231
93.5389181108
94.1850262997
94.7665236697
94.7665236697
95.2898713028
95.2898713028
95.7608841725
95.7608841725
96.1847957552
96.5663161797
96.5663161797
96.9096845617
97.2187161056
97.7471600455
97.972444041
98.2417421978
97.7293544782
99.9883893693
99.9870992992
99.9870992992
99.9870992992
99.985665888
99.985665888
99.9781525499
99.9757250555
99.9757250555
99.9730278394
99.9730278394
99.9700309327
99.9630011515
99.9588901683
99.9543224093
99.9543224093
99.9492471214
99.9436079127
99.9373421252
99.9303801391
99.9303801391
99.922644599
99.9140495544
99.9044995049
99.9044995049
99.8938883388
99.8820981542
99.8820981542
99.8689979491
99.8689979491
99.8544421657
99.838269073
99.838269073
99.82029897
99.82029897
99.82029897
99.8003321889
99.8003321889
99.7781468766
99.7534965295
99.7534965295
99.726107255
99.6956747278
99.4846224793
86.4914828233
56.953279
27.1
0
19
56.953279
65.13215599
71.7570463519
72.2244308615
74.5813417167
74.5813417167
77.123207545
74.5813417167
74.5813417167
74.5813417167
71.7570463519
71.7570463519
71.7570463519
68.618940391
68.618940391
68.057786414
65.13215599
65.13215599
65.13215599
65.13215599
65.13215599
65.13215599
65.13215599
68.618940391
68.618940391
74.5813417167
77.123207545
81.4697981115
86.4914828233
89.0581010868
91.1370618803
92.8210201231
93.5389181108
94.1850262997
94.1850262997
94.7665236697
95.2898713028
95.2898713028
95.7608841725
96.1847957552
96.1847957552
96.5663161797
96.9846798182
97.496844495
97.7471600455
98.2429418402
97.9396175988
99.9883893693
99.9870992992
99.9870992992
99.9870992992
99.985665888
99.985665888
99.9781525499
99.9757250555
99.9757250555
99.9730278394
99.9700309327
99.9667010363
99.9630011515
99.9543224093
99.9543224093
99.9492471214
99.9436079127
99.9373421252
99.9303801391
99.922644599
99.9140495544
99.9140495544
99.9044995049
99.8938883388
99.8938883388
99.8820981542
99.8689979491
99.8689979491
99.8544421657
99.838269073
99.838269073
99.82029897
99.82029897
99.8003321889
99.8003321889
99.7781468766
99.7781468766
99.7534965295
99.7534965295
99.726107255
99.6956747278
99.6618608086
99.4846224793
97.496844495
68.618940391
40.951
10
0
27.1
61.2579511
71.7570463519
74.5813417167
79.4108867905
79.4108867905
81.4697981115
81.4697981115
81.4697981115
79.4108867905
79.4108867905
77.123207545
74.5813417167
74.5813417167
71.7570463519
68.618940391
68.618940391
65.13215599
65.13215599
65.13215599
61.2579511
61.2579511
61.2579511
61.2579511
61.2579511
61.2579511
65.13215599
68.618940391
71.7570463519
77.123207545
83.3228183003
86.4914828233
89.0581010868
91.1370618803
92.8210201231
93.5389181108
94.1850262997
94.1850262997
94.7665236697
95.2898713028
95.7608841725
96.1847957552
96.5663161797
96.9096845617
97.2187161056
97.7471600455
98.1863255176
98.0125356721
99.9883893693
99.9870992992
99.9870992992
99.9870992992
99.985665888
99.9821069384
99.9781525499
99.9757250555
99.9730278394
99.9700309327
99.9667010363
99.9630011515
99.9543224093
99.9543224093
99.9492471214
99.9436079127
99.9373421252
99.9303801391
99.922644599
99.9140495544
99.9044995049
99.8938883388
99.8938883388
99.8820981542
99.8689979491
99.8689979491
99.8544421657
99.838269073
99.838269073
99.82029897
99.82029897
99.8003321889
99.7781468766
99.7781468766
99.7534965295
99.7534965295
99.726107255
99.726107255
99.6956747278
99.6618608086
99.6242897874
99.4846224793
99.0302262702
84.9905364703
56.953279
27.1
0
0
34.39
68.618940391
77.123207545
81.4697981115
83.3228183003
84.9905364703
86.4914828233
86.4914828233
86.4914828233
84.9905364703
83.3228183003
81.4697981115
79.4108867905
77.123207545
74.5813417167
74.5813417167
71.7570463519
68.618940391
65.13215599
65.13215599
61.2579511
61.2579511
61.2579511
56.953279
56.953279
56.953279
56.953279
61.2579511
65.13215599
68.618940391
74.5813417167
79.4108867905
84.9905364703
87.8423345409
90.1522909782
92.0233556923
92.8210201231
93.5389181108
94.1850262997
94.7665236697
95.2898713028
95.7608841725
96.1847957552
96.5663161797
96.9096845617
97.496844495
97.9835699217
97.9827692636
99.9883893693
99.9870992992
99.9870992992
99.9870992992
99.985665888
99.9781525499
99.9757250555
99.9730278394
99.9730278394
99.9667010363
99.9630011515
99.9543224093
99.9492471214
99.9436079127
99.9373421252
99.9303801391
99.922644599
99.9140495544
99.9140495544
99.9044995049
99.8938883388
99.8820981542
99.8689979491
99.8544421657
99.8544421657
99.838269073
99.82029897
99.82029897
99.8003321889
99.8003321889
99.7781468766
99.7781468766
99.7534965295
99.726107255
99.726107255
99.6956747278
99.6956747278
99.6618608086
99.6242897874
99.5825442082
99.4273583103
99.1272036432
96.9096845617
74.5813417167
46.8559
19
0
0
46.8559
74.5813417167
83.3228183003
86.4914828233
89.0581010868
90.1522909782
91.1370618803
91.1370618803
91.1370618803
90.1522909782
89.0581010868
87.8423345409
84.9905364703
83.3228183003
81.4697981115
77.123207545
74.5813417167
71.7570463519
68.618940391
68.618940391
65.13215599
61.2579511
61.2579511
56.953279
56.953279
52.17031
52.17031
52.17031
56.953279
61.2579511
65.13215599
71.7570463519
77.123207545
83.3228183003
86.4914828233
89.0581010868
91.1370618803
92.0233556923
93.5389181108
94.1850262997
94.7665236697
95.2898713028
95.7608841725
96.1847957552
96.9096845617
97.2187161056
97.9835699217
97.9213140816
99.9883893693
99.9870992992
99.9870992992
99.985665888
99.9836996175
99.9781525499
99.9757250555
99.9730278394
99.9667010363
99.9588901683
99.9543224093
99.9492471214
99.9436079127
99.9373421252
99.922644599
99.9140495544
99.9044995049
99.8938883388
99.8938883388
99.8820981542
99.8689979491
99.8544421657
99.838269073
99.838269073
99.82029897
99.8003321889
99.8003321889
99.7781468766
99.7781468766
99.7534965295
99.726107255
99.726107255
99.6956747278
99.6956747278
99.6618608086
99.6242897874
99.5825442082
99.5825442082
99.4846224793
99.4273583103
99.2144832789
98.5219117059
92.8210201231
65.13215599
34.39
10
0
10
61.2579511
81.4697981115
87.8423345409
90.1522909782
92.0233556923
93.5389181108
94.1850262997
94.1850262997
94.1850262997
94.1850262997
93.5389181108
92.0233556923
91.0951426101
80.8792240968
72.9742923442
65.0465623103
61.1346308005
62.721156445
64.4839627167
55.7547673519
57.399630391
62.5700292111
61.2579511
56.953279
56.953279
52.17031
52.17031
46.8559
46.8559
46.8559
52.17031
61.2579511
68.618940391
74.5813417167
81.4697981115
84.9905364703
87.8423345409
90.1522909782
92.0233556923
92.8210201231
93.5947109892
94.7665236697
95.2898713028
95.7608841725
96.5663161797
97.2187161056
97.7537181672
97.8985821544
99.9883893693
99.9870992992
99.9870992992
99.9836996175
99.9781525499
99.9730278394
99.9700309327
99.9588901683
99.9492471214
99.9436079127
99.9303801391
99.9044995049
99.82029897
99.7912470816
99.8058028651
99.8088757527
99.8544421657
99.838269073
99.838269073
99.838269073
99.82029897
99.82029897
99.8003321889
99.7781468766
99.7781468766
99.7534965295
99.7534965295
99.726107255
99.6956747278
99.6956747278
99.6618608086
99.6618608086
99.6242897874
99.5825442082
99.5825442082
99.5361602313
99.4846224793
99.4273583103
99.293034951
99.1272036432
98.8027484817
97.496844495
87.8423345409
61.2579511
27.1
0
0
27.1
71.7570463519
86.4914828233
91.1370618803
93.5389181108
94.7665236697
95.7608841725
96.1847957552
96.1847957552
96.1847957552
96.1847957552
95.7608841725
95.2898713028
94.4415721408
80.5770721208
70.2328531816
64.2761205466
62.3103268333
59.1416623103
57.2317572087
50.255256445
49.1937673519
38.765661391
31.96184599
19.0876411
20.4611479496
30.21931
46.8559
40.951
40.951
34.39
36.1938199406
46.8559
56.953279
65.13215599
74.5813417167
79.4108867905
84.9905364703
87.8423345409
90.1522909782
92.0233556923
92.8210201231
94.1850262997
94.7665236697
95.7608841725
96.1847957552
96.9096845617
97.5034026167
97.7974944357
99.9883893693
99.9870992992
99.9829482837
99.9679141875
0
0
0
0
0
0
0
0
0
0
0
0
0
0
0
0
0
0
79.4108867905
94.7665236697
97.496844495
98.6697205353
99.5118477033
99.6242897874
99.5825442082
99.5825442082
99.5825442082
99.5361602313
99.4846224793
99.4846224793
99.4273583103
99.3637314559
99.293034951
99.2144832789
99.0302262702
98.8027484817
98.1751996369
95.7608841725
84.9905364703
56.953279
19
0
0
41.6179232991
81.4697981115
91.1370618803
94.1850262997
95.7608841725
96.9096845617
97.2187161056
97.496844495
97.496844495
97.7471600455
97.496844495
97.496844495
97.2187161056
95.2786276741
77.9085397652
70.5853676797
69.3577621208
60.3949058903
57.1001785509
46.9583804803
35.3376421215
25.865256445
13.3233906167
11.665661391
12.96184599
9.0876411
5.31441
0
0
0
0
0
0
12.6334568175
52.17031
65.13215599
71.7570463519
79.4108867905
84.9905364703
87.8423345409
90.1522909782
92.0233556923
92.8210201231
94.1850262997
95.2898713028
95.7608841725
96.9096845617
97.5034026167
97.7880555544
0.0047957337611
0.00159267910885
0
0
0
0
0
0
0
0
0
0
0
0
0
0
0
0
0
0
0
0
0
0
0
0
0
0
0
84.9905364703
94.7665236697
97.2187161056
98.3576796732
99.1272036432
99.1272036432
99.1272036432
99.0302262702
98.8027484817
98.5219117059
97.972444041
96.9096845617
94.1850262997
83.3228183003
52.17031
10
0
19
56.953279
89.0581010868
94.7665236697
96.9096845617
97.7471600455
98.3576796732
98.5219117059
98.6697205353
98.6697205353
98.6697205353
98.5219117059
98.3576796732
98.3576796732
97.972444041
77.4402089455
66.2258381239
65.4426397652
48.6343676797
37.6888641331
25.0201349882
18.8793655827
18.1906623103
14.2787308005
13.3233906167
14.8037673519
12.96184599
9.0876411
0
0
0
0
0
0
0
0
18.6900026705
64.539763421
74.5813417167
79.4108867905
84.9905364703
87.8423345409
90.1522909782
92.0233556923
93.5389181108
94.7665236697
95.7608841725
96.5663161797
97.2252742273
97.482588438
0
0
0
0
0
0
0
0
0
0
0
0
0
0
0
0
0
0
0
0
0
0
0
0
0
0
0
0
0
0
0
0
0
0
87.8423345409
94.1850262997
96.1847957552
96.9096845617
97.2187161056
96.5663161797
94.7665236697
91.1370618803
81.4697981115
52.17031
0
0
32.0608540736
83.3228183003
96.5663161797
98.3576796732
99.3637314559
99.4846224793
99.4846224793
99.4846224793
99.4846224793
99.4846224793
99.4846224793
99.4273583103
99.4273583103
99.3637314559
99.1852823143
71.889049071
64.0172485369
51.6150040555
31.7775285717
30.6287281825
29.0528703097
26.0049058903
22.7101785509
19.8583804803
18.716958031
15.865256445
14.8037673519
12.96184599
4.782969
0
0
0
0
0
0
0
0
0
65.13215599
74.5813417167
81.4697981115
84.9905364703
89.0581010868
91.1370618803
92.8210201231
94.1850262997
95.2898713028
96.1847957552
97.2252742273
97.3085904905
0
0
0
0
0
0
0
0
0
0
0
0
0
0
0
0
0
0
0
0
0
0
0
0
0
0
0
0
0
0
0
0
0
0
0
0
0
0
87.8423345409
91.1370618803
91.1370618803
87.8423345409
77.123207545
52.17031
0
10
57.1305173294
99.6956747278
99.726107255
99.7534965295
99.7534965295
99.7534965295
99.7781468766
99.7781468766
99.7534965295
99.6956747278
99.6618608086
99.6618608086
99.6242897874
99.6242897874
99.5825442082
74.8042385997
57.1481495237
37.9458346034
33.9006518338
33.996601496
33.3913685353
31.0144112774
27.6888641331
24.1094047997
21.3593268333
16.7687223877
15.865256445
14.8037673519
12.96184599
0.808617287091
0
0
0
0
0
0
0
0
0
68.618940391
77.123207545
83.3228183003
86.4914828233
89.0504753799
91.4105349902
93.5389181108
94.7665236697
95.9181815726
96.9133024531
96.7331520746
0
0
0
0
0
0
0
0
0
0
0
0
0
0
0
0
0
0
0
0
0
0
0
0
0
0
0
0
0
0
0
0
0
0
0
0
0
0
0
0
0
74.5813417167
68.618940391
41.0906673081
0.402639776798
48.2243275818
99.726107255
99.7534965295
99.7781468766
99.7781468766
99.7781468766
99.8003321889
99.8003321889
99.8003321889
99.8003321889
99.8003321889
99.8003321889
99.8003321889
99.7781468766
99.726107255
99.2114483745
61.4050575048
47.8215759438
37.7331505925
37.6970442633
36.9235779284
34.3524664893
34.2315754659
32.4471292937
28.4067621208
25.0201349882
21.3593268333
22.0648672003
15.865256445
14.8037673519
12.96184599
0
0
0
0
0
0
0
0
0
10.7618361339
71.7570463519
79.4108867905
84.6826576241
86.9493006322
89.4266346407
92.7130239347
94.1850262997
95.7608841725
96.8900714722
96.6139768617
0
0
0
0
0
0
0
0
0
0
0
0
0
0
0
0
0
0
0
0
0
0
0
0
0
0
0
0
0
0
0
0
0
0
0
0
0
0
0
0
0
0
0.2605583315
0.773201094214
50.5248162768
99.7534965295
99.7534965295
99.7781468766
99.7781468766
99.8003321889
99.8003321889
99.82029897
99.82029897
99.82029897
99.82029897
99.82029897
99.82029897
99.82029897
99.82029897
99.82029897
80.06439897
46.3448299662
39.5293755791
37.6666003827
37.7409305896
38.1416727749
38.3245931082
37.7654945424
37.0320012078
32.848797006
29.9030307265
26.0127616796
23.8466826362
20.2118470115
20.169928545
12.7379706873
9.0876411
0
0
0
0
0
0
0
0
0
49.6351798851
74.5813417167
80.212223965
84.1794890804
86.5723854786
90.7257246339
92.8378157045
95.1807825673
96.4494510544
96.6052560317
0
0
0
0
0
0
0
0
0
0
0
0
0
0
0
0
0
0
0
0
0
0
0
0
0
0
0
0
0
0
0
0
0
0
0
0
0
0
0
0
0
0
0
1.43303299411
14.7355707847
99.7534965295
99.7781468766
99.8003321889
99.8003321889
99.82029897
99.82029897
99.82029897
99.82029897
99.838269073
99.838269073
99.838269073
99.838269073
99.838269073
99.838269073
99.838269073
64.4871512913
44.138681374
42.86701997
38.5423810889
38.4465203617
38.4377236278
38.4039097086
37.8873992842
37.2676964284
38.035083851
34.0319202028
31.5630690231
28.7684257954
25.2335317233
20.2118470115
17.6280627167
12.96184599
0
0
0
0
0
0
0
0
0
0
67.7744138745
77.4847142042
80.7634707487
82.8428535713
87.5947413993
91.6993047676
94.5047930409
96.1070102236
94.2789585593
0
0
0
0
0
0
0
0
0
0
0
0
0
0
0
0
0
0
0
0
0
0
0
0
0
0
0
0
0
0
0
0
0
0
0
0
0
0
0
0
0
0
0
0
0
1.15475960224
5.59312057686
72.7003321889
99.82029897
99.82029897
99.838269073
99.838269073
99.838269073
99.838269073
99.8544421657
99.8544421657
99.8544421657
99.8544421657
99.8544421657
99.8544421657
52.9985421657
47.667959073
42.884990073
42.884990073
38.56234787
38.4955454295
38.4377236278
38.0398336565
37.1934626471
38.1057803559
35.9607650056
33.5085725697
30.7654045923
27.8001499868
23.7325853703
22.0858896552
14.8037673519
4.3046721
0
0
0
0
0
0
0
0
0
23.7908689519
73.4014928764
77.1536632494
77.8527866525
83.0888286238
88.0334661633
92.0673601551
93.9980428199
92.491961176
0
0
0
0
0
0
0
0
0
0
0
0
0
0
0
0
0
0
0
0
0
0
0
0
0
0
0
0
0
0
0
0
0
0
0
0
0
0
0
0
0
0
0
0
0
0
0
0.283363472089
3.2539827903
15.9064014434
99.838269073
99.838269073
99.8544421657
99.8544421657
99.8544421657
99.8544421657
99.8544421657
99.8544421657
99.8544421657
87.4342821583
52.9985421657
47.6841321657
42.9011631657
42.9011631657
40.987522864
38.580317973
38.56234787
38.4222684604
37.1485158294
37.9079598789
36.714492941
34.9268446552
32.2809670108
29.8791107803
25.2335317233
22.0648672003
20.169928545
12.96184599
0
0
0
0
0
0
0
0
0
3.18525257933
60.4918146501
71.6698064781
75.1529841329
77.4225022242
82.9514417271
89.910014923
92.2043768363
90.4140909034
0
0
0
0
0
0
0
0
0
0
0
0
0
0
0
0
0
0
0
0
0
0
0
0
0
0
0
0
0
0
0
0
0
0
0
0
0
0
0
0
0
0
0
0
0
0
0
0
0.0421520934548
1.09716359734
3.288125986
45.5138653752
99.8544421657
99.8544421657
99.8689979491
99.8689979491
99.8689979491
99.8689979491
99.8689979491
65.4789979491
53.0130979491
47.6986879491
45.0111739407
42.9011631657
42.9011631657
38.99604907
38.580317973
38.580317973
37.2019114468
37.2193776177
37.0997285732
35.6517334617
33.5085725697
30.7654045923
27.8001499868
23.7325853703
22.4576077905
19.5867363519
0
0
0
0
0
0
0
0
0
0
38.635062058
65.8152157646
70.0785056027
75.2894947313
80.6500677768
85.066498734
90.3870495159
89.317027485
0
0
0
0
0
0
0
0
0
0
0
0
0
0
0
0
0
0
0
0
0
0
0
0
0
0
0
0
0
0
0
0
0
0
0
0
0
0
0
0
0
0
0
0
0
0
0
0
0
0.0379368841093
0.509902224353
1.67924252885
5.68397164944
99.8689979491
99.8689979491
99.8689979491
99.8689979491
99.8689979491
99.8689979491
65.3231720739
53.0130979491
47.6986879491
47.6986879491
42.9157189491
42.9157189491
42.9011631657
39.188268171
38.5964910657
37.818532177
37.217403204
37.2639606059
35.9607650056
34.5029330725
32.2809670108
28.8943398782
25.2335317233
20.7574142451
19.0886957871
9.0876411
0
0
0
0
0
0
0
0
0
19.655099057
60.496774119
65.4740171585
70.7167670614
75.9029312574
83.1108108595
88.7941968478
88.3742818828
0
0
0
0
0
0
0
0
0
0
0
0
0
0
0
0
0
0
0
0
0
0
0
0
0
0
0
0
0
0
0
0
0
0
0
0
0
0
0
0
0
0
0
0
0
0
0
0
0
0
0.0341431956984
0.0908510725825
1.19927741387
2.9593133874
14.8915616839
99.8820981542
99.8820981542
99.8820981542
72.7820981542
61.6159086719
53.0261981542
52.9588525242
47.7117881542
42.9157189491
42.9157189491
42.9157189491
42.9157189491
41.6866295164
38.4204486642
37.6632073254
37.4117694353
36.238893395
34.9268446552
32.9270751997
29.8791107803
25.2335317233
20.2118470115
17.6280627167
9.0876411
0
0
0
0
0
0
0
0
0
10.2183576449
54.6500095472
65.5367283364
70.2663907611
74.9314880346
82.1098096714
85.4145185142
88.0670982865
0
0
0
0
0
0
0
0
0
0
0
0
0
0
0
0
0
0
0
0
0
0
0
0
0
0
0
0
0
0
0
0
0
0
0
0
0
0
0
0
0
0
0
0
0
0
0
0
0
0
0
0.0486989791277
0.0817659653242
0.932235246154
2.13493810872
7.06107803114
93.1129476311
99.8938883388
72.7938883388
63.82593548
57.2471332722
53.0261981542
47.7117881542
47.7117881542
42.9288191542
42.8935336368
42.8688832897
42.8215272341
42.7051539831
39.9149492043
37.5218584056
36.4892089455
35.1387618152
32.9270751997
30.7654045923
26.5843834409
22.0648672003
20.169928545
12.96184599
0
0
0
0
0
0
0
0
0
0
51.0033853086
61.4292674868
70.2106484348
74.6358421682
81.6048295648
85.169802293
88.1868201417
0
0
0
0
0
0
0
0
0
0
0
0
0
0
0
0
0
0
0
0
0
0
0
0
0
0
0
0
0
0
0
0
0
0
0
0
0
0
0
0
0
0
0
0
0
0
0
0
0
0
0
0.0131002050864
0.0438290812149
0.0735893687918
0.789437134694
1.71868870194
4.13300416632
47.7235783388
72.7938883388
65.5038883388
58.9428883388
53.0379883388
47.7235783388
47.6814262453
44.3963923709
42.8620167137
42.8620167137
42.808853577
42.7197097665
42.5800424584
41.8836126774
39.4351722188
35.603630423
33.5085725697
30.7654045923
26.5843834409
22.0648672003
20.169928545
12.96184599
0
0
0
0
0
0
0
0
0
0
38.5711949086
61.3892257057
70.102108701
74.4274726764
81.3319460483
85.2653840953
88.606115463
0
0
0
0
0
0
0
0
0
0
0
0
0
0
0
0
0
0
0
0
0
0
0
0
0
0
0
0
0
0
0
0
0
0
0
0
0
0
0
0
0
0
0
0
0
0
0
0
0
0
0
0
0.0248903896641
0.0394461730934
0.167140616319
0.681912152106
1.34043570561
2.69516347851
38.6465484049
65.5144995049
58.9049514547
53.0000514547
47.6634561423
47.6634561423
47.6634561423
42.8558367953
42.8166573362
42.786224809
42.6730942894
42.5620723554
41.8801983579
40.8100541382
39.6130371797
37.8132446697
33.1140818987
26.5843834409
22.0648672003
20.169928545
9.35487171301
0
0
0
0
0
0
0
0
0
0
31.0916225423
61.120652454
70.2815617784
74.4998006257
81.2166456612
87.7849982173
88.999548787
0
0
0
0
0
0
0
0
0
0
0
0
0
0
0
0
0
0
0
0
0
0
0
0
0
0
0
0
0
0
0
0
0
0
0
0
0
0
0
0
0
0
0
0
0
0
0
0
0
0
0
0
0.0248903896641
0.0248903896641
0.0248903896641
0.267393637376
0.701000572576
1.18066899284
2.10322948261
38.6124052092
58.8993895281
52.9944895281
47.6800795281
47.669468362
47.6472830496
47.6226327026
42.8122744281
42.6986667759
42.6569211967
42.5589994678
41.7309973187
40.8246099216
39.6130371797
37.8132446697
35.0700766923
30.8890555409
25.9001400221
20.169928545
4.3046721
0
0
0
0
0
0
0
0
0
0
26.9877765568
61.2799813075
70.5482478769
74.4117157307
81.0425088497
87.631864027
91.6736787321
0
0
0
0
0
0
0
0
0
0
0
0
0
0
0
0
0
0
0
0
0
0
0
0
0
0
0
0
0
0
0
0
0
0
0
0
0
0
0
0
0
0
0
0
0
0
0
0
0
0
0
0
0.0117901845777
0.0248903896641
0.0355015557841
0.0355015557841
0.277488200997
0.708630101491
1.05305204405
1.49812085262
42.9025215258
52.9999005258
47.6655237447
47.6655237447
47.6433384323
47.6327272662
47.4675571251
47.4371245979
42.607771621
42.5017352988
41.7440975238
40.8084368289
39.6275929631
37.8132446697
34.1837828803
30.8890555409
26.3695393003
19.8090640997
0
0
0
0
0
0
0
0
0
0
0
23.7483300557
61.7532724273
70.8391970694
74.4674581255
81.0202216319
87.5688332519
92.3351772761
0
0
0
0
0
0
0
0
0
0
0
0
0
0
0
0
0
0
0
0
0
0
0
0
0
0
0
0
0
0
0
0
0
0
0
0
0
0
0
0
0
0
0
0
0
0
0
0
0
0
0
0
0
0
0.0117901845777
0.0355015557841
0.0355015557841
0.351211265414
0.728596882601
0.933326892223
9.03403156387
47.6854905258
47.6655237447
47.6655237447
47.6302382273
47.3945356317
47.33671383
47.390740621
47.3392028689
47.0690636685
46.3647019109
41.195266313
39.2460725387
37.2317472997
34.1837828803
29.5382038233
24.5165191115
22.4110317167
0
0
0
0
0
0
0
0
0
0
0
17.3114741755
65.5923200383
71.6794114464
78.2010337697
82.3288578456
88.0700581099
93.9631822972
0
0
0
0
0
0
0
0
0
0
0
0
0
0
0
0
0
0
0
0
0
0
0
0
0
0
0
0
0
0
0
0
0
0
0
0
0
0
0
0
0
0
0
0
0
0
0
0
0
0
0
0
0
0
0
0.0117901845777
0.0248903896641
0.0500573392134
0.365767048844
0.62135046581
0.80560747447
25.2744588091
47.1623168819
47.0387369418
46.832386786
46.8823176209
46.9792949939
47.0665746296
47.0559634634
46.7639538181
46.2122600628
45.3396347001
44.0275859603
41.3686081108
36.4689852188
28.0372574703
22.4576077905
19.5867363519
0
0
0
0
0
0
0
0
0
0
0
10.1923113834
67.3798534755
76.5360425751
79.5304828662
85.5026960418
90.9755681663
95.0875615901
0
0
0
0
0
0
0
0
0
0
0
0
0
0
0
0
0
0
0
0
0
0
0
0
0
0
0
0
0
0
0
0
0
0
0
0
0
0
0
0
0
0
0
0
0
0
0
0
0
0
0
0
0
0
0
0
0
0.0486989791277
0.115741462247
0.321955296713
1.54918313938
6.71009997084
37.3112725305
48.2531063307
51.304480265
51.5241810239
51.836221886
48.1826092146
46.6548398324
46.521811886
46.0166798214
45.0601962901
43.5905741725
40.6638103282
36.8877910868
28.5482134624
20.169928545
17.8063934611
0
0
0
0
0
0
0
0
0
0
0
0
68.9772050319
79.6660642874
81.9042960995
87.1974862408
91.9429403137
95.2968487818
0
0
0
0
0
0
0
0
0
0
0
0
0
0
0
0
0
0
0
0
0
0
0
0
0
0
0
0
0
0
0
0
0
0
0
0
0
0
0
0
0
0
0
0
0
0
0
0
0
0
0
0
0
0
0
0
0
0
0.0908510725825
0.142890694132
1.16252197505
4.74023280376
16.9518225141
46.0297800265
50.3852174563
49.7328175304
49.7328175304
51.5241810239
51.5241810239
51.5241810239
47.8146970725
44.7511647463
43.1313514873
39.8530456923
34.3211728233
29.2994881115
22.4110317167
0
0
0
0
0
0
0
0
0
0
0
0
21.8691533648
72.1792010802
82.7767720097
84.7215216031
86.6632359586
90.7238352568
95.1987471875
0
0
0
0
0
0
0
0
0
0
0
0
0
0
0
0
0
0
0
0
0
0
0
0
0
0
0
0
0
0
0
0
0
0
0
0
0
0
0
0
0
0
0
0
0
0
0
0
0
0
0
0
0
0
0
0
0
0
0
0.0601221964539
0.128334910702
3.45470888944
7.93565448242
36.7831587012
55.9586845617
55.2337957552
49.3288957552
49.7210273458
51.1271552071
51.1271552071
50.6515556611
49.7256188179
47.3515276504
39.6723428719
32.8202264703
27.2405767905
21.763040391
0
0
0
0
0
0
0
0
0
0
0
0
42.4217645837
65.1268073472
81.7227723547
83.4497806369
86.1848307334
89.0154248242
93.8827232451
0
0
0
0
0
0
0
0
0
0
0
0
0
0
0
0
0
0
0
0
0
0
0
0
0
0
0
0
0
0
0
0
0
0
0
0
0
0
0
0
0
0
0
0
0
0
0
0
0
0
0
0
0
0
0
0
0
0
0
0
0
2.11193127354
5.5856506207
20.6840746969
54.164554615
54.3388713028
54.8098841725
55.2337957552
56.2677161056
50.6515556611
50.3734272717
49.3395069214
45.9757312892
40.9970457071
29.2994881115
24.8924479417
7.5718672561
0
0
0
0
0
0
0
0
0
0
13.0531361303
21.1426803846
49.0061068489
58.3618920602
70.0417041151
80.3459796314
81.491044447
83.7584480872
89.565394601
0
0
0
0
0
0
0
0
0
0
0
0
0
0
0
0
0
0
0
0
0
0
0
0
0
0
0
0
0
0
0
0
0
0
0
0
0
0
0
0
0
0
0
0
0
0
0
0
0
0
0
0
0
0
0
0
0
0
0
0
0
0
4.16144006292
7.0664251274
47.7010804456
60.4609668505
61.3664812302
54.8098841725
55.6153161797
55.9586845617
55.6153161797
51.28073556
43.3070021443
38.1452476364
30.2779187112
18.27625599
0
0
0
0
0
0
0
0
0
0
0
26.9857610737
69.0933300438
51.4820433262
52.17031
56.953279
64.2612405631
70.3874321237
71.6206821242
70.7922711069
0
0
0
0
0
0
0
0
0
0
0
0
0
0
0
0
0
0
0
0
0
0
0
0
0
0
0
0
0
0
0
0
0
0
0
0
0
0
0
0
0
0
0
0
0
0
0
0
0
0
0
0
0
0
0
0
0
0
0
0
0
0
0
5.60859319431
39.6130371797
61.8792389361
63.106844495
62.5196845617
61.7947957552
61.5461882808
54.8098841725
51.0723556923
45.5404828233
32.5655979567
21.7736515571
0
0
0
0
0
0
0
0
0
0
0
0
36.1058616236
81.4235960533
59.2694267898
52.17031
56.953279
56.953279
57.9278457459
60.1184220094
48.6327801575
0
0
0
0
0
0
0
0
0
0
0
0
0
0
0
0
0
0
0
0
0
0
0
0
0
0
0
0
0
0
0
0
0
0
0
0
0
0
0
0
0
0
0
0
0
0
0
0
0
0
0
0
0
0
0
0
0
0
0
0
0
0
0
5.70842258288
34.5029330725
62.1763161797
72.9377663638
70.85218506
70.0284973141
61.3708841725
58.4310201231
46.8913345409
38.4598867905
30.8060463519
0.01061116612
0
0
0
0
0
0
0
0
0
0
0
0
68.0002347793
84.9905364703
75.7552146288
56.953279
56.953279
56.953279
57.6700746421
58.8210607289
45.4822782389
0
0
0
0
0
0
0
0
0
0
0
0
0
0
0
0
0
0
0
0
0
0
0
0
0
0
0
0
0
0
0
0
0
0
0
0
0
0
0
0
0
0
0
0
0
0
0
0
0
0
0
0
0
0
0
0
0
0
0
0
0
0
0
0.886293811965
23.0094773178
61.7947957552
97.496844495
98.1045788816
87.3275180266
73.8210201231
60.7423345409
47.0797981115
37.3670463519
0
0
0.00955004950797
0
0
0
0
0
0
0
0
0
0
0
85.0326885638
90.2739274114
88.4294937234
61.2579511
56.953279
56.953279
58.6093222594
60.3502919593
53.429651064
0
0
0
0
0
0
0
0
0
0
0
0
0
0
0
0
0
0
0
0
0
0
0
0
0
0
0
0
0
0
0
0
0
0
0
0
0
0
0
0
0
0
0
0
0
0
0
0
0
0
0
0
0
0
0
0
0
0
0
0
0
0
0
0
17.0618187547
60.8998713028
96.5663161797
97.496844495
94.7498649259
89.0581010868
64.3667598652
52.0216474565
0
0
0
0.00955004950797
0.00955004950797
0
0
0
0
0
0
0
0.0145557834293
0.0307288761285
30.6006611569
89.3649221121
92.9014416877
88.0325537826
61.2579511
61.2579511
59.4273199731
60.7274838234
61.2579511
57.3836554921
0
0
0
0
0
0
0
0
0
0
0
0
0
0
0
0
0
0
0
0
0
0
0
0
0
0
0
0
0
0
0
0
0
0
0
0
0
0
0
0
0
0
0
0
0
0
0
0
0
0
0
0
0
0
0
0
0
0
0
0
0
0
0
0
17.4420139756
60.3765236697
95.7608841725
96.1847957552
91.4393909669
84.9905364703
71.7570463519
0
0
0
0
0
0.00955004950797
0
0
0
0
0.0117901845777
0.0117901845777
0.0248903896641
0.0276559885157
0.0617991842141
86.4083688764
95.7087715031
94.5023460814
89.0581010868
62.5273337247
61.2579511
61.2579511
61.2579511
61.2579511
58.2380981504
0
0
0
0
0
0
0
0
0
0
0
0
0
0
0
0
0
0
0
0
0
0
0
0
0
0
0
0
0
0
0
0
0
0
0
0
0
0
0
0
0
0
0
0
0
0
0
0
0
0
0
0
0
0
0
0
0
0
0
0
0
0
0
0
17.3010547349
52.5879181108
94.7665236697
95.2898713028
87.212502532
74.5813417167
0
0
0
0
0
0
0
0.00859504455717
0.00955004950797
0.00955004950797
0.01061116612
0.0224013506977
0.0224013506977
0.0248903896641
0.0394461730934
55.3083918597
94.7523593986
99.6755770565
91.1971840768
89.0581010868
62.0292492507
61.2579511
61.2579511
61.2579511
61.2579511
58.6200131772
0
0
0
0
0
0
0
0
0
0
0
0
0
0
0
0
0
0
0
0
0
0
0
0
0
0
0
0
0
0
0
0
0
0
0
0
0
0
0
0
0
0
0
0
0
0
0
0
0
0
0
0
0
0
0
0
0
0
0
0
0
0
0
0
16.3376421215
50.1860618803
93.5389181108
89.6655100591
79.8663755225
46.8559
0
0
0
0
0
0
0
0.00859504455717
0.00859504455717
0.00955004950797
0.00955004950797
0.01061116612
0.0224013506977
0.0355015557841
10.3744269205
93.3730384865
95.6233759455
92.0920214526
90.9827001355
86.6846042626
61.2579511
61.2579511
61.2579511
61.2579511
61.2579511
59.1233874209
0
0
0
0
0
0
0
0
0
0
0
0
0
0
0
0
0
0
0
0
0
0
0
0
0
0
0
0
0
0
0
0
0
0
0
0
0
0
0
0
0
0
0
0
0
0
0
0
0
0
0
0
0
0
0
0
0
0
0
0
0
0
0
0
0
60.7423345409
91.1370618803
84.0795435395
54.5721662304
0
0
0
0
0
0
0
0
0.00859504455717
0.00859504455717
0.00859504455717
0.00955004950797
0.0201612156279
0.0224013506977
6.93975338561
90.0402655523
92.2499272794
92.0851548765
91.1677907565
90.1522909782
81.8775291425
61.2579511
61.2579511
61.2579511
61.2579511
62.6807853336
62.595229186
0
0
0
0
0
0
0
0
0
0
0
0
0
0
0
0
0
0
0
0
0
0
0
0
0
0
0
0
0
0
0
0
0
0
0
0
0
0
0
0
0
0
0
0
0
0
0
0
0
0
0
0
0
0
0
0
0
0
0
0
0
0
0
0
0
71.4697981115
89.0581010868
44.0572637689
0
0
0
0
0
0
0
0
0
0.00859504455717
0.00859504455717
0.00859504455717
0.0181450940651
0.0201612156279
6.2315621555
89.0936026426
92.0588572481
92.0628018654
92.0510116808
91.1370618803
90.1522909782
68.4517031555
61.2579511
61.2579511
61.2579511
63.658796926
74.9657591618
78.3995679366
0
0
0
0
0
0
0
0
0
0
0
0
0
0
0
0
0
0
0
0
0
0
0
0
0
0
0
0
0
0
0
0
0
0
0
0
0
0
0
0
0
0
0
0
0
0
0
0
0
0
0
0
0
0
0
0
0
0
0
0
0
0
0
0
0
41.518940391
42.3718183003
5.02168471179
0
0
0
0
0
0
0
0
0
0
0.00859504455717
0.0247681372564
0.0722550708737
8.77023284381
87.8742859411
91.1725634361
92.8565216789
92.8459105127
92.0233556923
91.1370618803
89.4010501349
61.2579511
61.2579511
61.2579511
66.1627625526
89.9745094801
99.4149803962
99.7647439227
0.0047957337611
0
0
0
0
0
0
0
0
0
0
0
0
0
0
0
0
0
0
0
0
0
0
0
0
0
0
0
0
0
0
0
0
0
0
0
0
0
0
0
0
0
0
0
0
0
0
0
0
0
0
0
0
0
0
0
0
0
0
0
0
0
0
0
0
0
0
0
0
0
0
0
0
0
0
0
0
0.0276559885157
0.0470594607872
0.0470594607872
38.6923784453
86.5096279173
90.1842423784
92.8529715233
93.5613194615
92.8210201231
92.8210201231
92.0233556923
65.0872662199
61.2579511
62.5260594254
88.5173702714
98.7298427317
99.8023986974
99.7983080922
99.8824369636
99.9883893693
99.9870992992
0.0276685973822
0
0
0
0
0
0
0
0
0
0
0
0
0
0
0
0
0
0
0
0
0
0
0
0
0
0
0
0
0
0
0
0
0
0
0
0
0
0
0
0
0
0
0
0
0
0
0
0
0
0
0
0
0
0
0
0
0
0
0
0
0
0
0
0
0
0
0
0
0
0
0
0
0
0
0.0556192657927
9.78471422266
81.9725925473
86.5000778678
89.0762461809
92.0435169079
93.5613194615
93.5507082954
93.5389181108
92.8210201231
88.2066896425
65.7088310157
73.075135101
98.0460334097
99.8820981542
99.8689979491
99.8544421657
99.8584302886
99.9075062917
99.9883893693
99.9870992992
99.9870992992
99.9797452291
0.118585673734
0
0
0
0
0
0
0
0
0
0
0
0
0
0
0
0
0
0
0
0
0
0
0
0
0
0
0
0
0
0
0
0
0
0
0
0
0
0
0
0
0
0
0
0
0
0
0
0
0
0
0
0
0
0
0
0
0
0
0
0
0
0
0
0
0
0
0
0
0
0
15.865256445
27.2405767905
42.0957087284
70.6526132479
80.8582768641
86.445456573
91.1552069744
92.8411813387
93.5495292769
94.1850262997
94.7665236697
95.2898713028
96.9096845617
98.7455010167
99.9044995049
99.9044995049
99.8938883388
99.8820981542
99.8689979491
99.8977542093
99.9220620752
99.9883893693
99.9883893693
99.9870992992
99.9836996175
99.9757250555
99.9730278394
0.180743291776
0
0
0
0
0
0
0
0
0
0
0
0
0
0
0
0
0
0
0
0
0
0
0
0
0
0
0
0
0
0
0
0
0
0
0
0
0
0
0
0
0
0
0
0
0
0
0
0
0
0
0
0
0
0
0
0
0
0
0
0
0
0
0
0
0
43.4271066494
64.5813417167
79.4108867905
81.4697981115
82.3593552174
70.2450492575
70.6002834668
84.1851179945
90.242651988
92.0510116808
94.2074276504
97.5323460508
98.393181229
98.960517547
99.5952791442
99.922644599
99.922644599
99.9140495544
99.9140495544
99.9044995049
99.8938883388
99.8938883388
99.9002432483
99.9468761731
99.9883893693
99.9883893693
99.9870992992
99.9870992992
99.9797452291
22.8525175105
99.9730278394
99.9630011515
0.128948151386
0
0
0
0
0
0
0
0
0
0
0
0
0
0
0
0
0
0
0
0
0
0
0
0
0
0
0
0
0
0
0
0
0
0
0
0
0
0
0
0
0
0
0
0
0
0
0
0
0
0
0
0
0
0
0
0
0
0
0
0
0
0
56.953279
71.7570463519
77.123207545
81.4697981115
83.3228183003
85.0405938095
85.870092668
87.067265855
89.2103343494
91.3335992243
97.6302518261
99.4587089894
99.9044995049
99.9044995049
99.9303801391
99.9303801391
99.922644599
99.922644599
99.922644599
99.9140495544
99.9140495544
99.9044995049
99.9044995049
99.9120334329
99.9619618774
99.9883893693
99.9883893693
99.9870992992
99.9870992992
80.9836996175
16.6553342496
16.6529067552
10.9149267526
18.4890920568
6.41032901062
0.0536466498492
0
0
0
0
0
0
0
0
0
0
0
0
0
0
0
0
0
0
0
0
0
0
0
0
0
0
0
0
0
0
0
0
0
0
0
0
0
0
0
0
0
0
0
0
0
0
0
0
0
0
0
0
0
0
0
0
0
0
0
0
52.17031
71.7570463519
79.4108867905
81.4697981115
83.3228183003
85.0749119963
86.6215307735
89.188149037
91.2892951429
98.8739934194
99.5545836697
99.9140495544
99.922644599
99.9303801391
99.9303801391
99.9303801391
99.9303801391
99.9303801391
99.922644599
99.922644599
99.9140495544
99.9140495544
99.9140495544
99.9333590956
99.9571698576
99.9883893693
99.9883893693
99.9870992992
99.9870992992
22.8604920725
13.4866697267
12.1333905146
9.82073686128
9.81773995455
8.82182828798
10.8911460345
0.306090351701
0
0
0
0
0
0
0
0
0
0
0
0
0
0
0
0
0
0
0
0
0
0
0
0
0
0
0
0
0
0
0
0
0
0
0
0
0
0
0
0
0
0
0
0
0
0
0
0
0
0
0
0
0
0
0
0
0
0
0
40.951
68.618940391
77.123207545
81.4697981115
83.3228183003
86.5938284522
87.9793444772
93.3412094944
99.0816688822
99.4911773796
99.9303801391
99.9373421252
99.9373421252
99.9373421252
99.9373421252
99.9373421252
99.9303801391
99.9303801391
99.9303801391
99.922644599
99.922644599
99.9140495544
99.9140495544
99.9333590956
99.9624069995
99.9883893693
99.9883893693
99.9870992992
20.5762125087
13.4922167942
9.82745425089
8.83866317515
7.95236936318
7.94967214713
6.42408304072
5.76929610956
8.81218524105
2.71166403352
0
0
0
0
0
0
0
0
0
0
0
0
0
0
0
0
0
0
0
0
0
0
0
0
0
0
0
0
0
0
0
0
0
0
0
0
0
0
0
0
0
0
0
0
0
0
0
0
0
0
0
0
0
0
0
0
0
0
19
65.13215599
77.123207545
81.4697981115
84.9905364703
86.6215307735
98.3122095731
99.270479367
99.5348317007
99.8411918897
99.9492471214
99.9492471214
99.9492471214
99.9436079127
99.9373421252
99.9373421252
99.9303801391
99.9303801391
99.9303801391
99.9303801391
99.922644599
99.922644599
99.922644599
99.9333590956
99.9515144402
80.246435219
18.5173011877
14.9965628289
10.9289982124
9.13600295223
7.95638953674
7.15713242687
6.43680694472
5.78800153974
5.78167473665
5.1923664986
5.76929610956
7.12822699831
6.38372648821
0.0817659653242
0
0
0
0
0
0
0
0
0
0
0
0
0
0
0
0
0
0
0
0
0
0
0
0
0
0
0
0
0
0
0
0
0
0
0
0
0
0
0
0
0
0
0
0
0
0
0
0
0
0
0
0
0
0
0
0
0
61.2579511
77.123207545
81.4697981115
84.9905364703
99.7195541445
99.5506672529
99.6850751638
99.8243865557
99.9543224093
99.9543224093
99.9543224093
99.9492471214
99.9492471214
99.9436079127
99.9373421252
99.9373421252
99.9303801391
99.9303801391
99.9303801391
99.9303801391
99.9303801391
99.9303801391
99.9456623948
99.954344616
10.9302882824
9.83480832105
8.85003741887
7.96374360691
7.16411290563
6.41987007408
5.79312625025
5.20920138577
5.20650416971
4.68015962996
4.67312984874
5.1923664986
5.18779873953
6.40468980189
7.89928890667
0.142890694132
0
0
0
0
0
0
0
0
0
0
0
0
0
0
0
0
0
0
0
0
0
0
0
0
0
0
0
0
0
0
0
0
0
0
0
0
0
0
0
0
0
0
0
0
0
0
0
0
0
0
0
0
0
0
0
0
61.2579511
74.5813417167
81.4697981115
94.2685126941
99.8389504515
99.79080896
99.815851029
99.9218622944
99.9543224093
99.9543224093
99.9543224093
99.9492471214
99.9492471214
99.9492471214
99.9436079127
99.9373421252
99.9373421252
99.9303801391
99.9303801391
99.9303801391
99.9303801391
99.9303801391
99.9480898892
99.9550408146
7.16736924621
7.16607917614
6.44818118844
5.80207299952
5.21860935899
4.6898739263
4.68828124719
4.21484088302
4.21214366696
4.21214366696
4.20211697902
4.19800599585
4.66901886558
5.18779873953
7.1163220021
16.5912312541
0.192581357059
0
0
0
0
0
0
0
0
0
0
0
0
0
0
0
0
0
0
0
0
0
0
0
0
0
0
0
0
0
0
0
0
0
0
0
0
0
0
0
0
0
0
0
0
0
0
0
0
0
0
0
0
0
0
0
61.2579511
77.123207545
85.7475794733
99.9373421252
99.8445896603
99.8496649481
99.9022827877
99.9543224093
99.9543224093
99.9543224093
99.9543224093
99.9543224093
99.9492471214
99.9492471214
99.9492471214
99.9436079127
99.9373421252
99.9373421252
99.9373421252
99.9373421252
99.9373421252
99.9429813339
99.9567499037
99.9568203556
5.22186569957
5.22057562949
4.69722799646
4.69526172596
4.22424885624
3.84455273209
3.79494947383
3.79092930027
3.40940887579
3.40671165973
3.40038485664
3.77820539627
3.7740944131
4.19800599585
5.7642208217
99.9303801391
72.8044995049
0.17640826436
0
0
0
0
0
0
0
0
0
0
0
0
0
0
0
0
0
0
0
0
0
0
0
0
0
0
0
0
0
0
0
0
0
0
0
0
0
0
0
0
0
0
0
0
0
0
0
0
0
0
0
0
0
0
65.13215599
79.5240173101
99.82029897
99.9436079127
99.8601306943
99.9037070373
99.9588901683
99.9588901683
99.9588901683
99.9543224093
99.9543224093
99.9543224093
99.9543224093
99.9543224093
99.9543224093
99.9543224093
99.9486832005
99.9486832005
99.9532509596
99.9588901683
99.9588901683
99.9588901683
99.9543718319
99.9584160593
3.95321577982
3.80033727348
3.80033727348
3.80033727348
3.41704720555
3.41342904935
3.07006066732
3.06604049376
3.06604049376
3.0633432777
3.06034637098
3.05701647461
3.39968187852
3.78389951905
5.42312954574
99.9466048194
99.9256415057
89.8938883388
0
0
0
0
0
0
0
0
0
0
0
0
0
0
0
0
0
0
0
0
0
0
0
0
0
0
0
0
0
0
0
0
0
0
0
0
0
0
0
0
0
0
0
0
0
0
0
0
0
0
0
0
0
40.951
68.618940391
99.7781468766
99.8689979491
99.9543224093
99.8920877278
99.9588901683
99.9588901683
99.9588901683
99.9588901683
99.9543224093
99.9543224093
99.9543224093
99.9543224093
99.9543224093
99.9543224093
99.9543224093
99.9588901683
99.9588901683
99.9588901683
99.9588901683
99.9588901683
99.9588901683
99.9584828151
99.9527768505
3.33442861495
3.07544846698
3.07544846698
3.07367882352
3.07149407852
2.76102912349
2.76102912349
2.75700894993
2.47888056049
2.47618334443
2.47618334443
2.75431173388
2.75700894993
3.06604049376
4.68215386789
99.9633464284
99.943036248
99.9170464612
47.6986879491
0
0
0
0
0
0
0
0
0
0
0
0
0
0
0
0
0
0
0
0
0
0
0
0
0
0
0
0
0
0
0
0
0
0
0
0
0
0
0
0
0
0
0
0
0
0
0
0
0
0
0
0
52.17031
99.6956747278
99.82029897
99.9436079127
99.9588901683
99.9588901683
99.9630011515
99.9630011515
99.9630011515
99.9588901683
99.9588901683
99.9543224093
99.9543224093
99.9543224093
99.9543224093
99.9543224093
99.9588901683
99.9588901683
99.9588901683
99.9588901683
99.9588901683
99.9630011515
99.9630011515
99.9584828151
99.9584160593
2.76593734977
2.76641692315
2.7646472797
2.48651889025
2.48433414525
2.48290073405
2.23258518355
2.22856500999
2.22856500999
2.22586779393
2.22586779393
2.22856500999
2.47888056049
2.75700894993
3.91512174617
99.9757250555
99.9679141875
99.9394041582
99.9074964116
28.0812227211
0
0
0
0
0
0
0
0
0
0
0
0
0
0
0
0
0
0
0
0
0
0
0
0
0
0
0
0
0
0
0
0
0
0
0
0
0
0
0
0
0
0
0
0
0
0
0
0
0
0
34.39
98.3576796732
99.7534965295
99.8689979491
99.9543224093
99.9588901683
99.9630011515
99.9630011515
99.9630011515
99.9630011515
99.9630011515
99.9588901683
99.9588901683
99.9543224093
99.9543224093
99.9543224093
99.9588901683
99.9588901683
99.9588901683
99.9630011515
99.9630011515
99.9630011515
99.9630011515
99.9654286459
99.9680184084
99.9625270424
2.23749340983
2.23620333975
2.23620333975
2.23620333975
2.23401859475
2.0073011881
2.00570850899
2.00328101454
2.00328101454
2.00058379849
2.00328101454
2.00328101454
2.00328101454
2.22856500999
3.06604049376
99.9757250555
99.9757250555
99.9757250555
99.9546864139
99.8928126508
13.4834121113
0
0
0
0
0
0
0
0
0
0
0
0
0
0
0
0
0
0
0
0
0
0
0
0
0
0
0
0
0
0
0
0
0
0
0
0
0
0
0
0
0
0
0
0
0
0
0
0
0
74.5813417167
99.6242897874
99.82029897
99.9044995049
99.9588901683
99.9630011515
99.9667010363
99.9667010363
99.9667010363
99.9667010363
99.9667010363
99.9630011515
99.9656983676
99.9615873844
99.9615873844
99.9615873844
99.9615873844
99.9656983676
99.9656983676
99.9656983676
99.9630011515
99.9630011515
99.9654286459
99.968125862
99.9684255527
99.9737627685
2.01220941438
2.0109193443
2.0109193443
2.0109193443
1.85431309903
1.8045455922
1.80295291309
1.80052541864
1.61804538232
1.61804538232
1.61804538232
1.61804538232
1.80295291309
1.80295291309
2.29429678451
99.9757250555
99.9757250555
99.9757250555
99.9757250555
99.9659980582
99.8552493571
3.95792638423
0
0
0
0
0
0
0
0
0
0
0
0
0
0
0
0
0
0
0
0
0
0
0
0
0
0
0
0
0
0
0
0
0
0
0
0
0
0
0
0
0
0
0
0
0
0
0
46.8559
98.5219117059
99.726107255
99.8689979491
99.9543224093
99.9630011515
99.9667010363
99.9667010363
99.9700309327
99.9730278394
99.9730278394
99.9757250555
99.9723951591
99.9686952743
99.9656983676
99.9656983676
99.968125862
99.968125862
99.968125862
99.968125862
99.968125862
99.968125862
99.968125862
99.968125862
99.968125862
99.967613391
99.9737627685
1.80945381848
1.8081637484
1.8081637484
1.76548173364
1.62206555588
1.62206555588
1.62047287677
1.51417832359
1.45381334964
1.45381334964
1.45381334964
1.45624084409
1.45624084409
1.62047287677
1.80295291309
28.2186787036
99.9757250555
99.9757250555
99.9757250555
99.9757250555
99.9630011515
99.7951271606
0
0
0
0
0
0
0
0
0
0
0
0
0
0
0
0
0
0
0
0
0
0
0
0
0
0
0
0
0
0
0
0
0
0
0
0
0
0
0
0
0
0
0
0
0
0
0
61.2579511
99.4846224793
99.8003321889
99.8938883388
99.9588901683
99.9667010363
99.9700309327
99.9730278394
99.9730278394
99.9757250555
99.9757250555
99.9757250555
99.9757250555
99.9757250555
99.9748226536
99.9748226536
99.9748226536
99.9718257469
99.968125862
99.968125862
99.968125862
99.968125862
99.968125862
99.968125862
99.968125862
99.967613391
99.9737627685
1.62697378216
1.62568371209
1.62568371209
1.50806914744
1.4578335232
1.45624084409
1.45624084409
1.30600452023
1.30600452023
1.30600452023
1.30843201468
1.30843201468
1.30843201468
1.30843201468
1.45624084409
8.8410906696
99.9757250555
99.9757250555
99.9757250555
99.9757250555
99.9730278394
99.9588901683
58.5336224793
0
0
0
0
0
0
0
0
0
0
0
0
0
0
0
0
0
0
0
0
0
0
0
0
0
0
0
0
0
0
0
0
0
0
0
0
0
0
0
0
0
0
0
0
0
0
87.8423345409
99.6242897874
99.8689979491
99.9140495544
99.9630011515
99.9730278394
99.9757250555
99.9757250555
99.9757250555
99.9757250555
99.9757250555
99.9781525499
99.9781525499
99.9781525499
99.9781525499
99.9781525499
99.9781525499
99.9748226536
99.9748226536
99.9718257469
99.9718257469
99.9718257469
99.968125862
99.968125862
99.968125862
99.967613391
99.9747654373
1.46274174948
1.4614516794
1.4614516794
1.37047534992
1.31002469379
1.30843201468
1.30843201468
1.17297657375
1.17297657375
1.1754040682
1.1754040682
1.05567891638
1.05567891638
1.05567891638
1.1754040682
2.27734304346
99.9781525499
99.9757250555
99.9757250555
99.9757250555
99.9730278394
99.9630011515
99.9543224093
21.9070187252
0
0
0
0
0
0
0
0
0
0
0
0
0
0
0
0
0
0
0
0
0
0
0
0
0
0
0
0
0
0
0
0
0
0
0
0
0
0
0
0
0
0
0
0
0
99.1272036432
99.7534965295
99.8938883388
99.9543224093
99.9730278394
99.9757250555
99.9757250555
99.9771584667
99.9795859611
99.9795859611
99.9795859611
99.9795859611
99.9795859611
99.9781525499
99.9781525499
99.9781525499
99.9781525499
99.9781525499
99.9748226536
99.9748226536
99.9748226536
99.9718257469
99.9718257469
99.9718257469
99.9740104919
99.9681828032
99.9747654373
1.31493292007
1.31364284999
1.31364284999
1.29668727163
1.17699674731
1.1754040682
1.1754040682
1.10536287012
1.05567891638
1.05567891638
1.01032595552
0.947926279735
0.947926279735
0.947926279735
0.947926279735
1.05567891638
38.7202014499
99.9757250555
99.9757250555
99.9757250555
99.9757250555
99.9667010363
99.9588901683
99.9436079127
2.88532833411
0
0
0
0
0
0
0
0
0
0
0
0
0
0
0
0
0
0
0
0
0
0
0
0
0
0
0
0
0
0
0
0
0
0
0
0
0
0
0
0
0
0
0
40.951
99.4273583103
99.8544421657
99.9140495544
99.9659980582
99.9757250555
99.9795859611
99.9795859611
99.9795859611
99.9795859611
99.9795859611
99.9795859611
99.9795859611
99.9795859611
99.9795859611
99.9795859611
99.9781525499
99.9781525499
99.9781525499
99.9781525499
99.9781525499
99.9748226536
99.9748226536
99.9718257469
99.9718257469
99.9740104919
99.9718826881
99.9747654373
1.18190497359
1.18061490352
1.18061490352
1.18061490352
1.1573073112
1.05567891638
1.05567891638
1.05567891638
0.947926279735
0.947926279735
0.947926279735
0.850948906756
0.850948906756
0.850948906756
0.839960137833
0.850948906756
7.56923081964
99.9781525499
99.9757250555
99.9757250555
99.9757250555
99.9757250555
99.9630011515
99.9543224093
99.922644599
0
0
0
0
0
0
0
0
0
0
0
0
0
0
0
0
0
0
0
0
0
0
0
0
0
0
0
0
0
0
0
0
0
0
0
0
0
0
0
0
0
0
0
68.618940391
99.6618608086
99.8820981542
99.9543224093
99.9757250555
99.9795859611
99.9795859611
99.9795859611
99.9795859611
99.9795859611
99.9795859611
99.9795859611
99.9795859611
99.9795859611
99.9795859611
99.9795859611
99.9795859611
99.9795859611
99.9781525499
99.9781525499
99.9781525499
99.9781525499
99.9748226536
99.9748226536
99.9740104919
99.9740104919
99.9718826881
99.9717685305
1.12134167818
1.10340108422
1.06669171442
1.06088975169
1.05567891638
1.05567891638
0.947926279735
0.947926279735
0.947926279735
0.850948906756
0.850948906756
0.763669271075
0.763669271075
0.685117598962
0.685117598962
0.685117598962
0.830231995669
38.7216348611
99.9795859611
99.9795859611
99.9771584667
99.9757250555
99.9730278394
99.9588901683
99.9436079127
43.9469622298
0
0
0
0
0
0
0
0
0
0
0
0
0
0
0
0
0
0
0
0
0
0
0
0
0
0
0
0
0
0
0
0
0
0
0
0
0
0
0
0
0
0
98.8027484817
99.8003321889
99.9303801391
99.9771584667
99.9795859611
99.9795859611
99.9795859611
99.9795859611
99.9795859611
99.9795859611
99.9795859611
99.9795859611
99.9795859611
99.9795859611
99.9795859611
99.9795859611
99.9795859611
99.9795859611
99.9795859611
99.9795859611
99.9781525499
99.9781525499
99.9781525499
99.9770073986
99.9770073986
99.9713132758
99.9704784605
99.972444731
1.05975232732
1.06088975169
1.06088975169
1.03244587337
0.961557462342
0.947926279735
0.947926279735
0.851977040923
0.843138038739
0.798135868214
0.763669271075
0.685117598962
0.685117598962
0.614421094061
0.550794239649
0.552227650847
0.615854505259
7.15856583806
65.5895859611
99.9795859611
99.9795859611
99.9795859611
99.9771584667
99.9693279546
99.9543224093
99.9303801391
0
0
0
0
0
0
0
0
0
0
0
0
0
0
0
0
0
0
0
0
0
0
0
0
0
0
0
0
0
0
0
0
0
0
0
0
0
0
0
0
0
0
99.3637314559
99.8938883388
99.9563746554
99.9795859611
99.9795859611
99.9795859611
99.9795859611
99.9817707062
99.9817707062
99.9795859611
99.9795859611
99.9795859611
99.9795859611
99.9795859611
99.9795859611
99.9795859611
99.9795859611
99.9795859611
99.9795859611
99.9795859611
99.9795859611
99.9781525499
99.980337295
99.980337295
99.9770073986
99.9743101825
99.9704784605
99.972444731
1.00541287855
0.997240739779
0.968516692973
0.949437230196
0.944226394884
0.927801190555
0.843138038739
0.843138038739
0.763594078334
0.759969386225
0.685117598962
0.660734501968
0.614421094061
0.552227650847
0.494963481877
0.443425729804
0.456416694874
0.615854505259
16.6567676608
43.0263069611
89.9795859611
99.9795859611
99.9795859611
99.9771584667
99.9633204863
99.9436079127
99.9140495544
0
0
0
0
0
0
0
0
0
0
0
0
0
0
0
0
0
0
0
0
0
0
0
0
0
0
0
0
0
0
0
0
0
0
0
0
0
0
0
0
0
99.6956747278
99.9318135503
99.9795859611
99.9795859611
99.9817707062
99.9833633853
99.9833633853
99.9817707062
99.9817707062
99.9817707062
99.9817707062
99.9817707062
99.9817707062
99.9795859611
99.9795859611
99.9795859611
99.9795859611
99.9795859611
99.9795859611
99.9795859611
99.9795859611
99.9795859611
99.9795859611
99.980337295
99.9770073986
99.9743101825
99.9710547192
99.972444731
0.969743282139
0.947009735746
0.942898752579
0.935460277186
0.898204982923
0.843138038739
0.840710544288
0.772739904097
0.750733692551
0.672182020439
0.678720498056
0.615854505259
0.552227650847
0.494963481877
0.397041752938
0.355296173759
0.355296173759
0.443425729804
3.20905597945
13.4881031379
25.3982442444
43.0263069611
80.9795859611
99.9795859611
99.9771584667
99.9603235795
99.9303801391
10
0
0
0
0
0
0
0
0
0
0
0
0
0
0
0
0
0
0
0
0
0
0
0
0
0
0
0
0
0
0
0
0
0
0
0
0
0
0
0
97.972444041
99.8835315654
99.9647798396
99.9811786403
99.9833633853
99.9846534553
99.9846534553
99.9846534553
99.9846534553
99.9830607762
99.9830607762
99.9830607762
99.9817707062
99.9817707062
99.9817707062
99.9817707062
99.9795859611
99.9795859611
99.9795859611
99.9795859611
99.9795859611
99.9795859611
99.9795859611
99.9817707062
99.9817707062
99.980337295
99.9743101825
99.9747654373
99.972444731
0.946682463212
0.929690927756
0.916084156071
0.892926642435
0.852457334708
0.844328700491
0.793554195224
0.752167103749
0.708943109208
0.673615431637
0.605346421185
0.54528851044
0.491263597027
0.439725844954
0.351596288908
0.274197716831
0.25347870614
0.317725152497
0.515877210556
3.72856499654
7.60254150857
12.6402127109
18.5113805288
28.2241322884
43.0263069611
99.9771584667
99.9557558205
99.9140495544
0
0
0
0
0
0
0
0
0
0
0
0
0
0
0
0
0
0
0
0
0
0
0
0
0
0
0
0
0
0
0
0
0
0
0
0
0
0
0
99.2944683622
99.9334062294
99.9811786403
99.9824687103
99.9846534553
99.9846534553
99.9846534553
99.9846534553
99.9846534553
99.9846534553
99.9846534553
99.9830607762
99.9830607762
99.9830607762
99.9830607762
99.9817707062
99.9817707062
99.9817707062
99.9817707062
99.9817707062
99.9795859611
99.9795859611
99.9817707062
99.9817707062
99.9817707062
99.9817707062
99.9776400789
99.9747654373
99.972444731
0.947491238327
0.914740101618
0.900524281882
0.876597069382
0.8459213796
0.81337944656
0.754351848755
0.743851988298
0.673615431637
0.641073223119
0.602918926735
0.538389670409
0.481125501439
0.432284965421
0.310994081588
0.121443910588
0.141316888137
0.216500703139
0.355296173759
0.736696163374
1.8081637484
3.07367882352
4.69349208251
6.44444527449
8.84411675991
12.1388440993
28.2201121148
28.1987094686
10
0
0
0
0
0
0
0
0
0
0
0
0
0
0
0
0
0
0
0
0
0
0
0
0
0
0
0
0
0
0
0
0
0
0
0
0
0
0
99.8720240394
99.9787511458
99.9824687103
99.9846534553
99.9846534553
99.9846534553
99.9846534553
99.9846534553
99.9846534553
99.9846534553
99.9846534553
99.9846534553
99.9830607762
99.9830607762
99.9830607762
99.9830607762
99.9830607762
99.9830607762
99.9817707062
99.9817707062
99.9817707062
99.9830607762
99.9830607762
99.9830607762
99.9830607762
99.9830607762
99.9830607762
99.9805228281
99.9717747456
0.979205179858
0.934355108765
0.898969845896
0.87728181389
0.823987779728
0.784346236197
0.752627443928
0.709034679163
0.673615431637
0.602918926735
0.574480473843
0.538389670409
0.481125501439
0.429587749365
0.365255390118
0.0768505502929
0.0303388397508
0.0325235847561
0.03816279349
0.041045542677
0.166435134254
0.300256758888
0.454979370777
0.857449812146
1.18190497359
1.62697378216
1.80726907347
1.45114531716
3.36709004969
0
0
0
0
0
0
0
0
0
0
0
0
0
0
0
0
0
0
0
0
0
0
0
0
0
0
0
0
0
0
0
0
0
0
0
0
0
96.912710652
99.9677968853
99.9842383538
99.9864230988
99.9883893693
99.9883893693
99.9883893693
99.9846534553
99.9846534553
99.9846534553
99.9846534553
99.9846534553
99.9846534553
99.9830607762
99.9830607762
99.9830607762
99.9830607762
99.9830607762
99.9830607762
99.9830607762
99.9830607762
99.9830607762
99.9830607762
99.9830607762
99.9830607762
99.9830607762
99.9830607762
99.9830607762
99.9832200441
99.9775725715
1.10677877833
0.988537037367
0.921400526242
0.865594252515
0.813494441779
0.776632912536
0.742476478381
0.685171792418
0.666821308619
0.601773775375
0.545336901027
0.534659149654
0.47513898949
0.419867498154
0.361483211152
0.245731149115
0.0325235847561
0.0338136548342
0.0354063339431
0.041045542677
0.041045542677
0.0473113301592
0.062008856352
0.0723735443634
0.0945010304961
0.168090399288
0.210242492743
0.290748371009
2.22562679468
18.8099246077
0
0
0
0
0
0
0
0
0
0
0
0
0
0
0
0
0
0
0
0
0
0
0
0
0
0
0
0
0
0
0
0
0
0
0
0.00302609030682
99.9540428552
99.9837771298
99.9883893693
99.9883893693
99.9883893693
99.9883893693
99.9883893693
99.9883893693
99.9866197258
99.9846534553
99.9846534553
99.9846534553
99.9846534553
99.9830607762
99.9830607762
99.9830607762
99.9830607762
99.9830607762
99.9830607762
99.9830607762
99.9830607762
99.9830607762
99.9830607762
99.9830607762
99.9830607762
99.9830607762
99.9830607762
99.9846534553
99.9832200441
99.9793599221
2.07957435776
1.16843415615
0.960776216689
0.87001754539
0.81034882336
0.775498849074
0.730697388393
0.673992927504
0.649456921943
0.603063845453
0.537130039597
0.499615807706
0.46391302332
0.401384754179
0.326244517128
0.249163748023
0.0287383669737
0.0338136548342
0.0354063339431
0.0354063339431
0.041045542677
0.041045542677
0.0542733162505
0.065744770311
0.0838898643762
0.11939142016
0.168090399288
0.262282114292
2.01594532834
3.78799108496
0.00302609030682
0
0
0
0
0
0
0
0
0
0
0
0
0
0
0
0
0
0
0
0
0
0
0
0
0
0
0
0
0
0
0
0
0
0
0.0047957337611
99.9883893693
99.9883893693
99.9883893693
99.9883893693
99.9883893693
99.9883893693
99.9883893693
99.9883893693
99.9846534553
99.9846534553
99.9846534553
99.9846534553
99.9830607762
99.9830607762
99.9830607762
99.9830607762
99.9830607762
99.9830607762
99.9830607762
99.9830607762
99.9830607762
99.9830607762
99.9830607762
99.9830607762
99.9830607762
99.9830607762
99.9830607762
99.9832200441
99.9843811072
99.9789938019
31.8696302685
2.0584009369
1.05875912459
0.900949987369
0.827228414343
0.780266996968
0.723345883532
0.676469804308
0.638222677555
0.600879100448
0.53347897909
0.483357574917
0.459738028378
0.398957259729
0.323817022678
0.249163748023
0.0260411509178
0.0287383669737
0.0338136548342
0.0338136548342
0.0338136548342
0.0394528635682
0.0542733162505
0.0651361899271
0.0755008779385
0.0956620935665
0.151281359359
0.189218243468
0.293875704584
0.36409958191
31.3501465643
0
0
0
0
0
0
0
0
0
0
0
0
0
0
0
0
0
0
0
0
0
0
0
0
0
0
0
0
0
0
0
0
0
0
99.9710532258
99.9883893693
99.9895504324
99.9895504324
99.9895504324
99.9895504324
99.9895504324
99.9877807889
99.9842218393
99.9842218393
99.9842218393
99.9842218393
99.9842218393
99.9830607762
99.9830607762
99.9830607762
99.9830607762
99.9830607762
99.9830607762
99.9830607762
99.9830607762
99.9842218393
99.9842218393
99.9842218393
99.9842218393
99.9842218393
99.9842218393
99.9842218393
99.9843811072
99.9797268753
99.9758785946
)
;

boundaryField
{
    frontAndBack
    {
        type            empty;
    }
    leftWall
    {
        type            calculated;
        value           uniform 0;
    }
    outlet
    {
        type            calculated;
        value           uniform 0;
    }
    rightWall
    {
        type            calculated;
        value           uniform 0;
    }
    inlet
    {
        type            calculated;
        value           uniform 4284.97582758;
    }
}


// ************************************************************************* //
