/*--------------------------------*- C++ -*----------------------------------*\
| =========                 |                                                 |
| \\      /  F ield         | OpenFOAM: The Open Source CFD Toolbox           |
|  \\    /   O peration     | Version:  v1906                                 |
|   \\  /    A nd           | Web:      www.OpenFOAM.com                      |
|    \\/     M anipulation  |                                                 |
\*---------------------------------------------------------------------------*/
FoamFile
{
    version     2.0;
    format      ascii;
    class       volScalarField;
    location    "711";
    object      alpha;
}
// * * * * * * * * * * * * * * * * * * * * * * * * * * * * * * * * * * * * * //

dimensions      [0 0 -1 0 0 0 0];


internalField   nonuniform List<scalar> 
9216
(
200
200
200
200
200
200
200
200
200
200
200
200
200
200
200
200
200
200
200
200
200
200
200
200
200
200
200
200
200
200
200
200
200
200
200
200
200
200
200
200
200
200
200
200
200
200
200
200
200
200
200
200
200
200
200
200
200
200
200
200
200
200
200
200
200
200
200
200
200
200
200
200
200
200
200
200
200
200
200
200
200
200
200
200
199.999973947
182.610378042
163.01696451
138.708156567
111.454220849
87.6093470184
66.2689838668
49.2116704161
35.3761329536
22.7882049628
13.0118926505
1.57259261523
200
200
200
200
200
200
200
200
200
200
200
200
200
200
200
200
200
200
200
200
200
200
200
200
200
200
200
200
200
200
200
200
200
200
200
200
200
200
200
200
200
200
200
200
200
200
200
200
200
200
200
200
200
200
200
200
200
200
200
200
200
200
200
200
200
200
200
200
200
200
200
200
200
200
200
200
200
200
200
200
200
200
200
200
200
195.752046046
176.263060445
150.966234384
127.275560811
100.318253802
76.7293160977
60.8307780344
47.845207614
31.2177400872
20.5900894336
15.4013671445
200
200
200
200
200
200
200
200
200
200
200
200
200
200
200
200
200
200
200
200
200
200
200
200
200
200
200
200
200
200
200
200
200
200
200
200
200
200
200
200
200
200
200
200
200
200
200
200
200
200
200
200
200
200
200
200
200
200
200
200
200
200
200
200
200
200
200
200
200
200
200
200
200
200
200
200
200
200
200
200
200
200
200
200
200
192.498845649
167.088483388
151.032088087
132.266642296
102.129613333
74.0992052729
64.7018785622
47.4106663371
36.4889393363
31.9378682384
21.7168108361
200
200
200
200
200
200
200
200
200
200
200
200
200
200
200
200
200
200
200
200
200
200
200
200
200
200
200
200
200
200
200
200
200
200
200
200
200
200
200
200
200
200
200
200
200
200
200
200
200
200
200
200
200
200
200
200
200
200
200
200
200
200
200
200
200
200
200
200
200
200
200
200
200
200
200
200
200
200
200
200
200
200
200
200
200
185.667836602
164.657411483
149.148807144
125.086079181
106.587222654
86.2379948368
62.5644929574
56.1153032539
46.8348508843
40.7579008583
28.3913252204
200
200
200
200
200
200
200
200
200
200
200
200
200
200
200
200
200
200
200
200
200
200
200
200
200
200
200
200
200
200
200
200
200
200
200
200
200
200
200
200
200
200
200
200
200
200
200
200
200
200
200
200
200
200
200
200
200
200
200
200
200
200
200
200
200
200
200
200
200
200
200
200
200
200
200
200
200
200
200
200
200
200
200
200
199.993963514
176.892879599
156.351867579
142.44758584
132.104119574
108.34585487
92.8744090778
72.2478401678
58.157017996
56.8805315916
53.2753540381
40.9155950901
200
200
200
200
200
200
200
200
200
200
200
200
200
200
200
200
200
200
200
200
200
200
200
200
200
200
200
200
200
200
200
200
200
200
200
200
200
200
200
200
200
200
200
200
200
200
200
200
200
200
200
200
200
200
200
200
200
200
200
200
200
200
200
200
200
200
200
200
200
200
200
200
200
200
200
200
200
200
200
200
200
200
200
200
196.505770603
174.635670644
161.120540997
142.164617607
121.74385163
102.68056105
99.5099255695
86.9942021744
69.2198847231
66.0143810979
65.1109412979
52.2886188791
200
200
200
200
200
200
200
200
200
200
200
200
200
200
200
200
200
200
200
200
200
200
200
200
200
200
200
200
200
200
200
200
200
200
200
200
200
200
200
200
200
200
200
200
200
200
200
200
200
200
200
200
200
200
200
200
200
200
200
200
200
200
200
200
200
200
200
200
200
200
200
200
200
200
200
200
200
200
200
200
200
200
200
200
191.66045634
172.687804259
156.609429023
141.479995919
121.525977423
112.157736327
98.034185127
96.4186216896
87.1501754921
76.6598351104
76.4304707897
63.1627544067
200
200
200
200
200
200
200
200
200
200
200
200
200
200
200
200
200
200
200
200
200
200
200
200
200
200
200
200
200
200
200
200
200
200
200
200
200
200
200
200
200
200
200
200
200
200
200
200
200
200
200
200
200
200
200
200
200
200
200
200
200
200
200
200
200
200
200
200
200
200
200
200
200
200
200
200
200
200
200
200
200
200
200
200
187.534906858
171.163312743
152.30448516
137.388240094
124.882000163
117.745222167
108.815124953
99.1495751651
99.4590314193
86.4623624357
87.0905444443
73.8778147819
200
200
200
200
200
200
200
200
200
200
200
200
200
200
200
200
200
200
200
200
200
200
200
200
200
200
200
200
200
200
200
200
200
200
200
200
200
200
200
200
200
200
200
200
200
200
200
200
200
200
200
200
200
200
200
200
200
200
200
200
200
200
200
200
200
200
200
200
200
200
200
200
200
200
200
200
200
200
200
200
200
200
200
199.999999989
186.799516226
171.452759867
155.536347298
138.899451474
127.268778706
114.834995536
116.315012726
110.316705972
104.068484476
99.5748676915
96.0172257946
83.4993997234
200
200
200
200
200
200
200
200
200
200
200
200
200
200
200
200
200
200
200
200
200
200
200
200
200
200
200
200
200
200
200
200
200
200
200
200
200
200
200
200
200
200
200
200
200
200
200
200
200
200
200
200
200
200
200
200
200
200
200
200
200
200
200
200
200
200
200
200
200
200
200
200
200
200
200
200
200
200
200
200
200
200
200
199.764888772
185.511803915
170.784053517
154.951757815
141.707164634
131.16296916
123.448134155
116.811649198
117.612856007
113.008685066
110.839048106
104.510622793
93.5021862814
200
200
200
200
200
200
200
200
200
200
200
200
200
200
200
200
200
200
200
200
200
200
200
200
200
200
200
200
200
200
200
200
200
200
200
200
200
200
200
200
200
200
200
200
200
200
200
200
200
200
200
200
200
200
200
200
200
200
200
200
200
200
200
200
200
200
200
187.88808337
166.510745049
152.179588875
152.740378777
164.638801706
179.57424519
191.86840682
198.653506234
200
200
199.937501207
199.950517475
200
200
200
200
198.567484637
184.202908526
167.312632705
154.286931966
144.383737373
138.434964768
131.411403427
126.093212362
118.954158785
120.637590976
122.78080967
113.015048858
101.36979984
200
200
200
200
200
200
200
200
200
200
200
200
200
200
200
200
200
200
200
200
200
200
200
200
200
200
200
200
200
200
200
200
200
200
200
200
200
200
200
200
200
200
200
200
200
200
200
200
200
200
200
200
200
200
200
200
200
200
200
200
200
200
91.0675382165
5.03114285163
0.615524700957
0.108309807821
0.0239486805369
0.00734404955422
0.00398752785214
0.00416109250218
0.00701649075205
0.0158862312382
0.0447133432844
0.153076649141
0.637386614497
3.26192390163
21.8098328335
143.648202098
193.043590853
199.948081342
199.964727126
199.603418596
200
197.197306456
182.194442751
167.777219499
157.756092809
149.534753916
141.800684413
136.622932331
131.799510415
128.15868894
123.48192295
128.635560067
120.664045935
107.553192933
200
200
200
200
200
200
200
200
200
200
200
200
200
200
200
200
200
200
200
200
200
200
200
200
200
200
200
200
200
200
200
200
200
200
200
200
200
200
200
200
200
200
200
200
200
200
200
200
200
200
200
200
200
200
200
200
200
200
200
184.594940386
0.27318833957
0.0004265337863
2.50341163572e-05
4.11864734436e-06
9.96572883767e-07
2.9322528258e-07
1.16688745182e-07
7.98393875667e-08
9.3667050971e-08
1.59473983121e-07
3.44858553451e-07
8.99802962627e-07
2.78368452866e-06
1.01083458951e-05
4.29452661345e-05
0.0002244736606
0.00150674832602
0.0136749096985
0.170120470032
2.89614759283
69.8878062439
187.882479581
199.972445719
195.584204626
181.194442359
171.150711771
161.890059334
153.167393361
145.615669943
140.625727065
135.87233021
132.38995914
130.239304396
132.425598852
127.115812075
113.06148022
200
200
200
200
200
200
200
200
200
200
200
200
200
200
200
200
200
200
200
200
200
200
200
200
200
200
200
200
200
200
200
200
200
200
200
200
200
200
200
200
200
200
200
200
200
200
200
200
200
200
200
200
200
200
200
200
200
171.206925998
0.00854990805443
2.20046923899e-07
4.49724417701e-09
3.91600528145e-10
7.85745465602e-11
2.31662894409e-11
8.44727162505e-12
4.64541179149e-12
4.19966497534e-12
5.65825382297e-12
9.9233392207e-12
2.10002716763e-11
5.15400448349e-11
1.45363002366e-10
4.72445507708e-10
1.80838856258e-09
8.32766738281e-09
4.74316451424e-08
3.44218922597e-07
3.21962403617e-06
3.65802030734e-05
0.000520459661699
0.01034783142
0.294823246312
11.9378951171
163.233876268
183.891794947
172.048259463
164.357072669
155.637903848
148.937689418
145.925322965
140.157710703
137.115957649
134.41725596
132.484876134
134.903591845
117.776994115
200
200
200
200
200
200
200
200
200
200
200
200
200
200
200
200
200
200
200
200
200
200
200
200
200
200
200
200
200
200
200
200
200
200
200
200
200
200
200
200
200
200
200
200
200
200
200
200
200
200
200
200
200
200
200
200
0.0636400705035
8.58120110761e-09
1.70961757997e-12
1.37786709025e-13
2.46913810431e-14
6.47562661532e-15
2.31764770301e-15
1.10215862369e-15
7.93738049155e-16
8.56176004217e-16
1.22331878027e-15
2.10274751202e-15
4.19131277334e-15
9.66096569194e-15
2.53142059104e-14
7.59367490962e-14
2.62678730308e-13
1.06495714254e-12
5.12153522546e-12
2.99407633854e-11
2.05856288366e-10
1.72720733111e-09
1.80937753186e-08
2.49047882413e-07
4.57699705416e-06
0.000101652444199
0.00300868569049
0.118594292698
4.98675915232
140.776797484
163.244561564
157.640885658
153.969761326
150.203125574
144.432977548
141.015284167
137.651018695
135.817461335
140.084915728
121.767315552
200
200
200
200
200
200
200
200
200
200
200
200
200
200
200
200
200
200
200
200
200
200
200
200
200
200
200
200
200
200
200
200
200
200
200
200
200
200
200
200
200
200
200
200
200
200
200
200
200
200
200
200
200
200
59.3945622809
6.39158325521e-09
1.83135347934e-14
1.60251078964e-16
2.10119054358e-17
5.03963471932e-18
1.72286660757e-18
7.56550416409e-19
4.3473474602e-19
3.64943931373e-19
4.27809841826e-19
6.29684256793e-19
1.08721172951e-18
2.1450866641e-18
4.73363902362e-18
1.18956519489e-17
3.37275139087e-17
1.08473898923e-16
3.9648037008e-16
1.639459219e-15
7.85150932344e-15
4.41769863881e-14
2.92399024817e-13
2.30362929064e-12
2.21693828689e-11
2.59842916033e-10
3.81068846992e-09
7.34857068246e-08
1.90128829442e-06
5.68519069264e-05
0.0018198654831
0.0934848445048
8.56683840349
150.609496958
158.537531587
152.212521057
146.686139816
143.618485377
141.354729818
138.362636043
141.165964318
124.683458321
200
200
200
200
200
200
200
200
200
200
200
200
200
200
200
200
200
200
200
200
200
200
200
200
200
200
200
200
200
200
200
200
200
200
200
200
200
200
200
200
200
200
200
200
200
200
200
200
200
200
200
200
200
8.57352271873
3.35338424252e-15
1.44264901699e-18
7.32053416542e-20
1.33263721909e-20
3.73384844352e-21
1.44041208322e-21
7.13305968476e-22
4.47807864293e-22
3.92744934861e-22
4.63254123336e-22
6.76611584531e-22
1.14484007105e-21
2.18135783419e-21
4.69832218627e-21
1.13895966807e-20
3.04638159567e-20
9.23281890626e-20
3.17450792893e-19
1.22189508732e-18
5.23332147433e-18
2.54355154076e-17
1.41510076529e-16
8.8162075793e-16
6.31424830784e-15
5.44671196723e-14
5.63214696125e-13
7.10972633248e-12
1.10535123957e-10
2.18789057057e-09
4.8049819029e-08
1.38522337356e-06
5.48878117915e-05
0.00373365664295
0.510054745869
99.1193527065
150.552302429
148.828910487
145.045020122
143.291094648
140.349612679
141.463920588
126.413702623
200
200
200
200
200
200
200
200
200
200
200
200
200
200
200
200
200
200
200
200
200
200
200
200
200
200
200
200
200
200
200
200
200
200
200
200
200
200
200
200
200
200
200
200
200
200
200
200
200
200
200
200
2.26259683439
2.09778289243e-19
1.43971727455e-21
1.46101416813e-22
3.03544026898e-23
8.81935949875e-24
3.38445676457e-24
1.58013692589e-24
9.63903885857e-25
7.92835452541e-25
8.86570586396e-25
1.26286063843e-24
2.26663478849e-24
4.39160645974e-24
9.43770356753e-24
2.21353382164e-23
5.81136570871e-23
1.70252469569e-22
5.50730689225e-22
1.93309931003e-21
7.54357169352e-21
3.20558023388e-20
1.55649562669e-19
8.35910741154e-19
4.95713900019e-18
3.34444255181e-17
2.61777599664e-16
2.31456607278e-15
2.43751720576e-14
3.18410995628e-13
4.66870846668e-12
8.2170181953e-11
1.78653791834e-09
5.74262799688e-08
3.49633873704e-06
0.000280310359755
0.0454430540486
19.9924576581
148.238828988
147.774122729
143.261615167
142.108375104
140.522660236
127.489170159
200
200
200
200
200
200
200
200
200
200
200
200
200
200
200
200
200
200
200
200
200
200
200
200
200
200
200
200
200
200
200
200
200
200
200
200
200
200
200
200
200
200
200
200
200
200
200
200
200
200
200
0.8445366101
2.71740314459e-22
6.34542252009e-24
1.51179995603e-25
0
0
0
0
0
0
0
0
0
3.22098267981e-27
1.06006768277e-26
5.37557423074e-26
1.60270434952e-25
5.42761598811e-25
1.83698605754e-24
6.43710200054e-24
2.34593896934e-23
9.2275888308e-23
3.91551356542e-22
1.77665998491e-21
8.87901288538e-21
4.90381177571e-20
3.10309470898e-19
2.15393580345e-18
1.68420826174e-17
1.54917138101e-16
1.51787719287e-15
1.75271962422e-14
2.56709164256e-13
4.73941634934e-12
1.19175929109e-10
5.23522246406e-09
3.2453010668e-07
4.06193014962e-05
0.00937489397762
6.03726814481
145.209829207
144.740153736
142.860560221
139.832567982
128.534677547
200
200
200
200
200
200
200
200
200
200
200
200
200
200
200
200
200
200
200
200
200
200
200
200
200
200
200
200
200
200
200
200
200
200
200
200
200
200
200
200
200
200
200
200
200
200
200
200
200
200
0.366164871763
3.18838259565e-24
0
0
0
0
0
0
0
0
0
0
0
0
0
0
0
2.43294867637e-27
6.6838554827e-27
2.96900325014e-26
1.25125391625e-25
5.08866418184e-25
2.10028616986e-24
8.71097717543e-24
3.70345722245e-23
1.75800093394e-22
8.71354533998e-22
4.77850649748e-21
2.93422331638e-20
2.09254905724e-19
1.51402260728e-18
1.24126294647e-17
1.20393397033e-16
1.41183743828e-15
2.1187451325e-14
4.93976239617e-13
1.46422306413e-11
6.12919429362e-10
5.3434057512e-08
9.37356495189e-06
0.00310855080236
3.81441703295
144.315411568
142.951026994
140.863572588
129.379361871
200
200
200
200
200
200
200
200
200
200
200
200
200
200
200
200
200
200
200
200
200
200
200
200
200
200
200
200
200
200
200
200
200
200
200
200
200
200
200
200
200
200
200
200
200
200
200
200
200
0.265225849377
3.42023161036e-29
0
0
0
0
0
0
0
0
0
0
0
0
0
0
0
0
0
0
2.3449122599e-28
3.78079948949e-27
1.07032599943e-26
4.79284677297e-26
2.64002613987e-25
1.05606119852e-24
5.36511616293e-24
2.435669297e-23
1.27560806023e-22
6.50635131227e-22
3.85126072425e-21
2.38668149645e-20
1.75187001327e-19
1.40920704099e-18
1.35282621023e-17
1.6586282303e-16
2.89997004287e-15
6.46763638478e-14
2.15521879052e-12
1.23491916586e-10
1.28027712353e-08
3.17788668614e-06
0.00187579647136
7.51488795987
141.786210982
141.512202414
129.492771379
200
200
200
200
200
200
200
200
200
200
200
200
200
200
200
200
200
200
200
200
200
200
200
200
200
200
200
200
200
200
200
200
200
200
200
200
200
200
200
200
200
200
200
200
200
200
200
200
0.616186933911
0
0
0
0
0
0
0
0
0
0
0
0
0
0
0
0
0
0
0
0
0
0
0
2.34966987225e-27
6.91731779666e-27
3.70237105789e-26
1.84440158395e-25
7.62418840676e-25
4.06813882627e-24
1.94604314259e-23
1.04176421412e-22
5.56031158561e-22
3.70408999418e-21
2.60090509766e-20
2.158033195e-19
2.12002162282e-18
2.90699575253e-17
4.81800737801e-16
1.26134007151e-14
4.57692552942e-13
3.15670712347e-11
4.46888332863e-09
1.74613525791e-06
0.00288008927318
46.5087915414
139.78924181
127.872792518
200
200
200
200
200
200
200
200
200
200
200
200
200
200
200
200
200
200
200
200
200
200
200
200
200
200
200
200
200
200
200
200
200
200
200
200
200
200
200
200
200
200
200
200
200
200
200
2.35017395555
0
0
0
0
0
0
0
0
0
0
0
0
0
0
0
0
0
0
0
0
0
0
0
0
0
0
1.81226520384e-27
6.86312784247e-27
3.28194774065e-26
1.67508377161e-25
7.74512837867e-25
4.28511872618e-24
2.12435683821e-23
1.22002719282e-22
7.83311643509e-22
5.30130522118e-21
4.37837300499e-20
4.85495627159e-19
5.89372491207e-18
1.03050364941e-16
2.75882223395e-15
1.32239294629e-13
1.1734113517e-11
2.38220025013e-09
2.26098989447e-06
0.0131033194734
117.528751214
124.319959774
200
200
200
200
200
200
200
200
200
200
200
200
200
200
200
200
200
200
200
200
200
200
200
200
200
200
200
200
200
200
200
200
200
200
200
200
200
200
200
200
200
200
200
200
200
200
39.8295385742
0
0
0
0
0
0
0
0
0
0
0
0
0
0
0
0
0
0
0
0
0
0
0
0
0
0
0
0
0
1.72746775879e-27
7.69513591031e-27
4.06122256852e-26
2.16564148486e-25
1.05559424226e-24
6.34208244785e-24
3.44952013866e-23
2.17757017264e-22
1.47116442924e-21
1.15772132579e-20
1.28536916698e-19
1.58972143653e-18
3.18213503923e-17
9.81398398243e-16
5.42166968665e-14
6.63616084249e-12
2.66218053495e-09
8.34336048109e-06
0.348343312924
119.341401726
200
200
200
200
200
200
200
200
200
200
200
200
200
200
200
200
200
200
200
200
200
200
200
200
200
200
200
200
200
200
200
200
200
200
200
200
200
200
200
200
200
200
200
200
200
200
0
0
0
0
0
0
0
0
0
0
0
0
0
0
0
0
0
0
0
0
0
0
0
0
0
0
0
0
0
0
0
0
2.25961144325e-27
1.06184071064e-26
5.89449411898e-26
3.34363040407e-25
1.95615541939e-24
1.1092250384e-23
7.46917391396e-23
4.98995592942e-22
4.27574517314e-21
4.17481749337e-20
6.22737243994e-19
1.3094817503e-17
4.58932834448e-16
3.20679170547e-14
6.84721367095e-12
7.23135902783e-09
0.000127416732353
91.865696608
200
200
200
200
200
200
200
200
200
200
200
200
200
200
200
200
200
200
200
200
200
200
200
200
200
200
200
200
200
200
200
200
200
200
200
200
200
200
200
200
200
200
200
200
200
0
0
0
0
0
0
0
0
0
0
0
0
0
0
0
0
0
0
0
0
0
0
0
0
0
0
0
0
0
0
0
0
0
0
0
3.63697773347e-27
1.87332925182e-26
1.46062175839e-25
7.595687484e-25
4.80757881788e-24
3.2826022938e-23
2.05241146797e-22
1.71930636952e-21
1.94912397937e-20
3.0340775293e-19
6.76335667726e-18
2.7934682404e-16
3.0906416695e-14
1.45766294619e-11
7.88071716889e-08
0.183324308206
200
200
200
200
200
200
200
200
200
200
200
200
200
200
200
200
200
200
200
200
200
200
200
200
200
200
200
200
200
200
200
200
200
200
200
200
200
200
200
200
200
200
200
200
200
0
0
0
0
0
0
0
0
0
0
0
0
0
0
0
0
0
0
0
0
0
0
0
0
0
0
0
0
0
0
0
0
0
0
0
0
1.10419226865e-27
8.13520132444e-27
5.96463827358e-26
3.62642481013e-25
2.44463567555e-24
1.61816704353e-23
1.12362822477e-22
9.40343948679e-22
1.02580342976e-20
1.68341456235e-19
4.17840278003e-18
2.58870644253e-16
5.60244322947e-14
1.0425158823e-10
3.22568823409e-05
200
200
200
200
200
200
200
200
200
200
200
200
200
200
200
200
200
200
200
200
200
200
200
200
200
200
200
200
200
200
200
200
200
200
200
200
200
200
200
200
200
200
200
200
200
0
0
0
0
0
0
0
0
0
0
0
0
0
0
0
0
0
0
0
0
0
0
0
0
0
0
0
0
0
0
0
0
0
0
0
0
0
0
3.85534605049e-27
3.24047674981e-26
1.94827314577e-25
1.45742595311e-24
9.13918050743e-24
5.96859003744e-23
4.95854700798e-22
6.31923677144e-21
1.10147343214e-19
3.933841085e-18
4.02544785415e-16
3.06738398891e-13
1.02153827763e-08
200
200
200
200
200
200
200
200
200
200
200
200
200
200
200
200
200
200
200
200
200
200
200
200
200
200
200
200
200
200
200
200
200
200
200
200
200
200
200
200
200
200
200
200
0
0
0
0
0
0
0
0
0
0
0
0
0
0
0
0
0
0
0
0
0
0
0
0
0
0
0
0
0
0
0
0
0
0
0
0
0
0
0
0
1.73213324352e-27
2.02227404649e-26
1.40636834457e-25
9.92109366211e-25
6.09769507026e-24
4.88959837853e-23
3.80887808875e-22
5.14578024043e-21
1.19894302853e-19
5.69285676206e-18
1.6358410301e-15
1.01508560368e-11
200
200
200
200
200
200
200
200
200
200
200
200
200
200
200
200
200
200
200
200
200
200
200
200
200
200
200
200
200
200
200
200
200
200
200
200
200
200
200
200
200
200
200
200
0
0
0
0
0
0
0
0
0
0
0
1.6335846924e-27
8.17308631732e-27
1.26031650737e-26
2.16247245081e-26
0
0
0
0
0
0
0
0
0
0
0
0
0
0
0
0
0
0
0
0
0
0
0
0
0
0
7.33814101307e-28
1.39287604152e-26
1.24656642636e-25
8.27858866851e-25
5.4965280494e-24
4.27540593062e-23
4.12170286334e-22
6.01802965691e-21
1.64278602081e-19
1.87102782237e-17
2.65057264737e-14
200
200
200
2.07541165834e-30
0
0
0
0
0
0
0
0
0
0
0
0
0
0
0
0
0
0
0
2.59385856983e-25
3.76334351711e-23
200
200
200
200
200
200
200
200
200
200
200
200
200
200
200
200
200
200
200
0
0
0
0
0
0
0
0
0
5.667734605e-27
9.39827057011e-26
5.79500470127e-25
4.14556397932e-24
2.72957754249e-23
5.18637567981e-23
7.26994245914e-23
1.95511612658e-24
1.32761826411e-25
0
0
0
0
0
0
0
0
0
0
0
0
0
0
0
0
0
0
0
0
0
0
0
0
1.29509687684e-28
1.17049350059e-26
9.36613693332e-26
6.61389368876e-25
5.31693352474e-24
4.28662013674e-23
4.1748776203e-22
8.49194521873e-21
4.48909972163e-19
1.77580285108e-16
2.58385258486e-31
1.35992241308e-31
0
0
0
0
0
0
0
0
0
0
0
0
0
0
0
0
0
0
0
0
0
0
0
0
0
0
0
0
1.4895044456e-24
2.03959223544e-22
200
200
200
200
200
200
200
200
200
200
200
0
0
0
0
0
0
0
0
1.41589881963e-27
1.22278784851e-25
6.18785699086e-24
5.43080406857e-22
200
200
200
200
200
200
200
200
200
200
199.999965074
0
0
0
0
0
0
0
0
0
0
0
0
0
0
0
0
0
0
0
0
0
5.08930147707e-30
1.36010911123e-26
1.07611012938e-25
9.56945153078e-25
7.24243613944e-24
6.08847819444e-23
7.88938602615e-22
2.12726069102e-20
2.91941172709e-18
0
0
0
0
0
0
0
0
0
0
0
0
0
0
0
0
0
0
0
0
0
0
0
0
0
0
0
0
0
0
0
0
0
0
0
2.04410477258e-24
1.00067212009e-22
200
200
200
200
200
200
0
0
0
0
0
0
0
1.53029254001e-26
3.56689295528e-24
2.7220801361e-21
200
200
200
200
200
200
200
200
200
200
200
200
200
199.999989393
0
0
0
0
0
0
0
0
0
0
0
0
0
0
0
0
0
0
0
0
0
4.90333002452e-28
1.95411627424e-26
1.72247119943e-25
1.22518626465e-24
1.1519471049e-23
1.14298888298e-22
1.82153703621e-21
1.10930989768e-19
0
0
0
0
0
0
0
0
0
0
0
0
0
0
0
0
0
0
0
0
0
0
0
0
0
0
0
0
0
0
0
0
0
0
0
0
0
0
1.68155988425e-26
1.4898050668e-24
1.86922229507e-23
4.34242375143e-23
9.78709012168e-25
0
0
0
0
0
0
1.55449790153e-25
9.93712167531e-23
200
200
200
200
200
200
200
200
200
200
200
200
200
200
200
200
199.999990617
0
0
0
0
0
0
0
0
0
0
0
0
0
0
0
0
0
0
0
0
0
1.53799220365e-27
3.80372959447e-26
2.63951170627e-25
2.14969854652e-24
1.91413668715e-23
2.6287499612e-22
7.6917841496e-21
0
0
0
0
0
0
0
0
0
0
0
0
0
0
0
0
0
0
0
0
0
0
0
0
0
0
0
0
0
0
0
0
0
0
0
0
0
0
0
0
0
0
1.12714051748e-25
0
0
2.00231924722e-29
3.43797349901e-29
2.14700689155e-27
1.24120988047e-24
6.14249254874e-21
200
200
200
200
200
200
200
200
200
200
200
200
200
200
200
200
200
200
199.999990132
0
0
0
0
0
0
0
0
0
0
0
0
0
0
0
0
0
0
0
0
0
4.53719667137e-27
7.0437944978e-26
5.90632750153e-25
5.19121179978e-24
5.59931947282e-23
9.06090566529e-22
0
0
0
0
0
0
0
0
0
0
0
0
0
0
0
0
0
0
0
0
0
0
0
0
0
0
0
0
0
0
0
0
0
0
0
0
0
0
0
0
0
0
0
0
2.54560247927e-29
1.66375560144e-28
1.29907635048e-26
2.52514730791e-24
9.34334978835e-19
200
200
200
200
200
200
200
200
200
200
200
200
200
200
200
200
200
200
200
200
199.999988215
0
0
0
0
0
0
0
0
0
0
0
0
0
0
0
0
0
0
0
0
0
1.51556050654e-26
1.40434096397e-25
1.61324917969e-24
1.58903141695e-23
1.75740711563e-22
0
0
0
0
0
0
0
0
0
0
0
0
0
0
0
0
0
0
0
0
0
0
0
0
0
0
0
0
0
0
0
0
0
0
0
0
0
0
0
0
0
0
0
0
0
8.70546141157e-27
9.78072893352e-25
200
200
200
200
200
200
200
200
200
200
200
200
200
200
200
200
200
200
200
200
200
200
200
199.99998545
0
0
0
0
0
0
0
0
0
0
0
0
0
0
0
0
0
0
0
0
2.18612280726e-27
5.05132095423e-26
4.20482878472e-25
4.72487929081e-24
4.75995967096e-23
0
0
0
0
0
0
0
0
0
0
0
0
0
0
0
0
0
0
0
0
0
0
0
0
0
0
0
0
0
0
0
0
0
0
0
0
0
0
0
0
0
0
0
0
0
0
9.06593095544e-23
200
200
200
200
200
200
200
200
200
200
200
200
200
200
200
200
200
200
200
200
200
200
200
200
199.999977824
0
0
0
0
0
0
0
0
0
0
0
0
0
0
0
0
0
0
0
0
1.37380432783e-26
1.62319802654e-25
1.79270490688e-24
1.60318278261e-23
0
0
0
0
0
0
0
0
0
0
0
0
0
0
0
0
0
0
0
0
0
0
0
0
0
0
0
0
0
0
0
0
0
0
0
0
0
0
0
0
0
0
0
0
0
0
0
0
1.89431149885e-30
200
200
200
200
200
200
200
200
200
200
200
200
200
200
200
200
200
200
200
200
200
200
200
199.999925233
0
0
0
0
0
0
0
0
0
0
0
0
0
0
0
0
0
0
0
3.7832661607e-27
7.00030062758e-26
7.80562912447e-25
6.55239747437e-24
0
0
0
0
0
0
0
0
0
0
0
0
0
0
0
0
0
0
0
0
0
0
0
0
0
0
0
0
0
0
0
0
0
0
0
0
0
0
0
0
0
0
0
0
0
0
0
0
0
1.70488034896e-30
2.28277089173e-29
1.31215741681e-23
200
200
200
200
200
200
200
200
200
200
200
200
200
200
200
200
200
200
200
200
200
0
0
0
0
0
0
0
0
0
0
0
0
0
0
0
0
0
0
0
9.43575673111e-28
3.42669257135e-26
3.84214929727e-25
3.157873715e-24
0
0
0
0
0
0
0
0
0
0
0
0
0
0
0
0
0
0
0
0
0
0
0
0
0
0
0
0
0
0
0
0
0
0
0
0
0
0
0
0
0
0
0
0
0
0
0
0
0
0
1.53439231407e-30
8.61932779881e-30
1.05996853416e-28
4.83404955202e-23
200
200
200
200
200
200
200
200
200
200
200
200
200
200
200
200
200
200
200
199.999954656
0
0
0
0
0
0
0
0
0
0
0
0
0
0
0
0
0
0
0
1.56273440426e-26
1.92720072812e-25
1.74325480642e-24
0
0
0
0
0
0
0
0
0
0
0
0
0
0
0
0
0
0
0
0
0
0
0
0
0
0
0
0
0
0
0
0
0
0
0
0
0
0
0
0
0
0
0
0
0
0
0
0
0
0
0
2.91534539673e-30
6.51453724453e-30
9.10426049156e-29
2.61301413872e-28
9.9246808848e-22
200
200
200
200
200
200
200
200
200
200
200
200
200
200
200
200
200
200
0
0
0
0
0
0
0
0
0
0
0
0
0
0
0
0
0
0
0
7.67209812999e-27
1.05339856997e-25
1.07563693349e-24
0
0
0
0
0
0
0
0
0
0
0
0
0
0
0
0
0
0
0
0
0
0
0
0
0
0
0
0
0
0
0
0
0
0
0
0
0
0
0
0
0
0
0
0
0
0
0
0
0
0
0
0
2.62381085705e-30
5.86308352008e-30
8.08197724271e-29
1.78060042026e-28
1.98859990505e-23
200
200
200
200
200
200
200
200
200
200
200
200
200
200
200
200
200
199.999870578
0
0
0
0
0
0
0
0
0
0
0
0
0
0
0
0
0
0
4.69100024673e-27
7.92824512535e-26
7.27102563487e-25
0
0
0
0
0
0
0
0
0
0
0
0
0
0
0
0
0
0
0
0
0
0
0
0
0
0
0
0
0
0
0
0
0
0
0
0
0
0
0
0
0
0
0
0
0
0
0
0
0
0
0
0
0
3.74238285401e-30
1.28017912152e-29
6.20383756747e-29
9.62490527465e-29
1.93381037748e-24
200
200
200
200
200
200
200
200
200
200
200
200
200
200
200
200
200
0
0
0
0
0
0
0
0
0
0
0
0
0
0
0
0
0
0
2.78028783655e-27
6.3694300467e-26
5.4262472087e-25
0
0
0
0
0
0
0
0
0
0
0
0
0
0
0
0
0
0
0
0
0
0
0
0
0
0
0
0
0
0
0
0
0
0
0
0
0
0
0
0
0
0
0
0
0
0
0
0
0
0
0
0
0
1.11857199695e-30
2.36142977135e-30
1.95869304711e-29
5.21702870206e-29
8.61885544185e-29
8.37792820435e-29
200
200
200
200
200
200
200
200
200
200
200
200
200
200
200
200
0
0
0
0
0
0
0
0
0
0
0
0
0
0
0
0
0
0
2.29967198253e-27
5.13722457643e-26
4.45984175758e-25
0
0
0
0
0
0
0
0
0
0
0
0
0
0
0
0
0
0
0
0
0
0
0
0
0
0
0
0
0
0
0
0
0
0
0
0
0
0
0
0
0
0
0
0
0
0
0
0
0
0
0
0
0
1.11857199695e-30
2.12528679421e-30
2.12528679421e-30
2.06827288681e-29
5.02541757629e-29
7.57755104003e-29
7.22333047876e-29
200
200
200
200
200
200
200
200
200
200
200
200
200
200
200
0
0
0
0
0
0
0
0
0
0
0
0
0
0
0
0
0
0
2.12025778813e-27
5.03102975177e-26
4.13532444492e-25
0
0
0
0
0
0
0
0
0
0
0
0
0
0
0
0
0
0
0
0
0
0
0
0
0
0
0
0
0
0
0
0
0
0
0
0
0
0
0
0
0
0
0
0
0
0
0
0
0
0
0
0
0
0
2.12528679421e-30
2.12528679421e-30
2.12528679421e-30
2.50833230478e-29
5.7706620647e-29
6.22560034779e-29
3.18520641703e-25
200
200
200
200
200
200
200
200
200
200
200
200
200
200
0
0
0
0
0
0
0
0
0
0
0
0
0
0
0
0
0
0
2.17035629603e-27
4.97956031552e-26
4.2338022532e-25
0
0
0
0
0
0
0
0
0
0
0
0
0
0
0
0
0
0
0
0
0
0
0
0
0
0
0
0
0
0
0
0
0
0
0
0
0
0
0
0
0
0
0
0
0
0
0
0
0
0
0
0
0
0
0
2.12528679421e-30
2.12528679421e-30
2.12528679421e-30
2.99728721362e-29
4.50628557522e-29
4.35506876858e-29
6.80506710273e-24
200
200
200
200
200
200
200
200
200
200
200
200
200
0
0
0
0
0
0
0
0
0
0
0
0
0
0
0
0
0
0
3.01703427534e-27
5.20750846643e-26
4.67135898794e-25
0
0
0
0
0
0
0
0
0
0
0
0
0
0
0
0
0
0
0
0
0
0
0
0
0
0
0
0
0
0
0
0
0
0
0
0
0
0
0
0
0
0
0
0
0
0
0
0
0
0
0
0
0
0
0
0
0
1.11857199695e-30
3.36814456861e-30
2.84309713764e-29
3.7510495011e-29
2.7000566515e-29
200
200
200
200
200
200
200
200
200
200
200
200
200
0
0
0
0
0
0
0
0
0
0
0
0
0
0
0
0
0
0
4.14250712788e-27
7.05234337034e-26
5.50396133187e-25
0
0
0
0
0
0
0
0
0
0
0
0
0
0
0
0
0
0
0
0
0
0
0
0
0
0
0
0
0
0
0
0
0
0
0
0
0
0
0
0
0
0
0
0
0
0
0
0
0
0
0
0
0
0
0
0
0
0
5.86308352008e-30
7.75739501893e-30
6.98165551704e-30
1.41078828351e-29
1.81389714484e-27
200
200
200
200
200
200
200
200
200
200
200
200
0
0
0
0
0
0
0
0
0
0
0
0
0
0
0
0
0
0
6.09234006007e-27
9.10248928676e-26
6.90234672685e-25
0
0
0
0
0
0
0
0
0
0
0
0
0
0
0
0
0
0
0
0
0
0
0
0
0
0
0
0
0
0
0
0
0
0
0
0
0
0
0
0
0
0
0
0
0
0
0
0
0
0
0
0
0
0
0
0
0
0
1.53439231407e-30
6.51453724453e-30
9.8621855732e-30
7.75739501893e-30
3.86317724462e-28
200
200
200
200
200
200
200
200
200
200
200
200
0
0
0
0
0
0
0
0
0
0
0
0
0
0
0
0
0
0
1.04023407634e-26
1.16037207143e-25
8.52486657283e-25
0
0
0
0
0
0
0
0
0
0
0
0
0
0
0
0
0
0
0
0
0
0
0
0
0
0
0
0
0
0
0
0
0
0
0
0
0
0
0
0
0
0
0
0
0
0
0
0
0
0
0
0
0
0
0
0
0
0
0
0
7.23837471615e-30
1.09579839702e-29
1.56845755691e-28
3.29443529025e-27
200
200
200
200
200
200
200
200
200
200
200
1.11857199695e-30
0
0
0
0
0
0
0
0
0
0
0
0
0
0
0
0
5.78296868743e-28
1.8168910168e-26
1.66739752215e-25
1.01118934195e-24
0
0
0
0
0
0
0
0
0
0
0
0
0
0
0
0
0
0
0
0
0
0
0
0
0
0
0
0
0
0
0
0
0
0
0
0
0
0
0
0
0
0
0
0
0
0
0
0
0
0
0
0
0
0
0
0
0
0
0
0
0
8.0426385735e-30
1.76871568736e-28
1.23887289068e-27
200
200
200
200
200
200
200
200
200
200
200
1.11857199695e-30
1.11857199695e-30
0
0
0
0
0
0
0
0
0
0
0
0
0
0
0
1.82695841798e-27
3.02223015868e-26
2.51164026075e-25
2.61124557922e-24
0
0
0
0
0
0
0
0
0
0
0
0
0
0
0
0
0
0
0
0
0
0
0
0
0
0
0
0
0
0
0
0
0
0
0
0
0
0
0
0
0
0
0
0
0
0
0
0
0
0
0
0
0
0
0
0
0
0
0
0
0
0
7.64138748462e-29
4.11072680003e-28
200
200
200
200
200
200
200
200
200
200
200
1.11857199695e-30
1.11857199695e-30
1.11857199695e-30
0
0
0
0
0
0
0
0
0
0
0
0
0
0
4.63464943305e-27
4.8020584479e-26
3.42145583836e-25
8.47759469229e-24
0
0
0
0
0
0
0
0
0
0
0
0
0
0
0
0
0
0
0
0
0
0
0
0
0
0
0
0
0
0
0
0
0
0
0
0
0
0
0
0
0
0
0
0
0
0
0
0
0
0
0
0
0
0
0
0
0
0
0
0
0
0
0
3.87904490881e-28
200
200
200
200
200
200
200
200
200
200
0
1.00671479726e-30
1.11857199695e-30
1.11857199695e-30
1.11857199695e-30
0
0
0
0
0
0
0
0
0
0
0
0
5.00563054479e-29
8.47242411948e-27
8.66388220288e-26
4.33051721584e-25
1.5313553649e-23
0
0
0
0
0
0
0
0
0
0
0
0
0
0
0
0
0
0
0
0
0
0
0
0
0
0
0
0
0
0
0
0
0
0
0
0
0
0
0
0
0
0
0
0
0
0
0
0
0
0
0
0
0
0
0
0
0
0
0
0
0
0
0
3.54591115022e-28
200
200
200
200
200
200
200
200
200
200
0
0
1.00671479726e-30
1.11857199695e-30
1.11857199695e-30
0
0
0
0
0
0
0
0
0
0
0
0
1.4815792418e-27
1.4377172089e-26
1.11511510266e-25
4.7081867916e-25
2.54115634711e-23
0
0
0
0
0
0
0
0
0
0
0
0
0
0
0
0
0
0
0
0
0
0
0
0
0
0
0
0
0
0
0
0
0
0
0
0
0
0
0
0
0
0
0
0
0
0
0
0
0
0
0
0
0
0
0
0
0
0
0
0
0
0
0
0
200
200
200
200
200
200
200
200
200
0
0
0
0
1.11857199695e-30
1.11857199695e-30
1.11857199695e-30
0
0
0
0
0
0
0
0
0
0
0
3.03081862093e-27
3.03122998854e-26
1.4787140616e-25
9.83095769835e-25
3.56232527825e-23
0
0
0
0
0
0
0
0
0
0
0
0
0
0
0
0
0
0
0
0
0
0
0
0
0
0
0
0
0
0
0
0
0
0
0
0
0
0
0
0
0
0
0
0
0
0
0
0
0
0
0
0
0
0
0
0
0
0
0
0
0
0
0
0
200
200
200
200
200
200
200
200
0
0
0
0
0
0
1.11857199695e-30
1.11857199695e-30
0
0
0
0
0
0
0
0
0
0
7.83617283552e-28
5.7087213562e-27
3.48649338983e-26
1.41281658068e-25
2.18412491916e-24
5.52129479179e-23
0
0
0
0
0
0
0
0
0
0
0
0
0
0
0
0
0
0
0
0
0
0
0
0
0
0
0
0
0
0
0
0
0
0
0
0
0
0
0
0
0
0
0
0
0
0
0
0
0
0
0
0
0
0
0
0
0
0
0
0
0
0
0
0
200
200
200
200
200
200
200
0
0
0
0
0
0
0
0
1.11857199695e-30
0
0
0
0
0
0
0
0
0
0
2.19863574835e-27
1.17048482594e-26
4.05859328463e-26
9.87113581584e-26
2.57818787121e-24
8.23076699556e-23
0
0
0
0
0
0
0
0
0
0
0
0
0
0
0
0
0
0
0
0
0
0
0
0
0
0
0
0
0
0
0
0
0
0
0
0
0
0
0
0
0
0
0
0
0
0
0
0
0
0
0
0
0
0
0
0
0
0
0
0
0
0
0
19.8841482794
200
200
200
200
200
200
0
0
0
0
0
0
0
0
0
0
0
0
0
0
0
0
0
0
0
8.67627024636e-28
3.23392176864e-27
1.30004937459e-26
2.40656764536e-26
2.21145374617e-25
3.94715994398e-24
1.16604120428e-22
0
0
0
0
0
0
0
0
0
0
0
0
0
0
0
0
0
0
0
0
0
0
0
0
0
0
0
0
0
0
0
0
0
0
0
0
0
0
0
0
0
0
0
0
0
0
0
0
0
0
0
0
0
0
0
0
0
0
0
0
0
0
0
200
200
200
200
200
200
0
0
0
0
0
0
0
0
0
0
0
0
0
0
0
0
0
0
0
0
2.39070476492e-27
8.8976062556e-27
1.49462686417e-26
4.27528831042e-27
2.14529300378e-25
6.69435198861e-24
1.25605441488e-22
0
0
0
0
0
0
0
0
0
0
0
0
0
0
0
0
0
0
0
0
0
0
0
0
0
0
0
0
0
0
0
0
0
0
0
0
0
0
0
0
0
0
0
0
0
0
0
0
0
0
0
0
0
0
0
0
0
0
0
0
0
0
0
200
200
200
200
0
0
0
0
0
0
0
0
0
0
0
0
0
0
0
0
0
0
0
0
0
1.34996360569e-27
4.96514182282e-27
1.61468144891e-26
2.72861796214e-26
1.78685384081e-27
5.51647655001e-26
1.11908621314e-23
1.15840796535e-22
0
0
0
0
0
0
0
0
0
0
0
0
0
0
0
0
0
0
0
0
0
0
0
0
0
0
0
0
0
0
0
0
0
0
0
0
0
0
0
0
0
0
0
0
0
0
0
0
0
0
0
0
0
0
0
0
0
0
0
0
0
0
0
200
0
0
0
0
0
0
0
0
0
0
0
0
0
0
0
0
0
0
0
0
0
0
0
9.02844308499e-28
2.34271355792e-27
6.39245839667e-27
1.52845000203e-26
1.7305106449e-26
5.39360668284e-26
2.16684052108e-25
5.66375677358e-24
6.25125607352e-23
0
0
0
0
0
0
0
0
0
0
0
0
0
0
0
0
0
0
0
0
0
0
0
0
0
0
0
0
0
0
0
0
0
0
0
0
0
0
0
0
0
0
0
0
0
0
0
0
0
0
0
0
0
0
0
0
0
0
0
0
0
0
0
0
0
0
0
0
0
0
0
0
0
0
0
0
0
0
0
0
0
0
0
0
0
0
6.09251914789e-28
3.00700193222e-27
4.65322384959e-27
6.50947306785e-27
6.77121527086e-27
3.1701748985e-25
3.94471443545e-25
7.37042847395e-25
4.22675557542e-24
9.99950590046e-23
2.58385258486e-31
0
0
0
0
0
0
0
0
0
0
0
0
0
0
0
0
0
0
0
0
0
0
0
0
0
0
0
0
0
0
0
0
0
0
0
0
0
0
0
0
0
0
0
0
0
0
0
0
0
0
0
0
0
0
0
0
0
0
0
0
0
0
0
0
0
0
0
0
0
0
0
0
0
0
0
0
0
0
0
0
0
0
0
0
5.41567295386e-28
3.29247011295e-27
4.96222193476e-27
5.41570271492e-27
1.0775412246e-26
7.86044217349e-26
8.7774862112e-26
1.32433204807e-25
3.11712102217e-25
1.82844426261e-24
5.84183620476e-23
200
200
6.22189690293e-31
0
0
0
0
0
0
0
0
0
0
0
0
0
0
0
0
0
0
0
0
0
0
0
0
0
0
0
0
0
0
0
0
0
0
0
0
0
0
0
0
0
0
0
0
0
0
0
0
0
0
0
0
0
0
0
0
0
0
0
0
0
0
0
0
0
0
0
0
0
0
0
0
0
0
0
0
0
0
0
0
0
8.59714609373e-28
3.67303492689e-27
3.64155460294e-27
6.74938211565e-27
3.26651137502e-26
2.90565728556e-26
3.14010548714e-26
4.99101354546e-26
8.77900212534e-26
2.13426307544e-25
1.19425586974e-24
5.36428850273e-23
200
200
200
200
200
0
0
0
0
0
0
0
0
0
0
0
0
0
0
0
0
0
0
0
0
0
0
0
0
0
0
0
0
0
0
0
0
0
0
0
0
0
0
0
0
0
0
0
0
0
0
0
0
0
0
0
0
0
0
0
0
0
0
0
0
0
0
0
0
0
0
0
0
0
0
0
0
0
0
3.74238285401e-30
4.15820317112e-30
2.62381085705e-30
4.18402623759e-28
2.89556095404e-27
3.76778794184e-27
3.67725986764e-27
1.90332594147e-26
1.8162542682e-26
1.84947692481e-26
2.15032529186e-26
2.7293376115e-26
3.65797130821e-26
5.14208803974e-26
9.28046301493e-26
4.66159959584e-25
3.80321769063e-23
200
200
200
200
200
34.5023815754
4.25417046742e-30
0
0
0
0
0
0
0
0
0
0
0
0
0
0
0
0
0
0
0
0
0
0
0
0
0
0
0
0
0
0
0
0
0
0
0
0
0
0
0
0
0
0
0
0
0
0
0
0
0
0
0
0
0
0
0
0
0
0
0
0
0
0
0
0
0
0
1.61813559909e-27
2.0634770356e-27
1.35668246709e-26
2.07048955652e-26
4.59647854883e-26
6.06454911496e-26
6.99760387699e-26
7.50858431811e-26
5.12736077608e-26
9.59623677634e-27
3.26169361551e-27
1.8309024321e-26
1.34891804435e-26
1.28042039568e-26
1.43778070745e-26
1.69261928322e-26
1.97299226168e-26
2.3582000337e-26
2.93057049275e-26
3.69729475372e-26
5.05775834181e-26
1.09013764258e-25
2.26000085288e-23
200
200
200
200
5.05236189486e-20
3.11748972457e-24
2.30779695907e-23
6.51789739467e-24
1.1294645392e-30
0
0
0
0
0
0
0
0
0
0
0
0
0
0
0
0
0
0
0
0
0
0
0
0
0
0
0
0
0
0
0
0
0
0
0
0
0
0
0
0
0
0
0
0
0
0
0
0
0
0
0
0
0
0
0
0
0
0
0
0
0
0
1.75721664221e-26
9.30035159954e-26
1.89714173745e-25
2.9009386855e-25
3.45866963009e-25
3.72257412149e-25
4.16096013642e-25
3.71484216552e-25
3.33423346833e-25
2.34618779523e-25
9.16190155477e-26
3.80104176528e-26
1.68449015794e-26
1.1553684155e-26
1.15347124909e-26
1.27311112615e-26
1.41120167499e-26
1.59210880684e-26
1.81163636186e-26
2.09099130917e-26
2.45906507365e-26
2.92044377188e-26
3.55797812378e-26
4.9014410129e-26
1.06711339219e-23
200
200
200
3.31485463922e-20
4.82503048379e-23
5.27949786748e-24
8.19491752733e-25
5.59986182911e-27
1.17092248624e-26
1.218742314e-28
0
0
0
0
0
0
0
0
0
0
0
0
0
0
0
0
0
0
0
0
0
0
0
0
0
0
0
0
0
0
0
0
0
0
0
0
0
0
0
0
0
0
0
0
0
0
0
0
0
0
0
0
0
0
0
0
0
0
0
0
0
8.5383957818e-26
2.46948025429e-25
2.67090143562e-25
2.76665856549e-25
3.00603656419e-25
3.21744460993e-25
3.41795315944e-25
3.48527792302e-25
3.31972075273e-25
2.97654646064e-25
2.38571196514e-25
5.09136241502e-26
1.9573199133e-26
1.45750371429e-26
1.31476741339e-26
1.33090016952e-26
1.4105418073e-26
1.54160414967e-26
1.70759732691e-26
1.91427093736e-26
2.16624220465e-26
2.47001579316e-26
2.83894735856e-26
3.38969257439e-26
4.29196644787e-24
200
39.8770983901
1.28424260522e-20
8.17123161768e-23
7.58990912271e-24
2.63683127999e-25
1.44580940041e-26
3.67327733043e-27
2.16783451932e-27
5.03843818524e-27
6.9119193484e-27
5.08962687192e-30
0
0
0
0
0
0
0
0
0
0
0
0
0
0
0
0
0
0
0
0
0
0
0
0
0
0
0
0
0
0
0
0
0
0
0
0
0
0
0
0
0
0
0
0
0
0
0
0
0
0
0
0
0
0
0
0
0
0
0
1.95855135686e-25
2.863259987e-25
2.98936863916e-25
3.08686719624e-25
3.23900980243e-25
3.37262853026e-25
3.51944238809e-25
3.61690338296e-25
3.74847072802e-25
3.79676437579e-25
3.53241637077e-25
1.57344217886e-25
3.20668810956e-26
1.92237512598e-26
1.53086865964e-26
1.43959474321e-26
1.45801544569e-26
1.53270991376e-26
1.65128008344e-26
1.80487096104e-26
1.98467109819e-26
2.19552324122e-26
2.43235538647e-26
2.74577054607e-26
1.5951267764e-24
2.71299567647e-19
4.76283140729e-21
1.12088225618e-22
8.94087805466e-24
5.54018446468e-25
2.02932344474e-26
5.02303039096e-27
2.9019913224e-27
2.40924524085e-27
2.97406092279e-27
2.40803808395e-27
4.07964461288e-27
6.04669481723e-29
0
0
0
0
0
0
0
0
0
0
0
0
0
0
0
0
0
0
0
0
0
0
0
0
0
0
0
0
0
0
0
0
0
0
0
0
0
0
0
0
0
0
0
0
0
0
0
0
0
0
0
0
0
0
0
0
0
0
1.77959605777e-25
3.14384157207e-25
3.18167004711e-25
3.40443544797e-25
3.52486609194e-25
3.60461461549e-25
3.70743457271e-25
3.81332952038e-25
3.97701527122e-25
4.25671031485e-25
4.47237919405e-25
2.90819904372e-25
5.04213236033e-26
2.46520128634e-26
1.82020053488e-26
1.59976125778e-26
1.54592849755e-26
1.56822488425e-26
1.64283245185e-26
1.74944774195e-26
1.88094199709e-26
2.03348363911e-26
2.19648574013e-26
2.40090523642e-26
4.73628102557e-25
1.38256129077e-21
1.20872133933e-22
1.15036829086e-23
8.83078064085e-25
2.62332113686e-26
4.52065277698e-27
2.86429170319e-27
2.16832071677e-27
1.95105106739e-27
1.95079517399e-27
1.8010691932e-27
1.57831660804e-27
3.67124679388e-27
9.72413836163e-28
0
0
0
0
0
0
0
0
0
0
0
0
0
0
0
0
0
0
0
0
0
0
0
0
0
0
0
0
0
0
0
0
0
0
0
0
0
0
0
0
0
0
0
0
0
0
0
0
0
0
0
0
0
0
0
0
0
0
4.80012041557e-25
3.72712175315e-25
3.9312978956e-25
3.98500171125e-25
3.98762369752e-25
4.04144978081e-25
4.10953518126e-25
4.27659036851e-25
4.4753943809e-25
4.86445294013e-25
4.21447512516e-25
1.08167666092e-25
3.21337139329e-26
2.16071817108e-26
1.79833619566e-26
1.66969001782e-26
1.64298090063e-26
1.67276614435e-26
1.75013614572e-26
1.84782231785e-26
1.96054767769e-26
2.07693568715e-26
199.999999997
200
1.45141483837e-22
1.44011513905e-23
1.3005198469e-24
9.122444164e-27
3.53500351225e-27
2.43532785181e-27
1.95148864509e-27
1.75594596065e-27
1.57991378688e-27
1.57965789348e-27
1.57905764972e-27
1.75450849969e-27
2.47564903201e-27
6.02340912579e-27
3.07835077179e-27
0
0
0
0
0
0
0
0
0
0
0
0
0
0
0
0
0
0
0
0
0
0
0
0
0
0
0
0
0
0
0
0
0
0
0
0
0
0
0
0
0
0
0
0
0
0
0
0
0
0
0
0
0
0
0
0
0
8.04028540756e-25
5.17184777267e-25
4.96193848503e-25
4.71724934193e-25
4.55348314291e-25
4.48953224165e-25
4.52376591517e-25
4.5873481058e-25
4.75140142663e-25
4.99485804259e-25
5.33648110432e-25
1.99708213394e-25
4.21058232767e-26
2.56110299343e-26
2.03627292667e-26
1.82451211689e-26
1.74169775105e-26
1.74345269129e-26
1.78344145588e-26
1.8547234524e-26
200
200
200
200
2.37516795434e-23
1.67314472875e-24
3.32192686269e-27
2.60558353494e-27
2.08523436773e-27
1.75424560871e-27
1.49666240059e-27
1.40461740431e-27
1.27952289372e-27
1.27929258967e-27
1.37740422856e-27
1.56129716378e-27
2.06191938862e-27
4.63648053704e-27
1.13737743929e-25
1.44595664477e-26
0
0
0
0
0
0
0
0
0
0
0
0
0
0
0
0
0
0
0
0
0
0
0
0
0
0
0
0
0
0
0
0
0
0
0
0
0
0
0
0
0
0
0
0
0
0
0
0
0
0
0
0
0
0
0
0
8.5585784275e-25
7.03411313855e-25
6.19342828222e-25
5.68115407144e-25
5.27887024894e-25
5.10020016197e-25
4.98845850113e-25
4.96503743896e-25
5.04248059522e-25
5.20510816443e-25
6.00322380575e-25
2.91074592465e-25
5.36813523928e-26
3.0032389797e-26
2.3021507724e-26
2.00537394131e-26
1.88222476129e-26
1.84496324974e-26
200
200
200
200
200
200
2.33060717505e-24
2.07509545736e-27
1.87190329956e-27
1.64624368846e-27
1.42581225537e-27
1.27986615961e-27
1.15157060435e-27
1.11729199099e-27
1.05056895503e-27
1.06920883943e-27
1.15087713325e-27
1.27843645251e-27
1.75349165085e-27
2.84690027786e-23
1.0141405186e-23
3.18563808976e-24
2.47723055544e-26
0
0
0
0
0
0
0
0
0
0
0
0
0
0
0
0
0
0
0
0
0
0
0
0
0
0
0
0
0
0
0
0
0
0
0
0
0
0
0
0
0
0
0
0
0
0
0
0
0
0
0
0
0
0
0
9.02221611783e-25
8.70240554624e-25
7.47679856577e-25
6.75663269377e-25
6.23447108921e-25
5.80862632851e-25
5.52785019093e-25
5.37932329028e-25
5.34224328342e-25
5.40069529069e-25
6.0328770742e-25
3.36516478237e-25
6.44023811112e-26
3.46900984187e-26
2.59112581067e-26
2.21531851293e-26
200
200
200
200
200
200
200
200
1.42776732786e-27
1.3685147905e-27
1.28687413851e-27
1.18569665462e-27
1.09108045767e-27
1.02196416648e-27
9.32417751583e-28
9.24593944546e-28
8.92031236764e-28
9.1421513141e-28
9.31724280485e-28
1.0555837941e-27
4.49180135505e-18
1.92640352559e-17
2.79477491487e-19
2.05912641648e-21
8.15101121602e-23
6.80419642647e-27
0
0
0
0
0
0
0
0
0
0
0
0
0
0
0
0
0
0
0
0
0
0
0
0
0
0
0
0
0
0
0
0
0
0
0
0
0
0
0
0
0
0
0
0
0
0
0
0
0
0
0
0
0
0
7.77794674946e-25
1.01332606226e-24
8.58279463962e-25
7.77455011566e-25
7.16004266009e-25
6.56249666569e-25
6.11119792092e-25
5.79076375862e-25
5.60418261172e-25
5.52307932257e-25
5.98049422226e-25
3.25786423676e-25
200
200
200
200
200
200
200
200
200
200
200
200
1.04241237454e-27
1.01078014626e-27
9.71568141318e-28
9.27529479583e-28
8.66440564905e-28
8.32617017569e-28
7.73740742877e-28
7.54696667193e-28
7.54696667193e-28
7.54466363138e-28
7.84663264548e-28
1.64739474028e-12
200
200
200
9.12858238058e-16
4.33846477995e-20
4.40968297372e-22
1.1104273132e-27
0
0
0
0
0
0
0
0
0
0
0
0
0
0
0
0
0
0
0
0
0
0
0
0
0
0
0
0
0
0
0
0
0
0
0
0
0
0
0
0
0
0
0
0
0
0
0
0
0
0
0
0
0
5.5131165221e-25
1.10824685969e-24
200
200
200
200
200
200
200
200
200
200
200
200
200
200
200
200
200
200
200
200
200
200
8.20059829404e-28
8.07884866599e-28
7.85022676923e-28
7.55348872385e-28
7.22659533389e-28
6.79362992715e-28
6.64268670031e-28
6.35066311064e-28
6.19544184522e-28
6.28495439243e-28
6.73681353208e-28
200
200
200
200
200
200
7.83092479366e-19
3.57184317409e-22
2.88722984125e-30
0
0
0
0
0
0
0
0
0
0
0
0
0
0
0
0
0
0
0
0
0
0
0
0
0
0
0
0
0
0
0
0
0
0
0
0
0
0
0
0
0
0
0
0
0
0
0
0
0
0
0
0
200
200
200
200
200
200
200
200
200
200
200
200
200
200
200
200
200
200
200
200
200
200
200
200
6.9008544072e-28
6.69843964263e-28
6.56731378768e-28
6.36548560278e-28
6.07097358693e-28
5.82168678027e-28
5.54799738005e-28
5.42510309966e-28
5.33628120668e-28
5.38760154539e-28
5.49612158794e-28
6.10910480493e-28
200
200
200
200
200
200
6.34056684426e-19
7.47412580321e-24
0
0
0
0
0
0
0
0
0
0
0
0
0
0
0
0
0
0
0
0
0
0
0
0
0
0
0
0
0
0
0
0
0
0
0
0
0
0
0
0
0
0
0
0
0
0
0
0
0
0
0
200
200
200
200
200
200
200
200
200
200
200
200
200
200
200
200
200
200
200
200
200
200
200
200
200
5.81944666711e-28
5.73947371794e-28
5.55243877733e-28
5.31823737678e-28
5.16037752029e-28
4.85388666205e-28
4.70327709816e-28
4.55877709777e-28
4.46310116373e-28
4.46955626758e-28
4.64364888247e-28
5.07199447969e-28
6.3787199017e-28
200
200
200
200
200
200
3.62250574955e-20
4.71989081195e-24
0
0
0
0
0
0
0
0
0
0
0
0
0
0
0
0
0
0
0
0
0
0
0
0
0
0
0
0
0
0
0
0
0
0
0
0
0
0
0
0
0
0
0
0
0
0
0
0
0
200
200
200
200
200
200
200
200
200
200
200
200
200
200
200
200
200
200
200
200
200
200
200
200
200
200
4.89131629003e-28
4.7473575828e-28
4.65713418226e-28
4.49639866025e-28
4.28291361729e-28
4.17360830579e-28
3.9664167696e-28
3.85429062643e-28
3.79418984944e-28
3.78925938416e-28
3.87663809282e-28
4.16901876134e-28
5.00354633181e-28
6.32847720439e-26
200
200
200
200
200
5.78017809423e-13
1.80027905e-21
8.38277174938e-27
0
0
0
0
0
0
0
0
0
0
0
0
0
0
0
0
0
0
0
0
0
0
0
0
0
0
0
0
0
0
0
0
0
0
0
0
0
0
0
0
0
0
0
0
0
0
0
0
200
200
200
200
200
200
200
200
200
200
200
200
200
200
200
200
200
200
200
200
200
200
200
200
200
200
4.10618729018e-28
4.02872049419e-28
3.94614873654e-28
3.82229469112e-28
3.70546027549e-28
3.5403800636e-28
3.43448586978e-28
3.35453222686e-28
3.27816768649e-28
3.23541687201e-28
3.29490083658e-28
3.4360820201e-28
3.89237911259e-28
2.12492835873e-26
8.57678975646e-25
200
200
200
200
200
1.38367611735e-18
3.99726705335e-24
7.54719900709e-28
0
0
0
0
0
0
0
0
0
0
0
0
0
0
0
0
0
0
0
0
0
0
0
0
0
0
0
0
0
0
0
0
0
0
0
0
0
0
0
0
0
0
0
0
0
0
200
200
200
200
200
200
200
200
200
200
200
200
200
200
200
200
200
200
200
200
200
200
200
200
200
200
200
3.60637201024e-28
3.52881066668e-28
3.44408519659e-28
3.35435645174e-28
3.24647657221e-28
3.11432460281e-28
3.0520501186e-28
2.94892137567e-28
2.84639473161e-28
2.81522257868e-28
2.81560128916e-28
2.87982939036e-28
3.12154883724e-28
5.9838769283e-28
4.12862786788e-25
7.63583647202e-25
200
200
200
200
1.38642805662e-10
5.30658891836e-24
5.43276284576e-24
0
0
0
0
0
0
0
0
0
0
0
0
0
0
0
0
0
0
0
0
0
0
0
0
0
0
0
0
0
0
0
0
0
0
0
0
0
0
0
0
0
0
0
0
0
0
200
200
200
200
200
200
200
200
200
200
200
200
200
200
200
200
200
200
200
200
200
200
200
200
200
200
200
3.24845565255e-28
3.17826259645e-28
3.1076242021e-28
3.02220372219e-28
2.93401853049e-28
2.82071527247e-28
2.75049432855e-28
2.63177627834e-28
2.52897682283e-28
2.48570785214e-28
2.46172832363e-28
2.48019748026e-28
2.59127782931e-28
3.10100088604e-28
1.06194775684e-25
1.08320495427e-24
6.81751930746e-25
9.90272321296e-25
200
200
200
4.0889112163e-24
8.17512458024e-24
5.52427903245e-24
0
0
0
0
0
0
0
0
0
0
0
0
0
0
0
0
0
0
0
0
0
0
0
0
0
0
0
0
0
0
0
0
0
0
0
0
0
0
0
0
0
0
0
0
200
200
200
200
200
200
200
200
200
200
200
200
200
200
200
200
200
200
200
200
200
200
200
200
200
200
200
200
3.00441229416e-28
2.92918553611e-28
2.8754111278e-28
2.78641148998e-28
2.68739905345e-28
2.59624504621e-28
2.48282634583e-28
2.37354589673e-28
2.26090682539e-28
2.20537973516e-28
2.13949936208e-28
2.11488024042e-28
2.18389131102e-28
2.40117560414e-28
1.88060114028e-26
5.46892711404e-25
6.52074320514e-25
9.96876766567e-25
1.45274397953e-24
1.94106281042e-24
2.922228536e-24
4.00280482127e-24
6.38600482857e-24
1.4460663015e-23
7.56710517587e-23
0
0
0
0
0
0
0
0
0
0
0
0
0
0
0
0
0
0
0
0
0
0
0
0
0
0
0
0
0
0
0
0
0
0
0
0
0
0
0
0
0
0
0
200
200
200
200
200
200
200
200
200
200
200
200
200
200
200
200
200
200
200
200
200
200
200
200
200
200
200
200
2.82991391715e-28
2.75065977971e-28
2.69092588846e-28
2.60776787165e-28
2.5033503386e-28
2.39554311364e-28
2.27140118842e-28
2.14794320323e-28
2.02777205079e-28
1.93561598713e-28
1.84946740195e-28
1.81005831648e-28
1.80672508335e-28
1.89495464648e-28
2.52306652646e-28
1.02956913969e-25
6.00827514598e-25
7.8911040536e-25
1.64554185688e-24
2.48908185671e-24
3.73343297557e-24
5.07619185367e-24
7.80284687134e-24
1.95150612792e-23
5.55641584639e-23
3.94633319383e-24
0
0
0
0
0
0
0
0
0
0
0
0
0
0
0
0
0
0
0
0
0
0
0
0
0
0
0
0
0
0
0
0
0
0
0
0
0
0
0
0
0
0
200
200
200
200
200
200
200
200
200
200
200
200
200
200
200
200
200
200
200
200
200
200
200
200
200
200
200
200
2.72521460092e-28
2.62466691314e-28
2.55877555204e-28
2.47058087009e-28
2.34135577597e-28
2.22487866982e-28
2.08749976003e-28
1.94667662631e-28
1.82310807094e-28
1.71239906805e-28
1.62029087841e-28
1.54999339906e-28
1.49612030642e-28
1.49878404154e-28
1.63066384004e-28
8.85661243064e-27
1.71735280811e-25
3.92977278538e-25
8.86305747293e-25
1.68148271056e-24
3.27757740213e-24
5.70370789326e-24
1.03209935665e-23
1.3297295934e-23
1.37308787972e-23
3.43169515278e-23
0
0
0
0
0
0
0
0
0
0
0
0
0
0
0
0
0
0
0
0
0
0
0
0
0
0
0
0
0
0
0
0
0
0
0
0
0
0
0
0
0
0
200
200
200
200
200
200
200
200
200
200
200
200
200
200
200
200
200
200
200
200
200
200
200
200
200
200
200
200
2.69356104419e-28
2.56266396843e-28
2.47832414336e-28
2.36711677306e-28
2.23245140185e-28
2.08532473391e-28
1.93378988742e-28
1.79032890074e-28
1.65193425813e-28
1.53325927568e-28
1.43844556406e-28
1.35409832472e-28
1.3018240306e-28
1.25588489789e-28
1.25621058115e-28
1.42064704566e-28
2.32573857765e-26
1.14251528272e-25
2.56989678367e-25
5.88312431698e-25
1.12656515055e-24
2.32128287236e-24
4.35527126151e-24
7.15435603702e-24
8.94087720585e-24
1.40662959124e-23
9.07308080422e-23
1.63107763547e-16
0
0
0
0
0
0
0
0
0
0
0
0
0
0
0
0
0
0
0
0
0
0
0
0
0
0
0
0
0
0
0
0
0
0
0
0
0
0
0
200
200
200
200
200
200
200
200
200
200
200
200
200
200
200
200
200
200
200
200
200
200
200
200
200
200
200
200
200
2.77398484847e-28
2.57706833198e-28
2.46218999588e-28
2.32865367112e-28
2.1565545416e-28
1.9902966651e-28
1.82396050615e-28
1.66223541163e-28
1.52360760824e-28
1.39761368485e-28
1.29593261412e-28
1.21797687315e-28
1.14393034941e-28
1.07421822843e-28
1.04497684916e-28
1.04715246927e-28
2.0205232667e-28
1.94461265531e-26
4.98211213819e-26
1.14261145707e-25
2.45070434103e-25
5.19908028439e-25
1.0549946713e-24
2.22731547483e-24
4.18537523019e-24
8.76214555682e-24
1.13459846784e-16
94.6258653366
0
0
0
0
0
0
0
0
0
0
0
0
0
0
0
0
0
0
0
0
0
0
0
0
0
0
0
0
0
0
0
0
0
0
0
0
0
0
0
200
200
200
200
200
200
200
200
200
200
200
200
200
200
200
200
200
200
200
200
200
200
200
200
200
200
200
200
200
199.999999999
2.74144184996e-28
2.54189717493e-28
2.32790657749e-28
2.12767919481e-28
1.92905168492e-28
1.74800410437e-28
1.5793702399e-28
1.43508832867e-28
1.30589036453e-28
1.20564537641e-28
1.10662764603e-28
1.02138463037e-28
9.44602706749e-29
8.66473589031e-29
8.24218209337e-29
8.28383453069e-29
1.1427100342e-27
9.70931884935e-27
2.01677956244e-26
3.90497698709e-26
6.94209165256e-26
1.32152481124e-25
3.41111194009e-25
1.40332239562e-24
4.00894686812e-22
3.91634685629e-16
3.84874411959e-24
57.5901499598
0
0
0
0
0
0
0
0
0
0
0
0
0
0
0
0
0
0
0
0
0
0
0
0
0
0
0
0
0
0
0
0
0
0
0
0
0
0
200
200
200
200
200
200
200
200
200
200
200
200
200
200
200
200
200
200
200
200
200
200
200
200
200
200
200
200
200
6.59774269803e-14
3.19507073415e-28
2.79389030482e-28
2.43966225325e-28
2.15609944181e-28
1.91113324395e-28
1.69919258939e-28
1.5172898316e-28
1.35272980792e-28
1.23788190253e-28
1.12290116258e-28
1.02142418461e-28
9.20624348013e-29
8.237729905e-29
7.33878839715e-29
6.60328336238e-29
6.12562883676e-29
6.28669412316e-29
1.03307253793e-27
3.2392851844e-27
5.93948245591e-27
9.84974252721e-27
1.43270192084e-26
1.98341991403e-26
3.55927842786e-26
1.7180429495e-25
1.20777858949e-24
1.46834838994e-25
200
0
0
0
0
0
0
0
0
0
0
0
0
0
0
0
0
0
0
0
0
0
0
0
0
0
0
0
0
0
0
0
0
0
0
0
0
0
200
200
200
200
200
200
200
200
200
200
200
200
200
200
200
200
200
200
200
200
200
200
200
200
200
200
200
200
200
200
1.53866707832e-22
4.5469106242e-28
3.42172620056e-28
2.70037762576e-28
2.24746845686e-28
1.92590468573e-28
1.68075302652e-28
1.47290237638e-28
1.31630065951e-28
1.17994966561e-28
1.06396284315e-28
9.56507962162e-29
8.46750228805e-29
7.36240017583e-29
6.37786568283e-29
5.57583858721e-29
4.88870015727e-29
4.3843265793e-29
5.64218055963e-29
3.6318246669e-28
6.74036399322e-28
1.16855709163e-27
1.68675886753e-27
1.57099617496e-27
1.12280468807e-27
3.34129779364e-28
2.91877594851e-28
1.27090581935e-28
1.97900669729e-27
200
0
0
0
0
0
0
0
0
0
0
0
0
0
0
0
0
0
0
0
0
0
0
0
0
0
0
0
0
0
0
0
0
0
0
0
0
200
200
200
200
200
200
200
200
200
200
200
200
200
200
200
200
200
200
200
200
200
200
200
200
200
200
200
200
200
200
1.13900432995e-21
1.37424717115e-19
154.90292151
3.18535903934e-28
2.39614938717e-28
1.97108347247e-28
1.67670958789e-28
1.45172723156e-28
1.2886760992e-28
1.15090221745e-28
1.02279840557e-28
9.11804703645e-29
7.98706089763e-29
6.85848851704e-29
5.85735585481e-29
4.94741923656e-29
3.9197657508e-29
2.5380367224e-29
2.75250972111e-29
4.88989157667e-29
8.97692202364e-29
1.26024338358e-28
1.20562356395e-28
6.87644636361e-29
8.95638676736e-29
1.25231944941e-28
2.12742648467e-28
3.60969076359e-28
2.40976488232e-27
3.35206628612e-26
0
0
0
0
0
0
0
0
0
0
0
0
0
0
0
0
0
0
0
0
0
0
0
0
0
0
0
0
0
0
0
0
0
0
0
2.58385258486e-31
200
200
200
200
200
200
200
200
200
200
200
200
200
200
200
200
200
200
200
200
200
200
200
200
200
200
200
200
200
200
4.13751457956e-21
1.34000051117e-22
1.49207836194e-16
200
8.51803108256e-12
2.02413211059e-28
1.67147856755e-28
1.43849829435e-28
1.27019563546e-28
1.12811389775e-28
1.0047705593e-28
8.87305617007e-29
7.64291063768e-29
6.52105124522e-29
5.43677963115e-29
4.29132387011e-29
3.04667337745e-29
1.62846419564e-29
2.88720727369e-30
5.15868595809e-30
6.0285732866e-30
6.84401227238e-30
1.53061584077e-29
2.22272866191e-29
3.66567462524e-29
7.63373138247e-29
1.91369245276e-28
7.33875835963e-28
4.08298680654e-27
3.67458898754e-27
1.22393017178e-31
0
0
0
0
0
0
0
0
0
0
0
0
0
0
0
0
0
0
0
0
0
0
0
0
0
0
0
0
0
0
0
0
0
0
200
200
200
200
200
200
200
200
200
200
200
200
200
200
200
200
200
200
200
200
200
200
200
200
200
200
200
200
200
200
200
3.28900952819e-21
3.49372464749e-21
3.60208721109e-21
6.99174190273e-21
1.46246097554e-15
200
200
1.49336736949e-28
1.2878056509e-28
1.13638299647e-28
1.00446303792e-28
8.83435596428e-29
7.43320272567e-29
6.36241658149e-29
5.24849786753e-29
4.32651231084e-29
3.19950597271e-29
1.53370041455e-29
2.88720727369e-30
4.66131917491e-30
5.89258104529e-30
6.70802003107e-30
8.46755390544e-30
1.98366663012e-29
2.79800533173e-29
5.94725584662e-29
1.72232320749e-28
3.61068214703e-28
6.80200218222e-28
2.78809149734e-29
1.9833689873e-26
0
0
0
0
0
0
0
0
0
0
0
0
0
0
0
0
0
0
0
0
0
0
0
0
0
0
0
0
0
0
0
0
0
0
200
200
200
200
200
200
200
200
200
200
200
200
200
200
200
200
200
200
200
200
200
200
200
200
200
200
200
200
200
200
192.470238565
)
;

boundaryField
{
    frontAndBack
    {
        type            empty;
    }
    leftWall
    {
        type            calculated;
        value           uniform 0;
    }
    outlet
    {
        type            calculated;
        value           uniform 0;
    }
    rightWall
    {
        type            calculated;
        value           uniform 0;
    }
    inlet
    {
        type            calculated;
        value           uniform 1.8293812718e-25;
    }
}


// ************************************************************************* //
