/*--------------------------------*- C++ -*----------------------------------*\
| =========                 |                                                 |
| \\      /  F ield         | OpenFOAM: The Open Source CFD Toolbox           |
|  \\    /   O peration     | Version:  v1906                                 |
|   \\  /    A nd           | Web:      www.OpenFOAM.com                      |
|    \\/     M anipulation  |                                                 |
\*---------------------------------------------------------------------------*/
FoamFile
{
    version     2.0;
    format      ascii;
    class       volScalarField;
    location    "541";
    object      alpha;
}
// * * * * * * * * * * * * * * * * * * * * * * * * * * * * * * * * * * * * * //

dimensions      [0 0 -1 0 0 0 0];


internalField   nonuniform List<scalar> 
9216
(
199.999999999
200
200
200
200
200
200
200
200
200
200
200
200
200
200
200
200
200
200
200
200
200
200
200
200
200
200
200
200
200
200
200
200
200
200
200
200
200
200
200
200
200
200
200
200
200
200
200
200
200
200
200
200
200
200
200
200
200
200
200
200
200
200
200
200
200
200
200
200
200
200
200
200
200
200
200
200
200
200
200
200
200
200
200
197.070073581
178.582152692
159.731095319
135.988228174
109.171219275
85.7764624688
64.8377506605
48.1531796234
34.6572088245
22.3644968886
12.8384372532
1.53895994901
200
200
200
200
200
200
200
200
200
200
200
200
200
200
200
200
200
200
200
200
200
200
200
200
200
200
200
200
200
200
200
200
200
200
200
200
200
200
200
200
200
200
200
200
200
200
200
200
200
200
200
200
200
200
200
200
200
200
200
200
200
200
200
200
200
200
200
200
200
200
200
200
200
200
200
200
200
200
200
200
200
200
200
200
200
191.772567445
173.054327212
148.315917555
125.121131304
98.5169100178
75.2661753721
59.7466781115
47.0900687261
30.6721776987
20.2346204624
15.2389431115
200
200
200
200
200
200
200
200
200
200
200
200
200
200
200
200
200
200
200
200
200
200
200
200
200
200
200
200
200
200
200
200
200
200
200
200
200
200
200
200
200
200
200
200
200
200
200
200
200
200
200
200
200
200
200
200
200
200
200
200
200
200
200
200
200
200
200
200
200
200
200
200
200
200
200
200
200
200
200
200
200
200
200
200
199.999999999
188.573122121
163.808613607
148.525403454
130.325477108
100.476122507
72.6288102845
63.6895742197
46.6118538717
35.8690080392
31.4234384408
21.3204928975
200
200
200
200
200
200
200
200
200
200
200
200
200
200
200
200
200
200
200
200
200
200
200
200
200
200
200
200
200
200
200
200
200
200
200
200
200
200
200
200
200
200
200
200
200
200
200
200
200
200
200
200
200
200
200
200
200
200
200
200
200
200
200
200
200
200
200
200
200
200
200
200
200
200
200
200
200
200
200
200
200
200
200
200
199.999992913
181.784277536
161.544559022
146.780536584
123.147557919
105.116557715
85.0530639756
61.467772452
55.3074153852
46.0969966503
39.9983731036
27.6959678216
200
200
200
200
200
200
200
200
200
200
200
200
200
200
200
200
200
200
200
200
200
200
200
200
200
200
200
200
200
200
200
200
200
200
200
200
200
200
200
200
200
200
200
200
200
200
200
200
200
200
200
200
200
200
200
200
200
200
200
200
200
200
200
200
200
200
200
200
200
200
200
200
200
200
200
200
200
200
200
200
200
200
200
200
195.910808883
173.072784934
153.260291936
140.065753462
130.393382327
106.95266226
91.7962026531
71.1947358156
57.0950744803
55.9350922473
52.3133451196
39.9952141198
200
200
200
200
200
200
200
200
200
200
200
200
200
200
200
200
200
200
200
200
200
200
200
200
200
200
200
200
200
200
200
200
200
200
200
200
200
200
200
200
200
200
200
200
200
200
200
200
200
200
200
200
200
200
200
200
200
200
200
200
200
200
200
200
200
200
200
200
200
200
200
200
200
200
200
200
200
200
200
200
200
200
200
200
192.287040893
171.115407491
158.376408879
139.900028229
119.896515341
101.143124702
98.3911568883
85.9638253854
68.0122491708
64.7994103949
63.9215091574
51.1262359936
200
200
200
200
200
200
200
200
200
200
200
200
200
200
200
200
200
200
200
200
200
200
200
200
200
200
200
200
200
200
200
200
200
200
200
200
200
200
200
200
200
200
200
200
200
200
200
200
200
200
200
200
200
200
200
200
200
200
200
200
200
200
200
200
200
200
200
200
200
200
200
200
200
200
200
200
200
200
200
200
200
200
200
199.999999278
187.709611508
169.422602714
153.954306511
139.35084671
119.690543941
110.64466634
96.6356734426
95.2370497364
85.9039260384
75.2364813789
75.035387925
61.7852963915
200
200
200
200
200
200
200
200
200
200
200
200
200
200
200
200
200
200
200
200
200
200
200
200
200
200
200
200
200
200
200
200
200
200
200
200
200
200
200
200
200
200
200
200
200
200
200
200
200
200
200
200
200
200
200
200
200
200
200
200
200
200
200
200
200
200
200
200
200
200
200
200
200
200
200
200
200
200
200
200
200
200
200
199.999984616
183.878401082
168.152914527
149.714572812
135.207728424
123.006705259
116.146085952
107.341802644
97.6774425574
98.0810428571
84.8567756212
85.5173567109
72.3250318766
200
200
200
200
200
200
200
200
200
200
200
200
200
200
200
200
200
200
200
200
200
200
200
200
200
200
200
200
200
200
200
200
200
200
200
200
200
200
200
200
200
200
200
200
200
200
200
200
200
200
200
200
200
200
200
200
200
200
200
200
200
200
200
200
200
200
200
200
200
200
200
200
200
200
200
200
200
200
200
200
200
200
200
199.476032541
183.503691343
168.694478673
153.149765503
136.741517828
125.313128587
112.955779207
114.706764668
108.740849501
102.458247759
97.9055889351
94.2745206266
81.7874202087
200
200
200
200
200
200
200
200
200
200
200
200
200
200
200
200
200
200
200
200
200
200
200
200
200
200
200
200
200
200
200
200
200
200
200
200
200
200
200
200
200
200
200
200
200
200
200
200
200
200
200
200
200
200
200
200
200
200
200
200
200
200
200
200
200
200
200
200
200
200
200
200
200
200
200
200
200
200
200
200
200
200
200
196.127886178
182.52185605
168.223026045
152.649360688
139.589770831
129.169196215
121.538327954
114.944499791
115.891907057
111.278220303
109.096687858
102.632502775
91.6857948744
200
200
200
200
200
200
200
200
200
200
200
200
200
200
200
200
200
200
200
200
200
200
200
200
200
200
200
200
200
200
200
200
200
200
200
200
200
200
200
200
200
200
200
200
200
200
200
200
200
200
200
200
200
200
200
200
200
200
200
200
200
200
200
200
200
200
200
200
200
200
200
200
200
200
200
200
200
200
200
200
200
200
200
195.387144201
181.545464442
164.917755757
152.071847705
142.296003514
136.468061397
129.481851867
124.197613711
117.00896955
118.798895119
121.029170755
111.05837707
99.4541744448
200
200
200
200
200
200
200
200
200
200
200
200
200
200
200
200
200
200
200
200
200
200
200
200
200
200
200
200
200
200
200
200
200
200
200
200
200
200
200
200
200
200
200
200
200
200
200
200
200
200
200
200
200
200
200
200
200
200
200
200
200
200
200
200
200
200
200
200
200
200
200
200
200
200
200
200
200
200
200
200
200
200
199.999999998
194.574794441
179.924046252
165.684510753
155.73904019
147.564736641
139.82913572
134.672504435
129.850631701
126.215783989
121.494716291
126.800212477
118.67356949
105.565363764
200
200
200
200
200
200
200
200
200
200
200
200
200
200
200
200
200
200
200
200
200
200
200
200
200
200
200
200
200
200
200
200
200
200
200
200
200
200
200
200
200
200
200
200
200
200
200
200
200
200
200
200
200
200
200
200
200
200
200
200
200
200
200
172.01667
59.880092339
17.6187384616
7.01136158752
4.79723056653
5.62807974472
9.58215599732
20.7211759029
54.0655734936
140.410471936
183.021754188
197.609296762
200
200
200
200
200
200
200
199.999999947
194.197263038
179.627014924
169.553504702
160.148797094
151.363887287
143.722433447
138.690103621
133.897375463
130.39491066
128.250789541
130.528596363
125.120846086
111.041358138
200
200
200
200
200
200
200
200
200
200
200
200
200
200
200
200
200
200
200
200
200
200
200
200
200
200
200
200
200
200
200
200
200
200
200
200
200
200
200
200
200
200
200
200
200
200
200
200
200
200
200
200
200
200
200
200
200
200
200
13.2217425706
0.270221477001
0.0235297148531
0.00472123131199
0.00139196999383
0.000507562881913
0.000279124278373
0.000252341128896
0.000339981918951
0.000596253900268
0.0012618226199
0.00309683586032
0.00873428340882
0.0283873674345
0.108658860658
0.500376339728
2.8499784985
20.6827430343
147.584618311
196.468518625
200
199.991138923
200
199.999999997
194.011150554
183.815403733
171.326228312
163.025828912
154.099280669
147.168459935
144.064781642
138.208208269
135.141083741
132.422201308
130.491986942
132.973403224
115.756997657
200
200
200
200
200
200
200
200
200
200
200
200
200
200
200
200
200
200
200
200
200
200
200
200
200
200
200
200
200
200
200
200
200
200
200
200
200
200
200
200
200
200
200
200
200
200
200
200
200
200
200
200
200
200
200
200
200
0.51561017069
0.000102724106005
8.27905414035e-06
1.48360666934e-06
3.89094592071e-07
1.39258212547e-07
6.62243185963e-08
4.76925556079e-08
5.14442034558e-08
7.35043494721e-08
1.26345716642e-07
2.51839278368e-07
5.80488920721e-07
1.5210297331e-06
4.5627365764e-06
1.57833178913e-05
6.39890298751e-05
0.000307732637737
0.00179902113074
0.0123690838439
0.103781004039
1.08718283879
14.9642945726
157.572432717
198.583831078
199.967830773
195.871561849
183.529249821
174.54095236
162.844329838
156.565265525
152.435191951
148.42979354
142.552424682
139.092384578
135.689548149
133.850762526
138.216284999
119.789159015
200
200
200
200
200
200
200
200
200
200
200
200
200
200
200
200
200
200
200
200
200
200
200
200
200
200
200
200
200
200
200
200
200
200
200
200
200
200
200
200
200
200
200
200
200
200
200
200
200
200
200
200
200
200
200
0.384044761551
1.1003873097e-06
9.62884858911e-09
1.26252164614e-09
3.0281156277e-10
1.03520187263e-10
4.54580989827e-11
2.61214780762e-11
2.19280262037e-11
2.57053881852e-11
3.7835217128e-11
6.5326219302e-11
1.2888970753e-10
2.84425501086e-10
7.14762310651e-10
2.02655187605e-09
6.51776421943e-09
2.38229251043e-08
9.8508569738e-08
4.71765899862e-07
2.65441902672e-06
1.7569091926e-05
0.000138415902023
0.0013320698515
0.0156129251148
0.228969081109
4.41546321592
111.538523128
190.985017047
184.140240931
173.55098078
165.242433446
162.478457192
157.424984637
150.583675907
144.906380412
141.793075579
139.495474488
136.467205784
139.344563908
122.793133106
200
200
200
200
200
200
200
200
200
200
200
200
200
200
200
200
200
200
200
200
200
200
200
200
200
200
200
200
200
200
200
200
200
200
200
200
200
200
200
200
200
200
200
200
200
200
200
200
200
200
200
200
200
200
2.01491492857e-07
8.66830291665e-11
4.39861719034e-12
8.00728587278e-13
2.243520702e-13
8.65486207327e-14
4.28597124747e-14
2.6906989645e-14
2.35984776911e-14
2.78350937836e-14
4.06548932038e-14
6.87888766437e-14
1.31069097568e-13
2.82303453099e-13
6.84355466673e-13
1.83044927491e-12
5.54763286922e-12
1.90743528157e-11
7.34188054375e-11
3.14449427861e-10
1.52831873725e-09
8.50277645265e-09
5.2973077286e-08
3.79398012814e-07
3.27271212026e-06
3.38413261689e-05
0.000427195116613
0.00664161501589
0.131461623658
2.88712210336
83.2325511461
168.871001313
167.858602525
164.706452793
154.563677967
149.856242415
147.305547743
143.398381436
141.579117866
138.591794601
139.747254308
124.661046439
200
200
200
200
200
200
200
200
200
200
200
200
200
200
200
200
200
200
200
200
200
200
200
200
200
200
200
200
200
200
200
200
200
200
200
200
200
200
200
200
200
200
200
200
200
200
200
200
200
200
200
200
200
1.26047412439e-11
8.65068724489e-14
8.77865178968e-15
1.82387506781e-15
5.29920159136e-16
2.03358516854e-16
9.49441295981e-17
5.79171424702e-17
4.76383221751e-17
5.32704927489e-17
7.58802621189e-17
1.36193049846e-16
2.63874127632e-16
5.67073989567e-16
1.33002424403e-15
3.49181801875e-15
1.02297922859e-14
3.30912119544e-14
1.16152232386e-13
4.53263155091e-13
1.9261053911e-12
9.35236181616e-12
5.02265445737e-11
2.97854723828e-10
2.00954222302e-09
1.57291725427e-08
1.39073049669e-07
1.46460693178e-06
1.91320475708e-05
0.000280524082727
0.00493727871088
0.10734594254
3.45051626753
128.872212926
161.350332099
155.654853997
152.271400048
149.200103986
146.429314573
141.765912477
140.559209046
138.962807527
125.932714276
200
200
200
200
200
200
200
200
200
200
200
200
200
200
200
200
200
200
200
200
200
200
200
200
200
200
200
200
200
200
200
200
200
200
200
200
200
200
200
200
200
200
200
200
200
200
200
200
200
200
200
200
1.63277923643e-14
3.8127114697e-16
9.08380334644e-18
0
0
0
0
0
0
0
0
0
1.93536010693e-19
6.36952417267e-19
3.22996828988e-18
9.63001161329e-18
3.26123810755e-17
1.10377170142e-16
3.86779801524e-16
1.40958121974e-15
5.54449032535e-15
2.35267603275e-14
1.06752416892e-13
5.33504493366e-13
2.94650503467e-12
1.86452592417e-11
1.29421417042e-10
1.01197361351e-09
9.30835334324e-09
9.12031904029e-08
1.05313936043e-06
1.54246304614e-05
0.000284772637561
0.00716080655605
0.314563650757
19.4997205637
152.364579573
155.13901718
151.599981318
147.519961437
143.492007753
141.577847012
138.509915885
127.24178069
200
200
200
200
200
200
200
200
200
200
200
200
200
200
200
200
200
200
200
200
200
200
200
200
200
200
200
200
200
200
200
200
200
200
200
200
200
200
200
200
200
200
200
200
200
200
200
200
200
200
200
1.91577201577e-16
0
0
0
0
0
0
0
0
0
0
0
0
0
0
0
1.46186188457e-19
4.01606234731e-19
1.78395571131e-18
7.51828604461e-18
3.05757547746e-17
1.26197824402e-16
5.23407897329e-16
2.22525982862e-15
1.05631268893e-14
5.23562208101e-14
2.87121408753e-13
1.76305783541e-12
1.25732932145e-11
9.09715837187e-11
7.45825428951e-10
7.23395935089e-09
8.48316842139e-08
1.27306949891e-06
2.96810632954e-05
0.000879793276668
0.0368278854707
3.21063953273
136.426827905
153.414617476
149.634439268
146.578523963
141.979435754
139.874380728
128.412876233
200
200
200
200
200
200
200
200
200
200
200
200
200
200
200
200
200
200
200
200
200
200
200
200
200
200
200
200
200
200
200
200
200
200
200
200
200
200
200
200
200
200
200
200
200
200
200
200
200
200
2.05508084742e-21
0
0
0
0
0
0
0
0
0
0
0
0
0
0
0
0
0
0
1.40896431096e-20
2.2717317141e-19
6.4311623086e-19
2.87983058748e-18
1.58628647847e-17
6.34545080578e-17
3.22368445378e-16
1.46349659706e-15
7.66462038844e-15
3.90940716645e-14
2.31406906154e-13
1.43406178032e-12
1.05262886307e-11
8.46736341252e-11
8.12859347339e-10
9.96603592217e-09
1.74247640866e-07
3.88614490967e-06
0.000129498506621
0.0074201370404
0.769267492876
110.769110121
150.308594585
148.518283397
143.107745763
140.999417384
128.921455702
200
200
200
200
200
200
200
200
200
200
200
200
200
200
200
200
200
200
200
200
200
200
200
200
200
200
200
200
200
200
200
200
200
200
200
200
200
200
200
200
200
200
200
200
200
200
200
200
200
0
0
0
0
0
0
0
0
0
0
0
0
0
0
0
0
0
0
0
0
0
0
0
1.41182297059e-19
4.15634054618e-19
2.22460719563e-18
1.10822739567e-17
4.58107092059e-17
2.44438246849e-16
1.16929975692e-15
6.25954592516e-15
3.34096960296e-14
2.22564003594e-13
1.56278020354e-12
1.29667612968e-11
1.27383649107e-10
1.74669787756e-09
2.89494859217e-08
7.57888973132e-07
2.75009211865e-05
0.0018967394871
0.268517386666
87.5790328968
147.780816629
144.009424361
140.294310121
127.862106785
200
200
200
200
200
200
200
200
200
200
200
200
200
200
200
200
200
200
200
200
200
200
200
200
200
200
200
200
200
200
200
200
200
200
200
200
200
200
200
200
200
200
200
200
200
200
200
200
0
0
0
0
0
0
0
0
0
0
0
0
0
0
0
0
0
0
0
0
0
0
0
0
0
0
1.08891792579e-19
4.12377996267e-19
1.97199158198e-18
1.00649107108e-17
4.65373892915e-17
2.57475704173e-16
1.2764413492e-15
7.33065711018e-15
4.70660744514e-14
3.18534300233e-13
2.63078982084e-12
2.91714970957e-11
3.54130438129e-10
6.19188568018e-09
1.6576663163e-07
7.94573212075e-06
0.000705056110157
0.143136917802
92.5627578452
143.273877369
138.151034707
125.108714189
200
200
200
200
200
200
200
200
200
200
200
200
200
200
200
200
200
200
200
200
200
200
200
200
200
200
200
200
200
200
200
200
200
200
200
200
200
200
200
200
200
200
200
200
200
200
200
0
0
0
0
0
0
0
0
0
0
0
0
0
0
0
0
0
0
0
0
0
0
0
0
0
0
0
0
0
1.03796652101e-19
4.62370044757e-19
2.44022676488e-18
1.30124764781e-17
6.34264505173e-17
3.81070455342e-16
2.07267915667e-15
1.30841512082e-14
8.8396406629e-14
6.95628598977e-13
7.7232709882e-12
9.55200246397e-11
1.91201810814e-09
5.8968317988e-08
3.25766521202e-06
0.000398740453908
0.159959817142
113.373906808
135.849939477
121.34892601
200
200
200
200
200
200
200
200
200
200
200
200
200
200
200
200
200
200
200
200
200
200
200
200
200
200
200
200
200
200
200
200
200
200
200
200
200
200
200
200
200
200
200
200
200
200
0
0
0
0
0
0
0
0
0
0
0
0
0
0
0
0
0
0
0
0
0
0
0
0
0
0
0
0
0
0
0
0
1.35771045025e-19
6.38017759043e-19
3.54176656706e-18
2.00905423582e-17
1.17537582098e-16
6.664891129e-16
4.4879288906e-15
2.998265623e-14
2.56912484733e-13
2.50848142744e-12
3.74177988191e-11
7.86815389032e-10
2.75754447586e-08
1.92683331609e-06
0.000411421777133
0.43450354046
124.063594494
117.009817239
200
200
200
200
200
200
200
200
200
200
200
200
200
200
200
200
200
200
200
200
200
200
200
200
200
200
200
200
200
200
200
200
200
200
200
200
200
200
200
200
200
200
200
200
200
0
0
0
0
0
0
0
0
0
0
0
0
0
0
0
0
0
0
0
0
0
0
0
0
0
0
0
0
0
0
0
0
0
0
0
2.1853149535e-19
1.12560887826e-18
8.77629395593e-18
4.56394585212e-17
2.88868248606e-16
1.97238487688e-15
1.2332122439e-14
1.03306266749e-13
1.17115090894e-12
1.82305625186e-11
4.06383144628e-10
1.67848372062e-08
1.85704338911e-06
0.000875851563283
4.73520882875
111.498275
200
200
200
200
200
200
200
200
200
200
200
200
200
200
200
200
200
200
200
200
200
200
200
200
200
200
200
200
200
200
200
200
200
200
200
200
200
200
200
200
200
200
200
200
200
0
0
0
0
0
0
0
0
0
0
0
0
0
0
0
0
0
0
0
0
0
0
0
0
0
0
0
0
0
0
0
0
0
0
0
0
6.63465122157e-20
4.88811821432e-19
3.58391339368e-18
2.1789741225e-17
1.46888413654e-16
9.72292077827e-16
6.75143413493e-15
5.65015197529e-14
6.16364393375e-13
1.01149671118e-11
2.51063568329e-10
1.5554505179e-08
3.36628482843e-06
0.00626406239966
90.0634851077
200
200
200
200
200
200
200
200
200
200
200
200
200
200
200
200
200
200
200
200
200
200
200
200
200
200
200
200
200
200
200
200
200
200
200
200
200
200
200
200
200
200
200
200
200
0
0
0
0
0
0
0
0
0
0
0
0
0
0
0
0
0
0
0
0
0
0
0
0
0
0
0
0
0
0
0
0
0
0
0
0
0
0
2.31652377124e-19
1.94707331658e-18
1.17063967694e-17
8.75709163582e-17
5.49136928771e-16
3.58628785107e-15
2.97939325404e-14
3.79697749708e-13
6.61831481671e-12
2.36368830874e-10
2.41873116496e-08
1.84306877587e-05
0.613801633467
200
200
200
200
200
200
200
200
200
200
200
200
200
200
200
200
200
200
200
200
200
200
200
200
200
200
200
200
200
200
200
200
200
200
200
200
200
200
200
200
200
200
200
200
0
0
0
0
0
0
0
0
0
0
0
0
0
0
0
0
0
0
0
0
0
0
0
0
0
0
0
0
0
0
0
0
0
0
0
0
0
0
0
0
1.04076982482e-19
1.21510386858e-18
8.45030681724e-18
5.96118973602e-17
3.66386191928e-16
2.93796477083e-15
2.2886030252e-14
3.09189424048e-13
7.20397077092e-12
3.42061071636e-10
9.82911671889e-08
0.000609924478884
200
200
200
200
200
200
200
200
200
200
200
200
200
200
200
200
200
200
200
200
200
200
200
200
200
200
200
200
200
200
200
200
200
200
200
200
200
200
200
200
200
200
200
200
0
0
0
0
0
0
0
0
0
0
0
9.815559285e-20
4.91088179648e-19
7.57273954237e-19
1.29934350156e-18
0
0
0
0
0
0
0
0
0
0
0
0
0
0
0
0
0
0
0
0
0
0
0
0
0
0
4.4091964433e-20
8.36923694612e-19
7.49012078625e-18
4.97427395409e-17
3.3026446184e-16
2.56892101002e-15
2.47656696335e-14
3.61599414779e-13
9.87084639986e-12
1.12422604104e-09
1.59262345445e-06
200
200
200
1.24703214152e-22
0
0
0
0
0
0
0
0
0
0
0
0
0
0
0
0
0
0
0
1.55854622583e-17
2.26124311607e-15
200
200
200
200
200
200
200
200
200
200
200
200
200
200
200
200
200
200
200
0
0
0
0
0
0
0
0
0
3.40551581353e-19
5.64704617928e-18
3.48198734151e-17
2.49090415686e-16
1.64009434687e-15
3.1162864219e-15
4.36821865057e-15
1.17475135136e-16
7.9771289728e-18
0
0
0
0
0
0
0
0
0
0
0
0
0
0
0
0
0
0
0
0
0
0
0
0
7.78172091938e-21
7.03302889726e-19
5.62773835775e-18
3.97402509394e-17
3.19473342701e-16
2.57565917949e-15
2.50851755531e-14
5.10247140092e-13
2.6973210914e-11
1.06700915137e-08
1.55253402829e-23
8.17123172784e-24
0
0
0
0
0
0
0
0
0
0
0
0
0
0
0
0
0
0
0
0
0
0
0
0
0
0
0
0
8.94983851103e-17
1.22550967804e-14
200
200
200
200
200
200
200
200
200
200
200
0
0
0
0
0
0
0
0
8.5075716431e-20
7.34724478988e-18
3.7180366236e-16
3.26315369802e-14
200
200
200
200
200
200
200
200
199.999999964
199.997531196
0
0
0
0
0
0
0
0
0
0
0
0
0
0
0
0
0
0
0
0
0
0
3.05795840276e-22
8.17235352258e-19
6.46591684001e-18
5.74990199544e-17
4.35169119944e-16
3.65832386598e-15
4.74041759955e-14
1.27818615861e-12
1.75415814178e-10
0
0
0
0
0
0
0
0
0
0
0
0
0
0
0
0
0
0
0
0
0
0
0
0
0
0
0
0
0
0
0
0
0
0
0
1.22822108174e-16
6.01263991106e-15
200
200
200
200
200
200
0
0
0
0
0
0
0
9.19491791259e-19
2.1432038038e-16
1.63558945421e-13
200
200
200
200
200
200
200
200
200
200
200
200
199.999999971
0
0
0
0
0
0
0
0
0
0
0
0
0
0
0
0
0
0
0
0
0
0
2.94621556958e-20
1.17415057994e-18
1.03496428764e-17
7.36165591647e-17
6.92159099797e-16
6.86776461312e-15
1.09448900029e-13
6.66540101462e-12
0
0
0
0
0
0
0
0
0
0
0
0
0
0
0
0
0
0
0
0
0
0
0
0
0
0
0
0
0
0
0
0
0
0
0
0
0
0
1.01038230904e-18
8.95164482398e-17
1.12314117165e-15
2.60918934727e-15
5.88067234984e-17
0
0
0
0
0
0
9.34035828193e-18
5.9708203303e-15
200
200
200
200
200
200
200
200
200
200
200
200
200
200
200
200
0
0
0
0
0
0
0
0
0
0
0
0
0
0
0
0
0
0
0
0
0
0
9.24118212239e-20
2.28550950021e-18
1.58597737582e-17
1.29166817163e-16
1.15012843961e-15
1.57951107216e-14
4.62168650816e-13
0
0
0
0
0
0
0
0
0
0
0
0
0
0
0
0
0
0
0
0
0
0
0
0
0
0
0
0
0
0
0
0
0
0
0
0
0
0
0
0
0
0
6.77253810185e-18
0
0
1.20311382508e-21
2.06574124114e-21
1.29005086344e-19
7.45793543707e-17
3.69077893852e-13
200
200
200
200
200
200
200
200
200
200
200
200
200
200
200
200
200
200
0
0
0
0
0
0
0
0
0
0
0
0
0
0
0
0
0
0
0
0
0
0
2.7262206314e-19
4.23233535465e-18
3.54887677497e-17
3.11919225363e-16
3.36440788757e-15
5.44433705503e-14
0
0
0
0
0
0
0
0
0
0
0
0
0
0
0
0
0
0
0
0
0
0
0
0
0
0
0
0
0
0
0
0
0
0
0
0
0
0
0
0
0
0
0
0
1.52955106446e-21
9.99684425161e-21
7.80563199033e-19
1.51726036731e-16
5.61404647062e-11
200
200
200
200
200
200
200
200
200
200
200
200
200
200
200
200
200
200
200
200
0
0
0
0
0
0
0
0
0
0
0
0
0
0
0
0
0
0
0
0
0
0
9.1063989955e-19
8.43812509531e-18
9.69337129468e-17
9.54785641135e-16
1.05595588717e-14
0
0
0
0
0
0
0
0
0
0
0
0
0
0
0
0
0
0
0
0
0
0
0
0
0
0
0
0
0
0
0
0
0
0
0
0
0
0
0
0
0
0
0
0
0
5.23076477064e-19
5.87685016543e-17
200
200
200
200
200
200
200
200
200
200
200
200
200
200
200
200
200
200
200
200
200
200
200
0
0
0
0
0
0
0
0
0
0
0
0
0
0
0
0
0
0
0
0
0
1.31355405807e-19
3.03513742046e-18
2.52651401619e-17
2.83899163657e-16
2.86007003873e-15
0
0
0
0
0
0
0
0
0
0
0
0
0
0
0
0
0
0
0
0
0
0
0
0
0
0
0
0
0
0
0
0
0
0
0
0
0
0
0
0
0
0
0
0
0
0
5.44735655158e-15
200
200
200
200
200
200
200
200
200
200
200
200
200
200
200
200
200
200
200
200
200
200
200
200
0
0
0
0
0
0
0
0
0
0
0
0
0
0
0
0
0
0
0
0
0
8.25464262035e-19
9.75314994992e-18
1.077164923e-16
9.63288632699e-16
0
0
0
0
0
0
0
0
0
0
0
0
0
0
0
0
0
0
0
0
0
0
0
0
0
0
0
0
0
0
0
0
0
0
0
0
0
0
0
0
0
0
0
0
0
0
0
0
1.13821627417e-22
200
200
200
200
200
200
200
200
200
200
200
200
200
200
200
200
200
200
200
200
200
200
200
0
0
0
0
0
0
0
0
0
0
0
0
0
0
0
0
0
0
0
0
2.27321383851e-19
4.20620162166e-18
4.6900914158e-17
3.9370744699e-16
0
0
0
0
0
0
0
0
0
0
0
0
0
0
0
0
0
0
0
0
0
0
0
0
0
0
0
0
0
0
0
0
0
0
0
0
0
0
0
0
0
0
0
0
0
0
0
0
0
1.02439464675e-22
1.37162603973e-21
7.8842309039e-16
200
200
200
200
200
200
200
200
200
200
200
200
200
200
200
200
200
200
200
200
199.999929332
0
0
0
0
0
0
0
0
0
0
0
0
0
0
0
0
0
0
0
5.66957011927e-20
2.05896298136e-18
2.30859436824e-17
1.89744044544e-16
0
0
0
0
0
0
0
0
0
0
0
0
0
0
0
0
0
0
0
0
0
0
0
0
0
0
0
0
0
0
0
0
0
0
0
0
0
0
0
0
0
0
0
0
0
0
0
0
0
0
9.21955182077e-23
5.17901051594e-22
6.36892842821e-21
2.90458769511e-15
200
200
200
200
200
200
200
200
200
200
200
200
200
200
200
200
200
200
200
0
0
0
0
0
0
0
0
0
0
0
0
0
0
0
0
0
0
0
0
9.38984814384e-19
1.15797810111e-17
1.04745232867e-16
0
0
0
0
0
0
0
0
0
0
0
0
0
0
0
0
0
0
0
0
0
0
0
0
0
0
0
0
0
0
0
0
0
0
0
0
0
0
0
0
0
0
0
0
0
0
0
0
0
0
0
1.75171484595e-22
3.91432576687e-22
5.47038724205e-21
1.57005604365e-20
5.96334515516e-14
200
200
200
200
200
200
200
200
200
200
200
200
200
200
200
200
200
199.999947838
0
0
0
0
0
0
0
0
0
0
0
0
0
0
0
0
0
0
0
4.60985796364e-19
6.32945213211e-18
6.46307359447e-17
0
0
0
0
0
0
0
0
0
0
0
0
0
0
0
0
0
0
0
0
0
0
0
0
0
0
0
0
0
0
0
0
0
0
0
0
0
0
0
0
0
0
0
0
0
0
0
0
0
0
0
0
1.57654336135e-22
3.52289319018e-22
4.85613798507e-21
1.06989181946e-20
1.19487041921e-15
200
200
200
200
200
200
200
200
200
200
200
200
200
200
200
200
200
0
0
0
0
0
0
0
0
0
0
0
0
0
0
0
0
0
0
0
2.81863506937e-19
4.76376648337e-18
4.3688694877e-17
0
0
0
0
0
0
0
0
0
0
0
0
0
0
0
0
0
0
0
0
0
0
0
0
0
0
0
0
0
0
0
0
0
0
0
0
0
0
0
0
0
0
0
0
0
0
0
0
0
0
0
0
0
2.24864868908e-22
7.69208607379e-22
3.72763871512e-21
5.78322193979e-21
1.16194957595e-16
200
200
200
200
200
200
200
200
200
200
200
200
200
200
200
200
199.999867589
0
0
0
0
0
0
0
0
0
0
0
0
0
0
0
0
0
0
1.6705641413e-19
3.82713663552e-18
3.26041566256e-17
0
0
0
0
0
0
0
0
0
0
0
0
0
0
0
0
0
0
0
0
0
0
0
0
0
0
0
0
0
0
0
0
0
0
0
0
0
0
0
0
0
0
0
0
0
0
0
0
0
0
0
0
0
6.72105327734e-23
1.41888902522e-22
1.17690058033e-21
3.13470460117e-21
5.17872669547e-21
5.0339631216e-21
200
200
200
200
200
200
200
200
200
200
200
200
200
200
200
200
0
0
0
0
0
0
0
0
0
0
0
0
0
0
0
0
0
0
1.38178123152e-19
3.086753483e-18
2.679741147e-17
0
0
0
0
0
0
0
0
0
0
0
0
0
0
0
0
0
0
0
0
0
0
0
0
0
0
0
0
0
0
0
0
0
0
0
0
0
0
0
0
0
0
0
0
0
0
0
0
0
0
0
0
0
6.72105327734e-23
1.27700012269e-22
1.27700012269e-22
1.24274273826e-21
3.01957311314e-21
4.55304838584e-21
4.34021136947e-21
200
200
200
200
200
200
200
200
200
200
200
200
200
200
200
0
0
0
0
0
0
0
0
0
0
0
0
0
0
0
0
0
0
1.27397839339e-19
3.02294524569e-18
2.48475162878e-17
0
0
0
0
0
0
0
0
0
0
0
0
0
0
0
0
0
0
0
0
0
0
0
0
0
0
0
0
0
0
0
0
0
0
0
0
0
0
0
0
0
0
0
0
0
0
0
0
0
0
0
0
0
0
1.27700012269e-22
1.27700012269e-22
1.27700012269e-22
1.50715690215e-21
3.46736082147e-21
3.74071510236e-21
1.91386357664e-17
200
200
200
200
200
200
200
200
200
200
200
200
200
200
0
0
0
0
0
0
0
0
0
0
0
0
0
0
0
0
0
0
1.30408058991e-19
2.99201931297e-18
2.54392301854e-17
0
0
0
0
0
0
0
0
0
0
0
0
0
0
0
0
0
0
0
0
0
0
0
0
0
0
0
0
0
0
0
0
0
0
0
0
0
0
0
0
0
0
0
0
0
0
0
0
0
0
0
0
0
0
0
1.27700012269e-22
1.27700012269e-22
1.27700012269e-22
1.80095041759e-21
2.70764738581e-21
2.61678723406e-21
4.0888935784e-16
200
200
200
200
200
200
200
200
200
200
200
200
200
0
0
0
0
0
0
0
0
0
0
0
0
0
0
0
0
0
0
1.81281563988e-19
3.12898427105e-18
2.80683341984e-17
0
0
0
0
0
0
0
0
0
0
0
0
0
0
0
0
0
0
0
0
0
0
0
0
0
0
0
0
0
0
0
0
0
0
0
0
0
0
0
0
0
0
0
0
0
0
0
0
0
0
0
0
0
0
0
0
0
6.72105327734e-23
2.02378382018e-22
1.70830374681e-21
2.25385613188e-21
1.62235642015e-21
200
200
200
200
200
200
200
200
200
200
200
200
200
0
0
0
0
0
0
0
0
0
0
0
0
0
0
0
0
0
0
2.48906741668e-19
4.23747203141e-18
3.30711098156e-17
0
0
0
0
0
0
0
0
0
0
0
0
0
0
0
0
0
0
0
0
0
0
0
0
0
0
0
0
0
0
0
0
0
0
0
0
0
0
0
0
0
0
0
0
0
0
0
0
0
0
0
0
0
0
0
0
0
0
3.52289319018e-22
4.66110946435e-22
4.19499851791e-22
8.47686446859e-22
1.08989849409e-19
200
200
200
200
200
200
200
200
200
200
200
200
0
0
0
0
0
0
0
0
0
0
0
0
0
0
0
0
0
0
3.66064430711e-19
5.46932299568e-18
4.14734502706e-17
0
0
0
0
0
0
0
0
0
0
0
0
0
0
0
0
0
0
0
0
0
0
0
0
0
0
0
0
0
0
0
0
0
0
0
0
0
0
0
0
0
0
0
0
0
0
0
0
0
0
0
0
0
0
0
0
0
0
9.21955182077e-23
3.91432576687e-22
5.92579421342e-22
4.66110946435e-22
2.32122922365e-20
200
200
200
200
200
200
200
200
200
200
200
200
0
0
0
0
0
0
0
0
0
0
0
0
0
0
0
0
0
0
6.25035193716e-19
6.97221326375e-18
5.12225253039e-17
0
0
0
0
0
0
0
0
0
0
0
0
0
0
0
0
0
0
0
0
0
0
0
0
0
0
0
0
0
0
0
0
0
0
0
0
0
0
0
0
0
0
0
0
0
0
0
0
0
0
0
0
0
0
0
0
0
0
0
0
4.34925085207e-22
6.58421579269e-22
9.4242362869e-21
1.97949485279e-19
200
200
200
200
200
200
200
200
200
200
200
6.72105327734e-23
0
0
0
0
0
0
0
0
0
0
0
0
0
0
0
0
3.47475538054e-20
1.09169739241e-18
1.00187271015e-17
6.07583370516e-17
0
0
0
0
0
0
0
0
0
0
0
0
0
0
0
0
0
0
0
0
0
0
0
0
0
0
0
0
0
0
0
0
0
0
0
0
0
0
0
0
0
0
0
0
0
0
0
0
0
0
0
0
0
0
0
0
0
0
0
0
0
4.83250094675e-22
1.06275075718e-20
7.44389339695e-20
200
200
200
200
200
200
200
200
200
200
200
6.72105327734e-23
6.72105327734e-23
0
0
0
0
0
0
0
0
0
0
0
0
0
0
0
1.09774649251e-19
1.81593763908e-18
1.50914452104e-17
1.56899338674e-16
0
0
0
0
0
0
0
0
0
0
0
0
0
0
0
0
0
0
0
0
0
0
0
0
0
0
0
0
0
0
0
0
0
0
0
0
0
0
0
0
0
0
0
0
0
0
0
0
0
0
0
0
0
0
0
0
0
0
0
0
0
0
4.59140516093e-21
2.4699718844e-20
200
200
200
200
200
200
200
200
200
200
200
6.72105327734e-23
6.72105327734e-23
6.72105327734e-23
0
0
0
0
0
0
0
0
0
0
0
0
0
0
2.78477611152e-19
2.88536551577e-18
2.05581643723e-17
5.09384874159e-16
0
0
0
0
0
0
0
0
0
0
0
0
0
0
0
0
0
0
0
0
0
0
0
0
0
0
0
0
0
0
0
0
0
0
0
0
0
0
0
0
0
0
0
0
0
0
0
0
0
0
0
0
0
0
0
0
0
0
0
0
0
0
0
2.33076347059e-20
200
200
200
200
200
200
200
200
200
200
0
6.0489479496e-23
6.72105327734e-23
6.72105327734e-23
6.72105327734e-23
0
0
0
0
0
0
0
0
0
0
0
0
3.0076838746e-21
5.09074195048e-19
5.20578148145e-18
2.60203518462e-17
9.20130400375e-16
0
0
0
0
0
0
0
0
0
0
0
0
0
0
0
0
0
0
0
0
0
0
0
0
0
0
0
0
0
0
0
0
0
0
0
0
0
0
0
0
0
0
0
0
0
0
0
0
0
0
0
0
0
0
0
0
0
0
0
0
0
0
0
2.13059667346e-20
200
200
200
200
200
200
200
200
200
200
0
0
6.0489479496e-23
6.72105327734e-23
6.72105327734e-23
0
0
0
0
0
0
0
0
0
0
0
0
8.90221912029e-20
8.6386696476e-19
6.70028217742e-18
2.82896177914e-17
1.52687956086e-15
0
0
0
0
0
0
0
0
0
0
0
0
0
0
0
0
0
0
0
0
0
0
0
0
0
0
0
0
0
0
0
0
0
0
0
0
0
0
0
0
0
0
0
0
0
0
0
0
0
0
0
0
0
0
0
0
0
0
0
0
0
0
0
0
200
200
200
200
200
200
200
200
200
0
0
0
0
6.72105327734e-23
6.72105327734e-23
6.72105327734e-23
0
0
0
0
0
0
0
0
0
0
0
1.82109810371e-19
1.82134527812e-18
8.88500339452e-18
5.90703062814e-17
2.14045926874e-15
0
0
0
0
0
0
0
0
0
0
0
0
0
0
0
0
0
0
0
0
0
0
0
0
0
0
0
0
0
0
0
0
0
0
0
0
0
0
0
0
0
0
0
0
0
0
0
0
0
0
0
0
0
0
0
0
0
0
0
0
0
0
0
0
200
200
200
200
200
200
200
200
0
0
0
0
0
0
6.72105327734e-23
6.72105327734e-23
0
0
0
0
0
0
0
0
0
0
4.70844391433e-20
3.43014311863e-19
2.09489490958e-18
8.48905169779e-18
1.31235360674e-16
3.31752596673e-15
0
0
0
0
0
0
0
0
0
0
0
0
0
0
0
0
0
0
0
0
0
0
0
0
0
0
0
0
0
0
0
0
0
0
0
0
0
0
0
0
0
0
0
0
0
0
0
0
0
0
0
0
0
0
0
0
0
0
0
0
0
0
0
0
200
200
200
200
200
200
200
0
0
0
0
0
0
0
0
6.72105327734e-23
0
0
0
0
0
0
0
0
0
0
1.32107258561e-19
7.03297677473e-19
2.43864693299e-18
5.93117205747e-18
1.54913032765e-16
4.94553981694e-15
0
0
0
0
0
0
0
0
0
0
0
0
0
0
0
0
0
0
0
0
0
0
0
0
0
0
0
0
0
0
0
0
0
0
0
0
0
0
0
0
0
0
0
0
0
0
0
0
0
0
0
0
0
0
0
0
0
0
0
0
0
0
0
4.4463397668
200
200
200
200
200
200
0
0
0
0
0
0
0
0
0
0
0
0
0
0
0
0
0
0
0
5.213224963e-20
1.94313468967e-19
7.81147850438e-19
1.44601057456e-18
1.32877440959e-17
2.37169108022e-16
7.00627682336e-15
0
0
0
0
0
0
0
0
0
0
0
0
0
0
0
0
0
0
0
0
0
0
0
0
0
0
0
0
0
0
0
0
0
0
0
0
0
0
0
0
0
0
0
0
0
0
0
0
0
0
0
0
0
0
0
0
0
0
0
0
0
0
0
200
200
200
200
200
200
0
0
0
0
0
0
0
0
0
0
0
0
0
0
0
0
0
0
0
0
1.43647920198e-19
5.34621694871e-19
8.98061708249e-19
2.56885033673e-19
1.2890210566e-17
4.02236927933e-16
7.54713032745e-15
0
0
0
0
0
0
0
0
0
0
0
0
0
0
0
0
0
0
0
0
0
0
0
0
0
0
0
0
0
0
0
0
0
0
0
0
0
0
0
0
0
0
0
0
0
0
0
0
0
0
0
0
0
0
0
0
0
0
0
0
0
0
0
200
200
200
200
0
0
0
0
0
0
0
0
0
0
0
0
0
0
0
0
0
0
0
0
0
8.11139322372e-20
2.98335581541e-19
9.70197722957e-19
1.63951777329e-18
1.07364925061e-19
3.31463087729e-18
6.72414299745e-16
6.9604117332e-15
0
0
0
0
0
0
0
0
0
0
0
0
0
0
0
0
0
0
0
0
0
0
0
0
0
0
0
0
0
0
0
0
0
0
0
0
0
0
0
0
0
0
0
0
0
0
0
0
0
0
0
0
0
0
0
0
0
0
0
0
0
0
0
200
0
0
0
0
0
0
0
0
0
0
0
0
0
0
0
0
0
0
0
0
0
0
0
5.42483158445e-20
1.40764319858e-19
3.84097345313e-19
9.18384683627e-19
1.03979486998e-18
3.24080327159e-18
1.30196810088e-17
3.40312569319e-16
3.75613060535e-15
0
0
0
0
0
0
0
0
0
0
0
0
0
0
0
0
0
0
0
0
0
0
0
0
0
0
0
0
0
0
0
0
0
0
0
0
0
0
0
0
0
0
0
0
0
0
0
0
0
0
0
0
0
0
0
0
0
0
0
0
0
0
0
0
0
0
0
0
0
0
0
0
0
0
0
0
0
0
0
0
0
0
0
0
0
0
3.66075191384e-20
1.80678760478e-19
2.79593673806e-19
3.91128290495e-19
4.06855336194e-19
1.90483173629e-17
2.37022167163e-17
4.4285966916e-17
2.53968895074e-16
6.00830452461e-15
1.55253402829e-23
0
0
0
0
0
0
0
0
0
0
0
0
0
0
0
0
0
0
0
0
0
0
0
0
0
0
0
0
0
0
0
0
0
0
0
0
0
0
0
0
0
0
0
0
0
0
0
0
0
0
0
0
0
0
0
0
0
0
0
0
0
0
0
0
0
0
0
0
0
0
0
0
0
0
0
0
0
0
0
0
0
0
0
0
3.2540620143e-20
1.97831405609e-19
2.98160137106e-19
3.25407989654e-19
6.47451572075e-19
4.72302639216e-18
5.2740416019e-18
7.95738341046e-18
1.87295377668e-17
1.09863927732e-16
3.5101265253e-15
200
200
3.73848984997e-23
0
0
0
0
0
0
0
0
0
0
0
0
0
0
0
0
0
0
0
0
0
0
0
0
0
0
0
0
0
0
0
0
0
0
0
0
0
0
0
0
0
0
0
0
0
0
0
0
0
0
0
0
0
0
0
0
0
0
0
0
0
0
0
0
0
0
0
0
0
0
0
0
0
0
0
0
0
0
0
0
0
5.1656824135e-20
2.20698028383e-19
2.18806501194e-19
4.05543468922e-19
1.96271648515e-18
1.7458936461e-18
1.88676422555e-18
2.99890110232e-18
5.27495245428e-18
1.2823936123e-17
7.17580750203e-17
3.22318714576e-15
200
200
200
200
200
0
0
0
0
0
0
0
0
0
0
0
0
0
0
0
0
0
0
0
0
0
0
0
0
0
0
0
0
0
0
0
0
0
0
0
0
0
0
0
0
0
0
0
0
0
0
0
0
0
0
0
0
0
0
0
0
0
0
0
0
0
0
0
0
0
0
0
0
0
0
0
0
0
0
2.24864868908e-22
2.49849854343e-22
1.57654336135e-22
2.51401459479e-20
1.73982716292e-19
2.26391359374e-19
2.20951888232e-19
1.14363269343e-18
1.09131479556e-18
1.1112769657e-18
1.29204475792e-18
1.6399501819e-18
2.19792915578e-18
3.08967574425e-18
5.57626031507e-18
2.80096939013e-17
2.28520191759e-15
200
200
200
200
200
27.7616454004
2.55616146661e-22
0
0
0
0
0
0
0
0
0
0
0
0
0
0
0
0
0
0
0
0
0
0
0
0
0
0
0
0
0
0
0
0
0
0
0
0
0
0
0
0
0
0
0
0
0
0
0
0
0
0
0
0
0
0
0
0
0
0
0
0
0
0
0
0
0
0
9.72273184117e-20
1.23986110242e-19
8.15176418379e-19
1.24407464673e-18
2.76184074865e-18
3.64394583591e-18
4.20458125172e-18
4.51160903159e-18
3.08082671853e-18
5.76599618186e-19
1.9598216855e-19
1.10011629339e-18
8.10511086235e-19
7.69353579404e-19
8.63905118508e-19
1.01702746106e-18
1.18549240841e-18
1.4169484046e-18
1.76086299929e-18
2.22155704679e-18
3.03900539007e-18
6.55020257558e-18
1.35794443097e-15
200
200
200
200
3.03576288019e-12
1.87317531526e-16
1.38666320607e-15
3.91634474715e-16
6.78650222205e-23
0
0
0
0
0
0
0
0
0
0
0
0
0
0
0
0
0
0
0
0
0
0
0
0
0
0
0
0
0
0
0
0
0
0
0
0
0
0
0
0
0
0
0
0
0
0
0
0
0
0
0
0
0
0
0
0
0
0
0
0
0
0
1.05584143929e-18
5.58821057283e-18
1.13991685173e-17
1.74305842741e-17
2.07817672138e-17
2.23674641127e-17
2.50015509399e-17
2.23210058712e-17
2.00340799169e-17
1.4097307293e-17
5.50502145942e-18
2.28389449078e-18
1.0121429937e-18
6.94214828969e-19
6.93074897291e-19
7.64961730683e-19
8.47934837319e-19
9.56634722058e-19
1.08854007971e-18
1.25639333272e-18
1.47755418672e-18
1.75477825636e-18
2.13784723689e-18
2.94508053779e-18
6.41185903221e-16
200
200
200
1.99176402569e-12
2.8991684965e-15
3.17223983271e-16
4.92399930041e-17
3.36473376784e-19
7.03560650105e-19
7.3229367855e-21
0
0
0
0
0
0
0
0
0
0
0
0
0
0
0
0
0
0
0
0
0
0
0
0
0
0
0
0
0
0
0
0
0
0
0
0
0
0
0
0
0
0
0
0
0
0
0
0
0
0
0
0
0
0
0
0
0
0
0
0
0
5.1303816928e-18
1.48381225362e-17
1.60483821302e-17
1.66237485557e-17
1.80620755361e-17
1.93323422177e-17
2.05371181709e-17
2.09416458402e-17
1.99468787934e-17
1.78848812583e-17
1.4334792276e-17
3.05919673823e-18
1.17607551896e-18
8.7575588718e-19
7.89991333306e-19
7.99684863428e-19
8.47538349126e-19
9.26288486635e-19
1.02602717051e-18
1.15020910521e-18
1.30160859638e-18
1.48413403758e-18
1.70581030997e-18
2.03673115797e-18
2.57887156475e-16
200
55.8426777398
7.71650192767e-13
4.9097673814e-15
4.56047386514e-16
1.58436681451e-17
8.68729240092e-19
2.20712593445e-19
1.3025653548e-19
3.02739667807e-19
4.1530968338e-19
3.05815391956e-22
0
0
0
0
0
0
0
0
0
0
0
0
0
0
0
0
0
0
0
0
0
0
0
0
0
0
0
0
0
0
0
0
0
0
0
0
0
0
0
0
0
0
0
0
0
0
0
0
0
0
0
0
0
0
0
0
0
0
0
1.17681544431e-17
1.72041879932e-17
1.79619246183e-17
1.85477545858e-17
1.94619188637e-17
2.02647805401e-17
2.11469264932e-17
2.17325307643e-17
2.25230664992e-17
2.28132437793e-17
2.12248819837e-17
9.45418689341e-18
1.92677106944e-18
1.15507858912e-18
9.19837958582e-19
8.64995100294e-19
8.76063366183e-19
9.20944294795e-19
9.92188383657e-19
1.08447502001e-18
1.19250975576e-18
1.31920240414e-18
1.46150540032e-18
1.64982407728e-18
9.58448099673e-17
1.63013096451e-11
2.86179555063e-13
6.73493470416e-15
5.37221724799e-16
3.32887601824e-17
1.21933957101e-18
3.01813874862e-19
1.74369091497e-19
1.44761943496e-19
1.78699466521e-19
1.44689410249e-19
2.45129583705e-19
3.63321790006e-21
0
0
0
0
0
0
0
0
0
0
0
0
0
0
0
0
0
0
0
0
0
0
0
0
0
0
0
0
0
0
0
0
0
0
0
0
0
0
0
0
0
0
0
0
0
0
0
0
0
0
0
0
0
0
0
0
0
0
1.06928833807e-17
1.88900909006e-17
1.91173871291e-17
2.04558956306e-17
2.11795153678e-17
2.16586924587e-17
2.22764965986e-17
2.29127771304e-17
2.38962995636e-17
2.55768755969e-17
2.68727439285e-17
1.74742088727e-17
3.02961636063e-18
1.48124119234e-18
1.09368594992e-18
9.61232774807e-19
9.28886814913e-19
9.42283824968e-19
9.87112538551e-19
1.05117341678e-18
1.13018307346e-18
1.22183926598e-18
1.31978073137e-18
1.44260825872e-18
2.84584248452e-17
8.30725972019e-14
7.26272474297e-15
6.91210453374e-16
5.30606410041e-17
1.57624910801e-18
2.71628006469e-19
1.72103871645e-19
1.30285749147e-19
1.17230881932e-19
1.17215506318e-19
1.08219068926e-19
9.48347539542e-20
2.20590586597e-19
5.84284714642e-20
0
0
0
0
0
0
0
0
0
0
0
0
0
0
0
0
0
0
0
0
0
0
0
0
0
0
0
0
0
0
0
0
0
0
0
0
0
0
0
0
0
0
0
0
0
0
0
0
0
0
0
0
0
0
0
0
0
0
2.8842010294e-17
2.23947890187e-17
2.3621602076e-17
2.39442868984e-17
2.39600413688e-17
2.42834608487e-17
2.46925588818e-17
2.56963269153e-17
2.68908609844e-17
2.92285587917e-17
2.53231011766e-17
6.49936390925e-18
1.93078678824e-18
1.29828942479e-18
1.08054853997e-18
1.00325017942e-18
9.87201735504e-19
1.00509850124e-18
1.05158705117e-18
1.11028277832e-18
1.17801495392e-18
1.24794786969e-18
199.83207923
199.98295817
8.72097324334e-15
8.65307785408e-16
7.81430538494e-17
5.48131308604e-19
2.12404270857e-19
1.46329143626e-19
1.17257174232e-19
1.05507793739e-19
9.49307220646e-20
9.49153464505e-20
9.48792801953e-20
1.05421422439e-19
1.48751882627e-19
3.61922645622e-19
1.84965827858e-19
0
0
0
0
0
0
0
0
0
0
0
0
0
0
0
0
0
0
0
0
0
0
0
0
0
0
0
0
0
0
0
0
0
0
0
0
0
0
0
0
0
0
0
0
0
0
0
0
0
0
0
0
0
0
0
0
0
4.83108702313e-17
3.10755718157e-17
2.98143105742e-17
2.83440710441e-17
2.73600652298e-17
2.69758097544e-17
2.71815062534e-17
2.75635462936e-17
2.85492773083e-17
3.00121110741e-17
3.20647878843e-17
1.19996705245e-17
2.52997109082e-18
1.53886470558e-18
1.2235152377e-18
1.09627660769e-18
1.04651675616e-18
1.0475712298e-18
1.07159888453e-18
1.114429395e-18
199.970870887
199.999712745
199.999972143
199.999986008
1.42714375179e-15
1.00532597752e-16
1.99601344289e-19
1.56559129002e-19
1.25293421607e-19
1.05405626368e-19
8.99284780948e-20
8.43978611511e-20
7.68814306249e-20
7.68675925723e-20
8.27627298894e-20
9.38121233868e-20
1.23892517444e-19
2.78587634892e-19
6.83404768464e-18
8.68817713363e-19
0
0
0
0
0
0
0
0
0
0
0
0
0
0
0
0
0
0
0
0
0
0
0
0
0
0
0
0
0
0
0
0
0
0
0
0
0
0
0
0
0
0
0
0
0
0
0
0
0
0
0
0
0
0
0
0
5.14250864013e-17
4.22651821177e-17
3.72138419052e-17
3.41357903603e-17
3.17186272174e-17
3.06450698811e-17
2.99736587803e-17
2.98329309531e-17
3.02982560109e-17
3.12754202525e-17
3.60709790197e-17
1.7489512065e-17
3.22549849642e-18
1.8045265966e-18
1.38327063755e-18
1.204949269e-18
1.13095383534e-18
1.10856487825e-18
199.985053232
199.999874239
199.999994261
199.999999246
199.99999979
199.999999829
1.40036895566e-16
1.24684214896e-19
1.12475208039e-19
9.8916221466e-20
8.56713752706e-20
7.69020561041e-20
6.91932875624e-20
6.71336223171e-20
6.31245010382e-20
6.42444973949e-20
6.91516196483e-20
7.68161507029e-20
1.05360324045e-19
1.71058890218e-15
6.09356614931e-16
1.91412295158e-16
1.48846910066e-18
0
0
0
0
0
0
0
0
0
0
0
0
0
0
0
0
0
0
0
0
0
0
0
0
0
0
0
0
0
0
0
0
0
0
0
0
0
0
0
0
0
0
0
0
0
0
0
0
0
0
0
0
0
0
0
5.42109004809e-17
5.22892862297e-17
4.49251023996e-17
4.05979127261e-17
3.74604517731e-17
3.49017203438e-17
3.32146484478e-17
3.23222095032e-17
3.20994105217e-17
3.2450625335e-17
3.62491536904e-17
2.0219933854e-17
3.86968237909e-18
2.08438974248e-18
1.55690421978e-18
1.33109659389e-18
199.999186163
199.999931241
199.999996928
199.999999695
199.999999934
199.999999983
199.999999993
199.999999993
8.5788847784e-20
8.22285989891e-20
7.73231376226e-20
7.12437858996e-20
6.55586757566e-20
6.14057533101e-20
5.60252661625e-20
5.55551647826e-20
5.35986014639e-20
5.49315432702e-20
5.59835982483e-20
6.34258227291e-20
2.69894439524e-10
1.15749909388e-09
1.67926884922e-11
1.2372469888e-13
4.897617748e-15
4.08837042375e-19
0
0
0
0
0
0
0
0
0
0
0
0
0
0
0
0
0
0
0
0
0
0
0
0
0
0
0
0
0
0
0
0
0
0
0
0
0
0
0
0
0
0
0
0
0
0
0
0
0
0
0
0
0
0
4.67345818005e-17
6.08867240582e-17
5.15705919676e-17
4.67141727819e-17
4.30218424183e-17
3.94314267142e-17
3.67197524403e-17
3.47943912811e-17
3.36732995389e-17
3.31859822014e-17
3.59344060124e-17
1.95752076444e-17
199.982731221
199.999691578
199.999942037
199.999994913
199.999999229
199.999999855
199.999999965
199.999999993
199.999999998
199.999999999
199.999999999
199.999999999
6.26344046275e-20
6.07337501135e-20
5.83776570319e-20
5.57315493822e-20
5.20609599939e-20
5.0028637852e-20
4.64909971811e-20
4.53467145811e-20
4.53467145811e-20
4.53328765285e-20
4.71472879722e-20
9.89853835818e-05
200
200
200
5.48500129572e-08
2.60681055912e-12
2.64960273306e-14
6.67211511903e-20
0
0
0
0
0
0
0
0
0
0
0
0
0
0
0
0
0
0
0
0
0
0
0
0
0
0
0
0
0
0
0
0
0
0
0
0
0
0
0
0
0
0
0
0
0
0
0
0
0
0
0
0
0
3.31261197045e-17
6.65901364303e-17
199.999762373
199.999880323
199.999912755
199.999929332
199.999942759
199.999958271
199.999972888
199.99998545
199.999993094
199.999996992
199.999998987
199.999999685
199.999999896
199.999999959
199.99999999
199.999999997
199.999999999
200
200
200
200
200
4.92741264669e-20
4.85425814802e-20
4.71688836292e-20
4.53859029915e-20
4.34217309079e-20
4.08202143548e-20
3.99132566692e-20
3.81586033168e-20
3.72259406026e-20
3.77637858199e-20
4.04788272833e-20
200
200
200
200
200
200
4.70529057515e-11
2.14617819298e-14
1.73482132932e-22
0
0
0
0
0
0
0
0
0
0
0
0
0
0
0
0
0
0
0
0
0
0
0
0
0
0
0
0
0
0
0
0
0
0
0
0
0
0
0
0
0
0
0
0
0
0
0
0
0
0
0
0
199.999995891
199.999999801
199.999999925
199.999999951
199.999999949
199.999999934
199.999999933
199.999999933
199.999999933
199.999999948
199.999999968
199.999999982
199.999999991
199.999999996
199.999999998
199.999999999
200
200
200
200
200
200
200
200
4.14644835167e-20
4.0248253877e-20
3.94603708802e-20
3.82476657639e-20
3.64780604505e-20
3.49801953926e-20
3.33357048768e-20
3.25972821304e-20
3.20635867791e-20
3.23719502386e-20
3.30240039192e-20
3.67071757406e-20
200
200
200
200
200
200
3.80979388764e-11
4.49090428347e-16
0
0
0
0
0
0
0
0
0
0
0
0
0
0
0
0
0
0
0
0
0
0
0
0
0
0
0
0
0
0
0
0
0
0
0
0
0
0
0
0
0
0
0
0
0
0
0
0
0
0
0
199.9999995
199.999999998
200
200
200
200
200
200
200
200
200
200
200
200
200
200
200
200
200
200
200
200
200
200
200
3.49667354455e-20
3.44862098704e-20
3.33623914627e-20
3.19551685973e-20
3.10066516411e-20
2.91650702383e-20
2.82601174005e-20
2.73918744945e-20
2.68169959424e-20
2.68557820885e-20
2.79018352197e-20
3.04755931788e-20
3.83271853911e-20
200
200
200
200
200
200
2.17661931521e-12
2.83599425846e-16
0
0
0
0
0
0
0
0
0
0
0
0
0
0
0
0
0
0
0
0
0
0
0
0
0
0
0
0
0
0
0
0
0
0
0
0
0
0
0
0
0
0
0
0
0
0
0
0
0
199.999999154
199.999999999
200
200
200
200
200
200
200
200
200
200
200
200
200
200
200
200
200
200
200
200
200
200
200
200
2.93899699537e-20
2.85249794626e-20
2.7982863011e-20
2.70170673269e-20
2.57343207969e-20
2.50775487482e-20
2.38326173918e-20
2.315889609e-20
2.27977744766e-20
2.2768149276e-20
2.3293173108e-20
2.50499720049e-20
3.0064315541e-20
3.80252970492e-18
200
200
200
200
200
3.47307862432e-05
1.0817159237e-13
5.03687341474e-19
0
0
0
0
0
0
0
0
0
0
0
0
0
0
0
0
0
0
0
0
0
0
0
0
0
0
0
0
0
0
0
0
0
0
0
0
0
0
0
0
0
0
0
0
0
0
0
0
199.999999999
200
200
200
200
200
200
200
200
200
200
200
200
200
200
200
200
200
200
200
200
200
200
200
200
200
2.46724427387e-20
2.42069756392e-20
2.37108348598e-20
2.29666452679e-20
2.22646338335e-20
2.12727326397e-20
2.06364566375e-20
2.0156047066e-20
1.96972029811e-20
1.94403303769e-20
1.97977458103e-20
2.06460472686e-20
2.33877546216e-20
1.2767847531e-18
5.15345110182e-17
199.999999907
200
200
200
200
8.31395826876e-11
2.40179844503e-16
4.53481105905e-20
0
0
0
0
0
0
0
0
0
0
0
0
0
0
0
0
0
0
0
0
0
0
0
0
0
0
0
0
0
0
0
0
0
0
0
0
0
0
0
0
0
0
0
0
0
0
199.999999976
200
200
200
200
200
200
200
200
200
200
200
200
200
200
200
200
200
200
200
200
200
200
200
200
200
200
2.16692519433e-20
2.12032167451e-20
2.06941351661e-20
2.01549909033e-20
1.95067837071e-20
1.87127351976e-20
1.8338552644e-20
1.77188931339e-20
1.71028513959e-20
1.69155503539e-20
1.69178258741e-20
1.73037469335e-20
1.87561427427e-20
3.59547313447e-20
2.48072792255e-17
4.58806977872e-17
199.999999383
200
200
200
0.00833049357495
3.18851776536e-16
3.26433064916e-16
0
0
0
0
0
0
0
0
0
0
0
0
0
0
0
0
0
0
0
0
0
0
0
0
0
0
0
0
0
0
0
0
0
0
0
0
0
0
0
0
0
0
0
0
0
0
200
200
200
200
200
200
200
200
200
200
200
200
200
200
200
200
200
200
200
200
200
200
200
200
200
200
200
1.95186752121e-20
1.90969131163e-20
1.86724751604e-20
1.81592175445e-20
1.76293478773e-20
1.69485537615e-20
1.65266240989e-20
1.58132946551e-20
1.51956137018e-20
1.49356277036e-20
1.47915442748e-20
1.49025180753e-20
1.55699556172e-20
1.86326782942e-20
6.38082078836e-18
6.50854681483e-17
4.09637561189e-17
5.95015166536e-17
199.999999917
200
200
2.45686376969e-16
4.91210650743e-16
3.31931907799e-16
0
0
0
0
0
0
0
0
0
0
0
0
0
0
0
0
0
0
0
0
0
0
0
0
0
0
0
0
0
0
0
0
0
0
0
0
0
0
0
0
0
0
0
0
199.999999672
200
200
200
200
200
200
200
200
200
200
200
200
200
200
200
200
200
200
200
200
200
200
200
200
200
200
200
1.80523159449e-20
1.76003083405e-20
1.72771993549e-20
1.67424360057e-20
1.614750974e-20
1.55998016436e-20
1.49183138807e-20
1.42616912202e-20
1.35848879374e-20
1.32512477848e-20
1.28553988822e-20
1.27074723931e-20
1.31221324092e-20
1.44277071191e-20
1.12997826619e-18
3.2860603165e-17
3.91805468123e-17
5.98983514453e-17
8.7289595228e-17
1.16630727383e-16
1.75585064998e-16
2.40512586904e-16
3.83709576129e-16
8.68883601716e-16
4.54677188243e-15
0
0
0
0
0
0
0
0
0
0
0
0
0
0
0
0
0
0
0
0
0
0
0
0
0
0
0
0
0
0
0
0
0
0
0
0
0
0
0
0
0
0
0
199.999999999
200
200
200
200
200
200
200
200
200
200
200
200
200
200
200
200
200
200
200
200
200
200
200
200
200
200
200
1.70038247509e-20
1.6527618229e-20
1.61687010858e-20
1.56690377088e-20
1.50416343725e-20
1.43938637287e-20
1.36479443819e-20
1.29061345581e-20
1.21840740022e-20
1.16303449482e-20
1.11127124379e-20
1.08759189514e-20
1.08558908821e-20
1.13860271595e-20
1.51601010867e-20
6.18627058373e-18
3.61013305098e-17
4.74144989377e-17
9.88740512035e-17
1.49559007521e-16
2.24327106387e-16
3.0500813526e-16
4.6884196708e-16
1.17258224705e-15
3.33862880855e-15
2.37119431901e-16
0
0
0
0
0
0
0
0
0
0
0
0
0
0
0
0
0
0
0
0
0
0
0
0
0
0
0
0
0
0
0
0
0
0
0
0
0
0
0
0
0
0
200
200
200
200
200
200
200
200
200
200
200
200
200
200
200
200
200
200
200
200
200
200
200
200
200
200
200
200
1.63747282918e-20
1.57705773133e-20
1.53746623882e-20
1.48447356979e-20
1.40682736153e-20
1.33684091111e-20
1.25429540001e-20
1.16968039204e-20
1.09543297244e-20
1.02891234536e-20
9.73568205555e-21
9.31329252206e-21
8.98959058166e-21
9.00559590429e-21
9.79800904743e-21
5.32158539326e-19
1.03188885031e-17
2.36124382966e-17
5.32545796228e-17
1.01033593844e-16
1.96936561977e-16
3.42713072859e-16
6.20147364896e-16
7.98981510891e-16
8.25033776925e-16
2.06196883314e-15
0
0
0
0
0
0
0
0
0
0
0
0
0
0
0
0
0
0
0
0
0
0
0
0
0
0
0
0
0
0
0
0
0
0
0
0
0
0
0
0
0
0
200
200
200
200
200
200
200
200
200
200
200
200
200
200
200
200
200
200
200
200
200
200
200
200
200
200
200
200
1.61845346862e-20
1.53980263324e-20
1.48912619406e-20
1.42230611787e-20
1.34139106394e-20
1.25298851351e-20
1.16193726429e-20
1.07573727561e-20
9.9258145115e-21
9.2127438447e-21
8.64304604343e-21
8.1362371023e-21
7.82214170494e-21
7.54611176743e-21
7.54806866833e-21
8.5361018407e-21
1.39744360954e-18
6.86491893791e-18
1.54414854362e-17
3.53493490623e-17
6.76908095127e-17
1.39476635383e-16
2.61690890399e-16
4.29876737669e-16
5.37221673797e-16
8.45187654432e-16
5.45165261072e-15
9.80049537919e-09
0
0
0
0
0
0
0
0
0
0
0
0
0
0
0
0
0
0
0
0
0
0
0
0
0
0
0
0
0
0
0
0
0
0
0
0
0
0
0
199.999999999
200
200
200
200
200
200
200
200
200
200
200
200
200
200
200
200
200
200
200
200
200
200
200
200
200
200
200
200
1.666776927e-20
1.54845764115e-20
1.47943182793e-20
1.39919517302e-20
1.2957876658e-20
1.19588993469e-20
1.09594516678e-20
9.98771003694e-21
9.15475082215e-21
8.39770355649e-21
7.7867425316e-21
7.31833755656e-21
6.87342150962e-21
6.45454916125e-21
6.27884936861e-21
6.29192180266e-21
1.21405189479e-20
1.16844023413e-18
2.9935526015e-18
6.86549681124e-18
1.47253055573e-17
3.1239201124e-17
6.3390424688e-17
1.33830509011e-16
2.51482515067e-16
5.26482401415e-16
6.81734995287e-09
105.083758998
0
0
0
0
0
0
0
0
0
0
0
0
0
0
0
0
0
0
0
0
0
0
0
0
0
0
0
0
0
0
0
0
0
0
0
0
0
0
0
200
200
200
200
200
200
200
200
200
200
200
200
200
200
200
200
200
200
200
200
200
200
200
200
200
200
200
200
200
199.929443838
1.64722313633e-20
1.52732469477e-20
1.39874627423e-20
1.27843762085e-20
1.15909026727e-20
1.05030599251e-20
9.48980624931e-21
8.62287375414e-21
7.84657468473e-21
7.24424250785e-21
6.64928443353e-21
6.13709312949e-21
5.67574115503e-21
5.2062944282e-21
4.95239869422e-21
4.97742598358e-21
6.86608912193e-20
5.83394269219e-19
1.21180245212e-18
2.3463450228e-18
4.17122616873e-18
7.94051584326e-18
2.04960120106e-17
8.43200492405e-17
2.40881638017e-14
2.35317672401e-08
2.31255693412e-16
84.7138755678
0
0
0
0
0
0
0
0
0
0
0
0
0
0
0
0
0
0
0
0
0
0
0
0
0
0
0
0
0
0
0
0
0
0
0
0
0
0
200
200
200
200
200
200
200
200
200
200
200
200
200
200
200
200
200
200
200
200
200
200
200
200
200
200
200
200
200
3.96432060738e-06
1.91979065161e-20
1.6787373223e-20
1.46589580531e-20
1.29551421447e-20
1.1483237903e-20
1.02097709873e-20
9.11678982053e-21
8.12801423032e-21
7.43793894413e-21
6.74706550802e-21
6.1373307952e-21
5.53166475493e-21
4.94972355169e-21
4.40958543059e-21
3.96764977174e-21
3.68064620616e-21
3.77742391685e-21
6.20732110733e-20
1.94635735242e-19
3.56879826553e-19
5.91831768306e-19
8.60853478073e-19
1.19175796907e-18
2.13862853778e-18
1.03230352877e-17
7.25706013496e-17
8.82272020521e-18
199.999999753
0
0
0
0
0
0
0
0
0
0
0
0
0
0
0
0
0
0
0
0
0
0
0
0
0
0
0
0
0
0
0
0
0
0
0
0
0
199.99999871
200
200
200
200
200
200
200
200
200
200
200
200
200
200
200
200
200
200
200
200
200
200
200
200
200
200
200
200
200
9.2452371753e-15
2.73205735846e-20
2.0559788871e-20
1.62254928079e-20
1.35041421373e-20
1.15719936089e-20
1.00989750039e-20
8.85008329452e-21
7.90912599781e-21
7.08984722375e-21
6.39292863881e-21
5.74727508948e-21
5.08778461815e-21
4.42377280726e-21
3.83220527304e-21
3.35029915933e-21
2.93742506548e-21
2.63436708633e-21
3.39016140623e-21
2.1822186812e-20
4.05001605891e-20
7.02139378768e-20
1.01350617086e-19
9.43948983095e-20
6.74648583112e-20
2.00765266319e-20
1.75377612777e-20
7.63636649729e-21
1.18910624304e-19
200
0
0
0
0
0
0
0
0
0
0
0
0
0
0
0
0
0
0
0
0
0
0
0
0
0
0
0
0
0
0
0
0
0
0
0
0
200
200
200
200
200
200
200
200
200
200
200
200
200
200
200
200
200
200
200
200
200
200
200
200
200
200
200
200
200
200
6.84382302217e-14
8.25730348935e-12
103.622441843
1.9139552813e-20
1.43975065847e-20
1.18434549306e-20
1.00746795928e-20
8.72285028952e-21
7.74314102582e-21
6.91531268575e-21
6.14558794118e-21
5.47867102736e-21
4.79910653659e-21
4.12099237694e-21
3.51945166442e-21
2.97270701973e-21
2.35523100145e-21
1.52500510272e-21
1.65387337895e-21
2.9381409419e-21
5.39387463227e-21
7.57230017066e-21
7.2441114455e-21
4.13178253116e-21
5.38153581529e-21
7.52468840867e-21
1.2782857774e-20
2.16891930093e-20
1.4479316668e-19
2.01412302109e-18
0
0
0
0
0
0
0
0
0
0
0
0
0
0
0
0
0
0
0
0
0
0
0
0
0
0
0
0
0
0
0
0
0
0
0
1.55253402829e-23
200
200
200
200
200
200
200
200
200
200
200
200
200
200
200
200
200
200
200
200
200
200
200
200
200
200
200
200
200
200
2.48606759339e-13
8.05152895992e-15
8.96530414837e-09
199.999999998
0.000511814535674
1.21622030524e-20
1.00432484767e-20
8.64336287874e-21
7.63209928538e-21
6.77838675593e-21
6.03726579868e-21
5.33146578086e-21
4.5923203629e-21
3.91823977023e-21
3.2667441754e-21
2.57848546539e-21
1.83062459495e-21
9.78479226095e-22
1.73480776937e-22
3.09964877181e-22
3.62232939461e-22
4.11229417853e-22
9.19686049799e-22
1.33554905705e-21
2.20255777193e-21
4.58680491432e-21
1.14986151687e-20
4.40956738224e-20
2.45330402801e-19
2.20791405693e-19
7.35410855505e-24
0
0
0
0
0
0
0
0
0
0
0
0
0
0
0
0
0
0
0
0
0
0
0
0
0
0
0
0
0
0
0
0
0
0
200
200
200
200
200
200
200
200
200
200
200
200
200
200
200
200
200
200
200
200
200
200
200
200
200
200
200
200
200
200
200
1.97623472864e-13
2.09923988407e-13
2.16435062931e-13
4.20105902504e-13
8.78734507875e-08
200
200
8.97304928097e-21
7.73791084896e-21
6.82807247416e-21
6.03541802529e-21
5.30821236975e-21
4.46631523733e-21
3.82292252383e-21
3.15361316837e-21
2.59962879684e-21
1.92245560968e-21
9.21539447236e-22
1.73480776937e-22
2.80080089637e-22
3.54061707733e-22
4.03058186125e-22
5.08781563298e-22
1.19190621094e-21
1.68120987796e-21
3.57346898617e-21
1.03487536518e-20
2.16951498373e-20
4.08705198984e-20
1.67525305003e-21
1.19172736923e-18
0
0
0
0
0
0
0
0
0
0
0
0
0
0
0
0
0
0
0
0
0
0
0
0
0
0
0
0
0
0
0
0
0
0
200
200
200
200
200
200
200
200
200
200
200
200
200
200
200
200
200
200
200
200
200
200
200
200
200
200
200
200
200
200
172.835647358
)
;

boundaryField
{
    frontAndBack
    {
        type            empty;
    }
    leftWall
    {
        type            calculated;
        value           uniform 0;
    }
    outlet
    {
        type            calculated;
        value           uniform 0;
    }
    rightWall
    {
        type            calculated;
        value           uniform 0;
    }
    inlet
    {
        type            calculated;
        value           uniform 1.0992022888e-17;
    }
}


// ************************************************************************* //
