/*--------------------------------*- C++ -*----------------------------------*\
| =========                 |                                                 |
| \\      /  F ield         | OpenFOAM: The Open Source CFD Toolbox           |
|  \\    /   O peration     | Version:  v1906                                 |
|   \\  /    A nd           | Web:      www.OpenFOAM.com                      |
|    \\/     M anipulation  |                                                 |
\*---------------------------------------------------------------------------*/
FoamFile
{
    version     2.0;
    format      ascii;
    class       volScalarField;
    location    "46";
    object      alpha;
}
// * * * * * * * * * * * * * * * * * * * * * * * * * * * * * * * * * * * * * //

dimensions      [0 0 -1 0 0 0 0];


internalField   nonuniform List<scalar> 
9216
(
113.042037459
195.328299915
195.687113128
195.687113128
195.687113128
195.982730787
195.982730787
195.982730787
195.982730787
195.982730787
195.692117395
195.098009943
195.175345766
194.479946855
194.479946855
194.479946855
195.098009943
195.598641044
195.598641044
195.598641044
195.598641044
194.493314134
194.250186777
194.250186777
194.250186777
194.250186777
193.397942151
193.011344896
192.6857092
192.051725097
191.876204622
189.988553045
190.579341108
192.460142019
192.631747368
193.621918236
193.678442634
193.678442634
193.678442634
193.678442634
193.678442634
193.095172096
192.073485536
191.978067925
192.736416895
192.736416895
192.736416895
192.736416895
192.736416895
192.689203625
192.922952507
193.1695263
193.441865972
193.678442634
193.678442634
193.519308516
192.982546737
192.293002155
191.160396435
189.503618911
188.051926646
186.747240986
185.744447851
184.522015179
182.235123321
178.874283213
175.768462298
174.730581
171.192640558
167.325983707
164.906817225
162.778052002
162.283411223
162.40986396
161.169441627
158.352641287
155.660986477
153.190552037
148.669142963
142.059836655
136.823606581
132.999331901
128.508064664
118.503507882
107.556717583
101.692124003
94.1733890781
77.9783853668
56.6601329327
41.7936456523
29.2840576009
21.3975187034
16.4694836315
11.9210550205
8.90665985326
0.857624374344
195.034503055
195.952023223
195.982730787
195.982730787
195.982730787
195.982730787
195.982730787
195.687113128
195.687113128
195.687113128
195.687113128
195.687113128
195.130856349
194.512793261
194.512793261
194.512793261
194.738931596
194.765896276
194.765896276
194.495102403
195.358649063
194.99368899
194.437432211
193.832314248
193.589609046
193.589609046
193.589609046
193.589609046
193.579210604
192.647583306
191.884542457
191.884542457
191.884542457
191.884542457
191.884542457
191.884542457
191.884542457
191.197805693
191.197805693
190.579742606
190.579742606
190.579742606
190.579742606
189.533047339
189.533047339
189.533047339
189.533047339
189.533047339
189.533047339
189.533047339
189.533047339
189.533047339
189.533047339
188.640002913
187.937718478
187.840042642
187.134048482
185.941609558
182.269544488
179.021342356
176.402968063
174.232244628
172.196878879
171.230977055
168.755924305
163.673612158
158.141931889
156.245157301
156.633311788
158.74126098
158.573436582
155.808475789
153.674775884
152.215516585
150.544476169
148.149016062
146.930734846
150.501361512
155.340696886
150.603177457
144.025674909
136.794846656
136.331676593
132.385771379
125.287686424
116.756814317
110.704837193
92.1413663314
76.5876875473
54.6125931637
36.7016403425
30.5980632314
26.327046227
15.0414786438
10.6193101055
11.5571792319
195.687113128
196.020374588
195.894876479
196.09262432
195.687113128
195.687113128
195.687113128
195.687113128
195.687113128
195.687113128
195.358649063
195.358649063
195.358649063
195.358649063
193.819369123
194.437432211
194.437432211
194.437432211
194.437432211
194.437432211
194.437432211
194.437432211
194.437432211
193.589609046
193.589609046
192.77409794
192.029520219
191.26647937
191.26647937
191.26647937
190.579742606
190.579742606
189.533047339
189.533047339
189.533047339
189.533047339
189.533047339
189.533047339
189.533047339
189.533047339
189.533047339
189.533047339
188.370052599
188.370052599
186.774723738
186.774723738
185.338927762
185.338927762
184.046711385
182.274123761
182.274123761
182.274123761
182.274123761
182.274123761
182.274123761
182.274123761
182.274123761
181.557783652
179.608451392
175.928010103
172.565497076
169.880352964
167.386068674
164.346614906
159.483289718
152.605361152
145.197710151
139.072165584
132.484956075
125.577303209
120.395855543
124.514944062
121.311216135
131.402025674
128.694361833
124.752749331
123.89955083
123.392622922
121.513540833
124.095705904
128.90526713
128.744041831
128.662270518
127.138041687
121.462338852
113.283304823
96.7162791021
95.4552389427
87.4615223889
60.9949173622
31.907208127
36.4540056759
23.540467743
17.4023764439
16.6533895017
11.4644111435
195.982730787
196.09262432
196.09262432
196.09262432
195.687113128
195.687113128
195.687113128
195.687113128
195.358649063
195.358649063
195.358649063
195.358649063
195.358649063
194.437432211
194.437432211
194.437432211
194.437432211
194.437432211
194.437432211
194.437432211
194.437432211
193.819369123
193.819369123
192.971545958
192.029520219
191.26647937
190.579742606
190.579742606
189.533047339
189.533047339
189.533047339
189.533047339
189.533047339
189.533047339
189.533047339
189.533047339
188.370052599
188.370052599
188.370052599
188.370052599
185.48250736
184.046711385
182.274123761
182.274123761
182.274123761
182.274123761
182.274123761
182.274123761
182.274123761
182.274123761
180.304581956
180.304581956
180.304581956
180.304581956
180.304581956
180.304581956
180.304581956
180.304581956
180.125673045
177.389370101
173.729409528
170.387255086
166.779338057
163.496860398
158.766603417
151.866367918
143.812267103
136.801343025
130.672106946
124.396931971
119.623133492
115.380838598
111.830961667
117.250580759
112.846314121
109.821844996
108.984132856
108.659075071
108.160415391
107.635663122
103.913217587
99.6573381412
106.288202058
109.727225156
110.741214572
102.319194875
95.2479821499
95.3691691025
78.304637689
70.8667506212
56.0859440778
30.4027574233
33.0561748243
24.9997462035
17.023710895
8.28121090693
195.982730787
196.09262432
196.09262432
195.887649225
195.687113128
195.687113128
195.687113128
195.358649063
195.358649063
195.358649063
195.358649063
195.358649063
194.437432211
194.437432211
194.437432211
194.437432211
194.437432211
194.437432211
194.437432211
193.819369123
193.819369123
193.819369123
192.971545958
192.029520219
190.579742606
190.579742606
189.533047339
189.533047339
189.533047339
189.533047339
189.533047339
189.533047339
188.370052599
188.370052599
188.370052599
188.370052599
188.370052599
187.077836222
184.046711385
182.274123761
182.274123761
182.274123761
182.274123761
182.274123761
180.304581956
180.304581956
180.304581956
180.304581956
180.304581956
180.304581956
180.304581956
180.304581956
178.116202174
178.116202174
178.116202174
178.116202174
178.116202174
178.116202174
178.116202174
174.396524518
170.951405473
165.93541448
160.441998691
156.309519648
151.437589812
143.069131875
137.233016792
133.0287985
125.712126695
119.212680001
115.600249957
116.461136314
112.99729928
109.525359153
104.024627867
101.41680726
107.98044281
108.474639111
108.410988996
107.676362766
103.475721386
99.5681647603
105.780110091
100.568083817
94.5513624667
85.6285549061
79.228520929
82.819340825
90.7862955316
73.9418482973
66.7464440579
43.8464583877
25.7927970841
28.6468314288
23.3378270289
13.3306543999
195.982730787
196.09262432
196.09262432
195.687113128
195.687113128
195.687113128
195.358649063
195.358649063
195.358649063
195.358649063
195.358649063
194.99368899
194.437432211
194.437432211
194.437432211
194.437432211
194.437432211
193.819369123
193.819369123
193.819369123
193.819369123
192.971545958
192.029520219
190.579742606
189.533047339
189.533047339
189.533047339
189.533047339
189.533047339
189.533047339
188.370052599
188.370052599
188.370052599
188.370052599
188.370052599
187.077836222
184.046711385
184.046711385
182.274123761
182.274123761
182.274123761
182.274123761
180.304581956
180.304581956
180.304581956
180.304581956
180.304581956
178.116202174
178.116202174
178.116202174
178.116202174
178.116202174
175.684669082
175.684669082
175.684669082
172.982965647
172.982965647
169.981072941
169.981072941
166.447112256
152.775827835
142.663533491
135.318856773
130.33976522
126.633724842
123.290234145
113.906558
112.54332173
107.472495212
102.940991451
100.21762816
97.2222077228
94.278980092
89.859511312
91.1311458315
99.9462678624
100.664440399
95.8523568
98.8490316321
104.964390963
104.092672899
95.4507349961
93.4358878089
99.147781173
94.1870756864
85.7169742181
91.6561594875
81.9706368862
72.1455998175
61.3793506893
72.1397887803
61.807318813
34.2254665398
27.2867804555
26.5380175653
15.3681023446
195.982730787
196.09262432
196.09262432
195.687113128
195.687113128
195.358649063
195.358649063
195.358649063
195.358649063
195.358649063
195.358649063
194.437432211
194.437432211
194.437432211
193.819369123
193.819369123
193.819369123
193.819369123
193.819369123
193.819369123
193.819369123
192.029520219
190.579742606
189.533047339
189.533047339
189.533047339
189.533047339
189.533047339
188.370052599
188.370052599
188.370052599
188.370052599
188.370052599
187.077836222
187.077836222
184.046711385
182.274123761
182.274123761
182.274123761
182.274123761
180.304581956
180.304581956
180.304581956
180.304581956
178.116202174
178.116202174
178.116202174
178.116202174
178.116202174
175.684669082
175.684669082
175.684669082
172.982965647
172.982965647
169.981072941
169.981072941
166.645636601
166.645636601
153.641494751
131.209083333
126.633724842
113.906558
113.906558
113.906558
104.34062
104.34062
104.34062
104.34062
93.7118
93.7118
93.7118
92.9447881085
91.5810173886
90.0095216957
88.8397946904
97.5295095439
94.2480254563
91.6734617068
96.7534914869
93.8862969572
85.9377018974
90.8021038079
83.4943240732
85.5042362974
86.4211805061
82.3919901766
81.9942240067
82.775710554
69.9686330552
71.511424096
60.5965752602
67.3769045085
54.1696826223
30.7421210745
29.468293426
17.0844103008
195.982730787
196.09262432
196.09262432
195.687113128
195.687113128
195.764160254
195.764160254
195.358649063
195.358649063
195.358649063
194.802392284
194.437432211
194.437432211
193.819369123
193.819369123
193.819369123
193.819369123
193.819369123
193.819369123
193.819369123
192.971545958
191.26647937
189.533047339
189.533047339
189.533047339
189.533047339
189.533047339
188.370052599
188.370052599
188.370052599
188.370052599
188.370052599
187.077836222
187.077836222
184.046711385
182.274123761
182.274123761
182.274123761
180.304581956
180.304581956
180.304581956
180.304581956
180.304581956
178.116202174
178.116202174
178.116202174
178.116202174
175.684669082
175.684669082
175.684669082
172.982965647
172.982965647
169.981072941
169.981072941
166.645636601
166.645636601
162.939596223
132.846577623
122.5159022
113.906558
113.906558
104.34062
104.34062
93.7118
93.7118
81.902
81.902
68.78
68.78
68.78
54.2
54.2
54.2
54.2
54.2
58.2176966924
68.78
68.78
81.902
81.902
88.5602416159
83.2564468793
85.9076742145
88.7147422186
80.5908623394
80.9106116978
70.2095066185
69.9641128281
68.7767184844
73.3466108086
69.4455934196
59.4527648316
62.8897794206
33.8625514185
31.8889214231
19.851269406
196.155288421
196.09262432
196.09262432
196.09262432
195.764160254
195.764160254
195.764160254
195.358649063
195.358649063
195.358649063
194.802392284
194.437432211
193.819369123
193.819369123
193.819369123
193.819369123
193.819369123
193.819369123
193.819369123
193.819369123
192.029520219
190.579742606
189.533047339
189.533047339
189.533047339
189.533047339
188.370052599
188.370052599
188.370052599
188.370052599
188.370052599
187.077836222
187.077836222
184.046711385
182.274123761
182.274123761
182.274123761
180.304581956
180.304581956
180.304581956
180.304581956
178.116202174
178.116202174
178.116202174
178.116202174
175.684669082
175.684669082
175.684669082
172.982965647
172.982965647
169.981072941
169.981072941
166.645636601
166.645636601
162.939596223
151.014793572
122.5159022
113.906558
113.906558
104.34062
104.34062
93.7118
93.7118
81.902
68.78
68.78
54.2
54.2
38
38
38
20
20
20
20
20
20
38
38
38
54.2
54.2
68.78
78.2179036612
81.6207302629
82.242680717
78.1142365821
67.9648070481
64.7137135392
54.4922055755
71.0613473038
66.5946167486
58.230540731
46.798958046
31.2994411318
20.4537193741
196.388241979
196.09262432
196.09262432
196.09262432
195.764160254
195.764160254
195.764160254
195.358649063
195.358649063
195.358649063
194.802392284
194.437432211
193.819369123
193.819369123
193.819369123
193.819369123
193.819369123
193.819369123
193.819369123
192.971545958
190.579742606
189.533047339
189.533047339
189.533047339
189.533047339
188.370052599
188.370052599
188.370052599
188.370052599
188.370052599
187.077836222
185.642040246
184.046711385
182.274123761
182.274123761
182.274123761
180.304581956
180.304581956
180.304581956
180.304581956
178.116202174
178.116202174
178.116202174
178.116202174
175.684669082
175.684669082
172.982965647
172.982965647
169.981072941
169.981072941
169.981072941
166.645636601
166.645636601
162.939596223
139.923402128
122.5159022
113.906558
104.34062
104.34062
93.7118
93.7118
81.902
68.78
54.2
54.2
38
38
20
20
0
0
0
0
0
0
0
0
0
0
0
0
20
20
38
54.2
68.78
71.7669730431
69.236039063
64.8718751792
60.012816984
55.4153158891
66.1518808324
61.1240977701
55.4191680316
30.9977659598
24.2961279869
196.388241979
196.09262432
196.09262432
196.09262432
195.764160254
195.764160254
195.764160254
195.358649063
195.358649063
194.802392284
194.437432211
193.819369123
193.819369123
193.819369123
193.819369123
193.819369123
193.819369123
193.819369123
193.819369123
191.342783454
190.579742606
189.533047339
189.533047339
189.533047339
188.370052599
188.370052599
188.370052599
188.370052599
187.077836222
187.077836222
187.077836222
184.046711385
184.046711385
182.274123761
182.274123761
180.304581956
180.304581956
180.304581956
178.116202174
178.116202174
178.116202174
178.116202174
175.684669082
175.684669082
175.684669082
172.982965647
172.982965647
169.981072941
169.981072941
166.645636601
166.645636601
162.939596223
162.939596223
139.923402128
113.906558
113.906558
104.34062
104.34062
93.7118
81.902
68.78
54.2
54.2
38
20
20
0
0
0
0
0
0
0
0
0
0
0
0
0
0
0
0
0
0
14.2567033882
20
38
54.2
66.6619854969
64.6519732367
61.4289223567
51.2063108576
61.0488709843
67.4320089799
34.8084081951
23.9276644229
196.388241979
196.09262432
196.09262432
196.09262432
195.764160254
195.764160254
195.764160254
195.358649063
195.358649063
194.802392284
194.437432211
193.819369123
193.819369123
193.819369123
193.819369123
193.819369123
193.819369123
193.819369123
193.132632359
190.579742606
189.533047339
189.533047339
189.533047339
188.370052599
188.370052599
188.370052599
188.370052599
187.077836222
187.077836222
187.077836222
184.046711385
184.046711385
182.274123761
182.274123761
180.304581956
180.304581956
180.304581956
178.116202174
178.116202174
178.116202174
178.116202174
175.684669082
175.684669082
175.684669082
172.982965647
172.982965647
169.981072941
169.981072941
166.645636601
166.645636601
162.939596223
162.939596223
139.923402128
113.906558
104.34062
104.34062
93.7118
93.7118
81.902
68.78
54.2
38
20
20
0
0
0
0
0
0
0
0
0
0
0
0
0
0
0
0
0
0
0
0
0
0
0
20
38
59.1601516351
59.8071268655
58.3827758924
50.0450202538
66.6462917881
40.5282475395
22.0798748515
196.88887308
196.593255421
196.09262432
196.09262432
195.764160254
195.764160254
195.764160254
195.358649063
195.358649063
194.802392284
194.437432211
193.819369123
193.819369123
193.819369123
193.819369123
193.819369123
193.819369123
193.132632359
191.342783454
190.579742606
189.533047339
189.533047339
189.533047339
188.370052599
188.370052599
188.370052599
187.077836222
187.077836222
187.077836222
185.642040246
184.046711385
182.274123761
182.274123761
180.304581956
180.304581956
180.304581956
178.116202174
178.116202174
178.116202174
175.684669082
175.684669082
175.684669082
172.982965647
172.982965647
172.982965647
169.981072941
169.981072941
166.645636601
166.645636601
162.939596223
162.939596223
152.545561659
113.906558
104.34062
104.34062
93.7118
81.902
68.78
68.78
51.5727018739
38
20
0
0
0
0
0
0
0
0
0
0
0
0
0
0
0
0
0
0
0
0
0
0
0
0
0
0
0
31.1216445394
48.7605173312
52.6629392157
52.5058132479
63.4863395245
45.839768696
21.1848482201
196.88887308
196.593255421
196.593255421
196.09262432
195.764160254
195.764160254
195.764160254
195.358649063
195.358649063
194.802392284
194.437432211
193.819369123
193.819369123
193.819369123
193.819369123
193.819369123
193.132632359
193.132632359
190.579742606
190.579742606
189.533047339
189.533047339
188.370052599
188.370052599
188.370052599
187.077836222
187.077836222
187.077836222
185.642040246
184.046711385
182.274123761
182.274123761
180.304581956
180.304581956
180.304581956
178.116202174
178.116202174
178.116202174
175.684669082
175.684669082
175.684669082
172.982965647
172.982965647
169.981072941
169.981072941
169.981072941
166.645636601
166.645636601
162.939596223
162.939596223
158.821773581
113.906558
104.34062
104.34062
93.7118
81.902
68.78
54.2
38
20
0
0
0
0
0
0
0
0
0
0
0
0
0
0
0
0
0
0
0
0
0
0
0
0
0
0
0
0
0
0
20
45.6179436672
48.1604693064
49.0141466346
56.4547548919
20.3499516646
196.88887308
196.593255421
196.593255421
196.593255421
195.764160254
195.764160254
195.764160254
195.358649063
195.358649063
194.437432211
194.437432211
193.819369123
193.819369123
193.819369123
193.819369123
193.132632359
193.132632359
192.284809194
190.579742606
189.533047339
189.533047339
189.533047339
188.370052599
188.370052599
187.077836222
187.077836222
187.077836222
185.642040246
184.046711385
184.046711385
182.274123761
182.274123761
180.304581956
180.304581956
178.116202174
178.116202174
178.116202174
175.684669082
175.684669082
175.684669082
172.982965647
172.982965647
169.981072941
169.981072941
166.645636601
166.645636601
166.645636601
162.939596223
162.939596223
158.821773581
113.906558
104.34062
104.34062
93.7118
81.902
68.78
54.2
38
20
0
0
0
0
0
0
0
0
0
0
0
0
0
0
0
0
0
0
0
0
0
0
0
0
0
0
0
0
0
0
0
0
20
40.1618365644
44.3713849124
60.9343045747
21.1036836812
196.88887308
197.043823412
196.593255421
196.593255421
196.264791355
195.764160254
195.764160254
195.764160254
194.802392284
194.437432211
194.437432211
193.819369123
193.819369123
193.819369123
193.819369123
193.132632359
193.132632359
191.521768345
190.579742606
189.533047339
189.533047339
188.370052599
188.370052599
188.370052599
187.077836222
187.077836222
185.642040246
184.046711385
184.046711385
182.274123761
182.274123761
180.304581956
180.304581956
178.116202174
178.116202174
178.116202174
175.684669082
175.684669082
175.684669082
172.982965647
172.982965647
169.981072941
169.981072941
166.645636601
166.645636601
166.645636601
162.939596223
162.939596223
158.821773581
122.5159022
104.34062
104.34062
93.7118
81.902
68.78
38
20
0
0
0
0
0
0
0
0
0
0
0
0
0
0
0
0
0
0
0
0
0
0
0
0
0
0
0
0
0
0
0
0
0
0
0
27.7688233374
37.5528418729
55.4255140778
22.876407303
196.88887308
197.043823412
197.043823412
196.593255421
196.264791355
195.764160254
195.764160254
195.764160254
194.802392284
194.437432211
193.819369123
193.819369123
193.819369123
193.819369123
193.132632359
193.132632359
192.36959151
190.579742606
190.579742606
189.533047339
189.533047339
188.370052599
188.370052599
187.077836222
187.077836222
185.642040246
185.642040246
184.046711385
182.274123761
182.274123761
180.304581956
180.304581956
178.116202174
178.116202174
178.116202174
175.684669082
175.684669082
172.982965647
172.982965647
172.982965647
169.981072941
169.981072941
166.645636601
166.645636601
162.939596223
162.939596223
162.939596223
158.821773581
154.24641509
104.34062
104.34062
93.7118
81.902
54.2
38
20
0
0
0
0
0
0
0
0
0
0
0
0
0
0
0
0
0
0
0
0
0
0
0
0
0
0
0
0
0
0
0
0
0
0
0
0
0
29.4279601341
48.9917284672
24.9668753837
197.339441071
197.043823412
197.043823412
197.043823412
196.715359346
196.264791355
195.764160254
195.764160254
194.802392284
194.437432211
193.819369123
193.819369123
193.819369123
193.819369123
193.132632359
193.132632359
191.521768345
190.579742606
189.533047339
189.533047339
188.370052599
188.370052599
187.077836222
187.077836222
185.642040246
185.642040246
184.046711385
182.274123761
182.274123761
180.304581956
180.304581956
178.116202174
178.116202174
178.116202174
175.684669082
175.684669082
172.982965647
172.982965647
169.981072941
169.981072941
169.981072941
166.645636601
166.645636601
162.939596223
162.939596223
158.821773581
158.821773581
154.24641509
113.906558
104.34062
93.7118
81.902
54.2
38
0
0
0
0
0
0
0
0
0
0
0
0
0
0
0
0
0
0
0
0
0
0
0
0
0
0
0
0
0
0
0
0
0
0
0
0
0
0
0
16.3788230026
37.6416133373
27.3359954297
197.339441071
197.043823412
197.043823412
197.043823412
196.715359346
196.715359346
195.764160254
195.358649063
194.437432211
194.437432211
193.819369123
193.819369123
193.819369123
193.132632359
193.132632359
192.36959151
191.521768345
190.579742606
189.533047339
189.533047339
188.370052599
188.370052599
187.077836222
185.642040246
185.642040246
184.046711385
184.046711385
182.274123761
180.304581956
180.304581956
178.116202174
178.116202174
178.116202174
175.684669082
175.684669082
172.982965647
172.982965647
169.981072941
169.981072941
166.645636601
166.645636601
166.645636601
162.939596223
162.939596223
158.821773581
158.821773581
154.24641509
122.5159022
104.34062
93.7118
68.78
54.2
20
0
0
0
0
0
0
0
0
0
0
0
0
0
0
0
0
0
0
0
0
0
0
0
0
0
0
0
0
0
0
0
0
0
0
0
0
0
0
0
0
0
23.4746240167
30.3559913525
197.339441071
197.043823412
197.043823412
197.043823412
196.715359346
196.715359346
196.264791355
195.358649063
194.437432211
194.437432211
193.819369123
193.819369123
193.819369123
193.132632359
192.36959151
191.521768345
190.579742606
190.579742606
189.533047339
188.370052599
188.370052599
187.077836222
187.077836222
185.642040246
184.046711385
184.046711385
182.274123761
180.304581956
180.304581956
178.116202174
178.116202174
178.116202174
175.684669082
175.684669082
172.982965647
172.982965647
169.981072941
169.981072941
166.645636601
166.645636601
162.939596223
162.939596223
162.939596223
158.821773581
158.821773581
154.24641509
149.162683433
104.34062
93.7118
68.78
54.2
0
0
0
0
0
0
0
0
0
0
0
0
0
0
0
0
0
0
0
0
0
0
0
0
0
0
0
0
0
0
0
0
0
0
0
0
0
0
0
0
0
0
0
14.9144172612
31.7795641196
197.339441071
197.043823412
197.043823412
197.043823412
196.715359346
196.715359346
196.264791355
195.358649063
194.437432211
194.437432211
193.819369123
193.819369123
193.132632359
193.132632359
192.36959151
191.521768345
190.579742606
189.533047339
189.533047339
188.370052599
187.077836222
187.077836222
185.642040246
184.046711385
184.046711385
182.274123761
180.304581956
180.304581956
178.116202174
178.116202174
175.684669082
175.684669082
172.982965647
172.982965647
169.981072941
169.981072941
169.981072941
166.645636601
166.645636601
162.939596223
162.939596223
158.821773581
158.821773581
154.24641509
154.24641509
149.162683433
104.34062
93.7118
68.78
38
0
0
0
0
0
0
0
0
0
0
0
0
0
0
0
0
0
0
0
0
0
0
0
0
0
0
0
0
0
0
0
0
0
0
0
0
0
0
0
0
0
0
0
0
6.76017215627
31.4993945797
197.339441071
197.043823412
197.043823412
197.043823412
196.715359346
196.715359346
196.264791355
194.99368899
194.437432211
194.437432211
193.819369123
193.819369123
193.132632359
192.36959151
191.521768345
190.579742606
190.579742606
189.533047339
188.370052599
188.370052599
187.077836222
185.642040246
185.642040246
184.046711385
182.274123761
180.304581956
180.304581956
178.116202174
178.116202174
175.684669082
175.684669082
172.982965647
172.982965647
169.981072941
169.981072941
166.645636601
166.645636601
162.939596223
162.939596223
162.939596223
158.821773581
158.821773581
154.24641509
154.24641509
149.162683433
113.906558
93.7118
68.78
20
0
0
0
0
0
0
0
0
0
0
0
0
0
0
0
0
0
0
0
0
0
0
0
0
0
0
0
0
0
0
0
0
0
0
0
0
0
0
0
0
0
0
0
0
0
2.54947919796
29.366039087
197.339441071
197.043823412
197.043823412
197.043823412
196.715359346
196.715359346
196.264791355
194.99368899
194.437432211
194.437432211
193.819369123
193.819369123
193.132632359
192.36959151
191.521768345
190.579742606
189.533047339
188.370052599
188.370052599
187.077836222
185.642040246
185.642040246
184.046711385
182.274123761
180.304581956
180.304581956
178.116202174
178.116202174
175.684669082
175.684669082
172.982965647
169.981072941
169.981072941
169.981072941
166.645636601
166.645636601
162.939596223
162.939596223
158.821773581
158.821773581
154.24641509
154.24641509
149.162683433
143.514092704
130.26431198
93.7118
68.78
0
0
0
0
0
0
0
0
0
0
0
0
0
0
0
0
0
0
0
0
0
0
0
0
0
0
0
0
0
0
0
0
0
0
0
0
0
0
0
0
0
0
0
0
0
0
0
2.54947919796
25.4849756217
197.339441071
197.043823412
197.043823412
197.043823412
196.715359346
196.715359346
195.494320091
194.99368899
194.437432211
194.437432211
193.819369123
193.132632359
192.36959151
191.521768345
190.579742606
189.533047339
189.533047339
188.370052599
187.077836222
185.642040246
185.642040246
184.046711385
182.274123761
180.304581956
180.304581956
178.116202174
175.684669082
175.684669082
172.982965647
172.982965647
169.981072941
169.981072941
166.645636601
166.645636601
162.939596223
162.939596223
158.821773581
158.821773581
154.24641509
154.24641509
149.162683433
149.162683433
143.514092704
130.26431198
93.7118
68.78
0
0
0
0
0
0
0
0
0
0
0
0
0
0
0
0
0
0
0
0
0
0
0
0
0
0
0
0
0
0
0
0
0
0
0
0
0
0
0
0
0
0
0
0
0
0
0
0
2.54947919796
21.4305179326
197.339441071
197.043823412
197.043823412
197.043823412
196.715359346
196.715359346
194.99368899
194.99368899
194.437432211
193.819369123
193.819369123
193.132632359
192.36959151
191.521768345
190.579742606
189.533047339
188.370052599
187.077836222
185.642040246
185.642040246
184.046711385
182.274123761
180.304581956
178.116202174
178.116202174
175.684669082
175.684669082
172.982965647
169.981072941
169.981072941
166.645636601
166.645636601
162.939596223
162.939596223
158.821773581
158.821773581
154.24641509
154.24641509
149.162683433
149.162683433
143.514092704
137.237880782
122.5159022
104.34062
68.78
0
0
0
0
0
0
0
0
0
0
0
0
0
0
0
0
0
0
0
0
0
0
0
0
0
0
0
0
0
0
0
0
0
0
0
0
0
0
0
0
0
0
0
0
0
0
0
0
0
2.54947919796
17.2828629182
197.339441071
197.043823412
197.043823412
197.043823412
196.715359346
196.715359346
194.99368899
194.437432211
194.437432211
193.819369123
193.132632359
192.36959151
191.521768345
190.579742606
189.533047339
188.370052599
187.077836222
185.642040246
184.046711385
182.274123761
182.274123761
180.304581956
178.116202174
175.684669082
175.684669082
172.982965647
169.981072941
169.981072941
166.645636601
166.645636601
162.939596223
162.939596223
158.821773581
158.821773581
154.24641509
154.24641509
149.162683433
149.162683433
143.514092704
137.237880782
130.26431198
122.5159022
104.34062
68.78
0
0
0
0
0
0
0
0
0
0
0
0
0
0
0
0
0
0
0
0
0
0
0
0
0
0
0
0
0
0
0
0
0
0
0
0
0
0
0
0
0
0
0
0
0
0
0
0
0
0
2.54947919796
14.0447323135
197.339441071
197.043823412
197.043823412
197.043823412
196.715359346
196.350399274
194.99368899
194.437432211
193.819369123
193.819369123
192.36959151
191.521768345
190.579742606
189.533047339
188.370052599
187.077836222
185.642040246
184.046711385
182.274123761
180.304581956
178.116202174
175.684669082
175.684669082
172.982965647
169.981072941
166.645636601
166.645636601
162.939596223
162.939596223
158.821773581
158.821773581
154.24641509
154.24641509
149.162683433
149.162683433
143.514092704
143.514092704
137.237880782
130.26431198
122.5159022
113.906558
93.7118
68.78
0
0
0
0
0
0
0
0
0
0
0
0
0
0
0
0
0
0
0
0
0
0
0
0
0
0
0
0
0
0
0
0
0
0
0
0
0
0
0
0
0
0
0
0
0
0
0
0
0
0
0
2.54947919796
13.0622573045
197.339441071
197.043823412
197.043823412
197.043823412
196.715359346
195.494320091
194.437432211
194.437432211
193.819369123
193.132632359
191.521768345
189.533047339
188.370052599
187.077836222
185.642040246
184.046711385
182.274123761
180.304581956
178.116202174
175.684669082
172.982965647
172.982965647
169.981072941
166.645636601
162.939596223
162.939596223
158.821773581
158.821773581
154.24641509
154.24641509
149.162683433
149.162683433
143.514092704
137.237880782
137.237880782
130.26431198
130.26431198
122.5159022
113.906558
104.34062
81.902
54.2
0
0
0
0
0
0
0
0
0
0
0
0
0
0
0
0
0
0
0
0
0
0
0
0
0
0
0
0
0
0
0
0
0
0
0
0
0
0
0
0
0
0
0
0
0
0
0
0
0
0
0
0
2.54947919796
11.8293153218
197.339441071
197.043823412
197.043823412
196.715359346
196.264791355
194.99368899
194.437432211
193.819369123
192.36959151
190.579742606
189.533047339
187.077836222
185.642040246
182.274123761
180.304581956
178.116202174
175.684669082
172.982965647
169.981072941
166.645636601
162.939596223
162.939596223
158.821773581
158.821773581
154.24641509
149.162683433
149.162683433
143.514092704
143.514092704
137.237880782
137.237880782
130.26431198
130.26431198
122.5159022
122.5159022
113.906558
104.34062
104.34062
81.902
68.78
38
0
0
0
0
0
0
0
0
0
0
0
0
0
0
0
0
0
0
0
0
0
0
0
0
0
0
0
0
0
0
0
0
0
0
0
0
0
0
0
0
0
0
0
0
0
0
0
0
0
0
0
0
0
2.54947919796
10.3341846689
197.339441071
197.043823412
197.043823412
196.264791355
194.99368899
194.437432211
193.132632359
189.533047339
187.077836222
175.684669082
0
0
0
0
0
20
68.78
93.7118
130.26431198
137.237880782
143.514092704
137.237880782
137.237880782
137.237880782
137.237880782
130.26431198
130.26431198
122.5159022
122.5159022
122.5159022
113.906558
113.906558
104.34062
104.34062
93.7118
81.902
81.902
68.78
54.2
20
0
0
0
0
0
0
0
0
0
0
0
0
0
0
0
0
0
0
0
0
0
0
0
0
0
0
0
0
0
0
0
0
0
0
0
0
0
0
0
0
0
0
0
0
0
0
0
0
0
0
0
0
0
0
2.54947919796
10.1216440206
197.339441071
197.043823412
196.09262432
5.56974708463
0
0
0
0
0
0
0
0
0
0
0
0
0
0
0
0
0
0
0
0
0
0
0
38
68.78
68.78
68.78
68.78
68.78
54.2
54.2
38
20
0
0
0
0
0
0
0
0
0
0
0
0
0
0
0
0
0
0
0
0
0
0
0
0
0
0
0
0
0
0
0
0
0
0
0
0
0
0
0
0
0
0
0
0
0
0
0
0
0
0
0
0
0
0
0
0
0
2.54947919796
10.1098741731
0.693424137993
0.364960072628
0
0
0
0
0
0
0
0
0
0
0
0
0
0
0
0
0
0
0
0
0
0
0
0
0
0
0
0
0
0
0
0
0
0
0
0
0
0
0
0
0
0
0
0
0
0
0
0
0
0
0
0
0
0
0
0
0
0
0
0
0
0
0
0
0
0
0
0
0
0
0
0
0
0
0
0
0
0
0
0
0
0
0
0
0
0
0
0
0
0
0
0
2.54947919796
10.2109749938
0
0
0
0
0
0
0
0
0
0
0
0
0
0
0
0
0
0
0
0
0
0
0
0
0
0
0
0
0
0
0
0
0
0
0
0
0
0
0
0
0
0
0
0
0
0
0
0
0
0
0
0
0
0
0
0
0
0
0
0
0
0
0
0
0
0
0
0
0
0
0
0
0
0
0
0
0
0
0
0
0
0
0
0
0
0
0
0
0
0
0
0
0
0
2.54947919796
10.1758312518
0
0
0
0
0
0
0
0
0
0
0
0
0
0
0
0
0
0
0
0
0
0
0
0
0
0
0
0
0
0
0
0
0
0
0
0
0
0
0
0
0
0
0
0
0
0
0
0
0
0
0
11.8098
35.56062
104.34062
104.34062
93.7118
20
0
0
0
0
0
0
0
0
0
0
0
0
0
0
0
0
0
0
0
0
0
0
0
0
0
0
0
0
0
0
0
0
0
0
0
0
0
2.54947919796
9.75588346762
0
0
0
0
0
0
0
0
0
0
0
0
0
0
0
0
0
0
0
0
0
0
0
0
0
0
0
0
0
0
0
0
0
0
0
0
0
0
0
0
0
0
0
0
0
53.7359022
92.26431198
137.237880782
143.514092704
143.514092704
149.162683433
149.162683433
149.162683433
154.24641509
154.24641509
154.24641509
149.162683433
130.26431198
122.5159022
90.6161653639
13.122
0
0
0
0
0
0
0
0
0
0
0
0
0
0
0
0
0
0
0
0
0
0
0
0
0
0
0
0
0
0
0
0
0
2.54947919796
8.83889342618
0
0
0
0
0
0
0
0
0
0
0
0
0
0
0
0
0
0
0
0
0
0
0
0
0
0
0
0
0
0
0
0
0
0
0
0
0
0
0
0
0
0
0
0
68.3159022
130.26431198
137.237880782
143.514092704
149.162683433
149.162683433
154.24641509
154.24641509
154.24641509
154.24641509
158.821773581
158.821773581
158.821773581
158.821773581
158.821773581
154.24641509
114.486038339
69.4871069098
77.6499618035
113.906558
104.34062
81.902
20
0
0
0
0
0
0
0
0
0
0
0
0
0
0
0
0
0
0
0
0
0
0
0
0
0
0
0
2.54947919796
8.0770616928
0
0
0
0
0
0
0
0
0
0
0
0
0
0
0
0
0
0
0
0
0
0
0
0
0
0
0
0
0
0
0
0
0
0
0
0
0
0
0
0
0
0
0
0
0
18.1752822
143.514092704
149.162683433
149.162683433
154.24641509
154.24641509
158.821773581
158.821773581
158.821773581
158.821773581
158.821773581
162.939596223
162.939596223
162.939596223
158.821773581
157.549801165
132.73229516
45.1153834333
96.0176434807
120.364882014
113.906558
104.34062
20
0
0
0
0
0
0
0
0
0
0
0
0
0
0
0
0
0
0
0
0
0
0
0
0
0
0
2.54947919796
7.66054489487
0
0
0
0
0
0
0
0
0
0
0
0
0
0
0
0
0
0
0
0
0
0
0
0
0
0
0
0
0
0
0
0
0
0
0
0
0
0
0
0
0
0
0
0
0
0
0
18.8983714534
154.24641509
154.24641509
158.821773581
158.821773581
162.939596223
162.939596223
162.939596223
162.939596223
162.939596223
162.939596223
162.939596223
162.939596223
162.939596223
159.178879729
147.729263227
106.029157276
119.474504812
123.597287728
122.5159022
104.34062
0
0
0
0
0
0
0
0
0
0
0
0
0
0
0
0
0
0
0
0
0
0
0
0
0
0
1.50278393191
9.19355730357
0
0
0
0
0
0
0
0
0
0
0
0
0
0
0
0
0
0
0
0
0
0
0
0
0
0
0
0
0
0
0
0
0
0
0
0
0
0
0
0
0
0
0
0
0
0
0
0
5.08373165666
158.821773581
158.821773581
162.939596223
162.939596223
162.939596223
162.939596223
166.645636601
166.645636601
166.645636601
166.645636601
166.645636601
166.645636601
166.645636601
159.334080199
155.628824529
143.381246714
138.874478261
117.288978425
122.5159022
0
0
0
0
0
0
0
0
0
0
0
0
0
0
0
0
0
0
0
0
0
0
0
0
0
0
1.50278393191
9.70598256143
0
0
0
0
0
0
0
0
0
0
0
0
0
0
0
0
0
0
0
0
0
0
0
0
0
0
0
0
0
0
0
0
0
0
0
0
0
0
0
0
0
0
0
0
0
0
0
0
0
4.57535849099
61.262335441
162.939596223
166.645636601
166.645636601
166.645636601
166.645636601
166.645636601
166.645636601
166.645636601
166.645636601
166.645636601
166.645636601
166.645636601
166.645636601
164.820309043
140.084417236
120.66493331
90.3621928376
93.7118
0
0
0
0
0
0
0
0
0
0
0
0
0
0
0
0
0
0
0
0
0
0
0
0
0
1.50278393191
8.93880833206
0
0
0
0
0
0
0
0
0
0
0
0
0
0
0
0
0
0
0
0
0
0
0
0
0
0
0
0
0
0
0
0
0
0
0
0
0
0
0
0
0
0
0
0
0
0
0
0
0
0
4.11782264189
23.1315438969
166.645636601
166.645636601
166.645636601
169.981072941
169.981072941
169.981072941
169.981072941
169.981072941
169.981072941
169.981072941
169.981072941
166.645636601
166.645636601
164.253283398
133.180868061
83.6403254678
81.9301120715
0
0
0
0
0
0
0
0
0
0
0
0
0
0
0
0
0
0
0
0
0
0
0
0
0
0.328464065365
9.26357626168
0
0
0
0
0
0
0
0
0
0
0
0
0
0
0
0
0
0
0
0
0
0
0
0
0
0
0
0
0
0
0
0
0
0
0
0
0
0
0
0
0
0
0
0
0
0
0
0
0
0
0
7.8238630196
17.4829531672
169.981072941
169.981072941
169.981072941
169.981072941
169.981072941
169.981072941
169.981072941
169.981072941
169.981072941
169.981072941
169.981072941
169.981072941
166.645636601
153.142810396
74.9409170215
63.8243806419
0
0
0
0
0
0
0
0
0
0
0
0
0
0
0
0
0
0
0
0
0
0
0
0
0
0.328464065365
7.88258173969
0
0
0
0
0
0
0
0
0
0
0
0
0
0
0
0
0
0
0
0
0
0
0
0
0
0
0
0
0
0
0
0
0
0
0
0
0
0
0
0
0
0
0
0
0
0
0
0
0
0
0
0
7.04147671764
15.7346578505
169.981072941
172.982965647
172.982965647
172.982965647
172.982965647
172.982965647
172.982965647
172.982965647
172.982965647
169.981072941
169.981072941
169.981072941
169.981072941
86.3422340594
43.3844830196
0
0
0
0
0
0
0
0
0
0
0
0
0
0
0
0
0
0
0
0
0
0
0
0
0
0.328464065365
5.01962782146
0
0
0
0
0
0
0
0
0
0
0
0
0
0
0
0
0
0
0
0
0
0
0
0
0
0
0
0
0
0
0
0
0
0
0
0
0
0
0
0
0
0
0
0
0
0
0
0
0
0
0
0
0
10.0433694236
34.3559500655
151.399072847
157.675284769
157.675284769
163.323875499
163.323875499
163.323875499
168.407607156
168.407607156
168.407607156
168.407607156
160.321982793
160.321982793
154.431578073
39.5420521436
3.7060403777
0
0
0
0
0
0
0
0
0
0
0
0
0
0
0
0
0
0
0
0
0
0
0
0
0
3.64345774505
0
0
0
0
0
0
0
0
0
0
0
0
0
0
0
0
0
0
0
0
0
0
0
0
0
0
0
0
0
0
0
0
0
0
0
0
0
0
0
0
0
0
0
0
0
0
0
0
0
0
0
0
0
3.00189270594
6.33732904587
52.5651132632
140.008514875
158.201715915
158.201715915
158.201715915
163.285447571
163.285447571
163.285447571
160.583744136
155.500012479
159.206052857
159.206052857
156.204160151
141.744448381
3.7060403777
3.7060403777
0
0
0
0
0
0
0
0
0
0
0
0
0
0
0
0
0
0
0
0
0
0
0
0
2.23444838917
0
0
0
0
0
0
0
0
0
0
0
0
0
0
0
0
0
0
0
0
0
0
0
0
0
0
0
0
0
0
0
0
0
0
0
0
0
0
0
0
0
0
0
0
0
0
0
0
0
0
0
0
0
3.00189270594
5.70359614129
5.70359614129
55.5058888451
134.866279575
159.950011231
159.950011231
159.950011231
159.950011231
159.950011231
159.950011231
159.950011231
160.583744136
155.500012479
155.500012479
140.573317122
3.33543633993
3.33543633993
0
0
0
0
0
0
0
0
0
0
0
0
0
0
0
0
0
0
0
0
0
0
0
0
2.7894711789
0
0
0
0
0
0
0
0
0
0
0
0
0
0
0
0
0
0
0
0
0
0
0
0
0
0
0
0
0
0
0
0
0
0
0
0
0
0
0
0
0
0
0
0
0
0
0
0
0
0
0
0
0
0
5.70359614129
5.70359614129
5.70359614129
67.3156888451
154.866279575
159.950011231
157.167661167
157.998126192
159.31103221
159.076667497
147.397775573
140.160388824
117.598678672
136.245804303
111.435671288
3.00189270594
3.33543633993
0
0
0
0
0
0
0
0
0
0
0
0
0
0
0
0
0
0
0
0
0
0
0
0
3.34572795779
0
0
0
0
0
0
0
0
0
0
0
0
0
0
0
0
0
0
0
0
0
0
0
0
0
0
0
0
0
0
0
0
0
0
0
0
0
0
0
0
0
0
0
0
0
0
0
0
0
0
0
0
0
0
0
5.70359614129
5.70359614129
5.70359614129
80.4376888451
120.934422067
116.876242261
99.7284740304
87.1958784418
73.0070095237
50.5256595747
32.3503773747
32.3503773747
12.6771649433
3.00189270594
3.00189270594
3.00189270594
0
0
0
0
0
0
0
0
0
0
0
0
0
0
0
0
0
0
0
0
0
0
0
0
3.34572795779
0
0
0
0
0
0
0
0
0
0
0
0
0
0
0
0
0
0
0
0
0
0
0
0
0
0
0
0
0
0
0
0
0
0
0
0
0
0
0
0
0
0
0
0
0
0
0
0
0
0
0
0
0
0
0
0
0
3.00189270594
9.03903248122
76.2997159146
100.666279575
72.4609626366
61.1544795747
50.5256595747
32.3503773747
18.9533768651
18.9533768651
5.70359614129
5.70359614129
3.00189270594
3.00189270594
3.00189270594
0
0
0
0
0
0
0
0
0
0
0
0
0
0
0
0
0
0
0
0
0
0
0
3.34572795779
0
0
0
0
0
0
0
0
0
0
0
0
0
0
0
0
0
0
0
0
0
0
0
0
0
0
0
0
0
0
0
0
0
0
0
0
0
0
0
0
0
0
0
0
0
0
0
0
0
0
0
0
0
0
0
0
0
0
15.7346578505
20.8183895072
18.7365505565
37.8610860046
35.6858137146
32.3503773747
11.9798080631
5.70359614129
5.70359614129
2.70170343535
2.70170343535
2.70170343535
5.70359614129
3.00189270594
3.00189270594
0
0
0
0
0
0
0
0
0
0
0
0
0
0
0
0
0
0
0
0
0
0
3.34572795779
0
0
0
0
0
0
0
0
0
0
0
0
0
0
0
0
0
0
0
0
0
0
0
0
0
0
0
0
0
0
0
0
0
0
0
0
0
0
0
0
0
0
0
0
0
0
0
0
0
0
0
0
0
0
0
0
0
0
4.11782264189
17.4829531672
26.4669802368
20.8183895072
20.8183895072
15.7346578505
0
3.00189270594
5.70359614129
2.70170343535
2.70170343535
2.70170343535
2.70170343535
2.70170343535
3.00189270594
3.00189270594
0
0
0
0
0
0
0
0
0
0
0
0
0
0
0
0
0
0
0
0
0
3.34572795779
0
0
0
0
0
0
0
0
0
0
0
0
0
0
0
0
0
0
0
0
0
0
0
0
0
0
0
0
0
0
0
0
0
0
0
0
0
0
0
0
0
0
0
0
0
0
0
0
0
0
0
0
0
0
0
0
0
0
0
0
19.4255035192
29.4077558187
23.1315438969
17.4829531672
12.3992215106
12.3992215106
0
0
0
2.70170343535
2.70170343535
2.70170343535
2.70170343535
3.00189270594
3.00189270594
3.00189270594
0
0
0
0
0
0
0
0
0
0
0
0
0
0
0
0
0
0
0
3.81828776001
0
0
0
0
0
0
0
0
0
0
0
0
0
0
0
0
0
0
0
0
0
0
0
0
0
0
0
0
0
0
0
0
0
0
0
0
0
0
0
0
0
0
0
0
0
0
0
0
0
0
0
0
0
0
0
0
0
0
0
0
0
21.5838927991
32.675284243
19.4255035192
13.7769127895
13.7769127895
0
0
0
0
0
0
2.70170343535
2.70170343535
0
3.00189270594
3.00189270594
0
0
0
0
0
0
0
0
0
0
0
0
0
0
0
0
0
0
71.0189781351
0
0
0
0
0
0
0
0
0
0
0
0
0
0
0
0
0
0
0
0
0
0
0
0
0
0
0
0
0
0
0
0
0
0
0
0
0
0
0
0
0
0
0
0
0
0
0
0
0
0
0
0
0
0
0
0
0
0
0
0
0
0
0
31.7305128901
17.0085343081
5.08373165666
0
0
0
0
0
0
0
0
2.70170343535
3.00189270594
3.00189270594
3.00189270594
0
0
0
0
0
0
0
0
0
0
0
0
0
0
0
0
0
122.974518324
0
0
0
0
0
0
0
0
0
0
0
0
0
0
0
0
0
0
0
0
0
0
0
0
0
0
0
0
0
0
0
0
0
0
0
0
0
0
0
0
0
0
0
0
0
0
0
0
0
0
0
0
0
0
0
0
0
0
0
0
0
0
0
0
0
0
0
0
0
0
0
0
0
0
0
2.70170343535
3.00189270594
3.00189270594
3.00189270594
0
0
0
0
0
0
0
0
0
0
0
0
0
0
0
0
146.314556492
0
0
0
0
0
0
0
0
0
0
0
0
0
0
0
0
0
0
0
0
0
0
0
0
0
0
0
0
0
0
0
0
0
0
0
0
0
0
0
0
0
0
0
0
0
0
0
0
0
0
0
0
0
0
0
0
0
0
0
0
0
0
0
0
0
0
0
0
0
0
0
0
0
0
0
0
2.70170343535
3.00189270594
3.00189270594
0
0
0
0
0
0
0
0
0
0
0
0
0
0
0
0
158.61799718
0
0
0
0
0
0
0
0
0
0
0
0
0
0
0
0
0
0
0
0
0
0
0
0
0
0
0
0
0
0
0
0
0
0
0
0
0
0
0
0
0
0
0
0
0
0
0
0
0
0
0
0
0
0
0
0
0
0
0
0
0
0
0
0
0
0
0
0
0
0
0
0
0
0
0
0
0
3.00189270594
3.00189270594
3.00189270594
0
0
0
0
0
0
0
0
0
0
0
0
0
0
54.2
163.216954234
0
0
0
0
0
0
0
0
0
0
0
0
0
0
0
0
0
0
0
0
0
0
0
0
0
0
0
0
0
0
0
0
0
0
0
0
0
0
0
0
0
0
0
0
0
0
0
0
0
0
0
0
0
0
0
0
0
0
0
0
0
0
0
0
0
0
0
0
0
0
0
0
0
0
0
0
0
0
3.00189270594
3.00189270594
0
0
0
0
0
0
0
0
0
0
0
0
0
0
81.902
169.33180928
0
0
0
0
0
0
0
0
0
0
0
0
0
0
0
0
0
0
0
0
0
0
0
0
0
0
0
0
0
0
0
0
0
0
0
0
0
0
0
0
0
0
0
0
0
0
0
0
0
0
0
0
0
0
0
0
0
0
0
0
0
0
0
0
0
0
0
0
0
0
0
0
0
0
0
0
0
0
0
3.00189270594
0
0
0
0
0
0
0
0
0
0
0
0
0
0
113.906558
177.002295168
0
0
0
0
0
0
0
0
0
0
0
0
0
0
0
0
0
0
0
0
0
0
0
0
0
0
0
0
0
0
0
0
0
0
0
0
0
0
0
0
0
0
0
0
0
0
0
0
0
0
0
0
0
0
0
0
0
0
0
0
0
0
0
0
0
0
0
0
0
0
0
0
0
0
0
0
0
0
0
0
0
0
0
0
0
0
0
0
0
0
0
0
0
38
140.230986771
180.460770279
0
0
0
0
0
0
0
0
0
0
0
0
0
0
0
0
0
0
0
0
0
0
0
0
0
0
0
0
0
0
0
0
0
0
0
0
0
0
0
0
0
0
0
0
0
0
0
0
0
0
0
0
0
0
0
0
0
0
0
0
0
0
0
0
0
0
0
0
0
0
0
0
0
0
0
0
0
0
0
0
0
0
0
0
0
0
0
0
0
0
0
0
0
81.902
149.272330186
179.31998303
0
0
0
0
0
0
0
0
0
0
0
0
0
0
0
0
0
0
0
0
0
0
0
0
0
0
0
0
0
0
0
0
0
0
0
0
0
0
0
0
0
0
0
0
0
0
0
0
0
0
0
0
0
0
0
0
0
0
0
0
0
0
0
0
0
0
0
0
0
0
0
0
0
0
0
0
0
0
0
0
0
0
0
0
0
0
0
0
0
0
0
0
6.16429675586
96.0533757642
160.312428204
167.059466859
0
0
0
0
0
0
0
0
0
0
0
0
0
0
0
0
0
0
0
0
0
0
0
0
0
0
0
0
0
0
0
0
0
0
0
0
0
0
0
0
0
0
0
0
0
0
0
0
0
0
0
0
0
0
0
0
0
0
0
0
0
0
0
0
0
0
0
0
0
0
0
0
0
0
0
0
0
0
0
0
0
0
0
0
0
0
0
0
0
0
0
0
72.8778096895
55.79974808
137.654655954
147.541114711
0
0
0
0
0
0
0
0
0
0
0
0
0
0
0
0
0
0
0
0
0
0
0
0
0
0
0
0
0
0
0
0
0
0
0
0
0
0
0
0
0
0
0
0
0
0
0
0
0
0
0
0
0
0
0
0
0
0
0
0
0
0
0
0
0
0
0
0
0
0
0
0
0
0
0
0
0
0
0
0
0
0
0
0
0
0
0
0
0
0
0
68.78
128.659661889
98.5860333351
129.348974125
148.41659324
0.693424137993
0
0
0
0
0
0
0
0
0
0
0
0
0
0
0
0
0
0
0
0
0
0
0
0
0
0
0
0
0
0
0
0
0
0
0
0
0
0
0
0
0
0
0
0
0
0
0
0
0
0
0
0
0
0
0
0
0
0
0
0
0
0
0
0
0
0
0
0
0
0
0
0
0
0
0
0
0
0
0
0
0
0
0
0
0
0
0
0
0
54.2
149.162683433
146.313277293
131.213884508
164.034227514
172.763612331
197.339441071
196.593255421
1.66975992434
0
0
0
0
0
0
0
0
0
0
0
0
0
0
0
0
0
0
0
0
0
0
0
0
0
0
0
0
0
0
0
0
0
0
0
0
0
0
0
0
0
0
0
0
0
0
0
0
0
0
0
0
0
0
0
0
0
0
0
0
0
0
0
0
0
0
0
0
0
0
0
0
0
0
0
0
0
0
0
0
0
0
0
0
0
2.55096558269
82.8328976859
169.981072941
166.645636601
154.24641509
158.201715915
174.039431971
181.390818347
197.339441071
197.043823412
197.043823412
195.358649063
8.17732887731
0
0
0
0
0
0
0
0
0
0
0
0
0
0
0
0
0
0
0
0
0
0
0
0
0
0
0
0
0
0
0
0
0
0
0
0
0
0
0
0
0
0
0
0
0
0
0
0
0
0
0
0
0
0
0
0
0
0
0
0
0
0
0
0
0
0
0
0
0
0
0
0
0
0
10.0433694236
11.1592993595
7.04147671764
0
0
0
0
2.43153309181
76.9151292331
166.695999983
175.684669082
172.982965647
169.981072941
162.674628224
166.956902814
178.308862823
185.752752914
197.339441071
197.339441071
197.043823412
196.715359346
194.99368899
193.819369123
11.4168451658
0
0
0
0
0
0
0
0
0
0
0
0
0
0
0
0
0
0
0
0
0
0
0
0
0
0
0
0
0
0
0
0
0
0
0
0
0
0
0
0
0
0
0
0
0
0
0
0
0
0
0
0
0
0
0
0
0
0
0
0
0
0
0
0
0
0
0
0
0
0
0
12.7450728589
16.8628955008
20.5091381804
20.5091381804
130.909919868
143.221994561
139.464803902
158.866327965
180.304581956
178.116202174
178.116202174
175.684669082
172.982965647
172.982965647
169.981072941
173.153665552
181.010177111
189.242693197
197.339441071
197.339441071
197.043823412
197.043823412
195.358649063
194.437432211
193.819369123
190.579742606
3.03112483692
0
0
0
0
0
0
0
0
0
0
0
0
0
0
0
0
0
0
0
0
0
0
0
0
0
0
0
0
0
0
0
0
0
0
0
0
0
0
0
0
0
0
0
0
0
0
0
0
0
0
0
0
0
0
0
0
0
0
0
0
0
0
0
0
0
0
0
0
0
21.4828083753
28.0277086706
27.6119165119
66.2945732724
163.129334681
177.654210886
182.274123761
182.274123761
180.304581956
180.304581956
178.116202174
178.116202174
175.684669082
172.982965647
169.981072941
177.30268925
185.525634698
190.25413602
197.339441071
197.339441071
197.043823412
197.043823412
196.264791355
194.99368899
194.437432211
193.819369123
190.579742606
188.370052599
0
0
0
0
0
0
0
0
0
0
0
0
0
0
0
0
0
0
0
0
0
0
0
0
0
0
0
0
0
0
0
0
0
0
0
0
0
0
0
0
0
0
0
0
0
0
0
0
0
0
0
0
0
0
0
0
0
0
0
0
0
0
0
0
0
0
0
8.1351292331
28.0277086706
29.8002962945
31.1491195806
82.1002102392
148.329637123
180.141193985
182.274123761
182.274123761
182.274123761
180.304581956
180.304581956
178.116202174
178.116202174
175.684669082
172.982965647
177.602878521
186.553092473
189.765685601
197.339441071
197.339441071
197.043823412
197.043823412
196.715359346
194.99368899
194.437432211
193.819369123
193.132632359
190.579742606
188.370052599
13.6589453557
0
0
0
0
0
0
0
0
0
0
0
0
0
0
0
0
0
0
0
0
0
0
0
0
0
0
0
0
0
0
0
0
0
0
0
0
0
0
0
0
0
0
0
0
0
0
0
0
0
0
0
0
0
0
0
0
0
0
0
0
0
0
0
0
0
17.3649857334
23.4523501796
29.8002962945
29.8002962945
84.6533961282
132.77802327
181.858331602
184.046711385
182.274123761
182.274123761
180.304581956
180.304581956
180.304581956
178.116202174
175.684669082
175.684669082
181.66563754
186.152459074
186.920787751
197.339441071
197.339441071
197.043823412
197.043823412
197.043823412
195.358649063
194.99368899
194.437432211
193.819369123
191.521768345
190.579742606
188.370052599
162.274123761
0
0
0
0
0
0
0
0
0
0
0
0
0
0
0
0
0
0
0
0
0
0
0
0
0
0
0
0
0
0
0
0
0
0
0
0
0
0
0
0
0
0
0
0
0
0
0
0
0
0
0
0
0
0
0
0
0
0
0
0
0
0
0
0
23.4523501796
25.2249378036
25.2249378036
31.5287503491
90.6793568127
146.116086344
184.046711385
184.046711385
182.274123761
182.274123761
182.274123761
180.304581956
180.304581956
178.116202174
178.116202174
178.116202174
182.274123761
188.896000456
187.493626704
197.339441071
197.043823412
197.043823412
197.043823412
196.593255421
195.859280164
194.99368899
194.437432211
193.819369123
193.132632359
191.521768345
189.533047339
188.370052599
182.274123761
0
0
0
0
0
0
0
0
0
0
0
0
0
0
0
0
0
0
0
0
0
0
0
0
0
0
0
0
0
0
0
0
0
0
0
0
0
0
0
0
0
0
0
0
0
0
0
0
0
0
0
0
0
0
0
0
0
0
0
0
0
0
0
28.0277086706
25.2249378036
26.8202666651
71.4911517477
117.011088896
173.389650329
185.642040246
184.046711385
184.046711385
182.274123761
182.274123761
182.274123761
180.304581956
180.304581956
178.116202174
180.304581956
183.437118501
188.900123956
187.644452774
197.339441071
197.043823412
197.043823412
197.043823412
196.593255421
195.859280164
194.99368899
194.437432211
193.819369123
193.132632359
191.521768345
190.579742606
189.533047339
187.077836222
180.304581956
0
0
0
0
0
0
0
0
0
0
0
0
0
0
0
0
0
0
0
0
0
0
0
0
0
0
0
0
0
0
0
0
0
0
0
0
0
0
0
0
0
0
0
0
0
0
0
0
0
0
0
0
0
0
0
0
0
0
0
0
0
7.32161630979
147.740840004
43.8879826195
89.0183433135
115.723149368
144.016971522
185.642040246
185.642040246
184.046711385
184.046711385
184.046711385
182.274123761
182.274123761
180.304581956
180.304581956
180.304581956
180.304581956
186.501922503
189.875123909
188.747594098
197.339441071
197.043823412
197.043823412
197.043823412
196.593255421
195.358649063
194.99368899
194.437432211
194.437432211
193.819369123
192.36959151
191.521768345
189.533047339
188.370052599
184.046711385
178.116202174
0
0
0
0
0
0
0
0
0
0
0
0
0
0
0
0
0
0
0
0
0
0
0
0
0
0
0
0
0
0
0
0
0
0
0
0
0
0
0
0
0
0
0
0
0
0
0
0
0
0
0
0
0
0
0
0
0
0
0
0
87.2809565595
152.966756003
142.451937683
142.16262064
155.347323331
177.344020078
187.077836222
185.642040246
185.642040246
184.046711385
184.046711385
182.274123761
182.274123761
182.274123761
180.304581956
180.304581956
182.274123761
187.937718478
191.549687341
188.184926223
196.88887308
197.043823412
197.043823412
196.593255421
196.187744229
195.358649063
194.99368899
194.437432211
194.437432211
193.819369123
193.132632359
191.521768345
190.579742606
189.533047339
187.077836222
182.274123761
175.684669082
0
0
0
0
0
0
0
0
0
0
0
0
0
0
0
0
0
0
0
0
0
0
0
0
0
0
0
0
0
0
0
0
0
0
0
0
0
0
0
0
0
0
0
0
0
0
0
0
0
0
0
0
0
0
0
0
0
0
21.5838927991
185.642040246
161.376120781
160.982832706
166.308454801
175.556706741
187.077836222
187.077836222
187.077836222
185.642040246
185.642040246
184.046711385
184.046711385
182.274123761
182.274123761
182.274123761
182.274123761
185.338927762
188.370052599
190.23110923
187.945735962
196.88887308
196.593255421
196.593255421
196.187744229
196.187744229
195.358649063
194.99368899
194.437432211
194.437432211
193.819369123
193.132632359
192.36959151
191.521768345
190.579742606
188.370052599
185.642040246
180.304581956
169.981072941
0
0
0
0
0
0
0
0
0
0
0
0
0
0
0
0
0
0
0
0
0
0
0
0
0
0
0
0
0
0
0
0
0
0
0
0
0
0
0
0
0
0
0
0
0
0
0
0
0
0
0
0
0
0
0
0
0
175.684669082
175.965724789
166.401503443
170.10754382
182.973658286
188.370052599
188.370052599
187.077836222
187.077836222
187.077836222
185.642040246
184.046711385
184.046711385
182.274123761
182.274123761
182.274123761
184.046711385
190.579742606
188.926309378
188.320829764
188.135264686
196.483361888
196.593255421
196.187744229
196.187744229
196.187744229
195.358649063
194.99368899
194.437432211
194.437432211
193.819369123
193.819369123
193.819369123
193.674391362
192.826568197
190.837847191
187.077836222
184.046711385
178.116202174
162.939596223
0
0
0
0
0
0
0
0
0
0
0
0
0
0
0
0
0
0
0
0
0
0
0
0
0
0
0
0
0
0
0
0
0
0
0
0
0
0
0
0
0
0
0
0
0
0
0
0
0
0
0
0
0
0
0
131.020539027
188.370052599
177.133825829
180.763544375
189.533047339
189.533047339
188.370052599
188.370052599
188.370052599
187.077836222
187.077836222
185.642040246
184.046711385
184.046711385
184.046711385
184.046711385
184.046711385
190.579742606
191.135999384
192.078025124
190.250749648
191.136004953
196.483361888
196.187744229
196.187744229
196.187744229
196.187744229
195.358649063
194.99368899
194.437432211
194.437432211
193.819369123
193.819369123
194.437432211
194.437432211
192.826568197
191.884542457
189.674852451
186.32877701
180.304581956
172.982965647
7.74840978
0
0
0
0
0
0
0
0
0
0
0
0
0
0
0
0
0
0
0
0
0
0
0
0
0
0
0
0
0
0
0
0
0
0
0
0
0
0
0
0
0
0
0
0
0
0
0
0
0
0
0
0
0
0
175.684669082
189.533047339
182.755879586
190.579742606
190.579742606
190.579742606
189.533047339
189.533047339
188.370052599
188.370052599
187.077836222
187.077836222
185.642040246
185.642040246
185.642040246
189.533047339
191.135999384
191.135999384
192.078025124
192.696088211
192.578656225
193.140389006
196.483361888
196.187744229
196.187744229
196.187744229
196.187744229
195.358649063
194.99368899
194.437432211
194.437432211
194.437432211
194.437432211
194.437432211
194.437432211
194.437432211
192.826568197
190.837847191
188.382636073
184.733448149
178.116202174
166.645636601
0
0
0
0
0
0
0
0
0
0
0
0
0
0
0
0
0
0
0
0
0
0
0
0
0
0
0
0
0
0
0
0
0
0
0
0
0
0
0
0
0
0
0
0
0
0
0
0
0
0
0
0
0
166.645636601
189.533047339
190.579742606
191.521768345
191.521768345
191.521768345
191.521768345
190.579742606
189.533047339
189.533047339
189.533047339
188.370052599
188.370052599
188.988115687
189.544372466
191.754062472
191.754062472
192.696088211
192.696088211
192.696088211
192.696088211
192.578656225
193.487145928
196.483361888
196.187744229
196.187744229
196.187744229
195.859280164
195.358649063
194.99368899
194.437432211
194.437432211
194.437432211
194.437432211
194.437432211
194.437432211
194.437432211
193.589609046
192.647583306
191.60088804
187.764572986
182.960860525
172.982965647
149.162683433
0
0
0
0
0
0
0
0
0
0
0
0
0
0
0
0
0
0
0
0
0
0
0
0
0
0
0
0
0
0
0
0
0
0
0
0
0
0
0
0
0
0
0
0
0
0
0
0
0
0
0
137.237880782
179.408418552
190.579742606
191.521768345
192.36959151
192.36959151
192.36959151
191.521768345
191.521768345
190.579742606
190.579742606
189.533047339
190.151110427
190.151110427
191.754062472
191.754062472
191.754062472
192.696088211
192.696088211
192.696088211
192.696088211
192.696088211
192.022399446
193.487145928
196.483361888
196.187744229
196.187744229
196.187744229
195.358649063
195.358649063
194.99368899
194.437432211
194.437432211
194.437432211
194.437432211
194.99368899
194.437432211
194.437432211
193.589609046
193.589609046
193.589609046
191.60088804
188.527613835
178.116202174
166.645636601
0
0
0
0
0
0
0
0
0
0
0
0
0
0
0
0
0
0
0
0
0
0
0
0
0
0
0
0
0
0
0
0
0
0
0
0
0
0
0
0
0
0
0
0
0
0
0
0
0
0
38
172.982965647
190.579742606
191.521768345
192.36959151
193.132632359
193.132632359
193.819369123
193.819369123
193.132632359
191.521768345
192.208505109
192.826568197
192.826568197
192.696088211
192.696088211
192.696088211
192.696088211
192.696088211
192.696088211
192.696088211
192.696088211
193.196719312
192.022399446
192.182346076
196.483361888
196.187744229
196.187744229
196.187744229
195.358649063
194.99368899
194.99368899
194.437432211
194.437432211
194.99368899
194.99368899
194.99368899
194.99368899
194.99368899
193.589609046
193.589609046
193.589609046
194.437432211
193.819369123
193.132632359
176.484872031
149.162683433
0
0
0
0
0
0
0
0
0
0
0
0
0
0
0
0
0
0
0
0
0
0
0
0
0
0
0
0
0
0
0
0
0
0
0
0
0
0
0
0
0
0
0
0
0
0
0
0
0
137.237880782
179.408418552
191.521768345
193.132632359
193.819369123
193.819369123
193.819369123
193.819369123
194.437432211
194.437432211
194.437432211
194.437432211
194.437432211
194.230648141
194.230648141
193.382824976
193.382824976
193.382824976
192.696088211
192.696088211
192.696088211
192.696088211
193.196719312
192.022399446
192.632914067
196.483361888
196.187744229
196.187744229
196.187744229
194.99368899
194.99368899
194.99368899
194.437432211
194.99368899
194.99368899
194.99368899
194.99368899
194.99368899
194.99368899
194.437432211
193.589609046
194.437432211
194.437432211
193.819369123
193.819369123
192.36959151
170.536643694
104.34062
0
0
0
0
0
0
0
0
0
0
0
0
0
0
0
0
0
0
0
0
0
0
0
0
0
0
0
0
0
0
0
0
0
0
0
0
0
0
0
0
0
0
0
0
0
0
0
38
172.982965647
190.579742606
193.819369123
194.437432211
194.437432211
194.765896276
194.765896276
194.765896276
195.322153055
195.322153055
195.322153055
194.99368899
194.99368899
194.99368899
194.99368899
194.99368899
194.230648141
194.230648141
193.382824976
192.752980465
192.696088211
193.196719312
193.196719312
192.022399446
192.632914067
196.483361888
196.187744229
196.187744229
196.187744229
194.99368899
194.99368899
194.99368899
194.99368899
194.99368899
194.99368899
194.99368899
194.99368899
194.99368899
194.99368899
194.99368899
194.437432211
194.437432211
194.437432211
194.437432211
193.819369123
193.819369123
191.521768345
153.053690527
0
0
0
0
0
0
0
0
0
0
0
0
0
0
0
0
0
0
0
0
0
0
0
0
0
0
0
0
0
0
0
0
0
0
0
0
0
0
0
0
0
0
0
0
0
0
0
137.237880782
186.597464975
193.819369123
194.437432211
194.765896276
195.322153055
195.322153055
195.322153055
195.322153055
195.322153055
195.322153055
195.322153055
195.322153055
195.322153055
194.99368899
194.99368899
194.99368899
194.99368899
194.99368899
194.230648141
194.731279242
194.731279242
194.731279242
192.578656225
192.022399446
192.632914067
196.483361888
196.187744229
196.187744229
196.187744229
194.99368899
194.99368899
194.99368899
194.145865825
194.145865825
194.145865825
194.99368899
194.99368899
194.99368899
194.99368899
194.99368899
194.437432211
194.437432211
194.437432211
194.437432211
194.437432211
193.819369123
193.819369123
190.579742606
113.906558
0
0
0
0
0
0
0
0
0
0
0
0
0
0
0
0
0
0
0
0
0
0
0
0
0
0
0
0
0
0
0
0
0
0
0
0
0
0
0
0
0
0
0
0
0
0
172.982965647
192.971545958
194.765896276
195.322153055
195.322153055
195.322153055
195.322153055
195.322153055
195.322153055
195.322153055
195.322153055
195.322153055
195.322153055
195.322153055
195.322153055
195.322153055
194.99368899
194.99368899
194.99368899
195.494320091
195.494320091
194.731279242
194.731279242
194.113216154
193.235182684
193.480737233
195.927105109
195.63148745
196.187744229
195.339921064
194.99368899
194.99368899
194.145865825
193.203840085
193.203840085
194.145865825
194.99368899
194.99368899
194.99368899
194.99368899
194.99368899
194.99368899
194.99368899
194.765896276
194.765896276
194.765896276
194.765896276
194.437432211
193.819369123
189.533047339
68.78
0
0
0
0
0
0
0
0
0
0
0
0
0
0
0
0
0
0
0
0
0
0
0
0
0
0
0
0
0
0
0
0
0
0
0
0
0
0
0
0
0
0
0
0
130.26431198
188.370052599
194.765896276
195.322153055
195.322153055
195.322153055
195.322153055
195.322153055
195.322153055
195.322153055
195.322153055
195.322153055
195.322153055
195.322153055
195.322153055
195.322153055
195.322153055
195.322153055
194.99368899
194.99368899
195.494320091
195.494320091
195.494320091
194.796016102
194.113216154
193.921919448
193.185119574
194.578650842
194.783664285
194.783664285
194.522477845
193.704471186
193.203840085
192.647583306
193.203840085
193.203840085
193.203840085
194.99368899
194.99368899
194.99368899
194.99368899
194.99368899
195.322153055
195.322153055
195.322153055
195.322153055
195.322153055
195.322153055
194.765896276
194.765896276
193.819369123
188.370052599
38
0
0
0
0
0
0
0
0
0
0
0
0
0
0
0
0
0
0
0
0
0
0
0
0
0
0
0
0
0
0
0
0
0
0
0
0
0
0
0
0
0
0
0
180.304581956
194.765896276
195.322153055
195.322153055
195.322153055
195.322153055
195.322153055
195.322153055
195.322153055
195.322153055
195.322153055
195.322153055
195.322153055
195.322153055
195.322153055
195.322153055
195.322153055
195.322153055
195.322153055
195.322153055
195.494320091
195.494320091
195.494320091
195.494320091
194.876257003
193.921919448
193.427797596
193.636625103
193.341007444
193.841638545
193.223575458
193.148214407
193.148214407
192.647583306
192.029520219
192.029520219
192.029520219
194.375625902
194.375625902
194.99368899
195.322153055
195.322153055
195.322153055
195.322153055
195.322153055
195.322153055
195.322153055
195.322153055
195.322153055
195.322153055
194.765896276
194.765896276
185.642040246
0
0
0
0
0
0
0
0
0
0
0
0
0
0
0
0
0
0
0
0
0
0
0
0
0
0
0
0
0
0
0
0
0
0
0
0
0
0
0
0
0
0
93.7118
191.929352105
195.322153055
196.187744229
196.187744229
195.822784156
195.822784156
195.822784156
195.822784156
195.322153055
195.322153055
195.322153055
195.322153055
195.322153055
195.322153055
195.322153055
195.322153055
195.322153055
195.322153055
195.322153055
195.322153055
195.322153055
195.494320091
195.494320091
195.494320091
194.876257003
194.614265094
193.871856338
193.018562015
192.722944357
192.722944357
193.223575458
192.53015132
192.53015132
192.53015132
192.029520219
192.029520219
192.029520219
192.971545958
194.704089968
194.47432989
195.322153055
195.322153055
195.322153055
195.322153055
195.322153055
195.322153055
195.322153055
195.322153055
195.322153055
195.322153055
195.322153055
195.322153055
193.918073111
184.046711385
0
0
0
0
0
0
0
0
0
0
0
0
0
0
0
0
0
0
0
0
0
0
0
0
0
0
0
0
0
0
0
0
0
0
0
0
0
0
0
0
0
182.602587826
195.687113128
196.187744229
196.187744229
196.483361888
196.483361888
196.440278179
196.118401815
196.118401815
196.118401815
196.118401815
195.822784156
195.822784156
195.322153055
195.322153055
195.322153055
195.322153055
195.322153055
195.322153055
195.322153055
195.322153055
195.322153055
195.822784156
195.822784156
195.494320091
194.876257003
194.980577956
194.634897187
192.255521166
193.018562015
192.722944357
191.959903508
192.095574536
192.095574536
192.095574536
192.357984284
192.357984284
192.357984284
192.357984284
192.914241063
193.53230415
194.47432989
194.47432989
195.322153055
195.322153055
195.322153055
195.322153055
195.322153055
195.322153055
195.687113128
195.687113128
195.687113128
195.322153055
195.322153055
191.85023241
169.981072941
0
0
0
0
0
0
0
0
0
0
0
0
0
0
0
0
0
0
0
0
0
0
0
0
0
0
0
0
0
0
0
0
0
0
0
0
0
0
0
0.328464065365
195.130856349
195.687113128
196.483361888
196.483361888
196.483361888
196.483361888
196.483361888
196.483361888
196.118401815
196.118401815
196.118401815
196.118401815
196.118401815
196.118401815
195.822784156
195.822784156
195.322153055
195.322153055
195.322153055
195.322153055
195.322153055
195.822784156
195.822784156
195.822784156
195.494320091
195.494320091
194.980577956
195.135528288
192.255521166
192.255521166
192.06984865
191.959903508
192.095574536
192.095574536
192.095574536
192.040143584
190.883251374
191.518014399
191.594943435
192.151200214
192.151200214
192.769263301
189.840128572
177.211196193
164.392462662
168.714944449
195.322153055
195.322153055
195.687113128
196.187744229
196.187744229
196.187744229
196.187744229
196.187744229
195.687113128
191.85023241
0
0
0
0
0
0
0
0
0
0
0
0
0
0
0
0
0
0
0
0
0
0
0
0
0
0
0
0
0
0
0
0
0
0
0
0
0
0
0
191.273166744
195.687113128
196.88887308
196.483361888
196.483361888
196.483361888
196.483361888
196.483361888
196.483361888
196.483361888
196.118401815
196.118401815
196.118401815
196.118401815
196.118401815
196.118401815
196.118401815
196.118401815
195.822784156
195.822784156
195.822784156
196.118401815
196.118401815
196.118401815
196.118401815
196.118401815
195.78993775
196.088822439
194.959694769
192.255521166
192.255521166
192.255521166
192.255521166
192.391192195
192.095574536
192.095574536
191.718320817
191.04887927
190.548248169
190.548248169
191.104504948
192.151200214
188.831157564
171.16170014
149.637834936
131.197217377
117.661429168
151.418243204
196.118401815
196.118401815
196.483361888
196.483361888
196.483361888
196.483361888
196.483361888
196.483361888
195.687113128
191.273166744
0
0
0
0
0
0
0
0
0
0
0
0
0
0
0
0
0
0
0
0
0
0
0
0
0
0
0
0
0
0
0
0
0
0
0
0
0
0.693424137993
195.536367541
196.88887308
197.339441071
197.339441071
197.339441071
196.483361888
196.483361888
196.483361888
196.483361888
196.483361888
196.118401815
196.118401815
196.118401815
196.118401815
196.118401815
196.118401815
196.118401815
196.118401815
196.118401815
196.118401815
196.118401815
196.118401815
196.118401815
196.118401815
196.118401815
196.118401815
196.118401815
196.154897822
195.859280164
191.837595363
191.93767188
192.160560672
192.255521166
191.890561094
192.052899625
191.98145732
191.674070645
191.344496929
191.04887927
191.04887927
191.605136049
191.605136049
182.94959221
157.192866123
132.773051354
105.194088967
68.1128612654
73.8686367738
131.229191297
184.658174513
196.483361888
196.42625911
177.670506301
197.339441071
197.339441071
197.339441071
197.339441071
195.213922112
184.740135523
0
0
0
0
0
0
0
0
0
0
0
0
0
0
0
0
0
0
0
0
0
0
0
0
0
0
0
0
0
0
0
0
0
0
0
0.693424137993
192.620703675
197.339441071
197.339441071
197.339441071
197.339441071
197.339441071
197.339441071
196.483361888
196.483361888
196.483361888
196.483361888
196.483361888
196.118401815
196.118401815
196.118401815
196.118401815
196.118401815
196.118401815
196.118401815
196.118401815
196.118401815
196.118401815
196.118401815
196.118401815
196.118401815
196.118401815
196.118401815
196.118401815
196.154897822
196.334596756
129.265623913
173.613448767
191.852738193
192.023312232
191.577828131
191.390229154
191.081410927
190.843865828
191.344496929
191.344496929
191.344496929
191.344496929
189.438225535
175.004346804
145.905933306
115.165531227
81.7630569517
43.7028175574
7.74834921581
13.8442780545
16.1787799315
18.3671597141
41.0768778453
59.6509922976
98.375088504
197.339441071
197.339441071
197.339441071
197.339441071
197.339441071
0.328464065365
0
0
0
0
0
0
0
0
0
0
0
0
0
0
0
0
0
0
0
0
0
0
0
0
0
0
0
0
0
0
0
0
0
0
1.0989353298
197.339441071
197.339441071
197.339441071
197.339441071
197.339441071
197.339441071
197.339441071
196.483361888
196.483361888
196.483361888
196.483361888
196.118401815
196.118401815
196.118401815
196.118401815
196.118401815
196.118401815
196.118401815
196.118401815
196.118401815
196.118401815
196.118401815
196.118401815
196.118401815
196.118401815
196.118401815
196.118401815
195.78993775
196.379843878
195.446141177
49.719897667
127.557278698
191.454607576
192.211849234
192.052635637
192.06589435
191.805514566
191.481251224
191.239461749
190.843865828
191.344496929
191.303314723
184.874303712
170.747095226
140.853047534
116.109877446
85.8645994022
41.1596580289
7.74834921581
12.50950325
15.8138198589
18.0021996415
22.7242308721
53.235325077
75.0895947635
159.605496963
197.605496963
197.605496963
197.605496963
74.8235388705
194.821032379
0
0
0
0
0
0
0
0
0
0
0
0
0
0
0
0
0
0
0
0
0
0
0
0
0
0
0
0
0
0
0
0
0
0
197.339441071
197.339441071
197.605496963
197.605496963
197.605496963
197.605496963
197.199985772
196.749417781
196.384457708
196.384457708
196.384457708
196.384457708
196.055993643
196.118401815
196.118401815
196.118401815
196.118401815
196.118401815
196.118401815
196.118401815
196.118401815
196.384457708
196.384457708
196.384457708
196.384457708
196.384457708
196.384457708
196.384457708
196.53168985
195.242833444
119.021445618
)
;

boundaryField
{
    frontAndBack
    {
        type            empty;
    }
    leftWall
    {
        type            calculated;
        value           uniform 0;
    }
    outlet
    {
        type            calculated;
        value           uniform 0;
    }
    rightWall
    {
        type            calculated;
        value           uniform 0;
    }
    inlet
    {
        type            calculated;
        value           uniform 490947.950705;
    }
}


// ************************************************************************* //
