/*--------------------------------*- C++ -*----------------------------------*\
| =========                 |                                                 |
| \\      /  F ield         | OpenFOAM: The Open Source CFD Toolbox           |
|  \\    /   O peration     | Version:  v1906                                 |
|   \\  /    A nd           | Web:      www.OpenFOAM.com                      |
|    \\/     M anipulation  |                                                 |
\*---------------------------------------------------------------------------*/
FoamFile
{
    version     2.0;
    format      ascii;
    class       volScalarField;
    location    "578";
    object      alpha;
}
// * * * * * * * * * * * * * * * * * * * * * * * * * * * * * * * * * * * * * //

dimensions      [0 0 -1 0 0 0 0];


internalField   nonuniform List<scalar> 
9216
(
200
200
200
200
200
200
200
200
200
200
200
200
200
200
200
200
200
200
200
200
200
200
200
200
200
200
200
200
200
200
200
200
200
200
200
200
200
200
200
200
200
200
200
200
200
200
200
200
200
200
200
200
200
200
200
200
200
200
200
200
200
200
200
200
200
200
200
200
200
200
200
200
200
200
200
200
200
200
200
200
200
200
200
200
198.327398314
179.656109846
160.608692016
136.717020708
109.784769066
86.2700410592
65.2237716169
48.4389512219
34.8513821052
22.47889196
12.8851736298
1.54799251249
200
200
200
200
200
200
200
200
200
200
200
200
200
200
200
200
200
200
200
200
200
200
200
200
200
200
200
200
200
200
200
200
200
200
200
200
200
200
200
200
200
200
200
200
200
200
200
200
200
200
200
200
200
200
200
200
200
200
200
200
200
200
200
200
200
200
200
200
200
200
200
200
200
200
200
200
200
200
200
200
200
200
200
200
200
192.834667067
173.910971201
149.026369945
125.700254037
99.0023896807
75.6613350383
60.0397464867
47.2943379047
30.8198659768
20.3307435833
15.2826997742
200
200
200
200
200
200
200
200
200
200
200
200
200
200
200
200
200
200
200
200
200
200
200
200
200
200
200
200
200
200
200
200
200
200
200
200
200
200
200
200
200
200
200
200
200
200
200
200
200
200
200
200
200
200
200
200
200
200
200
200
200
200
200
200
200
200
200
200
200
200
200
200
200
200
200
200
200
200
200
200
200
200
200
200
200
189.622586368
164.686318674
149.198234487
130.847696116
100.922088223
73.0265693958
63.9633824459
46.8281587098
36.0369182364
31.5626983344
21.4275289588
200
200
200
200
200
200
200
200
200
200
200
200
200
200
200
200
200
200
200
200
200
200
200
200
200
200
200
200
200
200
200
200
200
200
200
200
200
200
200
200
200
200
200
200
200
200
200
200
200
200
200
200
200
200
200
200
200
200
200
200
200
200
200
200
200
200
200
200
200
200
200
200
200
200
200
200
200
200
200
200
200
200
200
200
199.999999856
182.824731884
162.379937416
147.417862278
123.670562311
105.513671504
85.3733807967
61.7649266561
55.5261246284
46.2968050793
40.2042303296
27.8842409478
200
200
200
200
200
200
200
200
200
200
200
200
200
200
200
200
200
200
200
200
200
200
200
200
200
200
200
200
200
200
200
200
200
200
200
200
200
200
200
200
200
200
200
200
200
200
200
200
200
200
200
200
200
200
200
200
200
200
200
200
200
200
200
200
200
200
200
200
200
200
200
200
200
200
200
200
200
200
200
200
200
200
200
200
197.127434929
174.10108453
154.094996606
140.709935161
130.856095467
107.329724739
92.0878310334
71.4799994885
57.3830998477
56.1913448158
52.5742341302
40.2446970807
200
200
200
200
200
200
200
200
200
200
200
200
200
200
200
200
200
200
200
200
200
200
200
200
200
200
200
200
200
200
200
200
200
200
200
200
200
200
200
200
200
200
200
200
200
200
200
200
200
200
200
200
200
200
200
200
200
200
200
200
200
200
200
200
200
200
200
200
200
200
200
200
200
200
200
200
200
200
200
200
200
200
200
200
193.428404259
172.069002237
159.12103014
140.515487951
120.398682687
101.560869623
98.6943637059
86.2428539347
68.3399667845
65.12933168
64.2444834262
51.441774471
200
200
200
200
200
200
200
200
200
200
200
200
200
200
200
200
200
200
200
200
200
200
200
200
200
200
200
200
200
200
200
200
200
200
200
200
200
200
200
200
200
200
200
200
200
200
200
200
200
200
200
200
200
200
200
200
200
200
200
200
200
200
200
200
200
200
200
200
200
200
200
200
200
200
200
200
200
200
200
200
200
200
200
199.999999985
188.786195693
170.313742721
154.67991054
139.932501931
120.191678706
111.056956215
97.016210714
95.5576687726
86.2421711512
75.6234990721
75.4146791045
62.1597116297
200
200
200
200
200
200
200
200
200
200
200
200
200
200
200
200
200
200
200
200
200
200
200
200
200
200
200
200
200
200
200
200
200
200
200
200
200
200
200
200
200
200
200
200
200
200
200
200
200
200
200
200
200
200
200
200
200
200
200
200
200
200
200
200
200
200
200
200
200
200
200
200
200
200
200
200
200
200
200
200
200
200
200
199.999999688
184.883685744
168.981958503
150.428401688
135.807796462
123.521512012
116.583611336
107.743788534
98.0784077088
98.4556861781
85.2939703627
85.9456402066
72.747621961
200
200
200
200
200
200
200
200
200
200
200
200
200
200
200
200
200
200
200
200
200
200
200
200
200
200
200
200
200
200
200
200
200
200
200
200
200
200
200
200
200
200
200
200
200
200
200
200
200
200
200
200
200
200
200
200
200
200
200
200
200
200
200
200
200
200
200
200
200
200
200
200
200
200
200
200
200
200
200
200
200
200
200
199.987118363
184.419786008
169.462965296
153.813988587
137.340495115
125.853753678
113.473265476
115.147327221
109.171241265
102.897292434
98.3605740664
94.749712605
82.2540265243
200
200
200
200
200
200
200
200
200
200
200
200
200
200
200
200
200
200
200
200
200
200
200
200
200
200
200
200
200
200
200
200
200
200
200
200
200
200
200
200
200
200
200
200
200
200
200
200
200
200
200
200
200
200
200
200
200
200
200
200
200
200
200
200
200
200
200
200
200
200
200
200
200
200
200
200
200
200
200
200
200
200
200
197.150427878
183.368247966
168.94944335
153.299641336
140.184376374
129.725299943
122.067444827
115.45885774
116.363568589
111.75122471
109.572359112
103.145543459
92.1816388447
200
200
200
200
200
200
200
200
200
200
200
200
200
200
200
200
200
200
200
200
200
200
200
200
200
200
200
200
200
200
200
200
200
200
200
200
200
200
200
200
200
200
200
200
200
200
200
200
200
200
200
200
200
200
200
200
200
200
200
200
200
200
200
200
200
200
200
200
200
200
200
200
200
200
200
200
200
200
200
200
200
200
200
196.310515914
182.320905473
165.617585618
152.711654847
142.89226479
137.022994706
130.020473292
124.7223137
117.544453684
119.302935007
121.508229396
111.593981549
99.9783154107
200
200
200
200
200
200
200
200
200
200
200
200
200
200
200
200
200
200
200
200
200
200
200
200
200
200
200
200
200
200
200
200
200
200
200
200
200
200
200
200
200
200
200
200
200
200
200
200
200
200
200
200
200
200
200
200
200
200
200
200
200
200
200
200
200
200
200
196.343518658
192.00047413
192.853994732
196.783547084
199.726827452
200
200
200
200
200
200
200
200
200
200
200
195.399941164
180.62240522
166.330739341
156.341504405
148.140660655
140.393953346
135.222082948
130.393314131
126.752591724
122.04154651
127.303783186
119.220003904
106.111097363
200
200
200
200
200
200
200
200
200
200
200
200
200
200
200
200
200
200
200
200
200
200
200
200
200
200
200
200
200
200
200
200
200
200
200
200
200
200
200
200
200
200
200
200
200
200
200
200
200
200
200
200
200
200
200
200
200
200
200
200
200
193.215887118
30.4985021749
5.01765563431
1.2141023805
0.357229781587
0.142159279678
0.0972665342208
0.114112466244
0.194283574929
0.420133436803
1.09620975716
3.39130039344
12.3147709656
52.3192540099
164.338835594
195.913321738
200
200
199.929729337
200
200
199.999999999
194.919603703
180.207409562
170.117328324
160.695883561
151.909737834
144.276313345
139.24197673
134.451329773
130.948897281
128.800193005
131.051456502
125.671029403
111.598892812
200
200
200
200
200
200
200
200
200
200
200
200
200
200
200
200
200
200
200
200
200
200
200
200
200
200
200
200
200
200
200
200
200
200
200
200
200
200
200
200
200
200
200
200
200
200
200
200
200
200
200
200
200
200
200
200
200
200
200
0.268078229379
0.00547889165955
0.00047707813565
9.57256068066e-05
2.82229705581e-05
1.02911214581e-05
5.65940093928e-06
5.11635759604e-06
6.89332365736e-06
1.20893814859e-05
2.55841597224e-05
6.27900800278e-05
0.000177092483735
0.000575569760034
0.00220311920429
0.0101454102938
0.0577849088778
0.419354188887
3.92239571266
44.564840519
179.823165892
199.79784231
199.973518942
199.830303373
194.61431937
184.153246777
171.798696862
163.49760893
154.59700442
147.704107631
144.603568812
138.760163109
135.692981162
132.976655221
131.045252093
133.5096751
116.31931823
200
200
200
200
200
200
200
200
200
200
200
200
200
200
200
200
200
200
200
200
200
200
200
200
200
200
200
200
200
200
200
200
200
200
200
200
200
200
200
200
200
200
200
200
200
200
200
200
200
200
200
200
200
200
200
200
200
0.0104542847413
2.08278873267e-06
1.67862455575e-07
3.00809554329e-08
7.88911058786e-09
2.82353818695e-09
1.34273511804e-09
9.66993253249e-10
1.04306001275e-09
1.49034181788e-09
2.56173010678e-09
5.10618229577e-09
1.17697377037e-08
3.08397289922e-08
9.25120373502e-08
3.2001560244e-07
1.29741338837e-06
6.23945143435e-06
3.64761601408e-05
0.000250790096557
0.00210421793175
0.0220432404336
0.303409446335
5.57605280007
117.244652797
195.075459022
196.589343821
183.05211761
174.893483817
163.209986867
156.987479116
152.943324831
148.957546127
143.092357672
139.634661031
136.239318392
134.402624462
138.742043086
120.34755843
200
200
200
200
200
200
200
200
200
200
200
200
200
200
200
200
200
200
200
200
200
200
200
200
200
200
200
200
200
200
200
200
200
200
200
200
200
200
200
200
200
200
200
200
200
200
200
200
200
200
200
200
200
200
200
0.00778672244823
2.23109684703e-08
1.95230293356e-10
2.55983328706e-11
6.13967388563e-12
2.09892972567e-12
9.21688394792e-13
5.29627585325e-13
4.44603001994e-13
5.21191129944e-13
7.67130199496e-13
1.32452565228e-12
2.61331094563e-12
5.76688619632e-12
1.44922058226e-11
4.1089473326e-11
1.32151316828e-10
4.83023137572e-10
1.99731637589e-09
9.5653176154e-09
5.38198311542e-08
3.56223170296e-07
2.80645986974e-06
2.70084616527e-05
0.000316560793546
0.00464247624839
0.0895259875538
2.31629686285
69.2614024119
177.425523304
174.312893423
165.346292421
162.740064055
157.912224094
151.108439529
145.43149036
142.315632707
140.023407259
137.008206242
139.867852123
123.338900273
200
200
200
200
200
200
200
200
200
200
200
200
200
200
200
200
200
200
200
200
200
200
200
200
200
200
200
200
200
200
200
200
200
200
200
200
200
200
200
200
200
200
200
200
200
200
200
200
200
200
200
200
200
200
4.08535277038e-09
1.75754692335e-12
8.91844249583e-14
1.62352201871e-14
4.54886376858e-15
1.75482171714e-15
8.6900465431e-16
5.45554271947e-16
4.7847234067e-16
5.64372102715e-16
8.24300709798e-16
1.39473296755e-15
2.6574992982e-15
5.7238604859e-15
1.38756900456e-14
3.71133833508e-14
1.12481360826e-13
3.86743177163e-13
1.48860736471e-12
6.37563811278e-12
3.09875176303e-11
1.7239855065e-10
1.0740587852e-09
7.6925070173e-09
6.63560696166e-08
6.86151825357e-07
8.66162004364e-06
0.000134662461032
0.00266545798434
0.0585380162516
1.68758655063
66.8685893847
164.917668607
164.714841297
155.09360613
150.398281163
147.79649395
143.885879943
142.076096363
139.107570167
140.257396686
125.185739509
200
200
200
200
200
200
200
200
200
200
200
200
200
200
200
200
200
200
200
200
200
200
200
200
200
200
200
200
200
200
200
200
200
200
200
200
200
200
200
200
200
200
200
200
200
200
200
200
200
200
200
200
200
2.55568182213e-13
1.75397524732e-15
1.77992077485e-16
3.69800876229e-17
1.07444277647e-17
4.1232077267e-18
1.92504535743e-18
1.17430247346e-18
9.65893640049e-19
1.08008905014e-18
1.53851477633e-18
2.76139029795e-18
5.35019559918e-18
1.14977424677e-17
2.69669858165e-17
7.07985643182e-17
2.07414763091e-16
6.70942839901e-16
2.35505150931e-15
9.1901641112e-15
3.90528646347e-14
1.89624369315e-13
1.01837129753e-12
6.03917120227e-12
4.07445930924e-11
3.18917775198e-10
2.81978390599e-09
2.96957251218e-08
3.87912970609e-07
5.68778275588e-06
0.000100106088717
0.00217649905475
0.0699611482001
4.25951102305
135.143867598
156.21445041
152.747000469
149.614991403
146.844638961
142.219951303
141.035989076
139.452362023
126.426219206
200
200
200
200
200
200
200
200
200
200
200
200
200
200
200
200
200
200
200
200
200
200
200
200
200
200
200
200
200
200
200
200
200
200
200
200
200
200
200
200
200
200
200
200
200
200
200
200
200
200
200
200
3.31055127064e-16
7.73048586051e-18
1.84179196059e-19
0
0
0
0
0
0
0
0
0
3.92405091771e-21
1.29145666926e-20
6.54894145368e-20
1.95253874322e-19
6.61234275882e-19
2.23795889065e-18
7.84217691419e-18
2.85800480184e-17
1.1241764399e-16
4.7701823099e-16
2.16446499013e-15
1.0817102147e-14
5.97420384139e-14
3.78043064834e-13
2.62409165352e-12
2.05183313046e-11
1.887320729e-10
1.84919572185e-09
2.13529898594e-08
3.1274301408e-07
5.77392458259e-06
0.000145189360043
0.00637795404592
0.395367746286
49.4855834873
153.68427615
151.8040111
147.804751313
143.870816448
142.005872657
138.96276556
127.690007077
200
200
200
200
200
200
200
200
200
200
200
200
200
200
200
200
200
200
200
200
200
200
200
200
200
200
200
200
200
200
200
200
200
200
200
200
200
200
200
200
200
200
200
200
200
200
200
200
200
200
200
3.88433496675e-18
0
0
0
0
0
0
0
0
0
0
0
0
0
0
0
2.96400677536e-21
8.14279114418e-21
3.61707003314e-20
1.52437456715e-19
6.19940537955e-19
2.55873150885e-18
1.06123880124e-17
4.51183882594e-17
2.14173308705e-16
1.06155167497e-15
5.82154723286e-15
3.57469842032e-14
2.54930555818e-13
1.84449976672e-12
1.51220279288e-11
1.46672573894e-10
1.72000986844e-09
2.5812196488e-08
6.01800167553e-07
1.78383010084e-05
0.000746705986452
0.0650975131693
11.4196038315
148.210577735
149.764333335
146.849306666
142.346029983
140.265101796
128.797959943
200
200
200
200
200
200
200
200
200
200
200
200
200
200
200
200
200
200
200
200
200
200
200
200
200
200
200
200
200
200
200
200
200
200
200
200
200
200
200
200
200
200
200
200
200
200
200
200
200
200
4.16679141851e-23
0
0
0
0
0
0
0
0
0
0
0
0
0
0
0
0
0
0
2.85675398477e-22
4.60606317427e-21
1.30395414624e-20
5.83901766868e-20
3.21628460218e-19
1.28657565941e-18
6.53620062435e-18
2.96732124642e-17
1.55404467424e-16
7.92654179666e-16
4.69190451537e-15
2.90764050832e-14
2.13426392399e-13
1.71680531445e-12
1.64811781356e-11
2.0206695522e-10
3.53296842588e-09
7.87937626931e-08
2.62565468788e-06
0.000150447430732
0.0155973288928
3.87154803573
142.061592389
148.757765799
143.399642219
141.305967023
129.219541168
200
200
200
200
200
200
200
200
200
200
200
200
200
200
200
200
200
200
200
200
200
200
200
200
200
200
200
200
200
200
200
200
200
200
200
200
200
200
200
200
200
200
200
200
200
200
200
200
200
0
0
0
0
0
0
0
0
0
0
0
0
0
0
0
0
0
0
0
0
0
0
0
2.86255007713e-21
8.42721304223e-21
4.51051557604e-20
2.24699306006e-19
9.28837764385e-19
4.95612224017e-18
2.37082069005e-17
1.26915796415e-16
6.77400282747e-16
4.51260971755e-15
3.16862431436e-14
2.62908341369e-13
2.58277476832e-12
3.54152769029e-11
5.86967026918e-10
1.53666230377e-08
5.57596566309e-07
3.84574544982e-05
0.00544434027441
2.12727740021
140.022944562
144.275445424
140.497654441
128.04996294
200
200
200
200
200
200
200
200
200
200
200
200
200
200
200
200
200
200
200
200
200
200
200
200
200
200
200
200
200
200
200
200
200
200
200
200
200
200
200
200
200
200
200
200
200
200
200
200
0
0
0
0
0
0
0
0
0
0
0
0
0
0
0
0
0
0
0
0
0
0
0
0
0
0
2.20784202934e-21
8.3611946371e-21
3.99832328323e-20
2.0407169689e-19
9.43571609764e-19
5.22046398305e-18
2.58805626394e-17
1.48633175075e-16
9.54290997227e-16
6.45846118598e-15
5.33407357823e-14
5.91468427707e-13
7.18019280107e-12
1.25543947086e-10
3.36101121772e-09
1.61104165104e-07
1.42954071761e-05
0.00290218110649
2.75451325024
138.480043365
138.234168538
125.18570209
200
200
200
200
200
200
200
200
200
200
200
200
200
200
200
200
200
200
200
200
200
200
200
200
200
200
200
200
200
200
200
200
200
200
200
200
200
200
200
200
200
200
200
200
200
200
200
0
0
0
0
0
0
0
0
0
0
0
0
0
0
0
0
0
0
0
0
0
0
0
0
0
0
0
0
0
2.10453520496e-21
9.37481139531e-21
4.94769631855e-20
2.6383524225e-19
1.28600677707e-18
7.72641672545e-18
4.20247297529e-17
2.65288487513e-16
1.79228661019e-15
1.41042591114e-14
1.56593641154e-13
1.93672195166e-12
3.87672370896e-11
1.19561564531e-09
6.6050985132e-08
8.08468583433e-06
0.00324327480454
10.1645288433
134.10909378
121.309694479
200
200
200
200
200
200
200
200
200
200
200
200
200
200
200
200
200
200
200
200
200
200
200
200
200
200
200
200
200
200
200
200
200
200
200
200
200
200
200
200
200
200
200
200
200
200
0
0
0
0
0
0
0
0
0
0
0
0
0
0
0
0
0
0
0
0
0
0
0
0
0
0
0
0
0
0
0
0
2.75283391406e-21
1.29361670932e-20
7.18112990859e-20
4.07346988788e-19
2.38314024995e-18
1.3513439725e-17
9.09952696589e-17
6.07915133071e-16
5.20904439373e-15
5.08608646635e-14
7.586668097e-13
1.5953122307e-11
5.59107573435e-10
3.90676237213e-08
8.34180675907e-06
0.00880980242686
88.1830731639
116.313972945
200
200
200
200
200
200
200
200
200
200
200
200
200
200
200
200
200
200
200
200
200
200
200
200
200
200
200
200
200
200
200
200
200
200
200
200
200
200
200
200
200
200
200
200
200
0
0
0
0
0
0
0
0
0
0
0
0
0
0
0
0
0
0
0
0
0
0
0
0
0
0
0
0
0
0
0
0
0
0
0
4.43084835636e-21
2.28223498867e-20
1.77944271087e-19
9.25365560923e-19
5.8569653884e-18
3.99912071064e-17
2.50040683388e-16
2.09459236754e-15
2.37457400436e-14
3.69634856712e-13
8.23964566546e-12
3.4032196699e-10
3.76525938979e-08
1.77583805637e-05
0.0960090087806
108.098178755
200
200
200
200
200
200
200
200
200
200
200
200
200
200
200
200
200
200
200
200
200
200
200
200
200
200
200
200
200
200
200
200
200
200
200
200
200
200
200
200
200
200
200
200
200
0
0
0
0
0
0
0
0
0
0
0
0
0
0
0
0
0
0
0
0
0
0
0
0
0
0
0
0
0
0
0
0
0
0
0
0
1.34521266205e-21
9.91093321397e-21
7.26658495806e-20
4.41799196668e-19
2.9782447842e-18
1.97137659633e-17
1.36889105124e-16
1.1455999307e-15
1.24971329873e-14
2.05086618431e-13
5.09045434064e-12
3.15376296656e-10
6.82533086372e-08
0.000127007370463
38.6056547753
200
200
200
200
200
200
200
200
200
200
200
200
200
200
200
200
200
200
200
200
200
200
200
200
200
200
200
200
200
200
200
200
200
200
200
200
200
200
200
200
200
200
200
200
200
0
0
0
0
0
0
0
0
0
0
0
0
0
0
0
0
0
0
0
0
0
0
0
0
0
0
0
0
0
0
0
0
0
0
0
0
0
0
4.69688157665e-21
3.94780010574e-20
2.37353745288e-19
1.77554933301e-18
1.11340585226e-17
7.27139930329e-17
6.04088654657e-16
7.69858435056e-15
1.34190036454e-13
4.79251031571e-12
4.90411278685e-10
3.73692507945e-07
0.0124451715961
200
200
200
200
200
200
200
200
200
200
200
200
200
200
200
200
200
200
200
200
200
200
200
200
200
200
200
200
200
200
200
200
200
200
200
200
200
200
200
200
200
200
200
200
0
0
0
0
0
0
0
0
0
0
0
0
0
0
0
0
0
0
0
0
0
0
0
0
0
0
0
0
0
0
0
0
0
0
0
0
0
0
0
0
2.1102190603e-21
2.4636910896e-20
1.71334699431e-19
1.20866457723e-18
7.42868506756e-18
5.95688797856e-17
4.64027070164e-16
6.26898859202e-15
1.46064538654e-13
6.93547964153e-12
1.99290841755e-09
1.23665601173e-05
200
200
200
200
200
200
200
200
200
200
200
200
200
200
200
200
200
200
200
200
200
200
200
200
200
200
200
200
200
200
200
200
200
200
200
200
200
200
200
200
200
200
200
200
0
0
0
0
0
0
0
0
0
0
0
1.99015957197e-21
9.95708765063e-21
1.53541531854e-20
2.63449165943e-20
0
0
0
0
0
0
0
0
0
0
0
0
0
0
0
0
0
0
0
0
0
0
0
0
0
0
8.93989252321e-22
1.69690962428e-20
1.51866390341e-19
1.00856187975e-18
6.69629677665e-18
5.20863110218e-17
5.02137810451e-16
7.33163048222e-15
2.00136934389e-13
2.27943120883e-11
3.22913317559e-08
200
200
200
2.52842744966e-24
0
0
0
0
0
0
0
0
0
0
0
0
0
0
0
0
0
0
0
3.16003968763e-19
4.58479695483e-17
200
200
200
200
200
200
200
200
200
200
200
200
200
200
200
200
200
200
200
0
0
0
0
0
0
0
0
0
6.90487388135e-21
1.14497021318e-19
7.0599241836e-19
5.05044756665e-18
3.32538306639e-17
6.31844510482e-17
8.85680775538e-17
2.38187410284e-18
1.61740753849e-19
0
0
0
0
0
0
0
0
0
0
0
0
0
0
0
0
0
0
0
0
0
0
0
0
1.57778746217e-22
1.42598596508e-20
1.14105544432e-19
8.05755826062e-19
6.47750079749e-18
5.22229311784e-17
5.08615971764e-16
1.03455462948e-14
5.46896945233e-13
2.16342076322e-10
3.14784962068e-25
1.65676295825e-25
0
0
0
0
0
0
0
0
0
0
0
0
0
0
0
0
0
0
0
0
0
0
0
0
0
0
0
0
1.81462984055e-18
2.48478945057e-16
200
200
200
200
200
200
200
200
200
200
200
0
0
0
0
0
0
0
0
1.7249577582e-21
1.48969499563e-19
7.53852731213e-18
6.6162267257e-16
200
200
200
200
200
200
200
200
199.999999999
199.999949944
157.450516093
0
0
0
0
0
0
0
0
0
0
0
0
0
0
0
0
0
0
0
0
0
6.20018178203e-24
1.65699040841e-20
1.31100082196e-19
1.16582480548e-18
8.82329742335e-18
7.41745635458e-17
9.61146195233e-16
2.59159396266e-14
3.55665379348e-12
0
0
0
0
0
0
0
0
0
0
0
0
0
0
0
0
0
0
0
0
0
0
0
0
0
0
0
0
0
0
0
0
0
0
0
2.4902869733e-18
1.21909638813e-16
200
200
200
200
200
200
0
0
0
0
0
0
0
1.86432106066e-20
4.34546564384e-18
3.31624914443e-15
200
200
200
200
200
200
200
200
200
200
200
200
199.999999999
187.077836222
0
0
0
0
0
0
0
0
0
0
0
0
0
0
0
0
0
0
0
0
0
5.97361693472e-22
2.38065600517e-20
2.0984480088e-19
1.49261693219e-18
1.4033913074e-17
1.39247770667e-16
2.21913769465e-15
1.35144735466e-13
0
0
0
0
0
0
0
0
0
0
0
0
0
0
0
0
0
0
0
0
0
0
0
0
0
0
0
0
0
0
0
0
0
0
0
0
0
0
2.0486066716e-20
1.81499608061e-18
2.27723157543e-17
5.29027740934e-17
1.19233922661e-18
0
0
0
0
0
0
1.89380990941e-19
1.21061723411e-16
200
200
200
200
200
200
200
200
200
200
200
200
200
200
200
200
188.568718864
0
0
0
0
0
0
0
0
0
0
0
0
0
0
0
0
0
0
0
0
0
1.87370138809e-21
4.6339984066e-20
3.21565787926e-19
2.61892949849e-18
2.33194977139e-17
3.20254708674e-16
9.37072802045e-15
0
0
0
0
0
0
0
0
0
0
0
0
0
0
0
0
0
0
0
0
0
0
0
0
0
0
0
0
0
0
0
0
0
0
0
0
0
0
0
0
0
0
1.37316999863e-19
0
0
2.43938060545e-23
4.18840596332e-23
2.61565031564e-21
1.51213814376e-18
7.4832608303e-15
200
200
200
200
200
200
200
200
200
200
200
200
200
200
200
200
200
200
187.97830622
0
0
0
0
0
0
0
0
0
0
0
0
0
0
0
0
0
0
0
0
0
5.52756488686e-21
8.581296769e-20
7.195546253e-19
6.32433684125e-18
6.8215252611e-17
1.1038698039e-15
0
0
0
0
0
0
0
0
0
0
0
0
0
0
0
0
0
0
0
0
0
0
0
0
0
0
0
0
0
0
0
0
0
0
0
0
0
0
0
0
0
0
0
0
3.1012503754e-23
2.0269161134e-22
1.58263556561e-20
3.07633029916e-18
1.13827933759e-12
200
200
200
200
200
200
200
200
200
200
200
200
200
200
200
200
200
200
200
200
185.642040246
0
0
0
0
0
0
0
0
0
0
0
0
0
0
0
0
0
0
0
0
0
1.84637335488e-20
1.71087708202e-19
1.96538527318e-18
1.93588131629e-17
2.14100965153e-16
0
0
0
0
0
0
0
0
0
0
0
0
0
0
0
0
0
0
0
0
0
0
0
0
0
0
0
0
0
0
0
0
0
0
0
0
0
0
0
0
0
0
0
0
0
1.06056682811e-20
1.19156425733e-18
200
200
200
200
200
200
200
200
200
200
200
200
200
200
200
200
200
200
200
200
200
200
200
182.274123761
0
0
0
0
0
0
0
0
0
0
0
0
0
0
0
0
0
0
0
0
2.66330435796e-21
6.15391096336e-20
5.12264854913e-19
5.75621441041e-18
5.79895205031e-17
0
0
0
0
0
0
0
0
0
0
0
0
0
0
0
0
0
0
0
0
0
0
0
0
0
0
0
0
0
0
0
0
0
0
0
0
0
0
0
0
0
0
0
0
0
0
1.10448202372e-16
200
200
200
200
200
200
200
200
200
200
200
200
200
200
200
200
200
200
200
200
200
200
200
200
172.982965647
0
0
0
0
0
0
0
0
0
0
0
0
0
0
0
0
0
0
0
0
1.67367498347e-20
1.97750573004e-19
2.1840121585e-18
1.95312160751e-17
0
0
0
0
0
0
0
0
0
0
0
0
0
0
0
0
0
0
0
0
0
0
0
0
0
0
0
0
0
0
0
0
0
0
0
0
0
0
0
0
0
0
0
0
0
0
0
0
2.30779718937e-24
200
200
200
200
200
200
200
200
200
200
200
200
200
200
200
200
200
200
200
200
200
200
200
108.91278441
0
0
0
0
0
0
0
0
0
0
0
0
0
0
0
0
0
0
0
4.60906826445e-21
8.52830916294e-20
9.50942279857e-19
7.98263880265e-18
0
0
0
0
0
0
0
0
0
0
0
0
0
0
0
0
0
0
0
0
0
0
0
0
0
0
0
0
0
0
0
0
0
0
0
0
0
0
0
0
0
0
0
0
0
0
0
0
0
2.07701747043e-24
2.78104855043e-23
1.59857193517e-17
200
200
200
200
200
200
200
200
200
200
200
200
200
200
200
200
200
200
200
200
199.999998567
0
0
0
0
0
0
0
0
0
0
0
0
0
0
0
0
0
0
0
1.14953706805e-21
4.17466266231e-20
4.68080426835e-19
3.84716668209e-18
0
0
0
0
0
0
0
0
0
0
0
0
0
0
0
0
0
0
0
0
0
0
0
0
0
0
0
0
0
0
0
0
0
0
0
0
0
0
0
0
0
0
0
0
0
0
0
0
0
0
1.86931572339e-24
1.05007336336e-23
1.29133587873e-22
5.88921408978e-17
200
200
200
200
200
200
200
200
200
200
200
200
200
200
200
200
200
200
200
144.758110194
0
0
0
0
0
0
0
0
0
0
0
0
0
0
0
0
0
0
0
1.90384425586e-20
2.34786539934e-19
2.1237682108e-18
0
0
0
0
0
0
0
0
0
0
0
0
0
0
0
0
0
0
0
0
0
0
0
0
0
0
0
0
0
0
0
0
0
0
0
0
0
0
0
0
0
0
0
0
0
0
0
0
0
0
0
3.55169987444e-24
7.93651453425e-24
1.10915162509e-22
3.18337648734e-22
1.20910160052e-15
200
200
200
200
200
200
200
200
200
200
200
200
200
200
200
200
200
199.999998942
0
0
0
0
0
0
0
0
0
0
0
0
0
0
0
0
0
0
0
9.34674498452e-21
1.28333183879e-19
1.31042433802e-18
0
0
0
0
0
0
0
0
0
0
0
0
0
0
0
0
0
0
0
0
0
0
0
0
0
0
0
0
0
0
0
0
0
0
0
0
0
0
0
0
0
0
0
0
0
0
0
0
0
0
0
0
3.196529887e-24
7.14286308083e-24
9.84609150958e-23
2.16926553409e-22
2.42266663875e-17
200
200
200
200
200
200
200
200
200
200
200
200
200
200
200
200
200
42.3285745048
0
0
0
0
0
0
0
0
0
0
0
0
0
0
0
0
0
0
5.71494033127e-21
9.65880312086e-20
8.85812736407e-19
0
0
0
0
0
0
0
0
0
0
0
0
0
0
0
0
0
0
0
0
0
0
0
0
0
0
0
0
0
0
0
0
0
0
0
0
0
0
0
0
0
0
0
0
0
0
0
0
0
0
0
0
0
4.55926104935e-24
1.55961349564e-23
7.55799609e-23
1.17258061065e-22
2.35591778683e-18
200
200
200
200
200
200
200
200
200
200
200
200
200
200
200
200
199.999997315
0
0
0
0
0
0
0
0
0
0
0
0
0
0
0
0
0
0
3.38716227966e-21
7.75973369144e-20
6.61067520558e-19
0
0
0
0
0
0
0
0
0
0
0
0
0
0
0
0
0
0
0
0
0
0
0
0
0
0
0
0
0
0
0
0
0
0
0
0
0
0
0
0
0
0
0
0
0
0
0
0
0
0
0
0
0
1.36273116235e-24
2.8768768983e-24
2.38623178485e-23
6.35578899395e-23
1.05001581717e-22
1.02066419248e-22
200
200
200
200
200
200
200
200
200
200
200
200
200
200
200
200
0
0
0
0
0
0
0
0
0
0
0
0
0
0
0
0
0
0
2.80163877007e-21
6.25856541855e-20
5.43332513129e-19
0
0
0
0
0
0
0
0
0
0
0
0
0
0
0
0
0
0
0
0
0
0
0
0
0
0
0
0
0
0
0
0
0
0
0
0
0
0
0
0
0
0
0
0
0
0
0
0
0
0
0
0
0
1.36273116235e-24
2.58918920847e-24
2.58918920847e-24
2.51973044452e-23
6.12235345931e-23
9.23156038653e-23
8.80002142569e-23
200
200
200
200
200
200
200
200
200
200
200
200
200
200
200
0
0
0
0
0
0
0
0
0
0
0
0
0
0
0
0
0
0
2.58306248321e-21
6.12919064676e-20
5.03797297168e-19
0
0
0
0
0
0
0
0
0
0
0
0
0
0
0
0
0
0
0
0
0
0
0
0
0
0
0
0
0
0
0
0
0
0
0
0
0
0
0
0
0
0
0
0
0
0
0
0
0
0
0
0
0
0
2.58918920847e-24
2.58918920847e-24
2.58918920847e-24
3.05584495818e-23
7.03026809574e-23
7.58450919689e-23
3.88046549961e-19
200
200
200
200
200
200
200
200
200
200
200
200
200
200
0
0
0
0
0
0
0
0
0
0
0
0
0
0
0
0
0
0
2.64409637114e-21
6.06648658759e-20
5.15794627559e-19
0
0
0
0
0
0
0
0
0
0
0
0
0
0
0
0
0
0
0
0
0
0
0
0
0
0
0
0
0
0
0
0
0
0
0
0
0
0
0
0
0
0
0
0
0
0
0
0
0
0
0
0
0
0
0
2.58918920847e-24
2.58918920847e-24
2.58918920847e-24
3.65152775114e-23
5.4899065921e-23
5.30568254998e-23
8.29046054079e-18
200
200
200
200
200
200
200
200
200
200
200
200
200
0
0
0
0
0
0
0
0
0
0
0
0
0
0
0
0
0
0
3.67558515328e-21
6.34419070452e-20
5.69101182644e-19
0
0
0
0
0
0
0
0
0
0
0
0
0
0
0
0
0
0
0
0
0
0
0
0
0
0
0
0
0
0
0
0
0
0
0
0
0
0
0
0
0
0
0
0
0
0
0
0
0
0
0
0
0
0
0
0
0
1.36273116235e-24
4.10333494442e-24
3.4636814417e-23
4.56981943102e-23
3.28941842736e-23
200
200
200
200
200
200
200
200
200
200
200
200
200
0
0
0
0
0
0
0
0
0
0
0
0
0
0
0
0
0
0
5.04672347314e-21
8.59171166857e-20
6.70535257788e-19
0
0
0
0
0
0
0
0
0
0
0
0
0
0
0
0
0
0
0
0
0
0
0
0
0
0
0
0
0
0
0
0
0
0
0
0
0
0
0
0
0
0
0
0
0
0
0
0
0
0
0
0
0
0
0
0
0
0
7.14286308083e-24
9.4506602702e-24
8.50559424318e-24
1.71873170673e-23
2.20983018644e-21
200
200
200
200
200
200
200
200
200
200
200
200
0
0
0
0
0
0
0
0
0
0
0
0
0
0
0
0
0
0
7.42216117881e-21
1.10893584318e-19
8.40897412383e-19
0
0
0
0
0
0
0
0
0
0
0
0
0
0
0
0
0
0
0
0
0
0
0
0
0
0
0
0
0
0
0
0
0
0
0
0
0
0
0
0
0
0
0
0
0
0
0
0
0
0
0
0
0
0
0
0
0
0
1.86931572339e-24
7.93651453425e-24
1.20148793695e-23
9.4506602702e-24
4.70642214473e-22
200
200
200
200
200
200
200
200
200
200
200
200
0
0
0
0
0
0
0
0
0
0
0
0
0
0
0
0
0
0
1.26729383163e-20
1.41365525506e-19
1.03856536417e-18
0
0
0
0
0
0
0
0
0
0
0
0
0
0
0
0
0
0
0
0
0
0
0
0
0
0
0
0
0
0
0
0
0
0
0
0
0
0
0
0
0
0
0
0
0
0
0
0
0
0
0
0
0
0
0
0
0
0
0
0
8.8183494825e-24
1.33498659661e-23
1.9108166443e-22
4.01353658468e-21
200
200
200
200
200
200
200
200
200
200
200
1.36273116235e-24
0
0
0
0
0
0
0
0
0
0
0
0
0
0
0
0
7.04526097804e-22
2.21347755346e-20
2.03135298367e-19
1.23190928351e-18
0
0
0
0
0
0
0
0
0
0
0
0
0
0
0
0
0
0
0
0
0
0
0
0
0
0
0
0
0
0
0
0
0
0
0
0
0
0
0
0
0
0
0
0
0
0
0
0
0
0
0
0
0
0
0
0
0
0
0
0
0
9.79816609167e-24
2.15478663069e-22
1.50929104155e-21
200
200
200
200
200
200
200
200
200
200
200
1.36273116235e-24
1.36273116235e-24
0
0
0
0
0
0
0
0
0
0
0
0
0
0
0
2.22574244241e-21
3.68191518137e-20
3.0598749667e-19
3.18122189099e-18
0
0
0
0
0
0
0
0
0
0
0
0
0
0
0
0
0
0
0
0
0
0
0
0
0
0
0
0
0
0
0
0
0
0
0
0
0
0
0
0
0
0
0
0
0
0
0
0
0
0
0
0
0
0
0
0
0
0
0
0
0
0
9.30933089444e-23
5.00800621289e-22
200
200
200
200
200
200
200
200
200
200
200
1.36273116235e-24
1.36273116235e-24
1.36273116235e-24
0
0
0
0
0
0
0
0
0
0
0
0
0
0
5.64628939952e-21
5.85024004553e-20
4.16828286802e-19
1.03280633705e-17
0
0
0
0
0
0
0
0
0
0
0
0
0
0
0
0
0
0
0
0
0
0
0
0
0
0
0
0
0
0
0
0
0
0
0
0
0
0
0
0
0
0
0
0
0
0
0
0
0
0
0
0
0
0
0
0
0
0
0
0
0
0
0
4.72575336393e-22
200
200
200
200
200
200
200
200
200
200
0
1.22645804612e-24
1.36273116235e-24
1.36273116235e-24
1.36273116235e-24
0
0
0
0
0
0
0
0
0
0
0
0
6.09824736287e-23
1.03217641776e-20
1.05550132642e-19
5.27577194423e-19
1.86561587638e-17
0
0
0
0
0
0
0
0
0
0
0
0
0
0
0
0
0
0
0
0
0
0
0
0
0
0
0
0
0
0
0
0
0
0
0
0
0
0
0
0
0
0
0
0
0
0
0
0
0
0
0
0
0
0
0
0
0
0
0
0
0
0
0
4.31990398159e-22
200
200
200
200
200
200
200
200
200
200
0
0
1.22645804612e-24
1.36273116235e-24
1.36273116235e-24
0
0
0
0
0
0
0
0
0
0
0
0
1.80497474261e-21
1.75153861222e-20
1.35851970561e-19
5.7358783132e-19
3.09583375236e-17
0
0
0
0
0
0
0
0
0
0
0
0
0
0
0
0
0
0
0
0
0
0
0
0
0
0
0
0
0
0
0
0
0
0
0
0
0
0
0
0
0
0
0
0
0
0
0
0
0
0
0
0
0
0
0
0
0
0
0
0
0
0
0
0
200
200
200
200
200
200
200
200
200
0
0
0
0
1.36273116235e-24
1.36273116235e-24
1.36273116235e-24
0
0
0
0
0
0
0
0
0
0
0
3.69237831219e-21
3.69287947212e-20
1.80148415787e-19
1.19768351503e-18
4.33990094542e-17
0
0
0
0
0
0
0
0
0
0
0
0
0
0
0
0
0
0
0
0
0
0
0
0
0
0
0
0
0
0
0
0
0
0
0
0
0
0
0
0
0
0
0
0
0
0
0
0
0
0
0
0
0
0
0
0
0
0
0
0
0
0
0
0
200
200
200
200
200
200
200
200
0
0
0
0
0
0
1.36273116235e-24
1.36273116235e-24
0
0
0
0
0
0
0
0
0
0
9.54663351632e-22
6.95480712056e-21
4.24751665748e-20
1.72120273565e-19
2.66087037572e-18
6.72646954313e-17
0
0
0
0
0
0
0
0
0
0
0
0
0
0
0
0
0
0
0
0
0
0
0
0
0
0
0
0
0
0
0
0
0
0
0
0
0
0
0
0
0
0
0
0
0
0
0
0
0
0
0
0
0
0
0
0
0
0
0
0
0
0
0
0
200
200
200
200
200
200
200
0
0
0
0
0
0
0
0
1.36273116235e-24
0
0
0
0
0
0
0
0
0
0
2.67854859329e-21
1.42597539694e-20
4.94449312099e-20
1.20257832493e-19
3.14094842716e-18
1.00273587265e-16
0
0
0
0
0
0
0
0
0
0
0
0
0
0
0
0
0
0
0
0
0
0
0
0
0
0
0
0
0
0
0
0
0
0
0
0
0
0
0
0
0
0
0
0
0
0
0
0
0
0
0
0
0
0
0
0
0
0
0
0
0
0
0
7.09695810737
200
200
200
200
200
200
0
0
0
0
0
0
0
0
0
0
0
0
0
0
0
0
0
0
0
1.05701053396e-21
3.93981431927e-21
1.58382097905e-20
2.93186735728e-20
2.69416447239e-19
4.80873638272e-18
1.42056183239e-16
0
0
0
0
0
0
0
0
0
0
0
0
0
0
0
0
0
0
0
0
0
0
0
0
0
0
0
0
0
0
0
0
0
0
0
0
0
0
0
0
0
0
0
0
0
0
0
0
0
0
0
0
0
0
0
0
0
0
0
0
0
0
0
200
200
200
200
200
200
0
0
0
0
0
0
0
0
0
0
0
0
0
0
0
0
0
0
0
0
2.91254196602e-21
1.08397540327e-20
1.82087036815e-20
5.20848780813e-21
2.61356232463e-19
8.15557880179e-18
1.53022290691e-16
0
0
0
0
0
0
0
0
0
0
0
0
0
0
0
0
0
0
0
0
0
0
0
0
0
0
0
0
0
0
0
0
0
0
0
0
0
0
0
0
0
0
0
0
0
0
0
0
0
0
0
0
0
0
0
0
0
0
0
0
0
0
0
200
200
200
200
0
0
0
0
0
0
0
0
0
0
0
0
0
0
0
0
0
0
0
0
0
1.64463036669e-21
6.04892086149e-21
1.96713017463e-20
3.32421403119e-20
2.17688393601e-21
6.72059958729e-20
1.36335762039e-17
1.41126242871e-16
0
0
0
0
0
0
0
0
0
0
0
0
0
0
0
0
0
0
0
0
0
0
0
0
0
0
0
0
0
0
0
0
0
0
0
0
0
0
0
0
0
0
0
0
0
0
0
0
0
0
0
0
0
0
0
0
0
0
0
0
0
0
0
200
0
0
0
0
0
0
0
0
0
0
0
0
0
0
0
0
0
0
0
0
0
0
0
1.09991496059e-21
2.85407535549e-21
7.78778861343e-21
1.86207633798e-20
2.10824228481e-20
6.5709099854e-20
2.63981318142e-19
6.9000277786e-18
7.61576499182e-17
0
0
0
0
0
0
0
0
0
0
0
0
0
0
0
0
0
0
0
0
0
0
0
0
0
0
0
0
0
0
0
0
0
0
0
0
0
0
0
0
0
0
0
0
0
0
0
0
0
0
0
0
0
0
0
0
0
0
0
0
0
0
0
0
0
0
0
0
0
0
0
0
0
0
0
0
0
0
0
0
0
0
0
0
0
0
7.42237935749e-22
3.66336297479e-21
5.66891819436e-21
7.93034496144e-21
8.24921961369e-21
3.8621529379e-19
4.80575707457e-19
8.97922761225e-19
5.14936146619e-18
1.21821736426e-16
3.14784962068e-25
0
0
0
0
0
0
0
0
0
0
0
0
0
0
0
0
0
0
0
0
0
0
0
0
0
0
0
0
0
0
0
0
0
0
0
0
0
0
0
0
0
0
0
0
0
0
0
0
0
0
0
0
0
0
0
0
0
0
0
0
0
0
0
0
0
0
0
0
0
0
0
0
0
0
0
0
0
0
0
0
0
0
0
0
6.5977928282e-22
4.01114245328e-21
6.04536362739e-21
6.59782908544e-21
1.31274429315e-20
9.57620030615e-20
1.06934144782e-19
1.61340401523e-19
3.79751859093e-19
2.22755261357e-18
7.11697795337e-17
200
200
7.57999737313e-25
0
0
0
0
0
0
0
0
0
0
0
0
0
0
0
0
0
0
0
0
0
0
0
0
0
0
0
0
0
0
0
0
0
0
0
0
0
0
0
0
0
0
0
0
0
0
0
0
0
0
0
0
0
0
0
0
0
0
0
0
0
0
0
0
0
0
0
0
0
0
0
0
0
0
0
0
0
0
0
0
0
1.047371016e-21
4.47477602597e-21
4.43642425374e-21
8.22262077064e-21
3.97951750539e-20
3.53989706602e-20
3.82552004882e-20
6.0804398006e-20
1.06952612824e-19
2.60012481046e-19
1.45493512617e-18
6.53519230449e-17
200
200
200
200
200
0
0
0
0
0
0
0
0
0
0
0
0
0
0
0
0
0
0
0
0
0
0
0
0
0
0
0
0
0
0
0
0
0
0
0
0
0
0
0
0
0
0
0
0
0
0
0
0
0
0
0
0
0
0
0
0
0
0
0
0
0
0
0
0
0
0
0
0
0
0
0
0
0
0
4.55926104935e-24
5.06584561039e-24
3.196529887e-24
5.09730527279e-22
3.5275969319e-21
4.59021149775e-21
4.47992317646e-21
2.31877928252e-20
2.21270181693e-20
2.25317623394e-20
2.61969304827e-20
3.32509076384e-20
4.45642435736e-20
6.26449046677e-20
1.1306179831e-19
5.67912217806e-19
4.63337476563e-17
200
200
200
200
200
33.1603330989
5.1827604139e-24
0
0
0
0
0
0
0
0
0
0
0
0
0
0
0
0
0
0
0
0
0
0
0
0
0
0
0
0
0
0
0
0
0
0
0
0
0
0
0
0
0
0
0
0
0
0
0
0
0
0
0
0
0
0
0
0
0
0
0
0
0
0
0
0
0
0
1.97133828828e-21
2.5138877666e-21
1.65281580476e-20
2.52243096347e-20
5.59978666785e-20
7.38830409404e-20
8.52502377222e-20
9.14753977687e-20
6.24654857194e-20
1.16908799184e-20
3.9736481371e-21
2.2305473463e-20
1.64335658277e-20
1.55990743453e-20
1.75161597108e-20
2.06208008919e-20
2.40365219707e-20
2.8729421814e-20
3.57024826727e-20
4.50433122857e-20
6.1617534882e-20
1.32809022651e-19
2.75330832306e-17
200
200
200
200
6.15517911797e-14
3.79796777279e-18
2.81153724666e-17
7.94060812975e-18
1.37600130214e-24
0
0
0
0
0
0
0
0
0
0
0
0
0
0
0
0
0
0
0
0
0
0
0
0
0
0
0
0
0
0
0
0
0
0
0
0
0
0
0
0
0
0
0
0
0
0
0
0
0
0
0
0
0
0
0
0
0
0
0
0
0
0
2.14077760204e-20
1.13304096473e-19
2.31124520555e-19
3.53414850145e-19
4.21361959537e-19
4.53512851505e-19
5.06920435935e-19
4.52570884661e-19
4.06202181194e-19
2.85830794084e-19
1.11617390647e-19
4.63072388461e-20
2.05217655829e-20
1.40755941333e-20
1.40524813807e-20
1.55100271549e-20
1.71923533229e-20
1.93963043134e-20
2.20707592527e-20
2.54740778865e-20
2.99582379609e-20
3.55791111049e-20
4.33460490469e-20
5.97131559426e-20
1.30004029893e-17
200
200
200
4.03841301931e-14
5.87822636135e-17
6.43189377633e-18
9.98368412387e-19
6.82218600159e-21
1.42650858867e-20
1.48476641171e-22
0
0
0
0
0
0
0
0
0
0
0
0
0
0
0
0
0
0
0
0
0
0
0
0
0
0
0
0
0
0
0
0
0
0
0
0
0
0
0
0
0
0
0
0
0
0
0
0
0
0
0
0
0
0
0
0
0
0
0
0
0
1.04021359734e-19
3.00851237694e-19
3.25389928212e-19
3.37055804459e-19
3.66218688859e-19
3.91974056657e-19
4.16401563289e-19
4.24603588154e-19
4.0443412962e-19
3.62625975721e-19
2.90645935008e-19
6.20269257649e-20
2.38455892675e-20
1.77564406772e-20
1.60175163544e-20
1.6214058102e-20
1.71843143029e-20
1.87810174087e-20
2.0803275037e-20
2.33211332541e-20
2.63908426593e-20
3.00916481192e-20
3.45862585898e-20
4.12958639631e-20
5.22880640872e-18
200
21.9287438195
1.56456394664e-14
9.95482811168e-17
9.24661596134e-18
3.21239237607e-19
1.76139714754e-20
4.47507134076e-21
2.64102414716e-21
6.138216175e-21
8.42063623386e-21
6.20057820328e-24
0
0
0
0
0
0
0
0
0
0
0
0
0
0
0
0
0
0
0
0
0
0
0
0
0
0
0
0
0
0
0
0
0
0
0
0
0
0
0
0
0
0
0
0
0
0
0
0
0
0
0
0
0
0
0
0
0
0
0
2.3860591668e-19
3.48824538861e-19
3.64188072957e-19
3.76066103373e-19
3.94601295665e-19
4.10879765428e-19
4.28765768267e-19
4.40639222562e-19
4.56667776965e-19
4.62551283698e-19
4.30346359462e-19
1.91688929736e-19
3.90663616355e-20
2.34198647654e-20
1.86502293428e-20
1.75382597015e-20
1.77626749861e-20
1.86726609286e-20
2.01171746978e-20
2.19883378927e-20
2.41788026152e-20
2.67475669571e-20
2.96328398359e-20
3.34511063927e-20
1.94330715593e-18
3.30518175112e-13
5.80245062224e-15
1.36554569932e-16
1.08924710944e-17
6.74948240771e-19
2.47227921329e-20
6.11944520499e-21
3.53543090537e-21
2.93512941178e-21
3.62323168223e-21
2.93365875962e-21
4.97013948179e-21
7.36655260378e-23
0
0
0
0
0
0
0
0
0
0
0
0
0
0
0
0
0
0
0
0
0
0
0
0
0
0
0
0
0
0
0
0
0
0
0
0
0
0
0
0
0
0
0
0
0
0
0
0
0
0
0
0
0
0
0
0
0
0
2.1680419418e-19
3.83007163725e-19
3.8761572195e-19
4.14754730835e-19
4.29426525936e-19
4.39142109598e-19
4.51668434251e-19
4.6456937809e-19
4.84510845792e-19
5.18585465303e-19
5.4485992088e-19
3.54299363295e-19
6.14271670561e-20
3.00329940631e-20
2.21750946508e-20
1.94895324059e-20
1.88336999686e-20
1.91053318442e-20
2.00142590979e-20
2.13131292519e-20
2.29150942541e-20
2.47734748473e-20
2.67592928652e-20
2.92496897154e-20
5.770104888e-19
1.6843433949e-15
1.47255808315e-16
1.40146787369e-17
1.07583418859e-18
3.19593327188e-20
5.50740983159e-21
3.48950230529e-21
2.64161647061e-21
2.37692173245e-21
2.37660998327e-21
2.19420218082e-21
1.92282770504e-21
4.47259758364e-21
1.18466995495e-21
0
0
0
0
0
0
0
0
0
0
0
0
0
0
0
0
0
0
0
0
0
0
0
0
0
0
0
0
0
0
0
0
0
0
0
0
0
0
0
0
0
0
0
0
0
0
0
0
0
0
0
0
0
0
0
0
0
0
5.84787898423e-19
4.54066879265e-19
4.78941200514e-19
4.85483815859e-19
4.85803246563e-19
4.92360757501e-19
5.00655449049e-19
5.21007407628e-19
5.45227254327e-19
5.92625385524e-19
5.13440046921e-19
1.31778240242e-19
3.91477825814e-20
2.6323544598e-20
2.19087263125e-20
2.03414587969e-20
2.0016067616e-20
2.03789345562e-20
2.13215159206e-20
2.25116046342e-20
2.38849123967e-20
2.53028413976e-20
199.996595312
199.999654467
1.76822612682e-16
1.75445995671e-17
1.5843941449e-18
1.1113669011e-20
4.30661545103e-21
2.9669052714e-21
2.37745482355e-21
2.1392295592e-21
1.92477351219e-21
1.92446176301e-21
1.9237304995e-21
2.13747833278e-21
3.0160276604e-21
7.33818416845e-21
3.75028566493e-21
0
0
0
0
0
0
0
0
0
0
0
0
0
0
0
0
0
0
0
0
0
0
0
0
0
0
0
0
0
0
0
0
0
0
0
0
0
0
0
0
0
0
0
0
0
0
0
0
0
0
0
0
0
0
0
0
0
9.79529928241e-19
6.30074608157e-19
6.04501830695e-19
5.7469190149e-19
5.54740632966e-19
5.46949638176e-19
5.51120249798e-19
5.58866325399e-19
5.78852573329e-19
6.08512346518e-19
6.50131517503e-19
2.43300034786e-19
5.1296579614e-20
3.12013430396e-20
2.48074561118e-20
2.22276216868e-20
2.12187128519e-20
2.12400928951e-20
2.17272670403e-20
2.25956796077e-20
199.999409391
199.999994176
199.999999435
199.999999716
2.89361381835e-17
2.03835467651e-18
4.04702895045e-21
3.1743239495e-21
2.54039423609e-21
2.1371580586e-21
1.82335021649e-21
1.71121386308e-21
1.55881402803e-21
1.55853345377e-21
1.67806066174e-21
1.90209329804e-21
2.51199012024e-21
5.64852019241e-21
1.38564141074e-19
1.76157653205e-20
0
0
0
0
0
0
0
0
0
0
0
0
0
0
0
0
0
0
0
0
0
0
0
0
0
0
0
0
0
0
0
0
0
0
0
0
0
0
0
0
0
0
0
0
0
0
0
0
0
0
0
0
0
0
0
0
1.04267240377e-18
8.56950218628e-19
7.54531469138e-19
6.92122251616e-19
6.43112916274e-19
6.21345940528e-19
6.07732704743e-19
6.04879369297e-19
6.14314095236e-19
6.34126647046e-19
7.313592846e-19
3.54609644083e-19
6.5398786973e-20
3.65877865418e-20
2.80465862414e-20
2.44310207071e-20
2.29307218824e-20
2.24767732489e-20
199.999696946
199.99999745
199.999999884
199.999999985
199.999999996
199.999999997
2.83932642091e-18
2.5280422291e-21
2.28049778304e-21
2.00558174279e-21
1.7370350745e-21
1.55923222117e-21
1.40293262523e-21
1.36117175981e-21
1.27988458242e-21
1.30259313529e-21
1.40208778495e-21
1.55749044109e-21
2.13623952865e-21
3.46831472208e-17
1.23550463579e-17
3.88099139681e-18
3.01795439491e-20
0
0
0
0
0
0
0
0
0
0
0
0
0
0
0
0
0
0
0
0
0
0
0
0
0
0
0
0
0
0
0
0
0
0
0
0
0
0
0
0
0
0
0
0
0
0
0
0
0
0
0
0
0
0
0
1.09915634315e-18
1.06019453889e-18
9.10881590809e-19
8.23145398726e-19
7.5953162221e-19
7.07651910639e-19
6.7344558388e-19
6.55350884877e-19
6.50833510852e-19
6.57954587727e-19
7.34971875753e-19
4.09970473771e-19
7.84599756733e-20
4.22621684334e-20
3.15671042847e-20
2.69887283101e-20
199.999983499
199.999998606
199.999999938
199.999999994
199.999999999
200
200
200
1.73941689544e-21
1.66723085884e-21
1.56776988459e-21
1.44450762646e-21
1.32923883697e-21
1.24503601043e-21
1.13594362265e-21
1.12641205411e-21
1.08674163795e-21
1.11376777897e-21
1.13509878237e-21
1.28599404832e-21
5.47226079169e-12
2.34689418539e-11
3.40481156208e-13
2.50858750496e-15
9.93019405009e-17
8.28939981545e-21
0
0
0
0
0
0
0
0
0
0
0
0
0
0
0
0
0
0
0
0
0
0
0
0
0
0
0
0
0
0
0
0
0
0
0
0
0
0
0
0
0
0
0
0
0
0
0
0
0
0
0
0
0
0
9.47569798231e-19
1.23451240191e-18
1.04562261055e-18
9.47155993958e-19
8.72291929643e-19
7.9949424208e-19
7.4451352875e-19
7.05475753834e-19
6.82744991409e-19
6.72864359693e-19
7.28590190452e-19
3.96898289089e-19
199.999649866
199.999993747
199.999998825
199.999999897
199.999999984
199.999999997
199.999999999
200
200
200
200
200
1.26994760344e-21
1.23141076958e-21
1.1836396639e-21
1.12998835057e-21
1.05556509669e-21
1.014358628e-21
9.42630983765e-22
9.19430013721e-22
9.19430013721e-22
9.19149439459e-22
9.55937646807e-22
2.0069840434e-06
200
200
200
1.11211470625e-09
5.28545428324e-14
5.37221781051e-16
1.3528086769e-21
0
0
0
0
0
0
0
0
0
0
0
0
0
0
0
0
0
0
0
0
0
0
0
0
0
0
0
0
0
0
0
0
0
0
0
0
0
0
0
0
0
0
0
0
0
0
0
0
0
0
0
0
0
6.71650614069e-19
1.35015227933e-18
199.999995182
199.999997573
199.999998231
199.999998567
199.999998839
199.999999154
199.99999945
199.999999705
199.99999986
199.999999939
199.999999979
199.999999994
199.999999998
199.999999999
200
200
200
200
200
200
200
200
9.99060487447e-22
9.84228003476e-22
9.56375510839e-22
9.2022458067e-22
8.80399892543e-22
8.27652688645e-22
8.09263614046e-22
7.73687035438e-22
7.54776776999e-22
7.65681889753e-22
8.20730874733e-22
200
200
200
200
200
200
9.54023994469e-13
4.35149638434e-16
3.51744732415e-24
0
0
0
0
0
0
0
0
0
0
0
0
0
0
0
0
0
0
0
0
0
0
0
0
0
0
0
0
0
0
0
0
0
0
0
0
0
0
0
0
0
0
0
0
0
0
0
0
0
0
0
0
199.999999917
199.999999996
199.999999998
199.999999999
199.999999999
199.999999999
199.999999999
199.999999999
199.999999999
199.999999999
199.999999999
200
200
200
200
200
200
200
200
200
200
200
200
200
8.4071560643e-22
8.16055869895e-22
8.00081101242e-22
7.75492826392e-22
7.39613088407e-22
7.09243036168e-22
6.75900070718e-22
6.60928136321e-22
6.50107164423e-22
6.56359406121e-22
6.69580159378e-22
7.44258529126e-22
200
200
200
200
200
200
7.72457029962e-13
9.10555974144e-18
0
0
0
0
0
0
0
0
0
0
0
0
0
0
0
0
0
0
0
0
0
0
0
0
0
0
0
0
0
0
0
0
0
0
0
0
0
0
0
0
0
0
0
0
0
0
0
0
0
0
0
199.99999999
200
200
200
200
200
200
200
200
200
200
200
200
200
200
200
200
200
200
200
200
200
200
200
200
7.08970128209e-22
6.99227203277e-22
6.76441156182e-22
6.47908925117e-22
6.28677213049e-22
5.91338119576e-22
5.72989694387e-22
5.55385583607e-22
5.43729599267e-22
5.44516010083e-22
5.65725322679e-22
6.1790970555e-22
7.77105131331e-22
200
200
200
200
200
200
4.41321746312e-14
5.75013705855e-18
0
0
0
0
0
0
0
0
0
0
0
0
0
0
0
0
0
0
0
0
0
0
0
0
0
0
0
0
0
0
0
0
0
0
0
0
0
0
0
0
0
0
0
0
0
0
0
0
0
199.999999983
200
200
200
200
200
200
200
200
200
200
200
200
200
200
200
200
200
200
200
200
200
200
200
200
200
5.95898087159e-22
5.7835992091e-22
5.67368206491e-22
5.47786158546e-22
5.21777754837e-22
5.08461334026e-22
4.83219654124e-22
4.69559577721e-22
4.6223763493e-22
4.6163696741e-22
4.72282119402e-22
5.07902200124e-22
6.09570821297e-22
7.70984176266e-20
200
200
200
200
200
7.04186126097e-07
2.19323956709e-15
1.0212542707e-20
0
0
0
0
0
0
0
0
0
0
0
0
0
0
0
0
0
0
0
0
0
0
0
0
0
0
0
0
0
0
0
0
0
0
0
0
0
0
0
0
0
0
0
0
0
0
0
0
200
200
200
200
200
200
200
200
200
200
200
200
200
200
200
200
200
200
200
200
200
200
200
200
200
200
5.00247582991e-22
4.90809977077e-22
4.80750445139e-22
4.65661584723e-22
4.51427910051e-22
4.31316558288e-22
4.18415706289e-22
4.08675133394e-22
3.99371812808e-22
3.94163577015e-22
4.01410374933e-22
4.18610161701e-22
4.74199812516e-22
2.58875253457e-20
1.04489104911e-18
199.999999998
200
200
200
200
1.68570156311e-12
4.86978074963e-18
9.19458318592e-22
0
0
0
0
0
0
0
0
0
0
0
0
0
0
0
0
0
0
0
0
0
0
0
0
0
0
0
0
0
0
0
0
0
0
0
0
0
0
0
0
0
0
0
0
0
0
200
200
200
200
200
200
200
200
200
200
200
200
200
200
200
200
200
200
200
200
200
200
200
200
200
200
200
4.39356209057e-22
4.29907084624e-22
4.19585170733e-22
4.08653719106e-22
3.95510955472e-22
3.79411177598e-22
3.71824416936e-22
3.59260473612e-22
3.46769882644e-22
3.42972249205e-22
3.43018386652e-22
3.50843152089e-22
3.80291289867e-22
7.29002297937e-22
5.02981468214e-19
9.30256822036e-19
199.999999987
200
200
200
0.000168905418897
6.46489819568e-18
6.61861306e-18
0
0
0
0
0
0
0
0
0
0
0
0
0
0
0
0
0
0
0
0
0
0
0
0
0
0
0
0
0
0
0
0
0
0
0
0
0
0
0
0
0
0
0
0
0
0
200
200
200
200
200
200
200
200
200
200
200
200
200
200
200
200
200
200
200
200
200
200
200
200
200
200
200
3.95752062389e-22
3.87200599882e-22
3.78594882815e-22
3.68188297438e-22
3.57444893428e-22
3.43641411763e-22
3.35086551745e-22
3.206233981e-22
3.08099571124e-22
3.02828209525e-22
2.99906837378e-22
3.02156893284e-22
3.15689562936e-22
3.77787979083e-22
1.2937471213e-19
1.31964428791e-18
8.30563078238e-19
1.20642654663e-18
199.999999998
200
200
4.98142877679e-18
9.9595708206e-18
6.73010517655e-18
0
0
0
0
0
0
0
0
0
0
0
0
0
0
0
0
0
0
0
0
0
0
0
0
0
0
0
0
0
0
0
0
0
0
0
0
0
0
0
0
0
0
0
0
199.999999993
200
200
200
200
200
200
200
200
200
200
200
200
200
200
200
200
200
200
200
200
200
200
200
200
200
200
200
3.66020807687e-22
3.56856100568e-22
3.50304885077e-22
3.39462258923e-22
3.27399795971e-22
3.16294707824e-22
3.02477162076e-22
2.89163770196e-22
2.75441204904e-22
2.68676464108e-22
2.60650406096e-22
2.57651113751e-22
2.66058577617e-22
2.92529835447e-22
2.2910941672e-20
6.66267117649e-19
7.94407511679e-19
1.2144725941e-18
1.76984538967e-18
2.36475326313e-18
3.56008544856e-18
4.87652728802e-18
7.77992637624e-18
1.76171012437e-17
9.21883442464e-17
0
0
0
0
0
0
0
0
0
0
0
0
0
0
0
0
0
0
0
0
0
0
0
0
0
0
0
0
0
0
0
0
0
0
0
0
0
0
0
0
0
0
0
200
200
200
200
200
200
200
200
200
200
200
200
200
200
200
200
200
200
200
200
200
200
200
200
200
200
200
200
3.44762062002e-22
3.3510670829e-22
3.27829462366e-22
3.1769850779e-22
3.04977554058e-22
2.91843641769e-22
2.76719709603e-22
2.61679100315e-22
2.47038918486e-22
2.35811752054e-22
2.25316463245e-22
2.20515342799e-22
2.20109262487e-22
2.30858072171e-22
3.07379532981e-22
1.25430097863e-19
7.31974678046e-19
9.61355498662e-19
2.00472671713e-18
3.03239256929e-18
4.5483576133e-18
6.18421062204e-18
9.50603324202e-18
2.37747612248e-17
6.76925673581e-17
4.80772917157e-18
0
0
0
0
0
0
0
0
0
0
0
0
0
0
0
0
0
0
0
0
0
0
0
0
0
0
0
0
0
0
0
0
0
0
0
0
0
0
0
0
0
0
200
200
200
200
200
200
200
200
200
200
200
200
200
200
200
200
200
200
200
200
200
200
200
200
200
200
200
200
3.32006779258e-22
3.19757280091e-22
3.11729883435e-22
3.00985323247e-22
2.85242120021e-22
2.71051975561e-22
2.54315411269e-22
2.37159244905e-22
2.22105165101e-22
2.08617735718e-22
1.97396401671e-22
1.88832217514e-22
1.82268979532e-22
1.82593496405e-22
1.98660116309e-22
1.07898121757e-20
2.09221238752e-19
4.78755399758e-19
1.07976640261e-18
2.04851265263e-18
3.99299899789e-18
6.94869933117e-18
1.25738348518e-17
1.61997972357e-17
1.67280215082e-17
4.18075719499e-17
0
0
0
0
0
0
0
0
0
0
0
0
0
0
0
0
0
0
0
0
0
0
0
0
0
0
0
0
0
0
0
0
0
0
0
0
0
0
0
0
0
0
200
200
200
200
200
200
200
200
200
200
200
200
200
200
200
200
200
200
200
200
200
200
200
200
200
200
200
200
3.28150497474e-22
3.12203600477e-22
3.01928668854e-22
2.88380524487e-22
2.7197454451e-22
2.54050432718e-22
2.35589282425e-22
2.18111752354e-22
2.01251443612e-22
1.86793536815e-22
1.75242595097e-22
1.6496676021e-22
1.58598300263e-22
1.53001638817e-22
1.53041316078e-22
1.73074241541e-22
2.83339511795e-20
1.39190073009e-19
3.13084758127e-19
7.16727833396e-19
1.372469042e-18
2.82796683218e-18
5.30592924257e-18
8.71599141116e-18
1.08924700604e-17
1.71366526526e-17
1.10535307375e-16
1.98710528077e-10
0
0
0
0
0
0
0
0
0
0
0
0
0
0
0
0
0
0
0
0
0
0
0
0
0
0
0
0
0
0
0
0
0
0
0
0
0
0
0
200
200
200
200
200
200
200
200
200
200
200
200
200
200
200
200
200
200
200
200
200
200
200
200
200
200
200
200
200
3.37948349073e-22
3.13958451764e-22
2.99963081872e-22
2.83694651091e-22
2.62728200345e-22
2.42473376344e-22
2.22209015369e-22
2.02506410026e-22
1.8561769583e-22
1.70268138883e-22
1.57880562215e-22
1.48383389231e-22
1.39362467409e-22
1.30869596148e-22
1.27307184533e-22
1.27572235448e-22
2.46155815387e-22
2.3690779595e-20
6.06959541588e-20
1.39201789714e-19
2.98563810315e-19
6.33392283948e-19
1.28527633322e-18
2.71348846047e-18
5.09894872019e-18
1.06747253032e-17
1.38225585218e-10
113.375955761
0
0
0
0
0
0
0
0
0
0
0
0
0
0
0
0
0
0
0
0
0
0
0
0
0
0
0
0
0
0
0
0
0
0
0
0
0
0
0
200
200
200
200
200
200
200
200
200
200
200
200
200
200
200
200
200
200
200
200
200
200
200
200
200
200
200
200
200
199.998569434
3.33983708594e-22
3.09673628627e-22
2.83603634351e-22
2.59210381643e-22
2.35012037847e-22
2.12955417392e-22
1.9241113211e-22
1.74833590643e-22
1.59093692601e-22
1.46881070656e-22
1.34817962766e-22
1.24432997459e-22
1.15078828009e-22
1.05560532924e-22
1.0041265484e-22
1.00920097137e-22
1.39213799145e-21
1.18286452703e-20
2.45699728298e-20
4.75734583296e-20
8.45739447493e-20
1.60998402159e-19
4.15568112888e-19
1.70963618304e-18
4.88401000586e-16
4.77119748945e-10
4.68883859239e-18
60.85384364
0
0
0
0
0
0
0
0
0
0
0
0
0
0
0
0
0
0
0
0
0
0
0
0
0
0
0
0
0
0
0
0
0
0
0
0
0
0
200
200
200
200
200
200
200
200
200
200
200
200
200
200
200
200
200
200
200
200
200
200
200
200
200
200
200
200
200
8.03788187105e-08
3.8924829758e-22
3.40373386151e-22
2.9721857754e-22
2.62672756559e-22
2.32829074393e-22
2.07008820058e-22
1.8484801528e-22
1.64800036879e-22
1.50808374292e-22
1.36800528768e-22
1.24437816264e-22
1.12157598373e-22
1.00358414828e-22
8.94068121672e-23
8.0446319381e-23
7.46271614844e-23
7.65893837244e-23
1.25856909009e-21
3.94634844833e-21
7.2359381899e-21
1.19997202858e-20
1.74542859933e-20
2.41635597193e-20
4.33618903597e-20
2.09305317129e-19
1.47140955218e-18
1.78885589271e-19
199.999999995
0
0
0
0
0
0
0
0
0
0
0
0
0
0
0
0
0
0
0
0
0
0
0
0
0
0
0
0
0
0
0
0
0
0
0
0
0
199.999999974
200
200
200
200
200
200
200
200
200
200
200
200
200
200
200
200
200
200
200
200
200
200
200
200
200
200
200
200
200
1.87452357276e-16
5.53939917761e-22
4.16861224422e-22
3.2898094631e-22
2.73804038623e-22
2.34628645997e-22
2.04762369494e-22
1.79440391218e-22
1.60361955477e-22
1.43750619872e-22
1.29620205574e-22
1.16529218559e-22
1.03157680209e-22
8.96944691681e-23
7.77001063763e-23
6.79291902509e-23
5.95579369575e-23
5.34132668421e-23
6.87374196133e-23
4.424570491e-22
8.21163419446e-22
1.4236268815e-21
2.05494047626e-21
1.91390938571e-21
1.36788775495e-21
4.07062812093e-22
3.5558792387e-22
1.5483160397e-22
2.41097944902e-21
200
0
0
0
0
0
0
0
0
0
0
0
0
0
0
0
0
0
0
0
0
0
0
0
0
0
0
0
0
0
0
0
0
0
0
0
0
200
200
200
200
200
200
200
200
200
200
200
200
200
200
200
200
200
200
200
200
200
200
200
200
200
200
200
200
200
200
1.38762341512e-15
1.67421448955e-13
117.575368039
3.88065143595e-22
2.91917502712e-22
2.40132676201e-22
2.04269766439e-22
1.76860670844e-22
1.56996517286e-22
1.40211834446e-22
1.2460523452e-22
1.11083120892e-22
9.73045705636e-23
8.35554265103e-23
7.13588519476e-23
6.02732983236e-23
4.77536265192e-23
3.09203318359e-23
3.35332082499e-23
5.95724517527e-23
1.0936382653e-22
1.53532623347e-22
1.46878413293e-22
8.37742029253e-23
1.09113650111e-22
1.52567268229e-22
2.59179594534e-22
4.3976052533e-22
2.93576247932e-21
4.08374713367e-20
0
0
0
0
0
0
0
0
0
0
0
0
0
0
0
0
0
0
0
0
0
0
0
0
0
0
0
0
0
0
0
0
0
0
0
3.14784962068e-25
200
200
200
200
200
200
200
200
200
200
200
200
200
200
200
200
200
200
200
200
200
200
200
200
200
200
200
200
200
200
5.04064116356e-15
1.63249255221e-16
1.81776558507e-10
200
1.03773261173e-05
2.4659547274e-22
2.0363248297e-22
1.7524901911e-22
1.54745083861e-22
1.37435584597e-22
1.22408942465e-22
1.08098452144e-22
9.31118651763e-23
7.9444503951e-23
6.6235066195e-23
5.22802357065e-23
3.71169380627e-23
1.98392138567e-23
3.51741983059e-24
6.28471133822e-24
7.34447554967e-24
8.33790656702e-24
1.86471493072e-23
2.70790044922e-23
4.46580913563e-23
9.300003637e-23
2.33140857061e-22
8.94064462267e-22
4.97421120133e-21
4.47666930318e-21
1.49108666243e-25
0
0
0
0
0
0
0
0
0
0
0
0
0
0
0
0
0
0
0
0
0
0
0
0
0
0
0
0
0
0
0
0
0
0
200
200
200
200
200
200
200
200
200
200
200
200
200
200
200
200
200
200
200
200
200
200
200
200
200
200
200
200
200
200
200
4.00692650052e-15
4.25632633641e-15
4.38834201592e-15
8.51788226053e-15
1.78168338786e-09
200
200
1.81933595404e-22
1.56890472524e-22
1.38442990338e-22
1.22371477825e-22
1.07626976222e-22
9.05570407442e-23
7.75118934416e-23
6.39412717206e-23
5.27089285834e-23
3.89788632741e-23
1.86847279774e-23
3.51741983059e-24
5.67878054753e-24
7.17879925384e-24
8.1722302712e-24
1.03158309052e-23
2.41665654062e-23
3.40874710645e-23
7.24540833736e-23
2.09826771355e-22
4.39881303349e-22
8.28672661692e-22
3.39666930449e-23
2.41629392905e-20
0
0
0
0
0
0
0
0
0
0
0
0
0
0
0
0
0
0
0
0
0
0
0
0
0
0
0
0
0
0
0
0
0
0
200
200
200
200
200
200
200
200
200
200
200
200
200
200
200
200
200
200
200
200
200
200
200
200
200
200
200
200
200
200
177.343816129
)
;

boundaryField
{
    frontAndBack
    {
        type            empty;
    }
    leftWall
    {
        type            calculated;
        value           uniform 0;
    }
    outlet
    {
        type            calculated;
        value           uniform 0;
    }
    rightWall
    {
        type            calculated;
        value           uniform 0;
    }
    inlet
    {
        type            calculated;
        value           uniform 2.22869415084e-19;
    }
}


// ************************************************************************* //
