/*--------------------------------*- C++ -*----------------------------------*\
| =========                 |                                                 |
| \\      /  F ield         | OpenFOAM: The Open Source CFD Toolbox           |
|  \\    /   O peration     | Version:  v1906                                 |
|   \\  /    A nd           | Web:      www.OpenFOAM.com                      |
|    \\/     M anipulation  |                                                 |
\*---------------------------------------------------------------------------*/
FoamFile
{
    version     2.0;
    format      ascii;
    class       volScalarField;
    location    "301";
    object      alpha;
}
// * * * * * * * * * * * * * * * * * * * * * * * * * * * * * * * * * * * * * //

dimensions      [0 0 -1 0 0 0 0];


internalField   nonuniform List<scalar> 
9216
(
189.856208798
200
200
200
200
200
200
200
200
200
200
200
200
200
200
200
200
200
200
200
200
200
200
200
200
200
200
200
200
200
200
200
200
200
200
200
200
200
200
200
200
200
200
200
200
200
200
200
200
200
200
200
200
200
200
200
200
200
200
200
200
200
200
200
200
200
200
200
200
200
200
200
200
200
200
200
200
200
200
200
199.999999999
199.999999997
199.999999835
199.950527824
182.38028548
166.084766743
149.432405732
127.318057178
101.767270713
79.7567139648
60.0859645192
44.6108554909
32.2400344833
20.9390173279
12.2590999452
1.42796681513
200
200
200
200
200
200
200
200
200
200
200
200
200
200
200
200
200
200
200
200
200
200
200
200
200
200
200
200
200
200
200
200
200
200
200
200
200
200
200
200
200
200
200
200
200
200
200
200
200
200
200
200
200
200
200
200
200
200
200
200
200
200
200
200
200
200
200
200
200
200
200
200
200
200
200
200
200
200
200
200
200
199.999999999
199.999999995
199.999998887
197.542320484
179.385949811
163.052402892
139.862708062
118.135862152
92.5771683809
70.3694261636
56.0886734287
44.524525664
28.8015686533
19.0168203729
14.693239499
200
200
200
200
200
200
200
200
200
200
200
200
200
200
200
200
200
200
200
200
200
200
200
200
200
200
200
200
200
200
200
200
200
200
200
200
200
200
200
200
200
200
200
200
200
200
200
200
200
200
200
200
200
200
200
200
200
200
200
200
200
200
200
200
200
200
200
200
200
200
200
200
200
200
200
200
200
200
200
200
199.999999999
199.999999998
199.999999986
199.999990359
195.356211246
176.300350476
153.475855609
140.491721977
124.015199197
95.0058674447
67.6587188035
60.259462941
43.8739930276
33.729277841
29.6462406834
19.968600309
200
200
200
200
200
200
200
200
200
200
200
200
200
200
200
200
200
200
200
200
200
200
200
200
200
200
200
200
200
200
200
200
200
200
200
200
200
200
200
200
200
200
200
200
200
200
200
200
200
200
200
200
200
200
200
200
200
200
200
200
200
200
200
200
200
200
200
200
200
200
200
200
200
200
200
200
200
200
199.999999999
199.999999999
199.999999998
199.999999984
199.999999232
199.996560499
189.770773841
169.534697202
151.606375796
139.103448938
116.755731208
100.227217242
81.0693966207
57.7077477223
52.5376369462
43.5495528611
37.3522862751
25.2845343541
200
200
200
200
200
200
200
200
200
200
200
200
200
200
200
200
200
200
200
200
200
200
200
200
200
200
200
200
200
200
200
200
200
200
200
200
200
200
200
200
200
200
200
200
200
200
200
200
200
200
200
200
200
200
200
200
200
200
200
200
200
200
200
200
200
200
200
200
200
200
200
200
200
200
200
200
200
200
199.999999999
199.999999999
199.999999998
199.999999983
199.999998893
199.765319492
181.317230936
160.773937043
143.126291464
132.166111767
124.697428013
102.2711297
88.1658402117
67.5912060006
53.4072974662
52.6494483997
48.9463033623
36.7767632722
200
200
200
200
200
200
200
200
200
200
200
200
200
200
200
200
200
200
200
200
200
200
200
200
200
200
200
200
200
200
200
200
200
200
200
200
200
200
200
200
200
200
200
200
200
200
200
200
200
200
200
200
200
200
200
200
200
200
200
200
200
200
200
200
200
200
200
200
200
200
200
200
200
200
200
200
200
199.999999999
199.999999999
199.999999999
199.999999998
199.999999964
199.999923034
196.972281348
178.501821042
159.531027042
149.228537404
132.241330816
113.600074209
95.8766902272
94.5908298273
82.4523235824
63.805006363
60.5217610576
59.7178739609
47.0158284451
200
200
200
200
200
200
200
200
200
200
200
200
200
200
200
200
200
200
200
200
200
200
200
200
200
200
200
200
200
200
200
200
200
200
200
200
200
200
200
200
200
200
200
200
200
200
200
200
200
200
200
200
200
200
200
200
200
200
200
200
200
200
200
200
200
200
200
200
200
200
200
200
200
200
200
200
200
199.999999999
199.999999999
199.999999999
199.999999995
199.9999999
199.997238419
190.286656845
174.522552644
158.389737364
144.86384517
132.020198587
113.331595969
105.413697436
91.787748692
91.1696748599
81.5618340516
70.1753770877
70.0533601926
56.8594410935
200
200
200
200
200
200
200
200
200
200
200
200
200
200
200
200
200
200
200
200
200
200
200
200
200
200
200
200
200
200
200
200
200
200
200
200
200
200
200
200
200
200
200
200
200
200
200
200
200
200
200
200
200
200
200
200
200
200
200
200
200
200
200
200
200
200
200
200
200
200
200
200
200
200
200
200
200
199.999999999
199.999999999
199.999999999
199.999999996
199.999999564
199.989585124
189.249539183
171.361520818
157.692334904
140.588741685
127.50431603
116.388038804
110.536712084
102.181395903
92.4972296881
93.2270119823
79.0838871567
79.8332222345
66.7091136341
200
200
200
200
200
200
200
200
200
200
200
200
200
200
200
200
200
200
200
200
200
200
200
200
200
200
200
200
200
200
200
200
200
200
200
200
200
200
200
200
200
200
200
200
200
200
200
200
200
200
200
200
200
200
200
200
200
200
200
200
200
200
200
200
200
200
200
200
200
200
200
200
200
200
200
200
199.999999999
199.999999999
199.999999999
199.999999999
199.999999993
199.999995961
199.867697193
185.669452396
171.877697178
158.803806453
144.531749523
128.929608289
118.25449756
106.175464773
108.969468708
103.112203767
96.6753558525
91.8519422441
87.8896101042
75.5127570526
200
200
200
200
200
200
200
200
200
200
200
200
200
200
200
200
200
200
200
200
200
200
200
200
200
200
200
200
200
200
200
200
200
200
200
200
200
200
200
200
200
200
200
200
200
200
200
200
200
200
200
200
200
200
200
200
200
200
200
200
200
200
200
200
200
200
200
200
200
200
200
200
200
200
200
199.999999999
199.999999999
199.999999999
199.999999999
199.999999998
199.999999974
199.999988093
197.376885053
183.061043473
171.465556171
158.63130814
144.031415881
131.70193505
121.787672887
114.498177602
108.082947426
109.617004293
104.956579908
102.695862327
95.648193088
84.9393389523
200
200
200
200
200
200
200
200
200
200
200
200
200
200
200
200
200
200
200
200
200
200
200
200
200
200
200
200
200
200
200
200
200
200
200
200
200
200
200
200
200
200
200
200
200
200
200
200
200
200
200
200
200
200
200
200
200
200
200
200
200
200
200
200
200
200
200
200
200
200
200
199.999999999
199.999999999
199.999999999
199.999999999
199.999999999
199.999999999
199.999999999
199.999999999
199.999999997
199.999999958
199.999976852
196.106675173
183.235145678
171.029475381
155.346158939
143.320109244
134.16187548
128.941444498
122.188627019
117.087095323
109.719687475
111.945515668
114.510183659
103.673157928
92.2234412937
200
200
200
200
200
200
200
200
200
200
200
200
200
200
200
200
200
200
200
200
200
200
200
200
200
200
200
200
200
200
200
200
200
200
200
200
200
200
200
200
200
200
200
200
200
200
200
200
200
200
200
200
200
200
200
200
200
200
200
200
200
200
200
200
200
200
200
199.999999999
199.999999999
199.999999999
199.999999999
199.999999999
199.999999999
199.999999999
199.999999999
199.999999999
199.999999999
199.999999999
199.999999999
199.999999996
199.999999954
199.999974196
194.962797291
183.261974396
169.865091611
156.383272702
147.11053519
139.406805548
131.941518349
127.068731103
122.359946137
118.796622412
113.902051315
119.829703607
111.036752641
97.9217066053
200
200
200
200
200
200
200
200
200
200
200
200
200
200
200
200
200
200
200
200
200
200
200
200
200
200
200
200
200
200
200
200
200
200
200
200
200
200
200
200
200
200
200
200
200
200
200
200
200
200
200
200
200
200
200
200
200
200
200
200
200
200
200
200
200
199.999999999
199.999999999
199.999999999
199.999999999
199.999999999
199.999999999
199.999999999
199.999999999
199.999999999
199.999999999
199.999999999
199.999999999
199.999999999
199.999999999
199.999999998
199.999999969
199.999445517
193.439574922
183.760353359
170.073118341
160.738515041
151.759467649
143.231464996
135.749310627
130.884791591
126.097838677
122.588496722
120.489152829
123.153466531
117.311213958
103.099987938
200
200
200
200
200
200
200
200
200
200
200
200
200
200
200
200
200
200
200
200
200
200
200
200
200
200
200
200
200
200
200
200
200
200
200
200
200
200
200
200
200
200
200
200
200
200
200
200
200
200
200
200
200
200
200
200
200
200
200
200
200
200
200
199.999999999
199.999999999
199.999999999
199.999999999
199.999999999
199.999999999
199.999999999
199.999999999
199.999999999
199.999999999
199.999999999
199.999999999
199.999999999
199.999999999
199.999999999
199.999999998
199.999999995
199.999999897
199.999853531
195.386295305
184.606839752
175.249073444
163.009678926
154.976086693
146.120290447
139.224391198
136.310796591
130.293936422
127.209868752
124.423172106
122.497493233
125.227393205
107.588600135
200
200
200
200
200
200
200
200
200
200
200
200
200
200
200
200
200
200
200
200
200
200
200
200
200
200
200
200
200
200
200
200
200
200
200
200
200
200
200
200
200
200
200
200
200
200
200
200
200
200
200
200
200
200
200
200
200
200
200
200
200
199.999999999
199.999999999
199.999999999
199.999999999
199.999999999
199.999999999
199.999999999
199.999999999
199.999999999
199.999999999
199.999999999
199.999999999
199.999999999
199.999999999
199.999999999
199.999999999
199.999999998
199.999999997
199.999999992
199.999999842
199.998361537
197.995864681
188.427650679
175.958433174
167.128596933
155.120576072
148.847034927
144.772754103
140.778583585
134.683557413
131.119509685
127.557174444
125.66871981
130.442391608
111.485595697
200
200
200
200
200
200
200
200
200
200
200
200
200
200
200
200
200
200
200
200
200
200
200
200
200
200
200
200
200
200
200
200
200
200
200
200
200
200
200
200
200
200
200
200
200
200
200
200
200
200
200
200
200
200
200
200
200
200
121.070006985
29.0382332308
9.92710884074
4.35922217901
2.50492935531
2.10279664809
2.46502825249
3.62822294252
6.26448334676
12.3599289079
27.2750946555
68.5424112984
165.004601221
197.853185764
199.999999999
199.999999999
199.999999999
199.999999999
199.999999998
199.999999997
199.999999995
199.999999984
199.999999396
199.996445493
198.927620056
189.169660307
178.001306568
167.370808536
158.234816059
155.397935305
150.222571306
143.093597303
137.117812454
133.85862853
131.421174161
128.176926425
131.355371891
114.435589031
200
200
200
200
200
200
200
200
200
200
200
200
200
200
200
200
200
200
200
200
200
200
200
200
200
200
200
200
200
200
200
200
200
200
200
200
200
200
200
200
200
200
200
200
200
200
200
200
200
200
200
200
200
200
200
8.31250298062
0.421807115613
0.0767861810139
0.021514329508
0.0082996138313
0.00411004888869
0.00258025629439
0.00226298524673
0.00266925720371
0.00389861688248
0.00659653622667
0.0125689223678
0.0270716000339
0.065626535104
0.175531649042
0.531992423479
1.82914252257
7.04052505895
30.1542508549
142.30032411
198.325190946
199.999999998
199.999999995
199.999999991
199.999999959
199.999997177
199.999909978
196.842563314
187.543438794
177.242474392
166.27245259
161.522967845
158.137904495
147.494468983
142.507406787
139.772528652
135.561392861
133.57662715
130.332783058
131.626802887
116.307867041
200
200
200
200
200
200
200
200
200
200
200
200
200
200
200
200
200
200
200
200
200
200
200
200
200
200
200
200
200
200
200
200
200
200
200
200
200
200
200
200
200
200
200
200
200
200
200
200
200
200
200
200
200
1.20873659086
0.00829561036329
0.000841832246394
0.000174901212881
5.08169008935e-05
1.95011445001e-05
9.10470443713e-06
5.55398702654e-06
4.56829553466e-06
5.10839473438e-06
7.27656741e-06
1.30602857753e-05
2.53043126612e-05
5.43797819923e-05
0.000127543195007
0.000334849254436
0.000980989931773
0.00317329471118
0.0111384637478
0.0434658475128
0.184704629712
0.896848393742
4.81649413374
28.562895222
160.107638078
199.607943931
199.999999975
199.943699708
199.926380756
192.540819729
184.77656031
175.239007284
165.637695236
163.418402186
155.683375949
149.301130176
145.439967805
141.975378252
138.90471318
133.809617546
132.43798948
130.710690926
117.638813757
200
200
200
200
200
200
200
200
200
200
200
200
200
200
200
200
200
200
200
200
200
200
200
200
200
200
200
200
200
200
200
200
200
200
200
200
200
200
200
200
200
200
200
200
200
200
200
200
200
200
200
200
0.00156576003401
3.65621457405e-05
8.71094874264e-07
0
0
0
0
0
0
0
0
0
1.85592114306e-08
6.10808011435e-08
3.09739072286e-07
9.23473729616e-07
3.12737703679e-06
1.05846618954e-05
3.70904003232e-05
0.000135172342305
0.000531691068005
0.00225610788209
0.010237064765
0.0511606220262
0.282556252574
1.78799442649
12.4109173994
97.0436054148
196.112621979
194.359247256
187.486782458
181.552293905
173.443701951
166.288186001
166.525180424
158.19197172
153.158766402
148.938207806
144.790130563
140.212317318
135.77193992
133.599893695
130.229838069
119.076849522
200
200
200
200
200
200
200
200
200
200
200
200
200
200
200
200
200
200
200
200
200
200
200
200
200
200
200
200
200
200
200
200
200
200
200
200
200
200
200
200
200
200
200
200
200
200
200
200
200
200
200
1.83713706644e-05
0
0
0
0
0
0
0
0
0
0
0
0
0
0
0
1.40185817104e-08
3.85121869336e-08
1.71073130579e-07
7.20968980386e-07
2.93207396122e-06
1.21017897226e-05
5.01924050009e-05
0.000213392161487
0.00101295518392
0.00502072026927
0.0275336197755
0.169069120597
1.20572086977
8.7237555965
71.5212211755
178.968411825
178.24548736
172.097775616
171.364995609
166.929259345
158.733631645
155.768532595
151.605532599
147.007456966
142.711309593
139.259193116
134.176377371
131.796898165
120.430836116
200
200
200
200
200
200
200
200
200
200
200
200
200
200
200
200
200
200
200
200
200
200
200
200
200
200
200
200
200
200
200
200
200
200
200
200
200
200
200
200
200
200
200
200
200
200
200
200
200
200
1.97072781534e-10
0
0
0
0
0
0
0
0
0
0
0
0
0
0
0
0
0
0
1.35113183596e-09
2.17848601118e-08
6.16718824585e-08
2.76162480387e-07
1.52117562194e-06
6.08499486503e-06
3.09136481365e-05
0.000140342578498
0.000735001769513
0.00374894129059
0.0221908557608
0.137519915235
1.00942256471
8.11981125733
77.9494649938
167.972751396
170.281288141
165.355897904
159.713287181
156.975833106
152.720900392
148.406086248
143.949047395
141.650263097
135.679543925
133.253558061
121.206195395
200
200
200
200
200
200
200
200
200
200
200
200
200
200
200
200
200
200
200
200
200
200
200
200
200
200
200
200
200
200
200
200
200
200
200
200
200
200
200
200
200
200
200
200
200
200
200
200
200
0
0
0
0
0
0
0
0
0
0
0
0
0
0
0
0
0
0
0
0
0
0
0
1.35387315879e-08
3.98573902075e-08
2.13329576991e-07
1.06273899496e-06
4.39303587426e-06
2.34405012728e-05
0.000112130457462
0.000600261604382
0.00320383586612
0.0213428621616
0.149863418767
1.24345264541
12.2155048464
133.45488634
162.744440559
161.750952979
153.600948791
150.741141852
148.223061146
143.829205299
141.621660465
137.159102378
132.991307708
120.527155475
200
200
200
200
200
200
200
200
200
200
200
200
200
200
200
200
200
200
200
200
200
200
200
200
200
200
200
200
200
200
200
200
200
200
200
200
200
200
200
200
200
200
200
200
200
200
200
200
0
0
0
0
0
0
0
0
0
0
0
0
0
0
0
0
0
0
0
0
0
0
0
0
0
0
1.04422210331e-08
3.95451492186e-08
1.89104903931e-07
9.65178548649e-07
4.46272114525e-06
2.46907333414e-05
0.000122404842353
0.000702976230344
0.00451341961541
0.0305459712884
0.252280618679
2.79741212195
33.9594768524
147.367018008
149.85028204
148.073194258
146.273957396
142.965881458
140.757773765
137.265619941
131.50483712
118.331637934
200
200
200
200
200
200
200
200
200
200
200
200
200
200
200
200
200
200
200
200
200
200
200
200
200
200
200
200
200
200
200
200
200
200
200
200
200
200
200
200
200
200
200
200
200
200
200
0
0
0
0
0
0
0
0
0
0
0
0
0
0
0
0
0
0
0
0
0
0
0
0
0
0
0
0
0
9.95362054443e-09
4.43391562587e-08
2.34006499905e-07
1.24783652059e-06
6.08230427621e-06
3.65429003383e-05
0.000198760378281
0.00125470979686
0.00847680798242
0.0667075765348
0.740626091714
9.15993011736
123.705913342
146.466722687
144.498322931
141.897741401
139.702767977
136.66700417
130.156388202
115.419958446
200
200
200
200
200
200
200
200
200
200
200
200
200
200
200
200
200
200
200
200
200
200
200
200
200
200
200
200
200
200
200
200
200
200
200
200
200
200
200
200
200
200
200
200
200
199.999999999
0
0
0
0
0
0
0
0
0
0
0
0
0
0
0
0
0
0
0
0
0
0
0
0
0
0
0
0
0
0
0
0
1.3019817458e-08
6.11829625098e-08
3.39639090009e-07
1.92659041614e-06
1.12713124001e-05
6.39132341221e-05
0.000430371696035
0.00287519854434
0.0246367231929
0.240551807463
3.58819445055
75.4519694272
141.77907838
139.823151191
138.265131219
134.531659346
129.080817803
112.134984576
200
200
200
200
200
200
200
200
200
200
200
200
200
200
200
200
200
200
200
200
200
200
200
200
200
200
200
200
200
200
200
200
200
200
200
200
200
200
200
200
200
200
200
200
200
0
0
0
0
0
0
0
0
0
0
0
0
0
0
0
0
0
0
0
0
0
0
0
0
0
0
0
0
0
0
0
0
0
0
0
2.09561632066e-08
1.07940703567e-07
8.41606141005e-07
4.37661372288e-06
2.77011336663e-05
0.000189142619099
0.00118259370395
0.0099065948494
0.112307974409
1.74822692205
38.9702705763
134.700022798
135.224630086
132.083562865
127.260009113
108.781918705
200
200
200
200
200
200
200
200
200
200
200
200
200
200
200
200
200
200
200
200
200
200
200
200
200
200
200
200
200
200
200
200
200
200
200
200
200
200
200
200
200
200
200
200
199.999999976
0
0
0
0
0
0
0
0
0
0
0
0
0
0
0
0
0
0
0
0
0
0
0
0
0
0
0
0
0
0
0
0
0
0
0
0
6.36232473472e-09
4.68748007734e-08
3.4368077643e-07
2.08953575598e-06
1.40859218703e-05
9.32383290326e-05
0.000647431416618
0.00541823533247
0.0591065045412
0.969978726796
24.075839067
129.06100517
129.184662227
125.265380727
105.31514886
200
200
200
200
200
200
200
200
200
200
200
200
200
200
200
200
200
200
200
200
200
200
200
200
200
200
200
200
200
200
200
200
200
200
200
200
200
200
200
200
200
200
200
199.999999999
162.939596223
0
0
0
0
0
0
0
0
0
0
0
0
0
0
0
0
0
0
0
0
0
0
0
0
0
0
0
0
0
0
0
0
0
0
0
0
0
0
2.22143952955e-08
1.86715357126e-07
1.12258949617e-06
8.39764727009e-06
5.26597005327e-05
0.00034390847595
0.00285710081232
0.0364112641947
0.634665887539
22.6666814722
123.063825082
123.11985212
100.998820953
200
200
200
200
200
200
200
200
200
200
200
200
200
200
200
200
200
200
200
200
200
200
200
200
200
200
200
200
200
200
200
200
200
200
200
200
200
200
200
200
200
200
199.999999999
199.999999991
0
0
0
0
0
0
0
0
0
0
0
0
0
0
0
0
0
0
0
0
0
0
0
0
0
0
0
0
0
0
0
0
0
0
0
0
0
0
0
0
9.98050293593e-09
1.16522860662e-07
8.10345476858e-07
5.71650620948e-06
3.51347471557e-05
0.000281737280634
0.00219466482094
0.0296498407322
0.690827594298
32.8020802327
118.886920821
96.5420749082
199.915433074
200
200
200
200
200
200
200
200
200
199.999999999
199.999999999
199.999999999
199.999999999
199.999999999
200
200
200
200
200
200
200
200
200
200
200
200
200
200
200
200
200
200
200
200
200
200
200
200
200
200
199.999999999
199.999999999
199.999529176
0
0
0
0
0
0
0
0
0
0
0
9.41266896156e-09
4.70930930348e-08
7.26190819849e-08
1.2460105321e-07
0
0
0
0
0
0
0
0
0
0
0
0
0
0
0
0
0
0
0
0
0
0
0
0
0
0
4.22821617212e-09
8.02571249863e-08
7.18268061921e-07
4.77009946091e-06
3.1670839723e-05
0.000246347684871
0.00237491357449
0.0346757172891
0.946568675657
81.9920850326
92.3519809931
200
200
200
1.19584634882e-11
0
0
0
0
0
0
0
0
0
0
0
0
0
0
0
0
0
0
0
1.49457399819e-06
0.000216842792908
199.999999998
199.999999999
200
200
200
200
200
200
200
200
200
200
200
200
199.999999999
199.999999999
199.999999999
199.999999998
199.974198598
0
0
0
0
0
0
0
0
0
3.26573270717e-08
5.41525701724e-07
3.33906537798e-06
2.38866228227e-05
0.000157277488776
0.000298837505099
0.000418892035754
1.12653240243e-05
7.64969902422e-07
0
0
0
0
0
0
0
0
0
0
0
0
0
0
0
0
0
0
0
0
0
0
0
0
7.46231170722e-10
6.74435056474e-08
5.39674170628e-07
3.81090690486e-06
3.06360211331e-05
0.000246993844267
0.0024055527196
0.0489303490389
2.58660660888
83.9146434349
1.48880857784e-12
7.83583462023e-13
0
0
0
0
0
0
0
0
0
0
0
0
0
0
0
0
0
0
0
0
0
0
0
0
0
0
0
0
8.58248263983e-06
0.00117520729829
199.999999998
199.999999999
199.999999999
199.999999999
199.999999999
199.999999999
199.999999999
199.999999999
199.999999999
199.999999998
199.999999996
0
0
0
0
0
0
0
0
8.15836909728e-09
7.04566912375e-07
3.56542576014e-05
0.00312921399977
199.999999998
199.999999998
199.999999998
199.999999998
199.999999997
199.999999997
199.999999996
199.999999993
1.27284597077e-06
0
0
0
0
0
0
0
0
0
0
0
0
0
0
0
0
0
0
0
0
0
0
0
2.93244116893e-11
7.83691036968e-08
6.20051623966e-07
5.51389100437e-06
4.17307129364e-05
0.00035081639777
0.0045458419952
0.122572161534
16.8215680996
0
0
0
0
0
0
0
0
0
0
0
0
0
0
0
0
0
0
0
0
0
0
0
0
0
0
0
0
0
0
0
0
0
0
0
1.17780740947e-05
0.000576584455604
199.999999998
199.999999998
199.999999998
199.999999998
199.999999997
199.999999994
0
0
0
0
0
0
0
8.81750249038e-08
2.05523366897e-05
0.0156845490333
199.999999999
199.999999999
199.999999999
199.999999999
199.999999999
199.999999999
199.999999999
199.999999998
199.999999998
199.999999997
199.999999996
199.999999993
0
0
0
0
0
0
0
0
0
0
0
0
0
0
0
0
0
0
0
0
0
0
0
2.82528494206e-09
1.12595629032e-07
9.92483051015e-07
7.05948872995e-06
6.63748675541e-05
0.000658586973317
0.0104956450699
0.639181236901
0
0
0
0
0
0
0
0
0
0
0
0
0
0
0
0
0
0
0
0
0
0
0
0
0
0
0
0
0
0
0
0
0
0
0
0
0
0
9.68910066503e-08
8.5842148107e-06
0.000107704061877
0.000250209232819
5.63929374712e-06
0
0
0
0
0
0
8.95697310132e-07
0.000572574150552
199.999999999
200
200
200
200
200
200
199.999999999
199.999999999
199.999999999
199.999999999
199.999999999
199.999999998
199.999999997
199.999999995
184.245954863
0
0
0
0
0
0
0
0
0
0
0
0
0
0
0
0
0
0
0
0
0
0
8.86186773529e-09
2.19169827305e-07
1.52087920675e-06
1.23865024444e-05
0.000110292016491
0.00151467831956
0.0443198435079
0
0
0
0
0
0
0
0
0
0
0
0
0
0
0
0
0
0
0
0
0
0
0
0
0
0
0
0
0
0
0
0
0
0
0
0
0
0
0
0
0
0
6.49455189779e-07
0
0
1.15373070752e-10
1.98095064158e-10
1.23709932043e-08
7.15181635275e-06
0.0353928689643
200
200
200
200
200
200
200
200
200
200
200
199.999999999
199.999999999
199.999999999
199.999999998
199.999999998
199.999999996
199.999999993
0
0
0
0
0
0
0
0
0
0
0
0
0
0
0
0
0
0
0
0
0
0
2.61431993577e-08
4.05861453952e-07
3.40320926177e-06
2.99116160969e-05
0.00032263121008
0.00522086830981
0
0
0
0
0
0
0
0
0
0
0
0
0
0
0
0
0
0
0
0
0
0
0
0
0
0
0
0
0
0
0
0
0
0
0
0
0
0
0
0
0
0
0
0
1.4667689748e-10
9.58651288923e-10
7.48524132221e-08
1.4549827627e-05
5.38361181756
200
200
200
200
200
200
200
200
200
200
200
200
199.999999999
199.999999999
199.999999999
200
200
199.999999998
199.999999996
199.999999993
0
0
0
0
0
0
0
0
0
0
0
0
0
0
0
0
0
0
0
0
0
0
8.73261692867e-08
8.0917730587e-07
9.29549631041e-06
9.15595424398e-05
0.00101261302748
0
0
0
0
0
0
0
0
0
0
0
0
0
0
0
0
0
0
0
0
0
0
0
0
0
0
0
0
0
0
0
0
0
0
0
0
0
0
0
0
0
0
0
0
0
5.0160623325e-08
5.63562844844e-06
200
200
200
200
200
200
200
200
200
200
200
200
200
200
200
199.999999999
199.999999999
199.999999999
200
200
199.999999999
199.999999997
199.999999994
0
0
0
0
0
0
0
0
0
0
0
0
0
0
0
0
0
0
0
0
0
1.25963780083e-08
2.9105568987e-07
2.42281049613e-06
2.72246213219e-05
0.000274267534837
0
0
0
0
0
0
0
0
0
0
0
0
0
0
0
0
0
0
0
0
0
0
0
0
0
0
0
0
0
0
0
0
0
0
0
0
0
0
0
0
0
0
0
0
0
0
0.000522376386784
199.999999897
200
200
200
200
200
200
200
200
200
200
200
200
200
200
200
199.999999999
199.999999999
199.999999999
199.999999999
200
199.999999998
199.999999996
199.999999993
0
0
0
0
0
0
0
0
0
0
0
0
0
0
0
0
0
0
0
0
0
7.91582182179e-08
9.35282128562e-07
1.03295151532e-05
9.23749401411e-05
0
0
0
0
0
0
0
0
0
0
0
0
0
0
0
0
0
0
0
0
0
0
0
0
0
0
0
0
0
0
0
0
0
0
0
0
0
0
0
0
0
0
0
0
0
0
0
0
1.09149694728e-11
199.999999154
199.999999983
200
200
200
200
200
200
200
200
200
200
200
200
200
200
199.999999999
199.999999999
199.999999999
199.999999999
199.999999998
199.999999996
198.994561363
0
0
0
0
0
0
0
0
0
0
0
0
0
0
0
0
0
0
0
0
2.17990730018e-08
4.03355349407e-07
4.49758150448e-06
3.77547295943e-05
0
0
0
0
0
0
0
0
0
0
0
0
0
0
0
0
0
0
0
0
0
0
0
0
0
0
0
0
0
0
0
0
0
0
0
0
0
0
0
0
0
0
0
0
0
0
0
0
0
9.82347252551e-12
1.31532615474e-10
7.56061405775e-05
199.999999999
200
200
200
200
200
200
200
200
200
200
200
200
200
199.999999999
199.999999999
200
199.999999999
199.999999997
199.999999995
5.40606210425e-07
0
0
0
0
0
0
0
0
0
0
0
0
0
0
0
0
0
0
0
5.43685643757e-09
1.97445060286e-07
2.21383559753e-06
1.81955793538e-05
0
0
0
0
0
0
0
0
0
0
0
0
0
0
0
0
0
0
0
0
0
0
0
0
0
0
0
0
0
0
0
0
0
0
0
0
0
0
0
0
0
0
0
0
0
0
0
0
0
0
8.84112527296e-12
4.96643238756e-11
6.10750882288e-10
0.000278536572905
200
200
200
200
200
200
200
200
200
200
200
200
200
199.999999999
199.999999999
199.999999999
199.999999998
199.999999996
199.999999994
0
0
0
0
0
0
0
0
0
0
0
0
0
0
0
0
0
0
0
0
9.00443159794e-08
1.1104476285e-06
1.00445850679e-05
0
0
0
0
0
0
0
0
0
0
0
0
0
0
0
0
0
0
0
0
0
0
0
0
0
0
0
0
0
0
0
0
0
0
0
0
0
0
0
0
0
0
0
0
0
0
0
0
0
0
0
1.67981380186e-11
3.75365800169e-11
5.24584923853e-10
1.505611383e-09
0.00571857315709
200
200
200
200
200
200
200
200
200
200
200
199.999999999
199.999999999
199.999999999
199.999999998
199.999999997
199.999999995
5.47775188303e-05
0
0
0
0
0
0
0
0
0
0
0
0
0
0
0
0
0
0
0
4.42064132177e-08
6.06965287435e-07
6.19778969823e-06
0
0
0
0
0
0
0
0
0
0
0
0
0
0
0
0
0
0
0
0
0
0
0
0
0
0
0
0
0
0
0
0
0
0
0
0
0
0
0
0
0
0
0
0
0
0
0
0
0
0
0
0
1.51183242168e-11
3.37829220152e-11
4.65681251144e-10
1.02597694425e-09
0.000114582566122
200
200
200
200
200
200
200
200
200
200
200
199.999999999
199.999999999
199.999999999
199.999999998
199.999999996
199.999999993
0
0
0
0
0
0
0
0
0
0
0
0
0
0
0
0
0
0
0
2.70294112246e-08
4.56823249865e-07
4.18954448034e-06
0
0
0
0
0
0
0
0
0
0
0
0
0
0
0
0
0
0
0
0
0
0
0
0
0
0
0
0
0
0
0
0
0
0
0
0
0
0
0
0
0
0
0
0
0
0
0
0
0
0
0
0
0
2.15635045407e-11
7.37635602151e-11
3.57463372335e-10
5.54584329532e-10
1.11425608984e-05
200
200
200
200
200
200
200
200
200
200
199.999999999
199.999999999
199.999999999
199.999999998
199.999999997
199.999999994
8.09173815132e-06
0
0
0
0
0
0
0
0
0
0
0
0
0
0
0
0
0
0
1.60199401629e-08
3.67004764323e-07
3.12658834995e-06
0
0
0
0
0
0
0
0
0
0
0
0
0
0
0
0
0
0
0
0
0
0
0
0
0
0
0
0
0
0
0
0
0
0
0
0
0
0
0
0
0
0
0
0
0
0
0
0
0
0
0
0
0
6.44518032399e-12
1.36064917951e-11
1.12859341395e-10
3.00603723602e-10
4.96616021681e-10
4.82733862152e-10
199.999999999
200
200
200
200
200
200
200
200
200
199.999999999
199.999999999
199.999999998
199.999999997
199.999999995
199.99999999
0
0
0
0
0
0
0
0
0
0
0
0
0
0
0
0
0
0
1.32506451563e-08
2.96005432373e-07
2.56974825244e-06
0
0
0
0
0
0
0
0
0
0
0
0
0
0
0
0
0
0
0
0
0
0
0
0
0
0
0
0
0
0
0
0
0
0
0
0
0
0
0
0
0
0
0
0
0
0
0
0
0
0
0
0
0
6.44518032399e-12
1.22458426156e-11
1.22458426156e-11
1.19173300878e-10
2.89563144533e-10
4.36616355498e-10
4.1620626658e-10
199.999999999
200
200
200
200
200
200
200
200
199.999999999
199.999999999
199.999999998
199.999999997
199.999999995
199.99999999
0
0
0
0
0
0
0
0
0
0
0
0
0
0
0
0
0
0
1.22168656242e-08
2.89886516503e-07
2.38276229141e-06
0
0
0
0
0
0
0
0
0
0
0
0
0
0
0
0
0
0
0
0
0
0
0
0
0
0
0
0
0
0
0
0
0
0
0
0
0
0
0
0
0
0
0
0
0
0
0
0
0
0
0
0
0
0
1.22458426156e-11
1.22458426156e-11
1.22458426156e-11
1.44529400528e-10
3.32503921939e-10
3.58717337604e-10
1.83530696127e-06
199.999999999
200
200
200
200
200
200
200
199.999999999
199.999999999
199.999999998
199.999999997
199.999999995
199.99999999
0
0
0
0
0
0
0
0
0
0
0
0
0
0
0
0
0
0
1.25055318149e-08
2.86920862091e-07
2.43950492702e-06
0
0
0
0
0
0
0
0
0
0
0
0
0
0
0
0
0
0
0
0
0
0
0
0
0
0
0
0
0
0
0
0
0
0
0
0
0
0
0
0
0
0
0
0
0
0
0
0
0
0
0
0
0
0
0
1.22458426156e-11
1.22458426156e-11
1.22458426156e-11
1.72702844584e-10
2.59650904929e-10
2.50937835144e-10
3.92106048724e-05
199.999999999
200
200
200
200
200
199.999999999
199.999999999
199.999999999
199.999999998
199.999999997
199.999999995
199.999999989
0
0
0
0
0
0
0
0
0
0
0
0
0
0
0
0
0
0
1.73840664715e-08
3.00055170308e-07
2.6916238845e-06
0
0
0
0
0
0
0
0
0
0
0
0
0
0
0
0
0
0
0
0
0
0
0
0
0
0
0
0
0
0
0
0
0
0
0
0
0
0
0
0
0
0
0
0
0
0
0
0
0
0
0
0
0
0
0
0
0
6.44518032399e-12
1.94071540867e-11
1.63818455858e-10
2.16134415171e-10
1.55576503357e-10
199.999999999
199.999999999
199.999999999
199.999999999
199.999999999
199.999999999
199.999999999
199.999999999
199.999999999
199.999999998
199.999999997
199.999999994
199.999999986
0
0
0
0
0
0
0
0
0
0
0
0
0
0
0
0
0
0
2.38690093309e-08
4.06354037579e-07
3.17136700872e-06
0
0
0
0
0
0
0
0
0
0
0
0
0
0
0
0
0
0
0
0
0
0
0
0
0
0
0
0
0
0
0
0
0
0
0
0
0
0
0
0
0
0
0
0
0
0
0
0
0
0
0
0
0
0
0
0
0
0
3.37829220152e-11
4.4697891488e-11
4.02281023392e-11
8.1289223322e-11
1.04516242311e-08
199.999999999
199.999999999
199.999999999
199.999999999
199.999999999
199.999999999
199.999999999
199.999999999
199.999999998
199.999999996
199.999999993
199.999999981
0
0
0
0
0
0
0
0
0
0
0
0
0
0
0
0
0
0
3.51038917379e-08
5.24482867532e-07
3.97711273251e-06
0
0
0
0
0
0
0
0
0
0
0
0
0
0
0
0
0
0
0
0
0
0
0
0
0
0
0
0
0
0
0
0
0
0
0
0
0
0
0
0
0
0
0
0
0
0
0
0
0
0
0
0
0
0
0
0
0
0
8.84112527296e-12
3.75365800169e-11
5.68256353467e-11
4.4697891488e-11
2.22595184154e-09
199.999999999
199.999999999
199.999999999
199.999999999
199.999999999
199.999999999
199.999999999
199.999999998
199.999999998
199.999999996
199.999999991
199.999999968
0
0
0
0
0
0
0
0
0
0
0
0
0
0
0
0
0
0
5.99379943307e-08
6.68603117515e-07
4.91200409535e-06
0
0
0
0
0
0
0
0
0
0
0
0
0
0
0
0
0
0
0
0
0
0
0
0
0
0
0
0
0
0
0
0
0
0
0
0
0
0
0
0
0
0
0
0
0
0
0
0
0
0
0
0
0
0
0
0
0
0
0
0
4.17073111299e-11
6.31395948296e-11
9.03740824221e-10
1.8982443302e-08
199.999999999
199.999999999
199.999999999
199.999999999
199.999999999
199.999999999
199.999999998
199.999999997
199.999999994
199.999999986
199.999999893
6.44518032399e-12
0
0
0
0
0
0
0
0
0
0
0
0
0
0
0
0
3.33213026072e-09
1.0468874837e-07
9.60749753372e-07
5.82644449202e-06
0
0
0
0
0
0
0
0
0
0
0
0
0
0
0
0
0
0
0
0
0
0
0
0
0
0
0
0
0
0
0
0
0
0
0
0
0
0
0
0
0
0
0
0
0
0
0
0
0
0
0
0
0
0
0
0
0
0
0
0
0
4.6341456811e-11
1.01912899464e-09
7.13835068346e-09
199.999999999
199.999999999
199.999999999
199.999999999
199.999999999
199.999999999
199.999999998
199.999999995
199.99999999
199.999999974
199.999618633
6.44518032399e-12
6.44518032399e-12
0
0
0
0
0
0
0
0
0
0
0
0
0
0
0
1.05268829189e-08
1.74140050049e-07
1.44720004019e-06
1.504592344e-05
0
0
0
0
0
0
0
0
0
0
0
0
0
0
0
0
0
0
0
0
0
0
0
0
0
0
0
0
0
0
0
0
0
0
0
0
0
0
0
0
0
0
0
0
0
0
0
0
0
0
0
0
0
0
0
0
0
0
0
0
0
0
4.40294593445e-10
2.36858919774e-09
199.999999999
199.999999999
199.999999998
199.999999998
199.999999998
199.999999998
199.999999996
199.999999991
199.999999981
199.999999907
199.997713238
6.44518032399e-12
6.44518032399e-12
6.44518032399e-12
0
0
0
0
0
0
0
0
0
0
0
0
0
0
2.67047194242e-08
2.766932545e-07
1.97143321206e-06
4.884766171e-05
0
0
0
0
0
0
0
0
0
0
0
0
0
0
0
0
0
0
0
0
0
0
0
0
0
0
0
0
0
0
0
0
0
0
0
0
0
0
0
0
0
0
0
0
0
0
0
0
0
0
0
0
0
0
0
0
0
0
0
0
0
0
0
2.23509474493e-09
199.999999999
199.999999999
199.999999998
199.999999997
199.999999997
199.999999996
199.999999991
199.999999982
199.999999945
199.999774806
0
5.80066229159e-12
6.44518032399e-12
6.44518032399e-12
6.44518032399e-12
0
0
0
0
0
0
0
0
0
0
0
0
2.88423021355e-10
4.88178690152e-08
4.99210450962e-07
2.49523181594e-06
8.82362645747e-05
0
0
0
0
0
0
0
0
0
0
0
0
0
0
0
0
0
0
0
0
0
0
0
0
0
0
0
0
0
0
0
0
0
0
0
0
0
0
0
0
0
0
0
0
0
0
0
0
0
0
0
0
0
0
0
0
0
0
0
0
0
0
0
2.04314401203e-09
199.999999998
199.999999998
199.999999997
199.999999997
199.999999996
199.999999992
199.999999983
199.999999956
199.999903061
199.99864969
0
0
5.80066229159e-12
6.44518032399e-12
6.44518032399e-12
0
0
0
0
0
0
0
0
0
0
0
0
8.53681783886e-09
8.28408604138e-08
6.42526179649e-07
2.71284396118e-06
0.000146420712598
0
0
0
0
0
0
0
0
0
0
0
0
0
0
0
0
0
0
0
0
0
0
0
0
0
0
0
0
0
0
0
0
0
0
0
0
0
0
0
0
0
0
0
0
0
0
0
0
0
0
0
0
0
0
0
0
0
0
0
0
0
0
0
0
199.999999998
199.999999998
199.999999997
199.999999996
199.999999993
199.999999983
199.99999996
199.999929332
199.999354151
0
0
0
0
6.44518032399e-12
6.44518032399e-12
6.44518032399e-12
0
0
0
0
0
0
0
0
0
0
0
1.74634914823e-08
1.74658617709e-07
8.52030875131e-07
5.66457012118e-06
0.000205260178634
0
0
0
0
0
0
0
0
0
0
0
0
0
0
0
0
0
0
0
0
0
0
0
0
0
0
0
0
0
0
0
0
0
0
0
0
0
0
0
0
0
0
0
0
0
0
0
0
0
0
0
0
0
0
0
0
0
0
0
0
0
0
0
0
199.999999997
199.999999998
199.999999997
199.999999993
199.999999983
199.999999956
199.999942759
199.999476862
0
0
0
0
0
0
6.44518032399e-12
6.44518032399e-12
0
0
0
0
0
0
0
0
0
0
4.51518070472e-09
3.2893491577e-08
2.00890766594e-07
8.1406093233e-07
1.25848662334e-05
0.000318135449948
0
0
0
0
0
0
0
0
0
0
0
0
0
0
0
0
0
0
0
0
0
0
0
0
0
0
0
0
0
0
0
0
0
0
0
0
0
0
0
0
0
0
0
0
0
0
0
0
0
0
0
0
0
0
0
0
0
0
0
0
0
0
0
0
199.999999996
199.999999997
199.999999994
199.999999985
199.999999939
199.999948483
199.999576258
0
0
0
0
0
0
0
0
6.44518032399e-12
0
0
0
0
0
0
0
0
0
0
1.26684772222e-08
6.74430058164e-08
2.33855001309e-07
5.68772063925e-07
1.48554458581e-05
0.000474254474773
0
0
0
0
0
0
0
0
0
0
0
0
0
0
0
0
0
0
0
0
0
0
0
0
0
0
0
0
0
0
0
0
0
0
0
0
0
0
0
0
0
0
0
0
0
0
0
0
0
0
0
0
0
0
0
0
0
0
0
0
0
0
0
13.4451109037
199.999999994
199.999999996
199.999999985
199.999999907
199.999953635
199.999529176
0
0
0
0
0
0
0
0
0
0
0
0
0
0
0
0
0
0
0
4.99924246536e-09
1.86337660958e-08
7.49084785973e-08
1.38665749531e-07
1.27423341645e-06
2.27434243623e-05
0.000671869655885
0
0
0
0
0
0
0
0
0
0
0
0
0
0
0
0
0
0
0
0
0
0
0
0
0
0
0
0
0
0
0
0
0
0
0
0
0
0
0
0
0
0
0
0
0
0
0
0
0
0
0
0
0
0
0
0
0
0
0
0
0
0
0
199.999999705
199.99999999
199.999999982
199.99999955
199.999936399
199.999354151
0
0
0
0
0
0
0
0
0
0
0
0
0
0
0
0
0
0
0
0
1.37751734831e-08
5.12677565014e-08
8.6119978713e-08
2.46340907628e-08
1.23611178313e-06
3.85726675049e-05
0.000723735014169
0
0
0
0
0
0
0
0
0
0
0
0
0
0
0
0
0
0
0
0
0
0
0
0
0
0
0
0
0
0
0
0
0
0
0
0
0
0
0
0
0
0
0
0
0
0
0
0
0
0
0
0
0
0
0
0
0
0
0
0
0
0
0
199.999999595
199.999999974
199.999995891
199.999721983
0
0
0
0
0
0
0
0
0
0
0
0
0
0
0
0
0
0
0
0
0
7.7784522527e-09
2.86090072605e-08
9.30374900533e-08
1.57222198027e-07
1.02958014754e-08
3.17857824214e-07
6.44814322317e-05
0.000667471405129
0
0
0
0
0
0
0
0
0
0
0
0
0
0
0
0
0
0
0
0
0
0
0
0
0
0
0
0
0
0
0
0
0
0
0
0
0
0
0
0
0
0
0
0
0
0
0
0
0
0
0
0
0
0
0
0
0
0
0
0
0
0
0
199.99999871
0
0
0
0
0
0
0
0
0
0
0
0
0
0
0
0
0
0
0
0
0
0
0
5.20216346253e-09
1.34986495008e-08
3.68331651358e-08
8.80688583845e-08
9.97115356841e-08
3.10778097094e-07
1.24852740188e-06
3.26344069191e-05
0.000360195613291
0
0
0
0
0
0
0
0
0
0
0
0
0
0
0
0
0
0
0
0
0
0
0
0
0
0
0
0
0
0
0
0
0
0
0
0
0
0
0
0
0
0
0
0
0
0
0
0
0
0
0
0
0
0
0
0
0
0
0
0
0
0
0
0
0
0
0
0
0
0
0
0
0
0
0
0
0
0
0
0
0
0
0
0
0
0
3.51049236369e-09
1.73262603931e-08
2.68117446889e-08
3.75074003736e-08
3.90155515712e-08
1.82664584265e-06
2.27293334111e-06
4.24682011609e-06
2.43544465114e-05
0.000576168712025
1.48880857784e-12
0
0
0
0
0
0
0
0
0
0
0
0
0
0
0
0
0
0
0
0
0
0
0
0
0
0
0
0
0
0
0
0
0
0
0
0
0
0
0
0
0
0
0
0
0
0
0
0
0
0
0
0
0
0
0
0
0
0
0
0
0
0
0
0
0
0
0
0
0
0
0
0
0
0
0
0
0
0
0
0
0
0
0
0
3.12049549411e-09
1.89711200058e-08
2.85921829477e-08
3.12051264235e-08
6.20876216997e-08
4.52916462886e-07
5.05756281907e-07
7.63076394e-07
1.79607634862e-06
1.05354443138e-05
0.000336604955831
200
200
3.58503946155e-12
0
0
0
0
0
0
0
0
0
0
0
0
0
0
0
0
0
0
0
0
0
0
0
0
0
0
0
0
0
0
0
0
0
0
0
0
0
0
0
0
0
0
0
0
0
0
0
0
0
0
0
0
0
0
0
0
0
0
0
0
0
0
0
0
0
0
0
0
0
0
0
0
0
0
0
0
0
0
0
0
0
4.9536513516e-09
2.1163923739e-08
2.09825349996e-08
3.88897495461e-08
1.88215464893e-07
1.67423153951e-07
1.80931993256e-07
2.87580793972e-07
5.05843628452e-07
1.2297563695e-06
6.88126866614e-06
0.000309088791818
200
200
200
200
199.986874795
0
0
0
0
0
0
0
0
0
0
0
0
0
0
0
0
0
0
0
0
0
0
0
0
0
0
0
0
0
0
0
0
0
0
0
0
0
0
0
0
0
0
0
0
0
0
0
0
0
0
0
0
0
0
0
0
0
0
0
0
0
0
0
0
0
0
0
0
0
0
0
0
0
0
2.15635045407e-11
2.39594494897e-11
1.51183242168e-11
2.4108241271e-09
1.66841406174e-08
2.17098879409e-08
2.11882677285e-08
1.09669104371e-07
1.04652059095e-07
1.06566339207e-07
1.23901137334e-07
1.5726366402e-07
2.10771275927e-07
2.96285663759e-07
5.34737663594e-07
2.68600055027e-06
0.00021914033155
200
200
200
200
200
15.8649119181
2.45124103466e-11
0
0
0
0
0
0
0
0
0
0
0
0
0
0
0
0
0
0
0
0
0
0
0
0
0
0
0
0
0
0
0
0
0
0
0
0
0
0
0
0
0
0
0
0
0
0
0
0
0
0
0
0
0
0
0
0
0
0
0
0
0
0
0
0
0
0
9.32365172129e-09
1.18896965283e-08
7.81716614274e-08
1.19301024762e-07
2.64847798651e-07
3.49437610954e-07
4.03199963398e-07
4.32642512416e-07
2.95437082977e-07
5.52932458739e-08
1.87937866948e-08
1.05496082171e-07
7.77242775769e-08
7.37774623641e-08
8.28445191823e-08
9.75282461024e-08
1.13683258109e-07
1.35878821377e-07
1.68858645929e-07
2.13037081775e-07
2.91426610329e-07
6.28134237539e-07
0.000130220612252
200
200
200
200
0.291115668576
1.7962887939e-05
0.000132974610422
3.75559411073e-05
6.50794284546e-12
0
0
0
0
0
0
0
0
0
0
0
0
0
0
0
0
0
0
0
0
0
0
0
0
0
0
0
0
0
0
0
0
0
0
0
0
0
0
0
0
0
0
0
0
0
0
0
0
0
0
0
0
0
0
0
0
0
0
0
0
0
0
1.01250327723e-07
5.35883638235e-07
1.09312772278e-06
1.67151269545e-06
1.99287569398e-06
2.14493671822e-06
2.39753350461e-06
2.14048158698e-06
1.92117592825e-06
1.35186679582e-06
5.27906185672e-07
2.19014955344e-07
9.70598481948e-08
6.6572002507e-08
6.6462688313e-08
7.33563043136e-08
8.13130428223e-08
9.17368607781e-08
1.04385976633e-07
1.20482329972e-07
1.41690636555e-07
1.68275147126e-07
2.05009696819e-07
2.82419649889e-07
6.14867729347e-05
200
200
200
0.191000990153
0.000278016896735
3.04203179309e-05
4.72188838516e-06
3.22662460497e-08
6.74682236797e-08
7.02235886789e-10
0
0
0
0
0
0
0
0
0
0
0
0
0
0
0
0
0
0
0
0
0
0
0
0
0
0
0
0
0
0
0
0
0
0
0
0
0
0
0
0
0
0
0
0
0
0
0
0
0
0
0
0
0
0
0
0
0
0
0
0
0
4.91979958743e-07
1.42290756328e-06
1.53896588034e-06
1.59414086872e-06
1.73206979698e-06
1.85388251716e-06
1.96941497834e-06
2.00820731739e-06
1.91281374242e-06
1.71507768242e-06
1.37464051114e-06
2.93362867557e-07
1.12780221812e-07
8.39809532786e-08
7.57565278453e-08
7.66860927071e-08
8.12750214319e-08
8.88267966648e-08
9.83912767589e-08
1.1029975195e-07
1.24818265363e-07
1.42321613927e-07
1.63579346757e-07
1.95313130888e-07
2.47301897208e-05
200
24.1013380302
0.0739976970007
0.000470824063077
4.37328424739e-05
1.51933475268e-06
8.33071302081e-08
2.11653204614e-08
1.24910014086e-08
2.90313388352e-08
3.98262845008e-08
2.93262866053e-11
0
0
0
0
0
0
0
0
0
0
0
0
0
0
0
0
0
0
0
0
0
0
0
0
0
0
0
0
0
0
0
0
0
0
0
0
0
0
0
0
0
0
0
0
0
0
0
0
0
0
0
0
0
0
0
0
0
0
0
1.12851177243e-06
1.64980233556e-06
1.72246578555e-06
1.77864417938e-06
1.86630832031e-06
1.94329905474e-06
2.02789278588e-06
2.08404953647e-06
2.15985826993e-06
2.18768493367e-06
2.03536835814e-06
9.06612949344e-07
1.84768465196e-07
1.10766713015e-07
8.82082207546e-08
8.2949043412e-08
8.40104390978e-08
8.83143132983e-08
9.51462930608e-08
1.03996156144e-07
1.14356189378e-07
1.26505430439e-07
1.40151631907e-07
1.58210525079e-07
9.19107553336e-06
1.56322046329
0.0274433003475
0.000645849197253
5.15170873882e-05
3.19223867576e-06
1.16929045002e-07
2.89425595587e-08
1.67211922187e-08
1.38820031829e-08
1.71364552251e-08
1.38750475788e-08
2.3506797291e-08
3.48408851351e-10
0
0
0
0
0
0
0
0
0
0
0
0
0
0
0
0
0
0
0
0
0
0
0
0
0
0
0
0
0
0
0
0
0
0
0
0
0
0
0
0
0
0
0
0
0
0
0
0
0
0
0
0
0
0
0
0
0
0
1.02539823341e-06
1.81147265417e-06
1.83326931488e-06
1.96162611108e-06
2.03101790876e-06
2.07696878329e-06
2.13621335288e-06
2.1972297233e-06
2.29154499165e-06
2.45270448759e-06
2.57697228801e-06
1.6756960934e-06
2.90526245679e-07
1.42044203401e-07
1.0487944187e-07
9.21777928446e-08
8.90759643712e-08
9.03606758894e-08
9.46595429094e-08
1.00802685879e-07
1.08379347805e-07
1.1716875423e-07
1.26560889355e-07
1.38339483124e-07
2.72903177962e-06
0.00796627919545
0.000696461829424
6.62838967344e-05
5.08827091924e-06
1.51155024628e-07
2.60478739045e-08
1.65039680752e-08
1.24938028646e-08
1.12419012677e-08
1.12404268172e-08
1.03777099353e-08
9.09421581698e-09
2.1153620567e-08
5.60302112039e-09
0
0
0
0
0
0
0
0
0
0
0
0
0
0
0
0
0
0
0
0
0
0
0
0
0
0
0
0
0
0
0
0
0
0
0
0
0
0
0
0
0
0
0
0
0
0
0
0
0
0
0
0
0
0
0
0
0
0
2.76581585624e-06
2.14755705077e-06
2.26520276866e-06
2.29614675589e-06
2.29765753699e-06
2.3286719745e-06
2.36790259037e-06
2.46415931848e-06
2.57870963017e-06
2.80288407559e-06
2.42836869031e-06
6.2325904375e-07
1.85153554121e-07
1.24499972106e-07
1.03619624805e-07
9.62070682914e-08
9.46680964861e-08
9.63843138354e-08
1.00842351511e-07
1.0647100122e-07
1.12966204687e-07
1.19672448992e-07
1.28152304802e-07
7.33666869922e-07
0.000836301139637
8.29790284732e-05
7.4935587079e-06
5.25632661935e-08
2.03685906177e-08
1.40322904522e-08
1.12444225781e-08
1.0117711141e-08
9.10341871646e-09
9.10194426594e-09
9.09848567828e-09
1.01094285314e-08
1.42646199562e-08
3.47067136372e-08
1.77373703961e-08
0
0
0
0
0
0
0
0
0
0
0
0
0
0
0
0
0
0
0
0
0
0
0
0
0
0
0
0
0
0
0
0
0
0
0
0
0
0
0
0
0
0
0
0
0
0
0
0
0
0
0
0
0
0
0
0
0
4.63278979352e-06
2.98000411183e-06
2.85905497184e-06
2.71806577715e-06
2.62370415478e-06
2.58685582569e-06
2.6065811719e-06
2.64321705096e-06
2.7377441121e-06
2.87802312814e-06
3.07486537358e-06
1.1507130976e-06
2.42612567137e-07
1.47570032737e-07
1.17329472193e-07
1.0512787401e-07
1.00356133588e-07
1.0045725275e-07
1.02761394096e-07
1.06868642648e-07
1.11643791745e-07
1.16824570737e-07
1.23369897213e-07
3.71899759826e-07
0.000136856508183
9.64061277621e-06
1.91408489676e-08
1.50132989004e-08
1.20150616629e-08
1.0107913761e-08
8.62372657478e-09
8.09336590013e-09
7.37257485541e-09
7.37124784994e-09
7.93656434835e-09
8.99615025881e-09
1.18807214103e-08
2.67152701938e-08
6.55353675275e-07
8.33156143871e-08
0
0
0
0
0
0
0
0
0
0
0
0
0
0
0
0
0
0
0
0
0
0
0
0
0
0
0
0
0
0
0
0
0
0
0
0
0
0
0
0
0
0
0
0
0
0
0
0
0
0
0
0
0
0
0
0
4.931428771e-06
4.05303616761e-06
3.56863592252e-06
3.27346496591e-06
3.04167016106e-06
2.93872096046e-06
2.87433573038e-06
2.86084058036e-06
2.90546310875e-06
2.99916865583e-06
3.45904063919e-06
1.67716359901e-06
3.09310439693e-07
1.73045783668e-07
1.32649278737e-07
1.15549081364e-07
1.08453260316e-07
1.06306262521e-07
1.07112467522e-07
1.10200366363e-07
1.14077941132e-07
1.18098259825e-07
1.23791528542e-07
2.89668474896e-07
1.34288928638e-05
1.1956641547e-08
1.078585406e-08
9.48560974014e-09
8.21549003465e-09
7.3745527438e-09
6.63531736987e-09
6.4378049657e-09
6.05334871283e-09
6.16075120146e-09
6.63132160894e-09
7.36631481176e-09
1.01035694771e-08
0.000164037591726
5.84344908868e-05
1.83555568988e-05
1.42737326496e-07
0
0
0
0
0
0
0
0
0
0
0
0
0
0
0
0
0
0
0
0
0
0
0
0
0
0
0
0
0
0
0
0
0
0
0
0
0
0
0
0
0
0
0
0
0
0
0
0
0
0
0
0
0
0
0
5.1985755016e-06
5.01430155151e-06
4.30811026324e-06
3.89315271729e-06
3.59228467225e-06
3.3469141212e-06
3.18513170199e-06
3.09955092039e-06
3.07818552494e-06
3.1118654068e-06
3.47612676891e-06
1.93899846423e-06
3.7108470504e-07
1.99883369487e-07
1.49299939006e-07
1.27646028416e-07
1.18180009232e-07
1.14347387995e-07
1.14289925422e-07
1.15852383924e-07
1.19250484499e-07
1.2279381489e-07
28.2455454015
41.0989679738
8.22675510726e-09
7.88534365678e-09
7.41493252069e-09
6.83195070979e-09
6.28677484937e-09
5.88852872731e-09
5.37256480817e-09
5.3274842525e-09
5.13985884791e-09
5.2676818237e-09
5.36856904724e-09
6.08224407422e-09
25.8816328244
110.998828265
1.61034142999
0.0118646283835
0.000469658969231
3.92055880603e-08
0
0
0
0
0
0
0
0
0
0
0
0
0
0
0
0
0
0
0
0
0
0
0
0
0
0
0
0
0
0
0
0
0
0
0
0
0
0
0
0
0
0
0
0
0
0
0
0
0
0
0
0
0
0
4.48163099802e-06
5.83875621423e-06
4.94538208419e-06
4.4796738672e-06
4.12559640304e-06
3.78129208501e-06
3.52125502007e-06
3.33662175877e-06
3.22911422773e-06
3.18238274108e-06
3.44594391725e-06
1.87717219224e-06
4.0862110473e-07
2.242904641e-07
1.66682964183e-07
1.41358887301e-07
1.29794617541e-07
1.2448513695e-07
1.23603311348e-07
1.24942262051e-07
56.2190033205
116.909312348
146.985779742
144.400117734
6.00635072587e-09
5.82408671797e-09
5.59814825053e-09
5.34439872266e-09
4.99240611783e-09
4.79751579126e-09
4.45827235568e-09
4.34854092827e-09
4.34854092827e-09
4.34721392279e-09
4.52120761774e-09
199.998906254
199.999997823
199.999999999
200
200
0.249981117999
0.00254084690253
6.3982508857e-09
0
0
0
0
0
0
0
0
0
0
0
0
0
0
0
0
0
0
0
0
0
0
0
0
0
0
0
0
0
0
0
0
0
0
0
0
0
0
0
0
0
0
0
0
0
0
0
0
0
0
0
0
0
3.17664220353e-06
6.38568717405e-06
5.5243817197e-06
5.05358742203e-06
4.65024135799e-06
4.22419428956e-06
3.88160000723e-06
3.58078097119e-06
3.36586123063e-06
3.2086334057e-06
3.41744140913e-06
1.57347185544e-06
4.13373081619e-07
2.43719619576e-07
1.8445686248e-07
1.56849829861e-07
1.43665493316e-07
1.3737773041e-07
98.6654584176
158.452010785
182.157073291
191.340505929
193.751630634
192.683838472
4.72516162693e-09
4.65500983435e-09
4.52327854172e-09
4.35229891621e-09
4.16394386613e-09
3.9144704189e-09
3.82749735697e-09
3.65923418756e-09
3.56979613185e-09
3.6213730093e-09
3.88173297218e-09
199.992084951
199.99974979
200
200
200
200
4.51215679779
0.0020580859711
1.66361369803e-11
0
0
0
0
0
0
0
0
0
0
0
0
0
0
0
0
0
0
0
0
0
0
0
0
0
0
0
0
0
0
0
0
0
0
0
0
0
0
0
0
0
0
0
0
0
0
0
0
0
0
0
0
0
7.54092264633e-06
6.15051483445e-06
5.68730614714e-06
5.17893184463e-06
4.6883701396e-06
4.21895345996e-06
3.79789993025e-06
3.44508328787e-06
3.18392374292e-06
3.22320350899e-06
1.20286918492e-06
4.04241020591e-07
2.61687143224e-07
17.4715870262
114.383938162
155.883882656
179.086604843
191.924574655
196.338616812
197.966435128
198.548906149
198.733253152
198.515589523
3.97625286214e-09
3.85962204522e-09
3.78406769712e-09
3.66777486575e-09
3.49807787219e-09
3.3544395167e-09
3.19674045558e-09
3.12592911755e-09
3.07475019312e-09
3.10432082766e-09
3.16684977036e-09
3.52004897254e-09
199.992712927
199.999420458
199.999856526
199.999886259
199.99990055
199.999903404
3.65341674732
4.30657022498e-05
0
0
0
0
0
0
0
0
0
0
0
0
0
0
0
0
0
0
0
0
0
0
0
0
0
0
0
0
0
0
0
0
0
0
0
0
0
0
0
0
0
0
0
0
0
0
0
0
0
0
0
0
0
158.821782719
178.11620956
183.121896249
184.178269752
178.1162073
175.684673591
169.981076873
162.93959965
156.975352122
154.246417547
158.437281856
166.653030264
179.120236774
189.187392335
194.766205977
197.232059451
198.322489123
198.908656707
199.274089045
199.492538611
199.590858953
199.614185279
199.539408871
3.35314876981e-09
3.30706858187e-09
3.19929957618e-09
3.06435338918e-09
2.97339498473e-09
2.79679581594e-09
2.71001500966e-09
2.62675451665e-09
2.57162631308e-09
2.57534572573e-09
2.67565739982e-09
2.92246892581e-09
3.6754004315e-09
199.964608101
199.997181474
199.999286999
199.99962475
199.999730548
199.999735504
0.208727760431
2.71958778473e-05
0
0
0
0
0
0
0
0
0
0
0
0
0
0
0
0
0
0
0
0
0
0
0
0
0
0
0
0
0
0
0
0
0
0
0
0
0
0
0
0
0
0
0
0
0
0
0
0
0
0
130.26431198
197.844947276
199.452226854
199.64060711
199.71814259
199.711752278
199.600669835
199.556298453
199.452218461
199.291222255
199.118163884
198.930920685
198.741909542
198.727463308
198.809048378
199.020806725
199.270748826
199.474277461
199.621664997
199.723372692
199.798282937
199.845976327
199.859211333
199.855122889
199.822881907
2.8183626621e-09
2.73541406068e-09
2.68342759156e-09
2.59081223674e-09
2.46780275661e-09
2.40482134416e-09
2.28543816489e-09
2.22083139718e-09
2.18620149884e-09
2.18336057865e-09
2.23370794433e-09
2.40217686158e-09
2.8830292959e-09
3.64645073089e-07
198.854722262
199.990008325
199.997718727
199.99912203
199.999433384
199.999564866
0.0103731571524
4.83012945851e-08
0
0
0
0
0
0
0
0
0
0
0
0
0
0
0
0
0
0
0
0
0
0
0
0
0
0
0
0
0
0
0
0
0
0
0
0
0
0
0
0
0
0
0
0
0
0
0
0
113.906558
199.391349456
199.887226282
199.951467957
199.964618236
199.97462858
199.962815196
199.960680263
199.951454813
199.940065637
199.917858847
199.891845499
199.860761412
199.828099693
199.80518562
199.79140035
199.80593074
199.834785568
199.867840008
199.898916133
199.920953885
199.935307671
199.941699792
199.941081928
199.938492924
199.931273078
2.36597354496e-09
2.32133739542e-09
2.27375978136e-09
2.20239542942e-09
2.13507576838e-09
2.0399570155e-09
1.97894107945e-09
1.93287201571e-09
1.88887098276e-09
1.86423808393e-09
1.89851257668e-09
1.97986077677e-09
2.24277787556e-09
1.22437773204e-07
4.94192208743e-06
4.0385005119e-06
199.974203569
199.994694553
199.997952243
199.998925697
7.97270279481
2.30321401145e-05
4.34867479913e-09
0
0
0
0
0
0
0
0
0
0
0
0
0
0
0
0
0
0
0
0
0
0
0
0
0
0
0
0
0
0
0
0
0
0
0
0
0
0
0
0
0
0
0
0
0
0
0
199.165088416
199.964607282
199.996171059
199.997731697
199.99795462
199.997414421
199.996855502
199.995702633
199.994101892
199.991006855
199.9873065
199.982141774
199.976038974
199.968146978
199.960949522
199.956305449
199.955937907
199.957256992
199.960582763
199.964922811
199.969539161
199.972932997
199.974023779
199.972897805
199.97170865
199.975424634
2.07798138919e-09
2.03329076161e-09
1.9844721845e-09
1.93277073459e-09
1.87061065201e-09
1.79446505966e-09
1.75858267736e-09
1.69916018631e-09
1.64008462293e-09
1.62212331626e-09
1.62234152817e-09
1.65934957908e-09
1.79862764318e-09
3.44789302293e-09
2.37890374259e-06
4.39974745664e-06
4.56328910077e-06
199.908651007
199.988901976
199.996140282
199.997196002
3.05764158027e-05
3.13034264167e-05
0
0
0
0
0
0
0
0
0
0
0
0
0
0
0
0
0
0
0
0
0
0
0
0
0
0
0
0
0
0
0
0
0
0
0
0
0
0
0
0
0
0
0
0
0
0
185.642040246
199.964607157
199.999329373
199.999718007
199.999644577
199.999590484
199.999472495
199.999289154
199.998939318
199.998503436
199.997715857
199.996526089
199.99522017
199.993442415
199.991751471
199.989505993
199.987659658
199.986371349
199.985992944
199.985977063
199.986396268
199.987110043
199.987453318
199.987010827
199.98644421
199.986573329
199.990725097
1.87175099253e-09
1.83130595142e-09
1.79060430766e-09
1.74138526786e-09
1.69057320892e-09
1.62528819094e-09
1.58482708094e-09
1.51642207497e-09
1.45718931841e-09
1.43225785943e-09
1.41844092268e-09
1.42908279868e-09
1.49308698277e-09
1.78678797161e-09
6.11891304815e-07
6.24139642072e-06
3.92823541251e-06
5.70592120846e-06
7.90522732574e-06
199.981201725
199.991020266
2.35601911987e-05
4.71048374483e-05
3.18307401053e-05
0
0
0
0
0
0
0
0
0
0
0
0
0
0
0
0
0
0
0
0
0
0
0
0
0
0
0
0
0
0
0
0
0
0
0
0
0
0
0
0
0
0
0
0
0
199.845289198
199.999861448
200
199.999984112
199.999947067
199.999927181
199.999889243
199.999842069
199.999764986
199.999643281
199.999462523
199.999182683
199.998762829
199.998148503
199.997459758
199.996620007
199.995822758
199.995138671
199.994690285
199.994350119
199.994122168
199.994023468
199.993861165
199.993730196
199.994607702
199.996340132
199.997052694
1.73113389717e-09
1.68778845117e-09
1.65680378865e-09
1.60552244814e-09
1.54847176124e-09
1.49594907915e-09
1.43059754362e-09
1.36763045681e-09
1.30272814133e-09
1.27073358842e-09
1.23277350311e-09
1.21858803459e-09
1.25835201899e-09
1.38355061636e-09
1.08359707731e-07
3.15118039113e-06
3.7572338587e-06
5.74397583599e-06
8.37066987029e-06
1.11843492126e-05
1.68377984731e-05
2.30640485772e-05
3.67959798583e-05
8.33219327764e-05
0.000436014467749
0
0
0
0
0
0
0
0
0
0
0
0
0
0
0
0
0
0
0
0
0
0
0
0
0
0
0
0
0
0
0
0
0
0
0
0
0
0
0
0
0
0
0
143.514092704
199.998784795
200
200
200
200
199.999993106
199.999974975
199.999964141
199.999946842
199.999915556
199.999869039
199.999814706
199.999723087
199.999577394
199.999392586
199.999115363
199.998780198
199.998429568
199.998099679
199.997832465
199.997614532
199.997495962
199.997556804
199.998493471
199.998996637
199.999045465
199.999084231
1.63058842408e-09
1.58492241344e-09
1.55050391364e-09
1.5025884987e-09
1.44242341041e-09
1.3803051912e-09
1.30877496374e-09
1.23763882059e-09
1.16839654121e-09
1.11529647703e-09
1.06565790502e-09
1.04295050103e-09
1.0410299015e-09
1.09186752713e-09
1.4537838223e-09
5.9323483686e-07
3.4619512072e-06
4.54683191778e-06
9.48156580633e-06
1.43420195136e-05
2.15119355934e-05
2.92488744088e-05
4.49597837808e-05
0.000112445233137
0.000320159115216
2.27386606513e-05
0
0
0
0
0
0
0
0
0
0
0
0
0
0
0
0
0
0
0
0
0
0
0
0
0
0
0
0
0
0
0
0
0
0
0
0
0
0
0
0
0
0
199.676538146
200
200
200
200
200
200
199.999999149
199.999988756
199.999983181
199.999976544
199.999968257
199.999957212
199.999941797
199.999911206
199.99987382
199.99981893
199.999738607
199.999643557
199.999546025
199.999444493
199.999352245
199.999424973
199.999660007
199.999755006
199.999722852
199.999682952
199.999694195
1.57026097312e-09
1.51232567878e-09
1.47435926221e-09
1.42354173501e-09
1.34908259994e-09
1.28196881962e-09
1.20281147895e-09
1.12166958615e-09
1.05046973278e-09
9.86679517302e-10
9.33607038001e-10
8.93101828505e-10
8.62060304342e-10
8.63595141015e-10
9.39583909261e-10
5.10315512372e-08
9.89533848362e-07
2.26432400445e-06
5.10686873893e-06
9.68865599241e-06
1.88853086257e-05
3.28646041449e-05
5.94692740746e-05
7.66186444405e-05
7.911693668e-05
0.000197733307617
0
0
0
0
0
0
0
0
0
0
0
0
0
0
0
0
0
0
0
0
0
0
0
0
0
0
0
0
0
0
0
0
0
0
0
0
0
0
0
0
0
0
199.99864969
200
200
200
200
200
200
200
200
199.999997464
199.999992335
199.9999891
199.999985665
199.999982127
199.999977146
199.999969707
199.999959897
199.999946666
199.999929263
199.999906908
199.999884248
199.999903946
199.999922187
199.999927468
199.999914364
199.999898413
199.999885265
199.999890737
1.55202228294e-09
1.47659975677e-09
1.42800338724e-09
1.36392601387e-09
1.28633220648e-09
1.20155823503e-09
1.11424428352e-09
1.03158246728e-09
9.51839864218e-10
8.83459673769e-10
8.28828280327e-10
7.80227638722e-10
7.50107337761e-10
7.23637338957e-10
7.23824996735e-10
8.18572824184e-10
1.34008401428e-07
6.5831408618e-07
1.48076728453e-06
3.38983965222e-06
6.49123664973e-06
1.33751664945e-05
2.5094950273e-05
4.12231978685e-05
5.15170824974e-05
8.10496006451e-05
0.000522788359055
128.267138196
0
0
0
0
0
0
0
0
0
0
0
0
0
0
0
0
0
0
0
0
0
0
0
0
0
0
0
0
0
0
0
0
0
0
0
0
0
0
0
68.78
200
200
200
200
200
200
200
200
200
200
200
199.999999211
199.999996708
199.999993438
199.99999132
199.999988957
199.999985948
199.999981907
199.999978611
199.999977482
199.999977624
199.999977538
199.999973899
199.999969017
199.999963009
199.999957301
199.99995325
199.999956359
1.59836225232e-09
1.48489951045e-09
1.41870693693e-09
1.34176368293e-09
1.24260064949e-09
1.14680332958e-09
1.05096090354e-09
9.57775359835e-10
8.77898410192e-10
8.05301066597e-10
7.4671272019e-10
7.01794841931e-10
6.59129443619e-10
6.18961515966e-10
6.02112715641e-10
6.03366301816e-10
1.16421981224e-09
1.12048033188e-07
2.87067897394e-07
6.58369501569e-07
1.41208893497e-06
2.99569540834e-06
6.07884956522e-06
1.2833728998e-05
2.41160141283e-05
5.04872357725e-05
200
199.99999004
0
0
0
0
0
0
0
0
0
0
0
0
0
0
0
0
0
0
0
0
0
0
0
0
0
0
0
0
0
0
0
0
0
0
0
0
0
0
0
199.787776678
200
200
200
200
200
200
200
200
200
200
200
200
199.999999973
199.999999519
199.999998762
199.999997677
199.999996519
199.99999534
199.999994202
199.999993157
199.999991832
199.999989562
199.999987031
199.999984613
199.999982367
199.999980588
199.999979367
199.999981054
1.77104225815e-09
1.57961106829e-09
1.46463398888e-09
1.34133320968e-09
1.22596275604e-09
1.11151414459e-09
1.00719503889e-09
9.10028681408e-10
8.26893850757e-10
7.52450347913e-10
6.9468946826e-10
6.37635731056e-10
5.88518945655e-10
5.44277417645e-10
4.99259640191e-10
4.74912209492e-10
4.77312211192e-10
6.58426301435e-09
5.59448215918e-08
1.1620627004e-07
2.25003673535e-07
4.0000136467e-07
7.61458872047e-07
1.96547308703e-06
8.08590409653e-06
0.0023099438878
200
2.21763551557e-05
183.256584445
0
0
0
0
0
0
0
0
0
0
0
0
0
0
0
0
0
0
0
0
0
0
0
0
0
0
0
0
0
0
0
0
0
0
0
0
0
0
200
200
200
200
200
200
200
200
200
200
200
200
200
200
200
199.999999824
199.999999408
199.999998829
199.999998157
199.999997355
199.999996421
199.999995357
199.999994107
199.999992845
199.999991724
199.999990905
199.999990463
199.999990274
199.999991302
83.5872629509
1.84099075299e-09
1.60983172018e-09
1.40572651511e-09
1.24233842227e-09
1.1011895894e-09
9.79069981512e-10
8.74258125097e-10
7.79439103198e-10
7.13264063765e-10
6.47012485432e-10
5.885417367e-10
5.30461154915e-10
4.74655675652e-10
4.22858919301e-10
3.8047932647e-10
3.52957007311e-10
3.62237543724e-10
5.95253485053e-09
1.86646699462e-08
3.42231305305e-08
5.67539388663e-08
8.25518809294e-08
1.14284096499e-07
2.05084619973e-07
9.89931505887e-07
6.95918619623e-06
8.46058204335e-07
0
0
0
0
0
0
0
0
0
0
0
0
0
0
0
0
0
0
0
0
0
0
0
0
0
0
0
0
0
0
0
0
0
0
0
0
0
0
0
200
200
200
200
200
200
200
200
200
200
200
200
200
200
200
199.999999999
199.999999842
199.999999469
199.999998982
199.9999984
199.999997752
199.999997056
199.99999633
199.999995699
199.999995239
199.999995037
199.999995078
199.99999526
199.999995895
0.000886575634413
2.61991708802e-09
1.971588994e-09
1.55594997803e-09
1.29498499126e-09
1.10970085253e-09
9.68445157352e-10
8.48682198485e-10
7.58448730542e-10
6.79883672112e-10
6.13052391869e-10
5.51137192264e-10
4.87895095612e-10
4.24219423334e-10
3.67490823299e-10
3.21278248069e-10
2.81685525378e-10
2.52623661953e-10
3.25100853824e-10
2.09264713823e-09
3.88377873788e-09
6.7331930309e-09
9.71905706017e-09
9.05203568792e-09
6.46956897089e-09
1.92524637259e-09
1.68179047613e-09
7.32292351573e-10
1.14029808194e-08
199.999606333
0
0
0
0
0
0
0
0
0
0
0
0
0
0
0
0
0
0
0
0
0
0
0
0
0
0
0
0
0
0
0
0
0
0
0
0
199.999991408
200
200
200
200
200
200
200
200
200
200
200
200
200
200
200
200
199.999999976
199.999999751
199.999999385
199.999998934
199.999998447
199.999997964
199.99999751
199.999997182
199.999997052
199.999997135
199.999997385
199.999997685
199.99999809
0.0065629108509
0.791837347253
2.96882776784e-09
1.83539490181e-09
1.3806545243e-09
1.13573274213e-09
9.66115339407e-10
8.36481139714e-10
7.42531536742e-10
6.63146614336e-10
5.89333558943e-10
5.25379300685e-10
4.60212198089e-10
3.95184175562e-10
3.37499193693e-10
2.85068902179e-10
2.25855797932e-10
1.46240960701e-10
1.58598834446e-10
2.81754174628e-10
5.17247717217e-10
7.26148686126e-10
6.94676899984e-10
3.96218901621e-10
5.16064481537e-10
7.21582937591e-10
1.22581714517e-09
2.07989364551e-09
1.38849973424e-08
1.93145114761e-07
0
0
0
0
0
0
0
0
0
0
0
0
0
0
0
0
0
0
0
0
0
0
0
0
0
0
0
0
0
0
0
0
0
0
0
1.48880857784e-12
200
200
200
200
200
200
200
200
200
200
200
200
200
200
200
200
200
200
199.999999884
199.999999594
199.999999225
199.999998828
199.999998456
199.99999815
199.999997984
199.999998007
199.999998223
199.999998566
199.999998909
199.999999185
0.0238402424082
0.000772104518282
51.2352863426
148.898192046
1.4967785362e-09
1.16629921792e-09
9.63101240231e-10
8.28858663372e-10
7.31883145618e-10
6.50016048749e-10
5.78945964728e-10
5.11262996005e-10
4.40382357095e-10
3.75741135053e-10
3.13265710209e-10
2.47264872059e-10
1.75548461426e-10
9.38316480353e-11
1.66360069467e-11
2.97242031136e-11
3.47364693862e-11
3.94350058424e-11
8.81936534025e-11
1.28072999112e-10
2.11215138883e-10
4.39853450997e-10
1.10266419831e-09
4.22857188547e-09
2.35260549167e-08
2.11728781927e-08
7.05225115821e-13
0
0
0
0
0
0
0
0
0
0
0
0
0
0
0
0
0
0
0
0
0
0
0
0
0
0
0
0
0
0
0
0
0
0
199.99833295
200
200
200
200
200
200
200
200
200
200
200
200
200
200
200
200
200
200
199.999999944
199.999999703
199.999999382
199.999999033
199.999998724
199.999998496
199.999998405
199.9999985
199.999998771
199.99999915
199.999999524
199.999999738
0.0189511802139
0.0201307429622
0.0207551249999
0.0402862198094
148.396569139
199.936085843
162.234015207
8.60474069844e-10
7.42029986887e-10
6.54780680129e-10
5.78768771776e-10
5.09033101053e-10
4.28299046303e-10
3.66600650434e-10
3.02416968049e-10
2.49292420097e-10
1.84354632495e-10
8.83713856745e-11
1.66360069467e-11
2.68583897252e-11
3.39528859242e-11
3.86514223804e-11
4.87898069791e-11
1.14298312211e-10
1.61220278709e-10
3.42679205887e-10
9.92397778477e-10
2.08046487786e-09
3.91929448868e-09
1.60649046365e-10
1.14281162115e-07
0
0
0
0
0
0
0
0
0
0
0
0
0
0
0
0
0
0
0
0
0
0
0
0
0
0
0
0
0
0
0
0
0
0
200
200
200
200
200
200
200
200
200
200
200
200
200
200
200
200
200
200
200
199.999999969
199.999999782
199.99999952
199.999999235
199.999998983
199.999998806
199.999998752
199.999998856
199.999999108
199.999999438
199.999999768
139.502506597
)
;

boundaryField
{
    frontAndBack
    {
        type            empty;
    }
    leftWall
    {
        type            calculated;
        value           uniform 0;
    }
    outlet
    {
        type            calculated;
        value           uniform 0;
    }
    rightWall
    {
        type            calculated;
        value           uniform 0;
    }
    inlet
    {
        type            calculated;
        value           uniform 1.05408433344e-06;
    }
}


// ************************************************************************* //
