/*--------------------------------*- C++ -*----------------------------------*\
| =========                 |                                                 |
| \\      /  F ield         | OpenFOAM: The Open Source CFD Toolbox           |
|  \\    /   O peration     | Version:  v1906                                 |
|   \\  /    A nd           | Web:      www.OpenFOAM.com                      |
|    \\/     M anipulation  |                                                 |
\*---------------------------------------------------------------------------*/
FoamFile
{
    version     2.0;
    format      ascii;
    class       volScalarField;
    location    "979";
    object      alpha;
}
// * * * * * * * * * * * * * * * * * * * * * * * * * * * * * * * * * * * * * //

dimensions      [0 0 -1 0 0 0 0];


internalField   nonuniform List<scalar> 
9216
(
200
200
200
200
200
200
200
200
200
200
200
200
200
200
200
200
200
200
200
200
200
200
200
200
200
200
200
200
200
200
200
200
200
200
200
200
200
200
200
200
200
200
200
200
200
200
200
200
200
200
200
200
200
200
200
200
200
200
200
200
200
200
200
200
200
200
200
200
200
200
200
200
200
200
200
200
200
200
200
200
200
200
200
200
200
184.894405691
164.884513889
140.249395567
112.746427958
88.6479688119
67.0816667908
49.8143361075
35.7866535845
23.0309554886
13.1117861009
1.59207290167
200
200
200
200
200
200
200
200
200
200
200
200
200
200
200
200
200
200
200
200
200
200
200
200
200
200
200
200
200
200
200
200
200
200
200
200
200
200
200
200
200
200
200
200
200
200
200
200
200
200
200
200
200
200
200
200
200
200
200
200
200
200
200
200
200
200
200
200
200
200
200
200
200
200
200
200
200
200
200
200
200
200
200
200
200
197.997325006
178.081550389
152.464182086
128.493766919
101.337396061
77.5583340107
61.4469358817
48.2754600079
31.5287404044
20.7933061669
15.4950052576
200
200
200
200
200
200
200
200
200
200
200
200
200
200
200
200
200
200
200
200
200
200
200
200
200
200
200
200
200
200
200
200
200
200
200
200
200
200
200
200
200
200
200
200
200
200
200
200
200
200
200
200
200
200
200
200
200
200
200
200
200
200
200
200
200
200
200
200
200
200
200
200
200
200
200
200
200
200
200
200
200
200
200
200
200
194.691661791
168.92813555
152.440048691
133.360636411
103.063278949
74.9295953606
65.2766927741
47.8648531612
36.8420125603
32.2317498152
21.9446536156
200
200
200
200
200
200
200
200
200
200
200
200
200
200
200
200
200
200
200
200
200
200
200
200
200
200
200
200
200
200
200
200
200
200
200
200
200
200
200
200
200
200
200
200
200
200
200
200
200
200
200
200
200
200
200
200
200
200
200
200
200
200
200
200
200
200
200
200
200
200
200
200
200
200
200
200
200
200
200
200
200
200
200
200
200
187.802419771
166.378225363
150.46336853
126.167035491
107.413037399
86.9066247127
63.1839069408
56.5743703163
47.2555459727
41.1917555455
28.790154076
200
200
200
200
200
200
200
200
200
200
200
200
200
200
200
200
200
200
200
200
200
200
200
200
200
200
200
200
200
200
200
200
200
200
200
200
200
200
200
200
200
200
200
200
200
200
200
200
200
200
200
200
200
200
200
200
200
200
200
200
200
200
200
200
200
200
200
200
200
200
200
200
200
200
200
200
200
200
200
200
200
200
200
200
200
178.939549069
158.017321532
143.741595479
133.044261975
109.117761158
93.4771851013
72.8401254746
58.7574911341
57.4195112373
53.8258701751
41.4440230172
200
200
200
200
200
200
200
200
200
200
200
200
200
200
200
200
200
200
200
200
200
200
200
200
200
200
200
200
200
200
200
200
200
200
200
200
200
200
200
200
200
200
200
200
200
200
200
200
200
200
200
200
200
200
200
200
200
200
200
200
200
200
200
200
200
200
200
200
200
200
200
200
200
200
200
200
200
200
200
200
200
200
200
200
198.661402304
176.448949571
162.549134709
143.358675183
122.730645869
103.512590683
100.125751085
87.5698723747
69.9015412746
66.7061325049
65.7919435167
52.9561106163
200
200
200
200
200
200
200
200
200
200
200
200
200
200
200
200
200
200
200
200
200
200
200
200
200
200
200
200
200
200
200
200
200
200
200
200
200
200
200
200
200
200
200
200
200
200
200
200
200
200
200
200
200
200
200
200
200
200
200
200
200
200
200
200
200
200
200
200
200
200
200
200
200
200
200
200
200
200
200
200
200
200
200
200
193.557349982
174.269337394
157.918372532
142.551500183
122.468997813
112.955062079
98.7895276028
97.0727742276
87.8529098592
77.4694367175
77.2290615835
63.9534805142
200
200
200
200
200
200
200
200
200
200
200
200
200
200
200
200
200
200
200
200
200
200
200
200
200
200
200
200
200
200
200
200
200
200
200
200
200
200
200
200
200
200
200
200
200
200
200
200
200
200
200
200
200
200
200
200
200
200
200
200
200
200
200
200
200
200
200
200
200
200
200
200
200
200
200
200
200
200
200
200
200
200
200
200
189.121578309
172.481125781
153.476045332
138.409349855
125.797378387
118.559299837
109.595579065
99.9555671296
100.232573887
87.3728392644
87.9891281389
74.7673787173
200
200
200
200
200
200
200
200
200
200
200
200
200
200
200
200
200
200
200
200
200
200
200
200
200
200
200
200
200
200
200
200
200
200
200
200
200
200
200
200
200
200
200
200
200
200
200
200
200
200
200
200
200
200
200
200
200
200
200
200
200
200
200
200
200
200
200
192.66410854
159.917106192
114.403069188
73.8944901444
72.3976806284
104.782642062
138.738739851
165.637124268
184.34074435
195.067827396
198.772184251
199.01308305
198.625640199
199.602626642
199.999995392
199.988284703
199.982340525
187.997614583
172.449007683
156.470423441
139.802341213
128.157173376
115.752475243
117.148151902
111.168901329
104.96390814
100.51683052
97.0063928137
84.4741622913
200
200
200
200
200
200
200
200
200
200
200
200
200
200
200
200
200
200
200
200
200
200
200
200
200
200
200
200
200
200
200
200
200
200
200
200
200
200
200
200
200
200
200
200
200
200
200
200
200
200
200
200
200
200
200
200
200
200
200
200
200
200
200
89.6707647714
0.943850195502
0.0402060118083
0.00481830609517
0.000845473139376
0.000212770680401
8.18792415814e-05
5.98545921024e-05
8.59090668031e-05
0.000198191525294
0.000619915583608
0.00252935789173
0.0133938154403
0.0966440977248
1.01270863384
16.7139933794
153.89291053
193.798501067
198.96304091
199.076569979
199.563144081
186.22304182
171.347549772
155.641563037
142.432962504
131.974464329
124.33466523
117.753311874
118.527710493
113.95783359
111.810807265
105.563145756
94.5235887321
200
200
200
200
200
200
200
200
200
200
200
200
200
200
200
200
200
200
200
200
200
200
200
200
200
200
200
200
200
200
200
200
200
200
200
200
200
200
200
200
200
200
200
200
200
200
200
200
200
200
200
200
200
200
200
200
200
200
200
200
200
0.904895665063
0.000130663784943
3.4135129986e-06
2.41203970837e-07
3.56522452546e-08
7.38038864228e-09
1.82623492527e-09
5.96744207388e-10
3.18247777122e-10
3.34116500469e-10
6.06670952518e-10
1.51979809555e-09
4.83103655106e-09
1.92682679834e-08
9.60372509973e-08
6.24715305766e-07
5.71000575473e-06
8.00504355892e-05
0.00184556474872
0.068824910624
4.41560796754
147.455094313
194.191113377
183.724937646
166.824842862
154.624577878
144.856614717
139.112043481
132.245731073
127.013795373
119.959758098
121.622806332
123.736723396
114.086797699
102.421700684
200
200
200
200
200
200
200
200
200
200
200
200
200
200
200
200
200
200
200
200
200
200
200
200
200
200
200
200
200
200
200
200
200
200
200
200
200
200
200
200
200
200
200
200
200
200
200
200
200
200
200
200
200
200
200
200
200
200
200
0.052505327736
1.93772756963e-06
4.2897637592e-09
4.96999699798e-11
2.74573853194e-12
3.35921666035e-13
5.91099122982e-14
1.30699558487e-14
4.00800383455e-15
2.1761872389e-15
2.27090988174e-15
3.82923911824e-15
8.66988645013e-15
2.44022388488e-14
8.35413476185e-14
3.4785277198e-13
1.78018999044e-12
1.19026829792e-11
1.1117847621e-10
1.55531481828e-09
3.02715758277e-08
8.64084318722e-07
3.89341324156e-05
0.00299207981361
0.348268792015
37.8632497325
155.897811297
157.582912638
149.457745226
142.239091105
137.375779246
132.690569144
129.118935161
124.502257434
129.597374178
121.711842138
108.600438514
200
200
200
200
200
200
200
200
200
200
200
200
200
200
200
200
200
200
200
200
200
200
200
200
200
200
200
200
200
200
200
200
200
200
200
200
200
200
200
200
200
200
200
200
200
200
200
200
200
200
200
200
200
200
200
200
200
2.84747395832
1.93889836187e-07
2.24857653395e-10
1.49092119337e-13
2.32780162829e-16
1.36623307908e-17
2.24774550164e-18
5.43878130186e-19
1.60027250401e-19
6.36827045738e-20
4.35722239008e-20
5.11186500977e-20
8.70326828734e-20
1.88206029168e-19
4.9106609343e-19
1.51919158261e-18
5.51661434326e-18
2.3437313443e-17
1.22506157645e-16
8.22305599087e-16
7.4630610951e-15
9.2842986855e-14
1.58056812822e-12
3.81411635836e-11
1.46379601656e-09
7.84613321689e-08
5.6746052006e-06
0.000409857312223
0.06585591557
23.9005829148
145.946130484
145.426022288
141.192369926
136.685673594
133.300464131
131.189513684
133.352984591
128.097247493
114.053648538
200
200
200
200
200
200
200
200
200
200
200
200
200
200
200
200
200
200
200
200
200
200
200
200
200
200
200
200
200
200
200
200
200
200
200
200
200
200
200
200
200
200
200
200
200
200
200
200
200
200
200
200
200
200
200
200
2.13367153243e-06
1.26362696629e-10
4.66609927046e-15
1.20090272847e-19
2.45436414519e-21
2.13715390512e-22
4.28819388521e-23
1.26429671022e-23
4.61008559579e-24
2.53522639463e-24
2.29196075009e-24
3.08798338735e-24
5.4156472331e-24
1.14608662133e-23
2.81279008e-23
7.9331636665e-23
2.5783641471e-22
9.86925297777e-22
4.54481176314e-21
2.58857479387e-20
1.87856951605e-19
1.75710490343e-18
1.99635899927e-17
2.84040065963e-16
5.64731320296e-15
1.60899336668e-13
6.51508803863e-12
3.41475813616e-10
2.15979506164e-08
1.98704452353e-06
0.000452120595724
0.263097343798
117.466318447
145.740053572
140.750062466
137.887502946
135.25775221
133.350324397
135.74932449
118.65855912
200
200
200
200
200
200
200
200
200
200
200
200
200
200
200
200
200
200
200
200
200
200
200
200
200
200
200
200
200
200
200
200
200
200
200
200
200
200
200
200
200
200
200
200
200
200
200
200
200
200
200
200
200
200
200
1.08509186204e-09
3.47314713396e-14
4.68317740647e-21
9.33021184778e-25
7.51968861382e-26
1.34752835163e-26
3.53406334117e-27
1.26485269635e-27
6.01501386589e-28
4.33181328796e-28
4.67256747468e-28
6.67624357108e-28
1.14757124514e-27
2.28740254859e-27
5.27245728026e-27
1.3815189237e-26
4.14423649124e-26
1.43356516123e-25
5.8119873503e-25
2.79507003199e-24
1.63401259172e-23
1.12345755165e-22
9.42620764613e-22
9.87465026248e-21
1.3591750169e-19
2.49788915616e-18
5.54766662632e-17
1.64198562325e-15
6.4722654222e-14
2.72151619579e-12
2.11834763046e-10
2.65197545079e-08
8.93590819246e-06
0.0102373246667
51.0942891973
143.836492749
141.519872235
138.281151453
136.505282839
140.750833393
122.470813901
200
200
200
200
200
200
200
200
200
200
200
200
200
200
200
200
200
200
200
200
200
200
200
200
200
200
200
200
200
200
200
200
200
200
200
200
200
200
200
200
200
200
200
200
200
200
200
200
200
200
200
200
200
200
3.24144917073e-11
3.48819680567e-21
9.99458366046e-27
8.74567817438e-29
1.14672153198e-29
2.75037295577e-30
9.40251821366e-31
4.12886234987e-31
2.37255824078e-31
1.99167593511e-31
2.33476568184e-31
3.43649222019e-31
5.93344141905e-31
1.17067777276e-30
2.5833762719e-30
6.49203389406e-30
1.84067392353e-29
5.91994647668e-29
2.16378556799e-28
8.94732366361e-28
4.28494922904e-27
2.41095228913e-26
1.59576321487e-25
1.2572021692e-24
1.20989068622e-23
1.41808874811e-22
2.07967741597e-21
4.01047123338e-20
1.03762518463e-18
3.10268414286e-17
9.93188809631e-16
5.10192111969e-14
4.67533898262e-12
1.08517060203e-09
5.54186629177e-07
0.00103439673041
9.45142488543
142.952731674
141.706136603
138.79067001
141.596758181
125.133925616
200
200
200
200
200
200
200
200
200
200
200
200
200
200
200
200
200
200
200
200
200
200
200
200
200
200
200
200
200
200
200
200
200
200
200
200
200
200
200
200
200
200
200
200
200
200
200
200
200
200
200
200
200
4.67898693746e-12
1.83010433188e-27
7.87323499019e-31
3.995170347e-32
7.27284728235e-33
2.03774208885e-33
7.86102695831e-34
3.89285643533e-34
2.44390458422e-34
2.1433994873e-34
2.52820230718e-34
3.69259739505e-34
6.24794721337e-34
1.19047270847e-33
2.56410216182e-33
6.21585500385e-33
1.66255810596e-32
5.03879682548e-32
1.73248285677e-31
6.66847378855e-31
2.85607720668e-30
1.38813937099e-29
7.72289082701e-29
4.81143182969e-28
3.44599137618e-27
2.97253474247e-26
3.07373560741e-25
3.88012229395e-24
6.03243751831e-23
1.19403793938e-21
2.62231153937e-20
7.5598354177e-19
2.99549395066e-17
2.03763741398e-15
2.78361599031e-13
6.83235430868e-11
5.7048372144e-08
0.000215952096784
6.40814112113
142.665822547
140.484070116
141.572436786
126.53249073
200
200
200
200
200
200
200
200
200
200
200
200
200
200
200
200
200
200
200
200
200
200
200
200
200
200
200
200
200
200
200
200
200
200
200
200
200
200
200
200
200
200
200
200
200
200
200
200
200
200
200
200
1.23480876883e-12
1.14486181157e-31
7.85723505057e-34
7.97346252222e-35
1.65658689362e-35
4.81315198492e-36
1.84706211336e-36
8.62357315443e-37
5.26049074441e-37
4.32688738071e-37
4.83844544299e-37
6.89204265845e-37
1.23701247612e-36
2.39671252223e-36
5.15061231664e-36
1.20803270451e-35
3.17154396529e-35
9.29150254006e-35
3.00560433031e-34
1.05498599784e-33
4.11689273753e-33
1.74944051977e-32
8.49455112494e-32
4.56197011083e-31
2.70535104297e-30
1.82522441782e-29
1.4286472545e-28
1.26317090136e-27
1.33027129451e-26
1.73772314854e-25
2.54794051956e-24
4.48442513795e-23
9.75000342032e-22
3.13403046397e-20
1.90812152907e-18
1.52978950981e-16
2.48004773845e-14
1.09108532512e-11
1.52488887716e-08
0.000143067053707
23.6707128313
141.466198104
140.124219704
127.172946489
200
200
200
200
200
200
200
200
200
200
200
200
200
200
200
200
200
200
200
200
200
200
200
200
200
200
200
200
200
200
200
200
200
200
200
200
200
200
200
200
200
200
200
200
200
200
200
200
200
200
200
4.60904565895e-13
1.48301861843e-34
3.46300465494e-36
8.25062518453e-38
0
0
0
0
0
0
0
0
0
1.75784638113e-39
5.78530319825e-39
2.93371143136e-38
8.74673452448e-38
2.96211314101e-37
1.002532337e-36
3.51303859145e-36
1.28029261177e-35
5.03594251978e-35
2.13688555184e-34
9.69609474942e-34
4.84570772962e-33
2.67624779161e-32
1.69350920098e-31
1.17550717705e-30
9.19154088134e-30
8.45457916592e-29
8.28379161182e-28
9.56544059638e-27
1.40098634562e-25
2.5865292386e-24
6.5040081406e-23
2.85711466893e-21
1.77111810371e-19
2.21679217919e-17
5.11633407882e-15
3.29482987498e-12
9.71546631892e-09
0.000383955304392
107.400844048
138.346933171
127.58682984
200
200
200
200
200
200
200
200
200
200
200
200
200
200
200
200
200
200
200
200
200
200
200
200
200
200
200
200
200
200
200
200
200
200
200
200
200
200
200
200
200
200
200
200
200
200
200
200
200
200
1.99833919865e-13
1.74005493495e-36
0
0
0
0
0
0
0
0
0
0
0
0
0
0
0
1.32777802657e-39
3.64770392771e-39
1.62032899199e-38
6.82869914928e-38
2.7771307101e-37
1.14622797141e-36
4.7540024974e-36
2.02115612634e-35
9.59426326354e-35
4.75540406928e-34
2.60786262728e-33
1.60134789623e-32
1.14200545401e-31
8.26275526979e-31
6.77417358421e-30
6.57045126672e-29
7.70508126968e-28
1.15630192209e-26
2.69586778785e-25
7.99097502314e-24
3.34499843038e-22
2.91615553275e-20
5.11560876505e-18
1.69648685562e-15
2.08171227356e-12
2.29703133977e-08
0.00622453196033
133.031164416
128.43100641
200
200
200
200
200
200
200
200
200
200
200
200
200
200
200
200
200
200
200
200
200
200
200
200
200
200
200
200
200
200
200
200
200
200
200
200
200
200
200
200
200
200
200
200
200
200
200
200
200
1.44746602467e-13
1.86658618084e-41
0
0
0
0
0
0
0
0
0
0
0
0
0
0
0
0
0
0
1.27973228666e-40
2.06336555053e-39
5.84128780483e-39
2.61568881073e-38
1.4407902362e-37
5.76343787163e-37
2.92800395682e-36
1.32926280113e-35
6.96161151831e-35
3.55083129763e-34
2.10181966185e-33
1.30252778375e-32
9.56080385759e-32
7.69072591661e-31
7.38302839334e-30
9.05193825024e-29
1.5826542245e-27
3.52970268505e-26
1.17620736529e-24
6.73955249836e-23
6.98709286e-21
1.73432680836e-18
1.0237130611e-15
4.10123863367e-12
2.08244131995e-07
4.72439456502
128.058111523
200
200
200
200
200
200
200
200
200
200
200
200
200
200
200
200
200
200
200
200
200
200
200
200
200
200
200
200
200
200
200
200
200
200
200
200
200
200
200
200
200
200
200
200
200
200
200
200
3.36283078659e-13
0
0
0
0
0
0
0
0
0
0
0
0
0
0
0
0
0
0
0
0
0
0
0
1.28232874634e-39
3.77511562921e-39
2.02056335369e-38
1.00657934922e-37
4.16088918573e-37
2.22018055499e-36
1.0620500747e-35
5.68541229748e-35
3.03453156081e-34
2.02150146055e-33
1.41943998713e-32
1.17774332223e-31
1.15699856474e-30
1.58648849482e-29
2.62942017253e-28
6.88374418767e-27
2.49785012164e-25
1.72276809436e-23
2.43888625547e-21
9.5295065177e-19
1.57180432478e-15
2.53821019945e-11
3.82592115154e-05
123.726100881
200
200
200
200
200
200
200
200
200
200
200
200
200
200
200
200
200
200
200
200
200
200
200
200
200
200
200
200
200
200
200
200
200
200
200
200
200
200
200
200
200
200
200
200
200
200
200
1.28260384903e-12
0
0
0
0
0
0
0
0
0
0
0
0
0
0
0
0
0
0
0
0
0
0
0
0
0
0
9.89040968826e-40
3.74554154442e-39
1.79111797002e-38
9.14174411574e-38
4.2268919908e-37
2.33859700418e-36
1.15936450192e-35
6.65827978278e-35
4.27491133829e-34
2.89317923276e-33
2.3894903845e-32
2.64958497481e-31
3.21649137481e-30
5.62395793747e-29
1.50562302322e-27
7.21693931988e-26
6.40387454143e-24
1.30008215041e-21
1.23393178382e-18
7.1511166022e-15
1.46756002635e-09
68.8002275543
200
200
200
200
200
200
200
200
200
200
200
200
200
200
200
200
200
200
200
200
200
200
200
200
200
200
200
200
200
200
200
200
200
200
200
200
200
200
200
200
200
200
200
200
200
200
2.17369098826e-11
0
0
0
0
0
0
0
0
0
0
0
0
0
0
0
0
0
0
0
0
0
0
0
0
0
0
0
0
0
9.42762892623e-40
4.1996086775e-39
2.21640601788e-38
1.18189553481e-37
5.76088946496e-37
3.46118181561e-36
1.88257035046e-35
1.18840559796e-34
8.02885741731e-34
6.31824646451e-33
7.0148826094e-32
8.67588047497e-31
1.73664534057e-29
5.35596677873e-28
2.95886795607e-26
3.62167465062e-24
1.4528809635e-21
4.55337624758e-18
1.90107831331e-13
0.000294759136591
200
200
200
200
200
200
200
200
200
200
200
200
200
200
200
200
200
200
200
200
200
200
200
200
200
200
200
200
200
200
200
200
200
200
200
200
200
200
200
200
200
200
200
200
200
200
0
0
0
0
0
0
0
0
0
0
0
0
0
0
0
0
0
0
0
0
0
0
0
0
0
0
0
0
0
0
0
0
1.23317949617e-39
5.79497947079e-39
3.21691116831e-38
1.82478118944e-37
1.06756883433e-36
6.0535787163e-36
4.07629026289e-35
2.72326083201e-34
2.33348140191e-33
2.27840027473e-32
3.39857900388e-31
7.14647666483e-30
2.50461893903e-28
1.75010167854e-26
3.73685640961e-24
3.94650315178e-21
6.9537487198e-17
2.10547553154e-09
200
200
200
200
200
200
200
200
200
200
200
200
200
200
200
200
200
200
200
200
200
200
200
200
200
200
200
200
200
200
200
200
200
200
200
200
200
200
200
200
200
200
200
200
200
0
0
0
0
0
0
0
0
0
0
0
0
0
0
0
0
0
0
0
0
0
0
0
0
0
0
0
0
0
0
0
0
0
0
0
1.9848750467e-39
1.0223665798e-38
7.97132095203e-38
4.14533485064e-37
2.62372880176e-36
1.7914751914e-35
1.12010042592e-34
9.38308826881e-34
1.06373143667e-32
1.65584318052e-31
3.69109158329e-30
1.52453102836e-28
1.6867129737e-26
7.95517327966e-24
4.3008893661e-20
1.00048961384e-13
200
200
200
200
200
200
200
200
200
200
200
200
200
200
200
200
200
200
200
200
200
200
200
200
200
200
200
200
200
200
200
200
200
200
200
200
200
200
200
200
200
200
200
200
200
0
0
0
0
0
0
0
0
0
0
0
0
0
0
0
0
0
0
0
0
0
0
0
0
0
0
0
0
0
0
0
0
0
0
0
0
6.02611245219e-40
4.43977370556e-39
3.25519223362e-38
1.9791158049e-37
1.33415618854e-36
8.83112194099e-36
6.13218388607e-35
5.13191274687e-34
5.59830656045e-33
9.18720927903e-32
2.28035693945e-30
1.41278258971e-28
3.05752484113e-26
5.68951451512e-23
1.76041443019e-17
200
200
200
200
200
200
200
200
200
200
200
200
200
200
200
200
200
200
200
200
200
200
200
200
200
200
200
200
200
200
200
200
200
200
200
200
200
200
200
200
200
200
200
200
200
0
0
0
0
0
0
0
0
0
0
0
0
0
0
0
0
0
0
0
0
0
0
0
0
0
0
0
0
0
0
0
0
0
0
0
0
0
0
2.10404922241e-39
1.76848524007e-38
1.06326709554e-37
7.95387989349e-37
4.98769381224e-36
3.25734890271e-35
2.70611946108e-34
3.44871382258e-33
6.01127444345e-32
2.14688776768e-30
2.19688202212e-28
1.67402013001e-25
5.57502955782e-21
200
200
200
200
200
200
200
200
200
200
200
200
200
200
200
200
200
200
200
200
200
200
200
200
200
200
200
200
200
200
200
200
200
200
200
200
200
200
200
200
200
200
200
200
0
0
0
0
0
0
0
0
0
0
0
0
0
0
0
0
0
0
0
0
0
0
0
0
0
0
0
0
0
0
0
0
0
0
0
0
0
0
0
0
9.4530907379e-40
1.10365297415e-38
7.67523377425e-38
5.41442172293e-37
3.32780777731e-36
2.66849085179e-35
2.07868940321e-34
2.8083017119e-33
6.54321327799e-32
3.10686788854e-30
8.92757745293e-28
5.5398141882e-24
200
200
200
200
200
200
200
200
200
200
200
200
200
200
200
200
200
200
200
200
200
200
200
200
200
200
200
200
200
200
200
200
200
200
200
200
200
200
200
200
200
200
200
200
0
0
0
0
0
0
0
0
0
0
0
8.91526352436e-40
4.4604493826e-39
6.87815810198e-39
1.18016603932e-38
0
0
0
0
0
0
0
0
0
0
0
0
0
0
0
0
0
0
0
0
0
0
0
0
0
0
4.00477925723e-40
7.6015997363e-39
6.80311724476e-38
4.51802712972e-37
2.99972179327e-36
2.33329626082e-35
2.24941304646e-34
3.28433049957e-33
8.96547963372e-32
1.0211105782e-29
1.44654597657e-26
200
200
200
1.13265274471e-42
0
0
0
0
0
0
0
0
0
0
0
0
0
0
0
0
0
0
0
1.41559435532e-37
2.05383898024e-35
200
200
200
200
200
200
200
200
200
200
200
200
200
200
200
200
200
200
200
0
0
0
0
0
0
0
0
0
3.09315750967e-39
5.12909181849e-38
3.16261497045e-37
2.26243521409e-36
1.48966277749e-35
2.83045661098e-35
3.96756000052e-35
1.06700164187e-36
7.24545641215e-38
0
0
0
0
0
0
0
0
0
0
0
0
0
0
0
0
0
0
0
0
0
0
0
0
7.06797143748e-41
6.38795041352e-39
5.11155493526e-38
3.60952238545e-37
2.90170835557e-36
2.3394163967e-35
2.27843308891e-34
4.63446614135e-33
2.44991932109e-31
9.69141695464e-29
1.4101336043e-43
7.42175581208e-44
0
0
0
0
0
0
0
0
0
0
0
0
0
0
0
0
0
0
0
0
0
0
0
0
0
0
0
0
8.12894777664e-37
1.11310434934e-34
200
200
200
200
200
200
200
200
200
200
200
0
0
0
0
0
0
0
0
7.72724619641e-40
6.6733460191e-38
3.37701350786e-36
2.96385303106e-34
200
200
200
200
200
200
200
200
200
200
200
199.999999998
187.326831519
0
0
0
0
0
0
0
0
0
0
0
0
0
0
0
0
0
0
0
2.777478513e-42
7.42277471436e-39
5.87285460579e-38
5.22251356649e-37
3.95254846853e-36
3.3227776814e-35
4.30562038172e-34
1.16094927516e-32
1.59326449398e-30
0
0
0
0
0
0
0
0
0
0
0
0
0
0
0
0
0
0
0
0
0
0
0
0
0
0
0
0
0
0
0
0
0
0
0
1.1155670596e-36
5.46115282154e-35
200
200
200
200
200
200
0
0
0
0
0
0
0
8.35154817932e-39
1.94662638598e-36
1.4855710794e-33
200
200
200
200
200
200
200
200
200
200
200
200
200
200
199.999999999
188.346344942
0
0
0
0
0
0
0
0
0
0
0
0
0
0
0
0
0
0
0
2.67598487663e-40
1.06645597398e-38
9.40036027975e-38
6.68643533856e-37
6.28673374211e-36
6.23784438273e-35
9.94101057188e-34
6.05404183455e-32
0
0
0
0
0
0
0
0
0
0
0
0
0
0
0
0
0
0
0
0
0
0
0
0
0
0
0
0
0
0
0
0
0
0
0
0
0
0
9.17708740163e-39
8.13058841224e-37
1.02012521443e-35
2.36987113424e-35
5.34128949528e-37
0
0
0
0
0
0
8.48364857035e-38
5.42316898667e-35
200
200
200
200
200
200
200
200
200
200
200
200
200
200
200
200
200
199.999999999
187.103440502
0
0
0
0
0
0
0
0
0
0
0
0
0
0
0
0
0
0
0
8.39356897611e-40
2.07587962032e-38
1.44050948485e-37
1.17319470055e-36
1.04463717535e-35
1.4346362789e-34
4.19777945921e-33
0
0
0
0
0
0
0
0
0
0
0
0
0
0
0
0
0
0
0
0
0
0
0
0
0
0
0
0
0
0
0
0
0
0
0
0
0
0
0
0
0
0
6.15135216993e-38
0
0
1.09276267291e-41
1.8762687895e-41
1.17172573395e-39
6.77388397733e-37
3.35225593282e-33
200
200
200
200
200
200
200
200
200
200
200
200
200
200
200
200
200
200
200
199.999999998
182.274123761
0
0
0
0
0
0
0
0
0
0
0
0
0
0
0
0
0
0
0
2.476168158e-39
3.8441400958e-38
3.22336921877e-37
2.83309591607e-36
3.05582005571e-35
4.94497543662e-34
0
0
0
0
0
0
0
0
0
0
0
0
0
0
0
0
0
0
0
0
0
0
0
0
0
0
0
0
0
0
0
0
0
0
0
0
0
0
0
0
0
0
0
0
1.38925866756e-41
9.07992079996e-41
7.08968935416e-39
1.37809528901e-36
5.09911888567e-31
200
200
200
200
200
200
200
200
200
200
200
200
200
200
200
200
200
200
200
200
200
199.999999998
169.981072941
0
0
0
0
0
0
0
0
0
0
0
0
0
0
0
0
0
0
0
8.2711483315e-39
7.66416937557e-38
8.80428277415e-37
8.67211470365e-36
9.59102250918e-35
0
0
0
0
0
0
0
0
0
0
0
0
0
0
0
0
0
0
0
0
0
0
0
0
0
0
0
0
0
0
0
0
0
0
0
0
0
0
0
0
0
0
0
0
0
4.75099227769e-39
5.33781788655e-37
200
200
200
200
200
200
200
200
200
200
200
200
200
200
200
200
200
200
200
200
200
200
200
200
199.999999997
0
0
0
0
0
0
0
0
0
0
0
0
0
0
0
0
0
0
0
1.19307318525e-39
2.75675070063e-38
2.29477889117e-37
2.57859566109e-36
2.59774072501e-35
0
0
0
0
0
0
0
0
0
0
0
0
0
0
0
0
0
0
0
0
0
0
0
0
0
0
0
0
0
0
0
0
0
0
0
0
0
0
0
0
0
0
0
0
0
0
4.94771798105e-35
200
200
200
200
200
200
200
200
200
200
200
200
200
200
200
200
200
200
200
200
200
200
200
200
200
199.999977824
0
0
0
0
0
0
0
0
0
0
0
0
0
0
0
0
0
0
0
7.49751614992e-39
8.85857845401e-38
9.78365966615e-37
8.74934556573e-36
0
0
0
0
0
0
0
0
0
0
0
0
0
0
0
0
0
0
0
0
0
0
0
0
0
0
0
0
0
0
0
0
0
0
0
0
0
0
0
0
0
0
0
0
0
0
0
0
1.03381760909e-42
200
200
200
200
200
200
200
200
200
200
200
200
200
200
200
200
200
200
200
200
200
200
200
200
0
0
0
0
0
0
0
0
0
0
0
0
0
0
0
0
0
0
0
2.06471173257e-39
3.82040338252e-38
4.25991018047e-37
3.57596092031e-36
0
0
0
0
0
0
0
0
0
0
0
0
0
0
0
0
0
0
0
0
0
0
0
0
0
0
0
0
0
0
0
0
0
0
0
0
0
0
0
0
0
0
0
0
0
0
0
0
0
9.30435848184e-43
1.24581872983e-41
7.16107907397e-36
200
200
200
200
200
200
200
200
200
200
200
200
200
200
200
200
200
200
200
200
200
199.999983253
0
0
0
0
0
0
0
0
0
0
0
0
0
0
0
0
0
0
5.14954983364e-40
1.87011224045e-38
2.09684711448e-37
1.72340475991e-36
0
0
0
0
0
0
0
0
0
0
0
0
0
0
0
0
0
0
0
0
0
0
0
0
0
0
0
0
0
0
0
0
0
0
0
0
0
0
0
0
0
0
0
0
0
0
0
0
0
0
8.37392263366e-43
4.70398499e-42
5.78476209624e-41
2.63817516451e-35
200
200
200
200
200
200
200
200
200
200
200
200
200
200
200
200
200
200
200
200
0
0
0
0
0
0
0
0
0
0
0
0
0
0
0
0
0
0
0
8.52859915828e-39
1.05176685577e-37
9.51378649766e-37
0
0
0
0
0
0
0
0
0
0
0
0
0
0
0
0
0
0
0
0
0
0
0
0
0
0
0
0
0
0
0
0
0
0
0
0
0
0
0
0
0
0
0
0
0
0
0
0
0
0
0
1.59104530039e-42
3.55529875767e-42
4.96863626688e-41
1.42604847781e-40
5.41637944424e-34
200
200
200
200
200
200
200
200
200
200
200
200
200
200
200
200
200
200
199.999810708
0
0
0
0
0
0
0
0
0
0
0
0
0
0
0
0
0
0
4.18703584405e-39
5.74890661695e-38
5.8702721464e-37
0
0
0
0
0
0
0
0
0
0
0
0
0
0
0
0
0
0
0
0
0
0
0
0
0
0
0
0
0
0
0
0
0
0
0
0
0
0
0
0
0
0
0
0
0
0
0
0
0
0
0
0
1.43194077036e-42
3.1997688819e-42
4.4107267442e-41
9.7175996152e-41
1.08527536286e-35
200
200
200
200
200
200
200
200
200
200
200
200
200
200
200
200
200
200
0
0
0
0
0
0
0
0
0
0
0
0
0
0
0
0
0
0
2.56010622449e-39
4.3268276758e-38
3.96815114202e-37
0
0
0
0
0
0
0
0
0
0
0
0
0
0
0
0
0
0
0
0
0
0
0
0
0
0
0
0
0
0
0
0
0
0
0
0
0
0
0
0
0
0
0
0
0
0
0
0
0
0
0
0
0
2.04239973035e-42
6.98655801557e-42
3.38573488315e-41
5.25277736256e-41
1.05537406182e-36
200
200
200
200
200
200
200
200
200
200
200
200
200
200
200
200
200
0
0
0
0
0
0
0
0
0
0
0
0
0
0
0
0
0
0
1.51733784307e-39
3.47610672594e-38
2.96136613174e-37
0
0
0
0
0
0
0
0
0
0
0
0
0
0
0
0
0
0
0
0
0
0
0
0
0
0
0
0
0
0
0
0
0
0
0
0
0
0
0
0
0
0
0
0
0
0
0
0
0
0
0
0
0
6.10458959993e-43
1.28874669332e-42
1.06895374079e-41
2.84718545108e-41
4.70372720191e-41
4.57224152979e-41
200
200
200
200
200
200
200
200
200
200
200
200
200
200
200
200
0
0
0
0
0
0
0
0
0
0
0
0
0
0
0
0
0
0
1.25504247434e-39
2.80363247133e-38
2.43395183187e-37
0
0
0
0
0
0
0
0
0
0
0
0
0
0
0
0
0
0
0
0
0
0
0
0
0
0
0
0
0
0
0
0
0
0
0
0
0
0
0
0
0
0
0
0
0
0
0
0
0
0
0
0
0
6.10458959993e-43
1.15987202399e-42
1.15987202399e-42
1.12875677105e-41
2.74261397166e-41
4.13543691402e-41
3.94212158337e-41
200
200
200
200
200
200
200
200
200
200
200
200
200
200
200
0
0
0
0
0
0
0
0
0
0
0
0
0
0
0
0
0
0
1.15712745159e-39
2.74567680786e-38
2.25684700382e-37
0
0
0
0
0
0
0
0
0
0
0
0
0
0
0
0
0
0
0
0
0
0
0
0
0
0
0
0
0
0
0
0
0
0
0
0
0
0
0
0
0
0
0
0
0
0
0
0
0
0
0
0
0
0
1.15987202399e-42
1.15987202399e-42
1.15987202399e-42
1.36891852671e-41
3.1493300137e-41
3.39761188729e-41
1.73832154032e-37
200
200
200
200
200
200
200
200
200
200
200
200
200
200
0
0
0
0
0
0
0
0
0
0
0
0
0
0
0
0
0
0
1.18446863581e-39
2.71758744159e-38
2.31059111738e-37
0
0
0
0
0
0
0
0
0
0
0
0
0
0
0
0
0
0
0
0
0
0
0
0
0
0
0
0
0
0
0
0
0
0
0
0
0
0
0
0
0
0
0
0
0
0
0
0
0
0
0
0
0
0
0
1.15987202399e-42
1.15987202399e-42
1.15987202399e-42
1.63576492189e-41
2.45929847446e-41
2.37677213305e-41
3.71385498433e-36
200
200
200
200
200
200
200
200
200
200
200
200
200
0
0
0
0
0
0
0
0
0
0
0
0
0
0
0
0
0
0
1.64654185068e-39
2.84198979702e-38
2.54938703749e-37
0
0
0
0
0
0
0
0
0
0
0
0
0
0
0
0
0
0
0
0
0
0
0
0
0
0
0
0
0
0
0
0
0
0
0
0
0
0
0
0
0
0
0
0
0
0
0
0
0
0
0
0
0
0
0
0
0
6.10458959993e-43
1.83815975731e-42
1.55161592328e-41
2.04712953977e-41
1.4735517963e-41
200
200
200
200
200
200
200
200
200
200
200
200
200
0
0
0
0
0
0
0
0
0
0
0
0
0
0
0
0
0
0
2.26076694208e-39
3.84880562994e-38
3.00377849584e-37
0
0
0
0
0
0
0
0
0
0
0
0
0
0
0
0
0
0
0
0
0
0
0
0
0
0
0
0
0
0
0
0
0
0
0
0
0
0
0
0
0
0
0
0
0
0
0
0
0
0
0
0
0
0
0
0
0
0
3.1997688819e-42
4.233586491e-42
3.8102278419e-42
7.69935552356e-42
9.89931598135e-40
200
200
200
200
200
200
200
200
200
200
200
200
0
0
0
0
0
0
0
0
0
0
0
0
0
0
0
0
0
0
3.32488528867e-39
4.96766963457e-38
3.76694519071e-37
0
0
0
0
0
0
0
0
0
0
0
0
0
0
0
0
0
0
0
0
0
0
0
0
0
0
0
0
0
0
0
0
0
0
0
0
0
0
0
0
0
0
0
0
0
0
0
0
0
0
0
0
0
0
0
0
0
0
8.37392263366e-43
3.55529875767e-42
5.38227272332e-42
4.233586491e-42
2.10832308465e-40
200
200
200
200
200
200
200
200
200
200
200
200
0
0
0
0
0
0
0
0
0
0
0
0
0
0
0
0
0
0
5.67706159393e-39
6.33271286837e-38
4.6524329201e-37
0
0
0
0
0
0
0
0
0
0
0
0
0
0
0
0
0
0
0
0
0
0
0
0
0
0
0
0
0
0
0
0
0
0
0
0
0
0
0
0
0
0
0
0
0
0
0
0
0
0
0
0
0
0
0
0
0
0
0
0
3.95033195297e-42
5.98030302592e-42
8.5598331765e-41
1.79793303116e-39
200
200
200
200
200
200
200
200
200
200
200
6.10458959993e-43
0
0
0
0
0
0
0
0
0
0
0
0
0
0
0
0
3.15604633427e-40
9.91565499187e-39
9.09979652664e-38
5.51855039931e-37
0
0
0
0
0
0
0
0
0
0
0
0
0
0
0
0
0
0
0
0
0
0
0
0
0
0
0
0
0
0
0
0
0
0
0
0
0
0
0
0
0
0
0
0
0
0
0
0
0
0
0
0
0
0
0
0
0
0
0
0
0
4.38925772552e-42
9.65273886677e-41
6.76112989124e-40
200
200
200
200
200
200
200
200
200
200
200
6.10458959993e-43
6.10458959993e-43
0
0
0
0
0
0
0
0
0
0
0
0
0
0
0
9.97059768018e-40
1.64937749609e-38
1.37072383863e-37
1.42508328916e-36
0
0
0
0
0
0
0
0
0
0
0
0
0
0
0
0
0
0
0
0
0
0
0
0
0
0
0
0
0
0
0
0
0
0
0
0
0
0
0
0
0
0
0
0
0
0
0
0
0
0
0
0
0
0
0
0
0
0
0
0
0
0
4.17027555622e-41
2.24342287666e-40
200
200
200
200
200
200
200
200
200
200
200
6.10458959993e-43
6.10458959993e-43
6.10458959993e-43
0
0
0
0
0
0
0
0
0
0
0
0
0
0
2.52935285394e-39
2.62071606827e-38
1.86725430141e-37
4.62663436345e-36
0
0
0
0
0
0
0
0
0
0
0
0
0
0
0
0
0
0
0
0
0
0
0
0
0
0
0
0
0
0
0
0
0
0
0
0
0
0
0
0
0
0
0
0
0
0
0
0
0
0
0
0
0
0
0
0
0
0
0
0
0
0
0
2.11698283816e-40
200
200
200
200
200
200
200
200
200
200
0
5.49413063994e-43
6.10458959993e-43
6.10458959993e-43
6.10458959993e-43
0
0
0
0
0
0
0
0
0
0
0
0
2.73181522942e-41
4.62381253123e-39
4.72830048801e-38
2.36337316061e-37
8.35734852996e-36
0
0
0
0
0
0
0
0
0
0
0
0
0
0
0
0
0
0
0
0
0
0
0
0
0
0
0
0
0
0
0
0
0
0
0
0
0
0
0
0
0
0
0
0
0
0
0
0
0
0
0
0
0
0
0
0
0
0
0
0
0
0
0
1.93517559789e-40
200
200
200
200
200
200
200
200
200
200
0
0
5.49413063994e-43
6.10458959993e-43
6.10458959993e-43
0
0
0
0
0
0
0
0
0
0
0
0
8.08569609786e-40
7.84631972281e-39
6.0857236521e-38
2.56948575512e-37
1.38683219772e-35
0
0
0
0
0
0
0
0
0
0
0
0
0
0
0
0
0
0
0
0
0
0
0
0
0
0
0
0
0
0
0
0
0
0
0
0
0
0
0
0
0
0
0
0
0
0
0
0
0
0
0
0
0
0
0
0
0
0
0
0
0
0
0
0
200
200
200
200
200
200
200
200
200
0
0
0
0
6.10458959993e-43
6.10458959993e-43
6.10458959993e-43
0
0
0
0
0
0
0
0
0
0
0
1.65406463625e-39
1.6542891395e-38
8.07005942066e-38
5.36523015829e-37
1.94413358321e-35
0
0
0
0
0
0
0
0
0
0
0
0
0
0
0
0
0
0
0
0
0
0
0
0
0
0
0
0
0
0
0
0
0
0
0
0
0
0
0
0
0
0
0
0
0
0
0
0
0
0
0
0
0
0
0
0
0
0
0
0
0
0
0
0
200
200
200
200
200
200
200
200
0
0
0
0
0
0
6.10458959993e-43
6.10458959993e-43
0
0
0
0
0
0
0
0
0
0
4.27657936416e-40
3.11552596658e-39
1.90274844585e-38
7.71042492437e-38
1.19198284087e-36
3.01323820513e-35
0
0
0
0
0
0
0
0
0
0
0
0
0
0
0
0
0
0
0
0
0
0
0
0
0
0
0
0
0
0
0
0
0
0
0
0
0
0
0
0
0
0
0
0
0
0
0
0
0
0
0
0
0
0
0
0
0
0
0
0
0
0
0
0
200
200
200
200
200
200
200
0
0
0
0
0
0
0
0
6.10458959993e-43
0
0
0
0
0
0
0
0
0
0
1.19990210375e-39
6.38790307174e-39
2.21497109021e-38
5.38715730458e-38
1.40704209547e-36
4.49192852471e-35
0
0
0
0
0
0
0
0
0
0
0
0
0
0
0
0
0
0
0
0
0
0
0
0
0
0
0
0
0
0
0
0
0
0
0
0
0
0
0
0
0
0
0
0
0
0
0
0
0
0
0
0
0
0
0
0
0
0
0
0
0
0
0
14.8717644094
200
200
200
200
200
200
0
0
0
0
0
0
0
0
0
0
0
0
0
0
0
0
0
0
0
4.73506124383e-40
1.7649078691e-39
7.0949996184e-39
1.31338061917e-38
1.2068975065e-37
2.15415651463e-36
6.36365207435e-35
0
0
0
0
0
0
0
0
0
0
0
0
0
0
0
0
0
0
0
0
0
0
0
0
0
0
0
0
0
0
0
0
0
0
0
0
0
0
0
0
0
0
0
0
0
0
0
0
0
0
0
0
0
0
0
0
0
0
0
0
0
0
0
200
200
200
200
200
200
0
0
0
0
0
0
0
0
0
0
0
0
0
0
0
0
0
0
0
0
1.30472347638e-39
4.85585503304e-39
8.15690329783e-39
2.33323206978e-39
1.17079038232e-37
3.65343237979e-36
6.85489779729e-35
0
0
0
0
0
0
0
0
0
0
0
0
0
0
0
0
0
0
0
0
0
0
0
0
0
0
0
0
0
0
0
0
0
0
0
0
0
0
0
0
0
0
0
0
0
0
0
0
0
0
0
0
0
0
0
0
0
0
0
0
0
0
0
200
200
200
200
0
0
0
0
0
0
0
0
0
0
0
0
0
0
0
0
0
0
0
0
0
7.36740577277e-40
2.70971857121e-39
8.81209936159e-39
1.48913908798e-38
9.75172756237e-40
3.01060865704e-38
6.10739592693e-36
6.32199378943e-35
0
0
0
0
0
0
0
0
0
0
0
0
0
0
0
0
0
0
0
0
0
0
0
0
0
0
0
0
0
0
0
0
0
0
0
0
0
0
0
0
0
0
0
0
0
0
0
0
0
0
0
0
0
0
0
0
0
0
0
0
0
0
0
200
0
0
0
0
0
0
0
0
0
0
0
0
0
0
0
0
0
0
0
0
0
0
0
4.92725903297e-40
1.27853234841e-39
3.48867441278e-39
8.3414925564e-39
9.44423543071e-39
2.94355261457e-38
1.182549907e-37
3.09098661425e-36
3.41161346045e-35
0
0
0
0
0
0
0
0
0
0
0
0
0
0
0
0
0
0
0
0
0
0
0
0
0
0
0
0
0
0
0
0
0
0
0
0
0
0
0
0
0
0
0
0
0
0
0
0
0
0
0
0
0
0
0
0
0
0
0
0
0
0
0
0
0
0
0
0
0
0
0
0
0
0
0
0
0
0
0
0
0
0
0
0
0
0
3.32498302558e-40
1.64106671474e-39
2.53948981341e-39
3.55253499098e-39
3.69538039876e-39
1.73011811202e-37
2.15282188209e-37
4.02240008973e-37
2.30674540373e-36
5.45721508232e-35
1.4101336043e-43
0
0
0
0
0
0
0
0
0
0
0
0
0
0
0
0
0
0
0
0
0
0
0
0
0
0
0
0
0
0
0
0
0
0
0
0
0
0
0
0
0
0
0
0
0
0
0
0
0
0
0
0
0
0
0
0
0
0
0
0
0
0
0
0
0
0
0
0
0
0
0
0
0
0
0
0
0
0
0
0
0
0
0
0
2.9555952483e-40
1.79686053865e-39
2.70812504675e-39
2.95561149035e-39
5.88066478609e-39
4.28982431831e-38
4.79029970215e-38
7.22752193826e-38
1.70116404e-37
9.97870665451e-37
3.188173192e-35
200
200
3.39559073792e-43
0
0
0
0
0
0
0
0
0
0
0
0
0
0
0
0
0
0
0
0
0
0
0
0
0
0
0
0
0
0
0
0
0
0
0
0
0
0
0
0
0
0
0
0
0
0
0
0
0
0
0
0
0
0
0
0
0
0
0
0
0
0
0
0
0
0
0
0
0
0
0
0
0
0
0
0
0
0
0
0
0
4.69187935831e-40
2.00455320498e-39
1.98737286623e-39
3.68346498762e-39
1.78269359704e-38
1.58575802851e-38
1.71370777667e-38
2.72383802435e-38
4.79112700998e-38
1.16477081577e-37
6.51763318046e-37
2.92755226253e-35
200
200
200
200
200
0
0
0
0
0
0
0
0
0
0
0
0
0
0
0
0
0
0
0
0
0
0
0
0
0
0
0
0
0
0
0
0
0
0
0
0
0
0
0
0
0
0
0
0
0
0
0
0
0
0
0
0
0
0
0
0
0
0
0
0
0
0
0
0
0
0
0
0
0
0
0
0
0
0
2.04239973035e-42
2.26933303372e-42
1.43194077036e-42
2.28342593283e-40
1.580247971e-39
2.05626451826e-39
2.00685895994e-39
1.03873722739e-38
9.91217994609e-39
1.00934920875e-38
1.17353674586e-38
1.48953183552e-38
1.99633225807e-38
2.80628669901e-38
5.06479852506e-38
2.54406086415e-37
2.07560024958e-35
200
200
200
200
200
34.7682509191
2.3217070392e-42
0
0
0
0
0
0
0
0
0
0
0
0
0
0
0
0
0
0
0
0
0
0
0
0
0
0
0
0
0
0
0
0
0
0
0
0
0
0
0
0
0
0
0
0
0
0
0
0
0
0
0
0
0
0
0
0
0
0
0
0
0
0
0
0
0
0
8.83095033344e-40
1.12613944257e-39
7.40407385629e-39
1.12996651515e-38
2.50852115214e-38
3.3097184228e-38
3.818931635e-38
4.0977984308e-38
2.79824931735e-38
5.23713157337e-39
1.78006431215e-39
9.99212207704e-39
7.36169963768e-39
6.9878747656e-39
7.84666626518e-39
9.23744390271e-39
1.07675751531e-38
1.28698406893e-38
1.59935437331e-38
2.01779296843e-38
2.76026389508e-38
5.94940954495e-38
1.23339201588e-35
200
200
200
200
2.75731879239e-32
1.70136525877e-36
1.25947666788e-35
3.55713255448e-36
6.164035483e-43
0
0
0
0
0
0
0
0
0
0
0
0
0
0
0
0
0
0
0
0
0
0
0
0
0
0
0
0
0
0
0
0
0
0
0
0
0
0
0
0
0
0
0
0
0
0
0
0
0
0
0
0
0
0
0
0
0
0
0
0
0
0
9.58998300341e-39
5.07565268976e-38
1.03536220749e-37
1.58318285973e-37
1.88756367144e-37
2.03158914481e-37
2.27083764333e-37
2.02736944165e-37
1.8196528261e-37
1.28042840812e-37
5.00009378915e-38
2.07441274164e-38
9.19307932559e-39
6.30540549252e-39
6.29505173578e-39
6.94798453871e-39
7.70161160122e-39
8.688909512e-39
9.88697779276e-39
1.14115531537e-38
1.34203101052e-38
1.59382773085e-38
1.9417611303e-38
2.67495395143e-38
5.82375504986e-36
200
200
200
1.80907685969e-32
2.63325302179e-35
2.88127790276e-36
4.47236373214e-37
3.05611604583e-39
6.39029159616e-39
6.65126757624e-41
0
0
0
0
0
0
0
0
0
0
0
0
0
0
0
0
0
0
0
0
0
0
0
0
0
0
0
0
0
0
0
0
0
0
0
0
0
0
0
0
0
0
0
0
0
0
0
0
0
0
0
0
0
0
0
0
0
0
0
0
0
4.65981646525e-38
1.34771507946e-37
1.45764038173e-37
1.5098996892e-37
1.64053986661e-37
1.75591548489e-37
1.86534271974e-37
1.9020851067e-37
1.81173253371e-37
1.62444568761e-37
1.30199866352e-37
2.77860326674e-38
1.06820435511e-38
7.95430427399e-39
7.1753230905e-39
7.26336736084e-39
7.69801038338e-39
8.4132811164e-39
9.31918634754e-39
1.0447104422e-38
1.18222337672e-38
1.34800734898e-38
1.54935118768e-38
1.84991954858e-38
2.34233413784e-36
200
50.0030744765
7.00873441583e-33
4.4594371831e-35
4.14218131878e-36
1.4390466463e-37
7.89048273446e-39
2.00468549634e-39
1.18309238002e-39
2.74971994912e-39
3.77216943431e-39
2.77765609674e-42
0
0
0
0
0
0
0
0
0
0
0
0
0
0
0
0
0
0
0
0
0
0
0
0
0
0
0
0
0
0
0
0
0
0
0
0
0
0
0
0
0
0
0
0
0
0
0
0
0
0
0
0
0
0
0
0
0
0
0
1.06887641355e-37
1.56261976754e-37
1.63144337197e-37
1.68465306068e-37
1.76768465578e-37
1.84060687254e-37
1.92073031136e-37
1.97391950055e-37
2.0457221783e-37
2.07207836285e-37
1.9278108426e-37
8.58703667473e-38
1.75004514123e-38
1.04913329076e-38
8.35469234341e-39
7.85656633768e-39
7.95709704031e-39
8.36474095969e-39
9.01183585089e-39
9.85005572102e-39
1.08313122251e-38
1.19820345774e-38
1.32745423952e-38
1.49850008448e-38
8.7053800348e-37
1.48061324942e-31
2.59930797073e-33
6.11719780438e-35
4.87947055132e-36
3.02354721528e-37
1.10750017249e-38
2.74131116891e-39
1.58375733472e-39
1.31484191282e-39
1.62308920912e-39
1.31418310878e-39
2.22645982047e-39
3.29997446707e-41
0
0
0
0
0
0
0
0
0
0
0
0
0
0
0
0
0
0
0
0
0
0
0
0
0
0
0
0
0
0
0
0
0
0
0
0
0
0
0
0
0
0
0
0
0
0
0
0
0
0
0
0
0
0
0
0
0
0
9.71211832221e-38
1.71574673932e-37
1.73639157183e-37
1.85796544933e-37
1.92369028946e-37
1.96721292446e-37
2.02332675917e-37
2.08111876523e-37
2.17045001391e-37
2.32309315706e-37
2.44079411869e-37
1.58714518915e-37
2.75173603954e-38
1.34537983923e-38
9.93371663631e-39
8.73067264619e-39
8.43688117896e-39
8.55856336905e-39
8.96573303045e-39
9.54758434881e-39
1.02652122392e-38
1.10977059221e-38
1.19872874005e-38
1.31029036813e-38
2.58481814043e-37
7.54530714148e-34
6.59657825993e-35
6.27811738862e-36
4.81938505579e-37
1.43167350631e-38
2.46713935289e-39
1.56318282507e-39
1.18335772154e-39
1.06478314202e-39
1.06464348859e-39
9.82930763107e-40
8.61363879755e-40
2.00357733411e-39
5.30693366832e-40
0
0
0
0
0
0
0
0
0
0
0
0
0
0
0
0
0
0
0
0
0
0
0
0
0
0
0
0
0
0
0
0
0
0
0
0
0
0
0
0
0
0
0
0
0
0
0
0
0
0
0
0
0
0
0
0
0
0
2.61965839008e-37
2.03407100785e-37
2.14549982594e-37
2.17480860136e-37
2.17623954637e-37
2.20561504917e-37
2.24277255254e-37
2.33394266599e-37
2.44243965231e-37
2.65476776717e-37
2.30004336674e-37
5.90323386668e-38
1.75369253312e-38
1.17920864383e-38
9.81439233872e-39
9.11230778674e-39
8.96654318738e-39
9.12909570034e-39
9.55134130189e-39
1.00844620952e-38
1.0699659026e-38
1.13348448111e-38
200
200
7.92107432656e-35
7.85940639e-36
7.09756721383e-37
4.97855997836e-39
1.92922277112e-39
1.32907645794e-39
1.06502194938e-39
9.58304827817e-40
8.62235537671e-40
8.62095884242e-40
8.61768302123e-40
9.57520335693e-40
1.35108168048e-39
3.28726633651e-39
1.68000523503e-39
0
0
0
0
0
0
0
0
0
0
0
0
0
0
0
0
0
0
0
0
0
0
0
0
0
0
0
0
0
0
0
0
0
0
0
0
0
0
0
0
0
0
0
0
0
0
0
0
0
0
0
0
0
0
0
0
0
4.3879734888e-37
2.82252802783e-37
2.7079703545e-37
2.57443162813e-37
2.48505647498e-37
2.45015536823e-37
2.4688383433e-37
2.50353822679e-37
2.59307007623e-37
2.72593615279e-37
2.91237641729e-37
1.08990452633e-37
2.29791887846e-38
1.3977180495e-38
1.11129284164e-38
9.95724702928e-39
9.50528889178e-39
9.51486645137e-39
9.73310452372e-39
1.01221249317e-38
200
200
200
200
1.29624428572e-35
9.13116181896e-37
1.81293651485e-39
1.42199323713e-39
1.13801347337e-39
9.57376863344e-40
8.16801220676e-40
7.66567804449e-40
6.98297666236e-40
6.98171978149e-40
7.51716255321e-40
8.52075544031e-40
1.12528935911e-39
2.53035217615e-39
6.20722001442e-38
7.89128631835e-39
0
0
0
0
0
0
0
0
0
0
0
0
0
0
0
0
0
0
0
0
0
0
0
0
0
0
0
0
0
0
0
0
0
0
0
0
0
0
0
0
0
0
0
0
0
0
0
0
0
0
0
0
0
0
0
0
4.67083111333e-37
3.83885650877e-37
3.38005403162e-37
3.100481163e-37
2.8809353809e-37
2.78342645365e-37
2.7224436128e-37
2.70966160387e-37
2.7519260882e-37
2.84067983586e-37
3.2762502289e-37
1.58853514553e-37
2.92965161312e-38
1.63901308914e-38
1.25639527012e-38
1.09442976755e-38
1.02722129052e-38
1.00688587746e-38
200
200
200
200
200
200
1.27192530844e-36
1.13248017851e-39
1.02158836854e-39
8.98434980216e-40
7.78134862065e-40
6.98485003072e-40
6.28467899612e-40
6.09760398693e-40
5.73346403662e-40
5.83519092123e-40
6.28089438819e-40
6.97704742602e-40
9.5696539199e-40
1.55369148124e-35
5.5346564008e-36
1.73855712506e-36
1.35194479448e-38
0
0
0
0
0
0
0
0
0
0
0
0
0
0
0
0
0
0
0
0
0
0
0
0
0
0
0
0
0
0
0
0
0
0
0
0
0
0
0
0
0
0
0
0
0
0
0
0
0
0
0
0
0
0
0
4.92386067515e-37
4.74932454385e-37
4.08045140498e-37
3.68742197957e-37
3.40245308088e-37
3.17004895273e-37
3.01681580421e-37
2.93575747488e-37
2.91552111774e-37
2.94742121149e-37
3.2924334549e-37
1.83653354352e-37
3.51475011902e-38
1.89320682624e-38
1.41410295618e-38
1.20900669706e-38
200
200
200
200
200
200
200
200
7.79201839894e-40
7.4686485807e-40
7.02309596856e-40
6.47092139456e-40
5.95455494392e-40
5.57735383971e-40
5.08865564721e-40
5.04595733972e-40
4.86824685903e-40
4.98931512545e-40
5.08487103927e-40
5.76083244429e-40
2.45139373341e-30
1.05133178371e-29
1.52524414395e-31
1.12376509882e-33
4.44840192976e-35
3.71337981409e-39
0
0
0
0
0
0
0
0
0
0
0
0
0
0
0
0
0
0
0
0
0
0
0
0
0
0
0
0
0
0
0
0
0
0
0
0
0
0
0
0
0
0
0
0
0
0
0
0
0
0
0
0
0
0
4.24480256657e-37
5.53021151779e-37
4.68404707413e-37
4.24294885886e-37
3.90758235294e-37
3.58147253856e-37
3.33517693745e-37
3.16030048247e-37
3.05847410634e-37
3.01421211008e-37
3.26384559341e-37
1.77797443453e-37
200
200
200
200
200
200
200
200
200
200
200
200
5.68894962306e-40
5.51631722007e-40
5.30231830161e-40
5.06197797738e-40
4.72858615796e-40
4.54399466465e-40
4.22267829418e-40
4.11874554181e-40
4.11874554181e-40
4.11748866095e-40
4.28228778948e-40
8.9906316499e-25
200
200
200
4.98190990069e-28
2.3677105316e-32
2.40657775214e-34
6.06014011264e-40
0
0
0
0
0
0
0
0
0
0
0
0
0
0
0
0
0
0
0
0
0
0
0
0
0
0
0
0
0
0
0
0
0
0
0
0
0
0
0
0
0
0
0
0
0
0
0
0
0
0
0
0
0
3.00877492693e-37
6.04824032092e-37
200
200
200
200
200
200
200
200
200
200
200
200
200
200
200
200
200
200
200
200
200
200
4.4754640019e-40
4.40901932823e-40
4.28424927703e-40
4.12230494169e-40
3.94390337308e-40
3.70761316321e-40
3.62523612756e-40
3.46586469923e-40
3.38115293055e-40
3.43000426656e-40
3.67660570232e-40
200
200
200
200
200
200
4.27371525332e-31
1.94932796034e-34
1.57570127891e-42
0
0
0
0
0
0
0
0
0
0
0
0
0
0
0
0
0
0
0
0
0
0
0
0
0
0
0
0
0
0
0
0
0
0
0
0
0
0
0
0
0
0
0
0
0
0
0
0
0
0
0
0
200
200
200
200
200
200
200
200
200
200
200
200
200
200
200
200
200
200
200
200
200
200
200
200
3.76613075954e-40
3.65566321073e-40
3.58410147553e-40
3.47395405169e-40
3.31322456857e-40
3.17717667434e-40
3.02781110192e-40
2.96074173598e-40
2.91226732346e-40
2.94027531998e-40
2.99949996755e-40
3.33403462259e-40
200
200
200
200
200
200
3.46035467726e-31
4.07899274889e-36
0
0
0
0
0
0
0
0
0
0
0
0
0
0
0
0
0
0
0
0
0
0
0
0
0
0
0
0
0
0
0
0
0
0
0
0
0
0
0
0
0
0
0
0
0
0
0
0
0
0
0
200
200
200
200
200
200
200
200
200
200
200
200
200
200
200
200
200
200
200
200
200
200
200
200
200
3.175954136e-40
3.13230902106e-40
3.0302349877e-40
2.90241993083e-40
2.8162681551e-40
2.64900123703e-40
2.56680629742e-40
2.48794564277e-40
2.43573064781e-40
2.43925351088e-40
2.53426428973e-40
2.7680332456e-40
3.48117665013e-40
200
200
200
200
200
200
1.97697698357e-32
2.57587320637e-36
0
0
0
0
0
0
0
0
0
0
0
0
0
0
0
0
0
0
0
0
0
0
0
0
0
0
0
0
0
0
0
0
0
0
0
0
0
0
0
0
0
0
0
0
0
0
0
0
0
200
200
200
200
200
200
200
200
200
200
200
200
200
200
200
200
200
200
200
200
200
200
200
200
200
200
2.66942839937e-40
2.59086315463e-40
2.5416238715e-40
2.45390270571e-40
2.33739356937e-40
2.27774036245e-40
2.16466589783e-40
2.10347322634e-40
2.07067331903e-40
2.06798252513e-40
2.11566932201e-40
2.27523562557e-40
2.73067777337e-40
3.45375677476e-38
200
200
200
200
200
3.15452337229e-25
9.8249954366e-34
4.57488488709e-39
0
0
0
0
0
0
0
0
0
0
0
0
0
0
0
0
0
0
0
0
0
0
0
0
0
0
0
0
0
0
0
0
0
0
0
0
0
0
0
0
0
0
0
0
0
0
0
0
200
200
200
200
200
200
200
200
200
200
200
200
200
200
200
200
200
200
200
200
200
200
200
200
200
200
2.24094544609e-40
2.19866806043e-40
2.15360464972e-40
2.08601149348e-40
2.02224928948e-40
1.93215701581e-40
1.87436542117e-40
1.83073084258e-40
1.78905501124e-40
1.76572381949e-40
1.79818710236e-40
1.87523651777e-40
2.12425995952e-40
1.15967640837e-38
4.68076991831e-37
200
200
200
200
200
7.55139129055e-31
2.1815023931e-36
4.11887233837e-40
0
0
0
0
0
0
0
0
0
0
0
0
0
0
0
0
0
0
0
0
0
0
0
0
0
0
0
0
0
0
0
0
0
0
0
0
0
0
0
0
0
0
0
0
0
0
200
200
200
200
200
200
200
200
200
200
200
200
200
200
200
200
200
200
200
200
200
200
200
200
200
200
200
1.96817201996e-40
1.9258430351e-40
1.87960423912e-40
1.83063491358e-40
1.77175963399e-40
1.6996378984e-40
1.6656516937e-40
1.60936933965e-40
1.55341558015e-40
1.53640342527e-40
1.53661010593e-40
1.57166249413e-40
1.70358051331e-40
3.26569170007e-40
2.25319235712e-37
4.16724609957e-37
200
200
200
200
7.56640995711e-23
2.89606280243e-36
2.96492203072e-36
0
0
0
0
0
0
0
0
0
0
0
0
0
0
0
0
0
0
0
0
0
0
0
0
0
0
0
0
0
0
0
0
0
0
0
0
0
0
0
0
0
0
0
0
0
0
200
200
200
200
200
200
200
200
200
200
200
200
200
200
200
200
200
200
200
200
200
200
200
200
200
200
200
1.77283971407e-40
1.73453196084e-40
1.69598116494e-40
1.64936306841e-40
1.60123613465e-40
1.53940105452e-40
1.50107808156e-40
1.43628788686e-40
1.38018524093e-40
1.35657126622e-40
1.34348447514e-40
1.35356398918e-40
1.41418592012e-40
1.69236650031e-40
5.79556367378e-38
5.91157450432e-37
3.72065075605e-37
5.40439607835e-37
200
200
200
2.23151705514e-36
4.46156176148e-36
3.01486684991e-36
0
0
0
0
0
0
0
0
0
0
0
0
0
0
0
0
0
0
0
0
0
0
0
0
0
0
0
0
0
0
0
0
0
0
0
0
0
0
0
0
0
0
0
0
200
200
200
200
200
200
200
200
200
200
200
200
200
200
200
200
200
200
200
200
200
200
200
200
200
200
200
200
1.63965342372e-40
1.59859853534e-40
1.56925123408e-40
1.52067981759e-40
1.46664393148e-40
1.41689677116e-40
1.35499868855e-40
1.29535905025e-40
1.233886449e-40
1.20358262426e-40
1.16762851121e-40
1.15419266314e-40
1.19185534958e-40
1.3104379209e-40
1.02633520183e-38
2.98465862493e-37
3.5586856512e-37
5.44043973761e-37
7.92832809417e-37
1.05933206603e-36
1.59480176315e-36
2.18452462149e-36
3.48515238785e-36
7.89188476823e-36
4.1297360996e-35
0
0
0
0
0
0
0
0
0
0
0
0
0
0
0
0
0
0
0
0
0
0
0
0
0
0
0
0
0
0
0
0
0
0
0
0
0
0
0
0
0
0
0
200
200
200
200
200
200
200
200
200
200
200
200
200
200
200
200
200
200
200
200
200
200
200
200
200
200
200
200
1.54442120081e-40
1.50116837628e-40
1.46856869631e-40
1.42318533556e-40
1.36619962627e-40
1.30736399781e-40
1.2396137316e-40
1.17223672463e-40
1.10665350161e-40
1.05635947053e-40
1.00934401166e-40
9.87836563416e-41
9.86017456525e-41
1.03416860593e-40
1.37695970571e-40
5.6188578649e-38
3.27900699013e-37
4.30655799258e-37
8.98051956701e-37
1.35841262406e-36
2.03751534785e-36
2.77032395604e-36
4.25839177008e-36
1.06503149061e-35
3.03240546707e-35
2.153705317e-36
0
0
0
0
0
0
0
0
0
0
0
0
0
0
0
0
0
0
0
0
0
0
0
0
0
0
0
0
0
0
0
0
0
0
0
0
0
0
0
0
0
0
200
200
200
200
200
200
200
200
200
200
200
200
200
200
200
200
200
200
200
200
200
200
200
200
200
200
200
200
1.48728170879e-40
1.43240796166e-40
1.39644785191e-40
1.34831573886e-40
1.27779134098e-40
1.21422413809e-40
1.13924980776e-40
1.06239579748e-40
9.94958446997e-41
9.34539177651e-41
8.84271273745e-41
8.45906531689e-41
8.16505373607e-41
8.17959102986e-41
8.89932301723e-41
4.83348271563e-39
9.37242673725e-38
2.14466749937e-37
4.83700008763e-37
9.1766662274e-37
1.78873286445e-36
3.11278987683e-36
5.63266648538e-36
7.25697895949e-36
7.49360614532e-36
1.87284239162e-35
0
0
0
0
0
0
0
0
0
0
0
0
0
0
0
0
0
0
0
0
0
0
0
0
0
0
0
0
0
0
0
0
0
0
0
0
0
0
0
0
0
0
200
200
200
200
200
200
200
200
200
200
200
200
200
200
200
200
200
200
200
200
200
200
200
200
200
200
200
200
1.47000682852e-40
1.39856994922e-40
1.35254161842e-40
1.29185036583e-40
1.21835694503e-40
1.13806279057e-40
1.0553628794e-40
9.77069264889e-41
9.01540599925e-41
8.36773909394e-41
7.85029470997e-41
7.38997093875e-41
7.10468477645e-41
6.85397266091e-41
6.85575007234e-41
7.75315956748e-41
1.26926827884e-38
6.23525971651e-38
1.4025172471e-37
3.21070611622e-37
6.14821211366e-37
1.26683658447e-36
2.37688264326e-36
3.90447888708e-36
4.87947008809e-36
7.67665952394e-36
4.95162000011e-35
8.90158129943e-29
0
0
0
0
0
0
0
0
0
0
0
0
0
0
0
0
0
0
0
0
0
0
0
0
0
0
0
0
0
0
0
0
0
0
0
0
0
0
0
200
200
200
200
200
200
200
200
200
200
200
200
200
200
200
200
200
200
200
200
200
200
200
200
200
200
200
200
200
1.51389799695e-40
1.40643110864e-40
1.34373643206e-40
1.27085918665e-40
1.1769363494e-40
1.08620136707e-40
9.95423662208e-41
9.07162438724e-41
8.31506526623e-41
7.62745535244e-41
7.07253246095e-41
6.64709019451e-41
6.24298242138e-41
5.86252958519e-41
5.7029452042e-41
5.71481861774e-41
1.10269748875e-40
1.06126938846e-38
2.71898009492e-38
6.23578458657e-38
1.33746815346e-37
2.83739012953e-37
5.75761731558e-37
1.2155540207e-36
2.28416214348e-36
4.78192756344e-36
6.19205382015e-29
99.8592786233
0
0
0
0
0
0
0
0
0
0
0
0
0
0
0
0
0
0
0
0
0
0
0
0
0
0
0
0
0
0
0
0
0
0
0
0
0
0
0
200
200
200
200
200
200
200
200
200
200
200
200
200
200
200
200
200
200
200
200
200
200
200
200
200
200
200
200
200
200
1.49613770519e-40
1.38723650337e-40
1.27045146144e-40
1.16117767296e-40
1.05277701262e-40
9.53970571877e-41
8.61938897736e-41
7.83197264907e-41
7.12687673181e-41
6.57979123926e-41
6.03940348707e-41
5.57419103022e-41
5.15515485404e-41
4.72876638662e-41
4.49815829691e-41
4.52089005101e-41
6.23632256975e-40
5.29884594211e-39
1.10065436787e-38
2.1311352303e-38
3.78863592325e-38
7.21220148609e-38
1.86160913472e-37
7.65861055431e-37
2.18787663418e-34
2.13734031906e-28
2.1004462287e-36
64.0037311798
0
0
0
0
0
0
0
0
0
0
0
0
0
0
0
0
0
0
0
0
0
0
0
0
0
0
0
0
0
0
0
0
0
0
0
0
0
0
200
200
200
200
200
200
200
200
200
200
200
200
200
200
200
200
200
200
200
200
200
200
200
200
200
200
200
200
200
3.60070800691e-26
1.74370497633e-40
1.52476136937e-40
1.3314419509e-40
1.17668797939e-40
1.0429980508e-40
9.27331762077e-41
8.28058609666e-41
7.3825022792e-41
6.75572158852e-41
6.12821595526e-41
5.57440689692e-41
5.02429332723e-41
4.49572852191e-41
4.00513256611e-41
3.60373181603e-41
3.34305258774e-41
3.43095372195e-41
5.63797760733e-40
1.76783494507e-39
3.24146348452e-39
5.37548194997e-39
7.8189488648e-39
1.08244839067e-38
1.94247076926e-38
9.37619317336e-38
6.59143321707e-37
8.01348892583e-38
200
0
0
0
0
0
0
0
0
0
0
0
0
0
0
0
0
0
0
0
0
0
0
0
0
0
0
0
0
0
0
0
0
0
0
0
0
0
200
200
200
200
200
200
200
200
200
200
200
200
200
200
200
200
200
200
200
200
200
200
200
200
200
200
200
200
200
200
8.39725209433e-35
2.48146953293e-40
1.86740185117e-40
1.47372696751e-40
1.22655247989e-40
1.05105954261e-40
9.17268398788e-41
8.03834223729e-41
7.18369075776e-41
6.4395572898e-41
5.80656097656e-41
5.22012760374e-41
4.62112644924e-41
4.01801865828e-41
3.48071046148e-41
3.04300539823e-41
2.66800064891e-41
2.39273953859e-41
3.07921142842e-41
1.98206276849e-40
3.67854336107e-40
6.3773824912e-40
9.20546077351e-40
8.5736876458e-40
6.12768944707e-40
1.82350817085e-40
1.59291751879e-40
6.93594911051e-41
1.08003988437e-39
200
0
0
0
0
0
0
0
0
0
0
0
0
0
0
0
0
0
0
0
0
0
0
0
0
0
0
0
0
0
0
0
0
0
0
0
0
200
200
200
200
200
200
200
200
200
200
200
200
200
200
200
200
200
200
200
200
200
200
200
200
200
200
200
200
200
200
6.21609874539e-34
7.49993296059e-32
199.863515763
1.73840483371e-40
1.30769487066e-40
1.07571579651e-40
9.15061698326e-41
7.92277920765e-41
7.03293014153e-41
6.28103128479e-41
5.58190668681e-41
4.97616025272e-41
4.35892629375e-41
3.74300963965e-41
3.19664301733e-41
2.70004649681e-41
2.13920617552e-41
1.38512966729e-41
1.50217797897e-41
2.66865086423e-41
4.89914149238e-41
6.87775903001e-41
6.57967219812e-41
3.75281010701e-41
4.88793440761e-41
6.83451428025e-41
1.16103975679e-40
1.96998322454e-40
1.31512550635e-39
1.82938505919e-38
0
0
0
0
0
0
0
0
0
0
0
0
0
0
0
0
0
0
0
0
0
0
0
0
0
0
0
0
0
0
0
0
0
0
0
1.4101336043e-43
200
200
200
200
200
200
200
200
200
200
200
200
200
200
200
200
200
200
200
200
200
200
200
200
200
200
200
200
200
200
2.25804226646e-33
7.31303233647e-35
8.14299488577e-29
200
4.64870246172e-24
1.1046670098e-40
9.12206876962e-41
7.85058248473e-41
6.93207329278e-41
6.15666437791e-41
5.48351999097e-41
4.84245686133e-41
4.17110681468e-41
3.5588537636e-41
2.96711418521e-41
2.34198345201e-41
1.66271734542e-41
8.88731849145e-42
1.5756889627e-42
2.81534498761e-42
3.29008466938e-42
3.73510925122e-42
8.35331258828e-42
1.21305077455e-41
2.00053633158e-41
4.16609725016e-41
1.04439473511e-40
4.00511617318e-40
2.22828381756e-39
2.0054013312e-39
6.67958023088e-44
0
0
0
0
0
0
0
0
0
0
0
0
0
0
0
0
0
0
0
0
0
0
0
0
0
0
0
0
0
0
0
0
0
0
200
200
200
200
200
200
200
200
200
200
200
200
200
200
200
200
200
200
200
200
200
200
200
200
200
200
200
200
200
200
200
1.79497192979e-33
1.90669489368e-33
1.96583359737e-33
3.8157324715e-33
7.98135845161e-28
200
200
8.15002962483e-41
7.02817968325e-41
6.20179285796e-41
5.48184169774e-41
4.82133628309e-41
4.05665904178e-41
3.47227913801e-41
2.86435970011e-41
2.36118748982e-41
1.74612550101e-41
8.37014660261e-42
1.5756889627e-42
2.54390782485e-42
3.21586711126e-42
3.6608916931e-42
4.62115461935e-42
1.0825830356e-41
1.52700713903e-41
3.24570580064e-41
9.39955261599e-41
1.97052427054e-40
3.71218230864e-40
1.52159667904e-41
1.08242059748e-38
0
0
0
0
0
0
0
0
0
0
0
0
0
0
0
0
0
0
0
0
0
0
0
0
0
0
0
0
0
0
0
0
0
0
200
200
200
200
200
200
200
200
200
200
200
200
200
200
200
200
200
200
200
200
200
200
200
200
200
200
200
200
200
200
200
)
;

boundaryField
{
    frontAndBack
    {
        type            empty;
    }
    leftWall
    {
        type            calculated;
        value           uniform 0;
    }
    outlet
    {
        type            calculated;
        value           uniform 0;
    }
    rightWall
    {
        type            calculated;
        value           uniform 0;
    }
    inlet
    {
        type            calculated;
        value           uniform 9.9838203679e-38;
    }
}


// ************************************************************************* //
