/*--------------------------------*- C++ -*----------------------------------*\
| =========                 |                                                 |
| \\      /  F ield         | OpenFOAM: The Open Source CFD Toolbox           |
|  \\    /   O peration     | Version:  v1906                                 |
|   \\  /    A nd           | Web:      www.OpenFOAM.com                      |
|    \\/     M anipulation  |                                                 |
\*---------------------------------------------------------------------------*/
FoamFile
{
    version     2.0;
    format      ascii;
    class       volScalarField;
    location    "368";
    object      alpha;
}
// * * * * * * * * * * * * * * * * * * * * * * * * * * * * * * * * * * * * * //

dimensions      [0 0 -1 0 0 0 0];


internalField   nonuniform List<scalar> 
9216
(
100
100
100
100
100
100
100
100
100
100
100
100
100
100
100
100
100
100
100
100
100
100
100
100
100
100
100
100
100
100
100
100
100
100
100
100
100
100
100
100
100
100
100
100
100
100
100
100
100
100
100
100
100
100
100
100
100
100
100
100
100
100
100
100
100
100
100
100
100
100
100
100
100
100
100
100
100
100
100
100
100
100
100
100
100
100
100
100
100
100
100
100
99.9999999999
99.9999999938
96.6741861417
31.5404353527
100
100
100
100
100
100
100
100
100
100
100
100
100
100
100
100
100
100
100
100
100
100
100
100
100
100
100
100
100
100
100
100
100
100
100
100
100
100
100
100
100
100
100
100
100
100
100
100
100
100
100
100
100
100
100
100
100
100
100
100
100
100
100
100
100
100
100
100
100
100
100
100
100
100
100
100
100
100
100
100
100
100
100
100
100
100
100
100
100
100
100
100
100
99.9999999995
99.9999994516
96.7181457132
100
100
100
100
100
100
100
100
100
100
100
100
100
100
100
100
100
100
100
100
100
100
100
100
100
100
100
100
100
100
100
100
100
100
100
100
100
100
100
100
100
100
100
100
100
100
100
100
100
100
100
100
100
100
100
100
100
100
100
100
100
100
100
100
100
100
100
100
100
100
100
100
100
100
100
100
100
100
100
100
100
100
100
100
100
100
100
100
100
100
100
100
100
99.9999999999
99.9999999995
99.9999999943
100
100
100
100
100
100
100
100
100
100
100
100
100
100
100
100
100
100
100
100
100
100
100
100
100
100
100
100
100
100
100
100
100
100
100
100
100
100
100
100
100
100
100
100
100
100
100
100
100
100
100
100
100
100
100
100
100
100
100
100
100
100
100
100
100
100
100
100
100
100
100
100
100
100
100
100
100
100
100
100
100
100
100
100
100
100
100
100
100
100
100
100
100
100
100
99.9999999999
100
100
100
100
100
100
100
100
100
100
100
100
100
100
100
100
100
100
100
100
100
100
100
100
100
100
100
100
100
100
100
100
100
100
100
100
100
100
100
100
100
100
100
100
100
100
100
100
100
100
100
100
100
100
100
100
100
100
100
100
100
100
100
100
100
100
100
100
100
100
100
100
100
100
100
100
100
100
100
100
100
100
100
100
100
100
100
100
100
100
100
100
100
100
100
100
100
100
100
100
100
100
100
100
100
100
100
100
100
100
100
100
100
100
100
100
100
100
100
100
100
100
100
100
100
100
100
100
100
100
100
100
100
100
100
100
100
100
100
100
100
100
100
100
100
100
100
100
100
100
100
100
100
100
100
100
100
100
100
100
100
100
100
100
100
100
100
100
100
100
100
100
100
100
100
100
100
100
100
100
100
100
100
100
100
100
100
100
100
100
100
100
100
100
100
100
100
100
100
100
100
100
100
100
100
100
100
100
100
100
100
100
100
100
100
100
100
100
100
100
100
100
100
100
100
100
100
100
100
100
100
100
100
100
100
100
100
100
100
100
100
100
100
100
100
100
100
100
100
100
100
100
100
100
100
100
100
100
100
100
100
100
100
100
100
100
100
100
100
100
100
100
100
100
100
100
100
100
100
100
100
100
100
100
100
100
100
100
100
100
100
100
100
100
100
100
100
100
100
100
100
100
100
100
100
100
100
100
100
100
100
100
100
100
100
100
100
100
100
100
100
100
100
100
100
100
100
100
100
100
100
100
100
100
100
100
100
100
100
100
100
100
100
100
100
100
100
100
100
100
100
100
100
100
100
100
100
100
100
100
100
100
100
100
100
100
100
100
100
100
100
100
100
100
100
100
100
100
100
100
100
100
100
100
100
100
100
100
100
100
100
100
100
100
100
100
100
100
100
100
100
100
100
100
100
100
100
100
100
100
100
100
100
100
100
100
100
100
100
100
100
100
100
100
100
100
100
100
100
100
100
100
100
100
100
100
100
100
100
100
100
100
100
100
100
100
100
100
100
100
100
100
100
100
100
100
100
100
100
100
100
100
100
100
100
100
100
100
100
100
100
100
100
100
100
100
100
100
100
100
100
100
100
100
100
100
100
100
100
100
100
100
100
100
100
100
100
100
100
100
100
100
100
100
100
100
100
100
100
100
100
100
100
100
100
100
100
100
100
100
100
100
100
100
100
100
100
100
100
100
100
100
100
100
100
100
100
100
100
100
100
100
100
100
100
100
100
100
100
100
100
100
100
100
100
100
100
100
100
100
100
100
100
100
100
100
100
100
100
100
100
100
100
100
100
100
100
100
100
100
100
100
100
100
100
100
100
100
100
100
100
100
100
100
100
100
100
100
100
100
100
100
100
100
100
100
100
100
100
100
100
100
100
100
100
100
100
100
100
100
100
100
100
100
100
100
100
100
100
100
100
100
100
100
100
100
100
100
100
100
100
100
100
100
100
100
100
100
100
100
100
100
100
100
100
100
100
100
100
100
100
100
100
100
100
100
100
100
100
100
100
100
100
100
100
100
100
100
100
100
100
100
100
100
100
100
100
100
100
100
100
100
100
100
100
100
100
100
100
100
100
100
100
100
100
100
100
100
100
100
100
100
100
100
100
100
100
100
100
100
100
100
100
100
100
100
100
100
100
100
100
100
100
100
100
100
100
100
100
100
100
100
100
100
100
100
100
100
100
100
100
100
100
100
100
100
100
100
100
100
100
100
100
100
100
100
100
100
100
100
100
100
100
100
100
100
100
100
100
100
100
100
100
100
100
100
100
100
100
100
100
100
100
100
100
100
100
100
100
100
100
100
100
100
100
100
100
100
100
100
100
100
100
100
100
100
100
100
100
100
100
100
100
100
100
100
100
100
100
100
100
100
100
100
100
100
100
100
100
100
100
100
100
100
100
100
100
100
100
100
100
100
100
100
100
100
100
100
100
100
100
100
100
100
100
100
100
100
100
100
100
100
100
100
100
100
100
100
100
100
100
100
100
100
100
100
100
100
100
100
100
100
100
100
100
100
100
100
100
100
100
100
100
100
100
100
100
100
100
100
100
100
100
100
100
100
100
100
100
100
100
100
100
100
100
100
100
100
100
100
100
100
100
100
100
100
100
100
100
100
100
100
100
100
100
100
100
100
100
100
100
100
100
100
100
100
100
100
100
100
100
100
100
100
100
100
100
100
100
100
100
100
100
100
100
100
100
100
100
100
100
100
100
100
100
100
100
100
100
100
100
100
100
100
100
100
100
100
100
100
100
100
100
100
100
100
100
100
100
100
100
100
100
100
100
100
100
100
100
100
100
100
100
100
100
100
100
100
100
100
100
100
100
100
100
100
100
100
100
100
100
100
100
100
100
100
100
100
100
100
100
100
100
100
100
100
100
100
100
100
100
100
100
100
100
100
100
100
100
100
100
100
100
100
100
100
100
100
100
100
100
100
100
100
100
100
100
100
100
100
100
100
100
100
100
100
100
100
100
100
100
100
100
100
100
100
100
100
100
100
100
100
100
100
100
100
100
100
100
100
100
100
100
100
100
100
100
100
100
100
100
100
100
100
100
100
100
100
100
100
100
100
100
100
100
100
100
100
100
100
100
100
100
100
100
100
100
100
100
100
100
100
100
100
100
100
100
100
100
100
100
100
100
100
100
100
100
100
100
100
100
100
100
100
100
100
100
100
100
100
100
100
100
100
100
100
100
100
100
100
100
100
100
100
100
100
100
100
100
100
100
100
100
100
100
100
100
100
100
100
100
100
100
100
100
100
100
100
100
100
100
100
100
100
100
100
100
100
100
100
100
100
100
100
100
100
100
100
100
100
100
100
100
100
100
100
100
100
100
100
100
100
100
100
100
100
100
100
100
100
100
100
100
100
100
100
100
100
100
100
100
100
100
100
100
100
100
100
100
100
100
100
100
100
100
100
100
100
100
100
100
100
100
100
100
100
100
100
100
100
100
100
100
100
100
100
100
100
100
100
100
100
100
100
100
100
100
100
100
100
100
100
100
100
100
100
100
100
100
100
100
100
100
100
100
100
100
100
100
100
100
100
100
100
100
100
100
100
100
100
100
100
100
100
100
100
100
100
100
100
100
100
100
100
100
100
100
100
100
100
100
100
100
100
100
100
100
100
100
100
100
100
100
100
100
100
100
100
100
100
100
100
100
100
100
100
100
100
100
100
100
100
100
100
100
100
100
100
100
100
100
100
100
100
100
100
100
100
100
100
100
100
100
100
100
100
100
100
100
100
100
100
100
100
100
100
100
100
100
100
100
100
100
100
100
100
100
100
100
100
100
100
100
100
100
100
100
100
100
100
100
100
100
100
100
100
100
100
100
100
100
100
100
100
100
100
100
100
100
100
100
100
100
100
100
100
100
100
100
100
100
100
100
100
100
100
100
100
100
100
100
100
100
100
100
100
100
100
100
100
100
100
100
100
100
100
100
100
100
100
100
100
100
100
100
100
100
100
100
100
100
100
100
100
100
100
100
100
100
100
100
100
100
100
100
100
100
100
100
100
100
100
100
100
100
100
100
100
100
100
100
100
100
100
100
100
100
100
100
100
100
100
100
100
100
100
100
100
100
100
100
100
100
100
100
100
100
100
100
100
100
100
100
100
100
100
100
100
100
100
100
100
100
100
100
100
100
100
100
100
100
100
100
100
100
100
100
100
100
100
100
100
100
100
100
100
100
100
100
100
100
100
100
100
100
100
100
100
100
100
100
100
100
100
100
100
100
100
100
100
100
100
100
100
100
100
100
100
100
100
100
100
100
100
100
100
100
100
100
100
100
100
100
100
100
100
100
100
100
100
100
100
100
100
100
100
100
100
100
100
100
100
100
100
100
100
100
100
100
100
100
100
100
100
100
100
100
100
100
100
100
100
100
100
100
100
100
100
100
100
100
100
100
100
100
100
100
100
100
100
100
100
100
100
100
100
100
100
100
100
100
100
100
100
100
100
100
100
100
100
100
100
100
100
100
100
100
100
100
100
100
100
100
100
100
100
100
100
100
100
100
100
100
100
100
100
100
100
100
100
100
100
100
100
100
100
100
100
100
100
100
100
100
100
100
100
100
100
100
100
100
100
100
100
100
100
100
100
100
100
100
100
100
100
100
100
100
100
100
100
100
100
100
100
100
100
100
100
100
100
100
100
100
100
100
100
100
100
100
100
100
100
100
100
100
100
100
100
100
100
100
100
100
100
100
100
100
100
100
100
100
100
100
100
100
100
100
100
100
100
100
100
100
100
100
100
100
100
100
100
100
100
100
100
100
100
100
100
100
100
100
100
100
100
100
100
100
100
100
100
100
100
100
100
100
100
100
100
100
100
100
100
100
100
100
100
100
100
100
100
100
100
100
100
100
100
100
100
100
100
100
100
100
100
100
100
100
100
100
100
100
100
100
100
100
100
100
100
100
100
100
100
100
100
100
100
100
100
100
100
100
100
100
100
100
100
100
100
100
100
100
100
100
100
100
100
100
100
100
100
100
100
100
100
100
100
100
100
100
100
100
100
100
100
100
100
100
100
100
100
100
100
100
100
100
100
100
100
100
100
100
100
100
100
100
100
100
100
100
100
100
100
100
100
100
100
100
100
100
100
100
100
100
100
100
100
100
100
100
100
100
100
100
100
100
100
100
100
100
100
100
100
100
100
100
100
100
100
100
100
100
100
100
100
100
100
100
100
100
100
100
100
100
100
100
100
100
100
100
100
100
100
100
100
100
100
100
100
100
100
100
100
100
100
100
100
100
100
100
100
100
100
100
100
100
100
100
100
100
100
100
100
100
100
100
100
100
100
100
100
100
100
100
100
100
100
100
100
100
100
100
100
100
100
100
100
100
100
100
100
100
100
100
100
100
100
100
100
100
100
100
100
100
100
100
100
100
100
100
100
100
100
100
100
100
100
100
100
100
100
100
100
100
100
100
100
100
100
100
100
100
100
100
100
100
100
100
100
100
100
100
100
100
100
100
100
100
100
100
100
100
100
100
100
100
100
100
100
100
100
100
100
100
100
100
100
100
100
100
100
100
100
100
100
100
100
100
100
100
100
100
100
100
100
100
100
100
100
100
100
100
100
100
100
100
100
100
100
100
100
100
100
100
100
100
100
100
100
100
100
100
100
100
100
100
100
100
100
100
100
100
100
100
100
100
100
100
100
100
100
100
100
100
100
100
100
100
100
100
100
100
100
100
100
100
100
100
100
100
100
100
100
100
100
100
100
100
100
100
100
100
100
100
100
100
100
100
100
100
100
100
100
100
100
100
100
100
100
100
100
100
100
100
100
100
100
100
100
100
100
100
100
100
100
100
100
100
100
100
100
100
100
100
100
100
100
100
100
100
100
100
100
100
100
100
100
100
100
100
100
100
100
100
100
100
100
100
100
100
100
100
100
100
100
100
100
100
100
100
100
100
100
100
100
100
100
100
100
100
100
100
100
100
100
100
100
100
100
100
100
100
100
100
100
100
100
100
100
100
100
100
100
100
100
100
100
100
100
100
100
100
100
100
100
100
100
100
100
100
100
100
100
100
100
100
100
100
100
100
100
100
100
100
100
100
100
100
100
100
100
100
100
100
100
100
100
100
100
100
100
100
100
100
100
100
100
100
100
100
100
100
100
100
100
100
100
100
100
100
100
0
0
0
0
0
0
0
0
0
0
0
0
0
0
0
0
0
0
6.30231133146e-11
100
100
100
100
100
100
100
100
100
100
100
100
100
100
100
100
100
100
100
100
100
100
100
100
100
100
100
100
100
100
100
100
100
100
100
100
100
100
100
100
100
100
100
100
100
100
100
100
100
100
100
100
100
100
100
100
100
100
100
100
100
100
100
100
100
100
100
100
100
100
100
100
100
1.01398184598e-15
3.36746738518e-16
0
0
0
0
0
0
0
0
0
0
0
0
0
0
0
0
0
0
0
0
0
0
0
0
0
0
0
6.48093968819e-10
100
100
100
100
100
100
100
100
100
100
100
100
100
100
100
100
100
100
100
100
100
100
100
100
100
100
100
100
100
100
100
100
100
100
100
100
100
100
100
100
99.9999999999
99.9999999999
99.9999999999
99.9999999999
99.9999999999
99.9999999999
99.9999999999
99.9999999999
99.9999999999
99.9999999999
100
100
100
100
100
100
100
100
100
100
100
100
100
100
100
100
0
0
0
0
0
0
0
0
0
0
0
0
0
0
0
0
0
0
0
0
0
0
0
0
0
0
0
0
0
0
0
0
0
0
99.9997590904
100
100
100
100
100
100
100
100
100
100
100
100
100
100
100
100
100
100
100
100
100
100
100
100
100
100
100
100
100
100
100
100
100
99.9999999999
99.9999999999
99.9999999999
99.9999999999
99.9999999998
99.9999999998
99.9999999998
99.9999999997
99.9999999997
99.9999999997
99.9999999998
99.9999999998
99.9999999999
99.9999999999
100
100
100
100
100
100
100
100
100
100
100
100
100
100
0
0
0
0
0
0
0
0
0
0
0
0
0
0
0
0
0
0
0
0
0
0
0
0
0
0
0
0
0
0
0
0
0
0
0
0
0
0
100
100
100
100
100
100
100
100
100
100
100
100
100
100
100
100
100
100
100
100
100
100
100
100
100
100
100
100
100
99.9999999999
99.9999999999
99.9999999998
99.9999999998
99.9999999997
99.9999999996
99.9999999995
99.9999999994
99.9999999993
99.9999999992
99.9999999993
99.9999999994
99.9999999995
99.9999999996
99.9999999997
99.9999999998
99.9999999999
100
100
100
100
100
100
100
100
100
100
100
100
0
0
0
0
0
0
0
0
0
0
0
0
0
0
0
0
0
0
0
0
0
0
0
0
0
0
0
0
0
0
0
0
0
0
0
0
0
0
0
0
0
99.9998369463
100
100
100
100
100
100
100
100
100
100
100
100
100
100
100
100
100
100
100
100
100
100
100
100
99.9999999999
99.9999999999
99.9999999998
99.9999999996
99.9999999995
99.9999999992
99.9999999988
99.9999999984
99.999999998
99.9999999976
99.9999999976
99.9999999976
99.9999999978
99.9999999984
99.9999999988
99.9999999992
99.9999999994
99.9999999997
99.9999999999
100
100
100
100
100
100
100
100
100
100
100
0
0
0
0
0
0
0
0
0
0
0
0
0
0
0
0
0
0
0
0
0
0
0
0
0
0
0
0
0
0
0
0
0
0
0
0
0
0
0
0
0
0
5.50909268782e-14
1.63481108811e-13
100
100
100
100
100
100
100
100
100
100
100
100
100
100
100
100
100
100
100
100
100
99.9999999999
99.9999999998
99.9999999997
99.9999999994
99.9999999988
99.9999999978
99.9999999964
99.9999999944
99.9999999914
99.9999999882
99.9999999855
99.9999999855
99.9999999869
99.9999999894
99.9999999923
99.9999999949
99.9999999967
99.9999999978
99.9999999988
99.9999999995
99.9999999998
100
100
100
100
100
100
100
100
100
100
0
0
0
0
0
0
0
0
0
0
0
0
0
0
0
0
0
0
0
0
0
0
0
0
0
0
0
0
0
0
0
0
0
0
0
0
0
0
0
0
0
0
0
3.02992099458e-13
3.11560274406e-12
2.60508610627e-11
8.81884688977e-10
100
100
100
100
100
100
100
100
100
100
100
100
100
100
100
100
100
99.9999999999
99.9999999998
99.9999999995
99.9999999987
99.9999999964
99.9999999905
99.9999999768
99.9999999429
99.9999998805
99.9999997906
99.9999997224
99.9999996916
99.9999997224
99.9999997933
99.9999998672
99.999999936
99.9999999661
99.9999999801
99.9999999882
99.9999999944
99.9999999973
99.9999999991
99.9999999998
100
100
100
100
100
100
100
100
100
0
0
0
0
0
0
0
0
0
0
0
0
0
0
0
0
0
0
0
0
0
0
0
0
0
0
0
0
0
0
0
0
0
0
0
0
0
0
0
0
0
0
0
0
0
2.44155604016e-13
1.18257664204e-12
1.53713322525e-11
2.94480368614e-10
100
100
100
100
100
100
100
100
100
100
100
100
100
100
99.9999999999
99.9999999997
99.9999999992
99.9999999959
99.9999999696
99.9999996884
99.9998462328
99.9960206003
99.9870992992
99.9757250555
99.9699595287
99.9667010364
99.9700309327
99.980337295
99.9940095606
99.9997281399
99.9999967536
99.9999992963
99.9999997224
99.9999999
99.9999999583
99.9999999839
99.9999999944
99.9999999984
99.9999999998
100
100
100
100
100
100
100
100
0
0
0
0
0
0
0
0
0
0
0
0
0
0
0
0
0
0
0
0
0
0
0
0
0
0
0
0
0
0
0
0
0
0
0
0
0
0
0
0
0
0
0
0
0
0
0
5.99127121784e-14
6.88003054561e-13
3.36315631809e-12
2.94484168107e-10
100
100
100
100
100
100
100
100
100
100
100
99.9999999999
99.9999999996
99.999999998
99.9999999537
99.9881083755
99.8878117813
60.7143154
8.01503691618e-12
7.76269725991e-12
7.38472738105e-12
6.82529851535e-12
6.31746410759e-12
5.3352300924e-12
4.66526623237e-12
4.26461150644e-12
2.74057676656e-12
94.0496176864
99.7910762859
99.9543224093
99.9979832729
99.9999937963
99.999999204
99.9999998196
99.9999999536
99.9999999883
99.9999999976
100
100
100
100
100
100
100
100
0
0
0
0
0
0
0
0
0
0
0
0
0
0
0
0
0
0
0
0
0
0
0
0
0
0
0
0
0
0
0
0
0
0
0
0
0
0
0
0
0
0
0
0
0
0
0
0
8.91239165108e-15
2.31977842223e-13
6.95222091799e-13
9.62318500772e-12
7.10167138465e-10
100
100
100
100
100
100
100
100
99.9999999999
99.9999999996
99.9999999938
99.9303801391
8.24509611912e-12
8.15719637193e-12
8.15719637193e-12
7.86575417277e-12
7.8694471176e-12
7.8441492247e-12
7.53799362283e-12
7.08485624161e-12
6.50485687798e-12
5.87790081903e-12
5.01787879029e-12
4.74830500151e-12
4.14130476632e-12
0
0
0
77.5702513892
99.6283247109
99.9641804307
99.9999853541
99.9999990173
99.9999998732
99.9999999771
99.9999999978
100
100
100
100
100
100
100
0
0
0
0
0
0
0
0
0
0
0
0
0
0
0
0
0
0
0
0
0
0
0
0
0
0
0
0
0
0
0
0
0
0
0
0
0
0
0
0
0
0
0
0
0
0
0
0
0
8.02115248597e-15
1.0781073856e-13
3.55049200825e-13
1.20178566049e-12
4.28888713608e-11
99.7534965336
100
100
100
100
100
99.9999999999
99.9999999997
99.9667010441
9.07384815117e-12
9.07384815117e-12
9.07077056161e-12
8.28573779953e-12
8.16061591589e-12
7.9961288469e-12
7.86902965913e-12
7.87887348338e-12
7.60333344169e-12
7.29509799989e-12
6.82529851535e-12
6.10924991827e-12
5.3352300924e-12
4.3888260405e-12
4.03600198755e-12
1.92143758541e-12
0
0
0
0
0
99.1481242726
99.9583295754
99.9999912138
99.9999996626
99.9999999601
100
100
100
100
100
100
100
0
0
0
0
0
0
0
0
0
0
0
0
0
0
0
0
0
0
0
0
0
0
0
0
0
0
0
0
0
0
0
0
0
0
0
0
0
0
0
0
0
0
0
0
0
0
0
0
0
0
7.21903723738e-15
1.92090184476e-14
2.53568189256e-13
6.25699882619e-13
3.14858454577e-12
1.73885220015e-10
100
100
100
99.9999999999
99.9999999998
1.11973094668e-11
1.00879009215e-11
9.07384815117e-12
9.07384815117e-12
9.07384815117e-12
9.07384815117e-12
8.81397668332e-12
8.12339454203e-12
7.96328787039e-12
7.91012531619e-12
7.66213927867e-12
7.38472738105e-12
6.96190784496e-12
6.31746410759e-12
5.3352300924e-12
4.27347450136e-12
3.72717428969e-12
1.92143758541e-12
0
0
0
0
0
0
0
99.4427433038
99.9995962597
99.999998895
99.9999999589
100
100
100
100
100
100
0
0
0
0
0
0
0
0
0
0
0
0
0
0
0
0
0
0
0
0
0
0
0
0
0
0
0
0
0
0
0
0
0
0
0
0
0
0
0
0
0
0
0
0
0
0
0
0
0
0
0
1.02966267965e-14
1.72881166028e-14
1.97106358041e-13
4.51398804098e-13
1.49295296472e-12
1.96872560544e-11
8.94989579168e-10
99.9959523307
99.9781531301
1.21039984211e-11
1.12115486322e-11
1.00879009215e-11
1.00879009215e-11
9.07661798177e-12
9.06915741872e-12
9.06394549378e-12
9.05393280686e-12
9.02932752854e-12
8.43938297925e-12
7.93340188302e-12
7.71506453195e-12
7.42953390364e-12
6.96190784496e-12
6.50485687798e-12
5.62084626431e-12
4.66526623237e-12
4.26461150644e-12
2.74057676656e-12
0
0
0
0
0
0
0
0
94.1548840796
99.9489004115
99.9999976747
100
100
100
100
100
100
0
0
0
0
0
0
0
0
0
0
0
0
0
0
0
0
0
0
0
0
0
0
0
0
0
0
0
0
0
0
0
0
0
0
0
0
0
0
0
0
0
0
0
0
0
0
0
0
0
0
0
2.76983060318e-15
9.26696411682e-15
1.55593049425e-14
1.66913962075e-13
3.63389468531e-13
8.73858183706e-13
1.0090393769e-11
1.53911132166e-11
1.38497583322e-11
1.24625389362e-11
1.12140414798e-11
1.0090393769e-11
1.00814813774e-11
9.38691306349e-12
9.06249366518e-12
9.06249366518e-12
9.05125316305e-12
9.0324051181e-12
9.00287468085e-12
8.85562564868e-12
8.33794174468e-12
7.52782299818e-12
7.08485624161e-12
6.50485687798e-12
5.62084626431e-12
4.66526623237e-12
4.26461150644e-12
2.74057676656e-12
0
0
0
0
0
0
0
0
0
0
99.7437537978
99.9999970729
100
100
100
100
100
0
0
0
0
0
0
0
0
0
0
0
0
0
0
0
0
0
0
0
0
0
0
0
0
0
0
0
0
0
0
0
0
0
0
0
0
0
0
0
0
0
0
0
0
0
0
0
0
0
0
0
0
5.26267814605e-15
8.34026770514e-15
3.53392325587e-14
1.44179509796e-13
2.83413871349e-13
5.69849573661e-13
8.17119974638e-12
1.3852001895e-11
1.24545177837e-11
1.12060203273e-11
1.00776818841e-11
1.00776818841e-11
1.00776818841e-11
9.06118701944e-12
9.05290314418e-12
9.04646866894e-12
9.02254901477e-12
8.99907518757e-12
8.85490374495e-12
8.62863872163e-12
8.37554846981e-12
7.99501088733e-12
7.00144744563e-12
5.62084626431e-12
4.66526623237e-12
4.26461150644e-12
1.97793926039e-12
0
0
0
0
0
0
0
0
0
0
6.57383048986e-12
99.4051741443
99.9999999999
99.9999999999
99.9999999999
99.9999999999
99.9999999998
0
0
0
0
0
0
0
0
0
0
0
0
0
0
0
0
0
0
0
0
0
0
0
0
0
0
0
0
0
0
0
0
0
0
0
0
0
0
0
0
0
0
0
0
0
0
0
0
0
0
0
0
5.26267814605e-15
5.26267814605e-15
5.26267814605e-15
5.65361439014e-14
1.48215453572e-13
2.4963373375e-13
4.44694517989e-13
8.16398070914e-12
1.24533418025e-11
1.12048443461e-11
1.00811966354e-11
1.00789530726e-11
1.00742623401e-11
1.00690504152e-11
9.05197644777e-12
9.02795591147e-12
9.01912947082e-12
8.99842547422e-12
8.82335755147e-12
8.63171631119e-12
8.37554846981e-12
7.99501088733e-12
7.4150115237e-12
6.53100091003e-12
5.47617384513e-12
4.26461150644e-12
9.1015464572e-13
0
0
0
0
0
0
0
0
0
0
5.70613734106e-12
7.54268244837e-11
99.2718004431
99.9999999999
99.9999999996
99.999999999
99.9999999982
0
0
0
0
0
0
0
0
0
0
0
0
0
0
0
0
0
0
0
0
0
0
0
0
0
0
0
0
0
0
0
0
0
0
0
0
0
0
0
0
0
0
0
0
0
0
0
0
0
0
0
0
2.49284754286e-15
5.26267814605e-15
7.50624093463e-15
7.50624093463e-15
5.86704792845e-14
1.49828596461e-13
2.22651153865e-13
3.16753894881e-13
9.07105776531e-12
1.12059884158e-11
1.61419909751e-11
1.00781190458e-11
1.00734283133e-11
1.00711847506e-11
1.00362621437e-11
1.00298276685e-11
9.00873757252e-12
8.98631787387e-12
8.82612738207e-12
8.62829676723e-12
8.37862605937e-12
7.99501088733e-12
7.22761875331e-12
6.53100091003e-12
5.57542087809e-12
4.18831244259e-12
0
0
0
0
0
0
0
0
0
0
0
5.0212077543e-12
5.90105714061e-11
4.63114912232e-09
99.9984091748
99.9999999979
99.9999999783
99.9999998673
0
0
0
0
0
0
0
0
0
0
0
0
0
0
0
0
0
0
0
0
0
0
0
0
0
0
0
0
0
0
0
0
0
0
0
0
0
0
0
0
0
0
0
0
0
0
0
0
0
0
0
0
0
0
2.49284754286e-15
7.50624093463e-15
7.50624093463e-15
7.42580520468e-14
1.54050255664e-13
1.97337169289e-13
1.91010269921e-12
99.9999998179
99.9999999999
99.9999999821
99.9999999801
99.9999999696
99.9999999625
99.9999999429
99.9999998925
99.9999982553
9.80308089939e-12
8.71008572672e-12
8.29795961633e-12
7.87206249068e-12
7.22761875331e-12
6.24538473812e-12
5.18362914708e-12
4.73845722938e-12
0
0
0
0
0
0
0
0
0
0
0
3.66023666357e-12
6.47017344047e-11
2.83837758017e-09
0.000597229475387
99.9999999929
99.9999970405
99.9996399283
0
0
0
0
0
0
0
0
0
0
0
0
0
0
0
0
0
0
0
0
0
0
0
0
0
0
0
0
0
0
0
0
0
0
0
0
0
0
0
0
0
0
0
0
0
0
0
0
0
0
0
0
0
0
0
2.49284754286e-15
5.26267814605e-15
1.05838304937e-14
7.73356416059e-14
1.31374701706e-13
1.70332923968e-13
5.34388347562e-12
99.9999999999
100
99.9999999998
99.9999999996
99.9999999992
99.9999999982
99.9999999955
99.9999999779
99.9999998361
9.58634669468e-12
9.30893479706e-12
8.74673610076e-12
7.71078854569e-12
5.92803343601e-12
4.74830500151e-12
4.14130476632e-12
0
0
0
0
0
0
0
0
0
0
0
2.15500259734e-12
7.91938431817e-11
3.65672673889e-09
3.67361416684e-05
99.999999988
99.9997291491
73.8888336732
0
0
0
0
0
0
0
0
0
0
0
0
0
0
0
0
0
0
0
0
0
0
0
0
0
0
0
0
0
0
0
0
0
0
0
0
0
0
0
0
0
0
0
0
0
0
0
0
0
0
0
0
0
0
0
0
0
1.02966267965e-14
2.44716965936e-14
6.80723414491e-14
3.27550205595e-13
1.41874422019e-12
7.8888768395e-12
100
100
99.9999999999
99.9999999997
99.9999999995
99.9999999987
99.999999997
99.9999999855
99.9999997977
9.2165355853e-12
8.59771778734e-12
7.79933840444e-12
6.03606697705e-12
4.26461150644e-12
3.76487949735e-12
0
0
0
0
0
0
0
0
0
0
0
0
9.33713508737e-11
5.97897880382e-09
4.6164228632e-05
99.9979769117
99.9982979017
26.3628101855
0
0
0
0
0
0
0
0
0
0
0
0
0
0
0
0
0
0
0
0
0
0
0
0
0
0
0
0
0
0
0
0
0
0
0
0
0
0
0
0
0
0
0
0
0
0
0
0
0
0
0
0
0
0
0
0
0
0
1.92090184476e-14
3.02119711032e-14
2.4579683464e-13
1.00224704877e-12
3.58419402366e-12
1.73577041518e-10
100
100
99.9999999999
99.9999999998
99.9999999996
99.9999999989
99.9999999966
99.9999999727
99.9999993415
8.42629446339e-12
7.25666767781e-12
6.19491208677e-12
4.73845722938e-12
0
0
0
0
0
0
0
0
0
0
0
0
4.62388564577e-12
1.5126185751e-10
1.44994561013e-08
0.000183859824562
99.9999999981
99.9999976335
77.5362220012
0
0
0
0
0
0
0
0
0
0
0
0
0
0
0
0
0
0
0
0
0
0
0
0
0
0
0
0
0
0
0
0
0
0
0
0
0
0
0
0
0
0
0
0
0
0
0
0
0
0
0
0
0
0
0
0
0
0
0
1.27118849339e-14
2.71343815441e-14
7.30443404815e-13
1.67786828502e-12
7.77721554591e-12
9.42357484046e-08
100
100
99.9999999999
99.9999999998
99.9999999996
99.9999999987
99.9999999938
99.9999999295
99.9999820853
6.93931637569e-12
5.7595879412e-12
4.60144974036e-12
0
0
0
0
0
0
0
0
0
0
0
0
1.01972284627e-11
2.08631579253e-10
6.28145418494e-08
0.00245543492539
99.9999999998
99.9999999986
99.999999997
0
0
0
0
0
0
0
0
0
0
0
0
0
0
0
0
0
0
0
0
0
0
0
0
0
0
0
0
0
0
0
0
0
0
0
0
0
0
0
0
0
0
0
0
0
0
0
0
0
0
0
0
0
0
0
0
0
0
0
0
0
4.46534373675e-13
1.18099723828e-12
4.37331955617e-12
7.4359375906e-11
100
100
100
99.9999999999
99.9999999998
99.9999999995
99.999999998
99.9999999625
99.9999934525
6.19491208677e-12
5.26311333621e-12
1.60095124549e-12
0
0
0
0
0
0
0
0
0
0
2.75987861891e-12
4.47028445559e-12
1.45521091815e-11
3.74580897919e-10
7.25423214639e-07
65.2698260344
99.9999999999
99.9999999998
99.9999999998
0
0
0
0
0
0
0
0
0
0
0
0
0
0
0
0
0
0
0
0
0
0
0
0
0
0
0
0
0
0
0
0
0
0
0
0
0
0
0
0
0
0
0
0
0
0
0
0
0
0
0
0
0
0
0
0
0
0
0
0
0
0
8.79870503063e-13
1.49408352342e-12
1.00856369463e-11
4.5859800444e-08
100
100
100
99.9999999999
99.9999999997
99.9999999992
99.9999999696
99.9999954495
6.40178571968e-12
3.86422447732e-12
0
0
0
0
0
0
0
0
0
0
0
5.70571119913e-12
1.77446775196e-11
2.47746770706e-11
2.7072305467e-09
4.04683733084e-05
100
99.9999999999
99.9999999999
99.9999999997
0
0
0
0
0
0
0
0
0
0
0
0
0
0
0
0
0
0
0
0
0
0
0
0
0
0
0
0
0
0
0
0
0
0
0
0
0
0
0
0
0
0
0
0
0
0
0
0
0
0
0
0
0
0
0
0
0
0
0
0
0
0
0
1.18584808161e-12
8.37554846981e-12
1.57990220734e-10
100
100
100
100
99.9999999999
99.9999999995
99.9999999779
99.9999960806
4.60369330314e-12
0
0
0
0
0
0
0
0
0
0
0
0
7.63401182042e-12
4.82991184523e-11
2.40764921364e-10
2.81668991468e-07
100
100
99.9999999999
99.9999999999
99.9999999998
0
0
0
0
0
0
0
0
0
0
0
0
0
0
0
0
0
0
0
0
0
0
0
0
0
0
0
0
0
0
0
0
0
0
0
0
0
0
0
0
0
0
0
0
0
0
0
0
0
0
0
0
0
0
0
0
0
0
0
0
0
0
0
1.20695542258e-12
7.29509799989e-12
4.4781603808e-11
100
100
100
100
99.9999999999
99.9999999997
99.9999999727
99.9999941073
2.24356278858e-15
0
0
0
0
0
0
0
0
0
0
0
0
1.72780920334e-11
2.07798869496e-10
9.11355294323e-09
0.000831693467707
100
100
100
100
99.9999999999
0
0
0
0
0
0
0
0
0
0
0
0
0
0
0
0
0
0
0
0
0
0
0
0
0
0
0
0
0
0
0
0
0
0
0
0
0
0
0
0
0
0
0
0
0
0
0
0
0
0
0
0
0
0
0
0
0
0
0
0
0
0
0
1.87392770388e-13
4.8649890607e-12
1.30655295296e-11
100
100
100
100
100
99.9999999998
99.9999999625
99.9999910186
0
2.01920650972e-15
0
0
0
0
0
0
0
0
0
0
0
5.40761394944e-11
1.52744973977e-09
2.04140394606e-06
100
100
100
100
100
100
0
0
0
0
0
0
0
0
0
0
0
0
0
0
0
0
0
0
0
0
0
0
0
0
0
0
0
0
0
0
0
0
0
0
0
0
0
0
0
0
0
0
0
0
0
0
0
0
0
0
0
0
0
0
0
0
0
0
0
0
0
0
0
0
3.60745098424e-12
1.28763119472e-11
100
100
100
100
100
99.9999999997
99.9999999294
99.978580337
0
2.01920650972e-15
2.01920650972e-15
0
0
0
0
0
0
0
3.07758955909e-15
6.49713351364e-15
6.47002449132e-12
3.70468516157e-10
9.40189207618e-08
100
100
100
100
100
100
100
0
0
0
0
0
0
0
0
0
0
0
0
0
0
0
0
0
0
0
0
0
0
0
0
0
0
0
0
0
0
0
0
0
0
0
0
0
0
0
0
0
0
0
0
0
0
0
0
0
0
0
0
0
0
0
0
0
0
0
0
0
0
0
0
3.68783723402e-12
1.27656583902e-11
100
100
100
100
100
99.9999999993
99.9999996193
0
0
0
2.01920650972e-15
0
0
0
0
2.49284754286e-15
2.49284754286e-15
5.26267814605e-15
5.84742016228e-15
1.30664573997e-14
4.35605469352e-11
1.40962400852e-08
100
100
100
100
100
100
100
100
0
0
0
0
0
0
0
0
0
0
0
0
0
0
0
0
0
0
0
0
0
0
0
0
0
0
0
0
0
0
0
0
0
0
0
0
0
0
0
0
0
0
0
0
0
0
0
0
0
0
0
0
0
0
0
0
0
0
0
0
0
0
0
0
3.65803363812e-12
1.11188812679e-11
100
100
100
100
100
99.9999999365
0
0
0
0
0
1.81728585875e-15
2.01920650972e-15
2.01920650972e-15
2.24356278858e-15
4.73641033144e-15
4.73641033144e-15
5.26267814605e-15
8.34026770514e-15
1.18772639629e-11
3.72723227766e-09
100
100
100
100
100
100
100
100
100
0
0
0
0
0
0
0
0
0
0
0
0
0
0
0
0
0
0
0
0
0
0
0
0
0
0
0
0
0
0
0
0
0
0
0
0
0
0
0
0
0
0
0
0
0
0
0
0
0
0
0
0
0
0
0
0
0
0
0
0
0
0
0
0
3.45433532022e-12
1.06110468602e-11
100
100
100
100
99.9999999663
0
0
0
0
0
0
1.81728585875e-15
1.81728585875e-15
2.01920650972e-15
2.01920650972e-15
2.24356278858e-15
4.73641033144e-15
7.50624093463e-15
2.19350803941e-12
1.41764499522e-09
100
100
100
100
100
100
100
100
100
100
0
0
0
0
0
0
0
0
0
0
0
0
0
0
0
0
0
0
0
0
0
0
0
0
0
0
0
0
0
0
0
0
0
0
0
0
0
0
0
0
0
0
0
0
0
0
0
0
0
0
0
0
0
0
0
0
0
0
0
0
0
0
0
0
0
1.28430032974e-11
100
100
100
99.9999999727
0
0
0
0
0
0
0
1.81728585875e-15
1.81728585875e-15
1.81728585875e-15
2.01920650972e-15
4.2627692983e-15
4.73641033144e-15
1.46730079257e-12
8.10496795933e-10
100
100
100
100
100
100
100
100
100
100
100
0
0
0
0
0
0
0
0
0
0
0
0
0
0
0
0
0
0
0
0
0
0
0
0
0
0
0
0
0
0
0
0
0
0
0
0
0
0
0
0
0
0
0
0
0
0
0
0
0
0
0
0
0
0
0
0
0
0
0
0
0
0
0
0
0
1.51111553374e-11
100
100
99.9999999583
0
0
0
0
0
0
0
0
1.81728585875e-15
1.81728585875e-15
1.81728585875e-15
3.83649236847e-15
4.2627692983e-15
1.3175649885e-12
6.56028924042e-10
100
100
100
100
100
100
100
100
100
100
100
100
0
0
0
0
0
0
0
0
0
0
0
0
0
0
0
0
0
0
0
0
0
0
0
0
0
0
0
0
0
0
0
0
0
0
0
0
0
0
0
0
0
0
0
0
0
0
0
0
0
0
0
0
0
0
0
0
0
0
0
0
0
0
0
0
0
8.77852147722e-12
99.9999999997
99.9999998805
0
0
0
0
0
0
0
0
0
0
1.81728585875e-15
5.2368298133e-15
1.5277188809e-14
1.85432664356e-12
8.15668982824e-10
100
100
100
100
100
100
100
100
100
100
100
100
100
1.01398184598e-15
0
0
0
0
0
0
0
0
0
0
0
0
0
0
0
0
0
0
0
0
0
0
0
0
0
0
0
0
0
0
0
0
0
0
0
0
0
0
0
0
0
0
0
0
0
0
0
0
0
0
0
0
0
0
0
0
0
0
0
0
0
0
0
0
0
99.9999997224
0
0
0
0
0
0
0
0
0
0
5.84742016228e-15
9.94997664526e-15
9.94997664526e-15
8.18088978159e-12
1.21175154643e-09
100
100
100
100
100
100
100
100
100
100
100
100
100
100
100
100
5.85008610712e-15
0
0
0
0
0
0
0
0
0
0
0
0
0
0
0
0
0
0
0
0
0
0
0
0
0
0
0
0
0
0
0
0
0
0
0
0
0
0
0
0
0
0
0
0
0
0
0
0
0
0
0
0
0
0
0
0
0
0
0
0
0
0
0
0
0
0
0
0
0
0
0
0
0
0
1.17598116597e-14
2.06882264198e-12
3.38156024624e-11
99.7308219587
100
100
100
100
100
100
100
100
100
100
100
100
100
100
100
100
100
100
100
100
0
0
0
0
0
0
0
0
0
0
0
0
0
0
0
0
0
0
0
0
0
0
0
0
0
0
0
0
0
0
0
0
0
0
0
0
0
0
0
0
0
0
0
0
0
0
0
0
0
0
0
0
0
0
0
0
0
0
0
0
0
0
0
0
0
0
0
0
0
0
3.35445686072e-12
5.7595879412e-12
8.90046999493e-12
1.44123849823e-10
99.990595393
100
100
100
100
100
100
100
100
100
100
100
100
100
100
100
100
100
100
100
100
100
100
3.18005724912e-05
0
0
0
0
0
0
0
0
0
0
0
0
0
0
0
0
0
0
0
0
0
0
0
0
0
0
0
0
0
0
0
0
0
0
0
0
0
0
0
0
0
0
0
0
0
0
0
0
0
0
0
0
0
0
0
0
0
0
0
0
0
0
0
0
0
9.18197297005e-12
1.365470048e-11
1.91394408252e-11
2.08029696379e-11
1.9990333017e-11
99.8752427676
99.9995078199
100
100
100
100
100
100
100
100
100
100
100
100
100
100
100
100
100
100
100
100
100
100
4.77304819356e-06
4.9876373195e-10
1.2677267543e-10
2.7264041561e-14
0
0
0
0
0
0
0
0
0
0
0
0
0
0
0
0
0
0
0
0
0
0
0
0
0
0
0
0
0
0
0
0
0
0
0
0
0
0
0
0
0
0
0
0
0
0
0
0
0
0
0
0
0
0
0
0
0
0
0
0
0
0
1.43911358237e-11
2.46798016425e-11
2.41663765072e-11
2.44152624379e-11
99.6956747278
99.9970487335
99.9999765277
100
100
100
100
100
100
100
100
100
100
100
100
100
100
100
100
100
100
100
100
100
100
2.49784517514e-07
1.24129721338e-10
3.52099302708e-12
2.30778815686e-12
3.90922528819e-12
1.35536240486e-12
1.13427333031e-14
0
0
0
0
0
0
0
0
0
0
0
0
0
0
0
0
0
0
0
0
0
0
0
0
0
0
0
0
0
0
0
0
0
0
0
0
0
0
0
0
0
0
0
0
0
0
0
0
0
0
0
0
0
0
0
0
0
0
0
0
2.2113072223e-11
2.98350327249e-11
99.4846224793
99.9925111203
99.9998455462
99.9999999999
100
100
100
100
100
100
100
100
100
100
100
100
100
100
100
100
100
100
100
100
100
100
9.05075532961e-08
4.8334884934e-12
2.85154242225e-12
2.56541299514e-12
2.07643905762e-12
2.07580540922e-12
1.86523568196e-12
2.30276010118e-12
6.47179504358e-14
0
0
0
0
0
0
0
0
0
0
0
0
0
0
0
0
0
0
0
0
0
0
0
0
0
0
0
0
0
0
0
0
0
0
0
0
0
0
0
0
0
0
0
0
0
0
0
0
0
0
0
0
0
0
0
0
0
0
0
1.97409270559e-11
99.980337295
99.9996013277
99.9999876798
99.9999999998
100
100
100
100
100
100
100
100
100
100
100
100
100
100
100
100
100
100
100
100
100
99.7531700662
3.03649517714e-08
4.3505138071e-12
2.85271526171e-12
2.07785934312e-12
1.86879515186e-12
1.68140238147e-12
1.68083209791e-12
1.3582704764e-12
1.21982616438e-12
1.86319681262e-12
5.7333835433e-13
0
0
0
0
0
0
0
0
0
0
0
0
0
0
0
0
0
0
0
0
0
0
0
0
0
0
0
0
0
0
0
0
0
0
0
0
0
0
0
0
0
0
0
0
0
0
0
0
0
0
0
0
0
0
0
0
0
0
99.9923822652
99.9998748924
99.9999968684
99.9999999883
100
100
100
100
100
100
100
100
100
100
100
100
100
100
100
100
100
100
100
100
100
2.11542212958e-06
8.24106866898e-09
3.17078537261e-12
2.31076334387e-12
1.93166293207e-12
1.68225238341e-12
1.51326214332e-12
1.3609607441e-12
1.22378113093e-12
1.22244342876e-12
1.09784354794e-12
1.21982616438e-12
1.50715054888e-12
1.3497377234e-12
1.72881166028e-14
0
0
0
0
0
0
0
0
0
0
0
0
0
0
0
0
0
0
0
0
0
0
0
0
0
0
0
0
0
0
0
0
0
0
0
0
0
0
0
0
0
0
0
0
0
0
0
0
0
0
0
0
0
0
0
99.9929541798
99.9999261252
99.9999979454
99.9999999803
100
100
100
100
100
100
100
100
100
100
100
100
100
100
100
100
100
100
100
100
100
100
1.31965150933e-09
2.07941424462e-12
1.8712000553e-12
1.68380728491e-12
1.51473805485e-12
1.35737971142e-12
1.22486466969e-12
1.10140301784e-12
1.10083273428e-12
9.89545528896e-13
9.88059193146e-13
1.09784354794e-12
1.09687776773e-12
1.35417008361e-12
1.67017936077e-12
3.02119711032e-14
0
0
0
0
0
0
0
0
0
0
0
0
0
0
0
0
0
0
0
0
0
0
0
0
0
0
0
0
0
0
0
0
0
0
0
0
0
0
0
0
0
0
0
0
0
0
0
0
0
0
0
0
0
99.9823035655
99.9999179169
99.9999984891
99.9999999728
100
100
100
100
100
100
100
100
100
100
100
100
100
100
100
100
100
100
100
100
100
100
100
1.51542655642e-12
1.51515379156e-12
1.36336564755e-12
1.22675631794e-12
1.10339218457e-12
9.91599462794e-13
9.91262716056e-13
8.91161259565e-13
8.90590976006e-13
8.90590976006e-13
8.88470991858e-13
8.87601789666e-13
9.87189990954e-13
1.09687776773e-12
1.50463342624e-12
3.50795272052e-12
4.07182737116e-14
0
0
0
0
0
0
0
0
0
0
0
0
0
0
0
0
0
0
0
0
0
0
0
0
0
0
0
0
0
0
0
0
0
0
0
0
0
0
0
0
0
0
0
0
0
0
0
0
0
0
0
0
99.9997093679
99.9999979453
99.9999999625
100
100
100
100
100
100
100
100
100
100
100
100
100
100
100
100
100
100
100
100
100
100
100
100
1.10408068614e-12
1.10380792128e-12
9.93154364298e-13
9.92738627584e-13
8.93150426296e-13
8.12869702625e-13
8.02381880347e-13
8.01531878406e-13
7.20865435362e-13
7.20295151804e-13
7.18957449629e-13
7.98841610699e-13
7.97972408506e-13
8.87601789666e-13
1.21875307525e-12
3.97703437129e-11
1.53933567794e-11
3.72987297571e-14
0
0
0
0
0
0
0
0
0
0
0
0
0
0
0
0
0
0
0
0
0
0
0
0
0
0
0
0
0
0
0
0
0
0
0
0
0
0
0
0
0
0
0
0
0
0
0
0
0
0
99.9492471214
99.9999889118
99.9999999365
99.9999999976
100
100
100
100
100
100
100
100
100
100
100
100
100
100
100
100
100
100
100
100
100
100
100
100
8.3584478073e-13
8.03521045137e-13
8.03521045137e-13
8.03521045137e-13
7.22480439051e-13
7.21715437304e-13
6.49115638565e-13
6.48265636623e-13
6.48265636623e-13
6.47695353065e-13
6.47061704666e-13
6.4635765089e-13
3.08221402113e-07
1.0918808624e-06
4.23003191179e-07
1.30731927327e-08
7.60187653759e-10
3.65670038322e-11
0
0
0
0
0
0
0
0
0
0
0
0
0
0
0
0
0
0
0
0
0
0
0
0
0
0
0
0
0
0
0
0
0
0
0
0
0
0
0
0
0
0
0
0
0
0
0
0
0
0
99.998063674
99.9999996193
99.9999999905
100
100
100
100
100
100
100
100
100
100
100
100
100
100
100
100
100
100
100
100
100
100
100
100
100
7.05012048355e-13
6.50254803355e-13
6.50254803355e-13
6.49880640312e-13
6.49418710629e-13
5.837758197e-13
5.837758197e-13
5.82925817758e-13
5.2411998078e-13
5.23549697221e-13
5.23549697221e-13
8.97968452738e-06
1.28760428222
18.5302018885
0.302028975551
1.52101643321e-05
2.77555122064e-07
5.0648095559e-09
1.00851310909e-11
0
0
0
0
0
0
0
0
0
0
0
0
0
0
0
0
0
0
0
0
0
0
0
0
0
0
0
0
0
0
0
0
0
0
0
0
0
0
0
0
0
0
0
0
0
0
0
0
0
99.9998455462
99.9999999429
99.999999999
100
100
100
100
100
100
100
100
100
100
100
100
100
100
100
100
100
100
100
100
100
100
100
100
100
5.84813586305e-13
5.84914984489e-13
5.84540821447e-13
5.25734984468e-13
5.25273054786e-13
5.24969982721e-13
4.7204472944e-13
4.71194727499e-13
4.71194727499e-13
4.7062444394e-13
4.7062444394e-13
99.999999998
99.9999999999
99.9999999999
100
100
0.00160371384122
1.49785271312e-06
8.5773096006e-09
5.93732919102e-12
0
0
0
0
0
0
0
0
0
0
0
0
0
0
0
0
0
0
0
0
0
0
0
0
0
0
0
0
0
0
0
0
0
0
0
0
0
0
0
0
0
0
0
0
0
0
0
0
99.9999847898
99.9999999894
100
100
100
100
100
100
100
100
100
100
100
100
100
100
100
100
100
100
100
100
100
100
100
100
100
100
4.73082496046e-13
4.72809731187e-13
4.72809731187e-13
4.72809731187e-13
4.72347801505e-13
4.24412001488e-13
4.24075254749e-13
4.23561999546e-13
4.23561999546e-13
4.22991715988e-13
4.23561999546e-13
99.9999998361
99.999999998
99.9999999999
99.9999999999
100
100
0.0213954345335
1.72824889961e-06
4.10248728397e-09
2.85085365114e-12
0
0
0
0
0
0
0
0
0
0
0
0
0
0
0
0
0
0
0
0
0
0
0
0
0
0
0
0
0
0
0
0
0
0
0
0
0
0
0
0
0
0
0
0
0
0
0
99.9999987867
99.9999999982
100
100
100
100
100
100
100
100
100
100
100
100
100
100
100
100
100
100
100
100
100
100
100
100
100
100
4.25449768093e-13
4.25177003235e-13
4.25177003235e-13
4.25177003235e-13
3.92065096364e-13
3.8154254633e-13
3.81205799592e-13
3.80692544389e-13
3.42110034747e-13
3.42110034747e-13
3.42110034747e-13
3.42110034747e-13
99.9999999032
99.9999999967
99.9999999998
99.9999999998
99.9999999999
99.9999999997
0.00763848678302
3.80314942291e-07
4.03972636949e-10
8.36840763325e-13
0
0
0
0
0
0
0
0
0
0
0
0
0
0
0
0
0
0
0
0
0
0
0
0
0
0
0
0
0
0
0
0
0
0
0
0
0
0
0
0
0
0
0
0
0
0
99.9999998361
99.9999999999
100
100
100
100
100
100
100
100
100
100
100
100
100
100
100
100
100
100
100
100
100
100
100
100
100
100
3.82580312936e-13
3.82307548077e-13
3.82307548077e-13
3.7328311297e-13
3.42960036689e-13
3.42960036689e-13
3.4262328995e-13
3.20148992454e-13
3.0738577607e-13
3.0738577607e-13
3.0738577607e-13
3.07899031273e-13
3.07899031273e-13
99.9999997224
99.9999999876
99.9999999973
99.9999999983
99.9999999982
99.9999999982
0.000126281071895
3.32890187974e-08
1.56475816529e-10
0
0
0
0
0
0
0
0
0
0
0
0
0
0
0
0
0
0
0
0
0
0
0
0
0
0
0
0
0
0
0
0
0
0
0
0
0
0
0
0
0
0
0
0
0
99.8624942401
99.9999999625
100
100
100
100
100
100
100
100
100
100
100
100
100
100
100
100
100
100
100
100
100
100
100
100
100
100
100
3.43997803294e-13
3.43725038436e-13
3.43725038436e-13
3.18857304047e-13
3.08235778011e-13
3.07899031273e-13
3.07899031273e-13
2.7613394326e-13
2.7613394326e-13
2.7613394326e-13
2.76647198463e-13
2.76647198463e-13
2.76647198463e-13
2.76647198463e-13
99.9999985021
99.9999999295
99.9999999895
99.9999999956
99.999999996
99.9999999965
2.51929904459e-06
2.94509671525e-10
1.23760061609e-11
0
0
0
0
0
0
0
0
0
0
0
0
0
0
0
0
0
0
0
0
0
0
0
0
0
0
0
0
0
0
0
0
0
0
0
0
0
0
0
0
0
0
0
0
99.9870992992
99.9999999923
100
100
100
100
100
100
100
100
100
100
100
100
100
100
100
100
100
100
100
100
100
100
100
100
100
100
100
3.09273544616e-13
3.09000779758e-13
3.09000779758e-13
2.89765277726e-13
2.76983945201e-13
2.76647198463e-13
2.76647198463e-13
2.48007293731e-13
2.48007293731e-13
2.48520548934e-13
2.48520548934e-13
2.23206564358e-13
2.23206564358e-13
2.23206564358e-13
2.48520548934e-13
99.9998071975
99.9999996193
99.9999999487
99.9999999856
99.9999999896
0.0013429216474
2.9377730506e-10
3.27232968361e-10
4.6318916757e-12
0
0
0
0
0
0
0
0
0
0
0
0
0
0
0
0
0
0
0
0
0
0
0
0
0
0
0
0
0
0
0
0
0
0
0
0
0
0
0
0
0
0
0
99.9995570307
99.9999999986
100
100
100
100
100
100
100
100
100
100
100
100
100
100
100
100
100
100
100
100
100
100
100
100
100
100
100
2.78021711807e-13
2.77748946949e-13
2.77748946949e-13
2.74163958811e-13
2.48857295673e-13
2.48520548934e-13
2.48520548934e-13
2.33711448416e-13
2.23206564358e-13
2.23206564358e-13
2.1361740006e-13
2.0042397824e-13
2.0042397824e-13
2.0042397824e-13
2.0042397824e-13
2.23206564358e-13
8.18677251465e-12
99.9999974635
99.9999997503
99.9999999367
99.9999999627
2.65059486654e-10
4.03994550154e-10
4.98757511573e-10
6.10056916464e-13
0
0
0
0
0
0
0
0
0
0
0
0
0
0
0
0
0
0
0
0
0
0
0
0
0
0
0
0
0
0
0
0
0
0
0
0
0
0
0
0
0
0
99.9999681993
100
100
100
100
100
100
100
100
100
100
100
100
100
100
100
100
100
100
100
100
100
100
100
100
100
100
100
100
2.49895062278e-13
2.4962229742e-13
2.4962229742e-13
2.4962229742e-13
2.44694276671e-13
2.23206564358e-13
2.23206564358e-13
2.23206564358e-13
2.0042397824e-13
2.0042397824e-13
2.0042397824e-13
1.79919650733e-13
1.79919650733e-13
1.79919650733e-13
1.77596249821e-13
1.79919650733e-13
1.60039381281e-12
4.91127433307e-11
1.26775365698e-10
3.03186719556e-05
2.4489726789e-05
2.65638052758e-10
3.63595095139e-10
6.84173380313e-10
1.28739473637e-09
0
0
0
0
0
0
0
0
0
0
0
0
0
0
0
0
0
0
0
0
0
0
0
0
0
0
0
0
0
0
0
0
0
0
0
0
0
0
0
0
0
0
99.9999981508
100
100
100
100
100
100
100
100
100
100
100
100
100
100
100
100
100
100
100
100
100
100
100
100
100
100
100
100
2.37089913964e-13
2.332966599e-13
2.25535045846e-13
2.24308312844e-13
2.23206564358e-13
2.23206564358e-13
2.0042397824e-13
2.0042397824e-13
2.0042397824e-13
1.79919650733e-13
1.79919650733e-13
1.61465755978e-13
1.61465755978e-13
1.44857250697e-13
1.44857250697e-13
1.44857250697e-13
1.75539388443e-13
8.18707558672e-12
6.73720385455e-11
1.26776182025e-10
2.14699057545e-10
2.94513230995e-10
4.03997539341e-10
6.15756042281e-10
1.28739916873e-09
3.31118153124e-09
0
0
0
0
0
0
0
0
0
0
0
0
0
0
0
0
0
0
0
0
0
0
0
0
0
0
0
0
0
0
0
0
0
0
0
0
0
0
0
0
0
99.9999998925
100
100
100
100
100
100
100
100
100
100
100
100
100
100
100
100
100
100
100
100
100
100
100
100
100
100
100
100
2.24067822499e-13
2.24308312844e-13
2.24308312844e-13
2.18294305877e-13
2.03306075619e-13
2.0042397824e-13
2.0042397824e-13
1.80137033397e-13
1.78268166567e-13
1.68753171321e-13
1.61465755978e-13
1.44857250697e-13
1.44857250697e-13
1.29909595945e-13
1.16456706668e-13
1.16759778733e-13
1.3021266801e-13
1.51356521539e-12
1.38678777353e-11
3.97807475035e-11
1.140981322e-10
2.14699570801e-10
3.63598088479e-10
5.79133565911e-10
1.04279332667e-09
7.7195815231e-09
5.29600843576e-08
0
0
0
0
0
0
0
0
0
0
0
0
0
0
0
0
0
0
0
0
0
0
0
0
0
0
0
0
0
0
0
0
0
0
0
0
0
0
0
0
99.9999999914
100
100
100
100
100
100
100
100
100
100
100
100
100
100
100
100
100
100
100
100
100
100
100
100
100
100
100
100
2.12578607852e-13
2.10850738715e-13
2.04777494566e-13
2.00743444752e-13
1.99641696267e-13
1.96168847306e-13
1.78268166567e-13
1.78268166567e-13
1.61449857665e-13
1.60683474004e-13
1.44857250697e-13
1.39701831541e-13
1.29909595945e-13
1.16759778733e-13
1.04652178384e-13
9.37553380693e-14
9.65020716035e-14
1.3021266801e-13
3.52180935434e-12
9.09723023244e-12
1.90247564228e-11
6.73720385455e-11
1.56514817417e-10
2.94513534067e-10
6.15756979002e-10
6.94762469559e-09
1.04278481162e-09
0
0
0
0
0
0
0
0
0
0
0
0
0
0
0
0
0
0
0
0
0
0
0
0
0
0
0
0
0
0
0
0
0
0
0
0
0
0
0
0
100
100
100
100
100
100
100
100
100
100
100
100
100
100
100
100
100
100
100
100
100
100
100
100
100
100
100
100
100
2.05036837392e-13
2.00230189549e-13
1.99360987357e-13
1.97788239705e-13
1.89911198583e-13
1.78268166567e-13
1.77754911365e-13
1.63383597475e-13
1.5873073305e-13
1.4212222777e-13
1.43504685165e-13
1.3021266801e-13
1.16759778733e-13
1.04652178384e-13
8.39481817863e-14
7.51217411317e-14
7.51217411317e-14
9.37553380693e-14
6.78503992922e-13
2.85184549431e-12
5.37005594275e-12
9.09723023244e-12
1.7121849158e-11
6.73720385455e-11
1.56514304162e-10
2.65058138242e-10
2.38545154457e-10
74.902377198
0
0
0
0
0
0
0
0
0
0
0
0
0
0
0
0
0
0
0
0
0
0
0
0
0
0
0
0
0
0
0
0
0
0
0
0
0
0
0
100
100
100
100
100
100
100
100
100
100
100
100
100
100
100
100
100
100
100
100
100
100
100
100
100
100
100
100
100
3.62182747572e-09
1.96568402267e-13
1.9369146619e-13
1.88795177198e-13
1.80238583901e-13
1.78519913112e-13
1.6778444923e-13
1.59033805115e-13
1.49894776979e-13
1.42425299835e-13
1.27990900285e-13
1.15292607545e-13
1.0386989641e-13
9.29730560959e-14
7.43394591583e-14
5.79747585929e-14
5.35940523751e-14
6.71779445425e-14
1.09074054632e-13
7.88345935448e-13
1.60743682969e-12
2.67257251062e-12
3.91393783209e-12
5.96754515255e-12
9.09723023244e-12
4.25895295164e-11
7.48532616814e-11
8.3162512043e-11
99.9999999959
0
0
0
0
0
0
0
0
0
0
0
0
0
0
0
0
0
0
0
0
0
0
0
0
0
0
0
0
0
0
0
0
0
0
0
0
0
99.9993248449
100
100
100
100
100
100
100
100
100
100
100
100
100
100
100
100
100
100
100
100
100
100
100
100
100
100
100
100
100
53.9509466781
1.93407287192e-13
1.90401577565e-13
1.85342547955e-13
1.7885665985e-13
1.71976184207e-13
1.59495734797e-13
1.57275705826e-13
1.42425299835e-13
1.35544765946e-13
1.27477645083e-13
1.13833957232e-13
1.01726356883e-13
9.13998001272e-14
6.57547663499e-14
2.56773888575e-14
2.98792147855e-14
4.5775640092e-14
7.51217411317e-14
1.55762720133e-13
3.82307548077e-13
6.49880640312e-13
9.92364464541e-13
1.36257574779e-12
1.86994822586e-12
2.56656606915e-12
5.96669515061e-12
5.96216990049e-12
99.9999999965
1.65692892166
0
0
0
0
0
0
0
0
0
0
0
0
0
0
0
0
0
0
0
0
0
0
0
0
0
0
0
0
0
0
0
0
0
0
0
0
99.9999998805
100
100
100
100
100
100
100
100
100
100
100
100
100
100
100
100
100
100
100
100
100
100
100
100
100
100
100
100
100
3.92017921621e-11
1.9755456937e-13
1.90072916728e-13
1.85487326321e-13
1.74219148013e-13
1.65837572327e-13
1.59131136745e-13
1.49914137994e-13
1.42425299835e-13
1.27477645083e-13
1.21464785237e-13
1.13833957232e-13
1.01726356883e-13
9.08295165686e-14
7.72274594829e-14
1.62488300503e-14
6.41466650733e-15
6.8765961898e-15
8.06891744172e-15
8.67842903844e-15
3.51900695646e-14
6.34845297534e-14
9.61981722185e-14
1.81294164077e-13
2.49895062278e-13
3.43997803294e-13
3.82118383253e-13
3.06821662916e-13
7.11917790737e-13
99.9999999999
0
0
0
0
0
0
0
0
0
0
0
0
0
0
0
0
0
0
0
0
0
0
0
0
0
0
0
0
0
0
0
0
0
0
0
0
100
100
100
100
100
100
100
100
100
100
100
100
100
100
100
100
100
100
100
100
100
100
100
100
100
100
100
100
100
100
1.58420912005e-12
3.34622902506e-06
1.94815528348e-13
1.83016176827e-13
1.72000498122e-13
1.64206712368e-13
1.56984876069e-13
1.44868709044e-13
1.40988790274e-13
1.27235520989e-13
1.15302838967e-13
1.13045197783e-13
1.00460603874e-13
8.87743236081e-14
7.64298920653e-14
5.19559543142e-14
6.8765961898e-15
7.149361048e-15
7.48610778651e-15
8.67842903844e-15
8.67842903844e-15
1.00032304295e-14
1.31107892479e-14
1.53022381495e-14
1.9980744162e-14
3.55400491045e-14
4.44524407556e-14
6.14741319343e-14
4.7057348847e-13
1.15362223512e-11
0
0
0
0
0
0
0
0
0
0
0
0
0
0
0
0
0
0
0
0
0
0
0
0
0
0
0
0
0
0
0
0
0
0
0
6.39818803183e-16
100
100
100
100
100
100
100
100
100
100
100
100
100
100
100
100
100
100
100
100
100
100
100
100
100
100
100
100
100
100
2.56575499122e-12
2.0997279213e-11
99.9994588741
99.9999995557
1.71335406995e-13
1.63966932635e-13
1.54494374301e-13
1.42505115349e-13
1.37317366101e-13
1.27508285847e-13
1.13567628274e-13
1.05635838897e-13
9.80870513657e-14
8.48664405211e-14
6.89792290811e-14
5.2681722914e-14
6.07627192126e-15
7.149361048e-15
7.48610778651e-15
7.48610778651e-15
8.67842903844e-15
8.67842903844e-15
1.14752319751e-14
1.39006890049e-14
1.77371813734e-14
2.5243422308e-14
3.55400491045e-14
5.54553934113e-14
4.2623966785e-13
8.00910639377e-13
6.39818803183e-16
0
0
0
0
0
0
0
0
0
0
0
0
0
0
0
0
0
0
0
0
0
0
0
0
0
0
0
0
0
0
0
0
0
0
99.9999999923
100
100
100
100
100
100
100
100
100
100
100
100
100
100
100
100
100
100
100
100
100
100
100
100
100
100
100
100
100
100
3.93021302339e-09
3.48668145472e-12
4.46497793367e-11
5.0335427039e-10
20.5847189514
99.9999999922
99.9999996632
99.9916177591
1.34942063295e-13
1.27046356165e-13
1.12795669434e-13
1.02198293421e-13
9.72043148983e-14
8.43531853183e-14
6.84659738784e-14
5.2681722914e-14
5.50598836266e-15
6.07627192126e-15
7.149361048e-15
7.149361048e-15
7.149361048e-15
8.34168229992e-15
1.14752319751e-14
1.37720143345e-14
1.59634632361e-14
2.02262325344e-14
3.19860441941e-14
4.000719668e-14
6.21353570209e-14
7.69830821679e-14
6.62849129427e-12
0
0
0
0
0
0
0
0
0
0
0
0
0
0
0
0
0
0
0
0
0
0
0
0
0
0
0
0
0
0
0
0
0
0
100
100
100
100
100
100
100
100
100
100
100
100
100
100
100
100
100
100
100
100
100
100
100
100
100
100
100
100
100
100
100
)
;

boundaryField
{
    frontAndBack
    {
        type            empty;
    }
    leftWall
    {
        type            calculated;
        value           uniform 0;
    }
    outlet
    {
        type            calculated;
        value           uniform 0;
    }
    rightWall
    {
        type            calculated;
        value           uniform 0;
    }
    inlet
    {
        type            calculated;
        value           uniform 9.05990181289e-10;
    }
}


// ************************************************************************* //
