/*--------------------------------*- C++ -*----------------------------------*\
| =========                 |                                                 |
| \\      /  F ield         | OpenFOAM: The Open Source CFD Toolbox           |
|  \\    /   O peration     | Version:  v1906                                 |
|   \\  /    A nd           | Web:      www.OpenFOAM.com                      |
|    \\/     M anipulation  |                                                 |
\*---------------------------------------------------------------------------*/
FoamFile
{
    version     2.0;
    format      ascii;
    class       volScalarField;
    location    "145";
    object      alpha;
}
// * * * * * * * * * * * * * * * * * * * * * * * * * * * * * * * * * * * * * //

dimensions      [0 0 -1 0 0 0 0];


internalField   nonuniform List<scalar> 
9216
(
146.760597715
199.999862126
199.999872715
199.999872715
199.999872715
199.99988144
199.99988144
199.99988144
199.99988144
199.99988144
199.999872863
199.999855329
199.999857612
199.999837089
199.999837089
199.999837089
199.999855329
199.999870104
199.999870104
199.999870104
199.999870104
199.999837483
199.999830308
199.999830308
199.999830308
199.999830308
199.999805156
199.999793746
199.999784136
199.999765425
199.999760245
199.999704536
199.999721971
199.999777479
199.999782543
199.999811766
199.999813434
199.999813434
199.999813434
199.999813434
199.999813434
199.99979622
199.999766067
199.999763251
199.999785632
199.999785632
199.999785632
199.999785632
199.999785632
199.999784239
199.999791137
199.999798415
199.999806452
199.999813434
199.999813434
199.999808738
199.999792896
199.999772546
199.99973912
199.999690224
199.999647381
199.999608876
199.999579281
199.999543203
199.999475711
199.999376524
199.999284863
199.999254232
199.999149818
199.999018208
199.998897199
199.998750476
199.998622031
199.998497463
199.998272631
199.997885733
199.997448586
199.996975176
199.996207133
199.994789037
199.991006299
199.952967718
197.732178946
181.215858835
164.279840786
151.12574214
137.15797682
116.957456692
92.8701755309
72.5279456821
54.3928342506
40.3892709671
29.3816383272
19.2734265779
11.5978732992
1.30472414509
199.999853455
199.999880533
199.99988144
199.99988144
199.99988144
199.99988144
199.99988144
199.999872715
199.999872715
199.999872715
199.999872715
199.999872715
199.999856299
199.999838058
199.999838058
199.999838058
199.999844732
199.999845528
199.999845528
199.999837536
199.999863021
199.99985225
199.999835834
199.999817975
199.999810812
199.999810812
199.999810812
199.999810812
199.999810505
199.999783011
199.999760491
199.999760491
199.999760491
199.999760491
199.999760491
199.999760491
199.999760491
199.999740224
199.999740224
199.999721983
199.999721983
199.999721983
199.999721983
199.999691092
199.999691092
199.999691092
199.999691092
199.999691092
199.999691092
199.999691092
199.999691092
199.999691092
199.999691092
199.999664736
199.99964401
199.999641127
199.999620291
199.999585099
199.999476727
199.999380864
199.999303589
199.999239525
199.999179456
199.999150949
199.999077904
199.998927911
199.998764657
199.998708678
199.998720133
199.998761226
199.998707256
199.998526976
199.998313547
199.998080339
199.997790191
199.997373079
199.996986285
199.996953082
199.997071046
199.996268804
199.994775884
199.987888148
199.932091614
194.650314777
179.819495235
164.691799076
151.269322587
129.825552981
109.819012328
85.4517831803
64.463104377
51.6969337035
41.4537759134
26.5529560647
17.5692274435
14.0704259164
199.999872715
199.999882551
199.999878847
199.999884683
199.999872715
199.999872715
199.999872715
199.999872715
199.999872715
199.999872715
199.999863021
199.999863021
199.999863021
199.999863021
199.999817593
199.999835834
199.999835834
199.999835834
199.999835834
199.999835834
199.999835834
199.999835834
199.999835834
199.999810812
199.999810812
199.999786744
199.99976477
199.999742251
199.999742251
199.999742251
199.999721983
199.999721983
199.999691092
199.999691092
199.999691092
199.999691092
199.999691092
199.999691092
199.999691092
199.999691092
199.999691092
199.999691092
199.999656769
199.999656769
199.999609687
199.999609687
199.999567313
199.999567313
199.999529176
199.999476862
199.999476862
199.999476862
199.999476862
199.999476862
199.999476862
199.999476862
199.999476862
199.999455721
199.999398191
199.999289571
199.999190335
199.999111089
199.999037476
199.998947774
199.998804244
199.998601258
199.998382638
199.998201857
199.997999212
199.997713762
199.997404634
199.997348658
199.99694148
199.997097242
199.996625686
199.995942728
199.995419389
199.994895361
199.99411681
199.993432628
199.992207997
199.978407096
199.809346828
191.822361623
177.668334476
161.788840347
141.220344513
131.019135555
116.599540723
88.5275831249
61.65103791
56.1662382862
40.5828668078
31.1492683372
27.51798017
18.3976691851
199.99988144
199.999884683
199.999884683
199.999884683
199.999872715
199.999872715
199.999872715
199.999872715
199.999863021
199.999863021
199.999863021
199.999863021
199.999863021
199.999835834
199.999835834
199.999835834
199.999835834
199.999835834
199.999835834
199.999835834
199.999835834
199.999817593
199.999817593
199.999792572
199.99976477
199.999742251
199.999721983
199.999721983
199.999691092
199.999691092
199.999691092
199.999691092
199.999691092
199.999691092
199.999691092
199.999691092
199.999656769
199.999656769
199.999656769
199.999656769
199.99957155
199.999529176
199.999476862
199.999476862
199.999476862
199.999476862
199.999476862
199.999476862
199.999476862
199.999476862
199.999418736
199.999418736
199.999418736
199.999418736
199.999418736
199.999418736
199.999418736
199.999418736
199.999413456
199.9993327
199.999224685
199.999126049
199.99901957
199.998922695
199.998783093
199.998579448
199.99834175
199.998134839
199.997940669
199.997672119
199.997378826
199.997010855
199.996575492
199.99644824
199.995762224
199.995053589
199.994466531
199.993878534
199.993101901
199.991720019
199.979309741
199.775364726
194.336001304
183.850359989
172.030221526
154.95382928
139.801180699
130.072841581
109.227817276
94.5258196013
76.4085255773
53.1994664062
49.2488398483
40.5109101146
34.1724714001
22.4339512548
199.99988144
199.999884683
199.999884683
199.999878634
199.999872715
199.999872715
199.999872715
199.999863021
199.999863021
199.999863021
199.999863021
199.999863021
199.999835834
199.999835834
199.999835834
199.999835834
199.999835834
199.999835834
199.999835834
199.999817593
199.999817593
199.999817593
199.999792572
199.99976477
199.999721983
199.999721983
199.999691092
199.999691092
199.999691092
199.999691092
199.999691092
199.999691092
199.999656769
199.999656769
199.999656769
199.999656769
199.999656769
199.999618633
199.999529176
199.999476862
199.999476862
199.999476862
199.999476862
199.999476862
199.999418736
199.999418736
199.999418736
199.999418736
199.999418736
199.999418736
199.999418736
199.999418736
199.999354151
199.999354151
199.999354151
199.999354151
199.999354151
199.999354151
199.999354151
199.999244373
199.999142699
199.998994663
199.998832538
199.998710577
199.998566794
199.998319818
199.998147579
199.998023501
199.997785357
199.997498121
199.997232532
199.997036632
199.996598452
199.996016338
199.995198352
199.994523741
199.994416835
199.993885493
199.99311968
199.991710736
199.978090361
199.765856131
193.845640848
179.160354414
163.430612391
145.919659565
130.902549799
122.747620616
118.048521831
96.8399831673
83.9987656371
63.3634378413
48.9886685144
48.7447045777
44.9363600739
32.9815809461
199.99988144
199.999884683
199.999884683
199.999872715
199.999872715
199.999872715
199.999863021
199.999863021
199.999863021
199.999863021
199.999863021
199.99985225
199.999835834
199.999835834
199.999835834
199.999835834
199.999835834
199.999817593
199.999817593
199.999817593
199.999817593
199.999792572
199.99976477
199.999721983
199.999691092
199.999691092
199.999691092
199.999691092
199.999691092
199.999691092
199.999656769
199.999656769
199.999656769
199.999656769
199.999656769
199.999618633
199.999529176
199.999529176
199.999476862
199.999476862
199.999476862
199.999476862
199.999418736
199.999418736
199.999418736
199.999418736
199.999418736
199.999354151
199.999354151
199.999354151
199.999354151
199.999354151
199.99928239
199.99928239
199.99928239
199.999202655
199.999202655
199.999114061
199.999114061
199.999009765
199.998606289
199.998307848
199.998091087
199.997944141
199.997834766
199.99773609
199.997459153
199.99741892
199.997256638
199.997023232
199.99677035
199.996371262
199.995850316
199.995121563
199.99457521
199.994512802
199.99402238
199.993012721
199.992396288
199.991592195
199.978756748
199.504756131
187.396111838
176.720432531
161.732261814
145.512352856
138.269884933
123.078034669
106.132231508
89.6885009455
90.2423595937
78.4306322281
58.8325223722
55.4263851188
54.7322623906
42.1744343024
199.99988144
199.999884683
199.999884683
199.999872715
199.999872715
199.999863021
199.999863021
199.999863021
199.999863021
199.999863021
199.999863021
199.999835834
199.999835834
199.999835834
199.999817593
199.999817593
199.999817593
199.999817593
199.999817593
199.999817593
199.999817593
199.99976477
199.999721983
199.999691092
199.999691092
199.999691092
199.999691092
199.999691092
199.999656769
199.999656769
199.999656769
199.999656769
199.999656769
199.999618633
199.999618633
199.999529176
199.999476862
199.999476862
199.999476862
199.999476862
199.999418736
199.999418736
199.999418736
199.999418736
199.999354151
199.999354151
199.999354151
199.999354151
199.999354151
199.99928239
199.99928239
199.99928239
199.999202655
199.999202655
199.999114061
199.999114061
199.999015624
199.999015624
199.998631837
199.997969797
199.997834766
199.997459153
199.997459153
199.997459153
199.997176837
199.997176837
199.997176837
199.997176837
199.996863152
199.996862307
199.996729243
199.996345107
199.995851762
199.995250398
199.994620853
199.994480607
199.993654536
199.992833967
199.992492237
199.98973394
199.936049328
198.629601975
182.741410258
170.556164454
158.399709139
144.947739758
133.877388937
123.287115744
105.798236788
99.2983658935
86.1473981361
86.5251754908
76.5511090965
64.1953203392
64.188253834
51.0909103244
199.99988144
199.999884683
199.999884683
199.999872715
199.999872715
199.999874989
199.999874989
199.999863021
199.999863021
199.999863021
199.999846605
199.999835834
199.999835834
199.999817593
199.999817593
199.999817593
199.999817593
199.999817593
199.999817593
199.999817593
199.999792572
199.999742251
199.999691092
199.999691092
199.999691092
199.999691092
199.999691092
199.999656769
199.999656769
199.999656769
199.999656769
199.999656769
199.999618633
199.999618633
199.999529176
199.999476862
199.999476862
199.999476862
199.999418736
199.999418736
199.999418736
199.999418736
199.999418736
199.999354151
199.999354151
199.999354151
199.999354151
199.99928239
199.99928239
199.99928239
199.999202655
199.999202655
199.999114061
199.999114061
199.999015624
199.999015624
199.998906249
199.998018124
199.997713238
199.997459153
199.997459153
199.997176837
199.997176837
199.996863152
199.996863152
199.996514613
199.996514613
199.996127348
199.996127348
199.996127348
199.995697053
199.995691323
199.995362504
199.994842883
199.994219785
199.993670338
199.993260185
199.992581047
199.992317698
199.988013518
199.942237715
195.445170537
182.213451299
171.088153203
155.981528303
144.928033748
129.478748194
118.245138046
108.530608247
103.990349338
96.2220648283
86.5277217702
87.6819903159
72.3315072615
73.2111714017
60.2032349646
199.999886532
199.999884683
199.999884683
199.999884683
199.999874989
199.999874989
199.999874989
199.999863021
199.999863021
199.999863021
199.999846605
199.999835834
199.999817593
199.999817593
199.999817593
199.999817593
199.999817593
199.999817593
199.999817593
199.999817593
199.99976477
199.999721983
199.999691092
199.999691092
199.999691092
199.999691092
199.999656769
199.999656769
199.999656769
199.999656769
199.999656769
199.999618633
199.999618633
199.999529176
199.999476862
199.999476862
199.999476862
199.999418736
199.999418736
199.999418736
199.999418736
199.999354151
199.999354151
199.999354151
199.999354151
199.99928239
199.99928239
199.99928239
199.999202655
199.999202655
199.999114061
199.999114061
199.999015624
199.999015624
199.998906249
199.998554316
199.997713238
199.997459153
199.997459153
199.997176837
199.997176837
199.996863152
199.996863152
199.996514613
199.996127348
199.996127348
199.995697053
199.995697053
199.995218948
199.995218948
199.995218948
199.99468772
199.99468772
199.994425151
199.993851352
199.993295621
199.992597211
199.992618013
199.991714661
199.982762402
199.897308948
191.844585883
180.439179846
168.530442478
157.613412105
146.762467779
134.126007778
119.55296424
109.863008754
98.1583694332
102.365673233
96.6866616855
90.081612928
84.9260602555
80.5428887014
68.3376639785
199.999893407
199.999884683
199.999884683
199.999884683
199.999874989
199.999874989
199.999874989
199.999863021
199.999863021
199.999863021
199.999846605
199.999835834
199.999817593
199.999817593
199.999817593
199.999817593
199.999817593
199.999817593
199.999817593
199.999792572
199.999721983
199.999691092
199.999691092
199.999691092
199.999691092
199.999656769
199.999656769
199.999656769
199.999656769
199.999656769
199.999618633
199.999576258
199.999529176
199.999476862
199.999476862
199.999476862
199.999418736
199.999418736
199.999418736
199.999418736
199.999354151
199.999354151
199.999354151
199.999354151
199.99928239
199.99928239
199.999202655
199.999202655
199.999114061
199.999114061
199.999114061
199.999015624
199.999015624
199.998906249
199.998226979
199.997713238
199.997459153
199.997176837
199.997176837
199.996863152
199.996863152
199.996514613
199.996127348
199.995697053
199.995697053
199.995218948
199.995218948
199.99468772
199.99468772
199.994097467
199.994097467
199.994097467
199.994097467
199.99344163
199.993216758
199.992912367
199.992502415
199.992507125
199.991324427
199.976579083
199.649329036
190.911891756
177.989720147
166.803270673
157.839035737
146.938856829
133.631974701
122.276182662
113.051088754
106.253424298
100.139759046
102.500865133
97.8350874755
95.5242576709
87.7487381506
77.378834121
199.999893407
199.999884683
199.999884683
199.999884683
199.999874989
199.999874989
199.999874989
199.999863021
199.999863021
199.999846605
199.999835834
199.999817593
199.999817593
199.999817593
199.999817593
199.999817593
199.999817593
199.999817593
199.999817593
199.999744502
199.999721983
199.999691092
199.999691092
199.999691092
199.999656769
199.999656769
199.999656769
199.999656769
199.999618633
199.999618633
199.999618633
199.999529176
199.999529176
199.999476862
199.999476862
199.999418736
199.999418736
199.999418736
199.999354151
199.999354151
199.999354151
199.999354151
199.99928239
199.99928239
199.99928239
199.999202655
199.999202655
199.999114061
199.999114061
199.999015624
199.999015624
199.998906249
199.998906249
199.998226979
199.997459153
199.997459153
199.997176837
199.997176837
199.996863152
199.996514613
199.996127348
199.995697053
199.995697053
199.995218948
199.99468772
199.99468772
199.994097467
199.994097467
199.99344163
199.99344163
199.99344163
199.992712922
199.992712922
199.992712922
199.992712922
199.992712922
199.992572453
199.99188189
199.990157702
199.963502254
199.417869886
190.604503269
178.119269752
168.070265694
158.023401866
143.614761829
132.720849884
124.432800193
120.091752041
113.733824727
108.97955517
101.480480811
104.351356403
107.410740345
95.5259246149
84.3046379421
199.999893407
199.999884683
199.999884683
199.999884683
199.999874989
199.999874989
199.999874989
199.999863021
199.999863021
199.999846605
199.999835834
199.999817593
199.999817593
199.999817593
199.999817593
199.999817593
199.999817593
199.999817593
199.999797326
199.999721983
199.999691092
199.999691092
199.999691092
199.999656769
199.999656769
199.999656769
199.999656769
199.999618633
199.999618633
199.999618633
199.999529176
199.999529176
199.999476862
199.999476862
199.999418736
199.999418736
199.999418736
199.999354151
199.999354151
199.999354151
199.999354151
199.99928239
199.99928239
199.99928239
199.999202655
199.999202655
199.999114061
199.999114061
199.999015624
199.999015624
199.998906249
199.998906249
199.998226979
199.997459153
199.997176837
199.997176837
199.996863152
199.996863152
199.996514613
199.996127348
199.995697053
199.995218948
199.99468772
199.99468772
199.994097467
199.994097467
199.99344163
199.992712922
199.992712922
199.992712922
199.991903247
199.991903247
199.991903247
199.991003608
199.991003608
199.991003608
199.991003608
199.990947699
199.987834322
199.949574752
199.37121812
191.119508116
178.192944289
169.036607719
157.323153844
144.903013233
136.62543466
129.66960577
122.698921476
118.354321215
113.947240307
110.624263015
105.641395582
112.429825949
102.880006091
89.796462019
199.999908182
199.999899458
199.999884683
199.999884683
199.999874989
199.999874989
199.999874989
199.999863021
199.999863021
199.999846605
199.999835834
199.999817593
199.999817593
199.999817593
199.999817593
199.999817593
199.999817593
199.999797326
199.999744502
199.999721983
199.999691092
199.999691092
199.999691092
199.999656769
199.999656769
199.999656769
199.999618633
199.999618633
199.999618633
199.999576258
199.999529176
199.999476862
199.999476862
199.999418736
199.999418736
199.999418736
199.999354151
199.999354151
199.999354151
199.99928239
199.99928239
199.99928239
199.999202655
199.999202655
199.999202655
199.999114061
199.999114061
199.999015624
199.999015624
199.998906249
199.998906249
199.998599493
199.997459153
199.997176837
199.997176837
199.996863152
199.996514613
199.996127348
199.996127348
199.995619515
199.995218948
199.99468772
199.994097467
199.99344163
199.99344163
199.992712922
199.992712922
199.991903247
199.991903247
199.991003608
199.991003608
199.990004008
199.990004008
199.990004008
199.990004008
199.990004008
199.990004008
199.988329848
199.985308286
199.966909099
199.56940412
187.96250898
177.635240516
170.365634597
157.900423741
149.7010763
141.493261815
133.537957028
126.505285938
122.101728697
117.541521634
114.21249073
112.344730834
115.584398707
109.299477365
94.9810275985
199.999908182
199.999899458
199.999899458
199.999884683
199.999874989
199.999874989
199.999874989
199.999863021
199.999863021
199.999846605
199.999835834
199.999817593
199.999817593
199.999817593
199.999817593
199.999817593
199.999797326
199.999797326
199.999721983
199.999721983
199.999691092
199.999691092
199.999656769
199.999656769
199.999656769
199.999618633
199.999618633
199.999618633
199.999576258
199.999529176
199.999476862
199.999476862
199.999418736
199.999418736
199.999418736
199.999354151
199.999354151
199.999354151
199.99928239
199.99928239
199.99928239
199.999202655
199.999202655
199.999114061
199.999114061
199.999114061
199.999015624
199.999015624
199.998906249
199.998906249
199.998784721
199.997459153
199.997176837
199.997176837
199.996863152
199.996514613
199.996127348
199.995697053
199.995218948
199.99468772
199.994097467
199.994097467
199.99344163
199.992712922
199.992712922
199.991903247
199.991003608
199.991003608
199.990004008
199.990004008
199.990004008
199.988893343
199.988893343
199.988893343
199.988893343
199.98765927
199.987254945
199.985180583
199.976305012
199.92747126
198.58141591
190.206226723
180.784855978
171.927216957
163.931856126
152.300921358
145.023190961
136.640191473
130.158896636
127.830191105
121.903648398
119.042195023
116.379295674
114.59880905
117.694799608
99.6374195496
199.999908182
199.999899458
199.999899458
199.999899458
199.999874989
199.999874989
199.999874989
199.999863021
199.999863021
199.999835834
199.999835834
199.999817593
199.999817593
199.999817593
199.999817593
199.999797326
199.999797326
199.999772304
199.999721983
199.999691092
199.999691092
199.999691092
199.999656769
199.999656769
199.999618633
199.999618633
199.999618633
199.999576258
199.999529176
199.999529176
199.999476862
199.999476862
199.999418736
199.999418736
199.999354151
199.999354151
199.999354151
199.99928239
199.99928239
199.99928239
199.999202655
199.999202655
199.999114061
199.999114061
199.999015624
199.999015624
199.999015624
199.998906249
199.998906249
199.998784721
199.997459153
199.997176837
199.997176837
199.996863152
199.996514613
199.996127348
199.995697053
199.995218948
199.99468772
199.994097467
199.99344163
199.992712922
199.991903247
199.991903247
199.991003608
199.990004008
199.990004008
199.988893343
199.988893343
199.988893343
199.98765927
199.98765927
199.98765927
199.98765927
199.98765927
199.985812853
199.984330567
199.978384208
199.959547001
199.884570763
197.834675589
188.289492112
184.672531011
176.846651346
165.185367179
157.136147569
145.408412406
139.763227719
136.287994155
132.723962004
126.709072158
123.317574324
119.816776187
118.046538285
123.346372054
103.884490982
199.999908182
199.999912755
199.999899458
199.999899458
199.999889764
199.999874989
199.999874989
199.999874989
199.999846605
199.999835834
199.999835834
199.999817593
199.999817593
199.999817593
199.999817593
199.999797326
199.999797326
199.999749785
199.999721983
199.999691092
199.999691092
199.999656769
199.999656769
199.999656769
199.999618633
199.999618633
199.999576258
199.999529176
199.999529176
199.999476862
199.999476862
199.999418736
199.999418736
199.999354151
199.999354151
199.999354151
199.99928239
199.99928239
199.99928239
199.999202655
199.999202655
199.999114061
199.999114061
199.999015624
199.999015624
199.999015624
199.998906249
199.998906249
199.998784721
199.997713238
199.997176837
199.997176837
199.996863152
199.996514613
199.996127348
199.995218948
199.99468772
199.994097467
199.99344163
199.992712922
199.991903247
199.991903247
199.991003608
199.990004008
199.988893343
199.988893343
199.98765927
199.98765927
199.98765927
199.986288077
199.986288077
199.986288077
199.986288077
199.9862631
199.986062655
199.985547538
199.977540515
199.964531758
199.926433857
199.77868603
195.570540619
188.596477362
187.069414855
178.647918217
168.205190113
157.983525332
149.31353527
147.346038129
142.597461446
135.569047416
129.662277805
126.594459854
124.274868542
121.005210516
124.582599903
107.349084366
199.999908182
199.999912755
199.999912755
199.999899458
199.999889764
199.999874989
199.999874989
199.999874989
199.999846605
199.999835834
199.999817593
199.999817593
199.999817593
199.999817593
199.999797326
199.999797326
199.999774806
199.999721983
199.999721983
199.999691092
199.999691092
199.999656769
199.999656769
199.999618633
199.999618633
199.999576258
199.999576258
199.999529176
199.999476862
199.999476862
199.999418736
199.999418736
199.999354151
199.999354151
199.999354151
199.99928239
199.99928239
199.999202655
199.999202655
199.999202655
199.999114061
199.999114061
199.999015624
199.999015624
199.998906249
199.998906249
199.998906249
199.998784721
199.99864969
199.997176837
199.997176837
199.996863152
199.996514613
199.995697053
199.995218948
199.99468772
199.994097467
199.992712922
199.991903247
199.991003608
199.990004008
199.988893343
199.98765927
199.98765927
199.985297476
199.985478749
199.986288077
199.985993458
199.983523029
199.984032804
199.984144342
199.984153171
199.983994688
199.983659485
199.982944551
199.980722161
199.969413559
199.937534811
199.869755543
199.441406915
194.248801375
192.872117615
186.569544006
178.245729783
168.475817893
157.765653172
153.765784333
151.05990622
140.338167181
135.569998415
133.121397991
128.996274766
127.119193122
123.829325019
125.353754871
109.867389439
199.99992148
199.999912755
199.999912755
199.999912755
199.999903061
199.999889764
199.999874989
199.999874989
199.999846605
199.999835834
199.999817593
199.999817593
199.999817593
199.999817593
199.999797326
199.999797326
199.999749785
199.999721983
199.999691092
199.999691092
199.999656769
199.999656769
199.999618633
199.999618633
199.999576258
199.999576258
199.999529176
199.999476862
199.999476862
199.999418736
199.999418736
199.999354151
199.999354151
199.999354151
199.99928239
199.99928239
199.999202655
199.999202655
199.999114061
199.999114061
199.999114061
199.999015624
199.999015624
199.998906249
199.998906249
199.998784721
199.998784721
199.99864969
199.997459153
199.997176837
199.996863152
199.996514613
199.995697053
199.995218948
199.994097467
199.99344163
199.991903247
199.989125038
193.262265682
125.151015951
76.3437323802
62.7946608562
70.2187309099
100.021896403
164.659377316
195.766487032
199.981869663
199.976720405
199.978825664
199.980655574
199.979407928
199.979880935
199.979260294
199.977793387
199.975245484
199.970984062
199.961726045
199.936791083
199.876923822
199.656384232
196.186873963
190.494855812
184.052889838
176.948117951
167.719474454
158.361677182
156.908550762
149.404754079
143.153966265
139.551661714
136.256474408
133.289517937
128.090110844
126.758446484
125.02512045
111.953093288
199.99992148
199.999912755
199.999912755
199.999912755
199.999903061
199.999903061
199.999874989
199.999863021
199.999835834
199.999835834
199.999817593
199.999817593
199.999817593
199.999797326
199.999797326
199.999774806
199.999749785
199.999721983
199.999691092
199.999691092
199.999656769
199.999656769
199.999618633
199.999576258
199.999576258
199.999529176
199.999529176
199.999476862
199.999418736
199.999418736
199.999354151
199.999354151
199.999354151
199.99928239
199.99928239
199.999202655
199.999202655
199.999114061
199.999114061
199.999015624
199.999015624
199.999015624
199.998906249
199.998906249
199.998784721
199.998784721
199.99864969
199.997713238
199.997176837
199.996863152
199.996127348
199.995697053
199.99468772
199.99344163
11.9738547535
0
0
0
0
0
0
0
0
0
0.255110331348
0.839601589594
4.25759670112
12.6938415479
42.9881514681
145.115757388
199.464262978
199.967607885
199.958338091
199.959109421
199.962202694
199.954023806
199.933670189
199.809171864
199.767517489
198.507221043
193.002702759
187.161455195
181.575798214
175.514922861
167.430215437
160.533144948
161.443599996
153.14440605
148.213178342
144.144710184
140.076107111
135.472603653
130.979012157
128.783791059
125.287019605
114.239298936
199.99992148
199.999912755
199.999912755
199.999912755
199.999903061
199.999903061
199.999889764
199.999863021
199.999835834
199.999835834
199.999817593
199.999817593
199.999817593
199.999797326
199.999774806
199.999749785
199.999721983
199.999721983
199.999691092
199.999656769
199.999656769
199.999618633
199.999618633
199.999576258
199.999529176
199.999529176
199.999476862
199.999418736
199.999418736
199.999354151
199.999354151
199.999354151
199.99928239
199.99928239
199.999202655
199.999202655
199.999114061
199.999114061
199.999015624
199.999015624
199.998906249
199.998906249
199.998906249
199.998784721
199.998784721
199.99864969
199.998499655
199.997176837
199.996863152
199.996127348
199.995697053
196.359564119
0
0
0
0
0
0
0
0
0
0
0
0
0
0
0
0.192695957936
0.529378999012
2.35152895315
9.91026133657
40.3035636821
157.018486296
199.787771767
199.895813655
199.864050588
199.79134825
199.439430565
199.222980355
194.753585238
189.551759423
184.139603064
179.185223506
174.012490389
168.114379526
167.488607551
163.203393036
154.924539512
152.040840205
147.912557232
143.304749004
138.965089927
135.48409514
130.252882287
127.779018
116.484734501
199.99992148
199.999912755
199.999912755
199.999912755
199.999903061
199.999903061
199.999889764
199.999863021
199.999835834
199.999835834
199.999817593
199.999817593
199.999797326
199.999797326
199.999774806
199.999749785
199.999721983
199.999691092
199.999691092
199.999656769
199.999618633
199.999618633
199.999576258
199.999529176
199.999529176
199.999476862
199.999418736
199.999418736
199.999354151
199.999354151
199.99928239
199.99928239
199.999202655
199.999202655
199.999114061
199.999114061
199.999114061
199.999015624
199.999015624
199.998906249
199.998906249
199.998784721
199.998784721
199.99864969
199.99864969
199.998499655
199.997176837
199.996863152
199.996127348
199.995218948
0.00270891372647
0
0
0
0
0
0
0
0
0
0
0
0
0
0
0
0
0
0
0.0185723241344
0.299449300541
0.847726447198
3.79606117107
20.9097039712
83.6428348303
193.746312961
199.480193572
196.474686869
191.709886857
190.896847293
185.591018986
180.535976937
176.544660601
172.071772382
167.57928013
167.958592859
162.988250152
157.356977416
154.54409309
150.140474335
145.747049733
141.205080159
138.865599138
132.731406566
130.205473749
118.173367161
199.99992148
199.999912755
199.999912755
199.999912755
199.999903061
199.999903061
199.999889764
199.99985225
199.999835834
199.999835834
199.999817593
199.999817593
199.999797326
199.999774806
199.999749785
199.999721983
199.999721983
199.999691092
199.999656769
199.999656769
199.999618633
199.999576258
199.999576258
199.999529176
199.999476862
199.999418736
199.999418736
199.999354151
199.999354151
199.99928239
199.99928239
199.999202655
199.999202655
199.999114061
199.999114061
199.999015624
199.999015624
199.998906249
199.998906249
199.998906249
199.998784721
199.998784721
199.99864969
199.99864969
199.998499655
199.997459153
199.996863152
199.996127348
199.99468772
0
0
0
0
0
0
0
0
0
0
0
0
0
0
0
0
0
0
0
0
0
0
0
0.186100056801
0.547869830598
2.93237561715
14.6081474504
60.3855848993
176.36464435
185.424915575
181.494369564
176.877525853
177.425240054
173.798586177
169.35825954
165.467113735
166.82829645
161.927401567
161.060294784
152.390860693
149.260935988
146.624056904
142.109294109
139.806672925
135.210658116
130.903971181
118.410941585
199.99992148
199.999912755
199.999912755
199.999912755
199.999903061
199.999903061
199.999889764
199.99985225
199.999835834
199.999835834
199.999817593
199.999817593
199.999797326
199.999774806
199.999749785
199.999721983
199.999691092
199.999656769
199.999656769
199.999618633
199.999576258
199.999576258
199.999529176
199.999476862
199.999418736
199.999418736
199.999354151
199.999354151
199.99928239
199.99928239
199.999202655
199.999114061
199.999114061
199.999114061
199.999015624
199.999015624
199.998906249
199.998906249
199.998784721
199.998784721
199.99864969
199.99864969
199.998499655
199.99833295
199.997941914
199.996863152
199.996127348
199.994097467
0
0
0
0
0
0
0
0
0
0
0
0
0
0
0
0
0
0
0
0
0
0
0
0
0
0
0.143536188363
0.54357784317
2.59938925109
13.2671056783
61.3434614039
167.437137993
171.247249262
168.435939286
170.78810352
165.697590699
162.387400438
163.624640477
158.156967909
153.307242824
149.77501199
147.728463922
145.762514217
142.290205318
139.920102938
136.27861342
130.366783158
117.128890846
199.99992148
199.999912755
199.999912755
199.999912755
199.999903061
199.999903061
199.999867025
199.99985225
199.999835834
199.999835834
199.999817593
199.999797326
199.999774806
199.999749785
199.999721983
199.999691092
199.999691092
199.999656769
199.999618633
199.999576258
199.999576258
199.999529176
199.999476862
199.999418736
199.999418736
199.999354151
199.99928239
199.99928239
199.999202655
199.999202655
199.999114061
199.999114061
199.999015624
199.999015624
199.998906249
199.998906249
199.998784721
199.998784721
199.99864969
199.99864969
199.998499655
199.998499655
199.99833295
199.997941914
199.996863152
199.996127348
199.99344163
0
0
0
0
0
0
0
0
0
0
0
0
0
0
0
0
0
0
0
0
0
0
0
0
0
0
0
0
0
0.136820006857
0.60947507857
3.21659548692
17.1524522702
83.6058506617
161.963581429
161.61363399
161.014493516
157.691194569
154.004019418
155.680977436
150.246955458
149.093311771
147.355076996
145.131998925
142.282673231
139.816134571
136.582187305
129.93391118
115.116809113
199.99992148
199.999912755
199.999912755
199.999912755
199.999903061
199.999903061
199.99985225
199.99985225
199.999835834
199.999817593
199.999817593
199.999797326
199.999774806
199.999749785
199.999721983
199.999691092
199.999656769
199.999618633
199.999576258
199.999576258
199.999529176
199.999476862
199.999418736
199.999354151
199.999354151
199.99928239
199.99928239
199.999202655
199.999114061
199.999114061
199.999015624
199.999015624
199.998906249
199.998906249
199.998784721
199.998784721
199.99864969
199.99864969
199.998499655
199.998499655
199.99833295
199.998147723
199.997713238
199.997176837
199.996127348
199.992712922
0
0
0
0
0
0
0
0
0
0
0
0
0
0
0
0
0
0
0
0
0
0
0
0
0
0
0
0
0
0
0
0
0.178967191479
0.841005874474
4.66859495162
26.4824354889
128.191975211
150.489764231
152.605097957
150.530803494
152.448281484
146.504600551
147.345560741
147.054862191
144.439456207
141.328363738
139.268347584
135.270273775
129.696645537
112.695956742
199.99992148
199.999912755
199.999912755
199.999912755
199.999903061
199.999903061
199.99985225
199.999835834
199.999835834
199.999817593
199.999797326
199.999774806
199.999749785
199.999721983
199.999691092
199.999656769
199.999618633
199.999576258
199.999529176
199.999476862
199.999476862
199.999418736
199.999354151
199.99928239
199.99928239
199.999202655
199.999114061
199.999114061
199.999015624
199.999015624
199.998906249
199.998906249
199.998784721
199.998784721
199.99864969
199.99864969
199.998499655
199.998499655
199.99833295
199.998147723
199.997941914
199.997713238
199.997176837
199.996127348
199.99344163
0
0
0
0
0
0
0
0
0
0
0
0
0
0
0
0
0
0
0
0
0
0
0
0
0
0
0
0
0
0
0
0
0
0
0
0.288058237787
1.48372622166
11.5685099175
60.1598500671
139.803996492
147.541965815
142.14582204
144.374190557
146.376214439
145.665461173
142.6528475
138.778955262
137.015620469
133.549835053
128.626214931
110.162883187
199.99992148
199.999912755
199.999912755
199.999912755
199.999903061
199.999892291
199.99985225
199.999835834
199.999817593
199.999817593
199.999774806
199.999749785
199.999721983
199.999691092
199.999656769
199.999618633
199.999576258
199.999529176
199.999476862
199.999418736
199.999354151
199.99928239
199.99928239
199.999202655
199.999114061
199.999015624
199.999015624
199.998906249
199.998906249
199.998784721
199.998784721
199.99864969
199.99864969
199.998499655
199.998499655
199.99833295
199.99833295
199.998147723
199.997941914
199.997713238
199.997459153
199.996863152
199.996127348
199.99344163
199.676538146
0
0
0
0
0
0
0
0
0
0
0
0
0
0
0
0
0
0
0
0
0
0
0
0
0
0
0
0
0
0
0
0
0
0
0
0
0.0874549426461
0.644329421102
4.72415097381
28.7222418401
125.434542356
137.593664562
139.403190556
140.274750987
137.941487682
136.732800211
133.521379146
133.34674897
131.280164843
127.309091594
107.486442925
199.99992148
199.999912755
199.999912755
199.999912755
199.999903061
199.999867025
199.999835834
199.999835834
199.999817593
199.999797326
199.999749785
199.999691092
199.999656769
199.999618633
199.999576258
199.999529176
199.999476862
199.999418736
199.999354151
199.99928239
199.999202655
199.999202655
199.999114061
199.999015624
199.998906249
199.998906249
199.998784721
199.998784721
199.99864969
199.99864969
199.998499655
199.998499655
199.99833295
199.998147723
199.998147723
199.997941914
199.997941914
199.997713238
199.997459153
199.997176837
199.996514613
199.995697053
199.994097467
199.98765927
0
0
0
0
0
0
0
0
0
0
0
0
0
0
0
0
0
0
0
0
0
0
0
0
0
0
0
0
0
0
0
0
0
0
0
0
0
0
0
0.305353584969
2.56654313155
15.4308376413
104.780651649
127.775637739
126.478733493
126.072347663
130.445135564
126.628969557
128.818630611
127.700679155
125.867028734
104.003917137
199.99992148
199.999912755
199.999912755
199.999903061
199.999889764
199.99985225
199.999835834
199.999817593
199.999774806
199.999721983
199.999691092
199.999618633
199.999576258
199.999476862
199.999418736
199.999354151
199.99928239
199.999202655
199.999114061
199.999015624
199.998906249
199.998906249
199.998784721
199.998784721
199.99864969
199.998499655
199.998499655
199.99833295
199.99833295
199.998147723
199.998147723
199.997941914
199.997941914
199.997713238
199.997713238
199.997459153
199.997176837
199.997176837
199.996514613
199.996127348
199.995218948
199.99344163
199.990004008
199.87468425
0
0
0
0
0
0
0
0
0
0
0
0
0
0
0
0
0
0
0
0
0
0
0
0
0
0
0
0
0
0
0
0
0
0
0
0
0
0
0
0
0.137189525564
1.60169443105
11.1388085577
78.5776808842
119.236157541
126.820140337
121.799446716
125.137001718
126.348533511
123.6093081
123.125101591
100.480225463
8.47815313486
199.999912755
199.999912755
199.999889764
199.99985225
199.999835834
199.999797326
199.999691092
199.999618633
199.99928239
199.988893343
199.98476453
199.986288077
199.988893343
199.992712922
199.99468772
199.996127348
199.996863152
199.997941914
199.998147723
199.99833295
199.998147723
199.998147723
199.998147723
199.998147723
199.997941914
199.997941914
199.997713238
199.997713238
199.997713238
199.997459153
199.997459153
199.997176837
199.997176837
199.996863152
199.996514613
199.996514613
199.996127348
199.995697053
199.99468772
199.99344163
199.991003608
199.9830717
0
0
0
0
0
0
0
0
0
0
0
0
0.129384220156
0.647330012551
0.998203945068
1.71273526839
0
0
0
0
0
0
0
0
0
0
0
0
0
0
0
0
0
0
0
0
0
0
0
0
0
0
0.0581200140273
1.10319459557
9.87313517919
65.5686077282
113.378892861
116.942001727
120.082263225
121.181949545
117.889678404
119.244462828
97.422334253
199.99992148
199.999912755
199.999884683
0.000164378082242
0
0
0
0
0
0
0
0
0
0
0
0
0
0
0
0
0
0
0
20.5440446286
199.940061865
199.976778739
199.988893343
199.995218948
199.996127348
199.996127348
199.996127348
199.996127348
199.996127348
199.995697053
199.995697053
199.995218948
199.99468772
199.994097467
199.99344163
199.991903247
199.990004008
199.98476453
199.971331776
0
0
0
0
0
0
0
0
0
0
0.44889954303
7.44367839749
45.8979670636
199.940061865
199.939925671
199.933402073
199.917780337
154.850358558
10.5150871312
0
0
0
0
0
0
0
0
0
0
0
0
0
0
0
0
0
0
0
0
0
0
0
0
0.0102575091586
0.927061752452
7.41822770886
52.3837840239
106.424546151
112.359406406
110.772232235
114.499104458
114.808551461
95.0738457983
2.04647945861e-05
1.0770944519e-05
0
0
0
0
0
0
0
0
0
0
0
0
0
0
0
0
0
0
0
0
0
0
0
0
0
0
0
0
117.97268425
199.9563051
199.979100865
199.988893343
199.991903247
199.991903247
199.991903247
199.991003608
199.990004008
199.98765927
199.98476453
199.976778739
199.946055679
0
0
0
0
0
0
0
0
0.112142924361
9.6848025653
199.96067459
199.968146418
199.971331776
199.971331776
199.971331776
199.971331776
199.964607131
199.9563051
199.940061865
199.908644819
17.4962259885
0
0
0
0
0
0
0
0
0
0
0
0
0
0
0
0
0
0
0
0
0
0
0
0.000403086112286
1.07724232176
8.5230763082
75.5099264499
109.473480608
110.422529341
113.993287711
111.516102494
93.5338858174
0
0
0
0
0
0
0
0
0
0
0
0
0
0
0
0
0
0
0
0
0
0
0
0
0
0
0
0
0
0
0
0
0
0
0
161.898494243
199.951450111
199.971331776
199.976778739
199.976778739
199.971331776
199.9563051
199.917780337
0
0
0
0
0
0
0
1.21203209005
199.968146418
199.976778739
199.981190778
199.98476453
199.98476453
199.986288077
199.98476453
199.98476453
199.9830717
199.979100865
199.974198598
199.96067459
199.940061865
199.898494243
0
0
0
0
0
0
0
0
0
0
0
0
0
0
0
0
0
0
0
0
0
0
0
0.0388356682296
1.54771167612
13.6424266165
83.6026923986
107.864817841
109.258812017
107.759280101
91.9605947161
0
0
0
0
0
0
0
0
0
0
0
0
0
0
0
0
0
0
0
0
0
0
0
0
0
0
0
0
0
0
0
0
0
0
0
0
0
0
1.33183982001
117.996494243
199.926002303
199.917780337
77.5163374682
0
0
0
0
0
0
12.3120337537
199.986288077
199.989241881
199.993762411
199.997176837
199.997176837
199.996863152
199.99468772
199.99344163
199.992712922
199.991003608
199.988893343
199.98476453
199.981190778
199.973670911
199.9563051
199.926002303
66.8945936073
0
0
0
0
0
0
0
0
0
0
0
0
0
0
0
0
0
0
0
0
0
0
0.121813042691
3.01265425389
20.9056295212
92.6594167704
100.808310164
105.734070652
90.9893356929
0
0
0
0
0
0
0
0
0
0
0
0
0
0
0
0
0
0
0
0
0
0
0
0
0
0
0
0
0
0
0
0
0
0
0
0
0
0
0
0
0
0
8.9272504535
0
0
0.00158588970324
0.00272296577066
0.170048613717
98.3070992167
199.99833295
199.998499655
199.998499655
199.998499655
199.99864969
199.99864969
199.99864969
199.998499655
199.997941914
199.997713238
199.996771791
199.993828895
199.991903247
199.988893343
199.98476453
199.979100865
199.968146418
199.940061865
199.898494243
0
0
0
0
0
0
0
0
0
0
0
0
0
0
0
0
0
0
0
0
0
0
0.359357954167
5.57887119215
46.7796730299
98.95978158
104.851432719
90.9208785243
0
0
0
0
0
0
0
0
0
0
0
0
0
0
0
0
0
0
0
0
0
0
0
0
0
0
0
0
0
0
0
0
0
0
0
0
0
0
0
0
0
0
0
0
0.00201618436522
0.0131773835801
1.02890276404
199.99833295
199.998499655
199.998499655
199.99864969
199.99864969
199.99864969
199.99864969
199.998784721
199.998784721
199.998784721
199.998784721
199.998784721
199.998602131
199.995247122
199.993057957
199.992003886
199.991694101
199.993850507
199.995581217
199.978643355
199.951450111
199.908644819
0
0
0
0
0
0
0
0
0
0
0
0
0
0
0
0
0
0
0
0
0
0
1.20036393062
11.1227511682
89.4607441441
101.95119035
89.7356601809
0
0
0
0
0
0
0
0
0
0
0
0
0
0
0
0
0
0
0
0
0
0
0
0
0
0
0
0
0
0
0
0
0
0
0
0
0
0
0
0
0
0
0
0
0
0.689495525438
77.4659551788
199.998499655
199.998499655
199.99864969
199.99864969
199.998784721
199.998784721
199.998784721
199.998784721
199.998784721
199.998906249
199.998906249
199.998906249
199.998784721
199.997735493
199.994252741
199.990224818
199.989250463
199.989834729
199.994840905
199.995620002
199.981370457
199.9563051
199.917780337
0
0
0
0
0
0
0
0
0
0
0
0
0
0
0
0
0
0
0
0
0
0.173146697504
4.00077954612
33.3033540123
94.2252004087
88.2177819695
0
0
0
0
0
0
0
0
0
0
0
0
0
0
0
0
0
0
0
0
0
0
0
0
0
0
0
0
0
0
0
0
0
0
0
0
0
0
0
0
0
0
0
0
0
0
189.533047339
198.586627643
199.99864969
199.99864969
199.998784721
199.998784721
199.998906249
199.998906249
199.998906249
199.998906249
199.998906249
199.998906249
199.998906249
199.998906249
199.998596349
199.997373996
199.994641075
199.991001705
199.988650193
199.987589868
199.98898406
199.995814349
199.976778739
199.951450111
199.908644819
0
0
0
0
0
0
0
0
0
0
0
0
0
0
0
0
0
0
0
0
0
1.08808929485
12.85615688
85.9632894931
86.6515480952
0
0
0
0
0
0
0
0
0
0
0
0
0
0
0
0
0
0
0
0
0
0
0
0
0
0
0
0
0
0
0
0
0
0
0
0
0
0
0
0
0
0
0
0
0
0
0
0
0.000150034471522
188.376124398
199.767381544
199.998906249
199.998906249
199.998906249
199.998906249
199.999015624
199.999015624
199.999015624
199.999015624
199.999015624
199.999015624
199.998633899
199.99746681
199.996642783
199.994658435
199.990147163
199.984853504
199.985409061
199.988139961
199.971331776
199.946055679
199.898494243
0
0
0
0
0
0
0
0
0
0
0
0
0
0
0
0
0
0
0
0
0.299644667413
5.54442289874
61.8226432823
84.6962134878
0
0
0
0
0
0
0
0
0
0
0
0
0
0
0
0
0
0
0
0
0
0
0
0
0
0
0
0
0
0
0
0
0
0
0
0
0
0
0
0
0
0
0
0
0
0
0
0
0
0.00013503102437
0.00180801480937
172.997107365
199.98708762
199.999015624
199.999015624
199.999015624
199.999015624
199.999015624
199.999015624
199.999015624
199.999015624
199.999015624
199.998979093
199.998724293
199.998381858
199.995818114
199.987354135
199.983857607
199.994635133
199.981190778
199.964607131
199.933402073
7.43103929744
0
0
0
0
0
0
0
0
0
0
0
0
0
0
0
0
0
0
0
0.0747336842661
2.71403097814
30.4308367275
81.3160352051
0
0
0
0
0
0
0
0
0
0
0
0
0
0
0
0
0
0
0
0
0
0
0
0
0
0
0
0
0
0
0
0
0
0
0
0
0
0
0
0
0
0
0
0
0
0
0
0
0
0
0.000121527921933
0.000682673515923
0.0083952306128
198.332230333
199.999015624
199.999114061
199.999114061
199.999114061
199.999114061
199.999114061
199.999114061
199.999114061
199.999114061
199.999015624
199.999015624
199.998694676
199.993566763
199.984467402
199.985257276
199.986288077
199.974198598
199.951450111
199.917780337
0
0
0
0
0
0
0
0
0
0
0
0
0
0
0
0
0
0
0
0
1.23772690297
15.2639385305
76.4693772093
0
0
0
0
0
0
0
0
0
0
0
0
0
0
0
0
0
0
0
0
0
0
0
0
0
0
0
0
0
0
0
0
0
0
0
0
0
0
0
0
0
0
0
0
0
0
0
0
0
0
0
0.000230903051673
0.000515968547565
0.00721081465368
0.0206957617911
199.855838126
199.999114061
199.999114061
199.999114061
199.999114061
199.999114061
199.999114061
199.999114061
199.999114061
199.999114061
199.999015624
199.998015559
199.988499784
199.984955328
199.988893343
199.979100865
199.964607131
199.933402073
199.887215825
0
0
0
0
0
0
0
0
0
0
0
0
0
0
0
0
0
0
0
0.60765042555
8.34319476199
69.2612435891
0
0
0
0
0
0
0
0
0
0
0
0
0
0
0
0
0
0
0
0
0
0
0
0
0
0
0
0
0
0
0
0
0
0
0
0
0
0
0
0
0
0
0
0
0
0
0
0
0
0
0
0
0.000207812746505
0.000464371692808
0.00640113933322
0.0141028253911
199.028136425
199.999202655
199.999202655
199.999202655
199.999202655
199.999202655
199.999202655
199.999114061
199.999114061
199.999114061
199.999114061
199.993703464
199.985812758
199.990914435
199.981190778
199.971331776
199.946055679
199.908644819
0
0
0
0
0
0
0
0
0
0
0
0
0
0
0
0
0
0
0
0.371539603363
6.27937943788
56.9612448694
0
0
0
0
0
0
0
0
0
0
0
0
0
0
0
0
0
0
0
0
0
0
0
0
0
0
0
0
0
0
0
0
0
0
0
0
0
0
0
0
0
0
0
0
0
0
0
0
0
0
0
0
0
0.000296406601594
0.00101393565983
0.00491360312922
0.00762317906644
153.162886983
199.998324862
199.998762319
199.99891759
199.999067624
199.999067624
199.999067624
199.999067624
199.998828996
199.998828996
199.998610539
199.992651926
199.990448695
199.98476453
199.974198598
199.9563051
199.917780337
111.227031853
0
0
0
0
0
0
0
0
0
0
0
0
0
0
0
0
0
0
0.220206136366
5.04475674426
42.9773103738
0
0
0
0
0
0
0
0
0
0
0
0
0
0
0
0
0
0
0
0
0
0
0
0
0
0
0
0
0
0
0
0
0
0
0
0
0
0
0
0
0
0
0
0
0
0
0
0
0
0
0
0
0
8.85938550891e-05
0.000187031471855
0.00155133660106
0.00413202445693
0.00682636104005
0.00663554030768
199.989927889
199.997672305
199.998916456
199.998916456
199.998836721
199.998686687
199.998796062
199.998796062
199.998707468
199.998280723
199.992012622
199.984873906
199.976778739
199.9563051
199.926002303
199.860760278
0
0
0
0
0
0
0
0
0
0
0
0
0
0
0
0
0
0
0.182140091946
4.06881748268
35.3231240785
0
0
0
0
0
0
0
0
0
0
0
0
0
0
0
0
0
0
0
0
0
0
0
0
0
0
0
0
0
0
0
0
0
0
0
0
0
0
0
0
0
0
0
0
0
0
0
0
0
0
0
0
0
8.85938550891e-05
0.000168328324669
0.000168328324669
0.00163812672692
0.00398026338697
0.0060016204643
0.00572106842866
199.980044128
199.995927363
199.998725158
199.998818018
199.998818018
199.998836721
199.998686687
199.998686687
199.99824616
199.992001684
199.986386515
199.976778739
199.96067459
199.926002303
199.860760278
0
0
0
0
0
0
0
0
0
0
0
0
0
0
0
0
0
0
0.167930014111
3.9847083781
32.7528612926
0
0
0
0
0
0
0
0
0
0
0
0
0
0
0
0
0
0
0
0
0
0
0
0
0
0
0
0
0
0
0
0
0
0
0
0
0
0
0
0
0
0
0
0
0
0
0
0
0
0
0
0
0
0
0.000168328324669
0.000168328324669
0.000168328324669
0.00198666540312
0.00457051669558
0.00493083982575
25.227675689
199.984296385
199.99636729
199.998559475
199.998353919
199.998192882
199.997568117
199.998118444
199.997386231
199.991991841
199.986386515
199.976778739
199.96067459
199.926002303
199.860760278
0
0
0
0
0
0
0
0
0
0
0
0
0
0
0
0
0
0
0.171897948192
3.94394322585
33.5328315314
0
0
0
0
0
0
0
0
0
0
0
0
0
0
0
0
0
0
0
0
0
0
0
0
0
0
0
0
0
0
0
0
0
0
0
0
0
0
0
0
0
0
0
0
0
0
0
0
0
0
0
0
0
0
0
0.000168328324669
0.000168328324669
0.000168328324669
0.0023739305989
0.0035690971375
0.00344932943465
192.474592867
199.990232652
199.994053285
199.994382613
199.994269405
199.994396376
199.993815767
199.992801516
199.990092602
199.984853124
199.976778739
199.96067459
199.926002303
199.845289198
0
0
0
0
0
0
0
0
0
0
0
0
0
0
0
0
0
0
0.238957079308
4.12448417899
36.9983963816
0
0
0
0
0
0
0
0
0
0
0
0
0
0
0
0
0
0
0
0
0
0
0
0
0
0
0
0
0
0
0
0
0
0
0
0
0
0
0
0
0
0
0
0
0
0
0
0
0
0
0
0
0
0
0
0
0
8.85938550891e-05
0.000266765941435
0.00225180798824
0.00297093022924
0.00213851614708
199.990698174
199.992494754
199.992857993
199.992462611
199.992462611
199.992071575
199.991171936
199.988981937
199.984853124
199.974287192
199.9563051
199.917780337
199.80899901
0
0
0
0
0
0
0
0
0
0
0
0
0
0
0
0
0
0
0.328097500378
5.58564212489
43.5928267451
0
0
0
0
0
0
0
0
0
0
0
0
0
0
0
0
0
0
0
0
0
0
0
0
0
0
0
0
0
0
0
0
0
0
0
0
0
0
0
0
0
0
0
0
0
0
0
0
0
0
0
0
0
0
0
0
0
0
0.000464371692808
0.00061440616433
0.000552965547897
0.0011173815641
0.143665442398
199.990958754
199.990357564
199.991171936
199.991171936
199.991083342
199.988973077
199.986367812
199.982844642
199.972234491
199.951538705
199.898494243
199.737995898
0
0
0
0
0
0
0
0
0
0
0
0
0
0
0
0
0
0
0.482529415992
7.20941181271
54.6684082346
0
0
0
0
0
0
0
0
0
0
0
0
0
0
0
0
0
0
0
0
0
0
0
0
0
0
0
0
0
0
0
0
0
0
0
0
0
0
0
0
0
0
0
0
0
0
0
0
0
0
0
0
0
0
0
0
0
0
0.000121527921933
0.000515968547565
0.000781111132688
0.00061440616433
0.0305973836218
199.989357714
199.988893343
199.988981937
199.989061671
199.988973077
199.987739004
199.984844265
199.979180599
199.968226152
199.940150459
199.874772844
199.556293753
0
0
0
0
0
0
0
0
0
0
0
0
0
0
0
0
0
0
0.823892849717
9.19045313362
65.5524391355
0
0
0
0
0
0
0
0
0
0
0
0
0
0
0
0
0
0
0
0
0
0
0
0
0
0
0
0
0
0
0
0
0
0
0
0
0
0
0
0
0
0
0
0
0
0
0
0
0
0
0
0
0
0
0
0
0
0
0
0
0.000573298386183
0.000867901258543
0.0124225979095
0.260927972003
199.986654011
199.986654011
199.98765927
199.98765927
199.986288077
199.983151435
199.976858473
199.956384834
199.917860071
199.809087604
198.525626738
8.85938550891e-05
0
0
0
0
0
0
0
0
0
0
0
0
0
0
0
0
0.0458026386566
1.43902564961
13.2062285535
70.3126177417
0
0
0
0
0
0
0
0
0
0
0
0
0
0
0
0
0
0
0
0
0
0
0
0
0
0
0
0
0
0
0
0
0
0
0
0
0
0
0
0
0
0
0
0
0
0
0
0
0
0
0
0
0
0
0
0
0
0
0
0
0
0.00063699820687
0.014008695169
0.0981220034562
199.985171124
199.983478294
199.9830717
199.98476453
199.9830717
199.981190778
199.971331776
199.937991681
199.860840013
199.640677674
0
8.85938550891e-05
8.85938550891e-05
0
0
0
0
0
0
0
0
0
0
0
0
0
0
0
0.144699929712
2.39368606986
19.8928539157
106.708182776
0
0
0
0
0
0
0
0
0
0
0
0
0
0
0
0
0
0
0
0
0
0
0
0
0
0
0
0
0
0
0
0
0
0
0
0
0
0
0
0
0
0
0
0
0
0
0
0
0
0
0
0
0
0
0
0
0
0
0
0
0
0
0.00605218061364
0.0325580414514
199.983573668
199.981340813
199.974198598
199.971331776
199.979100865
199.976778739
199.946055679
199.87468425
199.737995898
198.727462912
7.97344695802e-05
8.85938550891e-05
8.85938550891e-05
8.85938550891e-05
0
0
0
0
0
0
0
0
0
0
0
0
0
0
0.367076470159
3.8033570608
27.0988334737
155.373733837
0
0
0
0
0
0
0
0
0
0
0
0
0
0
0
0
0
0
0
0
0
0
0
0
0
0
0
0
0
0
0
0
0
0
0
0
0
0
0
0
0
0
0
0
0
0
0
0
0
0
0
0
0
0
0
0
0
0
0
0
0
0
0
0.0307230597111
199.981190778
199.9830717
199.966697044
199.964607131
199.96067459
199.946055679
199.87468425
199.747807965
199.248579575
0
0
7.97344695802e-05
8.85938550891e-05
8.85938550891e-05
8.85938550891e-05
0
0
0
0
0
0
0
0
0
0
0
0
0.00396459153566
0.671038356707
6.86202342345
34.2988395674
167.297897397
0
0
0
0
0
0
0
0
0
0
0
0
0
0
0
0
0
0
0
0
0
0
0
0
0
0
0
0
0
0
0
0
0
0
0
0
0
0
0
0
0
0
0
0
0
0
0
0
0
0
0
0
0
0
0
0
0
0
0
0
0
0
0
0.0280845523987
199.976778739
199.974731375
199.961309113
199.953772237
199.940061865
199.887215825
199.764196308
199.391349456
0
0
0
0
7.97344695802e-05
8.85938550891e-05
8.85938550891e-05
0
0
0
0
0
0
0
0
0
0
0
0
0.117344987187
1.1387099839
8.83200599352
37.2900823088
169.664039953
0
0
0
0
0
0
0
0
0
0
0
0
0
0
0
0
0
0
0
0
0
0
0
0
0
0
0
0
0
0
0
0
0
0
0
0
0
0
0
0
0
0
0
0
0
0
0
0
0
0
0
0
0
0
0
0
0
0
0
0
0
0
0
0
199.968146418
199.974198598
199.952233473
199.941171161
199.898494243
199.764196308
199.45221451
0
0
0
0
0
0
8.85938550891e-05
8.85938550891e-05
8.85938550891e-05
0
0
0
0
0
0
0
0
0
0
0
0.240048835868
2.40081417269
11.7118057352
76.7705616018
167.101783106
0
0
0
0
0
0
0
0
0
0
0
0
0
0
0
0
0
0
0
0
0
0
0
0
0
0
0
0
0
0
0
0
0
0
0
0
0
0
0
0
0
0
0
0
0
0
0
0
0
0
0
0
0
0
0
0
0
0
0
0
0
0
0
0
199.96067459
199.968146418
199.952890886
199.905218888
199.764196308
199.391349456
0
0
0
0
0
0
0
0
8.85938550891e-05
8.85938550891e-05
0
0
0
0
0
0
0
0
0
0
0.0620645575371
0.452145801926
2.76139480506
11.18988029
116.985005339
169.087441899
0
0
0
0
0
0
0
0
0
0
0
0
0
0
0
0
0
0
0
0
0
0
0
0
0
0
0
0
0
0
0
0
0
0
0
0
0
0
0
0
0
0
0
0
0
0
0
0
0
0
0
0
0
0
0
0
0
0
0
0
0
0
0
0
199.946055679
199.96067459
199.911761091
199.791709219
199.165088416
0
0
0
0
0
0
0
0
0
0
8.85938550891e-05
0
0
0
0
0
0
0
0
0
0
0.174137755471
0.927054881899
3.21451302467
7.81820015533
112.977531777
168.534976634
0
0
0
0
0
0
0
0
0
0
0
0
0
0
0
0
0
0
0
0
0
0
0
0
0
0
0
0
0
0
0
0
0
0
0
0
0
0
0
0
0
0
0
0
0
0
0
0
0
0
0
0
0
0
0
0
0
0
0
0
0
0
0
55.6002999737
199.917780337
199.946055679
199.789644116
198.727462912
0
0
0
0
0
0
0
0
0
0
0
0
0
0
0
0
0
0
0
0
0
0.0687183508091
0.256135141341
1.02967342482
1.90606510637
17.5152974737
117.47597655
165.800199357
0
0
0
0
0
0
0
0
0
0
0
0
0
0
0
0
0
0
0
0
0
0
0
0
0
0
0
0
0
0
0
0
0
0
0
0
0
0
0
0
0
0
0
0
0
0
0
0
0
0
0
0
0
0
0
0
0
0
0
0
0
0
0
195.944888082
199.860760278
199.754248406
193.819369123
0
0
0
0
0
0
0
0
0
0
0
0
0
0
0
0
0
0
0
0
0
0
0.189350128629
0.704713904331
1.18378393324
0.338614120566
16.9912869282
128.669521922
159.820313283
0
0
0
0
0
0
0
0
0
0
0
0
0
0
0
0
0
0
0
0
0
0
0
0
0
0
0
0
0
0
0
0
0
0
0
0
0
0
0
0
0
0
0
0
0
0
0
0
0
0
0
0
0
0
0
0
0
0
0
0
0
0
0
194.437432211
199.64059794
143.514092704
0
0
0
0
0
0
0
0
0
0
0
0
0
0
0
0
0
0
0
0
0
0
0.106920681355
0.393252339899
1.27887033369
2.1611374591
0.141523541327
4.36919505767
143.931051025
145.232166329
0
0
0
0
0
0
0
0
0
0
0
0
0
0
0
0
0
0
0
0
0
0
0
0
0
0
0
0
0
0
0
0
0
0
0
0
0
0
0
0
0
0
0
0
0
0
0
0
0
0
0
0
0
0
0
0
0
0
0
0
0
0
0
182.274123761
0
0
0
0
0
0
0
0
0
0
0
0
0
0
0
0
0
0
0
0
0
0
0
0.0715076526616
0.185549098342
0.506299580536
1.21057275132
1.3706101147
4.27187887922
17.1619489535
120.362368603
126.656974172
0
0
0
0
0
0
0
0
0
0
0
0
0
0
0
0
0
0
0
0
0
0
0
0
0
0
0
0
0
0
0
0
0
0
0
0
0
0
0
0
0
0
0
0
0
0
0
0
0
0
0
0
0
0
0
0
0
0
0
0
0
0
0
0
0
0
0
0
0
0
0
0
0
0
0
0
0
0
0
0
0
0
0
0
0
0
0.048254360022
0.238162491248
0.368547612983
0.515567451402
0.536298124857
25.108622094
31.2431796982
58.3757392411
116.14301091
142.511061428
2.04647945861e-05
0
0
0
0
0
0
0
0
0
0
0
0
0
0
0
0
0
0
0
0
0
0
0
0
0
0
0
0
0
0
0
0
0
0
0
0
0
0
0
0
0
0
0
0
0
0
0
0
0
0
0
0
0
0
0
0
0
0
0
0
0
0
0
0
0
0
0
0
0
0
0
0
0
0
0
0
0
0
0
0
0
0
0
0
0.0428935594839
0.260772324773
0.393021077056
0.428937951994
0.853441096011
6.22567771007
6.95200079708
10.4890594326
24.6884213877
88.3370395041
125.833286822
199.99992148
199.999899458
4.92790659965e-05
0
0
0
0
0
0
0
0
0
0
0
0
0
0
0
0
0
0
0
0
0
0
0
0
0
0
0
0
0
0
0
0
0
0
0
0
0
0
0
0
0
0
0
0
0
0
0
0
0
0
0
0
0
0
0
0
0
0
0
0
0
0
0
0
0
0
0
0
0
0
0
0
0
0
0
0
0
0
0
0
0
0.0680916666323
0.290914062695
0.288420737933
0.534568881326
2.587163242
2.30135727692
2.4870464418
3.95301448631
6.9532014411
16.9039269839
69.1231443492
115.90398332
199.99992148
199.999912755
199.999912755
199.999863021
0.000241334771272
0
0
0
0
0
0
0
0
0
0
0
0
0
0
0
0
0
0
0
0
0
0
0
0
0
0
0
0
0
0
0
0
0
0
0
0
0
0
0
0
0
0
0
0
0
0
0
0
0
0
0
0
0
0
0
0
0
0
0
0
0
0
0
0
0
0
0
0
0
0
0
0
0
0
0.000296406601594
0.000329340668438
0.000207812746505
0.0331385923474
0.229336071583
0.298418751618
0.291248689155
1.50748439175
1.43852132791
1.46483454899
1.70311439782
2.16170744038
2.89720984328
4.07266947402
7.35037170377
36.9210994198
106.939056329
199.99992148
199.99992148
199.999912755
199.999903061
199.99985225
199.999817593
0.000336941531651
0
0
0
0
0
0
0
0
0
0
0
0
0
0
0
0
0
0
0
0
0
0
0
0
0
0
0
0
0
0
0
0
0
0
0
0
0
0
0
0
0
0
0
0
0
0
0
0
0
0
0
0
0
0
0
0
0
0
0
0
0
0
0
0
0
0
0.128160611182
0.163432828615
1.07452832915
1.63988238784
3.64053235361
4.80328299774
5.54228700108
5.94699699987
4.06100509241
0.760047285896
0.258334744929
1.45012306042
1.06837870136
1.01412675534
1.13876027643
1.34059915595
1.56266195648
1.86775668107
2.32108919471
2.92835505023
4.00587812703
8.63417791586
98.1894136889
199.99992148
199.99992148
199.999912755
199.999912755
199.999863021
199.999835834
199.999817593
199.999721983
8.94565731906e-05
0
0
0
0
0
0
0
0
0
0
0
0
0
0
0
0
0
0
0
0
0
0
0
0
0
0
0
0
0
0
0
0
0
0
0
0
0
0
0
0
0
0
0
0
0
0
0
0
0
0
0
0
0
0
0
0
0
0
0
0
0
0
1.39176196958
7.36612398783
15.0258633891
22.9762002111
27.3935765282
29.4837697686
32.9559027368
29.4225306362
26.4080092771
18.5824267109
7.25646789741
3.01052542221
1.33416067413
0.915082285774
0.913579679893
1.00833762091
1.11770898106
1.26099220527
1.43486382418
1.65612031717
1.94764445546
2.31306856444
2.81801260148
3.88207067589
88.2111937885
199.99992148
199.99992148
199.999912755
199.999912755
199.999889764
199.99985225
64.9059102016
0.443523840001
0.927401520413
0.00965276086397
0
0
0
0
0
0
0
0
0
0
0
0
0
0
0
0
0
0
0
0
0
0
0
0
0
0
0
0
0
0
0
0
0
0
0
0
0
0
0
0
0
0
0
0
0
0
0
0
0
0
0
0
0
0
0
0
0
0
0
0
0
6.76263486522
19.5589355347
21.1542444643
21.9126662119
23.8086031552
25.4830106873
27.0710913319
27.6043212326
26.2930647383
23.57503375
18.8954685706
4.03249344012
1.55024904283
1.15438141852
1.0413305001
1.05410806884
1.11718634843
1.22099118352
1.35246216196
1.51615311743
1.71572101294
1.95631771439
2.24852125366
2.68472600378
75.8289794663
199.99992148
199.99992148
199.999912755
199.999912755
199.999903061
20.8843998374
1.1451192132
0.290933261695
0.17169821682
0.399057605298
0.547442259244
0.000403111884417
0
0
0
0
0
0
0
0
0
0
0
0
0
0
0
0
0
0
0
0
0
0
0
0
0
0
0
0
0
0
0
0
0
0
0
0
0
0
0
0
0
0
0
0
0
0
0
0
0
0
0
0
0
0
0
0
0
0
0
15.5122437864
22.6777749722
23.6765887888
24.4488030997
25.6538127049
26.7121083035
27.8749128151
28.6468296233
29.6888777288
30.0713761682
27.9776701829
12.4620774313
2.53978163648
1.52257184876
1.212488392
1.14019704064
1.1547867233
1.21394671388
1.30785741841
1.42950544813
1.57191190331
1.73891236691
1.9264896781
2.17472275838
58.8937918405
199.99992148
199.99992148
199.999912755
199.999912755
43.8797235196
1.60727774056
0.397837267316
0.229845373733
0.190818583268
0.23555347634
0.190722973255
0.323118623238
0.0047891419226
0
0
0
0
0
0
0
0
0
0
0
0
0
0
0
0
0
0
0
0
0
0
0
0
0
0
0
0
0
0
0
0
0
0
0
0
0
0
0
0
0
0
0
0
0
0
0
0
0
0
0
0
0
0
0
0
0
0
14.094870575
24.9000551969
25.1996667056
26.9640274885
27.9178699814
28.5494993408
29.3638605455
30.2025764864
31.4990108446
33.7142694272
35.4224238851
23.0337041649
3.99350193718
1.9525044979
1.4416468753
1.26705314843
1.2244161812
1.24207550807
1.30116667118
1.38560879548
1.48975571689
1.61057272433
1.73967469145
1.901580329
34.7863859679
199.99992148
199.999912755
199.999912755
69.9421139229
2.07773959374
0.358047634058
0.226859464367
0.171736724941
0.154528395138
0.154508127706
0.142649434764
0.125006841972
0.29077243784
0.07701774291
0
0
0
0
0
0
0
0
0
0
0
0
0
0
0
0
0
0
0
0
0
0
0
0
0
0
0
0
0
0
0
0
0
0
0
0
0
0
0
0
0
0
0
0
0
0
0
0
0
0
0
0
0
0
0
0
0
0
38.0182208803
29.5197882119
31.1369171607
31.562265558
31.5830323815
32.0093491708
32.5486035163
33.8717247003
35.4463049609
38.527751458
33.3797555751
8.56716470748
2.54507497362
1.71134583253
1.42432974144
1.32243857244
1.30128424653
1.32487494586
1.38615402945
1.4635240566
1.55280551744
1.64498789347
1.76154989468
10.0848033864
199.99992148
199.999912755
103.004605131
0.722521660228
0.279981610265
0.192884394912
0.154563052447
0.139075555624
0.125133342752
0.12511307532
0.125065534429
0.138961704921
0.196077938828
0.477069904026
0.243813507698
0
0
0
0
0
0
0
0
0
0
0
0
0
0
0
0
0
0
0
0
0
0
0
0
0
0
0
0
0
0
0
0
0
0
0
0
0
0
0
0
0
0
0
0
0
0
0
0
0
0
0
0
0
0
0
0
0
63.6811829915
40.9623996812
39.299862709
37.3618600999
36.0647885708
35.5582805503
35.829420282
36.3330080169
37.6323536265
39.5605942953
42.2663391296
15.8174177127
3.33489235914
2.02846118163
1.61278191371
1.44506176207
1.3794705981
1.3808605571
1.41253271432
1.46898993735
1.53462795613
1.60584166314
1.69581210248
5.11204214211
199.99992148
132.51747947
0.263105377116
0.206369094475
0.165156066757
0.138940883262
0.118539613182
0.111249406486
0.101341591009
0.10132335032
0.109094051126
0.123658857057
0.163309458862
0.367221498429
9.00832957665
1.14523583463
0
0
0
0
0
0
0
0
0
0
0
0
0
0
0
0
0
0
0
0
0
0
0
0
0
0
0
0
0
0
0
0
0
0
0
0
0
0
0
0
0
0
0
0
0
0
0
0
0
0
0
0
0
0
0
0
67.7862005342
55.7120330005
49.0535870051
44.9962400198
41.8100459463
40.3949316902
39.5099082375
39.3244072422
39.937777484
41.2258307644
47.5471173391
23.0538761342
4.25170482349
2.37864455475
1.82336418647
1.5883091016
1.4907717
1.46125959918
1.47234149377
1.51478698773
1.56808717172
1.62334947842
1.70160774247
3.98171123208
166.241421567
0.16435303829
0.148259682983
0.130386846063
0.112928094643
0.101368778574
0.0912074319083
0.0884924752378
0.083207834647
0.0846841626992
0.0911525071666
0.101255541997
0.138881167809
189.014902971
199.999618633
199.999476862
1.96203199658
0
0
0
0
0
0
0
0
0
0
0
0
0
0
0
0
0
0
0
0
0
0
0
0
0
0
0
0
0
0
0
0
0
0
0
0
0
0
0
0
0
0
0
0
0
0
0
0
0
0
0
0
0
0
0
71.4583334378
68.9253492837
59.2182184491
53.5143146255
49.3786568713
46.0058539474
43.7820328154
42.6056605524
42.3119771093
42.7749324377
47.7819790535
26.6529934499
5.10083860055
2.74754737353
2.05224004546
1.75459074467
1.62447318555
1.57179092168
1.57100105537
1.5924782236
1.63918767388
1.6878934173
1.75539791075
3.64006068795
0.113082941545
0.108389984165
0.101923829003
0.093910305179
0.0864164526027
0.0809422598796
0.0738499474251
0.0732302812536
0.0706512288346
0.0724082518541
0.0737950226835
0.08360502314
175.800648365
192.025115995
199.999656769
199.999576258
199.999418736
0.538910319448
0
0
0
0
0
0
0
0
0
0
0
0
0
0
0
0
0
0
0
0
0
0
0
0
0
0
0
0
0
0
0
0
0
0
0
0
0
0
0
0
0
0
0
0
0
0
0
0
0
0
0
0
0
0
61.6033915643
80.2580992216
67.9779993271
61.576489328
56.7094280553
51.9767060329
48.4023008354
45.8643776782
44.3866057391
43.7442462784
47.3670930375
25.8031448022
5.61680466939
3.08304126114
2.29118281139
1.94308431224
1.78412471952
1.71114191215
1.69902055545
1.71742544075
1.76159232089
1.80657641162
1.87331408932
3.70961465965
0.082561811939
0.0800564559533
0.0769507616457
0.0734627833781
0.0686243800663
0.0659454658262
0.0612823094425
0.0597739683736
0.0597739683736
0.0597557276845
0.0621474019933
0.0701341083049
170.076802131
199.98554285
199.9997296
199.999618633
199.999529176
199.999354151
0.0879487746342
0
0
0
0
0
0
0
0
0
0
0
0
0
0
0
0
0
0
0
0
0
0
0
0
0
0
0
0
0
0
0
0
0
0
0
0
0
0
0
0
0
0
0
0
0
0
0
0
0
0
0
0
0
43.6653382686
87.7760769604
75.9367851526
69.4653631461
63.9210678816
58.064730224
53.3555139295
49.220529841
46.2662962287
44.1050814235
46.9753046085
21.6285550659
5.68212416873
3.35010962823
2.53549842259
2.15601897835
1.97479034818
1.88836031401
1.87002481585
1.89370621465
1.93133661337
1.98158017257
2.05376163288
4.17968784706
0.0649509033736
0.0639866141786
0.0621758684022
0.0598256247466
0.0572365428012
0.0538073424808
0.0526118322765
0.0502989283547
0.0490695349555
0.04977849796
0.0533573416328
0.058813361534
0.0776302940687
199.999788293
199.999760491
199.999695277
199.999596526
199.999418736
199.999202655
0.000228676225457
0
0
0
0
0
0
0
0
0
0
0
0
0
0
0
0
0
0
0
0
0
0
0
0
0
0
0
0
0
0
0
0
0
0
0
0
0
0
0
0
0
0
0
0
0
0
0
0
0
0
0
0
0
103.655658117
84.5434561294
78.1763040473
71.1883165862
64.4451766859
57.9926910762
52.2049933671
47.355263039
43.7654285088
44.3053584607
16.5343423927
5.55659711583
3.59708676563
2.78247095044
2.39711928977
2.20214677733
2.1148152337
2.09900471417
2.12476655229
2.17039090476
2.23049985446
2.32364453864
5.37984749293
0.0546565886691
0.053053410298
0.0520148589107
0.0504163264055
0.0480837134914
0.0461092961731
0.0439416038719
0.0429682487282
0.0422647558876
0.0426712265183
0.0435307339036
0.0483857228042
0.0626798161237
23.6782272512
58.7643844316
81.5950396482
113.532317
152.756975981
199.999354151
199.999015624
0
0
0
0
0
0
0
0
0
0
0
0
0
0
0
0
0
0
0
0
0
0
0
0
0
0
0
0
0
0
0
0
0
0
0
0
0
0
0
0
0
0
0
0
0
0
0
0
0
0
0
0
0
125.601315026
101.531290861
88.6386468895
79.3203818339
70.4617185591
61.9797236124
54.0501952048
47.1054259451
42.4709155103
33.76794461
12.1042299584
5.45210155008
3.82239033751
3.06541415681
2.67742418988
2.48162967167
2.39892645107
2.39275245151
2.42835074692
2.4997613747
2.58012104395
2.69937265058
12.6400540125
0.0460915538856
0.045458147016
0.0439767809108
0.0421218439913
0.0408715522543
0.0384440637462
0.0372511962407
0.0361067180908
0.0353489394357
0.0354000655623
0.0367789250311
0.0401715352404
0.0505211455467
13.3324830343
63.7383513547
63.3630900919
84.0861779737
117.727978825
184.521968055
199.999202655
199.998499655
0
0
0
0
0
0
0
0
0
0
0
0
0
0
0
0
0
0
0
0
0
0
0
0
0
0
0
0
0
0
0
0
0
0
0
0
0
0
0
0
0
0
0
0
0
0
0
0
0
0
0
0.121518374203
169.670622751
126.045412219
103.805402759
87.6580911256
75.0183517968
64.6023176986
54.3112940439
44.8431987076
38.7485431711
22.8049913859
9.246580895
5.44319021147
4.06145533702
3.38130438587
3.0099914198
2.82363769767
2.75711016274
2.76667169612
2.84283162415
2.9438019439
3.06740318212
3.24723252258
47.0997478249
0.0387405162809
0.0376003253158
0.0368857321654
0.0356126643984
0.0339218065
0.0330560795773
0.0314150679139
0.0305269992597
0.0300509852398
0.0300119346533
0.030703997093
0.0330197291736
0.0396294078396
5.01232101203
77.5427744184
59.3394040359
75.4590083743
109.532125314
192.172709399
199.999354151
199.999015624
0.663937652321
0
0
0
0
0
0
0
0
0
0
0
0
0
0
0
0
0
0
0
0
0
0
0
0
0
0
0
0
0
0
0
0
0
0
0
0
0
0
0
0
0
0
0
0
0
0
0
0
0
0.00632560554532
143.733957622
199.999721983
152.651451235
116.858431223
93.631251843
77.9829443264
64.6315993359
51.8476281596
40.1493422264
31.1051210329
15.5881244204
8.03020396955
5.55778007484
4.39186079652
3.75399502576
3.41196140358
3.24963108102
3.20497914469
3.2673276177
3.39089376311
3.56525663548
3.77765175241
4.08262984746
70.1475527451
0.0325220873351
0.0319085298603
0.0312545397415
0.0302735830054
0.0293482235903
0.0280407447325
0.0272020347623
0.0265687808034
0.0259639534841
0.0256253557475
0.0260964844502
0.0272146766942
0.0308286701251
1.68299935633
67.9304390672
55.5122294712
68.3216538068
93.9278130474
141.974559601
199.999797326
199.999306006
199.998499655
0.0597758085294
0
0
0
0
0
0
0
0
0
0
0
0
0
0
0
0
0
0
0
0
0
0
0
0
0
0
0
0
0
0
0
0
0
0
0
0
0
0
0
0
0
0
0
0
0
0
0
0
2.07879844686
199.999392288
199.999749785
174.651907048
126.012339003
95.9915272098
76.6989831183
60.8304647439
44.6424153846
32.9076381602
21.767195207
11.9513942704
7.69412747276
5.81071338511
4.79478580558
4.21987148139
3.90459003652
3.7866831548
3.80758880588
3.93477993368
4.1625826188
4.4818540542
4.92942964688
5.80620868952
87.5772132432
0.0285634183711
0.0279491120547
0.0272780639648
0.026567388618
0.0257129514928
0.0246662730082
0.0241730426534
0.0233562357842
0.0225441976972
0.0222973060168
0.0223003055037
0.0228090090209
0.024723490852
0.0473938849623
32.6998226345
60.4778406512
62.7258436539
85.0652582884
118.66991836
177.792178301
199.999774806
199.999130458
199.997176837
0
0
0
0
0
0
0
0
0
0
0
0
0
0
0
0
0
0
0
0
0
0
0
0
0
0
0
0
0
0
0
0
0
0
0
0
0
0
0
0
0
0
0
0
0
0
0
0.354621008183
199.999202655
199.999721983
199.999817593
190.201751254
128.55088269
92.9845739482
70.6681566431
51.9714339342
36.009930237
25.8398707691
16.7983872098
10.7953711401
7.82017592868
6.25093868619
5.33371189851
4.81724208409
4.56222649325
4.50041935681
4.6130614534
4.88305002659
5.36896735138
6.21785452977
7.71875924257
36.3010476208
102.181134685
0.0257286263316
0.0251726787969
0.0246132040657
0.0239366513146
0.0232382013163
0.0223408096016
0.0217846411881
0.0208443628899
0.0200301640641
0.0196874623937
0.0194975381975
0.0196438187937
0.0205236044824
0.024560745654
8.41090657889
85.7926919428
53.9965526794
78.4321820773
108.663300162
150.464515571
199.999817593
199.999749785
199.998614489
85.8772165658
0
0
0
0
0
0
0
0
0
0
0
0
0
0
0
0
0
0
0
0
0
0
0
0
0
0
0
0
0
0
0
0
0
0
0
0
0
0
0
0
0
0
0
0
0
0
18.8159363805
199.999604455
199.999817593
199.999835834
191.845356289
122.615239054
85.7026796057
61.8984553927
42.974995277
30.0120832814
21.7724308204
15.064304315
10.7311033568
8.31382833619
6.91661824741
6.0745310057
5.60541174398
5.42743718824
5.48075338369
5.81135099315
6.51051835516
7.86141030025
10.898016768
54.7956632921
79.3385231218
115.681767442
0.0237957385078
0.0231999227249
0.0227740152151
0.0220691145885
0.0212849099527
0.0205629461515
0.019664640103
0.0187991100971
0.0179069789163
0.017467189703
0.0169453997564
0.0167504098136
0.0172969957111
0.0190179446738
1.48948574929
43.3153464912
51.6460076028
78.9552715779
115.061158293
153.737298818
199.999817593
199.999817593
199.999721983
199.997459153
0.314465461535
0
0
0
0
0
0
0
0
0
0
0
0
0
0
0
0
0
0
0
0
0
0
0
0
0
0
0
0
0
0
0
0
0
0
0
0
0
0
0
0
0
0
0
0
1.02419667137
199.999202655
199.999792572
199.999845528
199.999861944
199.999861944
122.083470992
80.6797584155
56.1222585284
38.4975468673
27.6740086898
20.522980191
15.18050567
11.5275907513
9.26492918772
7.91386613866
7.13605735838
6.75508516293
6.70395371513
7.08305917515
8.00610510711
9.93136861648
18.9994732516
74.9563272138
94.492413945
105.891684311
129.385256914
0.0224136652959
0.021785951605
0.0213128434171
0.0206542099709
0.0198271955439
0.018973333862
0.017990097042
0.0170122772075
0.016060489956
0.0153305896034
0.0146482700663
0.0143361397058
0.0143097396195
0.0150085410513
0.0199833529567
8.15445938339
47.5871252873
62.4996272857
130.331259149
191.130818718
199.999845528
199.999835834
199.999817593
199.999691092
199.996127348
0
0
0
0
0
0
0
0
0
0
0
0
0
0
0
0
0
0
0
0
0
0
0
0
0
0
0
0
0
0
0
0
0
0
0
0
0
0
0
0
0
0
0
0
199.997941914
199.999656769
199.999845528
199.999861944
199.999861944
199.999861944
188.302070762
87.6390319133
58.0906705554
39.129939223
28.2796504124
21.6687592654
16.6979428225
13.1226937691
10.9207208891
9.55099990786
8.8150295961
8.62662651033
8.97403208754
10.1103727617
12.8364609853
54.457683673
91.956990805
109.240456658
119.752865571
127.149678612
142.865776173
0.0215844190716
0.0207880548407
0.0202661778661
0.0195676527025
0.0185441558428
0.0176216264131
0.0165335491808
0.0154181927857
0.0144394972062
0.0135626526771
0.0128331314994
0.012276356905
0.0118496677892
0.0118707652746
0.0129152880939
0.701467085174
13.601887606
31.1248378852
70.1977549537
133.177869641
199.999861944
199.999845528
199.999845528
199.999817593
199.999656769
199.995218948
0
0
0
0
0
0
0
0
0
0
0
0
0
0
0
0
0
0
0
0
0
0
0
0
0
0
0
0
0
0
0
0
0
0
0
0
0
0
0
0
0
0
0
199.999418736
199.999845528
199.999861944
199.999861944
199.999861944
199.999861944
199.999861944
199.999861944
165.137654525
94.6371304744
50.1733148941
25.1083517873
19.9987157057
16.1341607288
13.7649494127
12.3502931763
11.7980625711
12.0313567543
13.4211624712
22.0110915997
82.7516622604
107.473254572
121.875444633
132.12857814
139.435397372
144.67486983
155.395949956
0.0213337145461
0.0202969751504
0.0196289814709
0.0187481897404
0.0176816044499
0.0165163223997
0.0153161264117
0.0141798775247
0.0130837554203
0.0121438182301
0.0113928686041
0.0107248162017
0.0103107899923
0.00994693993372
0.00994951943113
0.0112518996398
1.84204635092
9.04902265295
20.3542609565
46.5958976829
89.2269339548
183.851731471
199.999861944
199.999845528
199.999845528
199.999576258
195.195916321
0
0
0
0
0
0
0
0
0
0
0
0
0
0
0
0
0
0
0
0
0
0
0
0
0
0
0
0
0
0
0
0
0
0
0
0
0
0
0
0
0
199.996863152
199.999761814
199.999861944
199.99988749
199.99988749
199.999876719
199.999876719
199.999876719
199.999876719
199.999861944
199.999861944
189.150826842
154.748402366
109.798593537
80.6896124751
54.2510398037
41.1870177464
37.1054800188
59.4161211627
88.3897555511
108.502065075
122.454511656
133.300185868
142.291499356
149.589365783
155.125936306
159.092083888
166.476577649
0.0219706923071
0.0204110615123
0.0195011947636
0.0184435518191
0.0170804812807
0.0157636750082
0.014446248718
0.0131653432754
0.0120673744761
0.0110694693416
0.0102641284185
0.0096466983704
0.00906023035471
0.00850809195317
0.00827649250995
0.00829372399557
0.0160030776724
1.54018455905
3.94596433677
9.0497843792
19.410225345
41.1780883632
83.5583630586
176.409265521
199.999861944
199.999820506
199.999529176
180.304581956
0
0
0
0
0
0
0
0
0
0
0
0
0
0
0
0
0
0
0
0
0
0
0
0
0
0
0
0
0
0
0
0
0
0
0
0
0
0
0
0
199.999486556
199.999872715
199.99988749
199.99988749
199.999896215
199.999896215
199.999894943
199.999885444
199.999885444
199.999885444
199.999885444
199.999876719
199.628226539
193.393116132
182.988969099
168.071358852
152.155865219
138.795829665
133.794933828
134.497307307
138.529081514
144.34730176
151.015453682
157.507500407
163.132509895
167.582799041
170.730666807
175.862219559
0.0243443089701
0.0217129431679
0.0201324966637
0.0184376346403
0.0168517809112
0.015278598597
0.0138446539641
0.0125090292397
0.0113662784136
0.0103429964305
0.0095490296608
0.00876478309638
0.00808963590894
0.00748150280415
0.00686269956643
0.00652802580421
0.00656101563416
0.090505651361
0.769003684605
1.59734265464
3.09284486168
5.49831985386
10.4668253758
27.0169070687
111.146838379
199.999861944
199.999759479
199.999114061
0
0
0
0
0
0
0
0
0
0
0
0
0
0
0
0
0
0
0
0
0
0
0
0
0
0
0
0
0
0
0
0
0
0
0
0
0
0
0
199.993451324
199.999856299
199.999872715
199.999896215
199.999896215
199.999896215
199.999896215
199.999896215
199.999896215
199.999885444
199.999885444
199.999885444
199.999885444
199.999885444
199.999885444
197.574158613
191.867483638
183.908331521
174.667728296
163.641530256
156.915098274
156.263733152
159.192498716
163.835582197
168.894924971
173.522036891
177.267940991
179.905810067
183.500768431
0.0316381033051
0.0253058036847
0.0221283487763
0.0193227690948
0.0170768767702
0.0151366798142
0.0134580538796
0.0120173360173
0.0107139771873
0.00980435145783
0.00889367364353
0.00808994918902
0.00729158787288
0.00652449955348
0.00581251414802
0.0052299747438
0.00485165974986
0.00497922770866
0.0818220722232
0.256559938028
0.470422690212
0.780125610597
1.13473774336
1.57092093243
2.81904247664
13.6073537081
95.6592527152
11.6297068792
0
0
0
0
0
0
0
0
0
0
0
0
0
0
0
0
0
0
0
0
0
0
0
0
0
0
0
0
0
0
0
0
0
0
0
0
0
0
0
199.999742448
199.999872715
199.999908182
199.999896215
199.999896215
199.999896215
199.999896215
199.999896215
199.999896215
199.999896215
199.999885444
199.999885444
199.999885444
199.999885444
199.999885444
199.992673266
197.833202704
192.69424629
186.005209993
178.013026395
170.287311681
167.956628888
169.503458849
173.056569331
177.274705958
181.298325959
184.595706723
186.927358425
189.453287517
0.0623225350882
0.0360127324875
0.0271009748136
0.0213877036716
0.01780054349
0.0152536735326
0.0133120076738
0.011665775654
0.0104254487149
0.00934551284785
0.00842686659443
0.0075757955699
0.00670648534665
0.00583121530006
0.00505143799077
0.00441621135824
0.00387197958188
0.00347250239312
0.00446875595177
0.0287650101312
0.0533854622223
0.092552806544
0.133595755201
0.124427044347
0.0889290953991
0.0264639605984
0.023117476043
0.0100659095971
0.156742554827
16.2
0
0
0
0
0
0
0
0
0
0
0
0
0
0
0
0
0
0
0
0
0
0
0
0
0
0
0
0
0
0
0
0
0
0
0
0
81.9020204648
199.999868266
199.999908182
199.99992148
199.99992148
199.99992148
199.999896215
199.999896215
199.999896215
199.999896215
199.999896215
199.999885444
199.999885444
199.999885444
199.999885444
199.999885444
199.999885444
199.666384
196.57106469
191.55028572
185.353468415
178.699838283
175.663122345
176.534784374
179.506854911
183.242551399
186.89107046
189.937758771
192.069635116
193.866558639
85.7063871493
0.108514929518
0.0408087724201
0.025228884498
0.0189781357085
0.0156115014504
0.0132799825725
0.011498062917
0.0102066549047
0.0091154493901
0.00810083338179
0.00722173396118
0.00632596308221
0.00543210396348
0.00463918046598
0.00391848664281
0.00310455795296
0.00201019208605
0.00218006036292
0.0038729232175
0.00710995922546
0.00998146029094
0.00954885690039
0.00544632705204
0.00709369476037
0.00991870064051
0.0168497793802
0.0285897037738
0.190859740244
2.65492499017
0
0
0
0
0
0
0
0
0
0
0
0
0
0
0
0
0
0
0
0
0
0
0
0
0
0
0
0
0
0
0
0
0
0
0
2.04647945861e-05
199.999782217
199.99992148
199.99992148
199.99992148
199.99992148
199.99992148
199.99992148
199.999896215
199.999896215
199.999896215
199.999896215
199.999896215
199.999885444
199.999885444
199.999885444
199.999885444
199.999885444
199.999885444
198.403668341
194.420468811
189.34355241
183.886459167
180.549322985
181.124096297
183.792177352
187.267378874
190.707562494
193.598795661
195.635349619
196.917467376
83.5782613887
26.3703780281
0.10523979866
0.0319450373334
0.020574347663
0.0160316606687
0.0132385515104
0.011393286242
0.0100602847532
0.00893495988222
0.00795804808015
0.00702769472747
0.00605338699107
0.00516484473615
0.00430607299401
0.00339884179225
0.0024130457444
0.00128978663295
0.000228674438046
0.000408581546352
0.000477478919195
0.000542063839555
0.00121228815278
0.00176045977829
0.00290331107373
0.00604611677862
0.0151569494236
0.0581249035751
0.323383333799
0.291037148401
9.69385006712e-06
0
0
0
0
0
0
0
0
0
0
0
0
0
0
0
0
0
0
0
0
0
0
0
0
0
0
0
0
0
0
0
0
0
0
3.24325107184e-05
199.99992148
199.99992148
199.99992148
199.99992148
199.99992148
199.99992148
199.99992148
199.999896215
199.999896215
199.999896215
199.999896215
199.999885444
199.999885444
199.999885444
199.999885444
199.999885444
199.999885444
199.999885444
199.229539468
195.922997934
191.502959987
186.706855072
183.462718341
183.896771937
186.407978103
189.729228758
193.042493573
195.853954111
197.905061452
198.916327963
29.4163053734
80.5917606169
94.8637247852
0.0546282904239
0.0250230305309
0.0175878900247
0.0140339989237
0.011827863802
0.0101997607244
0.00900045332706
0.00795561242964
0.00699704314283
0.00588729278865
0.00503920189467
0.00415694886675
0.00342671196625
0.00253409319449
0.00121473121665
0.000228674438046
0.00036918878412
0.000466707974676
0.000531292895036
0.000670652622898
0.00157111633809
0.00221609408758
0.00471038363278
0.0136412544813
0.0285975557923
0.0538736529511
0.00220824206902
1.57088059712
0
0
0
0
0
0
0
0
0
0
0
0
0
0
0
0
0
0
0
0
0
0
0
0
0
0
0
0
0
0
0
0
0
0
199.99992148
199.99992148
199.999929332
199.999929332
199.999929332
199.999929332
199.999917364
199.999904067
199.999893296
199.999893296
199.999893296
199.999893296
199.999883602
199.999885444
199.999885444
199.999885444
199.999885444
199.999885444
199.999885444
199.575577615
197.00088225
193.400457403
189.481713369
186.657045254
186.961310541
189.070289476
191.90669646
194.753208799
197.146966786
198.943445115
124.829221072
)
;

boundaryField
{
    frontAndBack
    {
        type            empty;
    }
    leftWall
    {
        type            calculated;
        value           uniform 0;
    }
    outlet
    {
        type            calculated;
        value           uniform 0;
    }
    rightWall
    {
        type            calculated;
        value           uniform 0;
    }
    inlet
    {
        type            calculated;
        value           uniform 14.489182613;
    }
}


// ************************************************************************* //
