/*--------------------------------*- C++ -*----------------------------------*\
| =========                 |                                                 |
| \\      /  F ield         | OpenFOAM: The Open Source CFD Toolbox           |
|  \\    /   O peration     | Version:  v1906                                 |
|   \\  /    A nd           | Web:      www.OpenFOAM.com                      |
|    \\/     M anipulation  |                                                 |
\*---------------------------------------------------------------------------*/
FoamFile
{
    version     2.0;
    format      ascii;
    class       volScalarField;
    location    "495";
    object      alpha;
}
// * * * * * * * * * * * * * * * * * * * * * * * * * * * * * * * * * * * * * //

dimensions      [0 0 -1 0 0 0 0];


internalField   nonuniform List<scalar> 
9216
(
199.999999868
200
200
200
200
200
200
200
200
200
200
200
200
200
200
200
200
200
200
200
200
200
200
200
200
200
200
200
200
200
200
200
200
200
200
200
200
200
200
200
200
200
200
200
200
200
200
200
200
200
200
200
200
200
200
200
200
200
200
200
200
200
200
200
200
200
200
200
200
200
200
200
200
200
200
200
200
200
200
200
200
200
200
200
195.154835295
176.945406506
158.390478853
134.871385446
108.228083496
85.0160104851
64.2418687674
47.7114077695
34.3567618672
22.1874036186
12.7660959546
1.52497945547
200
200
200
200
200
200
200
200
200
200
200
200
200
200
200
200
200
200
200
200
200
200
200
200
200
200
200
200
200
200
200
200
200
200
200
200
200
200
200
200
200
200
200
200
200
200
200
200
200
200
200
200
200
200
200
200
200
200
200
200
200
200
200
200
200
200
200
200
200
200
200
200
200
200
200
200
200
200
200
200
200
200
200
200
199.999999992
190.152245785
171.74657238
147.226865659
124.230823192
97.7684129538
74.6554033417
59.2930462583
46.7734729934
30.4428021731
20.0851783264
15.1710623259
200
200
200
200
200
200
200
200
200
200
200
200
200
200
200
200
200
200
200
200
200
200
200
200
200
200
200
200
200
200
200
200
200
200
200
200
200
200
200
200
200
200
200
200
200
200
200
200
200
200
200
200
200
200
200
200
200
200
200
200
200
200
200
200
200
200
200
200
200
200
200
200
200
200
200
200
200
200
200
200
200
200
200
200
199.999999878
186.969304661
162.465589187
147.492650079
129.521940943
99.7879024407
72.0128264355
63.2652968908
46.2759430109
35.607781493
31.2066262001
21.154113115
200
200
200
200
200
200
200
200
200
200
200
200
200
200
200
200
200
200
200
200
200
200
200
200
200
200
200
200
200
200
200
200
200
200
200
200
200
200
200
200
200
200
200
200
200
200
200
200
200
200
200
200
200
200
200
200
200
200
200
200
200
200
200
200
200
200
200
200
200
200
200
200
200
200
200
200
200
200
200
200
200
200
200
200
199.999097779
180.19055244
160.262674386
145.799725361
122.340403925
104.502858561
84.5571261438
61.0061803102
54.9675266365
45.7860116876
39.6774913693
27.4026453819
200
200
200
200
200
200
200
200
200
200
200
200
200
200
200
200
200
200
200
200
200
200
200
200
200
200
200
200
200
200
200
200
200
200
200
200
200
200
200
200
200
200
200
200
200
200
200
200
200
200
200
200
200
200
200
200
200
200
200
200
200
200
200
200
200
200
200
200
200
200
200
200
200
200
200
200
200
200
200
200
200
200
200
200
194.037260407
171.490220239
151.971832894
139.06952009
129.677431702
106.368457972
91.3442004961
70.7514279611
56.6463768133
55.5358275816
51.9064659685
39.6061473648
200
200
200
200
200
200
200
200
200
200
200
200
200
200
200
200
200
200
200
200
200
200
200
200
200
200
200
200
200
200
200
200
200
200
200
200
200
200
200
200
200
200
200
200
200
200
200
200
200
200
200
200
200
200
200
200
200
200
200
200
200
200
200
200
200
200
200
200
200
200
200
200
200
200
200
200
200
200
200
200
200
200
200
199.999999988
190.521238535
169.639022588
157.221626867
138.943807479
119.115676587
100.493266379
97.9201720784
85.5301955548
67.5013448374
64.2844125989
63.4171907043
50.6334743899
200
200
200
200
200
200
200
200
200
200
200
200
200
200
200
200
200
200
200
200
200
200
200
200
200
200
200
200
200
200
200
200
200
200
200
200
200
200
200
200
200
200
200
200
200
200
200
200
200
200
200
200
200
200
200
200
200
200
200
200
200
200
200
200
200
200
200
200
200
200
200
200
200
200
200
200
200
200
200
200
200
200
200
199.999908046
186.033076887
168.033648316
152.821804431
138.442963548
118.908213902
110.001681021
96.0422907772
94.7378234335
85.3765698934
74.6315677137
74.4423885577
61.19981649
200
200
200
200
200
200
200
200
200
200
200
200
200
200
200
200
200
200
200
200
200
200
200
200
200
200
200
200
200
200
200
200
200
200
200
200
200
200
200
200
200
200
200
200
200
200
200
200
200
200
200
200
200
200
200
200
200
200
200
200
200
200
200
200
200
200
200
200
200
200
200
200
200
200
200
200
200
200
200
200
200
200
200
199.998041484
182.302313378
166.851239096
148.592550712
134.265387152
122.199488636
115.461502756
106.713609879
97.0509661876
97.4960478062
84.1724922021
84.8468784818
71.6634139174
200
200
200
200
200
200
200
200
200
200
200
200
200
200
200
200
200
200
200
200
200
200
200
200
200
200
200
200
200
200
200
200
200
200
200
200
200
200
200
200
200
200
200
200
200
200
200
200
200
200
200
200
200
200
200
200
200
200
200
200
200
200
200
200
200
200
200
200
200
200
200
200
200
200
200
200
200
200
200
200
200
200
200
197.735846395
182.054412441
167.477011568
152.098209532
135.79491177
124.461057369
112.141898641
114.016176802
108.066975712
101.770951976
97.1929025484
93.5295058499
81.055897206
200
200
200
200
200
200
200
200
200
200
200
200
200
200
200
200
200
200
200
200
200
200
200
200
200
200
200
200
200
200
200
200
200
200
200
200
200
200
200
200
200
200
200
200
200
200
200
200
200
200
200
200
200
200
200
200
200
200
200
200
200
200
200
200
200
200
200
200
200
200
200
200
200
200
200
200
200
200
200
200
200
200
199.999999992
194.495552929
181.163937302
167.058101685
151.609511404
138.642740674
128.287613629
120.702932302
114.13485427
115.151549873
110.536388028
108.350733438
101.826998371
90.9075146085
200
200
200
200
200
200
200
200
200
200
200
200
200
200
200
200
200
200
200
200
200
200
200
200
200
200
200
200
200
200
200
200
200
200
200
200
200
200
200
200
200
200
200
200
200
200
200
200
200
200
200
200
200
200
200
200
200
200
200
200
200
200
200
200
200
200
200
200
200
200
200
200
200
200
200
200
200
200
200
200
200
200
199.999999955
193.887870859
180.275769321
163.77585732
151.033811384
141.33559852
135.582268292
128.628118433
123.369812128
116.166002297
118.006946112
120.277210857
110.216387254
98.6302821732
200
200
200
200
200
200
200
200
200
200
200
200
200
200
200
200
200
200
200
200
200
200
200
200
200
200
200
200
200
200
200
200
200
200
200
200
200
200
200
200
200
200
200
200
200
200
200
200
200
200
200
200
200
200
200
200
200
200
200
200
200
200
200
200
200
200
200
200
200
200
200
200
200
200
200
200
200
200
200
200
200
200
199.999999705
193.204793938
178.738956744
164.60281289
154.740796513
146.622571006
138.920194413
133.798363437
128.992956842
125.36991014
120.633762256
126.00840195
117.813377234
104.706053463
200
200
200
200
200
200
200
200
200
200
200
200
200
200
200
200
200
200
200
200
200
200
200
200
200
200
200
200
200
200
200
200
200
200
200
200
200
200
200
200
200
200
200
200
200
200
200
200
200
200
200
200
200
200
200
200
200
200
200
200
200
200
200
200
200
194.382099961
178.355696256
170.434219242
174.553728957
184.910265543
194.75620712
199.709160428
200
200
200
200
200
200
200
200
200
200
199.99999321
192.980168371
178.552774271
168.573339306
159.212911134
150.449445014
142.823971813
137.811242572
133.02179115
129.521233646
127.384669271
129.704716306
124.25310184
110.16149079
200
200
200
200
200
200
200
200
200
200
200
200
200
200
200
200
200
200
200
200
200
200
200
200
200
200
200
200
200
200
200
200
200
200
200
200
200
200
200
200
200
200
200
200
200
200
200
200
200
200
200
200
200
200
200
200
200
200
200
200
34.4004742016
2.99544417327
0.60103511294
0.177204374699
0.0646151594563
0.0355338429934
0.0321242211793
0.0432813089532
0.0759059462683
0.160635997423
0.394241876338
1.11191565678
3.6138463601
13.8327877351
63.7002785898
176.900502662
199.142252807
200
200
200
200
200
199.999999558
193.011270343
182.935419201
170.474744883
162.174415738
153.228675752
146.295210726
143.210853627
137.338365013
134.270641247
131.546280616
129.617161482
132.125245585
114.866638066
200
200
200
200
200
200
200
200
200
200
200
200
200
200
200
200
200
200
200
200
200
200
200
200
200
200
200
200
200
200
200
200
200
200
200
200
200
200
200
200
200
200
200
200
200
200
200
200
200
200
200
200
200
200
200
200
200
65.6396174418
0.0130772653518
0.00105396281424
0.000188870157622
4.95335849137e-05
1.77282301956e-05
8.43066949628e-06
6.07148827328e-06
6.54909081781e-06
9.35745191605e-06
1.60844082938e-05
3.20603332296e-05
7.38989896851e-05
0.00019363429093
0.000580857982227
0.00200929114133
0.00814610665235
0.0391758226731
0.22902391284
1.5746429721
13.2118134787
129.175737682
195.939608571
199.999066619
199.921857863
199.999999991
195.536618966
182.92128555
173.90633398
162.092140463
155.745675434
151.613438841
147.60839825
141.707852508
138.236631213
134.81759248
132.973805836
137.380683792
118.90061091
200
200
200
200
200
200
200
200
200
200
200
200
200
200
200
200
200
200
200
200
200
200
200
200
200
200
200
200
200
200
200
200
200
200
200
200
200
200
200
200
200
200
200
200
200
200
200
200
200
200
200
200
200
200
200
48.8907175648
0.00014008451763
1.22579804225e-06
1.60724986774e-07
3.85493465162e-08
1.31786102675e-08
5.7870313591e-09
3.3253879101e-09
2.79154162018e-09
3.27241769574e-09
4.81660238545e-09
8.31633720135e-09
1.64082703861e-08
3.62087137595e-08
9.09926283459e-08
2.57989654649e-07
8.29742263166e-07
3.03277122734e-06
1.25406076139e-05
6.00580340524e-05
0.000337920117462
0.00223662863609
0.0176210000755
0.169578802802
1.98759933364
29.1488487705
178.915346412
199.915157545
194.218876837
183.758908452
173.423005986
164.669610758
161.72673919
156.669089112
149.804105161
144.095301753
140.964655803
138.651024251
135.600194723
138.506134255
121.918111141
200
200
200
200
200
200
200
200
200
200
200
200
200
200
200
200
200
200
200
200
200
200
200
200
200
200
200
200
200
200
200
200
200
200
200
200
200
200
200
200
200
200
200
200
200
200
200
200
200
200
200
200
200
200
2.56508216104e-05
1.10351602754e-08
5.59964806863e-10
1.01936542627e-10
2.85610814086e-11
1.1018049445e-11
5.45624444673e-12
3.42538725418e-12
3.00419800832e-12
3.54353930794e-12
5.17556050818e-12
8.75714988536e-12
1.66857170627e-11
3.59385669975e-11
8.71216930545e-11
2.33024864485e-10
7.06239946269e-10
2.42825547855e-09
9.34656175519e-09
4.00309018769e-08
1.94562215691e-07
1.08244372449e-06
6.74372369946e-06
4.82991644365e-05
0.000416631757444
0.00430816114523
0.0543839621899
0.845509056301
16.7356874936
162.777530607
182.226841315
171.278707868
167.329460999
163.941252694
153.842503503
149.13125704
146.555292653
142.610666201
140.769214918
137.753602873
138.919797112
123.81006273
200
200
200
200
200
200
200
200
200
200
200
200
200
200
200
200
200
200
200
200
200
200
200
200
200
200
200
200
200
200
200
200
200
200
200
200
200
200
200
200
200
200
200
200
200
200
200
200
200
200
200
200
200
1.60464327555e-09
1.10127346907e-11
1.11756396186e-12
2.32187936775e-13
6.74613467648e-14
2.58885026104e-14
1.20868374975e-14
7.37312662002e-15
6.06458410034e-15
6.78158609691e-15
9.65991685192e-15
1.73380204625e-14
3.35924265563e-14
7.21912053957e-14
1.6931838728e-13
4.44524976341e-13
1.30230102184e-12
4.21266805204e-12
1.47867294562e-11
5.77025469859e-11
2.45202341248e-10
1.19059996619e-09
6.39407707345e-09
3.79183174357e-08
2.55824245235e-07
2.00239818194e-06
1.77046580841e-05
0.000186451401019
0.0024356002942
0.0357120447193
0.628538970347
13.6656470387
150.55936261
168.994029209
160.903059546
155.144706003
151.69741751
148.537908485
145.712691345
140.996286098
139.767113071
138.15397717
125.117759478
200
200
200
200
200
200
200
200
200
200
200
200
200
200
200
200
200
200
200
200
200
200
200
200
200
200
200
200
200
200
200
200
200
200
200
200
200
200
200
200
200
200
200
200
200
200
200
200
200
200
200
200
2.07860532121e-12
4.85376232886e-14
1.15641120069e-15
0
0
0
0
0
0
0
0
0
2.46380510418e-17
8.10870602922e-17
4.11190265338e-16
1.22594610074e-15
4.15171061268e-15
1.40515366731e-14
4.92389011107e-14
1.79446367191e-13
7.05839885545e-13
2.99506804816e-12
1.3590088412e-11
6.79176494931e-11
3.75104050037e-10
2.37362983373e-09
1.64759595259e-08
1.28829035244e-07
1.1849974791e-06
1.16105982151e-05
0.00013406962985
0.00196362853221
0.0362529058773
0.911604599042
40.0454429927
158.335434027
158.340093406
154.788008446
151.07849773
146.879144229
142.790260433
140.842209993
137.740316331
126.478946035
200
200
200
200
200
200
200
200
200
200
200
200
200
200
200
200
200
200
200
200
200
200
200
200
200
200
200
200
200
200
200
200
200
200
200
200
200
200
200
200
200
200
200
200
200
200
200
200
200
200
200
2.43886853614e-14
0
0
0
0
0
0
0
0
0
0
0
0
0
0
0
1.86101943504e-17
5.11263762984e-17
2.27106013574e-16
9.57113431502e-16
3.89243843603e-15
1.6065580911e-14
6.66323049849e-14
2.83286118394e-13
1.34473609602e-12
6.66519494772e-12
3.65519155774e-11
2.24445614968e-10
1.60063979242e-09
1.1581113587e-08
9.49471104677e-08
9.20917296389e-07
1.07994752922e-05
0.000162067778403
0.0037785399721
0.112001852157
4.68836429323
138.381127613
157.045765638
152.983971475
149.09433992
145.971692233
141.317953514
139.179164452
127.720676258
200
200
200
200
200
200
200
200
200
200
200
200
200
200
200
200
200
200
200
200
200
200
200
200
200
200
200
200
200
200
200
200
200
200
200
200
200
200
200
200
200
200
200
200
200
200
200
200
200
200
2.61621527861e-19
0
0
0
0
0
0
0
0
0
0
0
0
0
0
0
0
0
0
1.79367831781e-18
2.89202209577e-17
8.18717429638e-17
3.66616077038e-16
2.01941783772e-15
8.07805949269e-15
4.10390303233e-14
1.86310050149e-13
9.75742486733e-13
4.9768605318e-12
2.94591954481e-11
1.8256285853e-10
1.34004641118e-09
1.07793547671e-08
1.03480845853e-07
1.26872358718e-06
2.21825501838e-05
0.000494724657686
0.0164857733946
0.944618598284
92.3319279477
153.599609867
149.982362444
148.021893304
142.558991861
140.409522331
128.326383492
200
200
200
200
200
200
200
200
200
200
200
200
200
200
200
200
200
200
200
200
200
200
200
200
200
200
200
200
200
200
200
200
200
200
200
200
200
200
200
200
200
200
200
200
200
200
200
200
200
0
0
0
0
0
0
0
0
0
0
0
0
0
0
0
0
0
0
0
0
0
0
0
1.79731752694e-17
5.29121842272e-17
2.83203035123e-16
1.41082597717e-15
5.83192031102e-15
3.11181468547e-14
1.48857398635e-13
7.9686985099e-13
4.25321258364e-12
2.83334520587e-11
1.98949323611e-10
1.65073014337e-09
1.62165420138e-08
2.22362914827e-07
3.68540670657e-06
9.64828567932e-05
0.00350099755318
0.241463922547
34.1835354288
148.492171098
147.643031731
143.616906317
139.848403959
127.401247747
200
200
200
200
200
200
200
200
200
200
200
200
200
200
200
200
200
200
200
200
200
200
200
200
200
200
200
200
200
200
200
200
200
200
200
200
200
200
200
200
200
200
200
200
200
200
200
200
0
0
0
0
0
0
0
0
0
0
0
0
0
0
0
0
0
0
0
0
0
0
0
0
0
0
1.38624410722e-17
5.24976725734e-17
2.51043870734e-16
1.2813108162e-15
5.92443012858e-15
3.27778769372e-14
1.62497030918e-13
9.33227379254e-13
5.99173425408e-12
4.0550925482e-11
3.34912007609e-10
3.71366978081e-09
4.50824824735e-08
7.88256381264e-07
2.11028775291e-05
0.00101152934203
0.0897569830397
18.2220077501
144.967739903
143.20216472
137.914788291
124.837614269
200
200
200
200
200
200
200
200
200
200
200
200
200
200
200
200
200
200
200
200
200
200
200
200
200
200
200
200
200
200
200
200
200
200
200
200
200
200
200
200
200
200
200
200
200
200
200
0
0
0
0
0
0
0
0
0
0
0
0
0
0
0
0
0
0
0
0
0
0
0
0
0
0
0
0
0
1.3213805551e-17
5.88618971845e-17
3.1065242779e-16
1.65654990251e-15
8.07448763487e-15
4.85120742936e-14
2.63861876001e-13
1.66567443522e-12
1.12532813435e-11
8.85568162035e-11
9.83208985941e-10
1.21601516646e-08
2.43408963388e-07
7.5069462434e-06
0.000414716214741
0.0507615488229
20.3636425349
140.782469731
135.839272812
121.352441399
200
200
200
200
200
200
200
200
200
200
200
200
200
200
200
200
200
200
200
200
200
200
200
200
200
200
200
200
200
200
200
200
200
200
200
200
200
200
200
200
200
200
200
200
200
200
0
0
0
0
0
0
0
0
0
0
0
0
0
0
0
0
0
0
0
0
0
0
0
0
0
0
0
0
0
0
0
0
1.72842972496e-17
8.12226833474e-17
4.50883663173e-16
2.55762122152e-15
1.49630910376e-14
8.48472215771e-14
5.71334609421e-13
3.81693418148e-12
3.27061764343e-11
3.19341569691e-10
4.7634630572e-09
1.00165326577e-07
3.51048475696e-06
0.000245295009548
0.0523759413475
55.3143591693
133.463629749
117.170321353
200
200
200
200
200
200
200
200
200
200
200
200
200
200
200
200
200
200
200
200
200
200
200
200
200
200
200
200
200
200
200
200
200
200
200
200
200
200
200
200
200
200
200
200
200
0
0
0
0
0
0
0
0
0
0
0
0
0
0
0
0
0
0
0
0
0
0
0
0
0
0
0
0
0
0
0
0
0
0
0
2.78200946552e-17
1.43295342796e-16
1.11726379845e-15
5.81011928756e-15
3.67742965664e-14
2.51093939038e-13
1.56993761015e-12
1.31513771726e-11
1.49093059058e-10
2.32083697625e-09
5.1734499559e-08
2.13678929483e-06
0.000236410421212
0.111500053369
107.514234887
112.370448398
200
200
200
200
200
200
200
200
200
200
200
200
200
200
200
200
200
200
200
200
200
200
200
200
200
200
200
200
200
200
200
200
200
200
200
200
200
200
200
200
200
200
200
200
200
0
0
0
0
0
0
0
0
0
0
0
0
0
0
0
0
0
0
0
0
0
0
0
0
0
0
0
0
0
0
0
0
0
0
0
0
8.44622532292e-18
6.22280606236e-17
4.56249153874e-16
2.77393728726e-15
1.86995909449e-14
1.2377738776e-13
8.59489550424e-13
7.19291114157e-12
7.84661073146e-11
1.28768323318e-09
3.19615816667e-08
1.98016219905e-06
0.000428544006497
0.797444819592
105.174401121
200
200
200
200
200
200
200
200
200
200
200
200
200
200
200
200
200
200
200
200
200
200
200
200
200
200
200
200
200
200
200
200
200
200
200
200
200
200
200
200
200
200
200
200
199.999999951
0
0
0
0
0
0
0
0
0
0
0
0
0
0
0
0
0
0
0
0
0
0
0
0
0
0
0
0
0
0
0
0
0
0
0
0
0
0
2.94904450655e-17
2.47871657498e-16
1.49027976803e-15
1.11481925213e-14
6.99077325792e-14
4.56551433548e-13
3.79290876172e-12
4.83373223631e-11
8.42542830559e-10
3.00908719721e-08
3.07915936085e-06
0.00234631386742
54.443563486
200
200
200
200
200
200
200
200
200
200
200
200
200
200
200
200
200
200
200
200
200
200
200
200
200
200
200
200
200
200
200
200
200
200
200
200
200
200
200
200
200
200
200
200
0
0
0
0
0
0
0
0
0
0
0
0
0
0
0
0
0
0
0
0
0
0
0
0
0
0
0
0
0
0
0
0
0
0
0
0
0
0
0
0
1.32494929366e-17
1.54688479048e-16
1.07576409132e-15
7.58887694646e-15
4.6642697994e-14
3.74016833991e-13
2.91350007409e-12
3.93612784721e-11
9.17099608087e-10
4.35459949401e-08
1.25129312394e-05
0.0776462756908
200
200
200
200
200
200
200
200
200
200
200
200
200
200
200
200
200
200
200
200
200
200
200
200
200
200
200
200
200
200
200
200
200
200
200
200
200
200
200
200
200
200
200
200
0
0
0
0
0
0
0
0
0
0
0
1.24956719838e-17
6.25178518088e-17
9.64045619742e-17
1.65412583413e-16
0
0
0
0
0
0
0
0
0
0
0
0
0
0
0
0
0
0
0
0
0
0
0
0
0
0
5.61311595884e-18
1.06544351266e-16
9.53527860679e-16
6.33248640073e-15
4.20442306265e-14
3.27035814888e-13
3.15278707218e-12
4.60333185855e-11
1.25660551003e-09
1.43119301067e-07
0.000202748510836
200
200
200
1.58753099454e-20
0
0
0
0
0
0
0
0
0
0
0
0
0
0
0
0
0
0
0
1.98410318191e-15
2.87866961358e-13
200
200
200
200
200
200
200
200
200
200
200
200
200
200
200
200
200
200
200
0
0
0
0
0
0
0
0
0
4.33538296759e-17
7.18895731612e-16
4.43273484556e-15
3.17103899874e-14
2.08791780335e-13
3.96718024974e-13
5.56094928737e-13
1.49551412435e-14
1.01552631004e-15
0
0
0
0
0
0
0
0
0
0
0
0
0
0
0
0
0
0
0
0
0
0
0
0
9.90649939088e-19
8.9533789773e-17
7.1643775446e-16
5.05912221479e-15
4.06704700369e-14
3.27893615784e-13
3.19346168941e-12
6.49568782393e-11
3.43381753545e-09
1.35835319946e-06
1.97644936961e-21
1.04023651032e-21
0
0
0
0
0
0
0
0
0
0
0
0
0
0
0
0
0
0
0
0
0
0
0
0
0
0
0
0
1.13935684248e-14
1.56013187889e-12
200
200
200
200
200
200
200
200
200
200
200
0
0
0
0
0
0
0
0
1.08305417495e-17
9.35339069464e-16
4.73323676454e-14
4.15414925011e-12
200
200
200
200
200
200
200
200
199.999995434
199.685709564
0
0
0
0
0
0
0
0
0
0
0
0
0
0
0
0
0
0
0
0
0
0
3.89292591808e-20
1.0403793201e-16
8.23141846137e-16
7.31989764289e-15
5.53990905909e-14
4.65721959518e-13
6.03477618241e-12
1.62719153422e-10
2.23312641806e-08
0
0
0
0
0
0
0
0
0
0
0
0
0
0
0
0
0
0
0
0
0
0
0
0
0
0
0
0
0
0
0
0
0
0
0
1.56358362426e-14
7.65437545675e-13
200
200
200
200
200
200
0
0
0
0
0
0
0
1.17055661137e-16
2.72839997693e-14
2.08218286157e-11
200
200
200
200
200
200
200
200
200
200
200
200
199.99999633
0
0
0
0
0
0
0
0
0
0
0
0
0
0
0
0
0
0
0
0
0
0
3.75067199759e-18
1.49474931387e-16
1.3175585698e-15
9.37173674151e-15
8.8115132521e-14
8.74298971416e-13
1.393336349e-11
8.48537126625e-10
0
0
0
0
0
0
0
0
0
0
0
0
0
0
0
0
0
0
0
0
0
0
0
0
0
0
0
0
0
0
0
0
0
0
0
0
0
0
1.28626454646e-16
1.13958679468e-14
1.42981192054e-13
3.32162164992e-13
7.48637449932e-15
0
0
0
0
0
0
1.18907185941e-15
7.60113714922e-13
200
200
200
200
200
200
200
200
200
200
200
200
200
200
200
199.999999979
0
0
0
0
0
0
0
0
0
0
0
0
0
0
0
0
0
0
0
0
0
0
1.17644626446e-17
2.90956187021e-16
2.0190243354e-15
1.6443547755e-14
1.46416799117e-13
2.0107924245e-12
5.88362587816e-11
0
0
0
0
0
0
0
0
0
0
0
0
0
0
0
0
0
0
0
0
0
0
0
0
0
0
0
0
0
0
0
0
0
0
0
0
0
0
0
0
0
0
8.62176185394e-16
0
0
1.53162089707e-19
2.62978646486e-19
1.64229586556e-17
9.4943051325e-15
4.69853644009e-11
200
200
200
200
200
200
200
200
200
200
200
200
200
200
200
200
200
200
0
0
0
0
0
0
0
0
0
0
0
0
0
0
0
0
0
0
0
0
0
0
3.47060801899e-17
5.38796341416e-16
4.51788826325e-15
3.9708795112e-14
4.28305063034e-13
6.93089899756e-12
0
0
0
0
0
0
0
0
0
0
0
0
0
0
0
0
0
0
0
0
0
0
0
0
0
0
0
0
0
0
0
0
0
0
0
0
0
0
0
0
0
0
0
0
1.94719096783e-19
1.27264563347e-18
9.93693931699e-17
1.93154432808e-14
7.14694712361e-09
200
200
200
200
200
200
200
200
200
200
200
200
200
200
200
200
200
200
200
200
0
0
0
0
0
0
0
0
0
0
0
0
0
0
0
0
0
0
0
0
0
0
1.15928773387e-16
1.07421330041e-15
1.23401208834e-14
1.21548735432e-13
1.34428187048e-12
0
0
0
0
0
0
0
0
0
0
0
0
0
0
0
0
0
0
0
0
0
0
0
0
0
0
0
0
0
0
0
0
0
0
0
0
0
0
0
0
0
0
0
0
0
6.65901136151e-17
7.48150867748e-15
200
200
200
200
200
200
200
200
200
200
200
200
200
200
200
200
200
200
200
200
200
200
200
0
0
0
0
0
0
0
0
0
0
0
0
0
0
0
0
0
0
0
0
0
1.67221654579e-17
3.86387372645e-16
3.21637203669e-15
3.61417085112e-14
3.64100465567e-13
0
0
0
0
0
0
0
0
0
0
0
0
0
0
0
0
0
0
0
0
0
0
0
0
0
0
0
0
0
0
0
0
0
0
0
0
0
0
0
0
0
0
0
0
0
0
6.93474295971e-13
200
200
200
200
200
200
200
200
200
200
200
200
200
200
200
200
200
200
200
200
200
200
200
200
0
0
0
0
0
0
0
0
0
0
0
0
0
0
0
0
0
0
0
0
0
1.0508551121e-16
1.24162219436e-15
1.37128197787e-14
1.22631206541e-13
0
0
0
0
0
0
0
0
0
0
0
0
0
0
0
0
0
0
0
0
0
0
0
0
0
0
0
0
0
0
0
0
0
0
0
0
0
0
0
0
0
0
0
0
0
0
0
0
1.44900324023e-20
200
200
200
200
200
200
200
200
200
200
200
200
200
200
200
200
200
200
200
200
200
200
199.999999999
0
0
0
0
0
0
0
0
0
0
0
0
0
0
0
0
0
0
0
0
2.89390891036e-17
5.35469393398e-16
5.97070856629e-15
5.01208231983e-14
0
0
0
0
0
0
0
0
0
0
0
0
0
0
0
0
0
0
0
0
0
0
0
0
0
0
0
0
0
0
0
0
0
0
0
0
0
0
0
0
0
0
0
0
0
0
0
0
0
1.30410291621e-20
1.74614492962e-19
1.00369994576e-13
200
200
200
200
200
200
200
200
200
200
200
200
200
200
200
200
200
200
200
200
199.991003608
0
0
0
0
0
0
0
0
0
0
0
0
0
0
0
0
0
0
0
7.21763135879e-18
2.62115741903e-16
2.93895000087e-15
2.41553157865e-14
0
0
0
0
0
0
0
0
0
0
0
0
0
0
0
0
0
0
0
0
0
0
0
0
0
0
0
0
0
0
0
0
0
0
0
0
0
0
0
0
0
0
0
0
0
0
0
0
0
0
1.17369262459e-20
6.5931257434e-20
8.10794761831e-19
3.69767774127e-13
200
200
200
200
200
200
200
200
200
200
200
200
200
200
200
200
200
200
200
0
0
0
0
0
0
0
0
0
0
0
0
0
0
0
0
0
0
0
0
1.1953721533e-16
1.47416098214e-15
1.33345643765e-14
0
0
0
0
0
0
0
0
0
0
0
0
0
0
0
0
0
0
0
0
0
0
0
0
0
0
0
0
0
0
0
0
0
0
0
0
0
0
0
0
0
0
0
0
0
0
0
0
0
0
0
2.23001598671e-20
4.98312214315e-20
6.96406211977e-19
1.99875572527e-18
7.59162089713e-12
200
200
200
200
200
200
200
200
200
200
200
200
200
200
200
200
200
199.99335951
0
0
0
0
0
0
0
0
0
0
0
0
0
0
0
0
0
0
0
5.86856758061e-17
8.05769242317e-16
8.22779887511e-15
0
0
0
0
0
0
0
0
0
0
0
0
0
0
0
0
0
0
0
0
0
0
0
0
0
0
0
0
0
0
0
0
0
0
0
0
0
0
0
0
0
0
0
0
0
0
0
0
0
0
0
0
2.00701438804e-20
4.48480992883e-20
6.18209371546e-19
1.36202297251e-18
1.52112665087e-13
200
200
200
200
200
200
200
200
200
200
200
200
200
200
200
200
200
0
0
0
0
0
0
0
0
0
0
0
0
0
0
0
0
0
0
0
3.58825597668e-17
6.06450041768e-16
5.56177783386e-15
0
0
0
0
0
0
0
0
0
0
0
0
0
0
0
0
0
0
0
0
0
0
0
0
0
0
0
0
0
0
0
0
0
0
0
0
0
0
0
0
0
0
0
0
0
0
0
0
0
0
0
0
0
2.86263631136e-20
9.79238998597e-20
4.74546068194e-19
7.3623155106e-19
1.47921685777e-14
200
200
200
200
200
200
200
200
200
200
200
200
200
200
200
200
199.983143428
0
0
0
0
0
0
0
0
0
0
0
0
0
0
0
0
0
0
2.12670729517e-17
4.87212624835e-16
4.15066360125e-15
0
0
0
0
0
0
0
0
0
0
0
0
0
0
0
0
0
0
0
0
0
0
0
0
0
0
0
0
0
0
0
0
0
0
0
0
0
0
0
0
0
0
0
0
0
0
0
0
0
0
0
0
0
8.55621923323e-21
1.80631294924e-20
1.49825019465e-19
3.99062746452e-19
6.5927644265e-19
6.40847353875e-19
200
200
200
200
200
200
200
200
200
200
200
200
200
200
200
200
0
0
0
0
0
0
0
0
0
0
0
0
0
0
0
0
0
0
1.75907296988e-17
3.92958341939e-16
3.41143743337e-15
0
0
0
0
0
0
0
0
0
0
0
0
0
0
0
0
0
0
0
0
0
0
0
0
0
0
0
0
0
0
0
0
0
0
0
0
0
0
0
0
0
0
0
0
0
0
0
0
0
0
0
0
0
8.55621923323e-21
1.62568165431e-20
1.62568165431e-20
1.58207038098e-19
3.84405962588e-19
5.79624629671e-19
5.52529469168e-19
200
200
200
200
200
200
200
200
200
200
200
200
200
200
200
0
0
0
0
0
0
0
0
0
0
0
0
0
0
0
0
0
0
1.62183484975e-17
3.84835251037e-16
3.16320653902e-15
0
0
0
0
0
0
0
0
0
0
0
0
0
0
0
0
0
0
0
0
0
0
0
0
0
0
0
0
0
0
0
0
0
0
0
0
0
0
0
0
0
0
0
0
0
0
0
0
0
0
0
0
0
0
1.62568165431e-20
1.62568165431e-20
1.62568165431e-20
1.91868213829e-19
4.41411459262e-19
4.7621075424e-19
2.43643900271e-15
200
200
200
200
200
200
200
200
200
200
200
200
200
200
0
0
0
0
0
0
0
0
0
0
0
0
0
0
0
0
0
0
1.66015637202e-17
3.8089823329e-16
3.23853452144e-15
0
0
0
0
0
0
0
0
0
0
0
0
0
0
0
0
0
0
0
0
0
0
0
0
0
0
0
0
0
0
0
0
0
0
0
0
0
0
0
0
0
0
0
0
0
0
0
0
0
0
0
0
0
0
0
1.62568165431e-20
1.62568165431e-20
1.62568165431e-20
2.29269520197e-19
3.44696339745e-19
3.33129411976e-19
5.20535523742e-14
200
200
200
200
200
200
200
200
200
200
200
200
200
0
0
0
0
0
0
0
0
0
0
0
0
0
0
0
0
0
0
2.30780019205e-17
3.98334521327e-16
3.57323191772e-15
0
0
0
0
0
0
0
0
0
0
0
0
0
0
0
0
0
0
0
0
0
0
0
0
0
0
0
0
0
0
0
0
0
0
0
0
0
0
0
0
0
0
0
0
0
0
0
0
0
0
0
0
0
0
0
0
0
8.55621923323e-21
2.57637268023e-20
2.17475160091e-19
2.86926563275e-19
2.06533658229e-19
200
200
200
200
200
200
200
200
200
200
200
200
200
0
0
0
0
0
0
0
0
0
0
0
0
0
0
0
0
0
0
3.16870074147e-17
5.39450264703e-16
4.21010895454e-15
0
0
0
0
0
0
0
0
0
0
0
0
0
0
0
0
0
0
0
0
0
0
0
0
0
0
0
0
0
0
0
0
0
0
0
0
0
0
0
0
0
0
0
0
0
0
0
0
0
0
0
0
0
0
0
0
0
0
4.48480992883e-20
5.93381316906e-20
5.34043185216e-20
1.07914500616e-19
1.38749241712e-17
200
200
200
200
200
200
200
200
200
200
200
200
0
0
0
0
0
0
0
0
0
0
0
0
0
0
0
0
0
0
4.66017362667e-17
6.96270728372e-16
5.27976670071e-15
0
0
0
0
0
0
0
0
0
0
0
0
0
0
0
0
0
0
0
0
0
0
0
0
0
0
0
0
0
0
0
0
0
0
0
0
0
0
0
0
0
0
0
0
0
0
0
0
0
0
0
0
0
0
0
0
0
0
1.17369262459e-20
4.98312214315e-20
7.54381676932e-20
5.93381316906e-20
2.95503477039e-18
200
200
200
200
200
200
200
200
200
200
200
200
0
0
0
0
0
0
0
0
0
0
0
0
0
0
0
0
0
0
7.95699412762e-17
8.87595779468e-16
6.52087013887e-15
0
0
0
0
0
0
0
0
0
0
0
0
0
0
0
0
0
0
0
0
0
0
0
0
0
0
0
0
0
0
0
0
0
0
0
0
0
0
0
0
0
0
0
0
0
0
0
0
0
0
0
0
0
0
0
0
0
0
0
0
5.53680238128e-20
8.38201863258e-20
1.19974992682e-18
2.51999072655e-17
200
200
200
200
200
200
200
200
200
200
200
8.55621923323e-21
0
0
0
0
0
0
0
0
0
0
0
0
0
0
0
0
4.42352821663e-18
1.38978249991e-16
1.27543142393e-15
7.73482415045e-15
0
0
0
0
0
0
0
0
0
0
0
0
0
0
0
0
0
0
0
0
0
0
0
0
0
0
0
0
0
0
0
0
0
0
0
0
0
0
0
0
0
0
0
0
0
0
0
0
0
0
0
0
0
0
0
0
0
0
0
0
0
6.15200264586e-20
1.3529320619e-18
9.47642895019e-18
200
200
200
200
200
200
200
200
200
200
200
8.55621923323e-21
8.55621923323e-21
0
0
0
0
0
0
0
0
0
0
0
0
0
0
0
1.39748329091e-17
2.31177464494e-16
1.9212124713e-15
1.99740291268e-14
0
0
0
0
0
0
0
0
0
0
0
0
0
0
0
0
0
0
0
0
0
0
0
0
0
0
0
0
0
0
0
0
0
0
0
0
0
0
0
0
0
0
0
0
0
0
0
0
0
0
0
0
0
0
0
0
0
0
0
0
0
0
5.84507628856e-19
3.14439122423e-18
200
200
200
200
200
200
200
200
200
200
200
8.55621923323e-21
8.55621923323e-21
8.55621923323e-21
0
0
0
0
0
0
0
0
0
0
0
0
0
0
3.54515191926e-17
3.67320699632e-16
2.61715171929e-15
6.48471077009e-14
0
0
0
0
0
0
0
0
0
0
0
0
0
0
0
0
0
0
0
0
0
0
0
0
0
0
0
0
0
0
0
0
0
0
0
0
0
0
0
0
0
0
0
0
0
0
0
0
0
0
0
0
0
0
0
0
0
0
0
0
0
0
0
2.96717231843e-18
200
200
200
200
200
200
200
200
200
200
0
7.70059730991e-21
8.55621923323e-21
8.55621923323e-21
8.55621923323e-21
0
0
0
0
0
0
0
0
0
0
0
0
3.82892406196e-19
6.48075567783e-17
6.62720645078e-16
3.31251406194e-15
1.17136959103e-13
0
0
0
0
0
0
0
0
0
0
0
0
0
0
0
0
0
0
0
0
0
0
0
0
0
0
0
0
0
0
0
0
0
0
0
0
0
0
0
0
0
0
0
0
0
0
0
0
0
0
0
0
0
0
0
0
0
0
0
0
0
0
0
2.71235050273e-18
200
200
200
200
200
200
200
200
200
200
0
0
7.70059730991e-21
8.55621923323e-21
8.55621923323e-21
0
0
0
0
0
0
0
0
0
0
0
0
1.13329466845e-17
1.099743572e-16
8.529776639e-16
3.60140236745e-15
1.94379001718e-13
0
0
0
0
0
0
0
0
0
0
0
0
0
0
0
0
0
0
0
0
0
0
0
0
0
0
0
0
0
0
0
0
0
0
0
0
0
0
0
0
0
0
0
0
0
0
0
0
0
0
0
0
0
0
0
0
0
0
0
0
0
0
0
0
200
200
200
200
200
200
200
200
200
0
0
0
0
8.55621923323e-21
8.55621923323e-21
8.55621923323e-21
0
0
0
0
0
0
0
0
0
0
0
2.3183441609e-17
2.31865882562e-16
1.13110302499e-15
7.51992983632e-15
2.72490605377e-13
0
0
0
0
0
0
0
0
0
0
0
0
0
0
0
0
0
0
0
0
0
0
0
0
0
0
0
0
0
0
0
0
0
0
0
0
0
0
0
0
0
0
0
0
0
0
0
0
0
0
0
0
0
0
0
0
0
0
0
0
0
0
0
0
200
200
200
200
200
200
200
200
0
0
0
0
0
0
8.55621923323e-21
8.55621923323e-21
0
0
0
0
0
0
0
0
0
0
5.99407216636e-18
4.3667346937e-17
2.66690046593e-16
1.08069649817e-15
1.67068831438e-14
4.22336772407e-13
0
0
0
0
0
0
0
0
0
0
0
0
0
0
0
0
0
0
0
0
0
0
0
0
0
0
0
0
0
0
0
0
0
0
0
0
0
0
0
0
0
0
0
0
0
0
0
0
0
0
0
0
0
0
0
0
0
0
0
0
0
0
0
0
200
200
200
200
200
200
200
0
0
0
0
0
0
0
0
8.55621923323e-21
0
0
0
0
0
0
0
0
0
0
1.68178798755e-17
8.95331262285e-17
3.10451307706e-16
7.55066301957e-16
1.97211629744e-14
6.29590648286e-13
0
0
0
0
0
0
0
0
0
0
0
0
0
0
0
0
0
0
0
0
0
0
0
0
0
0
0
0
0
0
0
0
0
0
0
0
0
0
0
0
0
0
0
0
0
0
0
0
0
0
0
0
0
0
0
0
0
0
0
0
0
0
0
15.5612602706
200
200
200
200
200
200
0
0
0
0
0
0
0
0
0
0
0
0
0
0
0
0
0
0
0
6.63668235542e-18
2.47370251633e-17
9.94438220636e-17
1.84083996644e-16
1.69159277435e-15
3.01927510444e-14
8.91932231983e-13
0
0
0
0
0
0
0
0
0
0
0
0
0
0
0
0
0
0
0
0
0
0
0
0
0
0
0
0
0
0
0
0
0
0
0
0
0
0
0
0
0
0
0
0
0
0
0
0
0
0
0
0
0
0
0
0
0
0
0
0
0
0
0
200
200
200
200
200
200
0
0
0
0
0
0
0
0
0
0
0
0
0
0
0
0
0
0
0
0
1.8287060776e-17
6.80598745375e-17
1.14327510045e-16
3.27026817843e-17
1.64098487266e-15
5.1206666531e-14
9.60785445358e-13
0
0
0
0
0
0
0
0
0
0
0
0
0
0
0
0
0
0
0
0
0
0
0
0
0
0
0
0
0
0
0
0
0
0
0
0
0
0
0
0
0
0
0
0
0
0
0
0
0
0
0
0
0
0
0
0
0
0
0
0
0
0
0
200
200
200
200
0
0
0
0
0
0
0
0
0
0
0
0
0
0
0
0
0
0
0
0
0
1.03261878526e-17
3.79795329007e-17
1.23510766463e-16
2.08718379786e-16
1.36680636037e-17
4.21968213806e-16
8.5601525933e-14
8.8609338872e-13
0
0
0
0
0
0
0
0
0
0
0
0
0
0
0
0
0
0
0
0
0
0
0
0
0
0
0
0
0
0
0
0
0
0
0
0
0
0
0
0
0
0
0
0
0
0
0
0
0
0
0
0
0
0
0
0
0
0
0
0
0
0
0
200
0
0
0
0
0
0
0
0
0
0
0
0
0
0
0
0
0
0
0
0
0
0
0
6.90606760944e-18
1.79199647915e-17
4.88974117268e-17
1.16914721091e-16
1.32370812997e-16
4.12569609841e-16
1.6574670734e-15
4.33234023115e-14
4.78173220801e-13
0
0
0
0
0
0
0
0
0
0
0
0
0
0
0
0
0
0
0
0
0
0
0
0
0
0
0
0
0
0
0
0
0
0
0
0
0
0
0
0
0
0
0
0
0
0
0
0
0
0
0
0
0
0
0
0
0
0
0
0
0
0
0
0
0
0
0
0
0
0
0
0
0
0
0
0
0
0
0
0
0
0
0
0
0
0
4.66031061514e-18
2.30012621779e-17
3.55935992558e-17
4.97924843577e-17
5.17946117824e-17
2.42494104207e-15
3.01740447768e-15
5.63781339401e-15
3.23314435253e-14
7.6488563044e-13
1.97644936961e-21
0
0
0
0
0
0
0
0
0
0
0
0
0
0
0
0
0
0
0
0
0
0
0
0
0
0
0
0
0
0
0
0
0
0
0
0
0
0
0
0
0
0
0
0
0
0
0
0
0
0
0
0
0
0
0
0
0
0
0
0
0
0
0
0
0
0
0
0
0
0
0
0
0
0
0
0
0
0
0
0
0
0
0
0
4.14257510602e-18
2.5184875164e-17
3.79571979929e-17
4.14259787095e-17
8.24236524392e-17
6.0126363515e-16
6.71410481794e-16
1.01301260641e-15
2.38435888926e-15
1.39861984827e-14
4.46855735962e-13
200
200
4.75927469068e-21
0
0
0
0
0
0
0
0
0
0
0
0
0
0
0
0
0
0
0
0
0
0
0
0
0
0
0
0
0
0
0
0
0
0
0
0
0
0
0
0
0
0
0
0
0
0
0
0
0
0
0
0
0
0
0
0
0
0
0
0
0
0
0
0
0
0
0
0
0
0
0
0
0
0
0
0
0
0
0
0
0
6.57615843757e-18
2.80959045742e-17
2.7855104202e-17
5.16276048637e-17
2.49863106967e-16
2.22260532353e-16
2.40194024493e-16
3.81774317677e-16
6.71526437618e-16
1.6325478221e-15
9.13514290533e-15
4.10326993565e-13
200
200
200
200
200
0
0
0
0
0
0
0
0
0
0
0
0
0
0
0
0
0
0
0
0
0
0
0
0
0
0
0
0
0
0
0
0
0
0
0
0
0
0
0
0
0
0
0
0
0
0
0
0
0
0
0
0
0
0
0
0
0
0
0
0
0
0
0
0
0
0
0
0
0
0
0
0
0
0
2.86263631136e-20
3.18070701263e-20
2.00701438804e-20
3.20045968109e-18
2.21488240305e-17
2.88206925817e-17
2.81282221357e-17
1.45589859855e-16
1.38929543599e-16
1.41470822429e-16
1.6448341877e-16
2.08773427451e-16
2.79806794262e-16
3.93330359641e-16
7.09884355748e-16
3.56576673009e-15
2.90917030297e-13
200
200
200
200
200
19.0970207466
3.25411464563e-20
0
0
0
0
0
0
0
0
0
0
0
0
0
0
0
0
0
0
0
0
0
0
0
0
0
0
0
0
0
0
0
0
0
0
0
0
0
0
0
0
0
0
0
0
0
0
0
0
0
0
0
0
0
0
0
0
0
0
0
0
0
0
0
0
0
0
1.23774982501e-17
1.57840192204e-17
1.03775819973e-16
1.58376596356e-16
3.51595411576e-16
4.63891568175e-16
5.35263112628e-16
5.74349203555e-16
3.92203836744e-16
7.34038630468e-17
2.49494585257e-17
1.4005001597e-16
1.03181901089e-16
9.79423554853e-17
1.09979214353e-16
1.2947241398e-16
1.50918799883e-16
1.80384244725e-16
2.24166201931e-16
2.82814736725e-16
3.86879783501e-16
8.3387181958e-16
1.7287275935e-13
200
200
200
200
3.86466996633e-10
2.38464091837e-14
1.76528795476e-13
4.9856924007e-14
8.6395388405e-21
0
0
0
0
0
0
0
0
0
0
0
0
0
0
0
0
0
0
0
0
0
0
0
0
0
0
0
0
0
0
0
0
0
0
0
0
0
0
0
0
0
0
0
0
0
0
0
0
0
0
0
0
0
0
0
0
0
0
0
0
0
0
1.3441361729e-16
7.11405680175e-16
1.45116815603e-15
2.21899595582e-15
2.64561742033e-15
2.84748414784e-15
3.18281587997e-15
2.8415697936e-15
2.55043328525e-15
1.79465400466e-15
7.00815311928e-16
2.9075058867e-16
1.28850598145e-16
8.83768365837e-17
8.82317178807e-17
9.73832523367e-17
1.07946121898e-16
1.21784132193e-16
1.38576309126e-16
1.59944823442e-16
1.8809964791e-16
2.2339158533e-16
2.72158081348e-16
3.74922704836e-16
8.16260031104e-14
200
200
200
2.53560996491e-10
3.6907788447e-13
4.0384115925e-14
6.26848438482e-15
4.28346549137e-17
8.95666038903e-17
9.32244545347e-19
0
0
0
0
0
0
0
0
0
0
0
0
0
0
0
0
0
0
0
0
0
0
0
0
0
0
0
0
0
0
0
0
0
0
0
0
0
0
0
0
0
0
0
0
0
0
0
0
0
0
0
0
0
0
0
0
0
0
0
0
0
6.53121894774e-16
1.88896329475e-15
2.0430350747e-15
2.11628194647e-15
2.29938778517e-15
2.46109875165e-15
2.61447243814e-15
2.6659707269e-15
2.53933216912e-15
2.27683011415e-15
1.82488696808e-15
3.8945023778e-16
1.49719985243e-16
1.11487873348e-16
1.00569639329e-16
1.01803671637e-16
1.07895647073e-16
1.17920912658e-16
1.30618119629e-16
1.4642706823e-16
1.65700940715e-16
1.88937294098e-16
2.17157733768e-16
2.59285525462e-16
3.28302567646e-14
200
21.5533679873
9.82347252467e-11
6.25036647769e-13
5.80569928364e-14
2.01697401455e-15
1.10593347885e-16
2.80977587757e-17
1.65822740594e-17
3.85401939467e-17
5.28708902318e-17
3.89317482022e-20
0
0
0
0
0
0
0
0
0
0
0
0
0
0
0
0
0
0
0
0
0
0
0
0
0
0
0
0
0
0
0
0
0
0
0
0
0
0
0
0
0
0
0
0
0
0
0
0
0
0
0
0
0
0
0
0
0
0
0
1.49814181246e-15
2.1901746367e-15
2.28663809887e-15
2.36121702911e-15
2.47759447256e-15
2.57980256754e-15
2.69210392655e-15
2.76665412457e-15
2.86729306881e-15
2.90423401128e-15
2.70202802981e-15
1.20356278092e-15
2.45287085254e-16
1.47046976602e-16
1.17099729877e-16
1.10117974198e-16
1.11527016882e-16
1.17240571718e-16
1.26310281751e-16
1.38058807769e-16
1.51812141446e-16
1.67940715794e-16
1.8605656137e-16
2.10030421111e-16
1.22014983754e-14
2.07523394559e-09
3.64320131406e-11
8.57389094722e-13
6.8390870665e-14
4.23781687736e-15
1.55227704033e-16
3.84223361189e-17
2.21980114244e-17
1.84288812195e-17
2.27492886803e-17
1.84196473936e-17
3.12061573117e-17
4.62525851117e-19
0
0
0
0
0
0
0
0
0
0
0
0
0
0
0
0
0
0
0
0
0
0
0
0
0
0
0
0
0
0
0
0
0
0
0
0
0
0
0
0
0
0
0
0
0
0
0
0
0
0
0
0
0
0
0
0
0
0
1.36125471211e-15
2.40479806382e-15
2.43373395052e-15
2.60413242398e-15
2.69625264467e-15
2.75725415847e-15
2.83590355232e-15
2.91690507842e-15
3.04211214362e-15
3.25605743443e-15
3.42102761223e-15
2.2245495739e-15
3.85684515573e-16
1.88569021193e-16
1.39231402783e-16
1.22369486092e-16
1.18251692157e-16
1.19957195006e-16
1.25664102622e-16
1.33819355911e-16
1.43877659515e-16
1.55545927046e-16
1.6801433959e-16
1.83650865719e-16
3.62289230513e-15
1.05755351818e-11
9.24579267077e-13
8.79943653372e-14
6.75487097562e-15
2.0066397896e-16
3.45795320663e-17
2.19096382058e-17
1.65859930976e-17
1.49240466534e-17
1.49220892649e-17
1.37768001641e-17
1.20729134598e-17
2.80822267259e-17
7.43822122339e-18
0
0
0
0
0
0
0
0
0
0
0
0
0
0
0
0
0
0
0
0
0
0
0
0
0
0
0
0
0
0
0
0
0
0
0
0
0
0
0
0
0
0
0
0
0
0
0
0
0
0
0
0
0
0
0
0
0
0
3.67172454999e-15
2.85096273782e-15
3.00714185206e-15
3.04822115868e-15
3.0502267774e-15
3.0913996094e-15
3.14347972713e-15
3.27126415316e-15
3.42333399928e-15
3.72093400503e-15
3.22375074846e-15
8.27399816507e-16
2.45798305282e-16
1.65278394447e-16
1.37558948257e-16
1.27718500757e-16
1.25675457817e-16
1.27953800881e-16
1.33872013528e-16
1.41344257666e-16
1.49966884503e-16
1.58869675988e-16
179.029575705
197.830494339
1.11022120965e-12
1.10157780495e-13
9.94798095924e-15
6.97797123678e-17
2.70400699494e-17
1.86283932207e-17
1.49273937878e-17
1.34316419881e-17
1.20851306549e-17
1.20831732664e-17
1.20785818613e-17
1.34206465125e-17
1.89368193733e-17
4.60744674031e-17
2.35470261655e-17
0
0
0
0
0
0
0
0
0
0
0
0
0
0
0
0
0
0
0
0
0
0
0
0
0
0
0
0
0
0
0
0
0
0
0
0
0
0
0
0
0
0
0
0
0
0
0
0
0
0
0
0
0
0
0
0
0
6.15020265411e-15
3.95606751325e-15
3.79550298196e-15
3.60833452449e-15
3.48306592259e-15
3.43414838015e-15
3.46033451896e-15
3.508970026e-15
3.6344582541e-15
3.82068392268e-15
4.08199940521e-15
1.52761490644e-15
3.22077305647e-16
1.95904767421e-16
1.55759286186e-16
1.3956120579e-16
1.33226540952e-16
1.33360780442e-16
1.3641961472e-16
1.41872141614e-16
196.291725973
199.963431063
199.996453664
199.998218763
1.81682160723e-13
1.27982759689e-14
2.54101967431e-17
1.99307188238e-17
1.59504461506e-17
1.34186355978e-17
1.14483212993e-17
1.0744247561e-17
9.7873703458e-18
9.78560869613e-18
1.05360876049e-17
1.19427277439e-17
1.57721044138e-17
3.54655257359e-17
8.70006646685e-16
1.10604610952e-16
0
0
0
0
0
0
0
0
0
0
0
0
0
0
0
0
0
0
0
0
0
0
0
0
0
0
0
0
0
0
0
0
0
0
0
0
0
0
0
0
0
0
0
0
0
0
0
0
0
0
0
0
0
0
0
0
6.54665712622e-15
5.38055791569e-15
4.73749837581e-15
4.34564783182e-15
4.03793151238e-15
3.90126257747e-15
3.81578876351e-15
3.79787344441e-15
3.85711152876e-15
3.98150916604e-15
4.59200651616e-15
2.22649774278e-15
4.10621239455e-16
2.29724784726e-16
1.76096905431e-16
1.53395750414e-16
1.43975781154e-16
1.41125560849e-16
198.097205578
199.983989984
199.999269402
199.999904005
199.999973279
199.99997826
1.7827360233e-14
1.58728912501e-17
1.43186268368e-17
1.25925036101e-17
1.09063719417e-17
9.789996067e-18
8.80863331122e-18
8.54642816778e-18
8.03604803568e-18
8.1786288779e-18
8.80332878834e-18
9.77905990245e-18
1.34128683975e-17
2.17766071195e-13
7.75739839192e-14
2.4367691993e-14
1.89489168165e-16
0
0
0
0
0
0
0
0
0
0
0
0
0
0
0
0
0
0
0
0
0
0
0
0
0
0
0
0
0
0
0
0
0
0
0
0
0
0
0
0
0
0
0
0
0
0
0
0
0
0
0
0
0
0
0
6.90130445639e-15
6.65667385854e-15
5.71917836899e-15
5.16830662342e-15
4.76889298031e-15
4.44315434733e-15
4.22838210244e-15
4.11477039684e-15
4.08640703099e-15
4.1311183406e-15
4.61468899584e-15
2.57409337193e-15
4.92628899552e-16
2.65352689054e-16
1.98201283041e-16
1.69454902498e-16
199.896394722
199.991246632
199.999608959
199.999961112
199.999991639
199.999997893
199.999999132
199.999999141
1.09213267492e-17
1.04680902109e-17
9.8436017392e-18
9.06967146381e-18
8.34593000928e-18
7.8172433073e-18
7.13228180325e-18
7.07243567047e-18
6.82335589075e-18
6.99304569753e-18
7.12697728037e-18
8.07440771445e-18
3.43588407814e-08
1.47355118325e-07
2.13778880074e-09
1.57507403156e-11
6.23489941878e-13
5.20468923676e-17
0
0
0
0
0
0
0
0
0
0
0
0
0
0
0
0
0
0
0
0
0
0
0
0
0
0
0
0
0
0
0
0
0
0
0
0
0
0
0
0
0
0
0
0
0
0
0
0
0
0
0
0
0
0
5.94953366918e-15
7.75116842463e-15
6.56518067414e-15
5.94693550442e-15
5.47688435665e-15
5.01980742785e-15
4.67459844618e-15
4.42949084918e-15
4.28677055921e-15
4.22473275347e-15
4.57462012531e-15
2.49201667105e-15
197.801602631
199.96073642
199.992621
199.999352378
199.999901807
199.999981544
199.999995489
199.999999158
199.999999734
199.999999885
199.99999993
199.999999926
7.97365644076e-18
7.73169411674e-18
7.43175230542e-18
7.09489026563e-18
6.62760684702e-18
6.36888261018e-18
5.91852419314e-18
5.7728515971e-18
5.7728515971e-18
5.77108994744e-18
6.00207312003e-18
0.0126013082751
200
200
200
6.98266650243e-06
3.3185933399e-10
3.37306980462e-12
8.49391863925e-18
0
0
0
0
0
0
0
0
0
0
0
0
0
0
0
0
0
0
0
0
0
0
0
0
0
0
0
0
0
0
0
0
0
0
0
0
0
0
0
0
0
0
0
0
0
0
0
0
0
0
0
0
0
4.217111974e-15
8.47723983961e-15
199.969748993
199.98476453
199.988893343
199.991003608
199.992712922
199.99468772
199.996548468
199.998147723
199.999120831
199.999617007
199.999871017
199.999959931
199.999986747
199.999994748
199.999998699
199.99999961
199.999999865
199.999999945
199.999999976
199.999999989
199.999999992
199.99999999
6.27282973635e-18
6.17970059384e-18
6.00482234948e-18
5.7778404674e-18
5.52779205585e-18
5.1966066739e-18
5.08114666381e-18
4.85777097934e-18
4.73903859731e-18
4.80750884153e-18
5.15314648237e-18
200
200
200
200
200
200
5.99005781621e-09
2.73218651526e-12
2.20850973972e-20
0
0
0
0
0
0
0
0
0
0
0
0
0
0
0
0
0
0
0
0
0
0
0
0
0
0
0
0
0
0
0
0
0
0
0
0
0
0
0
0
0
0
0
0
0
0
0
0
0
0
0
0
199.999476862
199.999974689
199.999990454
199.999993811
199.999993518
199.999991649
199.999991408
199.999991408
199.999991408
199.999993357
199.999995881
199.999997719
199.999998899
199.999999497
199.999999754
199.999999886
199.999999941
199.999999972
199.999999989
199.999999995
199.999999997
199.999999998
199.999999998
199.999999998
5.27862519046e-18
5.12379339542e-18
5.0234921573e-18
4.86910905079e-18
4.64382991085e-18
4.45314459282e-18
4.24379315935e-18
4.14978844544e-18
4.08184649883e-18
4.1211026281e-18
4.20411215076e-18
4.67299737273e-18
200
200
200
200
200
200
4.85004810868e-09
5.7171339103e-14
0
0
0
0
0
0
0
0
0
0
0
0
0
0
0
0
0
0
0
0
0
0
0
0
0
0
0
0
0
0
0
0
0
0
0
0
0
0
0
0
0
0
0
0
0
0
0
0
0
0
0
199.999936399
199.999999734
199.999999945
199.999999971
199.999999978
199.999999979
199.999999971
199.999999968
199.99999996
199.999999951
199.999999943
199.999999939
199.999999945
199.999999956
199.999999972
199.999999986
199.999999993
199.999999996
199.999999998
199.999999999
199.999999999
199.999999999
199.999999999
199.999999999
199.999999999
4.45143107779e-18
4.39025789558e-18
4.24719048817e-18
4.06804435065e-18
3.94729364851e-18
3.71285161141e-18
3.59764682793e-18
3.48711539267e-18
3.4139306295e-18
3.41886828964e-18
3.55203580894e-18
3.87968739036e-18
4.87923227606e-18
200
200
200
200
200
200
2.77093950601e-10
3.61035504679e-14
0
0
0
0
0
0
0
0
0
0
0
0
0
0
0
0
0
0
0
0
0
0
0
0
0
0
0
0
0
0
0
0
0
0
0
0
0
0
0
0
0
0
0
0
0
0
0
0
0
199.999892291
199.999999907
199.999999997
199.999999999
200
200
200
199.999999999
199.999999999
199.999999999
199.999999999
199.999999999
199.999999999
199.999999998
199.999999998
199.999999998
199.999999999
199.999999999
199.999999999
199.999999999
200
200
200
200
200
200
3.74148241065e-18
3.63136502322e-18
3.56235103065e-18
3.43940066459e-18
3.27610095428e-18
3.19249076101e-18
3.03400510146e-18
2.94823718796e-18
2.90226469576e-18
2.89849326738e-18
2.9653312885e-18
3.18898011094e-18
3.82732979864e-18
4.84080045993e-16
199.999999998
200
200
200
200
0.00442139362652
1.37707561737e-11
6.41217847981e-17
0
0
0
0
0
0
0
0
0
0
0
0
0
0
0
0
0
0
0
0
0
0
0
0
0
0
0
0
0
0
0
0
0
0
0
0
0
0
0
0
0
0
0
0
0
0
0
0
199.999999886
199.999999999
200
200
200
200
200
200
200
200
200
200
200
200
200
200
200
200
200
200
200
200
200
200
200
200
3.14091884681e-18
3.08166267988e-18
3.01850160818e-18
2.92376274753e-18
2.83439336613e-18
2.70811964501e-18
2.62711869556e-18
2.56596028116e-18
2.50754725537e-18
2.47484615592e-18
2.52034683385e-18
2.62833962833e-18
2.97737196326e-18
1.62540747862e-16
6.56058739834e-15
199.999988215
200
200
200
200
1.05840627515e-08
3.05760320618e-14
5.77302931571e-18
0
0
0
0
0
0
0
0
0
0
0
0
0
0
0
0
0
0
0
0
0
0
0
0
0
0
0
0
0
0
0
0
0
0
0
0
0
0
0
0
0
0
0
0
0
0
199.999997004
199.999999999
200
200
200
200
200
200
200
200
200
200
200
200
200
200
200
200
200
200
200
200
200
200
200
200
200
2.75859843087e-18
2.69926994229e-18
2.6344614455e-18
2.56582582665e-18
2.48330597968e-18
2.38221984259e-18
2.33458463082e-18
2.25569903953e-18
2.17727400778e-18
2.15342969779e-18
2.1537193823e-18
2.20284896147e-18
2.38774582873e-18
4.5772076364e-18
3.15808417037e-15
5.84083018899e-15
199.99992148
200
200
200
1.06051129796
4.05913417194e-14
4.15564756467e-14
0
0
0
0
0
0
0
0
0
0
0
0
0
0
0
0
0
0
0
0
0
0
0
0
0
0
0
0
0
0
0
0
0
0
0
0
0
0
0
0
0
0
0
0
0
0
199.999999981
200
200
200
200
200
200
200
200
200
200
200
200
200
200
200
200
200
200
200
200
200
200
200
200
200
200
2.48481982459e-18
2.43112751169e-18
2.37709454912e-18
2.31175442305e-18
2.24429950416e-18
2.15763118793e-18
2.10391754298e-18
2.01310732538e-18
1.93447361375e-18
1.90137616449e-18
1.8830336614e-18
1.89716115195e-18
1.98212911303e-18
2.37202821952e-18
8.12308715619e-16
8.28568843892e-15
5.21488022052e-15
7.57482495958e-15
199.999989393
200
200
3.1277039732e-14
6.25334429594e-14
4.22565043965e-14
0
0
0
0
0
0
0
0
0
0
0
0
0
0
0
0
0
0
0
0
0
0
0
0
0
0
0
0
0
0
0
0
0
0
0
0
0
0
0
0
0
0
0
0
199.999958271
200
200
200
200
200
200
200
200
200
200
200
200
200
200
200
200
200
200
200
200
200
200
200
200
200
200
200
2.29814534298e-18
2.24060263354e-18
2.19946932894e-18
2.13139142113e-18
2.05565448904e-18
1.98592865359e-18
1.8991720328e-18
1.81558085737e-18
1.7294205931e-18
1.68694662104e-18
1.63655318041e-18
1.61772143754e-18
1.67050962205e-18
1.8367154678e-18
1.43851586579e-16
4.18331046063e-15
4.98786922779e-15
7.62534390856e-15
1.11123790086e-14
1.48476441362e-14
2.23528106118e-14
3.06183917458e-14
4.88480468727e-14
1.10612998851e-13
5.78825601052e-13
0
0
0
0
0
0
0
0
0
0
0
0
0
0
0
0
0
0
0
0
0
0
0
0
0
0
0
0
0
0
0
0
0
0
0
0
0
0
0
0
0
0
0
199.999999925
200
200
200
200
200
200
200
200
200
200
200
200
200
200
200
200
200
200
200
200
200
200
200
200
200
200
200
2.16466744673e-18
2.10404410045e-18
2.05835224775e-18
1.99474273269e-18
1.91487131565e-18
1.83240704387e-18
1.73744797721e-18
1.64301207231e-18
1.55109034276e-18
1.48059801088e-18
1.41470094003e-18
1.38455600738e-18
1.38200633928e-18
1.44949519892e-18
1.92995268961e-18
7.87541552883e-16
4.59587040464e-15
6.03609034186e-15
1.25871351359e-14
1.90395701961e-14
2.8557903397e-14
3.88289806005e-14
5.9685803557e-14
1.4927527518e-13
4.25023264145e-13
3.01864270388e-14
0
0
0
0
0
0
0
0
0
0
0
0
0
0
0
0
0
0
0
0
0
0
0
0
0
0
0
0
0
0
0
0
0
0
0
0
0
0
0
0
0
0
200
200
200
200
200
200
200
200
200
200
200
200
200
200
200
200
200
200
200
200
200
200
200
200
200
200
200
200
2.08458048713e-18
2.00766920539e-18
1.95726735977e-18
1.88980518156e-18
1.79095787994e-18
1.70186181293e-18
1.59677746669e-18
1.48905855289e-18
1.39453807027e-18
1.30985416057e-18
1.23939844865e-18
1.18562625996e-18
1.1444174694e-18
1.1464550228e-18
1.24733296999e-18
6.77463031674e-17
1.31364339238e-15
3.00597525953e-15
6.77956028057e-15
1.2862055145e-14
2.50709573303e-14
4.36289977846e-14
7.89476975112e-14
1.01714131526e-13
1.05030708416e-13
2.62498401075e-13
0
0
0
0
0
0
0
0
0
0
0
0
0
0
0
0
0
0
0
0
0
0
0
0
0
0
0
0
0
0
0
0
0
0
0
0
0
0
0
0
0
0
200
200
200
200
200
200
200
200
200
200
200
200
200
200
200
200
200
200
200
200
200
200
200
200
200
200
200
200
2.0603679401e-18
1.96024170055e-18
1.89572819268e-18
1.81066307007e-18
1.70765437305e-18
1.59511373826e-18
1.47920118444e-18
1.36946451511e-18
1.26360321105e-18
1.17282593698e-18
1.10030070792e-18
1.0357815287e-18
9.95795696585e-19
9.60655777842e-19
9.60904900598e-19
1.08668620427e-18
1.7790119191e-16
8.7393670348e-16
1.96577425036e-15
4.50013960384e-15
8.61736073747e-15
1.77560364575e-14
3.33144901134e-14
5.47253452545e-14
6.83908641723e-14
1.07596392502e-13
6.94021204653e-13
1.2476494918e-06
0
0
0
0
0
0
0
0
0
0
0
0
0
0
0
0
0
0
0
0
0
0
0
0
0
0
0
0
0
0
0
0
0
0
0
0
0
0
0
199.999999826
200
200
200
200
200
200
200
200
200
200
200
200
200
200
200
200
200
200
200
200
200
200
200
200
200
200
200
200
2.12188599194e-18
1.97125993566e-18
1.88338680532e-18
1.78124174239e-18
1.64959908675e-18
1.52242454238e-18
1.39519011792e-18
1.27148280467e-18
1.16544315047e-18
1.06906744702e-18
9.91289214114e-19
9.31659041713e-19
8.7501912114e-19
8.21694686777e-19
7.99327270792e-19
8.00991453578e-19
1.54554557801e-18
1.48747977313e-16
3.81093428183e-16
8.74010269493e-16
1.87460115886e-15
3.9768982994e-15
8.06990137612e-15
1.70372578216e-14
3.20149155712e-14
6.70237039205e-14
8.67880946325e-07
118.529670092
0
0
0
0
0
0
0
0
0
0
0
0
0
0
0
0
0
0
0
0
0
0
0
0
0
0
0
0
0
0
0
0
0
0
0
0
0
0
0
200
200
200
200
200
200
200
200
200
200
200
200
200
200
200
200
200
200
200
200
200
200
200
200
200
200
200
200
200
191.209372468
2.09699309005e-18
1.94435669374e-18
1.78067027297e-18
1.62751165757e-18
1.47557682235e-18
1.33708928691e-18
1.20809729367e-18
1.09773267993e-18
9.98906130664e-19
9.22226390986e-19
8.464854095e-19
7.8128102998e-19
7.22548737967e-19
6.62785945629e-19
6.30463815857e-19
6.3364990836e-19
8.7408567345e-18
7.4268854313e-17
1.54268193092e-16
2.98700837257e-16
5.31016852542e-16
1.01086528519e-15
2.6092394292e-15
1.07343417361e-14
3.06653737009e-12
2.99570545186e-06
2.94399453495e-14
67.2019363702
0
0
0
0
0
0
0
0
0
0
0
0
0
0
0
0
0
0
0
0
0
0
0
0
0
0
0
0
0
0
0
0
0
0
0
0
0
0
200
200
200
200
200
200
200
200
200
200
200
200
200
200
200
200
200
200
200
200
200
200
200
200
200
200
200
200
200
0.000504676794364
2.44398444995e-18
2.13711214179e-18
1.86615480726e-18
1.64925097026e-18
1.46187058711e-18
1.29975221567e-18
1.16061053512e-18
1.03473471814e-18
9.46884864965e-19
8.58933403522e-19
7.8131128595e-19
7.0420712967e-19
6.30123257539e-19
5.61361115809e-19
5.05100612759e-19
4.68563699176e-19
4.80883960232e-19
7.90221384265e-18
2.47780511868e-17
4.54324926452e-17
7.53429879196e-17
1.09590726068e-16
1.51716435439e-16
2.72257544653e-16
1.3141712977e-15
9.2385813564e-15
1.12317407993e-15
199.999968532
0
0
0
0
0
0
0
0
0
0
0
0
0
0
0
0
0
0
0
0
0
0
0
0
0
0
0
0
0
0
0
0
0
0
0
0
0
199.999835834
200
200
200
200
200
200
200
200
200
200
200
200
200
200
200
200
200
200
200
200
200
200
200
200
200
200
200
200
200
1.1769624919e-12
3.47803844906e-18
2.61735852567e-18
2.06558210302e-18
1.71914127021e-18
1.47316960895e-18
1.28564736208e-18
1.12665753083e-18
1.00686920916e-18
9.02571139869e-19
8.13850102341e-19
7.31655346716e-19
6.47699085367e-19
5.63167236072e-19
4.87857886403e-19
4.26508955089e-19
3.73948126942e-19
3.35367410454e-19
4.31583607968e-19
2.77806776419e-18
5.15586231327e-18
8.93856693158e-18
1.29024137056e-17
1.20169177524e-17
8.58859607907e-18
2.55583695316e-18
2.23264009613e-18
9.72145632537e-19
1.51378858153e-17
200
0
0
0
0
0
0
0
0
0
0
0
0
0
0
0
0
0
0
0
0
0
0
0
0
0
0
0
0
0
0
0
0
0
0
0
0
200
200
200
200
200
200
200
200
200
200
200
200
200
200
200
200
200
200
200
200
200
200
200
200
200
200
200
200
200
200
8.71251093464e-12
1.05119385333e-09
79.0146979865
2.43655574709e-18
1.8328707967e-18
1.50772792125e-18
1.28255444115e-18
1.11046016652e-18
9.85738535865e-19
8.80352066321e-19
7.82362459752e-19
6.97460777091e-19
6.10948997967e-19
5.24621852864e-19
4.4804287035e-19
3.78439686868e-19
2.99832064436e-19
1.94140374317e-19
2.10545916397e-19
3.74039261403e-19
6.86665794272e-19
9.63989685641e-19
9.22209706128e-19
5.25995490615e-19
6.85095004414e-19
9.57928482778e-19
1.62731835367e-18
2.76113702305e-18
1.84328560788e-17
2.56407402531e-16
0
0
0
0
0
0
0
0
0
0
0
0
0
0
0
0
0
0
0
0
0
0
0
0
0
0
0
0
0
0
0
0
0
0
0
1.97644936961e-21
200
200
200
200
200
200
200
200
200
200
200
200
200
200
200
200
200
200
200
200
200
200
200
200
200
200
200
200
200
200
3.16488182431e-11
1.02499778087e-12
1.14132569139e-06
199.999999723
0.0651564151224
1.54830606724e-18
1.27855311116e-18
1.10034104256e-18
9.71602396244e-19
8.62920746766e-19
7.68572537834e-19
6.78720851824e-19
5.84624138402e-19
4.98810485486e-19
4.15872009791e-19
3.28253415368e-19
2.33047183556e-19
1.24565041046e-19
2.20849247726e-20
3.94599973296e-20
4.61139692789e-20
5.23514530999e-20
1.1708039117e-19
1.70021722152e-19
2.80396039027e-19
5.83921995669e-19
1.46382818588e-18
5.61358818169e-18
3.1231722534e-17
2.81077919481e-17
9.36212859288e-22
0
0
0
0
0
0
0
0
0
0
0
0
0
0
0
0
0
0
0
0
0
0
0
0
0
0
0
0
0
0
0
0
0
0
200
200
200
200
200
200
200
200
200
200
200
200
200
200
200
200
200
200
200
200
200
200
200
200
200
200
200
200
200
200
200
2.51584043405e-11
2.67243182431e-11
2.75532088764e-11
5.34814716485e-11
1.11867065874e-05
200
199.999999943
1.14231168346e-18
9.85072709573e-19
8.69245974084e-19
7.68337307527e-19
6.75760582426e-19
5.68583088965e-19
4.86676148452e-19
4.01469896636e-19
3.30945061629e-19
2.44737706782e-19
1.17316337444e-19
2.20849247726e-20
3.56555222956e-20
4.50737327685e-20
5.13112165896e-20
6.47703033702e-20
1.51735307331e-19
2.14025982228e-19
4.54919531316e-19
1.3174453673e-18
2.76189535547e-18
5.20301080793e-18
2.13267649812e-19
1.51712539935e-16
0
0
0
0
0
0
0
0
0
0
0
0
0
0
0
0
0
0
0
0
0
0
0
0
0
0
0
0
0
0
0
0
0
0
200
200
200
200
200
200
200
200
200
200
200
200
200
200
200
200
200
200
200
200
200
200
200
200
200
200
200
200
200
200
167.023337574
)
;

boundaryField
{
    frontAndBack
    {
        type            empty;
    }
    leftWall
    {
        type            calculated;
        value           uniform 0;
    }
    outlet
    {
        type            calculated;
        value           uniform 0;
    }
    rightWall
    {
        type            calculated;
        value           uniform 0;
    }
    inlet
    {
        type            calculated;
        value           uniform 1.39933658855e-15;
    }
}


// ************************************************************************* //
