/*--------------------------------*- C++ -*----------------------------------*\
| =========                 |                                                 |
| \\      /  F ield         | OpenFOAM: The Open Source CFD Toolbox           |
|  \\    /   O peration     | Version:  v1906                                 |
|   \\  /    A nd           | Web:      www.OpenFOAM.com                      |
|    \\/     M anipulation  |                                                 |
\*---------------------------------------------------------------------------*/
FoamFile
{
    version     2.0;
    format      ascii;
    class       volScalarField;
    location    "544";
    object      alpha;
}
// * * * * * * * * * * * * * * * * * * * * * * * * * * * * * * * * * * * * * //

dimensions      [0 0 -1 0 0 0 0];


internalField   nonuniform List<scalar> 
9216
(
100
100
100
100
100
100
100
100
100
100
100
100
100
100
100
100
100
100
100
100
100
100
100
100
100
100
100
100
100
100
100
100
100
100
100
100
100
100
100
100
100
100
100
100
100
100
100
100
100
100
100
100
100
100
100
100
100
100
100
100
100
100
100
100
100
100
100
100
100
100
100
100
100
100
100
100
100
100
100
100
100
100
100
100
100
100
100
100
100
100
100
100
100
100
99.9999999566
43.4316187968
100
100
100
100
100
100
100
100
100
100
100
100
100
100
100
100
100
100
100
100
100
100
100
100
100
100
100
100
100
100
100
100
100
100
100
100
100
100
100
100
100
100
100
100
100
100
100
100
100
100
100
100
100
100
100
100
100
100
100
100
100
100
100
100
100
100
100
100
100
100
100
100
100
100
100
100
100
100
100
100
100
100
100
100
100
100
100
100
100
100
100
100
100
100
100
99.9999999578
100
100
100
100
100
100
100
100
100
100
100
100
100
100
100
100
100
100
100
100
100
100
100
100
100
100
100
100
100
100
100
100
100
100
100
100
100
100
100
100
100
100
100
100
100
100
100
100
100
100
100
100
100
100
100
100
100
100
100
100
100
100
100
100
100
100
100
100
100
100
100
100
100
100
100
100
100
100
100
100
100
100
100
100
100
100
100
100
100
100
100
100
100
100
100
100
100
100
100
100
100
100
100
100
100
100
100
100
100
100
100
100
100
100
100
100
100
100
100
100
100
100
100
100
100
100
100
100
100
100
100
100
100
100
100
100
100
100
100
100
100
100
100
100
100
100
100
100
100
100
100
100
100
100
100
100
100
100
100
100
100
100
100
100
100
100
100
100
100
100
100
100
100
100
100
100
100
100
100
100
100
100
100
100
100
100
100
100
100
100
100
100
100
100
100
100
100
100
100
100
100
100
100
100
100
100
100
100
100
100
100
100
100
100
100
100
100
100
100
100
100
100
100
100
100
100
100
100
100
100
100
100
100
100
100
100
100
100
100
100
100
100
100
100
100
100
100
100
100
100
100
100
100
100
100
100
100
100
100
100
100
100
100
100
100
100
100
100
100
100
100
100
100
100
100
100
100
100
100
100
100
100
100
100
100
100
100
100
100
100
100
100
100
100
100
100
100
100
100
100
100
100
100
100
100
100
100
100
100
100
100
100
100
100
100
100
100
100
100
100
100
100
100
100
100
100
100
100
100
100
100
100
100
100
100
100
100
100
100
100
100
100
100
100
100
100
100
100
100
100
100
100
100
100
100
100
100
100
100
100
100
100
100
100
100
100
100
100
100
100
100
100
100
100
100
100
100
100
100
100
100
100
100
100
100
100
100
100
100
100
100
100
100
100
100
100
100
100
100
100
100
100
100
100
100
100
100
100
100
100
100
100
100
100
100
100
100
100
100
100
100
100
100
100
100
100
100
100
100
100
100
100
100
100
100
100
100
100
100
100
100
100
100
100
100
100
100
100
100
100
100
100
100
100
100
100
100
100
100
100
100
100
100
100
100
100
100
100
100
100
100
100
100
100
100
100
100
100
100
100
100
100
100
100
100
100
100
100
100
100
100
100
100
100
100
100
100
100
100
100
100
100
100
100
100
100
100
100
100
100
100
100
100
100
100
100
100
100
100
100
100
100
100
100
100
100
100
100
100
100
100
100
100
100
100
100
100
100
100
100
100
100
100
100
100
100
100
100
100
100
100
100
100
100
100
100
100
100
100
100
100
100
100
100
100
100
100
100
100
100
100
100
100
100
100
100
100
100
100
100
100
100
100
100
100
100
100
100
100
100
100
100
100
100
100
100
100
100
100
100
100
100
100
100
100
100
100
100
100
100
100
100
100
100
100
100
100
100
100
100
100
100
100
100
100
100
100
100
100
100
100
100
100
100
100
100
100
100
100
100
100
100
100
100
100
100
100
100
100
100
100
100
100
100
100
100
100
100
100
100
100
100
100
100
100
100
100
100
100
100
100
100
100
100
100
100
100
100
100
100
100
100
100
100
100
100
100
100
100
100
100
100
100
100
100
100
100
100
100
100
100
100
100
100
100
100
100
100
100
100
100
100
100
100
100
100
100
100
100
100
100
100
100
100
100
100
100
100
100
100
100
100
100
100
100
100
100
100
100
100
100
100
100
100
100
100
100
100
100
100
100
100
100
100
100
100
100
100
100
100
100
100
100
100
100
100
100
100
100
100
100
100
100
100
100
100
100
100
100
100
100
100
100
100
100
100
100
100
100
100
100
100
100
100
100
100
100
100
100
100
100
100
100
100
100
100
100
100
100
100
100
100
100
100
100
100
100
100
100
100
100
100
100
100
100
100
100
100
100
100
100
100
100
100
100
100
100
100
100
100
100
100
100
100
100
100
100
100
100
100
100
100
100
100
100
100
100
100
100
100
100
100
100
100
100
100
100
100
100
100
100
100
100
100
100
100
100
100
100
100
100
100
100
100
100
100
100
100
100
100
100
100
100
100
100
100
100
100
100
100
100
100
100
100
100
100
100
100
100
100
100
100
100
100
100
100
100
100
100
100
100
100
100
100
100
100
100
100
100
100
100
100
100
100
100
100
100
100
100
100
100
100
100
100
100
100
100
100
100
100
100
100
100
100
100
100
100
100
100
100
100
100
100
100
100
100
100
100
100
100
100
100
100
100
100
100
100
100
100
100
100
100
100
100
100
100
100
100
100
100
100
100
100
100
100
100
100
100
100
100
100
100
100
100
100
100
100
100
100
100
100
100
100
100
100
100
100
100
100
100
100
100
100
100
100
100
100
100
100
100
100
100
100
100
100
100
100
100
100
100
100
100
100
100
100
100
100
100
100
100
100
100
100
100
100
100
100
100
100
100
100
100
100
100
100
100
100
100
100
100
100
100
100
100
100
100
100
100
100
100
100
100
100
100
100
100
100
100
100
100
100
100
100
100
100
100
100
100
100
100
100
100
100
100
100
100
100
100
100
100
100
100
100
100
100
100
100
100
100
100
100
100
100
100
100
100
100
100
100
100
100
100
100
100
100
100
100
100
100
100
100
100
100
100
100
100
100
100
100
100
100
100
100
100
100
100
100
100
100
100
100
100
100
100
100
100
100
100
100
100
100
100
100
100
100
100
100
100
100
100
100
100
100
100
100
100
100
100
100
100
100
100
100
100
100
100
100
100
100
100
100
100
100
100
100
100
100
100
100
100
100
100
100
100
100
100
100
100
100
100
100
100
100
100
100
100
100
100
100
100
100
100
100
100
100
100
100
100
100
100
100
100
100
100
100
100
100
100
100
100
100
100
100
100
100
100
100
100
100
100
100
100
100
100
100
100
100
100
100
100
100
100
100
100
100
100
100
100
100
100
100
100
100
100
100
100
100
100
100
100
100
100
100
100
100
100
100
100
100
100
100
100
100
100
100
100
100
100
100
100
100
100
100
100
100
100
100
100
100
100
100
100
100
100
100
100
100
100
100
100
100
100
100
100
100
100
100
100
100
100
100
100
100
100
100
100
100
100
100
100
100
100
100
100
100
100
100
100
100
100
100
100
100
100
100
100
100
100
100
100
100
100
100
100
100
100
100
100
100
100
100
100
100
100
100
100
100
100
100
100
100
100
100
100
100
100
100
100
100
100
100
100
100
100
100
100
100
100
100
100
100
100
100
100
100
100
100
100
100
100
100
100
100
100
100
100
100
100
100
100
100
100
100
100
100
100
100
100
100
100
100
100
100
100
100
100
100
100
100
100
100
100
100
100
100
100
100
100
100
100
100
100
100
100
100
100
100
100
100
100
100
100
100
100
100
100
100
100
100
100
100
100
100
100
100
100
100
100
100
100
100
100
100
100
100
100
100
100
100
100
100
100
100
100
100
100
100
100
100
100
100
100
100
100
100
100
100
100
100
100
100
100
100
100
100
100
100
100
100
100
100
100
100
100
100
100
100
100
100
100
100
100
100
100
100
100
100
100
100
100
100
100
100
100
100
100
100
100
100
100
100
100
100
100
100
100
100
100
100
100
100
100
100
100
100
100
100
100
100
100
100
100
100
100
100
100
100
100
100
100
100
100
100
100
100
100
100
100
100
100
100
100
100
100
100
100
100
100
100
100
100
100
100
100
100
100
100
100
100
100
100
100
100
100
100
100
100
100
100
100
100
100
100
100
100
100
100
100
100
100
100
100
100
100
100
100
100
100
100
100
100
100
100
100
100
100
100
100
100
100
100
100
100
100
100
100
100
100
100
100
100
100
100
100
100
100
100
100
100
100
100
100
100
100
100
100
100
100
100
100
100
100
100
100
100
100
100
100
100
100
100
100
100
100
100
100
100
100
100
100
100
100
100
100
100
100
100
100
100
100
100
100
100
100
100
100
100
100
100
100
100
100
100
100
100
100
100
100
100
100
100
100
100
100
100
100
100
100
100
100
100
100
100
100
100
100
100
100
100
100
100
100
100
100
100
100
100
100
100
100
100
100
100
100
100
100
100
100
100
100
100
100
100
100
100
100
100
100
100
100
100
100
100
100
100
100
100
100
100
100
100
100
100
100
100
100
100
100
100
100
100
100
100
100
100
100
100
100
100
100
100
100
100
100
100
100
100
100
100
100
100
100
100
100
100
100
100
100
100
100
100
100
100
100
100
100
100
100
100
100
100
100
100
100
100
100
100
100
100
100
100
100
100
100
100
100
100
100
100
100
100
100
100
100
100
100
100
100
100
100
100
100
100
100
100
100
100
100
100
100
100
100
100
100
100
100
100
100
100
100
100
100
100
100
100
100
100
100
100
100
100
100
100
100
100
100
100
100
100
100
100
100
100
100
100
100
100
100
100
100
100
100
100
100
100
100
100
100
100
100
100
100
100
100
100
100
100
100
100
100
100
100
100
100
100
100
100
100
100
100
100
100
100
100
100
100
100
100
100
100
100
100
100
100
100
100
100
100
100
100
100
100
100
100
100
100
100
100
100
100
100
100
100
100
100
100
100
100
100
100
100
100
100
100
100
100
100
100
100
100
100
100
100
100
100
100
100
100
100
100
100
100
100
100
100
100
100
100
100
100
100
100
100
100
100
100
100
100
100
100
100
100
100
100
100
100
100
100
100
100
100
100
100
100
100
100
100
100
100
100
100
100
100
100
100
100
100
100
100
100
100
100
100
100
100
100
100
100
100
100
100
100
100
100
100
100
100
100
100
100
100
100
100
100
100
100
100
100
100
100
100
100
100
100
100
100
100
100
100
100
100
100
100
100
100
100
100
100
100
100
100
100
100
100
100
100
100
100
100
100
100
100
100
100
100
100
100
100
100
100
100
100
100
100
100
100
100
100
100
100
100
100
100
100
100
100
100
100
100
100
100
100
100
100
100
100
100
100
100
100
100
100
100
100
100
100
100
100
100
100
100
100
100
100
100
100
100
100
100
100
100
100
100
100
100
100
100
100
100
100
100
100
100
100
100
100
100
100
100
100
100
100
100
100
100
100
100
100
100
100
100
100
100
100
100
100
100
100
100
100
100
100
100
100
100
100
100
100
100
100
100
100
100
100
100
100
100
100
100
100
100
100
100
100
100
100
100
100
100
100
100
100
100
100
100
100
100
100
100
100
100
100
100
100
100
100
100
100
100
100
100
100
100
100
100
100
100
100
100
100
100
100
100
100
100
100
100
100
100
100
100
100
100
100
100
100
100
100
100
100
100
100
100
100
100
100
100
100
100
100
100
100
100
100
100
100
100
100
100
100
100
100
100
100
100
100
100
100
100
100
100
100
100
100
100
100
100
100
100
100
100
100
100
100
100
100
100
100
100
100
100
100
100
100
100
100
100
100
100
100
100
100
100
100
100
100
100
100
100
100
100
100
100
100
100
100
100
100
100
100
100
100
100
100
100
100
100
100
100
100
100
100
100
100
100
100
100
100
100
100
100
100
100
100
100
100
100
100
100
100
100
100
100
100
100
100
100
100
100
100
100
100
100
100
100
100
100
100
100
100
100
100
100
100
100
100
100
100
100
100
100
100
100
100
100
100
100
100
100
100
100
100
100
100
100
100
100
100
100
100
100
100
100
100
100
100
100
100
100
100
100
100
100
100
100
100
100
100
100
100
100
100
100
100
100
100
100
100
100
100
100
100
100
100
100
100
100
100
100
100
100
100
100
100
100
100
100
100
100
100
100
100
100
100
100
100
100
100
100
100
100
100
100
100
100
100
100
100
100
100
100
100
100
100
100
100
100
100
100
100
100
100
100
100
100
100
100
100
100
100
100
100
100
100
100
100
100
100
100
100
100
100
100
100
100
100
100
100
100
100
100
100
100
100
100
100
100
100
100
100
100
100
100
100
100
100
100
100
100
100
100
100
100
100
100
100
100
100
100
100
100
100
100
100
100
100
100
100
100
100
100
100
100
100
100
100
100
100
100
100
100
100
100
100
100
100
100
100
100
100
100
100
100
100
100
100
100
100
100
100
100
100
100
100
100
100
100
100
100
100
100
100
100
100
100
100
100
100
100
100
100
100
100
100
100
100
100
100
100
100
100
100
100
100
100
100
100
100
100
100
100
100
0
0
0
0
0
0
0
0
0
0
0
0
0
0
0
0
0
0
5.57418675018e-19
100
100
100
100
100
100
100
100
100
100
100
100
100
100
100
100
100
100
100
100
100
100
100
100
100
100
100
100
100
100
100
100
100
100
100
100
100
100
100
100
100
100
100
100
100
100
100
100
100
100
100
100
100
100
100
100
100
100
100
100
100
100
100
100
100
100
100
100
100
100
100
100
100
8.96833538289e-24
2.9784139648e-24
0
0
0
0
0
0
0
0
0
0
0
0
0
0
0
0
0
0
0
0
0
0
0
0
0
0
0
5.732177647e-18
100
100
100
100
100
100
100
100
100
100
100
100
100
100
100
100
100
100
100
100
100
100
100
100
100
100
100
100
100
100
100
100
100
100
100
100
100
100
100
100
100
100
100
100
100
100
100
100
100
100
100
100
100
100
100
100
100
100
100
100
100
100
100
100
100
100
0
0
0
0
0
0
0
0
0
0
0
0
0
0
0
0
0
0
0
0
0
0
0
0
0
0
0
0
0
0
0
0
0
0
100
100
100
100
100
100
100
100
100
100
100
100
100
100
100
100
100
100
100
100
100
100
100
100
100
100
100
100
100
100
100
100
100
100
100
100
100
100
100
100
100
100
100
100
100
100
100
100
100
100
100
100
100
100
100
100
100
100
100
100
100
100
0
0
0
0
0
0
0
0
0
0
0
0
0
0
0
0
0
0
0
0
0
0
0
0
0
0
0
0
0
0
0
0
0
0
0
0
0
0
100
100
100
100
100
100
100
100
100
100
100
100
100
100
100
100
100
100
100
100
100
100
100
100
100
100
100
100
100
100
100
100
100
100
100
100
100
100
100
100
100
100
100
100
100
100
100
100
100
100
100
100
100
100
100
100
100
100
0
0
0
0
0
0
0
0
0
0
0
0
0
0
0
0
0
0
0
0
0
0
0
0
0
0
0
0
0
0
0
0
0
0
0
0
0
0
0
0
0
100
100
100
100
100
100
100
100
100
100
100
100
100
100
100
100
100
100
100
100
100
100
100
100
100
100
100
100
100
100
100
100
100
100
100
100
100
100
100
100
100
100
100
100
100
100
100
100
100
100
100
100
100
100
100
0
0
0
0
0
0
0
0
0
0
0
0
0
0
0
0
0
0
0
0
0
0
0
0
0
0
0
0
0
0
0
0
0
0
0
0
0
0
0
0
0
0
4.87261099157e-22
1.44593655043e-21
100
100
100
100
100
100
100
100
100
100
100
100
100
100
100
100
100
100
100
100
100
100
100
100
100
100
100
100
100
100
100
100
100
100
100
100
100
100
100
100
100
100
100
100
100
100
100
100
100
100
100
100
0
0
0
0
0
0
0
0
0
0
0
0
0
0
0
0
0
0
0
0
0
0
0
0
0
0
0
0
0
0
0
0
0
0
0
0
0
0
0
0
0
0
0
2.6798653024e-21
2.75564798712e-20
2.30411283939e-19
7.7999795471e-18
100
100
100
100
100
100
100
100
100
100
100
100
100
100
100
100
100
100
100
100
100
100
100
100
100
100
100
100
100
100
100
100
100
100
100
100
100
100
100
100
100
100
100
100
100
100
100
100
100
0
0
0
0
0
0
0
0
0
0
0
0
0
0
0
0
0
0
0
0
0
0
0
0
0
0
0
0
0
0
0
0
0
0
0
0
0
0
0
0
0
0
0
0
0
2.15947588323e-21
1.04595008124e-20
1.35954369862e-19
2.60458184717e-18
100
100
100
100
100
100
100
100
100
100
100
100
100
100
100
100
100
100
100
100
100
100
99.9999999999
99.9999999998
99.9999999997
99.9999999997
99.9999999997
99.9999999998
99.9999999999
100
100
100
100
100
100
100
100
100
100
100
100
100
100
100
100
100
100
0
0
0
0
0
0
0
0
0
0
0
0
0
0
0
0
0
0
0
0
0
0
0
0
0
0
0
0
0
0
0
0
0
0
0
0
0
0
0
0
0
0
0
0
0
0
0
5.29908201654e-22
6.0851603628e-21
2.97460096798e-20
2.60461545244e-18
100
100
100
100
100
100
100
100
100
100
100
100
100
100
100
99.9999999999
99.999999999
99.9999996525
99.9998930032
99.999487747
99.9987295765
99.998063674
99.9977868609
99.9978485267
99.9982573066
99.9991664752
99.9999283592
99.9999999474
99.9999999982
99.9999999996
100
100
100
100
100
100
100
100
100
100
100
100
100
100
100
0
0
0
0
0
0
0
0
0
0
0
0
0
0
0
0
0
0
0
0
0
0
0
0
0
0
0
0
0
0
0
0
0
0
0
0
0
0
0
0
0
0
0
0
0
0
0
0
7.88271680675e-23
2.05176759199e-21
6.14901036893e-21
8.51139011442e-20
6.28119438322e-18
100
100
100
100
100
100
100
100
100
100
100
99.9999999994
99.9998609915
99.9931493657
7.2147714614e-20
6.95700043747e-20
6.96026672551e-20
6.93789157266e-20
6.66710702875e-20
6.26632194316e-20
5.75333161345e-20
5.19880963366e-20
4.43814848169e-20
4.19971934632e-20
3.66284763522e-20
98.4247123523
99.9939899481
99.9993149032
99.9999998016
99.9999999967
99.9999999997
100
100
100
100
100
100
100
100
100
100
100
100
0
0
0
0
0
0
0
0
0
0
0
0
0
0
0
0
0
0
0
0
0
0
0
0
0
0
0
0
0
0
0
0
0
0
0
0
0
0
0
0
0
0
0
0
0
0
0
0
0
7.09444512608e-23
9.53550465535e-22
3.14029321437e-21
1.06293982524e-20
3.79337937934e-19
99.9999999978
100
100
100
100
100
100
100
99.9999999997
99.9995598587
8.02551976208e-20
8.0227977355e-20
7.32846211946e-20
7.21779593537e-20
7.07231254169e-20
6.95989749725e-20
6.96860403551e-20
6.72489794599e-20
6.45227385218e-20
6.03675168511e-20
5.40343029041e-20
4.71883525363e-20
3.88177204793e-20
3.56971079648e-20
1.69944824471e-20
0
0
97.7471600455
99.9931560319
99.9999401614
99.9999999925
99.9999999996
100
100
100
100
100
100
100
100
100
100
0
0
0
0
0
0
0
0
0
0
0
0
0
0
0
0
0
0
0
0
0
0
0
0
0
0
0
0
0
0
0
0
0
0
0
0
0
0
0
0
0
0
0
0
0
0
0
0
0
0
6.38500061347e-23
1.69897439975e-22
2.2427270988e-21
5.53410933204e-21
2.78481930418e-20
1.53795748652e-18
100
100
100
100
100
99.9999940926
8.92241603058e-20
8.02551976208e-20
8.02551976208e-20
8.02551976208e-20
8.02551976208e-20
7.79567200993e-20
7.18487485641e-20
7.04326577988e-20
6.99624525207e-20
6.7769097715e-20
6.53154808707e-20
6.15757813671e-20
5.58758888148e-20
4.71883525363e-20
3.77974741169e-20
3.2965628717e-20
1.69944824471e-20
0
0
0
0
96.5663161797
99.991182916
99.9999481401
99.9999999951
100
100
100
100
100
100
100
100
100
0
0
0
0
0
0
0
0
0
0
0
0
0
0
0
0
0
0
0
0
0
0
0
0
0
0
0
0
0
0
0
0
0
0
0
0
0
0
0
0
0
0
0
0
0
0
0
0
0
0
0
9.10702719079e-23
1.52907695978e-22
1.74334080242e-21
3.99247371403e-21
1.32046771365e-20
1.74127294058e-19
7.91588798358e-18
100
99.9999999998
1.0705587851e-19
9.91624541346e-20
8.92241603058e-20
8.92241603058e-20
8.027969586e-20
8.02137096376e-20
8.01676118785e-20
8.00790529613e-20
7.98614273805e-20
7.46435621925e-20
7.01683260861e-20
6.82372041447e-20
6.5711779802e-20
6.15757813671e-20
5.75333161345e-20
4.97145334838e-20
4.12627429063e-20
3.77190838466e-20
2.42394986483e-20
0
0
0
0
0
0
99.3378460441
99.9987269688
99.9999999483
99.9999999995
100
100
100
100
100
100
100
0
0
0
0
0
0
0
0
0
0
0
0
0
0
0
0
0
0
0
0
0
0
0
0
0
0
0
0
0
0
0
0
0
0
0
0
0
0
0
0
0
0
0
0
0
0
0
0
0
0
0
2.44982391959e-23
8.19632447171e-23
1.3761692638e-22
1.47629900664e-21
3.21406013462e-21
7.72898775222e-21
8.92462087211e-20
1.36129325974e-19
1.22496549802e-19
1.10227051248e-19
9.91845025498e-20
8.92462087211e-20
8.9167381553e-20
8.30241536346e-20
8.01547709328e-20
8.01547709328e-20
8.00553523945e-20
7.98886476463e-20
7.96274606572e-20
7.83250914772e-20
7.37463478914e-20
6.65811144631e-20
6.26632194316e-20
5.75333161345e-20
4.97145334838e-20
4.12627429063e-20
3.77190838466e-20
2.42394986483e-20
0
0
0
0
0
0
0
91.6694713322
99.9868289997
99.9999596123
99.9999999977
100
100
100
100
100
100
0
0
0
0
0
0
0
0
0
0
0
0
0
0
0
0
0
0
0
0
0
0
0
0
0
0
0
0
0
0
0
0
0
0
0
0
0
0
0
0
0
0
0
0
0
0
0
0
0
0
0
0
4.65466544722e-23
7.37669202454e-23
3.12563869873e-22
1.27522026585e-21
2.5067023246e-21
5.04013174856e-21
7.22715698477e-20
1.22516393376e-19
1.10156106797e-19
9.91135580986e-20
8.91337762867e-20
8.91337762867e-20
8.91337762867e-20
8.01432140817e-20
8.00699459341e-20
8.00130351204e-20
7.98014736593e-20
7.95938553909e-20
7.83187064766e-20
7.63174668857e-20
7.40789669861e-20
7.07132374329e-20
6.19254961092e-20
4.97145334838e-20
4.12627429063e-20
3.77190838466e-20
1.74942211485e-20
0
0
0
0
0
0
0
0
26.4676604436
99.9208949891
99.9998169727
99.9999999947
100
100
100
100
100
0
0
0
0
0
0
0
0
0
0
0
0
0
0
0
0
0
0
0
0
0
0
0
0
0
0
0
0
0
0
0
0
0
0
0
0
0
0
0
0
0
0
0
0
0
0
0
0
0
0
0
0
4.65466544722e-23
4.65466544722e-23
4.65466544722e-23
5.00043567617e-22
1.31091685895e-21
2.20792813602e-21
3.93317651205e-21
7.22077198416e-20
1.10145705631e-19
9.91031569326e-20
8.91648631039e-20
8.91450195301e-20
8.91035315469e-20
8.90574337878e-20
8.00617496096e-20
7.98492958793e-20
7.97712289195e-20
7.95881088903e-20
7.80396907877e-20
7.63446871515e-20
7.40789669861e-20
7.07132374329e-20
6.55833341358e-20
5.77645514851e-20
4.84349535969e-20
3.77190838466e-20
8.05001800127e-21
0
0
0
0
0
0
0
0
0
0
99.8095168967
99.9995728596
99.9999999936
100
100
100
100
0
0
0
0
0
0
0
0
0
0
0
0
0
0
0
0
0
0
0
0
0
0
0
0
0
0
0
0
0
0
0
0
0
0
0
0
0
0
0
0
0
0
0
0
0
0
0
0
0
0
0
0
2.20484152763e-23
4.65466544722e-23
6.63902282209e-23
6.63902282209e-23
5.18921060948e-22
1.32518457637e-21
1.96927610604e-21
2.80158384925e-21
8.02305175771e-20
9.91132758517e-20
1.42770592379e-19
8.91376428381e-20
8.90961548549e-20
8.90763112811e-20
8.87674323286e-20
8.87105215149e-20
7.96793160026e-20
7.94810211539e-20
7.80641890269e-20
7.63144424117e-20
7.41061872518e-20
7.07132374329e-20
6.39259068161e-20
5.77645514851e-20
4.93127609076e-20
3.70442437627e-20
0
0
0
0
0
0
0
0
0
0
0
0.408515131657
99.7610266353
99.9994495625
100
100
100
100
0
0
0
0
0
0
0
0
0
0
0
0
0
0
0
0
0
0
0
0
0
0
0
0
0
0
0
0
0
0
0
0
0
0
0
0
0
0
0
0
0
0
0
0
0
0
0
0
0
0
0
0
0
0
2.20484152763e-23
6.63902282209e-23
6.63902282209e-23
6.56788006881e-22
1.36252376124e-21
1.74538225187e-21
1.68942291129e-20
100
100
100
100
100
100
100
100
100
8.67050210414e-20
7.7037838814e-20
7.33927191378e-20
6.96257993684e-20
6.39259068161e-20
5.52383705376e-20
4.58474921182e-20
4.19100931629e-20
0
0
0
0
0
0
0
0
0
0
0
3.23735874658e-20
81.1645259568
99.8221380198
99.9995357694
100
100
100
0
0
0
0
0
0
0
0
0
0
0
0
0
0
0
0
0
0
0
0
0
0
0
0
0
0
0
0
0
0
0
0
0
0
0
0
0
0
0
0
0
0
0
0
0
0
0
0
0
0
0
0
0
0
0
2.20484152763e-23
4.65466544722e-23
9.36104939941e-23
6.84008272655e-22
1.16196595668e-21
1.50653859825e-21
4.72648888601e-20
100
100
100
100
100
100
100
100
100
8.47880784014e-20
8.23344615571e-20
7.73619992982e-20
6.81993844548e-20
5.24315028181e-20
4.19971934632e-20
3.66284763522e-20
0
0
0
0
0
0
0
0
0
0
0
1.90602880324e-20
7.0044345343e-19
98.3307255197
99.9525350686
100
100
99.9999794432
0
0
0
0
0
0
0
0
0
0
0
0
0
0
0
0
0
0
0
0
0
0
0
0
0
0
0
0
0
0
0
0
0
0
0
0
0
0
0
0
0
0
0
0
0
0
0
0
0
0
0
0
0
0
0
0
0
9.10702719079e-23
2.16444094448e-22
6.02077434457e-22
2.89707366079e-21
1.25483252384e-20
6.97745167444e-20
100
100
100
100
100
100
100
100
100
8.15172209689e-20
7.60439814085e-20
6.89825787837e-20
5.33870238983e-20
3.77190838466e-20
3.32991188573e-20
0
0
0
0
0
0
0
0
0
0
0
0
8.25838838346e-19
91.4553551632
99.7979617452
100
100
0.048955190093
0
0
0
0
0
0
0
0
0
0
0
0
0
0
0
0
0
0
0
0
0
0
0
0
0
0
0
0
0
0
0
0
0
0
0
0
0
0
0
0
0
0
0
0
0
0
0
0
0
0
0
0
0
0
0
0
0
0
1.69897439975e-22
2.67214931417e-22
2.17399202742e-21
8.86454496742e-21
3.17010153672e-20
1.53523174924e-18
100
100
100
100
100
100
100
100
100
7.45277985816e-20
6.41828349834e-20
5.4791956564e-20
4.19100931629e-20
0
0
0
0
0
0
0
0
0
0
0
0
4.08967452502e-20
1.33786129817e-18
90.2741592205
99.7843831334
100
100
29.4238641829
0
0
0
0
0
0
0
0
0
0
0
0
0
0
0
0
0
0
0
0
0
0
0
0
0
0
0
0
0
0
0
0
0
0
0
0
0
0
0
0
0
0
0
0
0
0
0
0
0
0
0
0
0
0
0
0
0
0
0
1.12432434454e-22
2.39994665644e-22
6.4605312793e-21
1.48401922263e-20
6.87869093881e-20
8.33484149741e-16
100
100
100
100
100
100
100
100
100
6.1375967264e-20
5.09416579091e-20
4.0698307058e-20
0
0
0
0
0
0
0
0
0
0
0
0
9.01911263918e-20
1.84527758719e-18
94.4235669982
99.9304417487
100
100
98.1005797993
0
0
0
0
0
0
0
0
0
0
0
0
0
0
0
0
0
0
0
0
0
0
0
0
0
0
0
0
0
0
0
0
0
0
0
0
0
0
0
0
0
0
0
0
0
0
0
0
0
0
0
0
0
0
0
0
0
0
0
0
0
3.94944942948e-21
1.04455315064e-20
3.86805707338e-20
6.57684183036e-19
100
100
100
100
100
100
100
100
100
5.4791956564e-20
4.65505035858e-20
1.41598863511e-20
0
0
0
0
0
0
0
0
0
0
2.44102171736e-20
3.95381933252e-20
1.28708611683e-19
3.31304464067e-18
99.6567393083
99.9997084763
100
100
100
0
0
0
0
0
0
0
0
0
0
0
0
0
0
0
0
0
0
0
0
0
0
0
0
0
0
0
0
0
0
0
0
0
0
0
0
0
0
0
0
0
0
0
0
0
0
0
0
0
0
0
0
0
0
0
0
0
0
0
0
0
0
7.78216473624e-21
1.32146765558e-20
8.92041361913e-20
4.05614826936e-16
100
100
100
100
100
100
100
100
5.66216856949e-20
3.4177792477e-20
0
0
0
0
0
0
0
0
0
0
0
5.04651358745e-20
1.56945826878e-19
2.19123856954e-19
92.8185842516
99.9845801532
100
100
100
100
0
0
0
0
0
0
0
0
0
0
0
0
0
0
0
0
0
0
0
0
0
0
0
0
0
0
0
0
0
0
0
0
0
0
0
0
0
0
0
0
0
0
0
0
0
0
0
0
0
0
0
0
0
0
0
0
0
0
0
0
0
0
0
1.04884356177e-20
7.40789669861e-20
1.3973714543e-18
100
100
100
100
100
100
100
100
4.07181506318e-20
0
0
0
0
0
0
0
0
0
0
0
0
6.75203196131e-20
4.27189791114e-19
2.12948641219e-18
99.9436188786
100
100
100
100
100
0
0
0
0
0
0
0
0
0
0
0
0
0
0
0
0
0
0
0
0
0
0
0
0
0
0
0
0
0
0
0
0
0
0
0
0
0
0
0
0
0
0
0
0
0
0
0
0
0
0
0
0
0
0
0
0
0
0
0
0
0
0
0
1.0675123095e-20
6.45227385218e-20
3.96078532891e-19
100
100
100
100
100
100
100
100
1.98435737487e-23
0
0
0
0
0
0
0
0
0
0
0
0
1.52819031964e-19
1.83791254371e-18
99.716373774
99.9999248158
100
100
100
100
100
0
0
0
0
0
0
0
0
0
0
0
0
0
0
0
0
0
0
0
0
0
0
0
0
0
0
0
0
0
0
0
0
0
0
0
0
0
0
0
0
0
0
0
0
0
0
0
0
0
0
0
0
0
0
0
0
0
0
0
0
0
0
0
1.65742731966e-21
4.30292255265e-20
1.15560304399e-19
100
100
100
100
100
100
100
100
0
1.78592163738e-23
0
0
0
0
0
0
0
0
0
0
0
4.78285639057e-19
91.8400378666
99.9987515275
100
100
100
100
100
100
0
0
0
0
0
0
0
0
0
0
0
0
0
0
0
0
0
0
0
0
0
0
0
0
0
0
0
0
0
0
0
0
0
0
0
0
0
0
0
0
0
0
0
0
0
0
0
0
0
0
0
0
0
0
0
0
0
0
0
0
0
0
0
0
3.19067155218e-20
1.13886737218e-19
100
100
100
100
100
100
100
99.9999999998
0
1.78592163738e-23
1.78592163738e-23
0
0
0
0
0
0
0
2.72202657732e-23
5.74650055212e-23
5.72252351496e-20
3.27667197876e-18
99.9924132311
100
100
100
100
100
100
100
0
0
0
0
0
0
0
0
0
0
0
0
0
0
0
0
0
0
0
0
0
0
0
0
0
0
0
0
0
0
0
0
0
0
0
0
0
0
0
0
0
0
0
0
0
0
0
0
0
0
0
0
0
0
0
0
0
0
0
0
0
0
0
0
3.26177054187e-20
1.1290804296e-19
100
100
100
100
100
100
100
0
0
0
1.78592163738e-23
0
0
0
0
2.20484152763e-23
2.20484152763e-23
4.65466544722e-23
5.17185049691e-23
1.15568511104e-22
3.85278687114e-19
99.9823035655
100
100
100
100
100
100
100
100
0
0
0
0
0
0
0
0
0
0
0
0
0
0
0
0
0
0
0
0
0
0
0
0
0
0
0
0
0
0
0
0
0
0
0
0
0
0
0
0
0
0
0
0
0
0
0
0
0
0
0
0
0
0
0
0
0
0
0
0
0
0
0
0
3.23541024315e-20
9.83428418256e-20
100
100
100
100
100
100
0
0
0
0
0
1.60732947364e-23
1.78592163738e-23
1.78592163738e-23
1.98435737487e-23
4.1891989025e-23
4.1891989025e-23
4.65466544722e-23
7.37669202454e-23
1.05050486922e-19
99.9781525499
100
100
100
100
100
100
100
100
100
0
0
0
0
0
0
0
0
0
0
0
0
0
0
0
0
0
0
0
0
0
0
0
0
0
0
0
0
0
0
0
0
0
0
0
0
0
0
0
0
0
0
0
0
0
0
0
0
0
0
0
0
0
0
0
0
0
0
0
0
0
0
0
0
3.05524579157e-20
9.38512137893e-20
100
100
100
100
100
0
0
0
0
0
0
1.60732947364e-23
1.60732947364e-23
1.78592163738e-23
1.78592163738e-23
1.98435737487e-23
4.1891989025e-23
6.63902282209e-23
1.94008559822e-20
99.985665888
100
100
100
100
100
100
100
100
100
100
0
0
0
0
0
0
0
0
0
0
0
0
0
0
0
0
0
0
0
0
0
0
0
0
0
0
0
0
0
0
0
0
0
0
0
0
0
0
0
0
0
0
0
0
0
0
0
0
0
0
0
0
0
0
0
0
0
0
0
0
0
0
0
0
0
1.13592133183e-19
100
100
100
100
0
0
0
0
0
0
0
1.60732947364e-23
1.60732947364e-23
1.60732947364e-23
1.78592163738e-23
3.77027901225e-23
4.1891989025e-23
1.29777921247e-20
99.9938397377
100
100
100
100
100
100
100
100
100
100
100
0
0
0
0
0
0
0
0
0
0
0
0
0
0
0
0
0
0
0
0
0
0
0
0
0
0
0
0
0
0
0
0
0
0
0
0
0
0
0
0
0
0
0
0
0
0
0
0
0
0
0
0
0
0
0
0
0
0
0
0
0
0
0
0
0
1.33653190761e-19
100
100
100
0
0
0
0
0
0
0
0
1.60732947364e-23
1.60732947364e-23
1.60732947364e-23
3.39325111102e-23
3.77027901225e-23
1.16534282664e-20
99.998431576
100
100
100
100
100
100
100
100
100
100
100
100
0
0
0
0
0
0
0
0
0
0
0
0
0
0
0
0
0
0
0
0
0
0
0
0
0
0
0
0
0
0
0
0
0
0
0
0
0
0
0
0
0
0
0
0
0
0
0
0
0
0
0
0
0
0
0
0
0
0
0
0
0
0
0
0
0
7.76431304817e-20
100
100
0
0
0
0
0
0
0
0
0
0
1.60732947364e-23
4.63180344845e-23
1.35121702119e-22
1.64009082755e-20
99.9996578696
100
100
100
100
100
100
100
100
100
100
100
100
100
8.96833538289e-24
0
0
0
0
0
0
0
0
0
0
0
0
0
0
0
0
0
0
0
0
0
0
0
0
0
0
0
0
0
0
0
0
0
0
0
0
0
0
0
0
0
0
0
0
0
0
0
0
0
0
0
0
0
0
0
0
0
0
0
0
0
0
0
0
0
100
0
0
0
0
0
0
0
0
0
0
5.17185049691e-23
8.80042655205e-23
8.80042655205e-23
7.23572750168e-20
99.9999470335
100
100
100
100
100
100
100
100
100
100
100
100
100
100
100
100
5.1742084373e-23
0
0
0
0
0
0
0
0
0
0
0
0
0
0
0
0
0
0
0
0
0
0
0
0
0
0
0
0
0
0
0
0
0
0
0
0
0
0
0
0
0
0
0
0
0
0
0
0
0
0
0
0
0
0
0
0
0
0
0
0
0
0
0
0
0
0
0
0
0
0
0
0
0
0
1.04011659993e-22
1.82980547182e-20
99.9991793857
99.9999999976
100
100
100
100
100
100
100
100
100
100
100
100
100
100
100
100
100
100
100
100
0
0
0
0
0
0
0
0
0
0
0
0
0
0
0
0
0
0
0
0
0
0
0
0
0
0
0
0
0
0
0
0
0
0
0
0
0
0
0
0
0
0
0
0
0
0
0
0
0
0
0
0
0
0
0
0
0
0
0
0
0
0
0
0
0
0
0
0
0
0
2.96690658453e-20
5.09416579091e-20
7.87217249463e-20
99.9999478479
99.9999999999
100
100
100
100
100
100
100
100
100
100
100
100
100
100
100
100
100
100
100
100
100
100
2.81265587347e-13
0
0
0
0
0
0
0
0
0
0
0
0
0
0
0
0
0
0
0
0
0
0
0
0
0
0
0
0
0
0
0
0
0
0
0
0
0
0
0
0
0
0
0
0
0
0
0
0
0
0
0
0
0
0
0
0
0
0
0
0
0
0
0
0
0
8.12115260233e-20
1.2077132736e-19
1.69282048828e-19
1.83995413145e-19
99.9998609915
99.9999999989
100
100
100
100
100
100
100
100
100
100
100
100
100
100
100
100
100
100
100
100
100
100
100
4.22160388455e-14
4.41140089705e-18
1.12126255036e-18
2.41141465778e-22
0
0
0
0
0
0
0
0
0
0
0
0
0
0
0
0
0
0
0
0
0
0
0
0
0
0
0
0
0
0
0
0
0
0
0
0
0
0
0
0
0
0
0
0
0
0
0
0
0
0
0
0
0
0
0
0
0
0
0
0
0
0
1.27284855365e-19
2.18284715047e-19
2.13743638868e-19
99.999764588
99.9999999973
100
100
100
100
100
100
100
100
100
100
100
100
100
100
100
100
100
100
100
100
100
100
100
100
2.20926176874e-15
1.09788649211e-18
3.11420233733e-20
2.04116259728e-20
3.45758098241e-20
1.19877339623e-20
1.00322739331e-22
0
0
0
0
0
0
0
0
0
0
0
0
0
0
0
0
0
0
0
0
0
0
0
0
0
0
0
0
0
0
0
0
0
0
0
0
0
0
0
0
0
0
0
0
0
0
0
0
0
0
0
0
0
0
0
0
0
0
0
0
1.95582838912e-19
99.9996411949
99.9999999954
99.9999999999
100
100
100
100
100
100
100
100
100
100
100
100
100
100
100
100
100
100
100
100
100
100
100
100
8.00509492218e-16
4.27506133862e-20
2.52209533165e-20
2.26902327958e-20
1.83654194054e-20
1.8359814994e-20
1.64973951262e-20
2.03671544768e-20
5.72408951011e-22
0
0
0
0
0
0
0
0
0
0
0
0
0
0
0
0
0
0
0
0
0
0
0
0
0
0
0
0
0
0
0
0
0
0
0
0
0
0
0
0
0
0
0
0
0
0
0
0
0
0
0
0
0
0
0
0
0
0
0
99.9999401614
99.9999999998
100
100
100
100
100
100
100
100
100
100
100
100
100
100
100
100
100
100
100
100
100
100
100
100
99.9999999978
2.68567995029e-16
3.84788613964e-20
2.52313266952e-20
1.83779813627e-20
1.65288774648e-20
1.48714501452e-20
1.4866406175e-20
1.20134548969e-20
1.0788960566e-20
1.64793619986e-20
5.07098886423e-21
0
0
0
0
0
0
0
0
0
0
0
0
0
0
0
0
0
0
0
0
0
0
0
0
0
0
0
0
0
0
0
0
0
0
0
0
0
0
0
0
0
0
0
0
0
0
0
0
0
0
0
0
0
0
0
0
0
99.9999646659
99.9999999999
100
100
100
100
100
100
100
100
100
100
100
100
100
100
100
100
100
100
100
100
100
100
100
100
1.87102118343e-14
7.28895374506e-17
2.80445520415e-20
2.04379405218e-20
1.70849222697e-20
1.48789681323e-20
1.33843051306e-20
1.20372494285e-20
1.08239409423e-20
1.08121094073e-20
9.71006450944e-21
1.0788960566e-20
1.33302500912e-20
1.19379855077e-20
1.52907695978e-22
0
0
0
0
0
0
0
0
0
0
0
0
0
0
0
0
0
0
0
0
0
0
0
0
0
0
0
0
0
0
0
0
0
0
0
0
0
0
0
0
0
0
0
0
0
0
0
0
0
0
0
0
0
0
99.9999478987
99.9999999999
100
100
100
100
100
100
100
100
100
100
100
100
100
100
100
100
100
100
100
100
100
100
100
100
100
1.16718828558e-17
1.83917339543e-20
1.65501480435e-20
1.48927207239e-20
1.33973590819e-20
1.20055763741e-20
1.08335244857e-20
9.74154684807e-21
9.73650287786e-21
8.75220420854e-21
8.73905805849e-21
9.71006450944e-21
9.70152250161e-21
1.19771882736e-20
1.47721862244e-20
2.67214931417e-22
0
0
0
0
0
0
0
0
0
0
0
0
0
0
0
0
0
0
0
0
0
0
0
0
0
0
0
0
0
0
0
0
0
0
0
0
0
0
0
0
0
0
0
0
0
0
0
0
0
0
0
0
0
99.9999999998
100
100
100
100
100
100
100
100
100
100
100
100
100
100
100
100
100
100
100
100
100
100
100
100
100
100
1.34034486515e-20
1.34010361362e-20
1.20585200072e-20
1.08502554912e-20
9.7591403725e-21
8.77037057722e-21
8.76739216326e-21
7.88202775789e-21
7.87698378769e-21
7.87698378769e-21
7.8582332263e-21
7.85054541926e-21
8.73137025145e-21
9.70152250161e-21
1.33079869707e-20
3.10266861578e-20
3.60139716806e-22
0
0
0
0
0
0
0
0
0
0
0
0
0
0
0
0
0
0
0
0
0
0
0
0
0
0
0
0
0
0
0
0
0
0
0
0
0
0
0
0
0
0
0
0
0
0
0
0
0
0
0
99.9999563777
100
100
100
100
100
100
100
100
100
100
100
100
100
100
100
100
100
100
100
100
100
100
100
100
100
100
100
9.76522994208e-21
9.76281742677e-21
8.78412316878e-21
8.78044611451e-21
7.89962128232e-21
7.18956472902e-21
7.09680339606e-21
7.08928540892e-21
6.37581729484e-21
6.37077332464e-21
6.3589417896e-21
7.06549087733e-21
7.05780307029e-21
7.85054541926e-21
1.07794694462e-20
3.51755588252e-19
1.36149169547e-19
3.29894977058e-22
0
0
0
0
0
0
0
0
0
0
0
0
0
0
0
0
0
0
0
0
0
0
0
0
0
0
0
0
0
0
0
0
0
0
0
0
0
0
0
0
0
0
0
0
0
0
0
0
0
0
99.9999999996
100
100
100
100
100
100
100
100
100
100
100
100
100
100
100
100
100
100
100
100
100
100
100
100
100
100
100
7.39277172598e-21
7.10687893335e-21
7.10687893335e-21
7.10687893335e-21
6.39010147042e-21
6.38333528199e-21
5.74121397932e-21
5.73369599218e-21
5.73369599218e-21
5.72865202197e-21
5.72304761064e-21
5.71682048693e-21
2.72611676165e-15
9.65732652019e-15
3.74132387238e-15
1.15628082906e-16
6.7236093623e-18
3.23423102312e-19
0
0
0
0
0
0
0
0
0
0
0
0
0
0
0
0
0
0
0
0
0
0
0
0
0
0
0
0
0
0
0
0
0
0
0
0
0
0
0
0
0
0
0
0
0
0
0
0
0
0
100
100
100
100
100
100
100
100
100
100
100
100
100
100
100
100
100
100
100
100
100
100
100
100
100
100
100
100
6.23559930948e-21
5.75128951661e-21
5.75128951661e-21
5.74798016776e-21
5.74389455189e-21
5.16330480692e-21
5.16330480692e-21
5.15578681978e-21
4.63566856462e-21
4.63062459441e-21
4.63062459441e-21
7.94223513895e-14
1.13884356896e-08
1.63893531139e-07
2.67134678873e-09
1.34528892701e-13
2.45488361727e-15
4.47965719779e-17
8.91996620666e-20
0
0
0
0
0
0
0
0
0
0
0
0
0
0
0
0
0
0
0
0
0
0
0
0
0
0
0
0
0
0
0
0
0
0
0
0
0
0
0
0
0
0
0
0
0
0
0
0
0
100
100
100
100
100
100
100
100
100
100
100
100
100
100
100
100
100
100
100
100
100
100
100
100
100
100
100
100
5.17248351067e-21
5.17338034421e-21
5.17007099536e-21
4.6499527402e-21
4.64586712433e-21
4.64318655176e-21
4.17508012212e-21
4.16756213497e-21
4.16756213497e-21
4.16251816477e-21
4.16251816477e-21
1.03142723831e-06
100
100
100
5.46315165647e-05
1.41843206003e-11
1.3248013797e-14
7.586347772e-17
5.25137207089e-20
0
0
0
0
0
0
0
0
0
0
0
0
0
0
0
0
0
0
0
0
0
0
0
0
0
0
0
0
0
0
0
0
0
0
0
0
0
0
0
0
0
0
0
0
0
0
0
0.000525741114595
100
100
100
100
100
100
100
100
100
100
100
100
100
100
100
100
100
100
100
100
100
100
100
100
100
100
100
100
4.18425882586e-21
4.18184631055e-21
4.18184631055e-21
4.18184631055e-21
4.17776069469e-21
3.75378433544e-21
3.75080592148e-21
3.74626634829e-21
3.74626634829e-21
3.74122237809e-21
3.74626634829e-21
0.000101337161781
100
100
100
100
100
1.89235569966e-10
1.52857921651e-14
3.62851485089e-17
2.52148613629e-20
0
0
0
0
0
0
0
0
0
0
0
0
0
0
0
0
0
0
0
0
0
0
0
0
0
0
0
0
0
0
0
0
0
0
0
0
0
0
0
0
0
0
0
0
0
0
99.9990883309
100
100
100
100
100
100
100
100
100
100
100
100
100
100
100
100
100
100
100
100
100
100
100
100
100
100
100
100
3.76296303918e-21
3.76055052387e-21
3.76055052387e-21
3.76055052387e-21
3.46768661594e-21
3.37461812743e-21
3.37163971346e-21
3.36710014028e-21
3.02585055307e-21
3.02585055307e-21
3.02585055307e-21
3.02585055307e-21
100
100
100
100
100
100
6.75598991831e-11
3.36376037412e-15
3.57300488961e-18
7.40158086392e-21
0
0
0
0
0
0
0
0
0
0
0
0
0
0
0
0
0
0
0
0
0
0
0
0
0
0
0
0
0
0
0
0
0
0
0
0
0
0
0
0
0
0
0
0
0
99.9999768173
100
100
100
100
100
100
100
100
100
100
100
100
100
100
100
100
100
100
100
100
100
100
100
100
100
100
100
100
3.38379683117e-21
3.38138431586e-21
3.38138431586e-21
3.30156616033e-21
3.03336854022e-21
3.03336854022e-21
3.03039012625e-21
2.83161236881e-21
2.71872592458e-21
2.71872592458e-21
2.71872592458e-21
2.72326549776e-21
2.72326549776e-21
100
100
100
100
100
100
1.11691447904e-12
2.94430404574e-16
1.38397704802e-18
0
0
0
0
0
0
0
0
0
0
0
0
0
0
0
0
0
0
0
0
0
0
0
0
0
0
0
0
0
0
0
0
0
0
0
0
0
0
0
0
0
0
0
0
0
99.9999999988
100
100
100
100
100
100
100
100
100
100
100
100
100
100
100
100
100
100
100
100
100
100
100
100
100
100
100
100
3.04254724396e-21
3.04013472865e-21
3.04013472865e-21
2.82018781038e-21
2.72624391173e-21
2.72326549776e-21
2.72326549776e-21
2.44231375894e-21
2.44231375894e-21
2.44231375894e-21
2.44685333212e-21
2.44685333212e-21
2.44685333212e-21
2.44685333212e-21
100
100
100
100
100
1.59136137831e-05
2.22823700949e-14
2.60484102177e-18
1.09461697359e-19
0
0
0
0
0
0
0
0
0
0
0
0
0
0
0
0
0
0
0
0
0
0
0
0
0
0
0
0
0
0
0
0
0
0
0
0
0
0
0
0
0
0
0
0
99.9999999999
100
100
100
100
100
100
100
100
100
100
100
100
100
100
100
100
100
100
100
100
100
100
100
100
100
100
100
100
2.73542261547e-21
2.73301010016e-21
2.73301010016e-21
2.56287842161e-21
2.44983174609e-21
2.44685333212e-21
2.44685333212e-21
2.19354280987e-21
2.19354280987e-21
2.19808238305e-21
2.19808238305e-21
1.97418852888e-21
1.97418852888e-21
1.97418852888e-21
2.19808238305e-21
100
100
100
100
100
1.18776995609e-11
2.59836348166e-18
2.89426780196e-18
4.09675559474e-20
0
0
0
0
0
0
0
0
0
0
0
0
0
0
0
0
0
0
0
0
0
0
0
0
0
0
0
0
0
0
0
0
0
0
0
0
0
0
0
0
0
0
0
100
100
100
100
100
100
100
100
100
100
100
100
100
100
100
100
100
100
100
100
100
100
100
100
100
100
100
100
100
2.45901044983e-21
2.45659793452e-21
2.45659793452e-21
2.42488989548e-21
2.20106079701e-21
2.19808238305e-21
2.19808238305e-21
2.06710076766e-21
1.97418852888e-21
1.97418852888e-21
1.8893755297e-21
1.77268406013e-21
1.77268406013e-21
1.77268406013e-21
1.77268406013e-21
1.97418852888e-21
7.24093058528e-20
100
100
100
1.84920089588e-06
2.34436383862e-18
3.5731987047e-18
4.41134587986e-18
5.3957524498e-21
0
0
0
0
0
0
0
0
0
0
0
0
0
0
0
0
0
0
0
0
0
0
0
0
0
0
0
0
0
0
0
0
0
0
0
0
0
0
0
0
0
0
100
100
100
100
100
100
100
100
100
100
100
100
100
100
100
100
100
100
100
100
100
100
100
100
100
100
100
100
100
2.21023950076e-21
2.20782698544e-21
2.20782698544e-21
2.20782698544e-21
2.1642402654e-21
1.97418852888e-21
1.97418852888e-21
1.97418852888e-21
1.77268406013e-21
1.77268406013e-21
1.77268406013e-21
1.59133003825e-21
1.59133003825e-21
1.59133003825e-21
1.5707803226e-21
1.59133003825e-21
1.41549560427e-20
4.34386035124e-19
1.12128634489e-18
2.68158665305e-13
2.16603565586e-13
2.3494810652e-18
3.21587883423e-18
6.05128815571e-18
1.13865823256e-17
0
0
0
0
0
0
0
0
0
0
0
0
0
0
0
0
0
0
0
0
0
0
0
0
0
0
0
0
0
0
0
0
0
0
0
0
0
0
0
0
0
0
100
100
100
100
100
100
100
100
100
100
100
100
100
100
100
100
100
100
100
100
100
100
100
100
100
100
100
100
100
2.09698218243e-21
2.06343209988e-21
1.99478318055e-21
1.98393313128e-21
1.97418852888e-21
1.97418852888e-21
1.77268406013e-21
1.77268406013e-21
1.77268406013e-21
1.59133003825e-21
1.59133003825e-21
1.42811141856e-21
1.42811141856e-21
1.28121466084e-21
1.28121466084e-21
1.28121466084e-21
1.55258806132e-21
7.24119864254e-20
5.95883485982e-19
1.12129356504e-18
1.89894243382e-18
2.6048725041e-18
3.57322514306e-18
5.44615934014e-18
1.13866215284e-17
2.92863098126e-17
0
0
0
0
0
0
0
0
0
0
0
0
0
0
0
0
0
0
0
0
0
0
0
0
0
0
0
0
0
0
0
0
0
0
0
0
0
0
0
0
0
100
100
100
100
100
100
100
100
100
100
100
100
100
100
100
100
100
100
100
100
100
100
100
100
100
100
100
100
100
1.98180607341e-21
1.98393313128e-21
1.98393313128e-21
1.9307412209e-21
1.79817526197e-21
1.77268406013e-21
1.77268406013e-21
1.5932527163e-21
1.57672320486e-21
1.49256620651e-21
1.42811141856e-21
1.28121466084e-21
1.28121466084e-21
1.14900757889e-21
1.03002120514e-21
1.03270177771e-21
1.15168815146e-21
1.33869857032e-20
1.22656809954e-19
3.51847606353e-19
1.00916039097e-18
1.89894697339e-18
3.21590530933e-18
5.1222456015e-18
9.223163438e-18
6.82771554433e-17
4.68414499044e-16
0
0
0
0
0
0
0
0
0
0
0
0
0
0
0
0
0
0
0
0
0
0
0
0
0
0
0
0
0
0
0
0
0
0
0
0
0
0
0
0
100
100
100
100
100
100
100
100
100
100
100
100
100
100
100
100
100
100
100
100
100
100
100
100
100
100
100
100
100
1.88018775484e-21
1.86490532155e-21
1.81118947782e-21
1.77550963618e-21
1.76576503379e-21
1.73504882882e-21
1.57672320486e-21
1.57672320486e-21
1.42797080322e-21
1.42119239222e-21
1.28121466084e-21
1.2356166768e-21
1.14900757889e-21
1.03270177771e-21
9.25614041331e-22
8.2923507859e-22
8.5352903182e-22
1.15168815146e-21
3.11492435191e-20
8.04620044267e-20
1.6826770307e-19
5.95883485982e-19
1.38432199802e-18
2.60487518468e-18
5.44616762512e-18
6.14494516164e-17
9.22308812513e-18
0
0
0
0
0
0
0
0
0
0
0
0
0
0
0
0
0
0
0
0
0
0
0
0
0
0
0
0
0
0
0
0
0
0
0
0
0
0
0
0
100
100
100
100
100
100
100
100
100
100
100
100
100
100
100
100
100
100
100
100
100
100
100
100
100
100
100
100
100
1.81348327967e-21
1.770970063e-21
1.76328225596e-21
1.7493718211e-21
1.67970198737e-21
1.57672320486e-21
1.57218363168e-21
1.44507409479e-21
1.40392104179e-21
1.25702428407e-21
1.2692516643e-21
1.15168815146e-21
1.03270177771e-21
9.25614041331e-22
7.42494012124e-22
6.64427052305e-22
6.64427052305e-22
8.2923507859e-22
6.00114429195e-21
2.52236338891e-20
4.74963757097e-20
8.04620044267e-20
1.51437115204e-19
5.95883485982e-19
1.38431745845e-18
2.34435191236e-18
2.10985330518e-18
68.5850834177
0
0
0
0
0
0
0
0
0
0
0
0
0
0
0
0
0
0
0
0
0
0
0
0
0
0
0
0
0
0
0
0
0
0
0
0
0
0
99.9999563777
100
100
100
100
100
100
100
100
100
100
100
100
100
100
100
100
100
100
100
100
100
100
100
100
100
100
100
100
100
3.20338708528e-17
1.73858276082e-21
1.713137209e-21
1.66983114589e-21
1.59415089705e-21
1.57894982011e-21
1.48399817875e-21
1.40660161436e-21
1.32576992125e-21
1.25970485664e-21
1.13203734787e-21
1.01972513189e-21
9.1869501499e-22
8.2231605225e-22
6.57508025964e-22
5.12767640628e-22
4.74021737305e-22
5.94166788467e-22
9.64724080012e-22
6.97266008742e-21
1.42172492068e-20
2.36380234078e-20
3.46174907225e-20
5.27809709343e-20
8.04620044267e-20
3.76690357936e-19
6.62052440014e-19
7.35545022075e-19
100
0
0
0
0
0
0
0
0
0
0
0
0
0
0
0
0
0
0
0
0
0
0
0
0
0
0
0
0
0
0
0
0
0
0
0
0
0
100
100
100
100
100
100
100
100
100
100
100
100
100
100
100
100
100
100
100
100
100
100
100
100
100
100
100
100
100
100
1.20218163416e-05
1.71062373938e-21
1.68403922792e-21
1.63929377766e-21
1.58192823408e-21
1.52107269371e-21
1.41068723022e-21
1.39105180534e-21
1.25970485664e-21
1.19884880111e-21
1.12749777469e-21
1.00682385041e-21
8.99736114036e-22
8.08401121498e-22
5.81579246203e-22
2.27108045321e-22
2.64271811409e-22
4.04870456348e-22
6.64427052305e-22
1.37766994532e-21
3.38138431586e-21
5.74798016776e-21
8.77713676566e-21
1.20515336041e-20
1.65390760245e-20
2.27004313555e-20
5.27734529471e-20
5.27334286006e-20
100
3.9280356322
0
0
0
0
0
0
0
0
0
0
0
0
0
0
0
0
0
0
0
0
0
0
0
0
0
0
0
0
0
0
0
0
0
0
0
0
100
100
100
100
100
100
100
100
100
100
100
100
100
100
100
100
100
100
100
100
100
100
100
100
100
100
100
100
100
100
3.46726937088e-19
1.74730508397e-21
1.68113233109e-21
1.64057429462e-21
1.54091096965e-21
1.46677869393e-21
1.40746248056e-21
1.32594116304e-21
1.25970485664e-21
1.12749777469e-21
1.07431601023e-21
1.00682385041e-21
8.99736114036e-22
8.03357151296e-22
6.83051437417e-22
1.43715548802e-22
5.67356120183e-23
6.08212278822e-23
7.13669165588e-23
7.6757845835e-23
3.1124457233e-22
5.61499751411e-22
8.50841141876e-22
1.60348715596e-21
2.21023950076e-21
3.04254724396e-21
3.37971121531e-21
2.71373652958e-21
6.29667832583e-21
100
0
0
0
0
0
0
0
0
0
0
0
0
0
0
0
0
0
0
0
0
0
0
0
0
0
0
0
0
0
0
0
0
0
0
0
0
100
100
100
100
100
100
100
100
100
100
100
100
100
100
100
100
100
100
100
100
100
100
100
100
100
100
100
100
100
100
1.40118077671e-20
0.0011648785072
99.8275632125
1.61871779143e-21
1.52128774228e-21
1.45235427486e-21
1.38847951195e-21
1.28131600614e-21
1.24699940282e-21
1.12535626685e-21
1.01981562545e-21
9.99847532931e-22
8.88540945663e-22
7.8517964662e-22
6.75997216357e-22
4.5953329961e-22
6.08212278822e-23
6.32337431937e-23
6.62121571585e-23
7.6757845835e-23
7.6757845835e-23
8.84752776979e-23
1.15960611697e-22
1.35343255283e-22
1.76723099683e-22
3.14340026064e-22
3.93167194131e-22
5.43718445003e-22
4.16206748042e-21
1.02034086219e-19
0
0
0
0
0
0
0
0
0
0
0
0
0
0
0
0
0
0
0
0
0
0
0
0
0
0
0
0
0
0
0
0
0
0
0
5.65898653311e-24
100
100
100
100
100
100
100
100
100
100
100
100
100
100
100
100
100
100
100
100
100
100
100
100
100
100
100
100
100
100
2.26932576385e-20
1.85714017324e-19
0.180923995563
100
99.7249673592
1.45023350211e-21
1.36645184428e-21
1.26041079857e-21
1.21452686552e-21
1.12776878216e-21
1.00446825852e-21
9.34314194513e-22
8.67547655663e-22
7.50615708123e-22
6.10098556798e-22
4.65952483779e-22
5.37426233848e-23
6.32337431937e-23
6.62121571585e-23
6.62121571585e-23
7.6757845835e-23
7.6757845835e-23
1.01494646434e-22
1.22947014824e-22
1.56879525935e-22
2.23269754156e-22
3.14340026064e-22
4.90484685573e-22
3.76994944231e-21
7.08379075437e-21
5.65898653311e-24
0
0
0
0
0
0
0
0
0
0
0
0
0
0
0
0
0
0
0
0
0
0
0
0
0
0
0
0
0
0
0
0
0
0
100
100
100
100
100
100
100
100
100
100
100
100
100
100
100
100
100
100
100
100
100
100
100
100
100
100
100
100
100
100
100
3.47614394278e-17
3.08385488194e-20
3.9491258887e-19
4.45200269725e-18
1.82065057723e-07
100
100
99.9999999999
1.19351809471e-21
1.1236831663e-21
9.9764053689e-22
9.03910237237e-22
8.59740142417e-22
7.46076134941e-22
6.05558983616e-22
4.65952483779e-22
4.86986531824e-23
5.37426233848e-23
6.32337431937e-23
6.32337431937e-23
6.32337431937e-23
7.37794318702e-23
1.01494646434e-22
1.21808929755e-22
1.41191573341e-22
1.78894363464e-22
2.82906023457e-22
3.53850474718e-22
5.49566763061e-22
6.80890000572e-22
5.86268218166e-20
0
0
0
0
0
0
0
0
0
0
0
0
0
0
0
0
0
0
0
0
0
0
0
0
0
0
0
0
0
0
0
0
0
0
100
100
100
100
100
100
100
100
100
100
100
100
100
100
100
100
100
100
100
100
100
100
100
100
100
100
100
100
100
100
100
)
;

boundaryField
{
    frontAndBack
    {
        type            empty;
    }
    leftWall
    {
        type            calculated;
        value           uniform 0;
    }
    outlet
    {
        type            calculated;
        value           uniform 0;
    }
    rightWall
    {
        type            calculated;
        value           uniform 0;
    }
    inlet
    {
        type            calculated;
        value           uniform 8.01318468532e-18;
    }
}


// ************************************************************************* //
