/*--------------------------------*- C++ -*----------------------------------*\
| =========                 |                                                 |
| \\      /  F ield         | OpenFOAM: The Open Source CFD Toolbox           |
|  \\    /   O peration     | Version:  v1906                                 |
|   \\  /    A nd           | Web:      www.OpenFOAM.com                      |
|    \\/     M anipulation  |                                                 |
\*---------------------------------------------------------------------------*/
FoamFile
{
    version     2.0;
    format      ascii;
    class       volScalarField;
    location    "721";
    object      alpha;
}
// * * * * * * * * * * * * * * * * * * * * * * * * * * * * * * * * * * * * * //

dimensions      [0 0 -1 0 0 0 0];


internalField   nonuniform List<scalar> 
9216
(
200
200
200
200
200
200
200
200
200
200
200
200
200
200
200
200
200
200
200
200
200
200
200
200
200
200
200
200
200
200
200
200
200
200
200
200
200
200
200
200
200
200
200
200
200
200
200
200
200
200
200
200
200
200
200
200
200
200
200
200
200
200
200
200
200
200
200
200
200
200
200
200
200
200
200
200
200
200
200
200
200
200
200
200
199.999990916
182.77232996
163.149016086
138.817003761
111.545269479
87.6823052448
66.3258882689
49.2537415828
35.4047191544
22.8050798162
13.0188298518
1.5739461384
200
200
200
200
200
200
200
200
200
200
200
200
200
200
200
200
200
200
200
200
200
200
200
200
200
200
200
200
200
200
200
200
200
200
200
200
200
200
200
200
200
200
200
200
200
200
200
200
200
200
200
200
200
200
200
200
200
200
200
200
200
200
200
200
200
200
200
200
200
200
200
200
200
200
200
200
200
200
200
200
200
200
200
200
200
195.91175302
176.391938551
151.072176359
127.361429833
100.389860259
76.7873725524
60.8737848267
47.8751685181
31.239387627
20.6042299687
15.4078677928
200
200
200
200
200
200
200
200
200
200
200
200
200
200
200
200
200
200
200
200
200
200
200
200
200
200
200
200
200
200
200
200
200
200
200
200
200
200
200
200
200
200
200
200
200
200
200
200
200
200
200
200
200
200
200
200
200
200
200
200
200
200
200
200
200
200
200
200
200
200
200
200
200
200
200
200
200
200
200
200
200
200
200
200
200
192.655940146
167.219700721
151.132067513
132.343915946
102.195283397
74.15743575
64.742021336
47.4423322668
36.5135292291
31.9582997311
21.7326152275
200
200
200
200
200
200
200
200
200
200
200
200
200
200
200
200
200
200
200
200
200
200
200
200
200
200
200
200
200
200
200
200
200
200
200
200
200
200
200
200
200
200
200
200
200
200
200
200
200
200
200
200
200
200
200
200
200
200
200
200
200
200
200
200
200
200
200
200
200
200
200
200
200
200
200
200
200
200
200
200
200
200
200
200
200
185.822597963
164.781355318
149.242870225
125.16291285
106.645529632
86.2849649419
62.6078835573
56.1473409086
46.864128806
40.7880249217
28.4189713637
200
200
200
200
200
200
200
200
200
200
200
200
200
200
200
200
200
200
200
200
200
200
200
200
200
200
200
200
200
200
200
200
200
200
200
200
200
200
200
200
200
200
200
200
200
200
200
200
200
200
200
200
200
200
200
200
200
200
200
200
200
200
200
200
200
200
200
200
200
200
200
200
200
200
200
200
200
200
200
200
200
200
200
200
199.997895207
177.043950453
156.473810005
142.54143676
132.171622396
108.400862557
92.9170767817
72.2894927995
58.1990098897
56.9180058591
53.3135047013
40.9521636828
200
200
200
200
200
200
200
200
200
200
200
200
200
200
200
200
200
200
200
200
200
200
200
200
200
200
200
200
200
200
200
200
200
200
200
200
200
200
200
200
200
200
200
200
200
200
200
200
200
200
200
200
200
200
200
200
200
200
200
200
200
200
200
200
200
200
200
200
200
200
200
200
200
200
200
200
200
200
200
200
200
200
200
200
196.670866008
174.773401687
161.227792885
142.253074106
121.816093298
102.740806151
99.5539888352
87.0349084069
69.26758306
66.0624406732
65.1580793097
52.3347721903
200
200
200
200
200
200
200
200
200
200
200
200
200
200
200
200
200
200
200
200
200
200
200
200
200
200
200
200
200
200
200
200
200
200
200
200
200
200
200
200
200
200
200
200
200
200
200
200
200
200
200
200
200
200
200
200
200
200
200
200
200
200
200
200
200
200
200
200
200
200
200
200
200
200
200
200
200
200
200
200
200
200
200
200
191.812997309
172.813790072
156.711825503
141.562290074
121.597080433
112.216603706
98.0888236396
96.4650891989
87.1993602685
76.7160732914
76.4857439712
63.2174481337
200
200
200
200
200
200
200
200
200
200
200
200
200
200
200
200
200
200
200
200
200
200
200
200
200
200
200
200
200
200
200
200
200
200
200
200
200
200
200
200
200
200
200
200
200
200
200
200
200
200
200
200
200
200
200
200
200
200
200
200
200
200
200
200
200
200
200
200
200
200
200
200
200
200
200
200
200
200
200
200
200
200
200
200
187.673528374
171.277436349
152.402628169
137.471250269
124.953788715
117.806826836
108.872262559
99.2070559431
99.5132452677
86.5257165094
87.1528747588
73.9395127792
200
200
200
200
200
200
200
200
200
200
200
200
200
200
200
200
200
200
200
200
200
200
200
200
200
200
200
200
200
200
200
200
200
200
200
200
200
200
200
200
200
200
200
200
200
200
200
200
200
200
200
200
200
200
200
200
200
200
200
200
200
200
200
200
200
200
200
200
200
200
200
200
200
200
200
200
200
200
200
200
200
200
200
199.999999996
186.92127767
171.554929251
155.624653938
138.980052783
127.342535758
114.906386958
116.376742401
110.377789805
104.131491459
99.6406835406
96.086275334
83.5674920178
200
200
200
200
200
200
200
200
200
200
200
200
200
200
200
200
200
200
200
200
200
200
200
200
200
200
200
200
200
200
200
200
200
200
200
200
200
200
200
200
200
200
200
200
200
200
200
200
200
200
200
200
200
200
200
200
200
200
200
200
200
200
200
200
200
200
200
200
200
200
200
200
200
200
200
200
200
200
200
200
200
200
200
199.896832784
185.61664383
170.875967719
155.033487726
141.784218271
131.236843302
123.519598601
116.882267271
117.67886058
113.075954489
110.907603926
104.585044864
93.57455242
200
200
200
200
200
200
200
200
200
200
200
200
200
200
200
200
200
200
200
200
200
200
200
200
200
200
200
200
200
200
200
200
200
200
200
200
200
200
200
200
200
200
200
200
200
200
200
200
200
200
200
200
200
200
200
200
200
200
200
200
200
200
200
200
200
200
198.359819247
176.074337646
145.261881236
124.064927921
125.307076217
143.54338059
165.386883325
183.583557623
195.203231974
199.750550457
200
199.978208018
199.715482513
200
200
200
200
198.694258069
184.283226874
167.395824135
154.359124602
144.4571766
138.506682447
131.482182155
126.163509757
119.027548774
120.708390096
122.849500653
113.092581985
101.446241079
200
200
200
200
200
200
200
200
200
200
200
200
200
200
200
200
200
200
200
200
200
200
200
200
200
200
200
200
200
200
200
200
200
200
200
200
200
200
200
200
200
200
200
200
200
200
200
200
200
200
200
200
200
200
200
200
200
200
200
200
200
200
31.7532871691
1.75425104143
0.214620192573
0.0377652948384
0.00835038857206
0.00256071174258
0.00139036499134
0.00145088324277
0.0024464990504
0.00553918632721
0.0155905787881
0.0533745272382
0.222242970483
1.13736253775
7.60461849123
71.0318755436
181.7448034
199.209595615
199.987701109
199.596005495
199.996783509
197.338019593
182.222330176
167.853517985
157.807535606
149.601498745
141.872397532
136.692571357
131.869438468
128.230187917
123.557246823
128.707032257
120.742833529
107.632608057
200
200
200
200
200
200
200
200
200
200
200
200
200
200
200
200
200
200
200
200
200
200
200
200
200
200
200
200
200
200
200
200
200
200
200
200
200
200
200
200
200
200
200
200
200
200
200
200
200
200
200
200
200
200
200
200
200
200
200
136.61305273
0.0952548840949
0.000148723135257
8.72885664069e-06
1.43608353135e-06
3.47483478558e-07
1.02241334128e-07
4.06868496472e-08
2.78382731153e-08
3.26596812213e-08
5.56051396711e-08
1.20244742473e-07
3.13741893406e-07
9.70610779182e-07
3.52456227869e-06
1.49740884055e-05
7.82691258214e-05
0.000525370655942
0.00476814618217
0.05931734012
1.00982422497
24.3683712631
174.374957986
199.323739448
195.860910391
180.976623769
171.23322719
161.892085566
153.226914264
145.688323885
140.692060812
135.939062971
132.460183561
130.312812118
132.498589726
127.19448584
113.142129619
200
200
200
200
200
200
200
200
200
200
200
200
200
200
200
200
200
200
200
200
200
200
200
200
200
200
200
200
200
200
200
200
200
200
200
200
200
200
200
200
200
200
200
200
200
200
200
200
200
200
200
200
200
200
200
200
200
80.7330667435
0.00298116860342
7.67256181739e-08
1.56809208439e-09
1.36542661296e-10
2.73972503262e-11
8.07758566514e-12
2.94538149332e-12
1.61975493708e-12
1.46433263254e-12
1.97291111668e-12
3.46005444006e-12
7.32234196976e-12
1.79709024357e-11
5.06849449133e-11
1.6473156266e-10
6.30546103097e-10
2.90367807271e-09
1.65383920396e-08
1.20021716984e-07
1.12261348664e-06
1.27547281462e-05
0.000181473062976
0.00360806571796
0.102798509629
4.16248664751
134.993670044
181.267243117
172.272265748
164.169745847
155.684356825
149.021296418
145.983610797
140.215648999
137.179991343
134.487911598
132.559956939
134.979018826
117.857159544
200
200
200
200
200
200
200
200
200
200
200
200
200
200
200
200
200
200
200
200
200
200
200
200
200
200
200
200
200
200
200
200
200
200
200
200
200
200
200
200
200
200
200
200
200
200
200
200
200
200
200
200
200
200
200
200
0.022189920511
2.99207981639e-09
5.96106790953e-13
4.80432547694e-14
8.60935222602e-15
2.2579113869e-15
8.08113785787e-16
3.84298949652e-16
2.76759344827e-16
2.98530113602e-16
4.2654488405e-16
7.33182722417e-16
1.46142039978e-15
3.36857044733e-15
8.82651782922e-15
2.64775072211e-14
9.15904099311e-14
3.71327595232e-13
1.78576891333e-12
1.04396986726e-11
7.17776495121e-11
6.02239957941e-10
6.30890935359e-09
8.683762715e-08
1.59590019319e-06
3.54440156756e-05
0.00104906383331
0.0413512729826
1.73877540239
108.51816049
161.192653818
157.712317416
154.100408064
150.243614314
144.472260728
141.068154125
137.715454197
135.888932175
140.156364372
121.844411134
200
200
200
200
200
200
200
200
200
200
200
200
200
200
200
200
200
200
200
200
200
200
200
200
200
200
200
200
200
200
200
200
200
200
200
200
200
200
200
200
200
200
200
200
200
200
200
200
200
200
200
200
200
200
20.7096033265
2.2286072792e-09
6.3855347445e-15
5.58760962376e-17
7.32639841087e-18
1.75721197261e-18
6.00726441228e-19
2.63792819051e-19
1.515826331e-19
1.27248080715e-19
1.49168068307e-19
2.19557324414e-19
3.79087289905e-19
7.47945471917e-19
1.65051787075e-18
4.14775736552e-18
1.17600569381e-17
3.7822509868e-17
1.3824415697e-16
5.71644083087e-16
2.73765202333e-15
1.54035627021e-14
1.0195323586e-13
8.03225867629e-13
7.7299858367e-12
9.06016226333e-11
1.3287049114e-09
2.56228816252e-08
6.62938236679e-07
1.98230342238e-05
0.000634547857839
0.0325961497549
2.98707185112
140.174226806
158.424340384
152.117167609
146.67748902
143.651045194
141.407657367
138.426984045
141.232268739
124.75386223
200
200
200
200
200
200
200
200
200
200
200
200
200
200
200
200
200
200
200
200
200
200
200
200
200
200
200
200
200
200
200
200
200
200
200
200
200
200
200
200
200
200
200
200
200
200
200
200
200
200
200
200
200
2.98940252773
1.16925278674e-15
5.03020608856e-19
2.5525124335e-20
4.64661866773e-21
1.30191245086e-21
5.02240638279e-22
2.48714412402e-22
1.56140947586e-22
1.36941691244e-22
1.61526725095e-22
2.35919871848e-22
3.99181050138e-22
7.60592446924e-22
1.638203651e-21
3.97130680399e-21
1.06220758273e-20
3.21928489396e-20
1.10688247274e-19
4.26048473014e-19
1.82474636821e-18
8.86881583545e-18
4.93415127424e-17
3.07402150635e-16
2.20164225038e-15
1.89915103241e-14
1.96380821686e-13
2.47900828715e-12
3.85412145976e-11
7.62870271257e-10
1.67539359461e-08
4.82997525083e-07
1.91381965959e-05
0.00130184557413
0.177845093155
43.6518791646
148.977780491
148.747304573
145.041211637
143.326091202
140.401290371
141.519916233
126.472380467
200
200
200
200
200
200
200
200
200
200
200
200
200
200
200
200
200
200
200
200
200
200
200
200
200
200
200
200
200
200
200
200
200
200
200
200
200
200
200
200
200
200
200
200
200
200
200
200
200
200
200
200
0.788918734791
7.314516666e-20
5.01998373474e-22
5.09424141108e-23
1.058392578e-23
3.0751205127e-24
1.18008710526e-24
5.50959678462e-25
3.36092503327e-25
2.76444628848e-25
3.09128049103e-25
4.40332277473e-25
7.90326682327e-25
1.53125848991e-24
3.29072375805e-24
7.71811520037e-24
2.02629793016e-23
5.93633655125e-23
1.92027917634e-22
6.74030051981e-22
2.63028081088e-21
1.11771671556e-20
5.42716467138e-20
2.91464053288e-19
1.72844749394e-18
1.16613501197e-17
9.12762051039e-17
8.07039287765e-16
8.4990969702e-15
1.11023049266e-13
1.62787798545e-12
2.86509708661e-11
6.22927254546e-10
2.00233057202e-08
1.21909793689e-06
9.77381789831e-05
0.015845013199
6.97093894999
144.965432865
147.819712045
143.283928328
142.141535678
140.562272303
127.529688114
200
200
200
200
200
200
200
200
200
200
200
200
200
200
200
200
200
200
200
200
200
200
200
200
200
200
200
200
200
200
200
200
200
200
200
200
200
200
200
200
200
200
200
200
200
200
200
200
200
200
200
0.294471707817
9.4749988958e-23
2.21251202608e-24
5.27132050413e-26
0
0
0
0
0
0
0
0
0
1.12308721639e-27
3.69622746028e-27
1.87434683742e-26
5.58828452533e-26
1.8924926762e-25
6.40517433027e-25
2.24447868431e-24
8.17978340401e-24
3.21746127941e-23
1.36525516218e-22
6.19483032127e-22
3.0959203625e-21
1.7098534405e-20
1.08198222261e-19
7.51030976022e-19
5.87247109506e-18
5.40162660578e-17
5.29251051874e-16
6.11135544507e-15
8.95089509522e-14
1.65253229967e-12
4.15540770593e-11
1.82540920235e-09
1.13156651363e-07
1.41630746837e-05
0.00326882340822
2.1050652392
140.518083463
144.785798767
142.86801378
139.849104449
128.551029231
200
200
200
200
200
200
200
200
200
200
200
200
200
200
200
200
200
200
200
200
200
200
200
200
200
200
200
200
200
200
200
200
200
200
200
200
200
200
200
200
200
200
200
200
200
200
200
200
200
200
0.127673796306
1.11172026989e-24
0
0
0
0
0
0
0
0
0
0
0
0
0
0
0
8.48316749321e-28
2.33051630356e-27
1.03522742191e-26
4.36285263687e-26
1.77430748912e-25
7.32324505469e-25
3.03732993327e-24
1.2913156873e-23
6.12977023341e-23
3.03822539689e-22
1.66616219155e-21
1.02310040886e-20
7.29626741112e-20
5.27907040983e-19
4.32801627929e-18
4.19785818759e-17
4.92277275654e-16
7.38760747769e-15
1.72238864676e-13
5.10543013958e-12
2.13711790537e-10
1.86313038215e-08
3.2683600056e-06
0.00108388464474
1.33000498094
140.632770004
142.945688745
140.853188115
129.370300843
200
200
200
200
200
200
200
200
200
200
200
200
200
200
200
200
200
200
200
200
200
200
200
200
200
200
200
200
200
200
200
200
200
200
200
200
200
200
200
200
200
200
200
200
200
200
200
200
200
0.0924785354351
1.19256102268e-29
0
0
0
0
0
0
0
0
0
0
0
0
0
0
0
0
0
0
8.17620348955e-29
1.31828326833e-27
3.73199599878e-27
1.67116233644e-26
9.20520196275e-26
3.68225771351e-25
1.87070033465e-24
8.49265371078e-24
4.44777028619e-23
2.2686244263e-22
1.34285158175e-21
8.32184381198e-21
6.10839303486e-20
4.9136011283e-19
4.7170133271e-18
5.78327904048e-17
1.01115703089e-15
2.25512536578e-14
7.51478325953e-13
4.30589688402e-11
4.46405030327e-09
1.10806057254e-06
0.000654049787578
2.62027941137
139.912944344
141.509037614
129.476405335
200
200
200
200
200
200
200
200
200
200
200
200
200
200
200
200
200
200
200
200
200
200
200
200
200
200
200
200
200
200
200
200
200
200
200
200
200
200
200
200
200
200
200
200
200
200
200
200
0.214851098926
0
0
0
0
0
0
0
0
0
0
0
0
0
0
0
0
0
0
0
0
0
0
0
8.19279225805e-28
2.41191957902e-27
1.29093696514e-26
6.43103067209e-26
2.6583901207e-25
1.41847230006e-24
6.78543287325e-24
3.63240721131e-23
1.93876077014e-22
1.29153632116e-21
9.06879532302e-21
7.52459648115e-20
7.39205832423e-19
1.01360674437e-17
1.67993529696e-16
4.3980208857e-15
1.59587525405e-13
1.10067571567e-11
1.55820326802e-09
6.0883971793e-07
0.00100422503512
16.2166128856
139.266253292
127.874830121
200
200
200
200
200
200
200
200
200
200
200
200
200
200
200
200
200
200
200
200
200
200
200
200
200
200
200
200
200
200
200
200
200
200
200
200
200
200
200
200
200
200
200
200
200
200
200
0.819454988785
0
0
0
0
0
0
0
0
0
0
0
0
0
0
0
0
0
0
0
0
0
0
0
0
0
0
6.31897804323e-28
2.39302471032e-27
1.1443444187e-26
5.84065596521e-26
2.70055928145e-25
1.49412851309e-24
7.40717428563e-24
4.25397178471e-23
2.73123881971e-22
1.84845083502e-21
1.52664426956e-20
1.69281857953e-19
2.05501480872e-18
3.59314404995e-17
9.61941833046e-16
4.61089909711e-14
4.09143239707e-12
8.3062186722e-10
7.88358429486e-07
0.00456884499411
109.050533151
124.17252629
200
200
200
200
200
200
200
200
200
200
200
200
200
200
200
200
200
200
200
200
200
200
200
200
200
200
200
200
200
200
200
200
200
200
200
200
200
200
200
200
200
200
200
200
200
200
13.88770138
0
0
0
0
0
0
0
0
0
0
0
0
0
0
0
0
0
0
0
0
0
0
0
0
0
0
0
0
0
6.0233076346e-28
2.68312798557e-27
1.41606075009e-26
7.55112494758e-26
3.6806295377e-25
2.2113474149e-24
1.20277330104e-23
7.59271771003e-23
5.12963318318e-22
4.03672465948e-21
4.48180516094e-20
5.54301590682e-19
1.10954188167e-17
3.42192462616e-16
1.89041932908e-14
2.31388621081e-12
9.28244956191e-10
2.90914991774e-06
0.12145980297
118.781812576
200
200
200
200
200
200
200
200
200
200
200
200
200
200
200
200
200
200
200
200
200
200
200
200
200
200
200
200
200
200
200
200
200
200
200
200
200
200
200
200
200
200
200
200
200
200
0
0
0
0
0
0
0
0
0
0
0
0
0
0
0
0
0
0
0
0
0
0
0
0
0
0
0
0
0
0
0
0
7.87877793266e-28
3.7024096262e-27
2.05528301459e-26
1.16585183356e-25
6.82069220226e-25
3.8676285611e-24
2.60433990915e-23
1.73989004964e-22
1.49086015724e-21
1.45566885129e-20
2.17135050828e-19
4.56588054033e-18
1.60019984826e-16
1.11813912959e-14
2.38747578182e-12
2.52141898563e-09
4.44274674797e-05
84.5304191641
200
200
200
200
200
200
200
200
200
200
200
200
200
200
200
200
200
200
200
200
200
200
200
200
200
200
200
200
200
200
200
200
200
200
200
200
200
200
200
200
200
200
200
200
200
0
0
0
0
0
0
0
0
0
0
0
0
0
0
0
0
0
0
0
0
0
0
0
0
0
0
0
0
0
0
0
0
0
0
0
1.26813572278e-27
6.53189521317e-27
5.0928731629e-26
2.64845246341e-25
1.67629908288e-24
1.14457264727e-23
7.15631629095e-23
5.99485062977e-22
6.79617508687e-21
1.05791742006e-19
2.35823665607e-18
9.7402214853e-17
1.07764011623e-14
5.0825564227e-12
2.74783616932e-08
0.0639212338175
200
200
200
200
200
200
200
200
200
200
200
200
200
200
200
200
200
200
200
200
200
200
200
200
200
200
200
200
200
200
200
200
200
200
200
200
200
200
200
200
200
200
200
200
200
0
0
0
0
0
0
0
0
0
0
0
0
0
0
0
0
0
0
0
0
0
0
0
0
0
0
0
0
0
0
0
0
0
0
0
0
3.85008037803e-28
2.83656930771e-27
2.07974076899e-26
1.26445614594e-25
8.52391753965e-25
5.64219960558e-24
3.91784936666e-23
3.27877661183e-22
3.57675539738e-21
5.86970363641e-20
1.45691896345e-18
9.0262612426e-17
1.953451166e-14
3.63502811621e-11
1.12472794171e-05
200
200
200
200
200
200
200
200
200
200
200
200
200
200
200
200
200
200
200
200
200
200
200
200
200
200
200
200
200
200
200
200
200
200
200
200
200
200
200
200
200
200
200
200
200
0
0
0
0
0
0
0
0
0
0
0
0
0
0
0
0
0
0
0
0
0
0
0
0
0
0
0
0
0
0
0
0
0
0
0
0
0
0
1.34427604693e-27
1.12988437831e-26
6.79320841356e-26
5.0817300789e-25
3.18663520312e-24
2.08111866385e-23
1.72893843591e-22
2.20338162009e-21
3.84060038131e-20
1.37164557312e-18
1.40358687849e-16
1.06953066444e-13
3.56188373147e-09
200
200
200
200
200
200
200
200
200
200
200
200
200
200
200
200
200
200
200
200
200
200
200
200
200
200
200
200
200
200
200
200
200
200
200
200
200
200
200
200
200
200
200
200
0
0
0
0
0
0
0
0
0
0
0
0
0
0
0
0
0
0
0
0
0
0
0
0
0
0
0
0
0
0
0
0
0
0
0
0
0
0
0
0
6.03957517395e-28
7.05123359986e-27
4.90370320592e-26
3.45927146219e-25
2.1261348053e-24
1.70489753534e-23
1.32807367052e-22
1.79422262733e-21
4.18045584956e-20
1.98497641551e-18
5.70382498626e-16
3.53938464858e-12
200
200
200
200
200
200
200
200
200
200
200
200
200
200
200
200
200
200
200
200
200
200
200
200
200
200
200
200
200
200
200
200
200
200
200
200
200
200
200
200
200
200
200
200
0
0
0
0
0
0
0
0
0
0
0
5.69595762316e-28
2.84977898793e-27
4.39445193821e-27
7.54007520908e-27
0
0
0
0
0
0
0
0
0
0
0
0
0
0
0
0
0
0
0
0
0
0
0
0
0
0
2.55865156167e-28
4.85665845411e-27
4.34650837024e-26
2.88656538316e-25
1.91652082623e-24
1.49074187068e-23
1.43714892494e-22
2.09835719325e-21
5.72804067154e-20
6.52387062489e-18
9.24197536056e-15
200
200
200
7.23651299594e-31
0
0
0
0
0
0
0
0
0
0
0
0
0
0
0
0
0
0
0
9.04422559969e-26
1.3121967471e-23
200
200
200
200
200
200
200
200
200
200
200
200
200
200
200
200
200
200
200
0
0
0
0
0
0
0
0
0
1.97621686097e-27
3.27697432202e-26
2.02059319961e-25
1.44546878164e-24
9.51744839647e-24
1.80837738181e-23
2.53487219627e-23
6.81706841231e-25
4.62911865379e-26
0
0
0
0
0
0
0
0
0
0
0
0
0
0
0
0
0
0
0
0
0
0
0
0
4.51572358794e-29
4.08125847933e-27
3.26577001567e-26
2.30612213438e-25
1.85390008752e-24
1.49465202258e-23
1.45568981626e-22
2.96095821228e-21
1.56525228839e-19
6.19184168041e-17
9.00933688737e-32
4.74175625651e-32
0
0
0
0
0
0
0
0
0
0
0
0
0
0
0
0
0
0
0
0
0
0
0
0
0
0
0
0
5.19358086613e-25
7.11161839095e-23
200
200
200
200
200
200
200
200
200
200
200
0
0
0
0
0
0
0
0
4.93693391768e-28
4.26359759592e-26
2.15757232314e-24
1.89360429112e-22
200
200
200
200
200
200
200
200
200
200
199.999987822
0
0
0
0
0
0
0
0
0
0
0
0
0
0
0
0
0
0
0
0
0
1.77452970022e-30
4.74240723269e-27
3.75216401289e-26
3.33666143236e-25
2.52528133562e-24
2.12292107942e-23
2.75085881294e-22
7.41729939432e-21
1.01793592701e-18
0
0
0
0
0
0
0
0
0
0
0
0
0
0
0
0
0
0
0
0
0
0
0
0
0
0
0
0
0
0
0
0
0
0
0
7.12735263505e-25
3.48912793885e-23
200
200
200
200
200
200
0
0
0
0
0
0
0
5.33580015747e-27
1.24369867165e-24
9.49130655683e-22
200
200
200
200
200
200
200
200
200
200
200
200
200
199.999996302
0
0
0
0
0
0
0
0
0
0
0
0
0
0
0
0
0
0
0
0
0
1.70968546425e-28
6.81358214274e-27
6.00588570933e-26
4.2719603559e-25
4.01659119613e-24
3.98535580769e-23
6.3513069237e-22
3.86792444712e-20
0
0
0
0
0
0
0
0
0
0
0
0
0
0
0
0
0
0
0
0
0
0
0
0
0
0
0
0
0
0
0
0
0
0
0
0
0
0
5.86323677375e-27
5.19462906743e-25
6.51757514045e-24
1.5141095399e-23
3.41254731674e-25
0
0
0
0
0
0
5.42019903444e-26
3.46486008483e-23
200
200
200
200
200
200
200
200
200
200
200
200
200
200
200
200
199.999996728
0
0
0
0
0
0
0
0
0
0
0
0
0
0
0
0
0
0
0
0
0
5.36264722454e-28
1.32627850156e-26
9.20340824368e-26
7.49553535885e-25
6.67418194213e-24
9.16588435883e-23
2.68195929887e-21
0
0
0
0
0
0
0
0
0
0
0
0
0
0
0
0
0
0
0
0
0
0
0
0
0
0
0
0
0
0
0
0
0
0
0
0
0
0
0
0
0
0
3.93009597409e-26
0
0
6.98165551704e-30
1.19874723674e-29
7.48615013828e-28
4.32783124959e-25
2.14175472022e-21
200
200
200
200
200
200
200
200
200
200
200
200
200
200
200
200
200
200
199.999996559
0
0
0
0
0
0
0
0
0
0
0
0
0
0
0
0
0
0
0
0
0
1.5820226578e-27
2.45601927788e-26
2.05940905995e-25
1.81006363258e-24
1.9523619794e-23
3.15934245327e-22
0
0
0
0
0
0
0
0
0
0
0
0
0
0
0
0
0
0
0
0
0
0
0
0
0
0
0
0
0
0
0
0
0
0
0
0
0
0
0
0
0
0
0
0
8.87596701588e-30
5.80115707818e-29
4.52959915456e-27
8.80464424345e-25
3.25782462951e-19
200
200
200
200
200
200
200
200
200
200
200
200
200
200
200
200
200
200
200
200
199.999995891
0
0
0
0
0
0
0
0
0
0
0
0
0
0
0
0
0
0
0
0
0
5.28443273296e-27
4.89663416687e-26
5.62505207466e-25
5.54060995732e-24
6.12769971699e-23
0
0
0
0
0
0
0
0
0
0
0
0
0
0
0
0
0
0
0
0
0
0
0
0
0
0
0
0
0
0
0
0
0
0
0
0
0
0
0
0
0
0
0
0
0
3.03540670534e-27
3.41032930758e-25
200
200
200
200
200
200
200
200
200
200
200
200
200
200
200
200
200
200
200
200
200
200
200
199.999994927
0
0
0
0
0
0
0
0
0
0
0
0
0
0
0
0
0
0
0
0
7.62253890302e-28
1.76128671076e-26
1.46613314154e-25
1.64746354078e-24
1.65969531301e-23
0
0
0
0
0
0
0
0
0
0
0
0
0
0
0
0
0
0
0
0
0
0
0
0
0
0
0
0
0
0
0
0
0
0
0
0
0
0
0
0
0
0
0
0
0
0
3.1610946636e-23
200
200
200
200
200
200
200
200
200
200
200
200
200
200
200
200
200
200
200
200
200
200
200
200
199.999992268
0
0
0
0
0
0
0
0
0
0
0
0
0
0
0
0
0
0
0
0
4.7901595003e-27
5.65974155869e-26
6.2507755049e-25
5.58995271835e-24
0
0
0
0
0
0
0
0
0
0
0
0
0
0
0
0
0
0
0
0
0
0
0
0
0
0
0
0
0
0
0
0
0
0
0
0
0
0
0
0
0
0
0
0
0
0
0
0
6.60505578481e-31
200
200
200
200
200
200
200
200
200
200
200
200
200
200
200
200
200
200
200
200
200
200
200
199.99997393
0
0
0
0
0
0
0
0
0
0
0
0
0
0
0
0
0
0
0
1.3191433434e-27
2.44085390306e-26
2.72165458712e-25
2.28467973028e-24
0
0
0
0
0
0
0
0
0
0
0
0
0
0
0
0
0
0
0
0
0
0
0
0
0
0
0
0
0
0
0
0
0
0
0
0
0
0
0
0
0
0
0
0
0
0
0
0
0
5.94455020633e-31
7.95952993635e-30
4.57521001258e-24
200
200
200
200
200
200
200
200
200
200
200
200
200
200
200
200
200
200
200
200
200
0
0
0
0
0
0
0
0
0
0
0
0
0
0
0
0
0
0
0
3.29004493817e-28
1.19481382048e-26
1.3396746236e-25
1.10108248098e-24
0
0
0
0
0
0
0
0
0
0
0
0
0
0
0
0
0
0
0
0
0
0
0
0
0
0
0
0
0
0
0
0
0
0
0
0
0
0
0
0
0
0
0
0
0
0
0
0
0
0
5.3500951857e-31
3.0053737716e-30
3.69588175046e-29
1.68552885717e-23
200
200
200
200
200
200
200
200
200
200
200
200
200
200
200
200
200
200
200
199.999984189
0
0
0
0
0
0
0
0
0
0
0
0
0
0
0
0
0
0
0
5.44891794367e-27
6.71973343641e-26
6.07835366598e-25
0
0
0
0
0
0
0
0
0
0
0
0
0
0
0
0
0
0
0
0
0
0
0
0
0
0
0
0
0
0
0
0
0
0
0
0
0
0
0
0
0
0
0
0
0
0
0
0
0
0
0
1.01651808528e-30
2.2714786844e-30
3.17445934646e-29
9.11101693849e-29
3.4605222494e-22
200
200
200
200
200
200
200
200
200
200
200
200
200
200
200
200
200
200
0
0
0
0
0
0
0
0
0
0
0
0
0
0
0
0
0
0
0
2.67509520826e-27
3.67297370181e-26
3.75051408082e-25
0
0
0
0
0
0
0
0
0
0
0
0
0
0
0
0
0
0
0
0
0
0
0
0
0
0
0
0
0
0
0
0
0
0
0
0
0
0
0
0
0
0
0
0
0
0
0
0
0
0
0
0
9.14866276755e-31
2.04433081596e-30
2.81801121791e-29
6.20856976978e-29
6.93381912877e-24
200
200
200
200
200
200
200
200
200
200
200
200
200
200
200
200
200
199.999954873
0
0
0
0
0
0
0
0
0
0
0
0
0
0
0
0
0
0
1.63565064854e-27
2.76440814304e-26
2.53524987629e-25
0
0
0
0
0
0
0
0
0
0
0
0
0
0
0
0
0
0
0
0
0
0
0
0
0
0
0
0
0
0
0
0
0
0
0
0
0
0
0
0
0
0
0
0
0
0
0
0
0
0
0
0
0
1.30488821579e-30
4.46370859142e-30
2.16314440566e-29
3.35599695727e-29
6.74277985869e-25
200
200
200
200
200
200
200
200
200
200
200
200
200
200
200
200
200
0
0
0
0
0
0
0
0
0
0
0
0
0
0
0
0
0
0
9.69426425876e-28
2.22088293301e-26
1.89201541233e-25
0
0
0
0
0
0
0
0
0
0
0
0
0
0
0
0
0
0
0
0
0
0
0
0
0
0
0
0
0
0
0
0
0
0
0
0
0
0
0
0
0
0
0
0
0
0
0
0
0
0
0
0
0
3.90021939038e-31
8.23379649079e-31
6.82954036301e-30
1.81906542979e-29
3.00520907091e-29
2.92120293756e-29
200
200
200
200
200
200
200
200
200
200
200
200
200
200
200
200
0
0
0
0
0
0
0
0
0
0
0
0
0
0
0
0
0
0
8.01846039611e-28
1.79123945175e-26
1.55505066712e-25
0
0
0
0
0
0
0
0
0
0
0
0
0
0
0
0
0
0
0
0
0
0
0
0
0
0
0
0
0
0
0
0
0
0
0
0
0
0
0
0
0
0
0
0
0
0
0
0
0
0
0
0
0
3.90021939038e-31
7.41041684171e-31
7.41041684171e-31
7.21162163875e-30
1.75225476135e-29
2.64212867642e-29
2.51861960366e-29
200
200
200
200
200
200
200
200
200
200
200
200
200
200
200
0
0
0
0
0
0
0
0
0
0
0
0
0
0
0
0
0
0
7.39288178174e-28
1.75421160594e-26
1.44189847676e-25
0
0
0
0
0
0
0
0
0
0
0
0
0
0
0
0
0
0
0
0
0
0
0
0
0
0
0
0
0
0
0
0
0
0
0
0
0
0
0
0
0
0
0
0
0
0
0
0
0
0
0
0
0
0
7.41041684171e-31
7.41041684171e-31
7.41041684171e-31
8.74601395282e-30
2.01210544706e-29
2.17073261795e-29
1.11061280489e-25
200
200
200
200
200
200
200
200
200
200
200
200
200
200
0
0
0
0
0
0
0
0
0
0
0
0
0
0
0
0
0
0
7.5675644776e-28
1.7362653232e-26
1.47623556534e-25
0
0
0
0
0
0
0
0
0
0
0
0
0
0
0
0
0
0
0
0
0
0
0
0
0
0
0
0
0
0
0
0
0
0
0
0
0
0
0
0
0
0
0
0
0
0
0
0
0
0
0
0
0
0
0
7.41041684171e-31
7.41041684171e-31
7.41041684171e-31
1.04508943018e-29
1.57124462501e-29
1.51851858476e-29
2.37278018215e-24
200
200
200
200
200
200
200
200
200
200
200
200
200
0
0
0
0
0
0
0
0
0
0
0
0
0
0
0
0
0
0
1.05197480485e-27
1.81574592888e-26
1.62880216506e-25
0
0
0
0
0
0
0
0
0
0
0
0
0
0
0
0
0
0
0
0
0
0
0
0
0
0
0
0
0
0
0
0
0
0
0
0
0
0
0
0
0
0
0
0
0
0
0
0
0
0
0
0
0
0
0
0
0
3.90021939038e-31
1.17439939421e-30
9.91326675006e-30
1.30791008878e-29
9.41451541426e-30
200
200
200
200
200
200
200
200
200
200
200
200
200
0
0
0
0
0
0
0
0
0
0
0
0
0
0
0
0
0
0
1.44440292345e-27
2.45900008542e-26
1.91911265157e-25
0
0
0
0
0
0
0
0
0
0
0
0
0
0
0
0
0
0
0
0
0
0
0
0
0
0
0
0
0
0
0
0
0
0
0
0
0
0
0
0
0
0
0
0
0
0
0
0
0
0
0
0
0
0
0
0
0
0
2.04433081596e-30
2.70483639444e-30
2.434352755e-30
4.91911458007e-30
6.32466826964e-28
200
200
200
200
200
200
200
200
200
200
200
200
0
0
0
0
0
0
0
0
0
0
0
0
0
0
0
0
0
0
2.1242676287e-27
3.17384176553e-26
2.40669948975e-25
0
0
0
0
0
0
0
0
0
0
0
0
0
0
0
0
0
0
0
0
0
0
0
0
0
0
0
0
0
0
0
0
0
0
0
0
0
0
0
0
0
0
0
0
0
0
0
0
0
0
0
0
0
0
0
0
0
0
5.3500951857e-31
2.2714786844e-30
3.43873148164e-30
2.70483639444e-30
1.34700661548e-28
200
200
200
200
200
200
200
200
200
200
200
200
0
0
0
0
0
0
0
0
0
0
0
0
0
0
0
0
0
0
3.62707195079e-27
4.04596723802e-26
2.97243717867e-25
0
0
0
0
0
0
0
0
0
0
0
0
0
0
0
0
0
0
0
0
0
0
0
0
0
0
0
0
0
0
0
0
0
0
0
0
0
0
0
0
0
0
0
0
0
0
0
0
0
0
0
0
0
0
0
0
0
0
0
0
2.52386520489e-30
3.82081275738e-30
5.46887334305e-29
1.14869855801e-27
200
200
200
200
200
200
200
200
200
200
200
3.90021939038e-31
0
0
0
0
0
0
0
0
0
0
0
0
0
0
0
0
2.01639650108e-28
6.33510725569e-27
5.8138556705e-26
3.52579922398e-25
0
0
0
0
0
0
0
0
0
0
0
0
0
0
0
0
0
0
0
0
0
0
0
0
0
0
0
0
0
0
0
0
0
0
0
0
0
0
0
0
0
0
0
0
0
0
0
0
0
0
0
0
0
0
0
0
0
0
0
0
0
2.8042946721e-30
6.16713026848e-29
4.31968267006e-28
200
200
200
200
200
200
200
200
200
200
200
3.90021939038e-31
3.90021939038e-31
0
0
0
0
0
0
0
0
0
0
0
0
0
0
0
6.3702101131e-28
1.05378649735e-26
8.75754808209e-26
9.10485035281e-25
0
0
0
0
0
0
0
0
0
0
0
0
0
0
0
0
0
0
0
0
0
0
0
0
0
0
0
0
0
0
0
0
0
0
0
0
0
0
0
0
0
0
0
0
0
0
0
0
0
0
0
0
0
0
0
0
0
0
0
0
0
0
2.66438706834e-29
1.43332180831e-28
200
200
200
200
200
200
200
200
200
200
200
3.90021939038e-31
3.90021939038e-31
3.90021939038e-31
0
0
0
0
0
0
0
0
0
0
0
0
0
0
1.61600233473e-27
1.67437424888e-26
1.19298788459e-25
2.95595449311e-24
0
0
0
0
0
0
0
0
0
0
0
0
0
0
0
0
0
0
0
0
0
0
0
0
0
0
0
0
0
0
0
0
0
0
0
0
0
0
0
0
0
0
0
0
0
0
0
0
0
0
0
0
0
0
0
0
0
0
0
0
0
0
0
1.35253932788e-28
200
200
200
200
200
200
200
200
200
200
0
3.51019745134e-31
3.90021939038e-31
3.90021939038e-31
3.90021939038e-31
0
0
0
0
0
0
0
0
0
0
0
0
1.74535545007e-29
2.95415162585e-27
3.02090893171e-26
1.50995798764e-25
5.33950599874e-24
0
0
0
0
0
0
0
0
0
0
0
0
0
0
0
0
0
0
0
0
0
0
0
0
0
0
0
0
0
0
0
0
0
0
0
0
0
0
0
0
0
0
0
0
0
0
0
0
0
0
0
0
0
0
0
0
0
0
0
0
0
0
0
1.23638276859e-28
200
200
200
200
200
200
200
200
200
200
0
0
3.51019745134e-31
3.90021939038e-31
3.90021939038e-31
0
0
0
0
0
0
0
0
0
0
0
0
5.16594738914e-28
5.01300993703e-27
3.88816594528e-26
1.64164322619e-25
8.86046431162e-24
0
0
0
0
0
0
0
0
0
0
0
0
0
0
0
0
0
0
0
0
0
0
0
0
0
0
0
0
0
0
0
0
0
0
0
0
0
0
0
0
0
0
0
0
0
0
0
0
0
0
0
0
0
0
0
0
0
0
0
0
0
0
0
0
200
200
200
200
200
200
200
200
200
0
0
0
0
3.90021939038e-31
3.90021939038e-31
3.90021939038e-31
0
0
0
0
0
0
0
0
0
0
0
1.05678110897e-27
1.05692454399e-26
5.15595712352e-26
3.42784299495e-25
1.24210602115e-23
0
0
0
0
0
0
0
0
0
0
0
0
0
0
0
0
0
0
0
0
0
0
0
0
0
0
0
0
0
0
0
0
0
0
0
0
0
0
0
0
0
0
0
0
0
0
0
0
0
0
0
0
0
0
0
0
0
0
0
0
0
0
0
0
200
200
200
200
200
200
200
200
0
0
0
0
0
0
3.90021939038e-31
3.90021939038e-31
0
0
0
0
0
0
0
0
0
0
2.73230452064e-28
1.99050805744e-27
1.21566507658e-26
4.92618681498e-26
7.61557269795e-25
1.92515645533e-23
0
0
0
0
0
0
0
0
0
0
0
0
0
0
0
0
0
0
0
0
0
0
0
0
0
0
0
0
0
0
0
0
0
0
0
0
0
0
0
0
0
0
0
0
0
0
0
0
0
0
0
0
0
0
0
0
0
0
0
0
0
0
0
0
200
200
200
200
200
200
200
0
0
0
0
0
0
0
0
3.90021939038e-31
0
0
0
0
0
0
0
0
0
0
7.66616883081e-28
4.08122823269e-27
1.41514397548e-26
3.44185223828e-26
8.9895852522e-25
2.86989099684e-23
0
0
0
0
0
0
0
0
0
0
0
0
0
0
0
0
0
0
0
0
0
0
0
0
0
0
0
0
0
0
0
0
0
0
0
0
0
0
0
0
0
0
0
0
0
0
0
0
0
0
0
0
0
0
0
0
0
0
0
0
0
0
0
6.93317380479
200
200
200
200
200
200
0
0
0
0
0
0
0
0
0
0
0
0
0
0
0
0
0
0
0
3.02522837539e-28
1.12759879769e-27
4.53299187986e-27
8.3911825258e-27
7.71086242567e-26
1.37628957209e-24
4.065734282e-23
0
0
0
0
0
0
0
0
0
0
0
0
0
0
0
0
0
0
0
0
0
0
0
0
0
0
0
0
0
0
0
0
0
0
0
0
0
0
0
0
0
0
0
0
0
0
0
0
0
0
0
0
0
0
0
0
0
0
0
0
0
0
0
200
200
200
200
200
200
0
0
0
0
0
0
0
0
0
0
0
0
0
0
0
0
0
0
0
0
8.33587208174e-28
3.10240346983e-27
5.21144163531e-27
1.49070085906e-27
7.48017418116e-26
2.33417620887e-24
4.37959094061e-23
0
0
0
0
0
0
0
0
0
0
0
0
0
0
0
0
0
0
0
0
0
0
0
0
0
0
0
0
0
0
0
0
0
0
0
0
0
0
0
0
0
0
0
0
0
0
0
0
0
0
0
0
0
0
0
0
0
0
0
0
0
0
0
200
200
200
200
0
0
0
0
0
0
0
0
0
0
0
0
0
0
0
0
0
0
0
0
0
4.70703204225e-28
1.73123790566e-27
5.63004608866e-27
9.51410254669e-27
6.23037409899e-28
1.92347643831e-26
3.90201235136e-24
4.03911882359e-23
0
0
0
0
0
0
0
0
0
0
0
0
0
0
0
0
0
0
0
0
0
0
0
0
0
0
0
0
0
0
0
0
0
0
0
0
0
0
0
0
0
0
0
0
0
0
0
0
0
0
0
0
0
0
0
0
0
0
0
0
0
0
0
200
0
0
0
0
0
0
0
0
0
0
0
0
0
0
0
0
0
0
0
0
0
0
0
3.14802345141e-28
8.16853708977e-28
2.22891242215e-27
5.32937562478e-27
6.0339175224e-27
1.88063436469e-26
7.55530572836e-26
1.97482987692e-24
2.17967821638e-23
0
0
0
0
0
0
0
0
0
0
0
0
0
0
0
0
0
0
0
0
0
0
0
0
0
0
0
0
0
0
0
0
0
0
0
0
0
0
0
0
0
0
0
0
0
0
0
0
0
0
0
0
0
0
0
0
0
0
0
0
0
0
0
0
0
0
0
0
0
0
0
0
0
0
0
0
0
0
0
0
0
0
0
0
0
0
2.12433007277e-28
1.0484767431e-27
1.62247883331e-27
2.26971291517e-27
2.36097677823e-27
1.10537163845e-25
1.37543687599e-25
2.56990950317e-25
1.47377854072e-24
3.48661211914e-23
9.00933688737e-32
0
0
0
0
0
0
0
0
0
0
0
0
0
0
0
0
0
0
0
0
0
0
0
0
0
0
0
0
0
0
0
0
0
0
0
0
0
0
0
0
0
0
0
0
0
0
0
0
0
0
0
0
0
0
0
0
0
0
0
0
0
0
0
0
0
0
0
0
0
0
0
0
0
0
0
0
0
0
0
0
0
0
0
0
1.88832839764e-28
1.14801334306e-27
1.73021980364e-27
1.88833877468e-27
3.75715393337e-27
2.74076671555e-26
3.06052020012e-26
4.61766032696e-26
1.08687289561e-25
6.37539093295e-25
2.0369223352e-23
200
200
2.16944130658e-31
0
0
0
0
0
0
0
0
0
0
0
0
0
0
0
0
0
0
0
0
0
0
0
0
0
0
0
0
0
0
0
0
0
0
0
0
0
0
0
0
0
0
0
0
0
0
0
0
0
0
0
0
0
0
0
0
0
0
0
0
0
0
0
0
0
0
0
0
0
0
0
0
0
0
0
0
0
0
0
0
0
2.99763948927e-28
1.28070808874e-27
1.26973157849e-27
2.35336402772e-27
1.13896209081e-26
1.01314004979e-26
1.094887083e-26
1.74025881755e-26
3.0610487667e-26
7.44171519908e-26
4.16411273742e-25
1.87041174738e-23
200
200
200
200
200
0
0
0
0
0
0
0
0
0
0
0
0
0
0
0
0
0
0
0
0
0
0
0
0
0
0
0
0
0
0
0
0
0
0
0
0
0
0
0
0
0
0
0
0
0
0
0
0
0
0
0
0
0
0
0
0
0
0
0
0
0
0
0
0
0
0
0
0
0
0
0
0
0
0
1.30488821579e-30
1.44987579532e-30
9.14866276755e-31
1.45887974186e-28
1.00961967667e-27
1.31374642219e-27
1.28218123449e-27
6.63648720272e-27
6.3328870506e-27
6.44872729144e-27
7.49772068473e-27
9.51661180883e-27
1.27545572968e-26
1.79293523655e-26
3.23589736745e-26
1.62539927545e-25
1.32610001173e-23
200
200
200
200
200
25.1522365875
1.4833375225e-30
0
0
0
0
0
0
0
0
0
0
0
0
0
0
0
0
0
0
0
0
0
0
0
0
0
0
0
0
0
0
0
0
0
0
0
0
0
0
0
0
0
0
0
0
0
0
0
0
0
0
0
0
0
0
0
0
0
0
0
0
0
0
0
0
0
0
5.6420899656e-28
7.19489953955e-28
4.73045926337e-27
7.21935068809e-27
1.60269297036e-26
2.11457752532e-26
2.43991360427e-26
2.6180814674e-26
1.78780015723e-26
3.34600087001e-27
1.13728224194e-27
6.38396204002e-27
4.70338639526e-27
4.46454986239e-27
5.01323134279e-27
5.90179851357e-27
6.8793986413e-27
8.22253509193e-27
1.02182674802e-26
1.28916696732e-26
1.76353128903e-26
3.80107492709e-26
7.88013572005e-24
200
200
200
200
1.76164966432e-20
1.08700145419e-24
8.04679043755e-24
2.2726502963e-24
3.93819933678e-31
0
0
0
0
0
0
0
0
0
0
0
0
0
0
0
0
0
0
0
0
0
0
0
0
0
0
0
0
0
0
0
0
0
0
0
0
0
0
0
0
0
0
0
0
0
0
0
0
0
0
0
0
0
0
0
0
0
0
0
0
0
0
6.12703557724e-27
3.24283208811e-26
6.61492421662e-26
1.01149477569e-25
1.20596353144e-25
1.29798133784e-25
1.45083708969e-25
1.29528537149e-25
1.16257532467e-25
8.18065100623e-26
3.19455754247e-26
1.32534131347e-26
5.87345400636e-27
4.02852056858e-27
4.02190555833e-27
4.43906401541e-27
4.92055598702e-27
5.55134015238e-27
6.31678540682e-27
7.29083587942e-27
8.57422973985e-27
1.01829577878e-26
1.24059026211e-26
1.70902680662e-26
3.72079432997e-24
200
200
200
1.15581834476e-20
1.68238410252e-23
1.84084708094e-24
2.85739106018e-25
1.95255108735e-27
4.08275425981e-27
4.24949168929e-29
0
0
0
0
0
0
0
0
0
0
0
0
0
0
0
0
0
0
0
0
0
0
0
0
0
0
0
0
0
0
0
0
0
0
0
0
0
0
0
0
0
0
0
0
0
0
0
0
0
0
0
0
0
0
0
0
0
0
0
0
0
2.97715452216e-26
8.61054522924e-26
9.31285746232e-26
9.64674192905e-26
1.04814014008e-25
1.1218535677e-25
1.19176657597e-25
1.21524126951e-25
1.15751505363e-25
1.03785757678e-25
8.31846326532e-26
1.77524830485e-26
6.82475254146e-27
5.08200121539e-27
4.58431050796e-27
4.64056195038e-27
4.91825517065e-27
5.37524130159e-27
5.95402372267e-27
6.67465004367e-27
7.55321952795e-27
8.6124125378e-27
9.8987973651e-27
1.18191271926e-26
1.49651616601e-24
200
62.074061518
4.47787708299e-21
2.84913229415e-23
2.64643767341e-24
9.19406217513e-26
5.04122566416e-27
1.28079260963e-27
7.55877158591e-28
1.75679476697e-27
2.4100372565e-27
1.77464315839e-30
0
0
0
0
0
0
0
0
0
0
0
0
0
0
0
0
0
0
0
0
0
0
0
0
0
0
0
0
0
0
0
0
0
0
0
0
0
0
0
0
0
0
0
0
0
0
0
0
0
0
0
0
0
0
0
0
0
0
0
6.82904631964e-26
9.98357025869e-26
1.04232839399e-25
1.07632403878e-25
1.12937288538e-25
1.17596285497e-25
1.2271536819e-25
1.26113622956e-25
1.30701092621e-25
1.32384987998e-25
1.23167742994e-25
5.48625364513e-26
1.11810300793e-26
6.70290760213e-27
5.33780896241e-27
5.0195564944e-27
5.08378551247e-27
5.34422901857e-27
5.75765763662e-27
6.29319591276e-27
6.92012022628e-27
7.65531618953e-27
8.48109881925e-27
9.57390990875e-27
5.56186316156e-25
9.45963100468e-20
1.66069662555e-21
3.9082747662e-23
3.11749141322e-24
1.93174287701e-25
7.0758133317e-27
1.75142240129e-27
1.01186180748e-27
8.40051872399e-28
1.03699092332e-27
8.39630962813e-28
1.42248411978e-27
2.10835211663e-29
0
0
0
0
0
0
0
0
0
0
0
0
0
0
0
0
0
0
0
0
0
0
0
0
0
0
0
0
0
0
0
0
0
0
0
0
0
0
0
0
0
0
0
0
0
0
0
0
0
0
0
0
0
0
0
0
0
0
6.2050677743e-26
1.09618977527e-25
1.10937974894e-25
1.18705324142e-25
1.2290448105e-25
1.25685140129e-25
1.29270250358e-25
1.32962578875e-25
1.38669948102e-25
1.48422311254e-25
1.55942220092e-25
1.01402630607e-25
1.75808284618e-26
8.59562539054e-27
6.34664683173e-27
5.57802259894e-27
5.39031937034e-27
5.46806206368e-27
5.72820256658e-27
6.09994709699e-27
6.55843921465e-27
7.09031903254e-27
7.6586722157e-27
8.37143892662e-27
1.65143907987e-25
4.82069314207e-22
4.21455071112e-23
4.01108621199e-24
3.07910281872e-25
9.14695521883e-27
1.57625415851e-27
9.98716763059e-28
7.56046685159e-28
6.80289442732e-28
6.80200218222e-28
6.27993996797e-28
5.50324972874e-28
1.28008460531e-27
3.39059739525e-28
0
0
0
0
0
0
0
0
0
0
0
0
0
0
0
0
0
0
0
0
0
0
0
0
0
0
0
0
0
0
0
0
0
0
0
0
0
0
0
0
0
0
0
0
0
0
0
0
0
0
0
0
0
0
0
0
0
0
1.67369849879e-25
1.29956699895e-25
1.37075881781e-25
1.38948418047e-25
1.39039841056e-25
1.40916640532e-25
1.43290631654e-25
1.49115485864e-25
1.56047353156e-25
1.6961298631e-25
1.46949661248e-25
3.77157330822e-26
1.12043332487e-26
7.53395841388e-27
6.27041059478e-27
5.82184910863e-27
5.72872017546e-27
5.83257489864e-27
6.10234741253e-27
6.44295803371e-27
6.83600706e-27
7.24182695583e-27
199.999999999
200
5.0607706178e-23
5.02137100247e-24
4.53463231536e-25
3.180799601e-27
1.2325795104e-27
8.49146316502e-28
6.80442016643e-28
6.12260498459e-28
5.50881874701e-28
5.50792650192e-28
5.50583358132e-28
6.11759286814e-28
8.63205442715e-28
2.10023289807e-27
1.07335454519e-27
0
0
0
0
0
0
0
0
0
0
0
0
0
0
0
0
0
0
0
0
0
0
0
0
0
0
0
0
0
0
0
0
0
0
0
0
0
0
0
0
0
0
0
0
0
0
0
0
0
0
0
0
0
0
0
0
0
2.80347417387e-25
1.80331181381e-25
1.73012097083e-25
1.64480314211e-25
1.58770139929e-25
1.5654030988e-25
1.57733964268e-25
1.59950938172e-25
1.65671123772e-25
1.74159931081e-25
1.86071590708e-25
6.96339483213e-26
1.46813927793e-26
8.93001396685e-27
7.1000446769e-27
6.3616803886e-27
6.07292454962e-27
6.07904364789e-27
6.21847584846e-27
6.46702080199e-27
200
200
200
200
8.28169857296e-24
5.83389494084e-25
1.15828427661e-27
9.08510802512e-28
7.27076266583e-28
6.11667622398e-28
5.21853911194e-28
4.89759805472e-28
4.46142046655e-28
4.46061744597e-28
4.80271157801e-28
5.443906596e-28
7.18946836035e-28
1.61664080121e-27
3.96578991335e-26
5.04173907352e-27
0
0
0
0
0
0
0
0
0
0
0
0
0
0
0
0
0
0
0
0
0
0
0
0
0
0
0
0
0
0
0
0
0
0
0
0
0
0
0
0
0
0
0
0
0
0
0
0
0
0
0
0
0
0
0
0
2.98419177557e-25
2.45264359664e-25
2.15951491232e-25
1.9808959396e-25
1.84062824389e-25
1.77832983667e-25
1.73936792868e-25
1.73120150925e-25
1.75820426817e-25
1.81490899532e-25
2.09319471216e-25
1.01491434853e-25
1.87175302148e-26
1.04716468269e-26
8.02710340195e-27
6.99230657673e-27
6.56291193685e-27
6.4329890796e-27
200
200
200
200
200
200
8.12632474283e-25
7.23541047129e-28
6.5269232251e-28
5.74009681317e-28
4.97149993078e-28
4.46261736071e-28
4.0152784199e-28
3.89575628555e-28
3.66310744459e-28
3.72810070275e-28
4.01286043569e-28
4.45763228028e-28
6.11404733546e-28
9.92652748004e-24
3.53608934067e-24
1.11076331986e-24
8.63756885838e-27
0
0
0
0
0
0
0
0
0
0
0
0
0
0
0
0
0
0
0
0
0
0
0
0
0
0
0
0
0
0
0
0
0
0
0
0
0
0
0
0
0
0
0
0
0
0
0
0
0
0
0
0
0
0
0
3.14585224221e-25
3.03434119098e-25
2.60699846085e-25
2.35589214799e-25
2.17382565423e-25
2.02534276735e-25
1.92744218168e-25
1.87565405365e-25
1.8627250547e-25
1.88310600941e-25
2.10353416755e-25
1.173360407e-25
2.24557217846e-26
1.20956894035e-26
9.03469705768e-27
7.72433803413e-27
200
200
200
200
200
200
200
200
4.97831684706e-28
4.77171602406e-28
4.4870526722e-28
4.13426859963e-28
3.80436232004e-28
3.56336871407e-28
3.25113967144e-28
3.2238597431e-28
3.11032060155e-28
3.18767105936e-28
3.24872168723e-28
3.68059310722e-28
1.56619428972e-18
6.71695376307e-18
9.74477757747e-20
7.17972986865e-22
2.84208187604e-23
2.37247659612e-27
0
0
0
0
0
0
0
0
0
0
0
0
0
0
0
0
0
0
0
0
0
0
0
0
0
0
0
0
0
0
0
0
0
0
0
0
0
0
0
0
0
0
0
0
0
0
0
0
0
0
0
0
0
0
2.71200233978e-25
3.53324950702e-25
2.99263544664e-25
2.71081800681e-25
2.49655250577e-25
2.28820110055e-25
2.13084295821e-25
2.01911447434e-25
1.95405765109e-25
1.92577868274e-25
2.08526939645e-25
1.13594702013e-25
200
200
200
200
200
200
200
200
200
200
200
200
3.63466720694e-28
3.52437244682e-28
3.38764863966e-28
3.23409532088e-28
3.02109144611e-28
2.90315602887e-28
2.69786715268e-28
2.63146456666e-28
2.63146456666e-28
2.63066154607e-28
2.73595163086e-28
5.7441102827e-13
200
200
200
3.18293986479e-16
1.5127291319e-20
1.53756138061e-22
3.8718206341e-28
0
0
0
0
0
0
0
0
0
0
0
0
0
0
0
0
0
0
0
0
0
0
0
0
0
0
0
0
0
0
0
0
0
0
0
0
0
0
0
0
0
0
0
0
0
0
0
0
0
0
0
0
0
1.92230486901e-25
3.86421786283e-25
200
200
200
200
200
200
200
200
200
200
200
200
200
200
200
200
200
200
200
200
200
200
2.85937182105e-28
2.81692035066e-28
2.73720482433e-28
2.63373866555e-28
2.51975798825e-28
2.36879228562e-28
2.31616163674e-28
2.21433930702e-28
2.16021699832e-28
2.19142809365e-28
2.34898163361e-28
200
200
200
200
200
200
2.73047464159e-19
1.24542470622e-22
1.00671479726e-30
0
0
0
0
0
0
0
0
0
0
0
0
0
0
0
0
0
0
0
0
0
0
0
0
0
0
0
0
0
0
0
0
0
0
0
0
0
0
0
0
0
0
0
0
0
0
0
0
0
0
0
0
200
200
200
200
200
200
200
200
200
200
200
200
200
200
200
200
200
200
200
200
200
200
200
200
2.40617915006e-28
2.3356014857e-28
2.28988072713e-28
2.21950759046e-28
2.11681760018e-28
2.0298966653e-28
1.93446707216e-28
1.89161648617e-28
1.86064620708e-28
1.87854050273e-28
1.91637910188e-28
2.13011313379e-28
200
200
200
200
200
200
2.21081895661e-19
2.60606652617e-24
0
0
0
0
0
0
0
0
0
0
0
0
0
0
0
0
0
0
0
0
0
0
0
0
0
0
0
0
0
0
0
0
0
0
0
0
0
0
0
0
0
0
0
0
0
0
0
0
0
0
0
200
200
200
200
200
200
200
200
200
200
200
200
200
200
200
200
200
200
200
200
200
200
200
200
200
2.02911558613e-28
2.00123074297e-28
1.93601569163e-28
1.85435471262e-28
1.7993123841e-28
1.69244562974e-28
1.63993132195e-28
1.58954728721e-28
1.55618715178e-28
1.55843790732e-28
1.61914024871e-28
1.76849512337e-28
2.22412210516e-28
200
200
200
200
200
200
1.26308965401e-20
1.64572416575e-24
0
0
0
0
0
0
0
0
0
0
0
0
0
0
0
0
0
0
0
0
0
0
0
0
0
0
0
0
0
0
0
0
0
0
0
0
0
0
0
0
0
0
0
0
0
0
0
0
0
200
200
200
200
200
200
200
200
200
200
200
200
200
200
200
200
200
200
200
200
200
200
200
200
200
200
1.70549653404e-28
1.65530123657e-28
1.62384228201e-28
1.56779727092e-28
1.49335963916e-28
1.45524723365e-28
1.38300401201e-28
1.34390804332e-28
1.32295219814e-28
1.3212330512e-28
1.35170012304e-28
1.45364695845e-28
1.74462872995e-28
2.20660355983e-26
200
200
200
200
200
2.0154234814e-13
6.27718490897e-22
2.92289177729e-27
0
0
0
0
0
0
0
0
0
0
0
0
0
0
0
0
0
0
0
0
0
0
0
0
0
0
0
0
0
0
0
0
0
0
0
0
0
0
0
0
0
0
0
0
0
0
0
0
200
200
200
200
200
200
200
200
200
200
200
200
200
200
200
200
200
200
200
200
200
200
200
200
200
200
1.4317389791e-28
1.40472797751e-28
1.37593698586e-28
1.3327517505e-28
1.29201410871e-28
1.23445419794e-28
1.19753117562e-28
1.16965306413e-28
1.14302639531e-28
1.128120108e-28
1.14886088398e-28
1.19808771883e-28
1.35718867726e-28
7.40916705448e-27
2.99054167335e-25
200
200
200
200
200
4.82458030201e-19
1.39376084083e-24
2.63154557692e-28
0
0
0
0
0
0
0
0
0
0
0
0
0
0
0
0
0
0
0
0
0
0
0
0
0
0
0
0
0
0
0
0
0
0
0
0
0
0
0
0
0
0
0
0
0
0
200
200
200
200
200
200
200
200
200
200
200
200
200
200
200
200
200
200
200
200
200
200
200
200
200
200
200
1.25746416695e-28
1.23042019867e-28
1.20087825392e-28
1.16959177513e-28
1.13197638702e-28
1.08589784447e-28
1.06418407446e-28
1.02822530525e-28
9.92476474927e-29
9.8160741727e-29
9.81739465446e-29
1.00413441958e-28
1.08841677926e-28
2.08644887311e-28
1.43956352472e-25
2.66245154992e-25
200
200
200
200
4.83417572093e-11
1.85029314631e-24
1.89428727449e-24
0
0
0
0
0
0
0
0
0
0
0
0
0
0
0
0
0
0
0
0
0
0
0
0
0
0
0
0
0
0
0
0
0
0
0
0
0
0
0
0
0
0
0
0
0
0
200
200
200
200
200
200
200
200
200
200
200
200
200
200
200
200
200
200
200
200
200
200
200
200
200
200
200
1.13266644967e-28
1.10819164436e-28
1.0835615592e-28
1.05377727952e-28
1.02302900444e-28
9.83522601171e-29
9.59038071981e-29
9.17643647423e-29
8.81799693633e-29
8.66712736429e-29
8.58351591834e-29
8.64791388557e-29
9.03522711389e-29
1.08125215169e-28
3.70278287321e-26
3.77690213764e-25
2.37712199748e-25
3.45286608264e-25
200
200
200
1.42571518461e-24
2.85048968626e-24
1.92619699571e-24
0
0
0
0
0
0
0
0
0
0
0
0
0
0
0
0
0
0
0
0
0
0
0
0
0
0
0
0
0
0
0
0
0
0
0
0
0
0
0
0
0
0
0
0
200
200
200
200
200
200
200
200
200
200
200
200
200
200
200
200
200
200
200
200
200
200
200
200
200
200
200
200
1.04757379215e-28
1.0213438435e-28
1.00259386669e-28
9.71561611804e-29
9.37038109884e-29
9.05254672829e-29
8.65708017302e-29
8.27604280778e-29
7.88329465088e-29
7.68968365882e-29
7.45997300164e-29
7.37413143227e-29
7.61475815675e-29
8.37238164059e-29
6.55725072042e-27
1.90689697514e-25
2.27364256906e-25
3.47589435939e-25
5.06540504647e-25
6.76806752874e-25
1.01891808755e-24
1.39569174111e-24
2.2266622021e-24
5.04212142287e-24
2.6384864288e-23
0
0
0
0
0
0
0
0
0
0
0
0
0
0
0
0
0
0
0
0
0
0
0
0
0
0
0
0
0
0
0
0
0
0
0
0
0
0
0
0
0
0
0
200
200
200
200
200
200
200
200
200
200
200
200
200
200
200
200
200
200
200
200
200
200
200
200
200
200
200
200
9.86729970248e-29
9.59095761236e-29
9.38267841214e-29
9.09272433629e-29
8.72864291086e-29
8.35274236056e-29
7.91988623221e-29
7.48941485527e-29
7.07040395549e-29
6.74907563025e-29
6.44869408728e-29
6.31128310279e-29
6.29966083752e-29
6.60729830196e-29
8.79738900715e-29
3.58988561601e-26
2.09495600559e-25
2.75145785208e-25
5.73764967775e-25
8.67889179077e-25
1.30176758614e-24
1.76995865719e-24
2.72068447544e-24
6.80448112527e-24
1.93740240987e-23
1.37600130214e-24
0
0
0
0
0
0
0
0
0
0
0
0
0
0
0
0
0
0
0
0
0
0
0
0
0
0
0
0
0
0
0
0
0
0
0
0
0
0
0
0
0
0
200
200
200
200
200
200
200
200
200
200
200
200
200
200
200
200
200
200
200
200
200
200
200
200
200
200
200
200
9.50223575985e-29
9.15164765054e-29
8.92189868053e-29
8.61438283925e-29
8.16380279685e-29
7.75767224003e-29
7.27866160036e-29
6.78764169441e-29
6.3567847831e-29
5.97076635877e-29
5.64960495993e-29
5.4044928055e-29
5.21664894643e-29
5.22593681651e-29
5.68577324074e-29
3.08810980688e-27
5.98803898232e-26
1.37022704475e-25
3.09035705418e-25
5.86296768574e-25
1.14282057588e-24
1.98875997101e-24
3.59870793706e-24
4.6364804038e-24
4.78766140023e-24
1.19655811277e-23
0
0
0
0
0
0
0
0
0
0
0
0
0
0
0
0
0
0
0
0
0
0
0
0
0
0
0
0
0
0
0
0
0
0
0
0
0
0
0
0
0
0
200
200
200
200
200
200
200
200
200
200
200
200
200
200
200
200
200
200
200
200
200
200
200
200
200
200
200
200
9.39186663201e-29
8.93545675014e-29
8.64138196371e-29
8.25362583966e-29
7.78407672395e-29
7.27107775321e-29
6.74270841428e-29
6.24249088374e-29
5.75993860271e-29
5.34614452512e-29
5.01554955444e-29
4.72144891606e-29
4.53917972273e-29
4.37899987142e-29
4.38013545874e-29
4.95348995813e-29
8.10934899334e-27
3.98370446568e-26
8.96067601748e-26
2.05131860976e-25
3.92808979363e-25
8.09381290965e-25
1.51858918968e-24
2.49456970291e-24
3.11749111726e-24
4.90461411672e-24
3.16358766172e-23
5.68721605616e-17
0
0
0
0
0
0
0
0
0
0
0
0
0
0
0
0
0
0
0
0
0
0
0
0
0
0
0
0
0
0
0
0
0
0
0
0
0
0
0
200
200
200
200
200
200
200
200
200
200
200
200
200
200
200
200
200
200
200
200
200
200
200
200
200
200
200
200
200
9.67228709825e-29
8.98568166026e-29
8.58512566993e-29
8.1195132958e-29
7.51944073557e-29
6.93973536524e-29
6.35975704087e-29
5.79585650405e-29
5.31249124166e-29
4.87317759496e-29
4.51863762366e-29
4.24682276209e-29
3.98863849814e-29
3.74556736215e-29
3.64360897707e-29
3.65119489533e-29
7.04512900819e-29
6.78044507254e-27
1.73715508875e-26
3.9840398049e-26
8.54507766775e-26
1.81280720352e-25
3.67853896302e-25
7.76616885373e-25
1.4593501065e-24
3.05517124468e-24
3.95610023905e-17
123.746511099
0
0
0
0
0
0
0
0
0
0
0
0
0
0
0
0
0
0
0
0
0
0
0
0
0
0
0
0
0
0
0
0
0
0
0
0
0
0
0
200
200
200
200
200
200
200
200
200
200
200
200
200
200
200
200
200
200
200
200
200
200
200
200
200
200
200
200
200
200
9.55881667869e-29
8.86304741851e-29
8.11690834139e-29
7.4187586268e-29
6.72618732369e-29
6.09491344401e-29
5.50692351588e-29
5.00384359845e-29
4.55335815245e-29
4.2038254916e-29
3.85857201389e-29
3.56134799658e-29
3.29362598304e-29
3.02120659411e-29
2.87387119534e-29
2.88839450221e-29
3.9843835221e-28
3.38543015083e-27
7.03207551858e-27
1.36158128448e-26
2.42055768845e-26
4.60787209735e-26
1.18938119028e-25
4.89308263861e-25
1.39783334042e-22
1.36554571274e-16
1.34197409596e-24
82.1533070759
0
0
0
0
0
0
0
0
0
0
0
0
0
0
0
0
0
0
0
0
0
0
0
0
0
0
0
0
0
0
0
0
0
0
0
0
0
0
200
200
200
200
200
200
200
200
200
200
200
200
200
200
200
200
200
200
200
200
200
200
200
200
200
200
200
200
200
2.30049063213e-14
1.11405227959e-28
9.74169313294e-29
8.50657628832e-29
7.51785390072e-29
6.66370958322e-29
5.92471821497e-29
5.29046251663e-29
4.71667719303e-29
4.31622730802e-29
3.91531425755e-29
3.56148591372e-29
3.21001861583e-29
2.87231881324e-29
2.55887729054e-29
2.30242254233e-29
2.13587470743e-29
2.19203470025e-29
3.60210121035e-28
1.12946890513e-27
2.07096947773e-27
3.43439285977e-27
4.99552270888e-27
6.91575761686e-27
1.24104365011e-26
5.99044535656e-26
4.21126354569e-25
5.11981426129e-26
200
0
0
0
0
0
0
0
0
0
0
0
0
0
0
0
0
0
0
0
0
0
0
0
0
0
0
0
0
0
0
0
0
0
0
0
0
0
200
200
200
200
200
200
200
200
200
200
200
200
200
200
200
200
200
200
200
200
200
200
200
200
200
200
200
200
200
200
5.36500036702e-23
1.58540970372e-28
1.19308215406e-28
9.41563458231e-29
7.83643795713e-29
6.715214416e-29
5.8604234348e-29
5.13569303016e-29
4.58965660659e-29
4.11423008803e-29
3.70980904473e-29
3.3351370419e-29
2.95243548934e-29
2.5671102087e-29
2.22382425746e-29
1.94417470084e-29
1.70458434495e-29
1.52872015256e-29
1.9673067163e-29
1.26633895957e-28
2.35021960286e-28
4.07450663879e-28
5.88136450755e-28
5.4777249569e-28
3.91497787172e-28
1.1650385026e-28
1.01771424473e-28
4.43137458606e-29
6.90036968159e-28
200
0
0
0
0
0
0
0
0
0
0
0
0
0
0
0
0
0
0
0
0
0
0
0
0
0
0
0
0
0
0
0
0
0
0
0
0
200
200
200
200
200
200
200
200
200
200
200
200
200
200
200
200
200
200
200
200
200
200
200
200
200
200
200
200
200
200
3.97146253034e-22
4.79170359949e-20
157.145784378
1.110666021e-28
8.35485630565e-29
6.87274310486e-29
5.84632483605e-29
5.06185986551e-29
4.49333572063e-29
4.01294789887e-29
3.56627752591e-29
3.17926641743e-29
2.78491593477e-29
2.39140707756e-29
2.04233370257e-29
1.72505842192e-29
1.36673780755e-29
8.84958685284e-30
9.59740795918e-30
1.70499976721e-29
3.1300591681e-29
4.39419697132e-29
4.20374943627e-29
2.3976685915e-29
3.12289896697e-29
4.36656792128e-29
7.41787748102e-29
1.25862134469e-28
8.40233060174e-28
1.16879324376e-26
0
0
0
0
0
0
0
0
0
0
0
0
0
0
0
0
0
0
0
0
0
0
0
0
0
0
0
0
0
0
0
0
0
0
0
9.00933688737e-32
200
200
200
200
200
200
200
200
200
200
200
200
200
200
200
200
200
200
200
200
200
200
200
200
200
200
200
200
200
200
1.44266212949e-21
4.67229287968e-23
5.20255555747e-17
200
2.97005379059e-12
7.05771226878e-29
5.82808539594e-29
5.01573341359e-29
4.42889832796e-29
3.93348994124e-29
3.50341831276e-29
3.0938433843e-29
2.66491815897e-29
2.27374997599e-29
1.89568784096e-29
1.496292113e-29
1.06230932074e-29
5.67810355493e-30
1.00670692844e-30
1.79872257283e-30
2.1020335296e-30
2.38635952316e-30
5.33692743752e-30
7.750175626e-30
1.27814171024e-29
2.66171755058e-29
6.67263299261e-29
2.55886681711e-28
1.42364947065e-27
1.28124995618e-27
4.26758063086e-32
0
0
0
0
0
0
0
0
0
0
0
0
0
0
0
0
0
0
0
0
0
0
0
0
0
0
0
0
0
0
0
0
0
0
200
200
200
200
200
200
200
200
200
200
200
200
200
200
200
200
200
200
200
200
200
200
200
200
200
200
200
200
200
200
200
1.14680671176e-21
1.21818646022e-21
1.25597014987e-21
2.43786966023e-21
5.0992861166e-16
200
200
5.2070500489e-29
4.49030065509e-29
3.96232250567e-29
3.50234605201e-29
3.08034945691e-29
2.59179753133e-29
2.2184374889e-29
1.83003804932e-29
1.50856156362e-29
1.11559875166e-29
5.34768268126e-30
1.00670692844e-30
1.62530149872e-30
2.05461596703e-30
2.33894196059e-30
2.95245348721e-30
6.9166178627e-30
9.7560413446e-30
2.07367989148e-29
6.00536969334e-29
1.25896701872e-28
2.37171151045e-28
9.72147394149e-30
6.91558004636e-27
0
0
0
0
0
0
0
0
0
0
0
0
0
0
0
0
0
0
0
0
0
0
0
0
0
0
0
0
0
0
0
0
0
0
200
200
200
200
200
200
200
200
200
200
200
200
200
200
200
200
200
200
200
200
200
200
200
200
200
200
200
200
200
200
193.548963143
)
;

boundaryField
{
    frontAndBack
    {
        type            empty;
    }
    leftWall
    {
        type            calculated;
        value           uniform 0;
    }
    outlet
    {
        type            calculated;
        value           uniform 0;
    }
    rightWall
    {
        type            calculated;
        value           uniform 0;
    }
    inlet
    {
        type            calculated;
        value           uniform 6.378658082e-26;
    }
}


// ************************************************************************* //
