/*--------------------------------*- C++ -*----------------------------------*\
| =========                 |                                                 |
| \\      /  F ield         | OpenFOAM: The Open Source CFD Toolbox           |
|  \\    /   O peration     | Version:  v1906                                 |
|   \\  /    A nd           | Web:      www.OpenFOAM.com                      |
|    \\/     M anipulation  |                                                 |
\*---------------------------------------------------------------------------*/
FoamFile
{
    version     2.0;
    format      ascii;
    class       volScalarField;
    location    "423";
    object      alpha;
}
// * * * * * * * * * * * * * * * * * * * * * * * * * * * * * * * * * * * * * //

dimensions      [0 0 -1 0 0 0 0];


internalField   nonuniform List<scalar> 
9216
(
199.999739049
200
200
200
200
200
200
200
200
200
200
200
200
200
200
200
200
200
200
200
200
200
200
200
200
200
200
200
200
200
200
200
200
200
200
200
200
200
200
200
200
200
200
200
200
200
200
200
200
200
200
200
200
200
200
200
200
200
200
200
200
200
200
200
200
200
200
200
200
200
200
200
200
200
200
200
200
200
200
200
200
200
200
199.999999871
191.51488295
173.837877217
155.837472551
132.733891029
106.413607928
83.5472050588
63.0869178395
46.8528884074
33.7719127146
21.8425568502
12.6255498812
1.4979335457
200
200
200
200
200
200
200
200
200
200
200
200
200
200
200
200
200
200
200
200
200
200
200
200
200
200
200
200
200
200
200
200
200
200
200
200
200
200
200
200
200
200
200
200
200
200
200
200
200
200
200
200
200
200
200
200
200
200
200
200
200
200
200
200
200
200
200
200
200
200
200
200
200
200
200
200
200
200
200
200
200
200
200
200
199.999984675
187.072987425
169.260601525
145.14235103
122.518033333
96.3209159799
73.4687351505
58.4092559136
46.1552661326
29.9937398537
19.7927652928
15.0390134668
200
200
200
200
200
200
200
200
200
200
200
200
200
200
200
200
200
200
200
200
200
200
200
200
200
200
200
200
200
200
200
200
200
200
200
200
200
200
200
200
200
200
200
200
200
200
200
200
200
200
200
200
200
200
200
200
200
200
200
200
200
200
200
200
200
200
200
200
200
200
200
200
200
200
200
200
200
200
200
200
200
200
200
200
199.999760216
183.918177386
159.906163691
145.513720302
127.975064083
98.4556766427
70.8126460924
62.4376981242
45.6184774589
35.0955029753
30.7813320834
20.8289266954
200
200
200
200
200
200
200
200
200
200
200
200
200
200
200
200
200
200
200
200
200
200
200
200
200
200
200
200
200
200
200
200
200
200
200
200
200
200
200
200
200
200
200
200
200
200
200
200
200
200
200
200
200
200
200
200
200
200
200
200
200
200
200
200
200
200
200
200
200
200
200
200
200
200
200
200
200
200
200
200
200
200
200
199.999999991
198.825834442
177.154542885
157.81286453
143.915135122
120.780688383
103.313299658
83.5922646089
60.102914584
54.302291916
45.1760738664
39.0463665817
26.8264336209
200
200
200
200
200
200
200
200
200
200
200
200
200
200
200
200
200
200
200
200
200
200
200
200
200
200
200
200
200
200
200
200
200
200
200
200
200
200
200
200
200
200
200
200
200
200
200
200
200
200
200
200
200
200
200
200
200
200
200
200
200
200
200
200
200
200
200
200
200
200
200
200
200
200
200
200
200
200
200
200
200
200
200
199.999999386
190.447485119
168.461685038
149.491823445
137.143686153
128.290552197
105.232918883
90.4646358108
69.8845117313
55.7650072963
54.7510328744
51.1047336115
38.8396062042
200
200
200
200
200
200
200
200
200
200
200
200
200
200
200
200
200
200
200
200
200
200
200
200
200
200
200
200
200
200
200
200
200
200
200
200
200
200
200
200
200
200
200
200
200
200
200
200
200
200
200
200
200
200
200
200
200
200
200
200
200
200
200
200
200
200
200
200
200
200
200
200
200
200
200
200
200
200
200
200
200
200
200
199.999976871
187.130634588
166.798928124
154.990043108
137.086365342
117.594011487
99.2239156661
97.0016932293
84.6832846395
66.4965778713
63.2678431777
62.4200754946
49.6589016235
200
200
200
200
200
200
200
200
200
200
200
200
200
200
200
200
200
200
200
200
200
200
200
200
200
200
200
200
200
200
200
200
200
200
200
200
200
200
200
200
200
200
200
200
200
200
200
200
200
200
200
200
200
200
200
200
200
200
200
200
200
200
200
200
200
200
200
200
200
200
200
200
200
200
200
200
200
200
200
200
200
200
199.999999993
199.818820659
182.802273669
165.347522357
150.620065637
136.672568508
117.37798131
108.743281559
94.8787781005
93.7598918785
84.338864534
73.4333171748
73.2655485103
60.0372468117
200
200
200
200
200
200
200
200
200
200
200
200
200
200
200
200
200
200
200
200
200
200
200
200
200
200
200
200
200
200
200
200
200
200
200
200
200
200
200
200
200
200
200
200
200
200
200
200
200
200
200
200
200
200
200
200
200
200
200
200
200
200
200
200
200
200
200
200
200
200
200
200
200
200
200
200
200
200
200
200
200
200
199.999999973
198.421421171
179.25752199
164.321276631
146.398219716
132.417482457
120.614066993
114.117006038
105.478311807
95.8154780864
96.3404632637
82.8115962768
83.5105895994
70.3441754726
200
200
200
200
200
200
200
200
200
200
200
200
200
200
200
200
200
200
200
200
200
200
200
200
200
200
200
200
200
200
200
200
200
200
200
200
200
200
200
200
200
200
200
200
200
200
200
200
200
200
200
200
200
200
200
200
200
200
200
200
200
200
200
200
200
200
200
200
200
200
200
200
200
200
200
200
200
200
200
200
200
200
199.999999654
194.381354303
179.242636263
165.097721935
150.03334788
133.929803957
122.77904481
110.531246777
112.650669161
106.731331575
100.404499268
95.7704381728
92.0371487054
79.5901515
200
200
200
200
200
200
200
200
200
200
200
200
200
200
200
200
200
200
200
200
200
200
200
200
200
200
200
200
200
200
200
200
200
200
200
200
200
200
200
200
200
200
200
200
200
200
200
200
200
200
200
200
200
200
200
200
200
200
200
200
200
200
200
200
200
200
200
200
200
200
200
200
200
200
200
200
200
200
200
200
200
200
199.999984135
191.336644665
178.508025825
164.764801054
149.555060085
136.76715493
126.537466981
119.039762608
112.519078301
113.673829042
109.052470142
106.854404043
100.204648335
89.3402867543
200
200
200
200
200
200
200
200
200
200
200
200
200
200
200
200
200
200
200
200
200
200
200
200
200
200
200
200
200
200
200
200
200
200
200
200
200
200
200
200
200
200
200
200
200
200
200
200
200
200
200
200
200
200
200
200
200
200
200
200
200
200
200
200
200
200
200
200
200
200
200
200
200
200
200
200
200
200
200
200
200
200
199.999912168
190.965928167
177.767614462
161.504589043
148.962751715
139.416216223
133.809874498
126.916255911
121.706313869
114.467735931
116.411091055
118.760959535
108.511190285
96.9616113918
200
200
200
200
200
200
200
200
200
200
200
200
200
200
200
200
200
200
200
200
200
200
200
200
200
200
200
200
200
200
200
200
200
200
200
200
200
200
200
200
200
200
200
200
200
200
200
200
200
200
200
200
200
200
200
200
200
200
200
200
200
200
200
200
200
200
200
200
200
200
200
200
200
200
200
200
200
200
200
200
200
200
199.999418902
190.506055436
176.361511545
162.416432407
152.719019043
144.716693091
137.081731705
132.029260035
127.254779222
123.653202512
118.883327129
124.400052816
116.061028416
102.954663929
200
200
200
200
200
200
200
200
200
200
200
200
200
200
200
200
200
200
200
200
200
200
200
200
200
200
200
200
200
200
200
200
200
200
200
200
200
200
200
200
200
200
200
200
200
200
200
200
200
200
200
200
200
200
200
200
200
200
200
200
200
200
200
200
200
200
200
200
200
200
200
200
200
200
200
200
200
200
200
200
200
199.999999999
199.986621484
190.527882173
176.330453911
166.533247366
157.273395475
148.572723518
140.985728478
136.013455743
131.229122503
127.731223382
125.609175708
128.01751827
122.473465076
108.355759416
200
200
200
200
200
200
200
200
200
200
200
200
200
200
200
200
200
200
200
200
200
200
200
200
200
200
200
200
200
200
200
200
200
200
200
200
200
200
200
200
200
200
200
200
200
200
200
200
200
200
200
200
200
200
200
200
200
200
200
200
200
200
200
178.292176474
121.477249579
70.0134533639
63.2953677936
85.278530287
133.330439737
169.262744131
190.610549373
199.432872791
200
200
200
200
200
200
200
200
200
200
199.99912963
190.875762943
180.997869913
168.597818033
160.344652142
151.415160565
144.487255688
141.443459211
135.536550948
132.4679072
129.732700142
127.807469953
130.372652204
113.024899355
200
200
200
200
200
200
200
200
200
200
200
200
200
200
200
200
200
200
200
200
200
200
200
200
200
200
200
200
200
200
200
200
200
200
200
200
200
200
200
200
200
200
200
200
200
200
200
200
200
200
200
200
200
200
200
200
200
200
25.7665490334
2.07665622759
0.37213683797
0.0975975871213
0.0349304919891
0.0166112144334
0.0119628451431
0.0129038805241
0.0184372831121
0.0316916177677
0.0631694873482
0.145605513845
0.381523760327
1.14448283168
3.95896980926
16.0505312726
77.1893609769
185.505697595
200
200
200
200
200
199.999999996
199.999983128
193.936033647
181.28903966
172.297089875
160.368777093
154.027203855
149.89631018
145.88432959
139.932868861
136.440415257
132.990475547
131.139614599
135.637421351
117.045679709
200
200
200
200
200
200
200
200
200
200
200
200
200
200
200
200
200
200
200
200
200
200
200
200
200
200
200
200
200
200
200
200
200
200
200
200
200
200
200
200
200
200
200
200
200
200
200
200
200
200
200
200
200
200
200
200
0.276012950357
0.0024152286056
0.000316681518743
7.59549952146e-05
2.59662321223e-05
1.14023706991e-05
6.55211684827e-06
5.50026263902e-06
6.44774796158e-06
9.49030383652e-06
1.63859419009e-05
3.23297334789e-05
7.13431725535e-05
0.000179285650087
0.000508325166448
0.00163486739267
0.00597556495447
0.0247091553394
0.118334241727
0.66581468233
4.40690005678
34.7192130961
173.941005884
199.844731897
199.998848645
199.952710735
199.999996167
193.78167294
182.671310714
172.151476624
163.111927259
160.195362929
155.084481728
148.135304087
142.35432002
139.193405275
136.854055417
133.761711337
136.734929891
120.07079318
200
200
200
200
200
200
200
200
200
200
200
200
200
200
200
200
200
200
200
200
200
200
200
200
200
200
200
200
200
200
200
200
200
200
200
200
200
200
200
200
200
200
200
200
200
200
200
200
200
200
200
200
200
200
0.0505406241284
2.17429248913e-05
1.10331634825e-06
2.00848790114e-07
5.62748009439e-08
2.17092108817e-08
1.07506107961e-08
6.74914871489e-09
5.91926623839e-09
6.98194743882e-09
1.01975703652e-08
1.72544890575e-08
3.28763954304e-08
7.08108938545e-08
1.71658623999e-07
4.59136251749e-07
1.39152687625e-06
4.78446847796e-06
1.84158258841e-05
7.88741505441e-05
0.000383352079796
0.00213277306475
0.0132873718393
0.0951653694597
0.820902713089
8.48850599925
107.154438692
195.888079119
199.889215299
190.584832168
181.158350875
170.554658188
165.903650711
162.606012985
152.329931094
147.511065279
144.884887272
140.878846209
139.00822835
135.944213036
137.143393806
121.987072017
200
200
200
200
200
200
200
200
200
200
200
200
200
200
200
200
200
200
200
200
200
200
200
200
200
200
200
200
200
200
200
200
200
200
200
200
200
200
200
200
200
200
200
200
200
200
200
200
200
200
200
200
200
3.1616793365e-06
2.16987390533e-08
2.20197157789e-09
4.57487226644e-10
1.32921222634e-10
5.1008934511e-11
2.38150777444e-11
1.45275042965e-11
1.19492416331e-11
1.3361973317e-11
1.90332393301e-11
3.41616494253e-11
6.61882192285e-11
1.42240612511e-10
3.33613367225e-10
8.75861603428e-10
2.56596484301e-09
8.30035294111e-09
2.91347601603e-08
1.1369315115e-07
4.83129918902e-07
2.34587672443e-06
1.25984520467e-05
7.47116586831e-05
0.000504058591874
0.00394538839363
0.0348840471132
0.367371085426
4.79894020027
70.3645698539
182.012965068
178.65912456
169.211521471
167.263142846
159.963694851
153.845577325
150.194372148
146.944527081
144.067931521
139.270543991
138.014508203
136.378832106
123.336425438
200
200
200
200
200
200
200
200
200
200
200
200
200
200
200
200
200
200
200
200
200
200
200
200
200
200
200
200
200
200
200
200
200
200
200
200
200
200
200
200
200
200
200
200
200
200
200
200
200
200
200
200
4.09554172751e-09
9.5635212469e-11
2.27851351975e-12
0
0
0
0
0
0
0
0
0
4.85451302836e-14
1.59768396434e-13
8.10181169295e-13
2.41552032991e-12
8.1802465727e-12
2.76861865949e-11
9.70169623152e-11
3.53568845986e-10
1.39073862397e-09
5.90127718948e-09
2.67769805091e-08
1.33820290315e-07
7.39079359323e-07
4.67683784437e-06
3.24631035294e-05
0.00025383591785
0.00233483796713
0.022876728442
0.264161626953
3.86899932804
71.4302456792
166.932501769
169.781799837
162.110420531
157.321021687
153.413789395
149.574460811
145.306073107
141.147133185
139.154916463
135.996827841
124.761411585
200
200
200
200
200
200
200
200
200
200
200
200
200
200
200
200
200
200
200
200
200
200
200
200
200
200
200
200
200
200
200
200
200
200
200
200
200
200
200
200
200
200
200
200
200
200
200
200
200
200
200
4.80537972061e-11
0
0
0
0
0
0
0
0
0
0
0
0
0
0
0
3.66682538246e-14
1.00735914303e-13
4.47474152823e-13
1.8858308293e-12
7.66939441262e-12
3.16545215806e-11
1.31287735426e-10
5.5816758808e-10
2.6495760102e-09
1.3132644159e-08
7.2019393937e-08
4.42232285407e-07
3.1537911472e-06
2.28186339478e-05
0.000187077291133
0.00181451244085
0.0212785473235
0.319327263508
7.4449766711
136.992258537
162.346307974
159.389712668
155.748757364
151.599853177
147.649369715
144.456924984
139.712594578
137.524917544
126.087890937
200
200
200
200
200
200
200
200
200
200
200
200
200
200
200
200
200
200
200
200
200
200
200
200
200
200
200
200
200
200
200
200
200
200
200
200
200
200
200
200
200
200
200
200
200
200
200
200
200
200
5.15481160969e-16
0
0
0
0
0
0
0
0
0
0
0
0
0
0
0
0
0
0
3.53414105187e-15
5.69824249426e-14
1.6131448149e-13
7.22355237989e-13
3.97892275906e-12
1.59164558043e-11
8.08604978689e-11
3.67092577343e-10
1.92253624531e-09
9.80606552481e-09
5.80443834072e-08
3.59709367321e-07
2.64033577602e-06
2.12389032174e-05
0.000203891579544
0.00249980616279
0.0437069793738
0.974771621389
32.4824401048
155.810823448
156.470668748
152.769237657
148.740424152
146.669407909
141.088146917
138.883054103
126.808027346
200
200
200
200
200
200
200
200
200
200
200
200
200
200
200
200
200
200
200
200
200
200
200
200
200
200
200
200
200
200
200
200
200
200
200
200
200
200
200
200
200
200
200
200
200
200
200
200
200
0
0
0
0
0
0
0
0
0
0
0
0
0
0
0
0
0
0
0
0
0
0
0
3.54131150058e-14
1.04254548079e-13
5.58003886486e-13
2.77979499081e-12
1.14908168191e-11
6.13130677701e-11
2.93298434936e-10
1.57009784052e-09
8.38023911252e-09
5.58262956448e-08
3.9199613712e-07
3.25248574803e-06
3.19519650103e-05
0.000438128675528
0.00726147325595
0.190103220633
6.89812607553
138.179424124
152.486104203
148.454116821
146.472637677
142.333164512
138.488359583
126.037342942
200
200
200
200
200
200
200
200
200
200
200
200
200
200
200
200
200
200
200
200
200
200
200
200
200
200
200
200
200
200
200
200
200
200
200
200
200
200
200
200
200
200
200
200
200
200
200
200
0
0
0
0
0
0
0
0
0
0
0
0
0
0
0
0
0
0
0
0
0
0
0
0
0
0
2.73136055591e-14
1.03437822673e-13
4.94639668982e-13
2.52460717776e-12
1.16730918351e-11
6.45832863825e-11
3.20173033299e-10
1.83876738599e-09
1.18057032797e-08
7.98987694808e-08
6.59887708462e-07
7.31716088395e-06
8.8827439373e-05
0.00155312644902
0.0415796662354
1.99304821681
113.425515552
147.234259214
145.354186528
142.137022538
136.783938786
123.6867641
200
200
200
200
200
200
200
200
200
200
200
200
200
200
200
200
200
200
200
200
200
200
200
200
200
200
200
200
200
200
200
200
200
200
200
200
200
200
200
200
200
200
200
200
200
200
200
0
0
0
0
0
0
0
0
0
0
0
0
0
0
0
0
0
0
0
0
0
0
0
0
0
0
0
0
0
2.60355785013e-14
1.1597745547e-13
6.12088291984e-13
3.26395260332e-12
1.590941806e-11
9.5584872477e-11
5.19895389681e-10
3.28193095837e-09
2.21726957223e-08
1.74486292475e-07
1.93724772457e-06
2.39595309639e-05
0.000479596369853
0.0147911733278
0.817128458788
89.24717789
143.59936539
141.112783279
135.054212628
120.499145294
200
200
200
200
200
200
200
200
200
200
200
200
200
200
200
200
200
200
200
200
200
200
200
200
200
200
200
200
200
200
200
200
200
200
200
200
200
200
200
200
200
200
200
200
200
200
0
0
0
0
0
0
0
0
0
0
0
0
0
0
0
0
0
0
0
0
0
0
0
0
0
0
0
0
0
0
0
0
3.40557968817e-14
1.60035618824e-13
8.88390324964e-13
5.03936188802e-12
2.94822509555e-11
1.67177160997e-10
1.1257186294e-09
7.52062599472e-09
6.44420126165e-08
6.29208782762e-07
9.3856017394e-06
0.000197358907177
0.00691681901284
0.483312506181
87.6449426963
138.217987218
133.397748211
116.760793724
200
200
200
200
200
200
200
200
200
200
200
200
200
200
200
200
200
200
200
200
200
200
200
200
200
200
200
200
200
200
200
200
200
200
200
200
200
200
200
200
200
200
200
200
200
0
0
0
0
0
0
0
0
0
0
0
0
0
0
0
0
0
0
0
0
0
0
0
0
0
0
0
0
0
0
0
0
0
0
0
5.48148113358e-14
2.82339340611e-13
2.20138015645e-12
1.14478615739e-11
7.24575582246e-11
4.94738320142e-10
3.0932976676e-09
2.59125738952e-08
2.9376276411e-07
4.57281840954e-06
0.000101934118774
0.00421018344877
0.465806921119
102.625948154
130.795356596
112.672900884
200
200
200
200
200
200
200
200
200
200
200
200
200
200
200
200
200
200
200
200
200
200
200
200
200
200
200
200
200
200
200
200
200
200
200
200
200
200
200
200
200
200
200
200
200
0
0
0
0
0
0
0
0
0
0
0
0
0
0
0
0
0
0
0
0
0
0
0
0
0
0
0
0
0
0
0
0
0
0
0
0
1.664186457e-14
1.22609913631e-13
8.98962120787e-13
5.46557626575e-12
3.68443947587e-11
2.4388249723e-10
1.69347941247e-09
1.41724200463e-08
1.54604249986e-07
2.53716295225e-06
6.29749140241e-05
0.0039015761341
0.844373793706
115.603503243
108.14773928
200
200
200
200
200
200
200
200
200
200
200
200
200
200
200
200
200
200
200
200
200
200
200
200
200
200
200
200
200
200
200
200
200
200
200
200
200
200
200
200
200
200
200
200
199.999903061
0
0
0
0
0
0
0
0
0
0
0
0
0
0
0
0
0
0
0
0
0
0
0
0
0
0
0
0
0
0
0
0
0
0
0
0
0
0
5.81059555156e-14
4.88389357033e-13
2.93634530488e-12
2.19656358961e-11
1.37741413886e-10
8.99557711979e-10
7.47328795119e-09
9.52405532279e-08
1.66008875498e-06
5.92889956172e-05
0.00606696495931
4.62301633302
101.080796589
200
200
200
200
200
200
200
200
200
200
200
200
200
200
200
200
200
200
200
200
200
200
200
200
200
200
200
200
200
200
200
200
200
200
200
200
200
200
200
200
200
200
200
200
0
0
0
0
0
0
0
0
0
0
0
0
0
0
0
0
0
0
0
0
0
0
0
0
0
0
0
0
0
0
0
0
0
0
0
0
0
0
0
0
2.61058944844e-14
3.04787596877e-13
2.11961197252e-12
1.49526039802e-11
9.19015813003e-11
7.36937183203e-10
5.74056123343e-09
7.75547703962e-08
1.80699032899e-06
8.58000494484e-05
0.0246546237045
67.1302035457
199.999999779
200
200
200
200
200
200
200
200
200
200
200
200
200
200
200
200
200
200
200
200
200
200
200
200
200
200
200
200
200
200
200
200
200
200
200
200
200
200
200
200
200
200
199.999999999
0
0
0
0
0
0
0
0
0
0
0
2.46206172479e-14
1.23180898358e-13
1.89948953878e-13
3.25917638482e-13
0
0
0
0
0
0
0
0
0
0
0
0
0
0
0
0
0
0
0
0
0
0
0
0
0
0
1.1059699692e-14
2.09927701035e-13
1.87876606584e-12
1.24770979986e-11
8.28410757805e-11
6.44368997133e-10
6.21203596484e-09
9.07009018014e-08
2.47592953257e-06
0.00028199248003
0.399481795724
200
200
200
3.12796246865e-17
0
0
0
0
0
0
0
0
0
0
0
0
0
0
0
0
0
0
0
3.90934117712e-12
5.6719336768e-10
200
200
200
200
200
200
200
200
200
200
200
200
200
200
200
200
200
200
199.999999933
0
0
0
0
0
0
0
0
0
8.54214201578e-14
1.41646296991e-12
8.73395749629e-12
6.24799831234e-11
4.11389040525e-10
7.81666056928e-10
1.09569140513e-09
2.94665872249e-11
2.00092356914e-12
0
0
0
0
0
0
0
0
0
0
0
0
0
0
0
0
0
0
0
0
0
0
0
0
1.95190886961e-15
1.76411254362e-13
1.41161993988e-12
9.96814831745e-12
8.01343118937e-11
6.46059149337e-10
6.29217844809e-09
1.27986589182e-07
6.76575916439e-06
0.00267640621927
3.89426062897e-18
2.04961085735e-18
0
0
0
0
0
0
0
0
0
0
0
0
0
0
0
0
0
0
0
0
0
0
0
0
0
0
0
0
2.24491077903e-11
3.07397712555e-09
200
200
200
200
200
200
200
200
200
200
200
0
0
0
0
0
0
0
0
2.13397585458e-14
1.84292811592e-12
9.32604592011e-11
8.18505149705e-09
200
200
200
200
200
200
200
200
199.991003608
0
0
0
0
0
0
0
0
0
0
0
0
0
0
0
0
0
0
0
0
0
0
0
7.67035491391e-17
2.04989223998e-13
1.62186238249e-12
1.44226255613e-11
1.09154578248e-10
9.17626688994e-10
1.18905101508e-08
3.20610688286e-07
4.39999952597e-05
0
0
0
0
0
0
0
0
0
0
0
0
0
0
0
0
0
0
0
0
0
0
0
0
0
0
0
0
0
0
0
0
0
0
0
3.08077820848e-11
1.50816577641e-09
200
200
200
200
200
200
0
0
0
0
0
0
0
2.30638466927e-13
5.37585266469e-11
4.1025906683e-08
200
200
200
200
200
200
200
200
200
200
200
200
199.992769256
0
0
0
0
0
0
0
0
0
0
0
0
0
0
0
0
0
0
0
0
0
0
7.39006752058e-15
2.94515179224e-13
2.59602727174e-12
1.84654289549e-11
1.73616029163e-10
1.72265888248e-09
2.74533462392e-08
1.67189950587e-06
0
0
0
0
0
0
0
0
0
0
0
0
0
0
0
0
0
0
0
0
0
0
0
0
0
0
0
0
0
0
0
0
0
0
0
0
0
0
2.53436766898e-13
2.2453638611e-11
2.81720359479e-10
6.54469606686e-10
1.47506401706e-11
0
0
0
0
0
0
2.34286584738e-12
1.4976760645e-09
200
200
200
200
200
200
200
200
200
200
200
200
200
200
200
199.999958792
0
0
0
0
0
0
0
0
0
0
0
0
0
0
0
0
0
0
0
0
0
0
2.31798923879e-14
5.73280166593e-13
3.97814742902e-12
3.23992415934e-11
2.88489644607e-10
3.96192783492e-09
1.15926939315e-07
0
0
0
0
0
0
0
0
0
0
0
0
0
0
0
0
0
0
0
0
0
0
0
0
0
0
0
0
0
0
0
0
0
0
0
0
0
0
0
0
0
0
1.69877297423e-12
0
0
3.0178010374e-16
5.18155134666e-16
3.23586742404e-14
1.87069293276e-11
9.25767477466e-08
200
200
200
200
200
200
200
200
200
200
200
200
200
200
200
200
200
200
0
0
0
0
0
0
0
0
0
0
0
0
0
0
0
0
0
0
0
0
0
0
6.83824861632e-14
1.06160745207e-12
8.90173796515e-12
7.82394934099e-11
8.43902995852e-10
1.3656169242e-08
0
0
0
0
0
0
0
0
0
0
0
0
0
0
0
0
0
0
0
0
0
0
0
0
0
0
0
0
0
0
0
0
0
0
0
0
0
0
0
0
0
0
0
0
3.83661187567e-16
2.5075338945e-15
1.95790654441e-13
3.8057828071e-11
1.40818556897e-05
200
200
200
200
200
200
200
200
200
200
200
200
200
200
200
200
200
200
200
200
0
0
0
0
0
0
0
0
0
0
0
0
0
0
0
0
0
0
0
0
0
0
2.28418124393e-13
2.1165564002e-12
2.4314130001e-11
2.39491313145e-10
2.64868103528e-09
0
0
0
0
0
0
0
0
0
0
0
0
0
0
0
0
0
0
0
0
0
0
0
0
0
0
0
0
0
0
0
0
0
0
0
0
0
0
0
0
0
0
0
0
0
1.31204604437e-13
1.47410528881e-11
200
200
200
200
200
200
200
200
200
200
200
200
200
200
200
200
200
200
200
200
200
200
200
0
0
0
0
0
0
0
0
0
0
0
0
0
0
0
0
0
0
0
0
0
3.29482108549e-14
7.61311246299e-13
6.33731942907e-12
7.12111499962e-11
7.17398649239e-10
0
0
0
0
0
0
0
0
0
0
0
0
0
0
0
0
0
0
0
0
0
0
0
0
0
0
0
0
0
0
0
0
0
0
0
0
0
0
0
0
0
0
0
0
0
0
1.3663743122e-09
200
200
200
200
200
200
200
200
200
200
200
200
200
200
200
200
200
200
200
200
200
200
200
200
0
0
0
0
0
0
0
0
0
0
0
0
0
0
0
0
0
0
0
0
0
2.07053302387e-13
2.44640743239e-12
2.70188019979e-11
2.41624140167e-10
0
0
0
0
0
0
0
0
0
0
0
0
0
0
0
0
0
0
0
0
0
0
0
0
0
0
0
0
0
0
0
0
0
0
0
0
0
0
0
0
0
0
0
0
0
0
0
0
2.85501685823e-17
200
200
200
200
200
200
200
200
200
200
200
200
200
200
200
200
200
200
200
200
200
200
199.99999737
0
0
0
0
0
0
0
0
0
0
0
0
0
0
0
0
0
0
0
0
5.70196014465e-14
1.05505226129e-12
1.17642757028e-11
9.87546412644e-11
0
0
0
0
0
0
0
0
0
0
0
0
0
0
0
0
0
0
0
0
0
0
0
0
0
0
0
0
0
0
0
0
0
0
0
0
0
0
0
0
0
0
0
0
0
0
0
0
0
2.56951517241e-17
3.44048451553e-16
1.97762171001e-10
200
200
200
200
200
200
200
200
200
200
200
200
200
200
200
200
200
200
200
200
182.274123761
0
0
0
0
0
0
0
0
0
0
0
0
0
0
0
0
0
0
0
1.42211270712e-14
5.16454926508e-13
5.79070602814e-12
4.75939817606e-11
0
0
0
0
0
0
0
0
0
0
0
0
0
0
0
0
0
0
0
0
0
0
0
0
0
0
0
0
0
0
0
0
0
0
0
0
0
0
0
0
0
0
0
0
0
0
0
0
0
0
2.31256365517e-17
1.29906439291e-16
1.59753453224e-15
7.28565126325e-10
200
200
200
200
200
200
200
200
200
200
200
200
200
200
200
200
200
200
200
0
0
0
0
0
0
0
0
0
0
0
0
0
0
0
0
0
0
0
0
2.35527951544e-13
2.90458595185e-12
2.62735134298e-11
0
0
0
0
0
0
0
0
0
0
0
0
0
0
0
0
0
0
0
0
0
0
0
0
0
0
0
0
0
0
0
0
0
0
0
0
0
0
0
0
0
0
0
0
0
0
0
0
0
0
0
4.39387094482e-17
9.81840297546e-17
1.37215115893e-15
3.93821154619e-15
1.49580104729e-08
200
200
200
200
200
200
200
200
200
200
200
200
200
200
200
200
200
186.91603297
0
0
0
0
0
0
0
0
0
0
0
0
0
0
0
0
0
0
0
1.15630240921e-13
1.58763259239e-12
1.62114920398e-11
0
0
0
0
0
0
0
0
0
0
0
0
0
0
0
0
0
0
0
0
0
0
0
0
0
0
0
0
0
0
0
0
0
0
0
0
0
0
0
0
0
0
0
0
0
0
0
0
0
0
0
0
3.95448385034e-17
8.83656267792e-17
1.21807745399e-15
2.68363688903e-15
2.99712389259e-10
200
200
200
200
200
200
200
200
200
200
200
200
200
200
200
200
200
0
0
0
0
0
0
0
0
0
0
0
0
0
0
0
0
0
0
0
7.07005410384e-14
1.19490767505e-12
1.09585465626e-11
0
0
0
0
0
0
0
0
0
0
0
0
0
0
0
0
0
0
0
0
0
0
0
0
0
0
0
0
0
0
0
0
0
0
0
0
0
0
0
0
0
0
0
0
0
0
0
0
0
0
0
0
0
5.64034275496e-17
1.92942553309e-16
9.35013109071e-16
1.45062028261e-15
2.91454770332e-11
200
200
200
200
200
200
200
200
200
200
200
200
200
200
200
200
166.786962796
0
0
0
0
0
0
0
0
0
0
0
0
0
0
0
0
0
0
4.19031856635e-14
9.59970425758e-13
8.178183613e-12
0
0
0
0
0
0
0
0
0
0
0
0
0
0
0
0
0
0
0
0
0
0
0
0
0
0
0
0
0
0
0
0
0
0
0
0
0
0
0
0
0
0
0
0
0
0
0
0
0
0
0
0
0
1.68585890462e-17
3.5590354653e-17
2.95204968824e-16
7.86285935725e-16
1.29899320149e-15
1.26268178571e-15
200
200
200
200
200
200
200
200
200
200
200
200
200
200
200
200
0
0
0
0
0
0
0
0
0
0
0
0
0
0
0
0
0
0
3.46595704166e-14
7.74258234675e-13
6.72166294228e-12
0
0
0
0
0
0
0
0
0
0
0
0
0
0
0
0
0
0
0
0
0
0
0
0
0
0
0
0
0
0
0
0
0
0
0
0
0
0
0
0
0
0
0
0
0
0
0
0
0
0
0
0
0
1.68585890462e-17
3.20313191877e-17
3.20313191877e-17
3.11720324924e-16
7.5740721147e-16
1.14205271818e-15
1.08866626751e-15
200
200
200
200
200
200
200
200
200
200
200
200
200
200
200
0
0
0
0
0
0
0
0
0
0
0
0
0
0
0
0
0
0
3.19555243823e-14
7.58253052062e-13
6.23256576952e-12
0
0
0
0
0
0
0
0
0
0
0
0
0
0
0
0
0
0
0
0
0
0
0
0
0
0
0
0
0
0
0
0
0
0
0
0
0
0
0
0
0
0
0
0
0
0
0
0
0
0
0
0
0
0
3.20313191877e-17
3.20313191877e-17
3.20313191877e-17
3.78044002823e-16
8.6972694237e-16
9.38293092576e-16
4.80059273415e-12
200
200
200
200
200
200
200
200
200
200
200
200
200
200
0
0
0
0
0
0
0
0
0
0
0
0
0
0
0
0
0
0
3.27105854412e-14
7.50495821625e-13
6.38098687289e-12
0
0
0
0
0
0
0
0
0
0
0
0
0
0
0
0
0
0
0
0
0
0
0
0
0
0
0
0
0
0
0
0
0
0
0
0
0
0
0
0
0
0
0
0
0
0
0
0
0
0
0
0
0
0
0
3.20313191877e-17
3.20313191877e-17
3.20313191877e-17
4.51736978267e-16
6.79166087156e-16
6.56375403973e-16
1.02562758614e-10
200
200
200
200
200
200
200
200
200
200
200
200
200
0
0
0
0
0
0
0
0
0
0
0
0
0
0
0
0
0
0
4.5471316218e-14
7.84851090757e-13
7.04045172588e-12
0
0
0
0
0
0
0
0
0
0
0
0
0
0
0
0
0
0
0
0
0
0
0
0
0
0
0
0
0
0
0
0
0
0
0
0
0
0
0
0
0
0
0
0
0
0
0
0
0
0
0
0
0
0
0
0
0
1.68585890462e-17
5.07630847946e-17
4.28498177966e-16
5.6534047163e-16
4.06939791207e-16
200
200
200
200
200
200
200
200
200
200
200
200
200
0
0
0
0
0
0
0
0
0
0
0
0
0
0
0
0
0
0
6.24339117017e-14
1.06289589778e-12
8.29531067045e-12
0
0
0
0
0
0
0
0
0
0
0
0
0
0
0
0
0
0
0
0
0
0
0
0
0
0
0
0
0
0
0
0
0
0
0
0
0
0
0
0
0
0
0
0
0
0
0
0
0
0
0
0
0
0
0
0
0
0
8.83656267792e-17
1.16915795361e-16
1.05224215825e-16
2.12627349582e-16
2.73382014033e-14
200
200
200
200
200
200
200
200
200
200
200
200
0
0
0
0
0
0
0
0
0
0
0
0
0
0
0
0
0
0
9.18208731149e-14
1.3718842113e-12
1.04028911182e-11
0
0
0
0
0
0
0
0
0
0
0
0
0
0
0
0
0
0
0
0
0
0
0
0
0
0
0
0
0
0
0
0
0
0
0
0
0
0
0
0
0
0
0
0
0
0
0
0
0
0
0
0
0
0
0
0
0
0
2.31256365517e-17
9.81840297546e-17
1.48638204897e-16
1.16915795361e-16
5.82239835763e-15
200
200
200
200
200
200
200
200
200
200
200
200
0
0
0
0
0
0
0
0
0
0
0
0
0
0
0
0
0
0
1.56779168911e-13
1.74885800344e-12
1.28482764289e-11
0
0
0
0
0
0
0
0
0
0
0
0
0
0
0
0
0
0
0
0
0
0
0
0
0
0
0
0
0
0
0
0
0
0
0
0
0
0
0
0
0
0
0
0
0
0
0
0
0
0
0
0
0
0
0
0
0
0
0
0
1.09093366394e-16
1.65153560997e-16
2.36390518091e-15
4.96521733503e-14
200
200
200
200
200
200
200
200
200
200
200
1.68585890462e-17
0
0
0
0
0
0
0
0
0
0
0
0
0
0
0
0
8.71581738447e-15
2.73833236281e-13
2.51302282545e-12
1.52401683667e-11
0
0
0
0
0
0
0
0
0
0
0
0
0
0
0
0
0
0
0
0
0
0
0
0
0
0
0
0
0
0
0
0
0
0
0
0
0
0
0
0
0
0
0
0
0
0
0
0
0
0
0
0
0
0
0
0
0
0
0
0
0
1.21214851549e-16
2.66572478069e-15
1.86717073209e-14
200
200
200
200
200
200
200
200
200
200
199.999999999
1.68585890462e-17
1.68585890462e-17
0
0
0
0
0
0
0
0
0
0
0
0
0
0
0
2.75350547458e-14
4.55496261188e-13
3.7854256233e-12
3.93554605681e-11
0
0
0
0
0
0
0
0
0
0
0
0
0
0
0
0
0
0
0
0
0
0
0
0
0
0
0
0
0
0
0
0
0
0
0
0
0
0
0
0
0
0
0
0
0
0
0
0
0
0
0
0
0
0
0
0
0
0
0
0
0
0
1.15167384573e-15
6.19549336041e-15
200
200
200
200
200
200
200
200
200
200
199.999999994
1.68585890462e-17
1.68585890462e-17
1.68585890462e-17
0
0
0
0
0
0
0
0
0
0
0
0
0
0
6.98512481786e-14
7.23743578145e-13
5.15665670834e-12
1.27770304823e-10
0
0
0
0
0
0
0
0
0
0
0
0
0
0
0
0
0
0
0
0
0
0
0
0
0
0
0
0
0
0
0
0
0
0
0
0
0
0
0
0
0
0
0
0
0
0
0
0
0
0
0
0
0
0
0
0
0
0
0
0
0
0
0
5.84631335197e-15
200
200
200
200
200
200
200
200
200
199.999999999
0
1.51727301416e-17
1.68585890462e-17
1.68585890462e-17
1.68585890462e-17
0
0
0
0
0
0
0
0
0
0
0
0
7.54425003499e-16
1.27692376391e-13
1.30577942234e-12
6.52675109854e-12
2.30798650877e-10
0
0
0
0
0
0
0
0
0
0
0
0
0
0
0
0
0
0
0
0
0
0
0
0
0
0
0
0
0
0
0
0
0
0
0
0
0
0
0
0
0
0
0
0
0
0
0
0
0
0
0
0
0
0
0
0
0
0
0
0
0
0
0
5.34422987868e-15
200
200
200
200
200
200
200
200
200
199.999999996
0
0
1.51727301416e-17
1.68585890462e-17
1.68585890462e-17
0
0
0
0
0
0
0
0
0
0
0
0
2.23296628601e-14
2.16685950081e-13
1.68064883674e-12
7.09595685287e-12
3.82991087518e-10
0
0
0
0
0
0
0
0
0
0
0
0
0
0
0
0
0
0
0
0
0
0
0
0
0
0
0
0
0
0
0
0
0
0
0
0
0
0
0
0
0
0
0
0
0
0
0
0
0
0
0
0
0
0
0
0
0
0
0
0
0
0
0
0
200
200
200
200
200
200
200
200
199.999999998
0
0
0
0
1.68585890462e-17
1.68585890462e-17
1.68585890462e-17
0
0
0
0
0
0
0
0
0
0
0
4.5679067367e-14
4.56852673055e-13
2.22864802169e-12
1.48167553111e-11
5.36896847751e-10
0
0
0
0
0
0
0
0
0
0
0
0
0
0
0
0
0
0
0
0
0
0
0
0
0
0
0
0
0
0
0
0
0
0
0
0
0
0
0
0
0
0
0
0
0
0
0
0
0
0
0
0
0
0
0
0
0
0
0
0
0
0
0
0
200
200
200
200
200
200
200
199.999999999
0
0
0
0
0
0
1.68585890462e-17
1.68585890462e-17
0
0
0
0
0
0
0
0
0
0
1.18103097421e-14
8.60391531214e-14
5.25467823541e-13
2.12933044955e-12
3.29180996286e-11
8.32143484291e-10
0
0
0
0
0
0
0
0
0
0
0
0
0
0
0
0
0
0
0
0
0
0
0
0
0
0
0
0
0
0
0
0
0
0
0
0
0
0
0
0
0
0
0
0
0
0
0
0
0
0
0
0
0
0
0
0
0
0
0
0
0
0
0
0
200
200
200
200
200
200
199.999999999
0
0
0
0
0
0
0
0
1.68585890462e-17
0
0
0
0
0
0
0
0
0
0
3.31367999955e-14
1.76409946959e-13
6.1169201873e-13
1.48773098729e-12
3.88572304e-11
1.24050234308e-09
0
0
0
0
0
0
0
0
0
0
0
0
0
0
0
0
0
0
0
0
0
0
0
0
0
0
0
0
0
0
0
0
0
0
0
0
0
0
0
0
0
0
0
0
0
0
0
0
0
0
0
0
0
0
0
0
0
0
0
0
0
0
0
4.93768366584
200
200
200
200
200
199.999999999
0
0
0
0
0
0
0
0
0
0
0
0
0
0
0
0
0
0
0
1.30764648977e-14
4.87401421218e-14
1.95937304042e-13
3.627065138e-13
3.33299868071e-12
5.94897311717e-11
1.75740225281e-09
0
0
0
0
0
0
0
0
0
0
0
0
0
0
0
0
0
0
0
0
0
0
0
0
0
0
0
0
0
0
0
0
0
0
0
0
0
0
0
0
0
0
0
0
0
0
0
0
0
0
0
0
0
0
0
0
0
0
0
0
0
0
0
200
200
200
200
200
199.999999998
0
0
0
0
0
0
0
0
0
0
0
0
0
0
0
0
0
0
0
0
3.60315735351e-14
1.34100520813e-13
2.25263104647e-13
6.44351269973e-14
3.23328433332e-12
1.00894112685e-10
1.8930659142e-09
0
0
0
0
0
0
0
0
0
0
0
0
0
0
0
0
0
0
0
0
0
0
0
0
0
0
0
0
0
0
0
0
0
0
0
0
0
0
0
0
0
0
0
0
0
0
0
0
0
0
0
0
0
0
0
0
0
0
0
0
0
0
0
200
200
200
199.999999999
0
0
0
0
0
0
0
0
0
0
0
0
0
0
0
0
0
0
0
0
0
2.03460141302e-14
7.48322734476e-14
2.43357164866e-13
4.11244417105e-13
2.69306174925e-14
8.31417301638e-13
1.68663390698e-10
1.74589779548e-09
0
0
0
0
0
0
0
0
0
0
0
0
0
0
0
0
0
0
0
0
0
0
0
0
0
0
0
0
0
0
0
0
0
0
0
0
0
0
0
0
0
0
0
0
0
0
0
0
0
0
0
0
0
0
0
0
0
0
0
0
0
0
0
200
0
0
0
0
0
0
0
0
0
0
0
0
0
0
0
0
0
0
0
0
0
0
0
1.36072431735e-14
3.53082727204e-14
9.63441149945e-14
2.30360768301e-13
2.60814394441e-13
8.12898935342e-13
3.26575973411e-12
8.53614681606e-11
9.42159802435e-10
0
0
0
0
0
0
0
0
0
0
0
0
0
0
0
0
0
0
0
0
0
0
0
0
0
0
0
0
0
0
0
0
0
0
0
0
0
0
0
0
0
0
0
0
0
0
0
0
0
0
0
0
0
0
0
0
0
0
0
0
0
0
0
0
0
0
0
0
0
0
0
0
0
0
0
0
0
0
0
0
0
0
0
0
0
0
9.18235722421e-15
4.53201134789e-14
7.01311930154e-14
9.81077048745e-14
1.02052559787e-13
4.77793793907e-12
5.94528736218e-12
1.11083618287e-11
6.37036645282e-11
1.50707832039e-09
3.89426062897e-18
0
0
0
0
0
0
0
0
0
0
0
0
0
0
0
0
0
0
0
0
0
0
0
0
0
0
0
0
0
0
0
0
0
0
0
0
0
0
0
0
0
0
0
0
0
0
0
0
0
0
0
0
0
0
0
0
0
0
0
0
0
0
0
0
0
0
0
0
0
0
0
0
0
0
0
0
0
0
0
0
0
0
0
0
8.16224659532e-15
4.96225551258e-14
7.47882662732e-14
8.16229144979e-14
1.62401926164e-13
1.18468873425e-12
1.32290128213e-12
1.99597073947e-12
4.6979776414e-12
2.75574486944e-11
8.80453972738e-10
200
200
9.37734926852e-18
0
0
0
0
0
0
0
0
0
0
0
0
0
0
0
0
0
0
0
0
0
0
0
0
0
0
0
0
0
0
0
0
0
0
0
0
0
0
0
0
0
0
0
0
0
0
0
0
0
0
0
0
0
0
0
0
0
0
0
0
0
0
0
0
0
0
0
0
0
0
0
0
0
0
0
0
0
0
0
0
0
1.29572127104e-14
5.53582483321e-14
5.48837917518e-14
1.01723500779e-13
4.92313172831e-13
4.37926948106e-13
4.73261874188e-13
7.52221998368e-13
1.32312975356e-12
3.21666054606e-12
1.79992606455e-11
8.0848023765e-10
200
200
200
200
199.999999966
0
0
0
0
0
0
0
0
0
0
0
0
0
0
0
0
0
0
0
0
0
0
0
0
0
0
0
0
0
0
0
0
0
0
0
0
0
0
0
0
0
0
0
0
0
0
0
0
0
0
0
0
0
0
0
0
0
0
0
0
0
0
0
0
0
0
0
0
0
0
0
0
0
0
5.64034275496e-17
6.26704750551e-17
3.95448385034e-17
6.30596681216e-15
4.36405276685e-14
5.67863210393e-14
5.54219246444e-14
2.86860300056e-13
2.73737268538e-13
2.78744430494e-13
3.24086876033e-13
4.11352879258e-13
5.51312165831e-13
7.74991232905e-13
1.39870757138e-12
7.02574283087e-12
5.73203014862e-10
200
200
200
200
200
2.48283680065
6.41168488376e-17
0
0
0
0
0
0
0
0
0
0
0
0
0
0
0
0
0
0
0
0
0
0
0
0
0
0
0
0
0
0
0
0
0
0
0
0
0
0
0
0
0
0
0
0
0
0
0
0
0
0
0
0
0
0
0
0
0
0
0
0
0
0
0
0
0
0
2.43877758073e-14
3.10997516871e-14
2.04472776372e-13
3.12054410916e-13
6.92759546326e-13
9.14020211108e-13
1.05464581977e-12
1.13165837945e-12
7.72771609256e-13
1.44629950189e-13
4.91587062864e-14
2.75944970646e-13
2.03302559232e-13
1.92978917011e-13
2.16695520283e-13
2.55103587299e-13
2.97360078935e-13
3.55416775719e-13
4.41681749075e-13
5.57238809886e-13
7.62281458964e-13
1.64300398813e-12
3.40616658797e-10
200
200
200
200
7.61468131957e-07
4.69853333226e-11
3.47820262271e-10
9.8234672351e-11
1.70227563004e-17
0
0
0
0
0
0
0
0
0
0
0
0
0
0
0
0
0
0
0
0
0
0
0
0
0
0
0
0
0
0
0
0
0
0
0
0
0
0
0
0
0
0
0
0
0
0
0
0
0
0
0
0
0
0
0
0
0
0
0
0
0
0
2.64839396273e-13
1.40170508495e-12
2.85928246023e-12
4.37215782982e-12
5.21274357832e-12
5.6104879685e-12
6.27120267345e-12
5.5988347295e-12
5.02519927011e-12
3.5360634785e-12
1.38083854785e-12
5.72875069666e-13
2.53878403915e-13
1.74131672945e-13
1.7384574098e-13
1.91877298416e-13
2.12689653994e-13
2.39955122821e-13
2.73041279497e-13
3.15144338284e-13
3.70618678345e-13
4.40155497515e-13
5.36241665154e-13
7.38722049145e-13
1.60830292494e-10
200
200
200
4.99599241377e-07
7.27205814941e-10
7.95700993412e-11
1.23509928048e-11
8.43984737231e-14
1.76475909054e-13
1.8368308773e-15
0
0
0
0
0
0
0
0
0
0
0
0
0
0
0
0
0
0
0
0
0
0
0
0
0
0
0
0
0
0
0
0
0
0
0
0
0
0
0
0
0
0
0
0
0
0
0
0
0
0
0
0
0
0
0
0
0
0
0
0
0
1.28686670139e-12
3.721884052e-12
4.02545654714e-12
4.16977717248e-12
4.53055639077e-12
4.84918061647e-12
5.15137763604e-12
5.25284634122e-12
5.00332639032e-12
4.48611029897e-12
3.59563244139e-12
7.67346106229e-13
2.94998016579e-13
2.1966807876e-13
1.98155537364e-13
2.00586990203e-13
2.12590201851e-13
2.32343299331e-13
2.5736100733e-13
2.88509878165e-13
3.26485797982e-13
3.72269119089e-13
4.27872742855e-13
5.10878461647e-13
6.4686492011e-11
200
3.61580989667
1.93554982388e-07
1.231529452e-09
1.14391527006e-10
3.97410761707e-12
2.17905566981e-13
5.53619017238e-14
3.26725784132e-14
7.59369616178e-14
1.04173185215e-13
7.67084533367e-17
0
0
0
0
0
0
0
0
0
0
0
0
0
0
0
0
0
0
0
0
0
0
0
0
0
0
0
0
0
0
0
0
0
0
0
0
0
0
0
0
0
0
0
0
0
0
0
0
0
0
0
0
0
0
0
0
0
0
0
2.95183613938e-12
4.3153702743e-12
4.50543528109e-12
4.65238050329e-12
4.88168265649e-12
5.08306649477e-12
5.30433741003e-12
5.45122602024e-12
5.64951811126e-12
5.72230401716e-12
5.3238911842e-12
2.37141776779e-12
4.83296892694e-13
2.89731303213e-13
2.30725296957e-13
2.16968923189e-13
2.19745204501e-13
2.31002802086e-13
2.48873138275e-13
2.72021630225e-13
2.99120258037e-13
3.30898897576e-13
3.66593120394e-13
4.13829573575e-13
2.40409976944e-11
4.08889899963e-06
7.17831463781e-08
1.68934081825e-09
1.34752692939e-10
8.34990446608e-12
3.058500489e-13
7.57047426166e-14
4.37374431446e-14
3.63110068351e-14
4.48236421367e-14
3.62928131362e-14
6.14864775537e-14
9.11329295646e-16
0
0
0
0
0
0
0
0
0
0
0
0
0
0
0
0
0
0
0
0
0
0
0
0
0
0
0
0
0
0
0
0
0
0
0
0
0
0
0
0
0
0
0
0
0
0
0
0
0
0
0
0
0
0
0
0
0
0
2.6821231613e-12
4.7382495927e-12
4.79526288436e-12
5.1310043795e-12
5.31251176041e-12
5.43270497008e-12
5.58767035533e-12
5.74727022103e-12
5.99396965688e-12
6.41551282189e-12
6.74055877463e-12
4.38310029896e-12
7.59926384807e-13
3.71543499352e-13
2.74332031222e-13
2.41108464098e-13
2.32995044628e-13
2.36355450768e-13
2.47599951125e-13
2.63668504304e-13
2.83486697638e-13
3.06477053754e-13
3.31043960867e-13
3.61853102257e-13
7.13829915595e-12
2.08373110498e-08
1.82172773738e-09
1.73378077766e-10
1.33093356696e-11
3.95374576719e-13
6.81331443976e-14
4.31692522823e-14
3.26799061516e-14
2.94053205719e-14
2.94014638675e-14
2.71448645725e-14
2.37876427732e-14
5.53312984355e-14
1.46557622498e-14
0
0
0
0
0
0
0
0
0
0
0
0
0
0
0
0
0
0
0
0
0
0
0
0
0
0
0
0
0
0
0
0
0
0
0
0
0
0
0
0
0
0
0
0
0
0
0
0
0
0
0
0
0
0
0
0
0
0
7.23451487062e-12
5.61734194424e-12
5.92506658672e-12
6.00600644225e-12
6.00995817617e-12
6.09108230771e-12
6.19369740887e-12
6.4454751002e-12
6.74510312189e-12
7.33147381442e-12
6.35185793796e-12
1.63025199602e-12
4.84304165665e-13
3.25653241723e-13
2.71036741238e-13
2.51647796668e-13
2.47622324624e-13
2.52111415937e-13
2.6377225727e-13
2.78495055945e-13
2.9548448999e-13
3.13025941292e-13
0.740857699303
58.5899361954
2.18750392127e-09
2.17047354792e-10
1.96008211407e-11
1.37489171619e-13
5.3277904017e-14
3.67041116336e-14
2.94119155365e-14
2.64647885147e-14
2.38117146987e-14
2.38078579942e-14
2.37988114036e-14
2.64431237818e-14
3.73118134253e-14
9.07819786167e-14
4.63954495043e-14
0
0
0
0
0
0
0
0
0
0
0
0
0
0
0
0
0
0
0
0
0
0
0
0
0
0
0
0
0
0
0
0
0
0
0
0
0
0
0
0
0
0
0
0
0
0
0
0
0
0
0
0
0
0
0
0
0
1.21179385743e-11
7.79476479352e-12
7.47839942528e-12
7.10961550088e-12
6.86279481732e-12
6.76641103814e-12
6.81800641466e-12
6.91383449058e-12
7.16108791057e-12
7.52801422826e-12
8.04289237844e-12
3.00990790751e-12
6.34599089738e-13
3.8599735188e-13
3.06897442007e-13
2.74981852506e-13
2.62500462264e-13
2.62764958572e-13
2.68791876379e-13
2.79535162363e-13
2.92025468641e-13
137.592996051
193.012541675
196.490373196
3.57974100612e-10
2.52168474391e-11
5.0066513351e-14
3.92701249098e-14
3.14276679251e-14
2.64391616131e-14
2.25569891085e-14
2.11697303802e-14
1.92843649753e-14
1.92808939413e-14
2.0759586243e-14
2.35311337445e-14
3.10762755672e-14
6.98788457134e-14
1.71420157947e-12
2.17927758957e-13
0
0
0
0
0
0
0
0
0
0
0
0
0
0
0
0
0
0
0
0
0
0
0
0
0
0
0
0
0
0
0
0
0
0
0
0
0
0
0
0
0
0
0
0
0
0
0
0
0
0
0
0
0
0
0
0
1.28990853447e-11
1.06014832331e-11
9.33444270742e-12
8.56236720203e-12
7.95606401709e-12
7.68678089726e-12
7.5183691415e-12
7.48307002233e-12
7.59978869125e-12
7.84489328572e-12
9.04777550027e-12
4.38693883765e-12
8.09059999622e-13
4.52634000351e-13
3.46969295672e-13
3.02240492812e-13
2.83680029802e-13
2.78064150696e-13
2.8017293247e-13
168.454959439
198.560479008
199.810857273
199.947351628
199.957165818
3.51258110334e-11
3.12748590546e-14
2.82124427819e-14
2.48114076601e-14
2.1489169169e-14
1.92895385168e-14
1.73559284778e-14
1.68392974006e-14
1.58336793034e-14
1.6114610841e-14
1.73454768088e-14
1.92679906463e-14
2.64277983161e-14
4.29071369304e-10
1.52846471078e-10
4.80124333091e-11
3.73356493998e-13
0
0
0
0
0
0
0
0
0
0
0
0
0
0
0
0
0
0
0
0
0
0
0
0
0
0
0
0
0
0
0
0
0
0
0
0
0
0
0
0
0
0
0
0
0
0
0
0
0
0
0
0
0
0
0
1.35978581826e-11
1.31158547878e-11
1.12686778093e-11
1.01832778069e-11
9.39630048843e-12
8.75448736977e-12
8.33131483101e-12
8.10746209849e-12
8.05157686274e-12
8.13967296851e-12
9.09246750652e-12
5.07181748632e-12
9.70642282933e-13
5.22832785734e-13
3.90522249153e-13
3.33882347471e-13
26.3505799758
182.752962196
199.229519803
199.923378291
199.983526163
199.995849164
199.998289917
199.998308
2.15186350986e-14
2.06256088294e-14
1.93951594661e-14
1.78702601961e-14
1.64442495452e-14
1.54025614351e-14
1.40529601457e-14
1.39350434198e-14
1.34442736613e-14
1.37786188481e-14
1.40425084767e-14
1.59092605903e-14
6.76983093873e-05
0.000290338444584
4.21215280685e-06
3.10341812096e-08
1.22848192853e-09
1.02549636193e-13
0
0
0
0
0
0
0
0
0
0
0
0
0
0
0
0
0
0
0
0
0
0
0
0
0
0
0
0
0
0
0
0
0
0
0
0
0
0
0
0
0
0
0
0
0
0
0
0
0
0
0
0
0
0
1.17225541341e-11
1.52723720064e-11
1.29355828763e-11
1.1717434888e-11
1.07912782627e-11
9.8906851508e-12
9.21050898906e-12
8.72756574774e-12
8.44635945187e-12
8.32412440345e-12
9.01351854514e-12
4.91009916977e-12
1.06882584101e-12
122.637728512
185.460923802
198.723969059
199.806526757
199.963635918
199.991111927
199.998341216
199.999475649
199.999773742
199.999861331
199.999853919
1.5710747173e-14
1.52340011624e-14
1.46430163364e-14
1.39792864179e-14
1.30585831368e-14
1.25488105998e-14
1.16614551839e-14
1.13744318661e-14
1.13744318661e-14
1.13709608322e-14
1.18260742739e-14
24.8287557697
200
200
200
0.0137581683922
6.53872929196e-07
6.6460659913e-09
1.67358362178e-14
0
0
0
0
0
0
0
0
0
0
0
0
0
0
0
0
0
0
0
0
0
0
0
0
0
0
0
0
0
0
0
0
0
0
0
0
0
0
0
0
0
0
0
0
0
0
0
0
0
0
0
0
0
8.30910894094e-12
1.6702973452e-11
140.395485043
169.981072941
178.116202174
182.274123761
185.642040246
189.533047339
193.199336823
196.350399274
198.267745946
199.245376164
199.745861614
199.921050314
199.973887331
199.989651047
199.997436035
199.999231971
199.99973494
199.999891323
199.999953328
199.999977349
199.999983656
199.999980863
1.23595545882e-14
1.21760592968e-14
1.18314911675e-14
1.13842615949e-14
1.08915833106e-14
1.02390382904e-14
1.00115437851e-14
9.57141961756e-15
9.3374774545e-15
9.47238653967e-15
1.01534073021e-14
199.999999979
199.999999999
200
200
200
200
1.18024001412e-05
5.38331340078e-09
4.35149650698e-17
0
0
0
0
0
0
0
0
0
0
0
0
0
0
0
0
0
0
0
0
0
0
0
0
0
0
0
0
0
0
0
0
0
0
0
0
0
0
0
0
0
0
0
0
0
0
0
0
0
0
0
0
198.969244959
199.950128663
199.981190778
199.987805783
199.987228487
199.983546055
199.9830717
199.9830717
199.9830717
199.986911573
199.991885145
199.995505314
199.997830074
199.999007989
199.999515769
199.999776055
199.999884606
199.999945297
199.999978877
199.999990423
199.999994681
199.999996204
199.999996687
199.999996117
1.04006419645e-14
1.00955719876e-14
9.89794528964e-15
9.59375937792e-15
9.14988477192e-15
8.77417146606e-15
8.36167972328e-15
8.17645926586e-15
8.04259110216e-15
8.11993869377e-15
8.28349497853e-15
9.20735434346e-15
199.999999981
199.999999998
200
200
200
200
9.55620300153e-06
1.12646495477e-10
0
0
0
0
0
0
0
0
0
0
0
0
0
0
0
0
0
0
0
0
0
0
0
0
0
0
0
0
0
0
0
0
0
0
0
0
0
0
0
0
0
0
0
0
0
0
0
0
0
0
0
199.87468425
199.999476862
199.999892291
199.999942759
199.999955852
199.999958615
199.999942759
199.999936399
199.99992148
199.999903062
199.999887461
199.999880323
199.999891285
199.999912775
199.999945385
199.999971718
199.99998631
199.99999276
199.999995612
199.999997145
199.999998101
199.999998673
199.99999893
199.999998991
199.999998795
8.77079527327e-15
8.6502638199e-15
8.36837358757e-15
8.0153962936e-15
7.77747737066e-15
7.31554881894e-15
7.08855719472e-15
6.87077361615e-15
6.72657536536e-15
6.73630419313e-15
6.99868836316e-15
7.64427062454e-15
9.61370548845e-15
199.999999907
199.999999993
199.999999998
199.999999999
199.999999999
199.999999999
5.45966964267e-07
7.11359659979e-11
0
0
0
0
0
0
0
0
0
0
0
0
0
0
0
0
0
0
0
0
0
0
0
0
0
0
0
0
0
0
0
0
0
0
0
0
0
0
0
0
0
0
0
0
0
0
0
0
0
199.787776678
199.999817593
199.999994363
199.999998567
199.99999906
199.999999263
199.999999246
199.999998955
199.999998839
199.999998567
199.999998146
199.999997693
199.999997204
199.999996709
199.999996671
199.999996885
199.999997439
199.999998093
199.999998625
199.99999901
199.999999276
199.999999472
199.999999597
199.999999632
199.999999621
199.999999537
7.37196098713e-15
7.15499322006e-15
7.01901277034e-15
6.77675978009e-15
6.45500520224e-15
6.29026539719e-15
5.97799609561e-15
5.80900486625e-15
5.71842381259e-15
5.71099284811e-15
5.84268591254e-15
6.28334825247e-15
7.54110880759e-15
9.53798206708e-13
199.999997004
199.999999974
199.999999994
199.999999998
199.999999999
8.71161153414
2.71329559071e-08
1.26341178195e-13
0
0
0
0
0
0
0
0
0
0
0
0
0
0
0
0
0
0
0
0
0
0
0
0
0
0
0
0
0
0
0
0
0
0
0
0
0
0
0
0
0
0
0
0
0
0
0
0
199.999774806
199.999998408
199.999999705
199.999999873
199.999999907
199.999999934
199.999999903
199.999999897
199.999999873
199.999999843
199.999999785
199.999999717
199.999999636
199.99999955
199.99999949
199.999999454
199.999999492
199.999999568
199.999999654
199.999999736
199.999999793
199.999999831
199.999999848
199.999999846
199.999999839
199.99999982
6.18865162549e-15
6.07189732788e-15
5.94744907306e-15
5.76078210311e-15
5.58469478777e-15
5.33589368605e-15
5.17629495653e-15
5.05579260064e-15
4.94069957066e-15
4.87626756139e-15
4.96591898448e-15
5.17870059894e-15
5.86641003438e-15
3.20259170174e-13
1.29265325999e-11
199.976778739
199.999999933
199.999999986
199.999999995
199.999999997
2.08541131898e-05
6.02449218681e-11
1.13747820307e-14
0
0
0
0
0
0
0
0
0
0
0
0
0
0
0
0
0
0
0
0
0
0
0
0
0
0
0
0
0
0
0
0
0
0
0
0
0
0
0
0
0
0
0
0
0
0
199.994097467
199.999997816
199.999999907
199.99999999
199.999999994
199.999999995
199.999999993
199.999999992
199.999999989
199.999999985
199.999999976
199.999999967
199.999999953
199.999999937
199.999999917
199.999999898
199.999999886
199.999999885
199.999999888
199.999999897
199.999999908
199.99999992
199.999999929
199.999999932
199.999999929
199.999999926
199.999999936
5.43535363247e-15
5.31845683723e-15
5.19076260871e-15
5.05552768068e-15
4.89293621939e-15
4.69376301017e-15
4.59990584763e-15
4.44447507512e-15
4.28995175761e-15
4.24297056039e-15
4.24354133493e-15
4.34034289678e-15
4.70465103524e-15
9.01861679997e-15
6.22247300475e-12
1.15083722332e-11
199.845289198
199.999999761
199.999999971
199.99999999
199.999999993
7.99784028701e-11
8.18800367356e-11
0
0
0
0
0
0
0
0
0
0
0
0
0
0
0
0
0
0
0
0
0
0
0
0
0
0
0
0
0
0
0
0
0
0
0
0
0
0
0
0
0
0
0
0
0
0
199.999962444
199.999999907
199.999999998
199.999999999
199.999999999
199.999999999
199.999999999
199.999999998
199.999999997
199.999999996
199.999999994
199.999999991
199.999999987
199.999999983
199.999999978
199.999999973
199.999999968
199.999999964
199.999999963
199.999999963
199.999999964
199.999999966
199.999999967
199.999999966
199.999999965
199.999999965
199.999999976
4.89591899585e-15
4.79012733559e-15
4.68366448255e-15
4.55492276805e-15
4.42201421045e-15
4.25124888915e-15
4.14541519769e-15
3.96648895724e-15
3.81155447119e-15
3.74634152135e-15
3.71020070809e-15
3.738036549e-15
3.90545160685e-15
4.67368213328e-15
1.60051752321e-12
1.63255536761e-11
1.02750432365e-11
1.49249169066e-11
199.979100865
199.999999951
199.999999977
6.16261394256e-11
1.23211618094e-10
8.32593254954e-11
0
0
0
0
0
0
0
0
0
0
0
0
0
0
0
0
0
0
0
0
0
0
0
0
0
0
0
0
0
0
0
0
0
0
0
0
0
0
0
0
0
0
0
0
199.917780337
199.999999595
200
200
200
200
200
200
200
199.999999999
199.999999999
199.999999999
199.999999998
199.999999997
199.999999995
199.999999993
199.999999991
199.999999989
199.999999987
199.999999986
199.999999985
199.999999985
199.999999984
199.999999984
199.999999984
199.999999986
199.99999999
199.999999992
4.52810836768e-15
4.41473014949e-15
4.33368390004e-15
4.19954784771e-15
4.05032097787e-15
3.91293796165e-15
3.74199865107e-15
3.57729631746e-15
3.40753202697e-15
3.32384421807e-15
3.22455243006e-15
3.1874476522e-15
3.29145787971e-15
3.61893850804e-15
2.83435325308e-13
8.24250875135e-12
9.8277563063e-12
1.50244559876e-11
2.18950714008e-11
2.92547822785e-11
4.40424488737e-11
6.03283844917e-11
9.6246849863e-11
2.179442859e-10
1.14047836685e-09
0
0
0
0
0
0
0
0
0
0
0
0
0
0
0
0
0
0
0
0
0
0
0
0
0
0
0
0
0
0
0
0
0
0
0
0
0
0
0
0
0
0
0
199.99985225
199.999999997
200
200
200
200
200
200
200
200
200
200
200
199.999999999
199.999999999
199.999999998
199.999999998
199.999999997
199.999999996
199.999999995
199.999999994
199.999999994
199.999999993
199.999999994
199.999999996
199.999999997
199.999999998
199.999999998
4.26511265213e-15
4.14566455787e-15
4.05563645709e-15
3.93030462014e-15
3.77293144401e-15
3.61044948427e-15
3.42334863548e-15
3.23727858881e-15
3.05616230129e-15
2.91726903293e-15
2.78742995253e-15
2.72803443946e-15
2.72301074786e-15
2.85598617999e-15
3.80264675154e-15
1.55171800008e-12
9.0553886418e-12
1.18930994806e-11
2.48008299858e-11
3.75142666174e-11
5.62685392072e-11
7.65059670845e-11
1.17600824223e-10
2.94121790293e-10
8.3743676383e-10
5.94772707838e-11
0
0
0
0
0
0
0
0
0
0
0
0
0
0
0
0
0
0
0
0
0
0
0
0
0
0
0
0
0
0
0
0
0
0
0
0
0
0
0
0
0
0
199.999999154
200
200
200
200
200
200
200
200
200
200
200
200
200
200
200
200
199.999999999
199.999999999
199.999999999
199.999999999
199.999999998
199.999999998
199.999999999
199.999999999
199.999999999
199.999999999
199.999999999
4.10731478569e-15
3.95577405765e-15
3.85646570903e-15
3.72354284817e-15
3.52878088719e-15
3.35323209183e-15
3.14618108482e-15
2.93393910612e-15
2.7477024133e-15
2.58084703085e-15
2.44202591597e-15
2.33607687393e-15
2.25488189211e-15
2.25889654793e-15
2.45765955402e-15
1.33482681236e-13
2.58831307399e-12
5.9227680126e-12
1.33579817871e-11
2.53425135644e-11
4.93980992194e-11
8.5963592575e-11
1.55553142364e-10
2.00410566496e-10
2.06945322711e-10
5.17208891962e-10
0
0
0
0
0
0
0
0
0
0
0
0
0
0
0
0
0
0
0
0
0
0
0
0
0
0
0
0
0
0
0
0
0
0
0
0
0
0
0
0
0
0
199.999999996
200
200
200
200
200
200
200
200
200
200
200
200
200
200
200
200
200
200
200
200
200
200
200
200
200
200
200
4.05960803939e-15
3.86232614663e-15
3.73521314408e-15
3.5676066458e-15
3.36464535602e-15
3.14290298814e-15
2.91451682167e-15
2.69829919551e-15
2.48971732395e-15
2.3108559932e-15
2.16795724332e-15
2.04083306634e-15
1.96204771816e-15
1.8928104262e-15
1.89330128063e-15
2.14113215668e-15
3.50524338318e-13
1.72194509452e-12
3.87322710428e-12
8.86676722085e-12
1.69790580834e-11
3.49852795453e-11
6.56405922751e-11
1.07827076528e-10
1.34752680146e-10
2.12000571116e-10
1.36745190366e-09
0.00245828320695
0
0
0
0
0
0
0
0
0
0
0
0
0
0
0
0
0
0
0
0
0
0
0
0
0
0
0
0
0
0
0
0
0
0
0
0
0
0
0
199.999656769
200
200
200
200
200
200
200
200
200
200
200
200
200
200
200
200
200
200
200
200
200
200
200
200
200
200
200
200
4.1808190003e-15
3.88403572332e-15
3.7108965187e-15
3.50963687445e-15
3.25025719145e-15
2.99968116923e-15
2.74898716339e-15
2.50524273618e-15
2.29630945571e-15
2.10641736271e-15
1.95316845339e-15
1.83567724099e-15
1.72407781623e-15
1.61901099869e-15
1.57493977239e-15
1.5782187643e-15
3.04523727613e-15
2.93082838648e-13
7.5088042029e-13
1.72209004396e-12
3.69358588196e-12
7.83580834951e-12
1.59003816095e-11
3.35690472929e-11
6.30799995011e-11
1.32058921113e-10
0.0017100132449
140.599187924
0
0
0
0
0
0
0
0
0
0
0
0
0
0
0
0
0
0
0
0
0
0
0
0
0
0
0
0
0
0
0
0
0
0
0
0
0
0
0
199.999999445
200
200
200
200
200
200
200
200
200
200
200
200
200
200
200
200
200
200
200
200
200
200
200
200
200
200
200
200
117.310038142
4.13177172934e-15
3.8310274159e-15
3.5085108902e-15
3.20673763201e-15
2.90737562655e-15
2.63450926064e-15
2.38035226152e-15
2.16289737664e-15
1.96817630469e-15
1.81709179129e-15
1.66785694281e-15
1.53938269404e-15
1.42366060373e-15
1.30590808608e-15
1.24222277273e-15
1.24850043144e-15
1.72223861476e-14
1.46334269806e-13
3.03959494181e-13
5.88539695606e-13
1.04627927939e-12
1.99173980465e-12
5.14106687322e-12
2.11502126206e-11
6.04209545221e-09
0.00590253308613
5.800645433e-11
79.3615168856
0
0
0
0
0
0
0
0
0
0
0
0
0
0
0
0
0
0
0
0
0
0
0
0
0
0
0
0
0
0
0
0
0
0
0
0
0
0
200
200
200
200
200
200
200
200
200
200
200
200
200
200
200
200
200
200
200
200
200
200
200
200
200
200
200
200
200
0.994380630673
4.8154597672e-15
4.21081956434e-15
3.67694376857e-15
3.24957128654e-15
2.88036979827e-15
2.5609428497e-15
2.28678760103e-15
2.03877050242e-15
1.86567716153e-15
1.69238361866e-15
1.53944230833e-15
1.38752155349e-15
1.24155175992e-15
1.10606753988e-15
9.95215693446e-16
9.23225858412e-16
9.47500857969e-16
1.55699815651e-14
4.88209769919e-14
8.95170754711e-14
1.48450669183e-13
2.15930069543e-13
2.98931685467e-13
5.36437640845e-13
2.58935322252e-12
1.82030686933e-11
2.21302537075e-12
199.937998353
0
0
0
0
0
0
0
0
0
0
0
0
0
0
0
0
0
0
0
0
0
0
0
0
0
0
0
0
0
0
0
0
0
0
0
0
0
199.676538146
200
200
200
200
200
200
200
200
200
200
200
200
200
200
200
200
200
200
200
200
200
200
200
200
200
200
200
200
200
2.31900637804e-09
6.85288902741e-15
5.15706418548e-15
4.06988166932e-15
3.38727835237e-15
2.90263261794e-15
2.5331516111e-15
2.2198889241e-15
1.9838662098e-15
1.7783644291e-15
1.60355456617e-15
1.44160364263e-15
1.27618196871e-15
1.10962619568e-15
9.61241805009e-16
8.40364067629e-16
7.36801807534e-16
6.60785003074e-16
8.50362816504e-16
5.47371467494e-15
1.01587583895e-14
1.76119407946e-14
2.54220333113e-14
2.3677312662e-14
1.69223821683e-14
5.0358462877e-15
4.39904131051e-15
1.91544924987e-15
2.98266546276e-14
199.999999999
0
0
0
0
0
0
0
0
0
0
0
0
0
0
0
0
0
0
0
0
0
0
0
0
0
0
0
0
0
0
0
0
0
0
0
0
200
200
200
200
200
200
200
200
200
200
200
200
200
200
200
200
200
200
200
200
200
200
200
200
200
200
200
200
200
200
1.71665355227e-08
2.07120045642e-06
7.7655309504e-15
4.80082275929e-15
3.61136323111e-15
2.97072395237e-15
2.52705753129e-15
2.18797474554e-15
1.94223177669e-15
1.73458548659e-15
1.54151346928e-15
1.37422900189e-15
1.20377211057e-15
1.0336790095e-15
8.82793021123e-16
7.45651669945e-16
5.90768588253e-16
3.8252091241e-16
4.14845270221e-16
7.36981372642e-16
1.35295930622e-15
1.89937933005e-15
1.81705891659e-15
1.03638553136e-15
1.34986432935e-15
1.88743675058e-15
3.20635675921e-15
5.44035550083e-15
3.63188386259e-14
5.05207605117e-13
0
0
0
0
0
0
0
0
0
0
0
0
0
0
0
0
0
0
0
0
0
0
0
0
0
0
0
0
0
0
0
0
0
0
0
3.89426062897e-18
200
200
200
200
200
200
200
200
200
200
200
200
200
200
200
200
200
200
200
200
200
200
200
200
200
200
200
200
200
200
6.23586663705e-08
2.01958550732e-09
0.00224879006421
199.999453763
3.91510756355e-15
3.05067635526e-15
2.51917358441e-15
2.16803671593e-15
1.91437889424e-15
1.70024000702e-15
1.5143427505e-15
1.33730513514e-15
1.15190340817e-15
9.82822056975e-16
8.19405758286e-16
6.46768073824e-16
4.59180227721e-16
2.45434435382e-16
4.35146249422e-17
7.77492792798e-17
9.08598104103e-17
1.03149721825e-16
2.30687193291e-16
3.34999170141e-16
5.52473173404e-16
1.15051995416e-15
2.88422691698e-15
1.10606301276e-14
6.15368495187e-14
5.53816704005e-14
1.84464977162e-18
0
0
0
0
0
0
0
0
0
0
0
0
0
0
0
0
0
0
0
0
0
0
0
0
0
0
0
0
0
0
0
0
0
0
199.999999996
200
200
200
200
200
200
200
200
200
200
200
200
200
200
200
200
200
200
200
200
200
200
200
200
200
200
200
200
200
200
4.95703988261e-08
5.26557684556e-08
5.42889578549e-08
1.05376233069e-07
0.0220415213772
199.999999833
199.99988691
2.25073279554e-15
1.94091987812e-15
1.71270280222e-15
1.51387926879e-15
1.33147242283e-15
1.12029722173e-15
9.58913389393e-16
7.91028819776e-16
6.52071509481e-16
4.82214434937e-16
2.31152085688e-16
4.35146249422e-17
7.02532019368e-17
8.8810199553e-17
1.01100110968e-16
1.27618974824e-16
2.98968869353e-16
4.21702153863e-16
8.96342323459e-16
2.59580422528e-15
5.44184966715e-15
1.0251656558e-14
4.20207987548e-16
2.98924010032e-13
0
0
0
0
0
0
0
0
0
0
0
0
0
0
0
0
0
0
0
0
0
0
0
0
0
0
0
0
0
0
0
0
0
0
200
200
200
200
200
200
200
200
200
200
200
200
200
200
200
200
200
200
200
200
200
200
200
200
200
200
200
200
200
200
157.338094021
)
;

boundaryField
{
    frontAndBack
    {
        type            empty;
    }
    leftWall
    {
        type            calculated;
        value           uniform 0;
    }
    outlet
    {
        type            calculated;
        value           uniform 0;
    }
    rightWall
    {
        type            calculated;
        value           uniform 0;
    }
    inlet
    {
        type            calculated;
        value           uniform 2.75715708547e-12;
    }
}


// ************************************************************************* //
