/*--------------------------------*- C++ -*----------------------------------*\
| =========                 |                                                 |
| \\      /  F ield         | OpenFOAM: The Open Source CFD Toolbox           |
|  \\    /   O peration     | Version:  v1906                                 |
|   \\  /    A nd           | Web:      www.OpenFOAM.com                      |
|    \\/     M anipulation  |                                                 |
\*---------------------------------------------------------------------------*/
FoamFile
{
    version     2.0;
    format      ascii;
    class       volScalarField;
    location    "55";
    object      alpha;
}
// * * * * * * * * * * * * * * * * * * * * * * * * * * * * * * * * * * * * * //

dimensions      [0 0 -1 0 0 0 0];


internalField   nonuniform List<scalar> 
9216
(
98.9468188212
99.2586941729
99.2431013016
99.2431013016
99.1645496295
99.2218137985
99.2218137985
99.2218137985
99.2218137985
99.2218137985
99.1581869441
99.0504343074
98.9307091556
98.9307091556
98.9307091556
98.9307091556
98.9307091556
98.9307091556
98.9307091556
98.9307091556
98.9307091556
98.9307091556
98.9307091556
98.9307091556
98.9307091556
98.9307091556
98.7664771229
98.7664771229
98.8862022748
98.9939549114
98.9939549114
98.4776496552
98.4181064906
98.7136677679
98.846146082
98.846146082
98.846146082
98.7754495771
98.7754495771
98.7754495771
98.7754495771
98.5929695408
98.5929695408
98.5929695408
98.5929695408
98.5929695408
98.5929695408
98.5929695408
98.5929695408
98.5929695408
98.5929695408
98.5929695408
98.5929695408
98.5929695408
98.5929695408
98.5929695408
98.5929695408
98.7383900802
98.7754495771
98.7754495771
98.7754495771
98.7754495771
98.7754495771
98.7546669774
98.5228430797
98.052252228
97.7548235075
97.6952758019
97.5282357504
97.4202966845
97.3185487417
97.2396618778
97.1685241994
97.1454824084
97.1221552731
97.1058398537
97.0581422371
96.9538886402
96.7987087705
96.5702622817
96.1960925519
95.4883623615
94.5064409745
92.9502700699
90.6936139126
87.4965985803
86.4246879214
84.2617416395
68.9210174527
53.4206743961
35.8478317989
24.8279043804
16.8972329245
10.1476206842
8.64549464469
0.96236683104
99.1645496295
99.2431013016
99.3003654706
99.3003654706
99.3003654706
99.3003654706
99.2218137985
99.1645496295
99.1645496295
99.1645496295
99.1645496295
99.1645496295
99.1645496295
99.1645496295
98.9370718411
98.9370718411
98.9370718411
99.1645496295
99.1645496295
99.1645496295
99.1009227751
98.9931701385
98.9224736336
98.9224736336
98.9224736336
98.9224736336
98.9224736336
98.7582416009
98.7582416009
98.7582416009
98.5757615646
98.5757615646
98.4279527352
98.4279527352
98.4279527352
98.4279527352
98.4279527352
98.4279527352
98.4279527352
98.2949247887
98.1751996369
98.1751996369
98.1751996369
98.1751996369
98.1751996369
97.972444041
97.972444041
97.972444041
97.972444041
97.972444041
97.972444041
97.972444041
97.972444041
97.972444041
97.972444041
97.972444041
97.972444041
97.8887482919
97.6634124971
97.6634124971
97.6634124971
97.6634124971
97.6634124971
97.6634124971
97.9967286166
97.42148556
97.0746475284
96.7623625348
96.4811485873
96.5456277414
96.3964238293
96.2413083397
96.1318892403
96.1006472476
96.0827924657
96.0864112756
96.0980742882
95.9683747688
96.3362760646
96.0403048089
95.5554360207
95.9638133764
95.1486757362
94.6680246566
92.9104910428
90.499759024
88.2843293343
85.4573669425
80.7088518084
62.7074863446
45.550672046
33.520337047
26.130552533
17.964918232
11.0856448817
8.60156440641
99.1645496295
99.3003654706
99.3003654706
99.2431013016
99.2431013016
99.2431013016
99.2431013016
99.1645496295
99.1645496295
99.1645496295
99.1009227751
99.1009227751
99.1009227751
99.1009227751
99.1009227751
99.0302262702
99.0302262702
98.9224736336
98.9224736336
98.9224736336
98.9224736336
98.9224736336
98.9224736336
98.9224736336
98.9224736336
98.9224736336
98.6385164491
98.4560364127
98.4560364127
98.3082275833
98.3082275833
98.1751996369
98.1751996369
98.1751996369
97.972444041
97.972444041
97.972444041
97.972444041
97.972444041
97.972444041
97.972444041
97.972444041
97.972444041
97.972444041
97.7471600455
97.7471600455
97.7471600455
97.4381285017
97.1600001122
97.1600001122
96.9096845617
96.5663161797
96.5663161797
96.5663161797
96.5663161797
96.5663161797
96.5663161797
96.5663161797
96.5663161797
96.5663161797
96.5663161797
96.5663161797
96.5663161797
96.5663161797
96.2970526974
95.5492067448
94.7321806261
94.0979791589
93.5338959317
93.1240316095
93.5585288059
93.2689671028
93.0456936595
94.0931446133
93.9843348217
93.6343741884
93.3221924836
92.9233514866
92.4525159755
94.6817894665
94.0171008859
94.0437187522
92.647425795
90.5891763188
88.0345446111
85.8821005538
81.1855545597
77.087312348
79.419371268
72.4407816351
47.8081567907
31.6160604621
30.4570292685
25.4741511897
19.3307487378
12.0481801902
99.2218137985
99.2431013016
99.2431013016
99.2431013016
99.2431013016
99.2431013016
99.1645496295
99.1645496295
99.1009227751
99.1009227751
99.1009227751
99.1009227751
99.1009227751
99.0302262702
98.9224736336
98.9224736336
98.9224736336
98.9224736336
98.9224736336
98.9224736336
98.9224736336
98.9224736336
98.8027484817
98.8027484817
98.6385164491
98.4560364127
98.3082275833
98.1751996369
98.1751996369
98.1751996369
97.972444041
97.972444041
97.972444041
97.972444041
97.972444041
97.972444041
97.972444041
97.7471600455
97.7471600455
97.7471600455
97.7471600455
97.7471600455
97.1878129512
96.9096845617
96.9096845617
96.5663161797
96.5663161797
96.5663161797
96.5663161797
96.5663161797
96.5663161797
96.5663161797
96.5663161797
96.1847957552
96.1847957552
96.1847957552
96.1847957552
96.1847957552
96.1847957552
96.1847957552
96.1847957552
96.1847957552
96.1847957552
96.1847957552
95.9943736619
95.0436077161
94.0212050546
93.29160818
92.659461649
92.2489263742
91.9808912452
91.7859810655
92.3399979366
92.1914236016
92.0264500352
91.8477117176
91.6144753231
91.1923840464
90.5417688128
89.328194586
87.6529591385
85.6297254228
84.9709051083
81.6684990245
82.6566570543
77.7100069968
71.5636311179
77.6660327439
73.3605621682
69.2444505606
53.6711414182
41.6279166466
30.5720458133
32.1813677698
24.7139919472
13.8118064611
99.2218137985
99.2431013016
99.2431013016
99.2431013016
99.2431013016
99.2431013016
99.2431013016
99.1009227751
99.1009227751
99.1009227751
99.1009227751
99.1009227751
99.0302262702
98.9224736336
98.9224736336
98.9224736336
98.9224736336
98.9224736336
98.9224736336
98.9224736336
98.8027484817
98.8027484817
98.8027484817
98.6385164491
98.4560364127
98.1751996369
98.1751996369
97.972444041
97.972444041
97.972444041
97.972444041
97.972444041
97.972444041
97.7471600455
97.7471600455
97.7471600455
97.7471600455
97.7471600455
97.496844495
97.496844495
96.9096845617
96.9096845617
96.5663161797
96.5663161797
96.5663161797
96.5663161797
96.5663161797
96.1847957552
96.1847957552
96.1847957552
96.1847957552
96.1847957552
96.1847957552
96.1847957552
95.7608841725
95.7608841725
95.7608841725
95.7608841725
95.7608841725
95.7608841725
95.7608841725
95.7608841725
95.7608841725
95.7608841725
94.6976067294
92.5059449774
91.3712436753
90.3889721229
89.7100288312
89.6143587624
89.6143587624
89.6143587624
89.6143587624
89.7898938997
90.0574663805
90.792850589
90.9739891033
90.7955322714
90.5508553841
89.8736133717
89.3468309877
89.1175694283
85.4867807585
81.8236096461
77.2782161948
72.2991763301
66.7645215557
65.4050793133
65.3726690706
56.9287224593
59.6233651413
51.3638205874
41.8108764451
32.0605381657
33.4516597071
18.817556501
99.3003654706
99.2431013016
99.2431013016
99.2431013016
99.2431013016
99.2431013016
99.1794744472
99.1794744472
99.1009227751
99.1009227751
99.1009227751
99.1009227751
98.9224736336
98.9224736336
98.9224736336
98.9224736336
98.9224736336
98.9224736336
98.8027484817
98.8027484817
98.8027484817
98.8027484817
98.8027484817
98.4560364127
98.1751996369
98.1751996369
97.972444041
97.972444041
97.972444041
97.972444041
97.972444041
97.7471600455
97.7471600455
97.7471600455
97.7471600455
97.7471600455
97.496844495
97.496844495
96.9096845617
96.9096845617
96.5663161797
96.5663161797
96.5663161797
96.5663161797
96.1847957552
96.1847957552
96.1847957552
96.1847957552
96.1847957552
95.7608841725
95.7608841725
95.7608841725
95.7608841725
95.7608841725
95.2898713028
95.2898713028
95.2898713028
95.2898713028
94.7665236697
94.7665236697
94.1850262997
94.1850262997
94.1850262997
89.8781099559
87.3923927007
85.7246745308
85.2342639777
83.1537563542
82.2674625423
82.2674625423
81.4735045771
80.2085512213
81.1282144304
82.9853605299
82.9853605299
82.9853605299
83.6314687189
86.0659862777
86.5893339108
86.1623257927
87.3583695302
85.7397669817
83.6374435697
82.4829653449
79.2969390599
74.0220141479
71.5851359113
65.313696621
57.2812060986
48.8117801518
51.243483517
56.5777891811
51.1039334186
34.474343092
36.5631698615
23.6790830784
99.3003654706
99.2431013016
99.2431013016
99.2431013016
99.2431013016
99.1794744472
99.1794744472
99.1794744472
99.1009227751
99.1009227751
99.1009227751
98.9224736336
98.9224736336
98.9224736336
98.9224736336
98.9224736336
98.9224736336
98.8027484817
98.8027484817
98.8027484817
98.8027484817
98.8027484817
98.6385164491
98.1751996369
97.972444041
97.972444041
97.972444041
97.972444041
97.972444041
97.972444041
97.7471600455
97.7471600455
97.7471600455
97.7471600455
97.7471600455
97.496844495
97.2187161056
96.9096845617
96.5663161797
96.5663161797
96.5663161797
96.5663161797
96.1847957552
96.1847957552
96.1847957552
96.1847957552
95.7608841725
95.7608841725
95.7608841725
95.7608841725
95.7608841725
95.2898713028
95.2898713028
95.2898713028
94.7665236697
94.7665236697
94.1850262997
94.1850262997
93.5389181108
93.5389181108
93.5389181108
87.6592656152
85.0067765431
81.4697981115
79.4108867905
79.4108867905
77.123207545
74.5813417167
74.5813417167
74.5813417167
73.431887141
71.7570463519
71.7570463519
71.7570463519
74.5813417167
74.5813417167
74.5813417167
74.5813417167
77.123207545
77.0588112281
78.51176225
78.6132190842
76.4473743084
76.4686493901
75.7881899164
75.7182469445
71.4467134226
66.2381744609
58.3963602776
55.4259215878
48.8879309749
51.1210094868
58.5037022058
42.5234403743
36.8143097613
26.1381240366
99.3003654706
99.2431013016
99.2431013016
99.2431013016
99.2431013016
99.1794744472
99.1794744472
99.1794744472
99.1009227751
99.1009227751
98.9931701385
98.9224736336
98.9224736336
98.9224736336
98.9224736336
98.9224736336
98.8027484817
98.8027484817
98.8027484817
98.8027484817
98.8027484817
98.8027484817
98.1751996369
98.1751996369
97.972444041
97.972444041
97.972444041
97.972444041
97.7471600455
97.7471600455
97.7471600455
97.7471600455
97.7471600455
97.496844495
97.496844495
97.2187161056
96.9096845617
96.5663161797
96.5663161797
96.5663161797
96.1847957552
96.1847957552
96.1847957552
96.1847957552
95.7608841725
95.7608841725
95.7608841725
95.7608841725
95.7608841725
95.2898713028
95.2898713028
94.7665236697
94.7665236697
94.1850262997
94.1850262997
93.5389181108
93.5389181108
93.5389181108
92.8210201231
89.1602119682
84.2091121123
81.4697981115
79.4108867905
77.123207545
74.5813417167
71.7570463519
71.7570463519
68.618940391
68.618940391
68.618940391
65.13215599
65.13215599
65.13215599
65.13215599
65.13215599
65.13215599
65.13215599
68.618940391
68.618940391
68.618940391
71.7570463519
71.7570463519
72.7679656572
72.0623466386
70.4734455514
68.3495672386
61.6350480808
63.7873200937
63.6673622035
59.5757881563
54.7688795404
47.0903525438
50.9255917827
55.4917994424
37.7183272299
28.5025915862
99.3003654706
99.2431013016
99.2431013016
99.2431013016
99.1794744472
99.1794744472
99.1794744472
99.1794744472
99.1009227751
99.1009227751
98.9931701385
98.9224736336
98.9224736336
98.8027484817
98.8027484817
98.8027484817
98.8027484817
98.8027484817
98.8027484817
98.8027484817
98.8027484817
98.3230084663
98.1751996369
97.972444041
97.972444041
97.972444041
97.972444041
97.7471600455
97.7471600455
97.7471600455
97.7471600455
97.7471600455
97.496844495
97.496844495
97.2187161056
96.9096845617
96.5663161797
96.5663161797
96.5663161797
96.1847957552
96.1847957552
96.1847957552
96.1847957552
95.7608841725
95.7608841725
95.7608841725
95.7608841725
95.2898713028
95.2898713028
95.2898713028
94.7665236697
94.7665236697
94.1850262997
94.1850262997
93.5389181108
93.5389181108
92.8210201231
92.8210201231
84.2091121123
81.4697981115
79.4108867905
77.123207545
74.5813417167
71.7570463519
68.618940391
68.618940391
65.13215599
61.2579511
61.2579511
61.2579511
56.953279
56.953279
56.953279
56.953279
56.953279
56.953279
56.953279
56.953279
56.953279
61.2579511
61.2579511
65.13215599
65.13215599
68.2150752749
67.432052504
66.2116008914
64.3392865065
60.5212801821
56.3966818619
56.6574486752
56.1234658365
54.0615312549
43.6367506317
58.521661328
43.6132716068
31.4509246058
99.3003654706
99.2431013016
99.2431013016
99.2431013016
99.1794744472
99.1794744472
99.1794744472
99.1794744472
99.1009227751
99.1009227751
98.9931701385
98.9224736336
98.8027484817
98.8027484817
98.8027484817
98.8027484817
98.8027484817
98.8027484817
98.8027484817
98.8027484817
98.6385164491
98.1751996369
97.972444041
97.972444041
97.972444041
97.972444041
97.7471600455
97.7471600455
97.7471600455
97.7471600455
97.7471600455
97.496844495
97.496844495
97.2187161056
96.9096845617
96.5663161797
96.5663161797
96.1847957552
96.1847957552
96.1847957552
96.1847957552
95.7608841725
95.7608841725
95.7608841725
95.7608841725
95.2898713028
95.2898713028
95.2898713028
94.7665236697
94.7665236697
94.1850262997
94.1850262997
93.5389181108
93.5389181108
92.8210201231
92.8210201231
92.0233556923
83.3228183003
79.4108867905
77.123207545
74.5813417167
71.7570463519
68.618940391
65.13215599
61.2579511
61.2579511
56.953279
56.953279
52.17031
52.17031
48.7703704356
46.8559
46.8559
46.8559
46.8559
46.8559
46.8559
46.8559
46.8559
46.8559
52.17031
52.17031
56.953279
56.953279
61.2208489533
62.9219565287
62.1381092854
58.397503054
56.0772412965
55.685549428
52.8270754945
54.9322492122
51.0836377585
53.3998872158
51.4540486991
33.2894470282
99.3003654706
99.2431013016
99.2431013016
99.2431013016
99.1794744472
99.1794744472
99.1794744472
99.1794744472
99.1009227751
98.9931701385
98.9931701385
98.9224736336
98.8027484817
98.8027484817
98.8027484817
98.8027484817
98.8027484817
98.8027484817
98.8027484817
98.8027484817
98.3230084663
98.1751996369
97.972444041
97.972444041
97.972444041
97.7471600455
97.7471600455
97.7471600455
97.7471600455
97.7471600455
97.496844495
97.496844495
97.2187161056
96.9096845617
96.5663161797
96.5663161797
96.1847957552
96.1847957552
96.1847957552
96.1847957552
95.7608841725
95.7608841725
95.7608841725
95.7608841725
95.2898713028
95.2898713028
95.2898713028
94.7665236697
94.7665236697
94.1850262997
94.1850262997
93.5389181108
93.5389181108
92.8210201231
92.8210201231
89.7133992551
81.4697981115
77.123207545
74.5813417167
71.7570463519
68.618940391
65.13215599
61.2579511
61.2579511
56.953279
52.17031
52.17031
46.8559
46.8559
40.951
40.951
40.951
40.951
35.5600534918
34.39
34.39
34.39
34.39
40.951
40.951
40.951
40.951
46.8559
46.8559
52.17031
56.953279
57.607372496
58.0151740712
56.1056439608
57.9199361173
52.5245799109
50.9907375285
53.346421756
49.3253491365
55.5985199864
34.2198006468
99.3973428436
99.2431013016
99.2431013016
99.2431013016
99.1794744472
99.1794744472
99.1794744472
99.1794744472
99.1009227751
98.9931701385
98.9224736336
98.8027484817
98.8027484817
98.8027484817
98.8027484817
98.8027484817
98.8027484817
98.8027484817
98.8027484817
98.6697205353
98.1751996369
97.972444041
97.972444041
97.972444041
97.7471600455
97.7471600455
97.7471600455
97.7471600455
97.496844495
97.496844495
97.496844495
97.2187161056
96.9096845617
96.5663161797
96.5663161797
96.1847957552
96.1847957552
96.1847957552
96.1847957552
95.7608841725
95.7608841725
95.7608841725
95.2898713028
95.2898713028
95.2898713028
94.7665236697
94.7665236697
94.1850262997
94.1850262997
93.5389181108
93.5389181108
92.8210201231
92.8210201231
92.0233556923
89.9212953344
81.4697981115
77.123207545
74.5813417167
71.7570463519
65.13215599
61.2579511
61.2579511
56.953279
52.17031
46.8559
46.8559
40.951
40.951
34.39
34.39
34.39
34.39
27.1
27.1
27.1
27.1
27.1
27.1
27.1
27.1
34.39
34.39
34.39
40.951
40.951
46.8559
46.8559
50.9085196429
56.7048546648
55.8440810182
54.8967605758
52.2221008971
51.2269911789
56.0150833021
49.8920079187
33.789075123
99.3973428436
99.3400786746
99.3400786746
99.2431013016
99.1794744472
99.1794744472
99.1794744472
99.1794744472
99.1009227751
98.9931701385
98.9224736336
98.8027484817
98.8027484817
98.8027484817
98.8027484817
98.8027484817
98.8027484817
98.8027484817
98.6697205353
98.1751996369
98.1751996369
97.972444041
97.972444041
97.7471600455
97.7471600455
97.7471600455
97.7471600455
97.496844495
97.496844495
97.496844495
97.2187161056
96.9096845617
96.5663161797
96.5663161797
96.1847957552
96.1847957552
96.1847957552
95.7608841725
95.7608841725
95.7608841725
95.7608841725
95.2898713028
95.2898713028
95.2898713028
94.7665236697
94.7665236697
94.1850262997
94.1850262997
93.5389181108
93.5389181108
92.8210201231
92.8210201231
92.0233556923
89.9212953344
79.4108867905
77.123207545
71.7570463519
68.618940391
65.13215599
61.2579511
56.953279
52.17031
46.8559
40.951
40.951
34.39
34.39
27.1
27.1
27.1
27.1
19
19
19
19
19
19
19
19
19
19
27.1
27.1
27.1
34.39
34.39
40.951
46.8559
52.17031
53.2241325738
51.6903119213
53.4157401425
48.5130082171
50.6154328019
52.4551756977
32.4695648669
99.3973428436
99.4273583103
99.3400786746
99.2431013016
99.1794744472
99.1794744472
99.1794744472
99.1794744472
99.1009227751
98.9931701385
98.9224736336
98.8027484817
98.8027484817
98.8027484817
98.8027484817
98.8027484817
98.8027484817
98.6697205353
98.6697205353
98.1751996369
97.972444041
97.972444041
97.972444041
97.7471600455
97.7471600455
97.7471600455
97.496844495
97.496844495
97.496844495
97.2187161056
96.9096845617
96.5663161797
96.5663161797
96.1847957552
96.1847957552
96.1847957552
95.7608841725
95.7608841725
95.7608841725
95.2898713028
95.2898713028
95.2898713028
94.7665236697
94.7665236697
94.7665236697
94.1850262997
94.1850262997
93.5389181108
93.5389181108
92.8210201231
92.8210201231
92.0233556923
91.1370618803
79.4108867905
74.5813417167
71.7570463519
65.13215599
61.2579511
56.953279
52.17031
46.8559
40.951
34.39
34.39
27.1
27.1
19
19
19
19
10
10
10
10
10
10
10
10
10
10
10
10
19
19
19
27.1
27.1
34.39
40.951
46.8559
48.1384044089
49.4160461393
50.7367769021
46.5125205824
54.5493760061
29.0386548622
99.3973428436
99.4273583103
99.4273583103
99.3400786746
99.1794744472
99.1794744472
99.1794744472
99.1794744472
99.1009227751
98.9931701385
98.9224736336
98.8027484817
98.8027484817
98.8027484817
98.8027484817
98.8027484817
98.6697205353
98.6697205353
98.3576796732
98.1751996369
97.972444041
97.972444041
97.7471600455
97.7471600455
97.7471600455
97.496844495
97.496844495
97.2187161056
97.2187161056
96.9096845617
96.9096845617
96.5663161797
96.5663161797
96.1847957552
96.1847957552
95.7608841725
95.7608841725
95.7608841725
95.2898713028
95.2898713028
95.2898713028
94.7665236697
94.7665236697
94.1850262997
94.1850262997
93.5389181108
93.5389181108
93.5389181108
92.8210201231
92.8210201231
92.0233556923
91.1370618803
79.4108867905
74.5813417167
68.618940391
65.13215599
56.953279
52.17031
46.8559
34.39
34.39
27.1
19
19
10
10
10
10
10
0
0
0
0
0
0
0
0
0
0
0
0
0
10
10
10
19
19
27.1
34.39
37.8477781125
46.8559
46.7329611007
49.3986977773
49.3418285765
48.9422099854
27.0223197401
99.4846224793
99.4273583103
99.4273583103
99.4273583103
99.2764518202
99.1794744472
99.1794744472
99.1794744472
98.9931701385
98.9224736336
98.9224736336
98.8027484817
98.8027484817
98.8027484817
98.8027484817
98.6697205353
98.6697205353
98.5219117059
98.1751996369
97.972444041
97.972444041
97.972444041
97.7471600455
97.7471600455
97.496844495
97.496844495
97.2187161056
97.2187161056
96.9096845617
96.9096845617
96.5663161797
96.5663161797
96.1847957552
96.1847957552
95.7608841725
95.7608841725
95.7608841725
95.2898713028
95.2898713028
94.7665236697
94.7665236697
94.7665236697
94.1850262997
94.1850262997
93.5389181108
93.5389181108
92.8210201231
92.8210201231
92.0233556923
92.0233556923
91.1370618803
79.4108867905
74.5813417167
68.618940391
61.2579511
52.17031
40.951
34.39
19
10
10
0
0
0
0
0
0
0
0
0
0
0
0
0
0
0
0
0
0
0
0
0
0
0
0
10
10
19
19
27.1
34.39
46.7766108828
48.4105453955
49.5536538517
46.096899804
30.120150293
99.4846224793
99.4273583103
99.4273583103
99.4273583103
99.3637314559
99.2764518202
99.1794744472
99.1794744472
98.9931701385
98.9224736336
98.8027484817
98.8027484817
98.8027484817
98.8027484817
98.6697205353
98.6697205353
98.6697205353
98.3576796732
98.1751996369
97.972444041
97.972444041
97.7471600455
97.7471600455
97.496844495
97.496844495
97.2187161056
97.2187161056
96.9096845617
96.9096845617
96.5663161797
96.5663161797
96.1847957552
96.1847957552
95.7608841725
95.7608841725
95.2898713028
95.2898713028
95.2898713028
94.7665236697
94.7665236697
94.1850262997
94.1850262997
94.1850262997
93.5389181108
93.5389181108
92.8210201231
92.8210201231
92.0233556923
92.0233556923
91.1370618803
79.4108867905
74.5813417167
65.13215599
56.953279
40.951
10
0
0
0
0
0
0
0
0
0
0
0
0
0
0
0
0
0
0
0
0
0
0
0
0
0
0
0
0
0
0
0
10
10
19
27.1
34.8863075787
44.8148597918
45.7264315437
44.8738110247
31.9554660259
99.4846224793
99.4273583103
99.4273583103
99.4273583103
99.3637314559
99.2764518202
99.1794744472
99.1794744472
98.9931701385
98.9224736336
98.8027484817
98.8027484817
98.8027484817
98.8027484817
98.6697205353
98.6697205353
98.5219117059
98.1751996369
98.1751996369
97.972444041
97.7471600455
97.7471600455
97.7471600455
97.496844495
97.496844495
97.2187161056
96.9096845617
96.9096845617
96.5663161797
96.5663161797
96.1847957552
96.1847957552
95.7608841725
95.7608841725
95.2898713028
95.2898713028
95.2898713028
94.7665236697
94.7665236697
94.1850262997
94.1850262997
93.5389181108
93.5389181108
93.5389181108
92.8210201231
92.8210201231
92.0233556923
92.0233556923
91.1370618803
81.4697981115
71.7570463519
65.13215599
40.951
0
0
0
0
0
0
0
0
0
0
0
0
0
0
0
0
0
0
0
0
0
0
0
0
0
0
0
0
0
0
0
0
0
0
0
0
10
19
27.1
40.951
47.5121853978
44.6034681149
34.4157744275
99.4846224793
99.4273583103
99.4273583103
99.4273583103
99.3637314559
99.3637314559
99.2764518202
99.1794744472
98.9931701385
98.9224736336
98.8027484817
98.8027484817
98.8027484817
98.6697205353
98.6697205353
98.5219117059
98.3576796732
98.1751996369
97.972444041
97.972444041
97.7471600455
97.7471600455
97.496844495
97.496844495
97.2187161056
96.9096845617
96.9096845617
96.5663161797
96.5663161797
96.1847957552
96.1847957552
95.7608841725
95.7608841725
95.2898713028
95.2898713028
94.7665236697
94.7665236697
94.7665236697
94.1850262997
94.1850262997
93.5389181108
93.5389181108
92.8210201231
92.8210201231
92.8210201231
92.0233556923
91.1370618803
90.1522909782
83.3228183003
71.7570463519
56.953279
0
0
0
0
0
0
0
0
0
0
0
0
0
0
0
0
0
0
0
0
0
0
0
0
0
0
0
0
0
0
0
0
0
0
0
0
0
0
0
10
19
34.39
46.7625590487
45.8322820623
32.6324101966
99.4846224793
99.4273583103
99.4273583103
99.4273583103
99.3637314559
99.3637314559
99.2764518202
99.1794744472
98.9224736336
98.9224736336
98.8027484817
98.8027484817
98.8027484817
98.6697205353
98.5219117059
98.3576796732
98.1751996369
98.1751996369
97.972444041
97.7471600455
97.7471600455
97.496844495
97.496844495
97.2187161056
96.9096845617
96.9096845617
96.5663161797
96.5663161797
96.1847957552
96.1847957552
95.7608841725
95.7608841725
95.2898713028
95.2898713028
94.7665236697
94.7665236697
94.1850262997
94.1850262997
93.5389181108
93.5389181108
93.5389181108
92.8210201231
92.8210201231
92.0233556923
92.0233556923
91.1370618803
90.1522909782
87.8423345409
71.7570463519
0
0
0
0
0
0
0
0
0
0
0
0
0
0
0
0
0
0
0
0
0
0
0
0
0
0
0
0
0
0
0
0
0
0
0
0
0
0
0
0
0
0
10
27.1
37.9438014262
46.5935003487
30.9145467009
99.4846224793
99.4273583103
99.4273583103
99.4273583103
99.3637314559
99.3637314559
99.2764518202
99.1009227751
98.9224736336
98.9224736336
98.8027484817
98.8027484817
98.6697205353
98.6697205353
98.5219117059
98.3576796732
98.1751996369
97.972444041
97.972444041
97.7471600455
97.496844495
97.496844495
97.2187161056
96.9096845617
96.9096845617
96.5663161797
96.5663161797
96.1847957552
95.7608841725
95.7608841725
95.7608841725
95.2898713028
95.2898713028
94.7665236697
94.7665236697
94.1850262997
94.1850262997
93.5389181108
93.5389181108
92.8210201231
92.8210201231
92.0233556923
92.0233556923
92.0233556923
91.1370618803
90.1522909782
87.8423345409
71.7570463519
0
0
0
0
0
0
0
0
0
0
0
0
0
0
0
0
0
0
0
0
0
0
0
0
0
0
0
0
0
0
0
0
0
0
0
0
0
0
0
0
0
0
0
10
19
30.7135029482
46.2118657201
29.3808390724
99.4846224793
99.4273583103
99.4273583103
99.4273583103
99.3637314559
99.3637314559
99.2764518202
99.0302262702
98.9224736336
98.9224736336
98.8027484817
98.8027484817
98.6697205353
98.5219117059
98.3576796732
98.1751996369
97.972444041
97.972444041
97.7471600455
97.7471600455
97.496844495
97.2187161056
96.9096845617
96.9096845617
96.5663161797
96.1847957552
96.1847957552
95.7608841725
95.7608841725
95.2898713028
95.2898713028
94.7665236697
94.7665236697
94.1850262997
94.1850262997
93.5389181108
93.5389181108
92.8210201231
92.8210201231
92.8210201231
92.0233556923
92.0233556923
91.1370618803
91.1370618803
90.1522909782
87.8423345409
71.7570463519
0
0
0
0
0
0
0
0
0
0
0
0
0
0
0
0
0
0
0
0
0
0
0
0
0
0
0
0
0
0
0
0
0
0
0
0
0
0
0
0
0
0
0
0
0
10
27.1
41.4448602388
30.1461752753
99.4846224793
99.4273583103
99.4273583103
99.4273583103
99.3637314559
99.3637314559
99.2764518202
99.0302262702
98.9224736336
98.9224736336
98.8027484817
98.8027484817
98.6697205353
98.5219117059
98.3576796732
98.1751996369
97.972444041
97.7471600455
97.7471600455
97.496844495
97.2187161056
96.9096845617
96.9096845617
96.5663161797
96.1847957552
96.1847957552
95.7608841725
95.7608841725
95.2898713028
95.2898713028
94.7665236697
94.1850262997
94.1850262997
93.5389181108
93.5389181108
92.8210201231
92.8210201231
92.8210201231
92.0233556923
92.0233556923
91.1370618803
91.1370618803
90.1522909782
89.0581010868
87.8423345409
74.5813417167
0
0
0
0
0
0
0
0
0
0
0
0
0
0
0
0
0
0
0
0
0
0
0
0
0
0
0
0
0
0
0
0
0
0
0
0
0
0
0
0
0
0
0
0
0
0
0
19
34.8838602388
33.3987371199
99.4846224793
99.4273583103
99.4273583103
99.4273583103
99.3637314559
99.3637314559
99.0302262702
99.0302262702
98.9224736336
98.8027484817
98.8027484817
98.6697205353
98.5219117059
98.3576796732
98.1751996369
97.972444041
97.7471600455
97.7471600455
97.496844495
97.2187161056
96.9096845617
96.9096845617
96.5663161797
96.1847957552
96.1847957552
95.7608841725
95.2898713028
95.2898713028
94.7665236697
94.7665236697
94.1850262997
94.1850262997
93.5389181108
93.5389181108
92.8210201231
92.8210201231
92.0233556923
92.0233556923
91.1370618803
91.1370618803
90.1522909782
90.1522909782
89.0581010868
86.4914828233
74.5813417167
0
0
0
0
0
0
0
0
0
0
0
0
0
0
0
0
0
0
0
0
0
0
0
0
0
0
0
0
0
0
0
0
0
0
0
0
0
0
0
0
0
0
0
0
0
0
0
0
10
27.5938602388
37.5883839991
99.4846224793
99.4273583103
99.4273583103
99.4273583103
99.3637314559
99.3637314559
99.0302262702
98.9224736336
98.9224736336
98.8027484817
98.8027484817
98.6697205353
98.3576796732
98.1751996369
97.972444041
97.972444041
97.7471600455
97.496844495
97.2187161056
96.9096845617
96.9096845617
96.5663161797
96.1847957552
95.7608841725
95.7608841725
95.2898713028
94.7665236697
94.7665236697
94.1850262997
94.1850262997
93.5389181108
92.8210201231
92.8210201231
92.0233556923
92.0233556923
92.0233556923
91.1370618803
91.1370618803
90.1522909782
89.0581010868
89.0581010868
87.8423345409
86.4914828233
77.123207545
0
0
0
0
0
0
0
0
0
0
0
0
0
0
0
0
0
0
0
0
0
0
0
0
0
0
0
0
0
0
0
0
0
0
0
0
0
0
0
0
0
0
0
0
0
0
0
0
0
0
23.6013812295
40.8995781515
99.4846224793
99.4273583103
99.4273583103
99.4273583103
99.3637314559
99.3637314559
99.0302262702
98.9224736336
98.9224736336
98.8027484817
98.6697205353
98.5219117059
98.3576796732
97.972444041
97.972444041
97.7471600455
97.496844495
97.2187161056
96.9096845617
96.5663161797
96.1847957552
96.1847957552
95.7608841725
95.2898713028
95.2898713028
94.7665236697
94.1850262997
94.1850262997
93.5389181108
92.8210201231
92.8210201231
92.0233556923
92.0233556923
91.1370618803
91.1370618803
90.1522909782
90.1522909782
89.0581010868
89.0581010868
87.8423345409
86.4914828233
84.9905364703
77.123207545
0
0
0
0
0
0
0
0
0
0
0
0
0
0
0
0
0
0
0
0
0
0
0
0
0
0
0
0
0
0
0
0
0
0
0
0
0
0
0
0
0
0
0
0
0
0
0
0
0
0
0
19.4938602388
38.7560642867
99.4846224793
99.4273583103
99.4273583103
99.4273583103
99.3637314559
99.2057553153
99.0302262702
98.9224736336
98.8027484817
98.6697205353
98.5219117059
98.3576796732
97.972444041
97.972444041
97.7471600455
97.496844495
97.2187161056
96.9096845617
96.5663161797
96.1847957552
95.7608841725
95.2898713028
95.2898713028
94.7665236697
94.1850262997
94.1850262997
93.5389181108
92.8210201231
92.8210201231
92.0233556923
92.0233556923
91.1370618803
90.1522909782
90.1522909782
89.0581010868
89.0581010868
87.8423345409
87.8423345409
86.4914828233
84.9905364703
83.3228183003
77.123207545
56.953279
0
0
0
0
0
0
0
0
0
0
0
0
0
0
0
0
0
0
0
0
0
0
0
0
0
0
0
0
0
0
0
0
0
0
0
0
0
0
0
0
0
0
0
0
0
0
0
0
0
0
0
10.4938602388
34.2492610677
99.4846224793
99.4273583103
99.4273583103
99.4273583103
99.3637314559
99.0302262702
98.9224736336
98.8027484817
98.8027484817
98.5219117059
98.3576796732
97.972444041
97.7471600455
97.496844495
97.2187161056
96.9096845617
96.5663161797
96.1847957552
96.1847957552
95.7608841725
95.2898713028
94.7665236697
94.1850262997
93.5389181108
93.5389181108
92.8210201231
92.0233556923
92.0233556923
91.1370618803
91.1370618803
90.1522909782
90.1522909782
89.0581010868
87.8423345409
87.8423345409
86.4914828233
86.4914828233
84.9905364703
83.3228183003
81.4697981115
74.5813417167
61.2579511
0
0
0
0
0
0
0
0
0
0
0
0
0
0
0
0
0
0
0
0
0
0
0
0
0
0
0
0
0
0
0
0
0
0
0
0
0
0
0
0
0
0
0
0
0
0
0
0
0
0
0
0
10.4938602388
29.1195963242
99.4846224793
99.4273583103
99.4273583103
99.3637314559
99.2764518202
99.0302262702
98.9224736336
98.8027484817
98.5219117059
98.1751996369
97.972444041
97.7471600455
97.496844495
97.2187161056
96.5663161797
96.1847957552
95.7608841725
95.2898713028
95.2898713028
94.7665236697
94.1850262997
93.5389181108
92.8210201231
92.8210201231
92.0233556923
91.1370618803
91.1370618803
90.1522909782
90.1522909782
89.0581010868
87.8423345409
87.8423345409
86.4914828233
86.4914828233
84.9905364703
83.3228183003
81.4697981115
81.4697981115
77.123207545
74.5813417167
65.13215599
34.39
0
0
0
0
0
0
0
0
0
0
0
0
0
0
0
0
0
0
0
0
0
0
0
0
0
0
0
0
0
0
0
0
0
0
0
0
0
0
0
0
0
0
0
0
0
0
0
0
0
0
0
0
0.29110464288
26.5799428318
99.4846224793
99.4273583103
99.4273583103
99.2764518202
99.0302262702
98.8027484817
98.6697205353
98.1751996369
97.7471600455
97.496844495
96.9096845617
95.7608841725
92.0233556923
90.7337883482
91.3798965371
91.5162971548
93.5389181108
92.8210201231
92.8210201231
92.8210201231
92.0233556923
92.0233556923
91.1370618803
90.1522909782
90.1522909782
89.0581010868
89.0581010868
87.8423345409
86.4914828233
86.4914828233
84.9905364703
84.9905364703
83.3228183003
81.4697981115
81.4697981115
79.4108867905
77.123207545
74.5813417167
68.618940391
61.2579511
46.8559
0
0
0
0
0
0
0
0
0
0
0
0
0
0
0
0
0
0
0
0
0
0
0
0
0
0
0
0
0
0
0
0
0
0
0
0
0
0
0
0
0
0
0
0
0
0
0
0
0
0
0
0
0
0.29110464288
20.7428787956
99.4846224793
99.4273583103
99.2431013016
98.5757615646
0
0
0
0
0
0
0
0
0
0
0
0
0
0
0
0
0
0
0
0
0
40.951
78.3316921506
83.3228183003
81.4697981115
81.4697981115
81.4697981115
79.4108867905
77.123207545
77.123207545
74.5813417167
71.7570463519
68.618940391
65.13215599
56.953279
46.8559
19
0
0
0
0
0
0
0
0
0
0
0
0
0
0
0
0
0
0
0
0
0
0
0
0
0
0
0
0
0
0
0
0
0
0
0
0
0
0
0
0
0
0
0
0
0
0
0
0
0
0
0
0
0
0.29110464288
19.8151073172
0.212875031426
0.0706965049015
0
0
0
0
0
0
0
0
0
0
0
0
0
0
0
0
0
0
0
0
0
0
0
0
0
0
0
0
0
0
27.1
61.2579511
61.2579511
61.2579511
56.953279
46.8559
34.39
10
0
0
0
0
0
0
0
0
0
0
0
0
27.1
34.39
40.951
40.951
40.951
34.39
27.1
27.1
10
0
0
0
0
0
0
0
0
0
0
0
0
0
0
0
0
0
0
0
0
0
0
0
0
0
0
0
0
0
0
0
0
0
0.29110464288
11.4500217385
0
0
0
0
0
0
0
0
0
0
0
0
0
0
0
0
0
0
0
0
0
0
0
0
0
0
0
0
0
0
0
0
0
0
0
0
0
0
0
0
0
0
0
0
0
0
0
0
0
27.1
71.7570463519
77.123207545
77.123207545
77.123207545
77.123207545
77.123207545
77.123207545
74.5813417167
74.5813417167
71.7570463519
63.835971391
44.82520489
19
0
0
0
0
0
0
0
0
0
0
0
0
0
0
0
0
0
0
0
0
0
0
0
0
0
0
0
0
0
0
0
0.29110464288
11.3700518794
0
0
0
0
0
0
0
0
0
0
0
0
0
0
0
0
0
0
0
0
0
0
0
0
0
0
0
0
0
0
0
0
0
0
0
0
0
0
0
0
0
0
0
0
0
0
7.86732892526
86.4914828233
87.8423345409
89.0581010868
89.0581010868
89.0581010868
90.1522909782
90.1522909782
89.0581010868
86.4914828233
84.9905364703
84.9905364703
83.3228183003
83.3228183003
81.4697981115
79.4108867905
73.637746653
64.657307545
57.0678700788
61.3269237229
68.618940391
61.2579511
0
0
0
0
0
0
0
0
0
0
0
0
0
0
0
0
0
0
0
0
0
0
0
0
0
0
0.29110464288
1.35284804007
0
0
0
0
0
0
0
0
0
0
0
0
0
0
0
0
0
0
0
0
0
0
0
0
0
0
0
0
0
0
0
0
0
0
0
0
0
0
0
0
0
0
0
6.19961075529
17.8725424323
60.7423345409
87.8423345409
89.0581010868
90.1522909782
90.1522909782
90.1522909782
91.1370618803
91.1370618803
91.1370618803
91.1370618803
91.1370618803
91.1370618803
91.1370618803
90.1522909782
87.8423345409
86.4914828233
71.5175730134
59.1416623103
55.2166009197
53.6138981115
65.8839745947
77.123207545
71.7570463519
65.13215599
0
0
0
0
0
0
0
0
0
0
0
0
0
0
0
0
0
0
0
0
0
0
0
0
0
0.29110464288
1.34571755101
0
0
0
0
0
0
0
0
0
0
0
0
0
0
0
0
0
0
0
0
0
0
0
0
0
0
0
0
0
0
0
0
0
0
0
0
0
0
0
0
0
0
11.5657719484
34.3211728233
87.8423345409
89.0581010868
89.0581010868
90.1522909782
90.1522909782
91.1370618803
91.1370618803
92.0233556923
92.0233556923
92.0233556923
92.0233556923
92.0233556923
92.0233556923
92.0233556923
92.0233556923
92.0233556923
92.0233556923
90.1522909782
62.8503601144
52.2625424323
55.5619426739
73.3502540252
81.4697981115
79.4108867905
74.5813417167
0
0
0
0
0
0
0
0
0
0
0
0
0
0
0
0
0
0
0
0
0
0
0
0
0
0.29110464288
1.3384575541
0
0
0
0
0
0
0
0
0
0
0
0
0
0
0
0
0
0
0
0
0
0
0
0
0
0
0
0
0
0
0
0
0
0
0
0
0
0
0
0
0
0
0
63.6100665408
87.8423345409
89.0581010868
90.1522909782
91.1370618803
91.1370618803
92.0233556923
92.0233556923
92.0233556923
92.0233556923
92.8210201231
92.8210201231
92.8210201231
92.8210201231
92.8210201231
92.8210201231
92.8210201231
92.8210201231
92.8210201231
92.0233556923
91.1370618803
86.8819559198
86.4914828233
84.9905364703
62.0634562108
45.666938363
68.618940391
0
0
0
0
0
0
0
0
0
0
0
0
0
0
0
0
0
0
0
0
0
0
0
0
0.29110464288
1.32542288387
0
0
0
0
0
0
0
0
0
0
0
0
0
0
0
0
0
0
0
0
0
0
0
0
0
0
0
0
0
0
0
0
0
0
0
0
0
0
0
0
0
0
0
0
0
51.2579511
90.1522909782
91.1370618803
92.0233556923
92.0233556923
92.8210201231
92.8210201231
92.8210201231
92.8210201231
93.5389181108
93.5389181108
93.5389181108
93.5389181108
93.5389181108
93.5389181108
93.5389181108
92.8210201231
92.8210201231
92.8210201231
92.0233556923
89.0581010868
86.4914828233
68.8297767416
42.3718183003
71.7570463519
0
0
0
0
0
0
0
0
0
0
0
0
0
0
0
0
0
0
0
0
0
0
0
0
0.29110464288
1.29574508333
0
0
0
0
0
0
0
0
0
0
0
0
0
0
0
0
0
0
0
0
0
0
0
0
0
0
0
0
0
0
0
0
0
0
0
0
0
0
0
0
0
0
0
0
0
0
0
12.5780560454
92.0233556923
92.8210201231
92.8210201231
92.8210201231
93.5389181108
93.5389181108
93.5389181108
93.5389181108
93.5389181108
93.5389181108
93.5389181108
93.5389181108
93.5389181108
93.5389181108
93.5389181108
93.5389181108
92.8210201231
92.8210201231
92.0233556923
85.8054524059
32.8202264703
62.9761084705
10
0
0
0
0
0
0
0
0
0
0
0
0
0
0
0
0
0
0
0
0
0
0
0
0.29110464288
1.31673456562
0
0
0
0
0
0
0
0
0
0
0
0
0
0
0
0
0
0
0
0
0
0
0
0
0
0
0
0
0
0
0
0
0
0
0
0
0
0
0
0
0
0
0
0
0
0
0
0
1.87106471415
48.7013556001
93.5389181108
93.5389181108
93.5389181108
93.5389181108
94.1850262997
94.1850262997
94.1850262997
94.1850262997
94.1850262997
94.1850262997
94.1850262997
94.1850262997
94.1850262997
93.5389181108
93.5389181108
93.5389181108
92.8210201231
92.8210201231
31.6357360353
32.4110317167
27.1
0
0
0
0
0
0
0
0
0
0
0
0
0
0
0
0
0
0
0
0
0
0
0
0.183352006237
1.31380195141
0
0
0
0
0
0
0
0
0
0
0
0
0
0
0
0
0
0
0
0
0
0
0
0
0
0
0
0
0
0
0
0
0
0
0
0
0
0
0
0
0
0
0
0
0
0
0
0
0
1.68395824273
22.6337527145
74.5389181108
94.1850262997
94.1850262997
94.1850262997
94.1850262997
94.1850262997
94.1850262997
94.1850262997
94.1850262997
94.1850262997
94.1850262997
94.1850262997
94.1850262997
94.1850262997
93.5389181108
93.5389181108
93.5389181108
59.006554322
32.3233906167
34.39
0
0
0
0
0
0
0
0
0
0
0
0
0
0
0
0
0
0
0
0
0
0
0
0.183352006237
1.19318969443
0
0
0
0
0
0
0
0
0
0
0
0
0
0
0
0
0
0
0
0
0
0
0
0
0
0
0
0
0
0
0
0
0
0
0
0
0
0
0
0
0
0
0
0
0
0
0
0
0
0
1.51556241846
4.03273532153
53.2340262997
94.1850262997
94.7665236697
94.7665236697
94.7665236697
94.7665236697
94.7665236697
94.7665236697
94.7665236697
94.7665236697
94.7665236697
94.1850262997
94.1850262997
94.1850262997
94.1850262997
91.4599573173
85.7246745308
52.1119299914
40.951
0
0
0
0
0
0
0
0
0
0
0
0
0
0
0
0
0
0
0
0
0
0
0
0.183352006237
0.963736802538
0
0
0
0
0
0
0
0
0
0
0
0
0
0
0
0
0
0
0
0
0
0
0
0
0
0
0
0
0
0
0
0
0
0
0
0
0
0
0
0
0
0
0
0
0
0
0
0
0
0
0
2.16167060738
3.62946178938
41.3804471238
94.7665236697
94.7665236697
95.2898713028
95.2898713028
95.2898713028
95.2898713028
94.7665236697
94.7665236697
94.7665236697
94.7665236697
94.7665236697
93.2002553975
92.1060655062
90.0040051483
84.8383807188
78.6387699635
45.8376751559
0
0
0
0
0
0
0
0
0
0
0
0
0
0
0
0
0
0
0
0
0
0
0
0.183352006237
0.934111188505
0
0
0
0
0
0
0
0
0
0
0
0
0
0
0
0
0
0
0
0
0
0
0
0
0
0
0
0
0
0
0
0
0
0
0
0
0
0
0
0
0
0
0
0
0
0
0
0
0
0
0
0.58149737003
1.94550354664
3.26651561044
35.0418649633
76.2898713028
95.2898713028
95.2898713028
95.2898713028
95.2898713028
95.2898713028
95.2898713028
95.2898713028
93.4188065886
91.8012690643
91.8012690643
91.8012690643
89.4414415649
85.4844889077
79.2848781524
48.3714624185
0
0
0
0
0
0
0
0
0
0
0
0
0
0
0
0
0
0
0
0
0
0
0
0.0636268544114
0.623951333108
0
0
0
0
0
0
0
0
0
0
0
0
0
0
0
0
0
0
0
0
0
0
0
0
0
0
0
0
0
0
0
0
0
0
0
0
0
0
0
0
0
0
0
0
0
0
0
0
0
0
0
0
1.10484500306
1.75095319198
7.41910742418
30.2690011665
59.4998194583
95.7608841725
95.7608841725
95.7608841725
93.60591306
93.60591306
92.6211421578
92.6211421578
92.6211421578
91.5269522665
89.7878380876
88.4369863699
83.4153016581
78.4872137217
48.2199061766
0.717897987692
0
0
0
0
0
0
0
0
0
0
0
0
0
0
0
0
0
0
0
0
0
0
0.0636268544114
0.551124407755
0
0
0
0
0
0
0
0
0
0
0
0
0
0
0
0
0
0
0
0
0
0
0
0
0
0
0
0
0
0
0
0
0
0
0
0
0
0
0
0
0
0
0
0
0
0
0
0
0
0
0
0
1.10484500306
1.10484500306
1.10484500306
11.869180358
31.1163059399
52.4080279421
93.3590279421
94.245321754
93.3590279421
93.3590279421
93.3590279421
92.8880150723
91.9032441701
90.8090542788
89.5932877329
84.5504238593
82.6974036704
78.350813104
41.5971081889
1.36400617661
0
0
0
0
0
0
0
0
0
0
0
0
0
0
0
0
0
0
0
0
0
0
0.0636268544114
0.551124407755
0
0
0
0
0
0
0
0
0
0
0
0
0
0
0
0
0
0
0
0
0
0
0
0
0
0
0
0
0
0
0
0
0
0
0
0
0
0
0
0
0
0
0
0
0
0
0
0
0
0
0
0
0.523347633027
1.10484500306
1.57585787278
1.57585787278
12.3172620604
31.4549686531
46.7433135651
66.4992135651
93.5992135651
93.5992135651
92.7129197531
92.7129197531
91.7281488509
91.2571359812
83.9254948322
82.5746431145
80.5157317936
75.8089472757
42.178605559
0.646108188923
0.646108188923
0
0
0
0
0
0
0
0
0
0
0
0
0
0
0
0
0
0
0
0
0
0.0636268544114
0.551124407755
0
0
0
0
0
0
0
0
0
0
0
0
0
0
0
0
0
0
0
0
0
0
0
0
0
0
0
0
0
0
0
0
0
0
0
0
0
0
0
0
0
0
0
0
0
0
0
0
0
0
0
0
0
0
0.523347633027
1.57585787278
1.57585787278
15.5897122081
32.3412624651
41.4289035651
52.4869992038
93.5992135651
92.7129197531
92.7129197531
91.1466514809
80.6841863114
78.1175680478
80.5157317936
78.2280525481
66.2370009931
34.97149737
0.58149737003
0.646108188923
0
0
0
0
0
0
0
0
0
0
0
0
0
0
0
0
0
0
0
0
0
0
5.87831530386
0
0
0
0
0
0
0
0
0
0
0
0
0
0
0
0
0
0
0
0
0
0
0
0
0
0
0
0
0
0
0
0
0
0
0
0
0
0
0
0
0
0
0
0
0
0
0
0
0
0
0
0
0
0
0
0.523347633027
1.10484500306
2.22196606171
16.235820397
27.5807637631
35.7596407531
93.5992135651
70.3763635406
64.8908455926
55.7312887663
57.9476395028
62.2523116028
66.1265164928
65.655503623
52.693657633
28.2048450031
0.58149737003
0.58149737003
0
0
0
0
0
0
0
0
0
0
0
0
0
0
0
0
0
0
0
0
0
0
10.5511244078
0
0
0
0
0
0
0
0
0
0
0
0
0
0
0
0
0
0
0
0
0
0
0
0
0
0
0
0
0
0
0
0
0
0
0
0
0
0
0
0
0
0
0
0
0
0
0
0
0
0
0
0
0
0
0
0
0
2.16167060738
5.13758032459
14.291086061
16.3499973819
43.7801014528
36.4901014528
25.1561150106
18.3421915371
28.0943605028
41.9453605028
47.8502605028
47.8502605028
41.9453605028
19.523347633
0.523347633027
0
0.58149737003
0
0
0
0
0
0
0
0
0
0
0
0
0
0
0
0
0
0
0
0
0
10.5511244078
0
0
0
0
0
0
0
0
0
0
0
0
0
0
0
0
0
0
0
0
0
0
0
0
0
0
0
0
0
0
0
0
0
0
0
0
0
0
0
0
0
0
0
0
0
0
0
0
0
0
0
0
0
0
0
0
0
0
4.03273532153
6.34269175875
5.70842258288
23.6142326916
31.2528094224
20.1048450031
0.994360502752
0.994360502752
0.994360502752
28.0943605028
28.0943605028
28.0943605028
0.994360502752
0.523347633027
0.523347633027
0
0
0
0
0
0
0
0
0
0
0
0
0
0
0
0
0
0
0
0
0
0
10.5511244078
0
0
0
0
0
0
0
0
0
0
0
0
0
0
0
0
0
0
0
0
0
0
0
0
0
0
0
0
0
0
0
0
0
0
0
0
0
0
0
0
0
0
0
0
0
0
0
0
0
0
0
0
0
0
0
0
0
0
0
2.66872914492
5.69658356983
6.34269175875
15.1269252128
13.0479644193
0
0
0
0.471012869725
10.4710128697
10.4710128697
0.471012869725
0.674821048979
0.994360502752
0.523347633027
0
0
0
0
0
0
0
0
0
0
0
0
0
0
0
0
0
0
0
0
0
0.432515385311
0
0
0
0
0
0
0
0
0
0
0
0
0
0
0
0
0
0
0
0
0
0
0
0
0
0
0
0
0
0
0
0
0
0
0
0
0
0
0
0
0
0
0
0
0
0
0
0
0
0
0
0
0
0
0
0
0
0
0
0
0
4.97868558214
4.97868558214
2.66872914492
0
0
0
0
0
0.471012869725
0.471012869725
0.471012869725
0.471012869725
0.471012869725
0
0
0
0
0
0
0
0
0
0
0
0
0
0
0
0
0
0
0
0
0
0.772280394602
0
0
0
0
0
0
0
0
0
0
0
0
0
0
0
0
0
0
0
0
0
0
0
0
0
0
0
0
0
0
0
0
0
0
0
0
0
0
0
0
0
0
0
0
0
0
0
0
0
0
0
0
0
0
0
0
0
0
0
0
0
0
0
0
0
0
0
0
0
0
0
0.471012869725
0.471012869725
0.471012869725
0.471012869725
0
0
0
0
0
0
0
0
0
0
0
0
0
0
0
0
0
0
0
0
0.974637378107
0
0
0
0
0
0
0
0
0
0
0
0
0
0
0
0
0
0
0
0
0
0
0
0
0
0
0
0
0
0
0
0
0
0
0
0
0
0
0
0
0
0
0
0
0
0
0
0
0
0
0
0
0
0
0
0
0
0
0
0
0
0
0
0
0
0
0
0
0
0
0
0
0
0.471012869725
0.471012869725
0
0
0
0
0
0
0
0
0
0
0
0
0
0
0
0
0
0
0
0
1.24329326433
0
0
0
0
0
0
0
0
0
0
0
0
0
0
0
0
0
0
0
0
0
0
0
0
0
0
0
0
0
0
0
0
0
0
0
0
0
0
0
0
0
0
0
0
0
0
0
0
0
0
0
0
0
0
0
0
0
0
0
0
0
0
0
0
0
0
11.991051555
20.2118470115
9.71275175958
0
0
0
0
0
0.471012869725
0
0
0
0
0
0
0
0
0
0
0
0
0
0
40.8727867654
0
0
0
0
0
1.6248136888
0
0
0
0
0
0
0
0
0
0
0
0
0
0
0
0
0
0
0
0
0
0
0
0
0
0
0
0
0
0
0
0
0
0
0
0
0
0
0
0
0
0
0
0
0
0
0
0
0
0
0
0
0
0
0
0
0
0
0
0
0
0
0
0
0
0
0
15.865256445
4.82954507383
0
0
0
0
0
0
0.423911582752
0
0
0
0
0
0
0
0
0
0
0
1.87106471415
91.1370618803
86.0252365598
0
0
0
0
0
1.72519171385
0
0
0
0
0
0
0
0
0
0
0
0
0
0
0
0
0
0
0
0
0
0
0
0
0
0
0
0
0
0
0
0
0
0
0
0
0
0
0
0
0
0
0
0
0
0
0
0
0
0
0
0
0
0
0
0
0
0
0
0
0
0
0
0
0
0
0
0
0
0
0
0
0
0
0
0.423911582752
0.423911582752
0
0
0
0
0
0
0
0.646108188923
1.36400617661
2.40185623043
67.5852524784
92.0233556923
0
0
0
0
0
0
2.14816132183
0
0
0
0
0
0
0
0
0
0
0
0
0
0
0
0
0
0
0
0
0
0
0
0
0
0
0
0
0
0
0
0
0
0
0
0
0
0
0
0
0
0
0
0
0
0
0
0
0
0
0
0
0
0
0
0
0
0
0
0
0
0
0
0
0
0
0
0
0
0
0
0
0
0
0
0
0.423911582752
0
0
0
0
0.523347633027
0.523347633027
1.10484500306
1.22760555895
2.74316797741
35.0306502854
93.5389181108
92.8210201231
0
0
0
0
0
0
2.14816132183
0
0
0
0
0
0
0
0
0
0
0
0
0
0
0
0
0
0
0
0
0
0
0
0
0
0
0
0
0
0
0
0
0
0
0
0
0
0
0
0
0
0
0
0
0
0
0
0
0
0
0
0
0
0
0
0
0
0
0
0
0
0
0
0
0
0
0
0
0
0
0
0
0
0
0
0
0
0.381520424477
0.423911582752
0.423911582752
0.471012869725
0.994360502752
0.994360502752
1.10484500306
1.75095319198
30.0486304684
94.1850262997
93.5389181108
2.66872914492
0
0
0
0
0
0
2.30738371507
0
0
0
0
0
0
0
0
0
0
0
0
0
0
0
0
0
0
0
0
0
0
0
0
0
0
0
0
0
0
0
0
0
0
0
0
0
0
0
0
0
0
0
0
0
0
0
0
0
0
0
0
0
0
0
0
0
0
0
0
0
0
0
0
0
0
0
0
0
0
0
0
0
0
0
0
0
0.381520424477
0.381520424477
0.423911582752
0.423911582752
0.471012869725
0.994360502752
1.57585787278
38.8692787318
91.0036046335
92.6875628762
3.04796441935
0
0
0
0
0
0
0
3.00227833599
0
0
0
0
0
0
0
0
0
0
0
0
0
0
0
0
0
0
0
0
0
0
0
0
0
0
0
0
0
0
0
0
0
0
0
0
0
0
0
0
0
0
0
0
0
0
0
0
0
0
0
0
0
0
0
0
0
0
0
0
0
0
0
0
0
0
0
0
0
0
0
0
0
0
0
0
0
0.381520424477
0.381520424477
0.381520424477
0.423911582752
0.894924452477
0.994360502752
17.9474539521
43.5967261459
10.057154155
2.74316797741
1.36400617661
0
0
0
0
0
0
0
3.41956200706
0
0
0
0
0
0
0
0
0
0
0
0
0
0
0
0
0
0
0
0
0
0
0
0
0
0
0
0
0
0
0
0
0
0
0
0
0
0
0
0
0
0
0
0
0
0
0
0
0
0
0
0
0
0
0
0
0
0
0
0
0
0
0
0
0
0
0
0
0
0
0
0
0
0
0
0
0
0.381520424477
0.381520424477
0.381520424477
0.805432007229
0.894924452477
1.4182720855
1.57585787278
1.57585787278
1.75095319198
1.22760555895
0
0
0
0
0
0
0
0
17.1451195312
0
0
0
0
0
0
0
0
0
0
0
0
0
0
0
0
0
0
0
0
0
0
0
0
0
0
0
0
0
0
0
0
0
0
0
0
0
0
0
0
0
0
0
0
0
0
0
0
0
0
0
0
0
0
0
0
0
0
0
0
0
0
0
0
0
0
0
0
0
0
0
0
0
0
0
0
0
0
0.381520424477
1.09941841217
3.20728823765
1.27644487695
1.4182720855
1.57585787278
1.57585787278
1.10484500306
0
0
0
0
0
0
0
0
74.0319057024
89.5573550684
0.212875031426
0
0
0
0
0
0
0
0
0
0
0
0
0
0
0
0
0
0
0
0
0
0
0
0
0
0
0
0
0
0
0
0
0
0
0
0
0
0
0
0
0
0
0
0
0
0
0
0
0
0
0
0
0
0
0
0
0
0
0
0
0
0
0
0
0
0
0
0
0
0
0
0
0
0
0
0
1.22760555895
2.08889498312
2.08889498312
2.32099442569
0.805432007229
1.4182720855
1.4182720855
0.994360502752
0
0
0
0
0
0.646108188923
1.51556241846
43.6197291449
91.2287909204
91.0472154306
94.7815628814
99.4846224793
99.4273583103
1.22816524658
0
0
0
0
0
0
0
0
0
0
0
0
0
0
0
0
0
0
0
0
0
0
0
0
0
0
0
0
0
0
0
0
0
0
0
0
0
0
0
0
0
0
0
0
0
0
0
0
0
0
0
0
0
0
0
0
0
0
0
0
0
0
0
0
0
0
0
0
0
0
0
0
0
0
2.46885117967
2.67039235315
2.08889498312
0.381520424477
0.805432007229
0.894924452477
0.994360502752
0.523347633027
0
0
0
0
1.75095319198
13.2665156104
94.7665236697
94.1850262997
93.5389181108
93.7159445756
95.8943506806
99.4846224793
99.4273583103
99.4273583103
99.1009227751
5.26383037097
0
0
0
0
0
0
0
0
0
0
0
0
0
0
0
0
0
0
0
0
0
0
0
0
0
0
0
0
0
0
0
0
0
0
0
0
0
0
0
0
0
0
0
0
0
0
0
0
0
0
0
0
0
0
0
0
0
0
0
0
0
0
0
0
0
0
0
0
0
0
0
0
3.36377563215
3.46805678392
2.08889498312
0.381520424477
0.805432007229
0.894924452477
0.471012869725
0
0
0
0
44.3147756321
95.7608841725
95.7608841725
95.2898713028
94.7665236697
94.1850262997
95.4614711766
96.5404588695
99.4846224793
99.4846224793
99.4273583103
99.2764518202
98.9224736336
98.8027484817
8.0229086587
0
0
0
0
0
0
0
0
0
0
0
0
0
0
0
0
0
0
0
0
0
0
0
0
0
0
0
0
0
0
0
0
0
0
0
0
0
0
0
0
0
0
0
0
0
0
0
0
0
0
0
0
0
0
0
0
0
0
0
0
0
0
0
0
0
0
0
0
0
0
4.54296048739
5.77262268139
4.35435059589
4.01098221386
1.22760555895
0.994360502752
1.57585787278
28.6758578728
53.8590191071
82.0350817629
96.5663161797
96.5663161797
96.1847957552
96.1847957552
95.7608841725
95.2898713028
95.2898713028
95.571955677
97.6419174039
99.4846224793
99.4846224793
99.4273583103
99.4273583103
99.1009227751
98.9224736336
98.8027484817
98.3576796732
5.72380435319
0
0
0
0
0
0
0
0
0
0
0
0
0
0
0
0
0
0
0
0
0
0
0
0
0
0
0
0
0
0
0
0
0
0
0
0
0
0
0
0
0
0
0
0
0
0
0
0
0
0
0
0
0
0
0
0
0
0
0
0
0
0
0
0
0
0
0
2.22196606171
5.42925429936
5.77262268139
6.75739358357
8.72398163876
44.083312932
75.9729487437
95.7608841725
95.7608841725
96.9096845617
96.9096845617
96.5663161797
96.5663161797
96.5663161797
96.1847957552
96.1847957552
95.7608841725
95.7608841725
96.09530331
98.3115479403
99.4846224793
99.4846224793
99.4273583103
99.4273583103
99.2764518202
99.0302262702
98.9224736336
98.8027484817
98.1751996369
97.7471600455
2.38128988001
0
0
0
0
0
0
0
0
0
0
0
0
0
0
0
0
0
0
0
0
0
0
0
0
0
0
0
0
0
0
0
0
0
0
0
0
0
0
0
0
0
0
0
0
0
0
0
0
0
0
0
0
0
0
0
0
0
0
0
0
0
0
0
0
0
3.74529605663
5.77262268139
5.77262268139
6.75739358357
50.0183500208
80.2286740582
96.1847957552
96.5663161797
96.9096845617
96.9096845617
96.9096845617
96.9096845617
96.9096845617
96.5663161797
96.5663161797
96.1847957552
96.1847957552
96.1847957552
97.0419157257
98.0988377642
99.4846224793
99.4846224793
99.4273583103
99.4273583103
99.2764518202
99.0302262702
98.9224736336
98.8027484817
98.6697205353
98.1751996369
97.7471600455
13.5868662614
0
0
0
0
0
0
0
0
0
0
0
0
0
0
0
0
0
0
0
0
0
0
0
0
0
0
0
0
0
0
0
0
0
0
0
0
0
0
0
0
0
0
0
0
0
0
0
0
0
0
0
0
0
0
0
0
0
0
0
0
0
0
0
0
4.54296048739
6.08165422522
6.08165422522
59.2367351274
77.4141691975
96.9096845617
97.2187161056
97.2187161056
97.2187161056
97.2187161056
97.2187161056
96.9096845617
96.9096845617
96.9096845617
96.5663161797
96.5663161797
96.1847957552
96.1847957552
97.0419157257
98.331306207
99.4846224793
99.4846224793
99.4273583103
99.4273583103
99.2764518202
99.1009227751
98.9224736336
98.9224736336
98.8027484817
98.3576796732
97.972444041
97.7471600455
96.9096845617
0
0
0
0
0
0
0
0
0
0
0
0
0
0
0
0
0
0
0
0
0
0
0
0
0
0
0
0
0
0
0
0
0
0
0
0
0
0
0
0
0
0
0
0
0
0
0
0
0
0
0
0
0
0
0
0
0
0
0
0
0
0
0
5.77262268139
25.0816542252
67.6177337147
79.3519154192
92.9507593292
97.7471600455
97.7471600455
97.7471600455
97.496844495
97.2187161056
97.2187161056
96.9096845617
96.9096845617
96.9096845617
96.9096845617
96.5663161797
96.5663161797
96.5663161797
97.0419157257
97.8478027389
99.4846224793
99.4273583103
99.4273583103
99.4273583103
99.3400786746
99.1009227751
99.0302262702
98.9224736336
98.8027484817
98.5219117059
98.1751996369
97.972444041
97.7471600455
96.5663161797
3.62946178938
0
0
0
0
0
0
0
0
0
0
0
0
0
0
0
0
0
0
0
0
0
0
0
0
0
0
0
0
0
0
0
0
0
0
0
0
0
0
0
0
0
0
0
0
0
0
0
0
0
0
0
0
0
0
0
0
0
0
0
0
0
87.5514523367
80.0548305194
86.0209849557
92.20479715
97.972444041
97.972444041
97.972444041
97.7471600455
97.7471600455
97.496844495
97.2187161056
97.2187161056
96.9096845617
96.9096845617
96.9096845617
96.9096845617
96.9096845617
96.9096845617
97.5880397036
97.9734297644
99.4846224793
99.4273583103
99.4273583103
99.4273583103
99.3400786746
99.1009227751
99.0302262702
98.9224736336
98.8027484817
98.6697205353
98.3576796732
98.1751996369
97.972444041
97.496844495
96.5663161797
6.34269175875
0
0
0
0
0
0
0
0
0
0
0
0
0
0
0
0
0
0
0
0
0
0
0
0
0
0
0
0
0
0
0
0
0
0
0
0
0
0
0
0
0
0
0
0
0
0
0
0
0
0
0
0
0
0
0
0
0
0
0
44.4847256245
92.8512654379
90.7143408235
91.8259186309
96.5315909188
97.972444041
97.972444041
97.972444041
97.7471600455
97.7471600455
97.7471600455
97.496844495
97.2187161056
97.2187161056
96.9096845617
96.9096845617
96.9096845617
96.9096845617
96.9096845617
97.6957923402
98.0043329188
99.4846224793
99.4273583103
99.4273583103
99.4273583103
99.3400786746
99.1009227751
99.0302262702
98.9224736336
98.8027484817
98.8027484817
98.3576796732
98.1751996369
98.1751996369
97.972444041
97.2187161056
96.1847957552
8.54838164047
0
0
0
0
0
0
0
0
0
0
0
0
0
0
0
0
0
0
0
0
0
0
0
0
0
0
0
0
0
0
0
0
0
0
0
0
0
0
0
0
0
0
0
0
0
0
0
0
0
0
0
0
0
0
0
0
0
9.66726376887
97.2187161056
93.1015809884
93.3268649839
95.6624876037
97.972444041
97.972444041
97.972444041
97.972444041
97.972444041
97.7471600455
97.7471600455
97.7471600455
97.496844495
97.2187161056
97.2187161056
97.2187161056
97.2187161056
97.2187161056
97.4690316561
98.0801966776
98.0833239257
99.4846224793
99.4273583103
99.4273583103
99.3400786746
99.3400786746
99.1009227751
99.1009227751
98.9224736336
98.9224736336
98.8027484817
98.5219117059
98.3576796732
98.1751996369
98.1751996369
97.7471600455
96.9096845617
95.7608841725
7.83048365278
0
0
0
0
0
0
0
0
0
0
0
0
0
0
0
0
0
0
0
0
0
0
0
0
0
0
0
0
0
0
0
0
0
0
0
0
0
0
0
0
0
0
0
0
0
0
0
0
0
0
0
0
0
0
0
5.02168471179
92.0233556923
97.496844495
93.7914228896
95.7257077903
98.1751996369
98.1751996369
98.1751996369
97.972444041
97.972444041
97.972444041
97.972444041
97.972444041
97.972444041
97.972444041
97.7221284905
97.7221284905
97.9248840864
98.1751996369
98.1751996369
98.1751996369
97.974637834
98.1541546858
99.3973428436
99.3400786746
99.3400786746
99.3400786746
99.2615270025
99.1009227751
99.1009227751
98.9224736336
98.9224736336
98.8027484817
98.6697205353
98.5219117059
98.4907076196
98.6104327715
98.4279527352
97.6298724415
96.6993441262
95.2898713028
0
0
0
0
0
0
0
0
0
0
0
0
0
0
0
0
0
0
0
0
0
0
0
0
0
0
0
0
0
0
0
0
0
0
0
0
0
0
0
0
0
0
0
0
0
0
0
0
0
0
0
0
0
0
0
90.1522909782
94.1850262997
97.972444041
95.2099450314
98.1751996369
98.1751996369
98.1751996369
98.1751996369
97.972444041
97.972444041
97.972444041
97.972444041
97.972444041
97.972444041
97.972444041
98.1751996369
98.1751996369
98.1751996369
98.1751996369
98.1751996369
98.1751996369
98.1571178703
97.9038391353
99.3973428436
99.3400786746
99.3400786746
99.2615270025
99.1645496295
99.1009227751
99.1009227751
98.9224736336
98.9224736336
98.8027484817
98.8027484817
98.8027484817
98.9224736336
98.9224736336
98.7582416009
98.3730059687
97.4714692039
96.3178237017
94.1850262997
0
0
0
0
0
0
0
0
0
0
0
0
0
0
0
0
0
0
0
0
0
0
0
0
0
0
0
0
0
0
0
0
0
0
0
0
0
0
0
0
0
0
0
0
0
0
0
0
0
0
0
0
0
86.4914828233
92.0233556923
97.496844495
98.1751996369
98.1751996369
98.3576796732
98.3576796732
98.3576796732
98.1751996369
98.1751996369
97.972444041
97.972444041
97.972444041
97.972444041
97.972444041
98.1751996369
98.1751996369
98.1751996369
98.1751996369
98.1751996369
98.3576796732
98.3576796732
98.1571178703
98.1541546858
99.3187911715
99.3400786746
99.2615270025
99.2615270025
99.1645496295
99.1009227751
99.1009227751
98.9224736336
98.9224736336
98.8027484817
98.8027484817
98.9224736336
98.9224736336
98.9224736336
98.9224736336
98.9224736336
98.5757615646
97.3102464894
95.893912119
92.8210201231
0
0
0
0
0
0
0
0
0
0
0
0
0
0
0
0
0
0
0
0
0
0
0
0
0
0
0
0
0
0
0
0
0
0
0
0
0
0
0
0
0
0
0
0
0
0
0
0
0
0
0
27.1
89.0581010868
94.1850262997
97.972444041
98.1751996369
98.3576796732
98.3576796732
98.3576796732
98.3576796732
98.3576796732
98.1751996369
98.1751996369
97.972444041
97.972444041
97.972444041
98.1751996369
98.1751996369
98.1751996369
98.3576796732
98.3576796732
98.3576796732
98.3576796732
98.4654323098
98.5803877667
98.3366347221
99.3187911715
99.2615270025
99.2615270025
99.2615270025
99.1645496295
89.1009227751
89.0302262702
88.9224736336
88.9224736336
88.8027484817
88.9224736336
88.9224736336
88.9224736336
98.9224736336
98.9224736336
98.9224736336
98.9224736336
98.9224736336
97.9886016313
95.2421232157
32.2609928242
0
0
0
0
0
0
0
0
0
0
0
0
0
0
0
0
0
0
0
0
0
0
0
0
0
0
0
0
0
0
0
0
0
0
0
0
0
0
0
0
0
0
0
0
0
0
0
0
0
0
83.3228183003
92.0233556923
95.7608841725
98.1751996369
98.3576796732
98.5219117059
98.5219117059
98.5219117059
98.5219117059
98.5219117059
98.3576796732
98.477404825
98.2949247887
98.2949247887
98.2949247887
98.2949247887
98.477404825
98.477404825
98.477404825
98.3576796732
98.3576796732
98.4654323098
98.5851574616
98.5984602563
98.8353708183
89.3187911715
89.2615270025
89.2615270025
89.2615270025
82.3100236362
80.1009227751
80.0302262702
79.9224736336
71.8224736336
71.8224736336
71.8224736336
71.8224736336
80.0302262702
80.0302262702
98.9224736336
98.9224736336
98.9224736336
98.9224736336
98.9224736336
98.4907076196
93.5747480585
0
0
0
0
0
0
0
0
0
0
0
0
0
0
0
0
0
0
0
0
0
0
0
0
0
0
0
0
0
0
0
0
0
0
0
0
0
0
0
0
0
0
0
0
0
0
0
0
0
34.39
87.8423345409
94.1850262997
97.972444041
98.3576796732
98.5219117059
98.5219117059
98.6697205353
98.8027484817
98.8027484817
98.9224736336
98.7746648042
98.6104327715
98.477404825
98.477404825
98.5851574616
98.5851574616
98.5851574616
98.5851574616
98.5851574616
98.5851574616
98.5851574616
98.5851574616
98.5851574616
98.5624096828
98.8353708183
80.3187911715
80.2615270025
80.2615270025
78.3669399202
72.0009227751
72.0009227751
71.9302262702
67.2119792872
64.5324736336
64.5324736336
64.5324736336
64.6402262702
64.6402262702
71.9302262702
80.0302262702
98.9224736336
98.9224736336
98.9224736336
98.9224736336
98.9224736336
98.3576796732
90.9060189136
0
0
0
0
0
0
0
0
0
0
0
0
0
0
0
0
0
0
0
0
0
0
0
0
0
0
0
0
0
0
0
0
0
0
0
0
0
0
0
0
0
0
0
0
0
0
0
0
77.123207545
91.1370618803
95.2898713028
98.1751996369
98.5219117059
98.6697205353
98.8027484817
98.8027484817
98.9224736336
98.9224736336
98.9224736336
98.9224736336
98.9224736336
98.8824174408
98.8824174408
98.8824174408
98.7493894943
98.5851574616
98.5851574616
98.5851574616
98.5851574616
98.5851574616
98.5851574616
98.5851574616
98.5624096828
98.8353708183
72.2187911715
72.1615270025
72.1615270025
66.9408026272
64.7109227751
64.6402262702
64.6402262702
57.9714736336
57.9714736336
57.9714736336
58.0792262702
58.0792262702
58.0792262702
58.0792262702
64.6402262702
99.0302262702
98.9224736336
98.9224736336
98.9224736336
98.9224736336
98.8027484817
98.1751996369
77.123207545
0
0
0
0
0
0
0
0
0
0
0
0
0
0
0
0
0
0
0
0
0
0
0
0
0
0
0
0
0
0
0
0
0
0
0
0
0
0
0
0
0
0
0
0
0
0
0
83.3228183003
94.1850262997
96.1847957552
98.3576796732
98.8027484817
98.9224736336
98.9224736336
98.9224736336
98.9224736336
98.9224736336
99.0302262702
99.0302262702
99.0302262702
99.0302262702
99.0302262702
99.0302262702
98.8824174408
98.8824174408
98.7493894943
98.7493894943
98.7493894943
98.5851574616
98.5851574616
98.5851574616
98.5624096828
98.8798776992
64.9287911715
64.8715270025
64.8715270025
60.8332317256
58.1499227751
58.0792262702
58.0792262702
52.0665736336
52.0665736336
52.1743262702
52.1743262702
46.8599162702
46.8599162702
46.8599162702
52.1743262702
72.9572431009
99.0302262702
98.9224736336
98.9224736336
98.9224736336
98.8027484817
98.3576796732
97.972444041
56.953279
0
0
0
0
0
0
0
0
0
0
0
0
0
0
0
0
0
0
0
0
0
0
0
0
0
0
0
0
0
0
0
0
0
0
0
0
0
0
0
0
0
0
0
0
0
61.2579511
89.0581010868
95.2898713028
97.972444041
98.8027484817
98.9224736336
98.9224736336
98.986100488
99.0938531246
99.0938531246
99.0938531246
99.0938531246
99.0938531246
99.0302262702
99.0302262702
99.0302262702
99.0302262702
99.0302262702
98.8824174408
98.8824174408
98.8824174408
98.7493894943
98.7493894943
98.7493894943
98.8463668673
98.5876849926
98.8798776992
58.3677911715
58.3105270025
58.3105270025
57.5578957148
52.2450227751
52.1743262702
52.1743262702
49.0653083419
46.8599162702
46.8599162702
44.8467701182
42.0769472702
42.0769472702
42.0769472702
42.0769472702
46.8599162702
99.0302262702
98.9224736336
98.9224736336
98.9224736336
98.9224736336
98.5219117059
98.1751996369
97.496844495
19
0
0
0
0
0
0
0
0
0
0
0
0
0
0
0
0
0
0
0
0
0
0
0
0
0
0
0
0
0
0
0
0
0
0
0
0
0
0
0
0
0
0
0
0
74.5813417167
93.5389181108
96.1847957552
98.4907076196
98.9224736336
99.0938531246
99.0938531246
99.0938531246
99.0938531246
99.0938531246
99.0938531246
99.0938531246
99.0938531246
99.0938531246
99.0938531246
99.0302262702
99.0302262702
99.0302262702
99.0302262702
99.0302262702
98.8824174408
98.8824174408
98.7493894943
98.7493894943
98.8463668673
98.7519170253
98.8798776992
52.4628911715
52.4056270025
52.4056270025
52.4056270025
51.3710398687
46.8599162702
46.8599162702
46.8599162702
42.0769472702
42.0769472702
42.0769472702
37.7722751702
37.7722751702
37.7722751702
37.2845011097
37.7722751702
99.0302262702
99.0302262702
98.9224736336
98.9224736336
98.9224736336
98.9224736336
98.3576796732
97.972444041
96.5663161797
0
0
0
0
0
0
0
0
0
0
0
0
0
0
0
0
0
0
0
0
0
0
0
0
0
0
0
0
0
0
0
0
0
0
0
0
0
0
0
0
0
0
0
0
84.9905364703
94.7665236697
97.972444041
98.9224736336
99.0938531246
99.0938531246
99.0938531246
99.0938531246
99.0938531246
99.0938531246
99.0938531246
99.0938531246
99.0938531246
99.0938531246
99.0938531246
99.0938531246
99.0938531246
99.0302262702
99.0302262702
99.0302262702
99.0302262702
98.8824174408
98.8824174408
98.8463668673
98.8463668673
98.7519170253
98.7468497527
49.7745823416
48.9782277707
47.3487569451
47.0912170025
46.8599162702
46.8599162702
42.0769472702
42.0769472702
42.0769472702
37.7722751702
37.7722751702
33.8980702802
33.8980702802
30.4112858792
30.4112858792
30.4112858792
36.8526842758
99.0938531246
99.0938531246
99.0938531246
98.986100488
98.9224736336
98.8027484817
98.1751996369
97.496844495
79.0621587406
0
0
0
0
0
0
0
0
0
0
0
0
0
0
0
0
0
0
0
0
0
0
0
0
0
0
0
0
0
0
0
0
0
0
0
0
0
0
0
0
0
0
46.8559
91.1370618803
96.9096845617
98.986100488
99.0938531246
99.0938531246
99.0938531246
99.0938531246
99.0938531246
99.0938531246
99.0938531246
99.0938531246
99.0938531246
99.0938531246
99.0938531246
99.0938531246
99.0938531246
99.0938531246
99.0938531246
99.0938531246
99.0302262702
99.0302262702
99.0302262702
98.9793948138
98.9793948138
98.7266417155
98.6895855837
98.7768652194
47.0407285348
47.0912170025
47.0912170025
45.8286382619
42.682013892
42.0769472702
42.0769472702
37.8179124187
37.4255631012
35.4279879767
33.8980702802
30.4112858792
30.4112858792
27.2731799183
24.4488845535
24.5125114079
27.3368067727
99.0938531246
99.0938531246
99.0938531246
99.0938531246
99.0938531246
98.986100488
98.6385164491
97.972444041
96.9096845617
0
0
0
0
0
0
0
0
0
0
0
0
0
0
0
0
0
0
0
0
0
0
0
0
0
0
0
0
0
0
0
0
0
0
0
0
0
0
0
0
0
0
71.7570463519
95.2898713028
98.0635399982
99.0938531246
99.0938531246
99.0938531246
99.0938531246
99.1908304976
99.1908304976
99.0938531246
99.0938531246
99.0938531246
99.0938531246
99.0938531246
99.0938531246
99.0938531246
99.0938531246
99.0938531246
99.0938531246
99.0938531246
99.0938531246
99.0302262702
99.1272036432
99.1272036432
98.9793948138
98.859669662
98.6895855837
98.7768652194
44.6286864072
44.2659381014
42.9909231253
42.1440159698
41.9127152375
41.1836264136
37.4255631012
37.4255631012
33.8947325934
33.7338382475
30.4112858792
29.3289587949
27.2731799183
24.5125114079
21.9706455796
19.6829663341
20.2596147127
27.3368067727
99.0938531246
99.0938531246
99.0938531246
99.0938531246
99.0938531246
98.986100488
98.3718544377
97.496844495
96.1847957552
0
0
0
0
0
0
0
0
0
0
0
0
0
0
0
0
0
0
0
0
0
0
0
0
0
0
0
0
0
0
0
0
0
0
0
0
0
0
0
0
0
86.4914828233
96.9733114161
99.0938531246
99.0938531246
99.1908304976
99.2615270025
99.2615270025
99.1908304976
99.1908304976
99.1908304976
99.1908304976
99.1908304976
99.1908304976
99.0938531246
99.0938531246
99.0938531246
99.0938531246
99.0938531246
99.0938531246
99.0938531246
99.0938531246
99.0938531246
99.0938531246
99.1272036432
98.9793948138
98.859669662
98.7151647989
98.7768652194
43.0453694771
42.0362633332
41.8537832969
41.5236011471
39.8698975988
37.4255631012
37.3178104646
34.3007013239
33.3238804227
29.8370960217
30.1273286947
27.3368067727
24.5125114079
21.9706455796
17.6240550131
15.7710348243
15.7710348243
19.6829663341
99.0938531246
99.0938531246
99.0938531246
99.0938531246
99.0938531246
99.0938531246
98.986100488
98.2388264913
96.9096845617
0
0
0
0
0
0
0
0
0
0
0
0
0
0
0
0
0
0
0
0
0
0
0
0
0
0
0
0
0
0
0
0
0
0
0
0
0
0
0
0
10
94.8301505241
98.4366328231
99.1645496295
99.2615270025
99.3187911715
99.3187911715
99.3187911715
99.3187911715
99.2480946666
99.2480946666
99.2480946666
99.1908304976
99.1908304976
99.1908304976
99.1908304976
99.0938531246
99.0938531246
99.0938531246
99.0938531246
99.0938531246
99.0938531246
99.0938531246
99.1908304976
99.1908304976
99.1272036432
98.859669662
98.8798776992
98.7768652194
42.0217362234
41.2675088571
40.6635257974
39.6356004186
37.8392318996
37.478414692
35.2246147642
33.3875072772
31.4688625703
29.9007228762
26.8703695519
24.2044939478
21.8064135469
19.5187343014
15.6068027916
12.1712026761
11.2515185837
14.1033166543
22.8989728954
99.0938531246
99.1645496295
99.1645496295
99.1645496295
99.1645496295
99.0938531246
98.986100488
98.0360708954
96.1847957552
0
0
0
0
0
0
0
0
0
0
0
0
0
0
0
0
0
0
0
0
0
0
0
0
0
0
0
0
0
0
0
0
0
0
0
0
0
0
0
68.6825672454
97.044007921
99.1645496295
99.2218137985
99.3187911715
99.3187911715
99.3187911715
99.3187911715
99.3187911715
99.3187911715
99.3187911715
99.2480946666
99.2480946666
99.2480946666
99.2480946666
99.1908304976
99.1908304976
99.1908304976
99.1908304976
99.1908304976
99.0938531246
99.0938531246
99.1908304976
99.1908304976
99.1908304976
99.1908304976
99.0074784914
98.8798776992
98.7768652194
42.0576364707
40.6038653475
39.9728476089
38.9107565157
37.5491111969
36.1046262934
33.4844846501
33.0184124626
29.9007228762
28.4562257448
26.7626169153
23.8982653577
21.3563995293
19.1884454357
13.8045350699
5.39070298117
6.27283300154
9.6101235557
15.7710348243
32.7007767198
80.2615270025
99.2615270025
99.2615270025
99.2615270025
99.1645496295
99.1645496295
98.986100488
98.0360708954
0
0
0
0
0
0
0
0
0
0
0
0
0
0
0
0
0
0
0
0
0
0
0
0
0
0
0
0
0
0
0
0
0
0
0
0
0
0
0
94.319349659
99.0567969929
99.2218137985
99.3187911715
99.3187911715
99.3187911715
99.3187911715
99.3187911715
99.3187911715
99.3187911715
99.3187911715
99.3187911715
99.2480946666
99.2480946666
99.2480946666
99.2480946666
99.2480946666
99.2480946666
99.1908304976
99.1908304976
99.1908304976
99.2480946666
99.2480946666
99.2480946666
99.2480946666
99.2480946666
99.2480946666
99.1354391652
98.7471256289
43.4653681414
41.47454447
39.9038486557
38.9411512407
36.5755134129
34.8158880364
33.4079410491
31.4729272157
29.9007228762
26.7626169153
25.500279001
23.8982653577
21.3563995293
19.0687202839
16.213108676
3.41127429579
1.34669307912
1.4436704521
1.6939860026
1.82194667647
7.38779219188
13.3279223093
20.1958141709
38.0608400715
52.4628911715
72.2187911715
80.2218137985
64.4140438946
97.044007921
0
0
0
0
0
0
0
0
0
0
0
0
0
0
0
0
0
0
0
0
0
0
0
0
0
0
0
0
0
0
0
0
0
0
0
0
0
0.134323359313
98.5705547046
99.3003654706
99.3973428436
99.4846224793
99.4846224793
99.4846224793
99.3187911715
99.3187911715
99.3187911715
99.3187911715
99.3187911715
99.3187911715
99.2480946666
99.2480946666
99.2480946666
99.2480946666
99.2480946666
99.2480946666
99.2480946666
99.2480946666
99.2480946666
99.2480946666
99.2480946666
99.2480946666
99.2480946666
99.2480946666
99.2480946666
99.2551643171
99.0044819468
49.1281582661
43.8795945267
40.8995110551
38.4223588892
36.1097307492
34.4735058071
32.9573557545
30.4136914409
29.5991425085
26.7117854588
24.2066419294
23.7326734457
21.0906677389
18.6372537169
16.0456676219
10.9076167894
1.4436704521
1.50093462107
1.57163112597
1.82194667647
1.82194667647
2.10007506591
2.75247499177
3.21254708836
4.19475117651
7.46126678696
9.3323315011
12.9058600203
98.7920509063
75.900847029
0
0
0
0
0
0
0
0
0
0
0
0
0
0
0
0
0
0
0
0
0
0
0
0
0
0
0
0
0
0
0
0
0
0
0
0.134323359313
97.9600350769
99.2798924696
99.4846224793
99.4846224793
99.4846224793
99.4846224793
99.4846224793
99.4846224793
99.4060708072
99.3187911715
99.3187911715
99.3187911715
99.3187911715
99.2480946666
99.2480946666
99.2480946666
99.2480946666
99.2480946666
99.2480946666
99.2480946666
99.2480946666
99.2480946666
99.2480946666
99.2480946666
99.2480946666
99.2480946666
99.2480946666
99.3187911715
99.2551643171
99.0838196078
75.7982428965
51.8649429055
42.647335634
38.6187018591
35.9701017262
34.4231665249
32.4345005927
29.9174793203
28.8283648667
26.7690496278
23.8423523396
22.1771549599
20.592364868
17.8168339646
14.4814777667
11.0599844221
1.27565062562
1.50093462107
1.57163112597
1.57163112597
1.82194667647
1.82194667647
2.40910660974
2.91830629956
3.72373830679
5.29959617957
7.46126678696
11.6422879383
89.4846224793
98.7920509063
0.134323359313
0
0
0
0
0
0
0
0
0
0
0
0
0
0
0
0
0
0
0
0
0
0
0
0
0
0
0
0
0
0
0
0
0
0
0.212875031426
99.4846224793
99.4846224793
99.4846224793
99.4846224793
99.4846224793
99.4846224793
99.4846224793
99.4846224793
99.3187911715
99.3187911715
99.3187911715
99.3187911715
99.2480946666
99.2480946666
99.2480946666
99.2480946666
99.2480946666
99.2480946666
99.2480946666
99.2480946666
99.2480946666
99.2480946666
99.2480946666
99.2480946666
99.2480946666
99.2480946666
99.2480946666
99.2551643171
99.3067020691
99.0675681123
47.9194213684
75.3633098401
46.9966418379
39.9917440017
36.7193600546
34.6348170633
32.1081789272
30.0274239614
28.3296945388
26.6720722548
23.6802875422
21.4554777384
20.4070434502
17.7090813279
14.37372513
11.0599844221
1.15592547379
1.27565062562
1.50093462107
1.50093462107
1.50093462107
1.75125017157
2.40910660974
2.89129237952
3.35136447611
4.24628892859
6.71514010826
8.39909835099
13.0446774081
16.1618041789
98.6278188736
0
0
0
0
0
0
0
0
0
0
0
0
0
0
0
0
0
0
0
0
0
0
0
0
0
0
0
0
0
0
0
0
0
0
98.7150985093
99.4846224793
99.5361602313
99.5361602313
99.5361602313
99.5361602313
99.5361602313
99.4576085592
99.2996324186
99.2996324186
99.2996324186
99.2996324186
99.2996324186
99.2480946666
99.2480946666
99.2480946666
99.2480946666
99.2480946666
99.2480946666
99.2480946666
99.2480946666
99.2996324186
99.2996324186
99.2996324186
99.2996324186
99.2996324186
99.2996324186
99.2996324186
99.3067020691
99.1001080803
98.9292889935
)
;

boundaryField
{
    frontAndBack
    {
        type            empty;
    }
    leftWall
    {
        type            calculated;
        value           uniform 0;
    }
    outlet
    {
        type            calculated;
        value           uniform 0;
    }
    rightWall
    {
        type            calculated;
        value           uniform 0;
    }
    inlet
    {
        type            calculated;
        value           uniform 190203.295136;
    }
}


// ************************************************************************* //
