/*--------------------------------*- C++ -*----------------------------------*\
| =========                 |                                                 |
| \\      /  F ield         | OpenFOAM: The Open Source CFD Toolbox           |
|  \\    /   O peration     | Version:  v1906                                 |
|   \\  /    A nd           | Web:      www.OpenFOAM.com                      |
|    \\/     M anipulation  |                                                 |
\*---------------------------------------------------------------------------*/
FoamFile
{
    version     2.0;
    format      ascii;
    class       volScalarField;
    location    "807";
    object      alpha;
}
// * * * * * * * * * * * * * * * * * * * * * * * * * * * * * * * * * * * * * //

dimensions      [0 0 -1 0 0 0 0];


internalField   nonuniform List<scalar> 
9216
(
200
200
200
200
200
200
200
200
200
200
200
200
200
200
200
200
200
200
200
200
200
200
200
200
200
200
200
200
200
200
200
200
200
200
200
200
200
200
200
200
200
200
200
200
200
200
200
200
200
200
200
200
200
200
200
200
200
200
200
200
200
200
200
200
200
200
200
200
200
200
200
200
200
200
200
200
200
200
200
200
200
200
200
200
199.999999999
183.81745142
164.002736949
139.521141961
112.134922738
88.1554873425
66.6955246063
49.5274409221
35.5909304557
22.9150720621
13.0640337661
1.58274969531
200
200
200
200
200
200
200
200
200
200
200
200
200
200
200
200
200
200
200
200
200
200
200
200
200
200
200
200
200
200
200
200
200
200
200
200
200
200
200
200
200
200
200
200
200
200
200
200
200
200
200
200
200
200
200
200
200
200
200
200
200
200
200
200
200
200
200
200
200
200
200
200
200
200
200
200
200
200
200
200
200
200
200
200
200
196.941467563
177.224707304
151.757410734
127.917732827
100.854453981
77.1646391415
61.1537247799
48.0704112155
31.3804151725
20.6963071275
15.4502355302
200
200
200
200
200
200
200
200
200
200
200
200
200
200
200
200
200
200
200
200
200
200
200
200
200
200
200
200
200
200
200
200
200
200
200
200
200
200
200
200
200
200
200
200
200
200
200
200
200
200
200
200
200
200
200
200
200
200
200
200
200
200
200
200
200
200
200
200
200
200
200
200
200
200
200
200
200
200
200
200
200
200
200
200
200
193.666279891
168.065607707
151.777961275
132.844381436
102.621397222
74.5357290914
65.0033361993
47.6485644204
36.6736918286
32.0914989016
21.8357611535
200
200
200
200
200
200
200
200
200
200
200
200
200
200
200
200
200
200
200
200
200
200
200
200
200
200
200
200
200
200
200
200
200
200
200
200
200
200
200
200
200
200
200
200
200
200
200
200
200
200
200
200
200
200
200
200
200
200
200
200
200
200
200
200
200
200
200
200
200
200
200
200
200
200
200
200
200
200
200
200
200
200
200
200
200
186.813804014
165.577771674
149.849092825
125.659577941
107.023622623
86.5902040045
62.8900872239
56.3560160748
47.055031467
40.9847065279
28.5996058781
200
200
200
200
200
200
200
200
200
200
200
200
200
200
200
200
200
200
200
200
200
200
200
200
200
200
200
200
200
200
200
200
200
200
200
200
200
200
200
200
200
200
200
200
200
200
200
200
200
200
200
200
200
200
200
200
200
200
200
200
200
200
200
200
200
200
200
200
200
200
200
200
200
200
200
200
200
200
200
200
200
200
200
200
199.999999756
178.005772399
157.252988469
143.143606424
132.606758066
108.756689979
93.1938838741
72.5602759979
58.4724973108
57.1627259123
53.5630997751
41.1915509177
200
200
200
200
200
200
200
200
200
200
200
200
200
200
200
200
200
200
200
200
200
200
200
200
200
200
200
200
200
200
200
200
200
200
200
200
200
200
200
200
200
200
200
200
200
200
200
200
200
200
200
200
200
200
200
200
200
200
200
200
200
200
200
200
200
200
200
200
200
200
200
200
200
200
200
200
200
200
200
200
200
200
200
200
197.707806312
175.642122845
161.907614305
142.816896361
122.278966488
103.128671857
99.8390954281
87.2993941117
69.5786263414
66.3768380204
65.467067074
52.6374246418
200
200
200
200
200
200
200
200
200
200
200
200
200
200
200
200
200
200
200
200
200
200
200
200
200
200
200
200
200
200
200
200
200
200
200
200
200
200
200
200
200
200
200
200
200
200
200
200
200
200
200
200
200
200
200
200
200
200
200
200
200
200
200
200
200
200
200
200
200
200
200
200
200
200
200
200
200
200
200
200
200
200
200
200
192.755964496
173.59633967
157.352515112
142.081261242
122.048830541
112.593626987
98.4414451544
96.767037192
87.5207582793
77.0846998197
76.848719257
63.5766700696
200
200
200
200
200
200
200
200
200
200
200
200
200
200
200
200
200
200
200
200
200
200
200
200
200
200
200
200
200
200
200
200
200
200
200
200
200
200
200
200
200
200
200
200
200
200
200
200
200
200
200
200
200
200
200
200
200
200
200
200
200
200
200
200
200
200
200
200
200
200
200
200
200
200
200
200
200
200
200
200
200
200
200
200
188.508488249
171.968980058
153.00437615
137.986271197
125.404922331
118.198940155
109.240371388
99.5809993076
99.8682955293
86.9417397633
87.5627910644
74.3451787493
200
200
200
200
200
200
200
200
200
200
200
200
200
200
200
200
200
200
200
200
200
200
200
200
200
200
200
200
200
200
200
200
200
200
200
200
200
200
200
200
200
200
200
200
200
200
200
200
200
200
200
200
200
200
200
200
200
200
200
200
200
200
200
200
200
200
200
200
200
200
200
200
200
200
200
200
200
200
200
200
200
200
200
200
187.623646185
172.147880617
156.148701355
139.468048489
127.799155022
115.358004741
116.774305827
110.776110195
104.545083618
100.073714765
96.540601085
84.0151362675
200
200
200
200
200
200
200
200
200
200
200
200
200
200
200
200
200
200
200
200
200
200
200
200
200
200
200
200
200
200
200
200
200
200
200
200
200
200
200
200
200
200
200
200
200
200
200
200
200
200
200
200
200
200
200
200
200
200
200
200
200
200
200
200
200
200
200
200
193.658604408
183.359406223
178.737198698
181.951774236
189.288692899
196.065148228
199.572855707
200
199.966620437
199.304480833
199.889846559
200
200
200
200
199.999988022
186.176676984
171.367167015
155.493338436
142.232837848
131.684137752
123.968854481
117.337977081
118.110953837
113.518838107
111.359131685
105.074104982
94.0492086551
200
200
200
200
200
200
200
200
200
200
200
200
200
200
200
200
200
200
200
200
200
200
200
200
200
200
200
200
200
200
200
200
200
200
200
200
200
200
200
200
200
200
200
200
200
200
200
200
200
200
200
200
200
200
200
200
200
200
200
200
200
200
200
165.547194787
17.89257431
2.64469297633
0.547479180215
0.135470589454
0.0442666430311
0.0236077042239
0.024784850316
0.0450030116086
0.11273902443
0.358367568262
1.42932521186
7.12406866285
46.341546502
164.759190633
194.940554563
199.812747635
199.902749075
199.327737044
199.986255467
199.139628189
184.655440656
167.762890002
154.73103649
144.859957945
138.927912242
131.923511683
126.61880889
119.51073841
121.176017586
123.301636386
113.599928415
101.944535481
200
200
200
200
200
200
200
200
200
200
200
200
200
200
200
200
200
200
200
200
200
200
200
200
200
200
200
200
200
200
200
200
200
200
200
200
200
200
200
200
200
200
200
200
200
200
200
200
200
200
200
200
200
200
200
200
200
200
200
200
135.192108404
0.318215809496
0.00368675690943
0.000203679610033
2.49187579748e-05
4.38478891779e-06
9.69532779412e-07
2.97314783813e-07
1.61430144576e-07
1.68456695258e-07
2.84053969908e-07
6.43134468432e-07
1.81016452763e-06
6.19711924739e-06
2.58038105674e-05
0.000132054964018
0.000882944169429
0.00824724875116
0.11537366431
2.24555349607
64.0980031513
185.25754666
199.76973477
196.973571963
182.118111265
168.00558323
158.029868581
149.929167522
142.271997099
137.122537872
132.325652056
128.705048479
124.055946044
129.175503778
121.253633035
108.143920674
200
200
200
200
200
200
200
200
200
200
200
200
200
200
200
200
200
200
200
200
200
200
200
200
200
200
200
200
200
200
200
200
200
200
200
200
200
200
200
200
200
200
200
200
200
200
200
200
200
200
200
200
200
200
200
200
200
200
14.3827992959
0.0166800001616
1.10596928193e-05
1.72676940054e-08
1.01347530919e-09
1.6673835542e-10
4.03450234511e-11
1.1870863732e-11
4.72399985744e-12
3.23219908566e-12
3.79199497556e-12
6.4561074194e-12
1.39611729889e-11
3.64274126056e-11
1.1269403314e-10
4.09223910094e-10
1.73858610598e-09
9.08753915401e-09
6.09988466861e-08
5.53611844617e-07
6.88711730449e-06
0.000117246961516
0.00282932159583
0.108584775408
5.82028235862
150.41190646
178.480564045
170.921729376
161.738319844
153.423647116
146.043021095
141.094319854
136.381719761
132.933226927
130.800221519
132.972265865
127.695718721
113.650113824
200
200
200
200
200
200
200
200
200
200
200
200
200
200
200
200
200
200
200
200
200
200
200
200
200
200
200
200
200
200
200
200
200
200
200
200
200
200
200
200
200
200
200
200
200
200
200
200
200
200
200
200
200
200
200
200
147.508755808
0.00937361823523
3.46132477193e-07
8.90832818117e-12
1.8206538101e-13
1.58534641559e-14
3.18099355829e-15
9.37858641341e-16
3.41977368e-16
1.88063764046e-16
1.70018254236e-16
2.29067423867e-16
4.01734143176e-16
8.50170084959e-16
2.0865351159e-15
5.88484177617e-15
1.91263733926e-14
7.32103794461e-14
3.37135337842e-13
1.92021162403e-12
1.3935278323e-11
1.30342506162e-10
1.48090438229e-09
2.10701671685e-08
4.18919186053e-07
1.19355553218e-05
0.000483290952727
0.0253307661104
1.60214168534
108.083904239
161.482322769
155.639671372
149.29347263
146.320244869
140.615146112
137.622362959
134.956213862
133.037658809
135.445037161
118.34414206
200
200
200
200
200
200
200
200
200
200
200
200
200
200
200
200
200
200
200
200
200
200
200
200
200
200
200
200
200
200
200
200
200
200
200
200
200
200
200
200
200
200
200
200
200
200
200
200
200
200
200
200
200
200
200
0.0804924011299
2.57638972394e-06
3.47399337836e-13
6.92117580962e-17
5.57812488923e-18
9.99600092929e-19
2.62157752746e-19
9.38271073321e-20
4.46195318417e-20
3.21335054654e-20
3.46612290291e-20
4.95245512719e-20
8.51271382819e-20
1.69680125644e-19
3.91112274627e-19
1.02481438913e-18
3.07420558295e-18
1.06342242569e-17
4.31134757827e-17
2.07339033745e-16
1.21211485944e-15
8.33383781253e-15
6.99238574656e-14
7.32504166466e-13
1.00823962001e-11
1.85294077828e-10
4.1152737666e-09
1.2180292753e-07
4.80114359721e-06
0.000201882790735
0.0157139587134
1.96724239891
132.247329758
153.539048423
150.236431122
144.761234045
141.450097583
138.140233442
136.326908209
140.575548627
122.286853589
200
200
200
200
200
200
200
200
200
200
200
200
200
200
200
200
200
200
200
200
200
200
200
200
200
200
200
200
200
200
200
200
200
200
200
200
200
200
200
200
200
200
200
200
200
200
200
200
200
200
200
200
200
200
0.00240451556241
2.58755361019e-13
7.41400857629e-19
6.48756718569e-21
8.50641063356e-22
2.04023392818e-22
6.97481286295e-23
3.06280100424e-23
1.75996997399e-23
1.47743047291e-23
1.73193535387e-23
2.54919901203e-23
4.40144252749e-23
8.6841186608e-23
1.91635534669e-22
4.81580790189e-22
1.36541678161e-21
4.39143194357e-21
1.6051018535e-20
6.63714834258e-20
3.17858666377e-19
1.78845078053e-18
1.1837413706e-17
9.32595892056e-17
8.97500108934e-16
1.05194198154e-14
1.54271020402e-13
2.97497816111e-12
7.69713104532e-11
2.30157929796e-09
7.36750084109e-08
3.78461857162e-06
0.000346817881482
0.0804982420831
41.1097106309
149.315283515
146.710957828
143.905086245
141.747633339
138.794477239
141.589600211
125.123677981
200
200
200
200
200
200
200
200
200
200
200
200
200
200
200
200
200
200
200
200
200
200
200
200
200
200
200
200
200
200
200
200
200
200
200
200
200
200
200
200
200
200
200
200
200
200
200
200
200
200
200
200
200
0.000347088487737
1.35757623059e-19
5.84038652569e-23
2.96362792315e-24
5.39501733711e-25
1.51160246752e-25
5.83133057537e-26
2.88773119305e-26
1.81289488012e-26
1.58997940496e-26
1.87542715383e-26
2.73917850765e-26
4.634743757e-26
8.83095801713e-26
1.90205776089e-25
4.61093767115e-25
1.23328999736e-24
3.73779280332e-24
1.28516036232e-23
4.94669148197e-23
2.11864562089e-22
1.02972545443e-21
5.72886082806e-21
3.56913284849e-20
2.55624551105e-19
2.20503412875e-18
2.28010519785e-17
2.87828497331e-16
4.47487809558e-15
8.85740499427e-14
1.94523763101e-12
5.60790589446e-11
2.22206533007e-09
1.51152481943e-07
2.06489369906e-05
0.00506825848496
4.23186332425
142.473613455
145.304647452
143.553555024
140.659356695
141.781469988
126.739598829
200
200
200
200
200
200
200
200
200
200
200
200
200
200
200
200
200
200
200
200
200
200
200
200
200
200
200
200
200
200
200
200
200
200
200
200
200
200
200
200
200
200
200
200
200
200
200
200
200
200
200
200
9.15984408476e-05
8.49261517837e-24
5.82851772818e-26
5.91473557386e-27
1.22886053626e-27
3.57040886419e-28
1.37015555771e-28
6.39698935916e-29
3.90224593835e-29
3.20969649553e-29
3.58917161824e-29
5.11253546058e-29
9.17619124365e-29
1.7778876838e-28
3.82073783021e-28
8.96121853188e-28
2.35265969625e-27
6.89246114284e-27
2.22956523642e-26
7.82591401663e-26
3.05392191417e-25
1.29773960156e-24
6.30128047666e-24
3.38408148608e-23
2.00683655426e-22
1.35395629744e-21
1.05977430948e-20
9.37023513348e-20
9.86798762345e-19
1.28904762461e-17
1.89006901194e-16
3.32655842024e-15
7.2325783077e-14
2.32483208182e-12
1.41544959367e-10
1.13480190181e-08
1.83970596747e-06
0.000809369978052
1.13116659956
138.690561727
143.505531853
142.248883839
140.699656857
127.669279763
200
200
200
200
200
200
200
200
200
200
200
200
200
200
200
200
200
200
200
200
200
200
200
200
200
200
200
200
200
200
200
200
200
200
200
200
200
200
200
200
200
200
200
200
200
200
200
200
200
200
200
3.4190022521e-05
1.10010713096e-26
2.56886600619e-28
6.12033556934e-30
0
0
0
0
0
0
0
0
0
1.30397509173e-31
4.29155320376e-31
2.17623489396e-30
6.48835078899e-30
2.19730335724e-29
7.43681137405e-29
2.60598131255e-28
9.49724443388e-28
3.73567547181e-27
1.58514735042e-26
7.19258871313e-26
3.59455880165e-25
1.98524768548e-24
1.25624960145e-23
8.7199433095e-23
6.81830932019e-22
6.27162917181e-21
6.14493851276e-20
7.09566911708e-19
1.03925537417e-17
1.91869422572e-16
4.82469042962e-15
2.11941521313e-13
1.31382009062e-11
1.64442229778e-09
3.79531014279e-07
0.000244411350991
0.720695859459
137.293298732
142.840178062
139.840636317
128.552318255
200
200
200
200
200
200
200
200
200
200
200
200
200
200
200
200
200
200
200
200
200
200
200
200
200
200
200
200
200
200
200
200
200
200
200
200
200
200
200
200
200
200
200
200
200
200
200
200
200
200
1.48237329942e-05
1.29077734994e-28
0
0
0
0
0
0
0
0
0
0
0
0
0
0
0
9.84949249599e-32
2.70587641492e-31
1.201964329e-30
5.06554707806e-30
2.06008290106e-29
8.50274938815e-29
3.526531618e-28
1.49929895669e-27
7.11704984776e-27
3.52757130773e-26
1.93451938983e-25
1.18788410199e-24
8.47142664248e-24
6.12933369864e-23
5.02509986977e-22
4.8739781162e-21
5.71564965136e-20
8.57747822061e-19
1.99980185055e-17
5.92772639333e-16
2.48132867691e-14
2.16321188197e-12
3.79477210312e-10
1.25845843353e-07
0.000154421966675
1.70394391919
139.076827648
140.660717194
129.241396494
200
200
200
200
200
200
200
200
200
200
200
200
200
200
200
200
200
200
200
200
200
200
200
200
200
200
200
200
200
200
200
200
200
200
200
200
200
200
200
200
200
200
200
200
200
200
200
200
200
1.07373412294e-05
1.38463856258e-33
0
0
0
0
0
0
0
0
0
0
0
0
0
0
0
0
0
0
9.49308792741e-33
1.53061001912e-31
4.33308273289e-31
1.9403248734e-30
1.06878200541e-29
4.27533344667e-29
2.17200107426e-28
9.86050659289e-28
5.16414182471e-27
2.63401604188e-26
1.55913538053e-25
9.66218552733e-25
7.09222957198e-24
5.70500081251e-23
5.47674997646e-22
6.71475171945e-21
1.17401708689e-19
2.61834278122e-18
8.72513732435e-17
4.99941785678e-15
5.18304395133e-13
1.28652821049e-10
7.5939305453e-08
0.000304230965855
15.4476047529
140.190829539
129.093413052
200
200
200
200
200
200
200
200
200
200
200
200
200
200
200
200
200
200
200
200
200
200
200
200
200
200
200
200
200
200
200
200
200
200
200
200
200
200
200
200
200
200
200
200
200
200
200
200
2.49455676588e-05
0
0
0
0
0
0
0
0
0
0
0
0
0
0
0
0
0
0
0
0
0
0
0
9.5123485339e-32
2.80039075186e-31
1.49885923638e-30
7.46683221767e-30
3.08655859573e-29
1.64693580391e-28
7.87831552549e-28
4.21745386954e-27
2.25102353246e-26
1.49955512652e-25
1.05294433421e-24
8.73653109357e-24
8.58264593416e-23
1.17686135875e-21
1.95051083388e-20
5.10637963303e-19
1.85291182237e-17
1.27795392589e-15
1.8091722706e-13
7.06901312253e-11
1.1659686026e-07
0.00188285103477
115.267671157
127.016822492
200
200
200
200
200
200
200
200
200
200
200
200
200
200
200
200
200
200
200
200
200
200
200
200
200
200
200
200
200
200
200
200
200
200
200
200
200
200
200
200
200
200
200
200
200
200
200
9.51438925295e-05
0
0
0
0
0
0
0
0
0
0
0
0
0
0
0
0
0
0
0
0
0
0
0
0
0
0
7.33673204837e-32
2.7784526176e-31
1.32865604432e-30
6.78136994785e-30
3.13551965099e-29
1.73477743891e-28
8.60019651871e-28
4.93912954155e-27
3.17114052988e-26
2.1461680019e-25
1.77253028295e-24
1.9654691375e-23
2.38600180343e-22
4.17186686285e-21
1.11687513818e-19
5.35354466277e-18
4.75041106109e-16
9.64404375457e-14
9.15333858678e-11
5.30471719683e-07
0.10886399065
123.209983655
200
200
200
200
200
200
200
200
200
200
200
200
200
200
200
200
200
200
200
200
200
200
200
200
200
200
200
200
200
200
200
200
200
200
200
200
200
200
200
200
200
200
200
200
200
200
0.00161244972044
0
0
0
0
0
0
0
0
0
0
0
0
0
0
0
0
0
0
0
0
0
0
0
0
0
0
0
0
0
6.9934400559e-32
3.11528081707e-31
1.64413584231e-30
8.76733231625e-30
4.27344303187e-29
2.56751381916e-28
1.39649566185e-27
8.81562413673e-27
5.95582765345e-26
4.6868919273e-25
5.20365846088e-24
6.43579106779e-23
1.28824810381e-21
3.97307031297e-20
2.19489607048e-18
2.68656782838e-16
1.07775093888e-13
3.37770653561e-10
1.41022491761e-05
97.6705221592
200
200
200
200
200
200
200
200
200
200
200
200
200
200
200
200
200
200
200
200
200
200
200
200
200
200
200
200
200
200
200
200
200
200
200
200
200
200
200
200
200
200
200
200
200
200
0
0
0
0
0
0
0
0
0
0
0
0
0
0
0
0
0
0
0
0
0
0
0
0
0
0
0
0
0
0
0
0
9.14775809713e-32
4.2987310883e-31
2.38631320736e-30
1.35362750945e-29
7.91925383029e-29
4.49056069213e-28
3.02380289117e-27
2.02012208311e-26
1.73098267163e-25
1.6901233459e-24
2.52107488796e-23
5.30127527902e-22
1.857932949e-20
1.29823005088e-18
2.77200996163e-16
2.9275264691e-13
5.15830917999e-09
0.156184731433
200
200
200
200
200
200
200
200
200
200
200
200
200
200
200
200
200
200
200
200
200
200
200
200
200
200
200
200
200
200
200
200
200
200
200
200
200
200
200
200
200
200
200
200
200
0
0
0
0
0
0
0
0
0
0
0
0
0
0
0
0
0
0
0
0
0
0
0
0
0
0
0
0
0
0
0
0
0
0
0
1.47238555592e-31
7.58394231143e-31
5.91314695143e-30
3.07502034885e-29
1.94628895999e-28
1.32892103208e-27
8.30893456519e-27
6.9603996785e-26
7.89078791301e-25
1.22830884791e-23
2.73806149251e-22
1.13090114636e-20
1.25120814209e-18
5.90116856539e-16
3.19041109957e-12
7.4216583997e-06
200
200
200
200
200
200
200
200
200
200
200
200
200
200
200
200
200
200
200
200
200
200
200
200
200
200
200
200
200
200
200
200
200
200
200
200
200
200
200
200
200
200
200
200
200
0
0
0
0
0
0
0
0
0
0
0
0
0
0
0
0
0
0
0
0
0
0
0
0
0
0
0
0
0
0
0
0
0
0
0
0
4.47018614482e-32
3.29343586967e-31
2.41471020279e-30
1.46811333513e-29
9.89680587002e-29
6.5509495976e-28
4.54887021483e-27
3.80686643993e-26
4.15283860358e-25
6.81509612615e-24
1.69157480496e-22
1.04800585921e-20
2.26808000858e-18
4.22049690543e-15
1.30588007731e-09
200
200
200
200
200
200
200
200
200
200
200
200
200
200
200
200
200
200
200
200
200
200
200
200
200
200
200
200
200
200
200
200
200
200
200
200
200
200
200
200
200
200
200
200
200
0
0
0
0
0
0
0
0
0
0
0
0
0
0
0
0
0
0
0
0
0
0
0
0
0
0
0
0
0
0
0
0
0
0
0
0
0
0
1.56078927445e-31
1.31186702542e-30
7.8873434182e-30
5.90020912811e-29
3.69988445303e-28
2.41631002562e-27
2.00740656884e-26
2.55826502898e-25
4.45917927072e-24
1.59256702056e-22
1.62965289065e-20
1.24179255709e-17
4.1355716615e-13
200
200
200
200
200
200
200
200
200
200
200
200
200
200
200
200
200
200
200
200
200
200
200
200
200
200
200
200
200
200
200
200
200
200
200
200
200
200
200
200
200
200
200
200
0
0
0
0
0
0
0
0
0
0
0
0
0
0
0
0
0
0
0
0
0
0
0
0
0
0
0
0
0
0
0
0
0
0
0
0
0
0
0
0
7.0123276951e-32
8.18692693323e-31
5.69350870036e-30
4.01643234507e-29
2.46857660503e-28
1.97949356702e-27
1.54197729354e-26
2.08320563259e-25
4.85377290416e-24
2.30468281157e-22
6.62250055131e-20
4.10944880724e-16
200
200
200
200
200
200
200
200
200
200
200
200
200
200
200
200
200
200
200
200
200
200
200
200
200
200
200
200
200
200
200
200
200
200
200
200
200
200
200
200
200
200
200
200
0
0
0
0
0
0
0
0
0
0
0
6.61336604655e-32
3.30877314155e-31
5.1022358599e-31
8.75450287295e-31
0
0
0
0
0
0
0
0
0
0
0
0
0
0
0
0
0
0
0
0
0
0
0
0
0
0
2.97075583816e-32
5.63888677638e-31
5.04657035367e-30
3.35148446655e-29
2.2252015549e-28
1.73084533348e-27
1.66862054335e-26
2.43632504549e-25
6.6506164892e-24
7.57462525832e-22
1.07305162883e-18
200
200
200
8.40204799771e-35
0
0
0
0
0
0
0
0
0
0
0
0
0
0
0
0
0
0
0
1.05009163437e-29
1.5235431841e-27
200
200
200
200
200
200
200
200
200
200
200
200
200
200
200
200
200
200
200
0
0
0
0
0
0
0
0
0
2.29451241629e-31
3.8047738678e-30
2.34603614427e-29
1.67828042171e-28
1.10503578571e-27
2.09964019528e-27
2.94314649515e-27
7.91504638161e-29
5.3746987172e-30
0
0
0
0
0
0
0
0
0
0
0
0
0
0
0
0
0
0
0
0
0
0
0
0
5.24303989388e-33
4.73859850092e-31
3.79176496146e-30
2.67755324596e-29
2.15249492775e-28
1.73538526645e-27
1.69014768754e-26
3.43785923314e-25
1.81735662784e-23
7.1891187126e-21
1.04604083483e-35
5.50547807805e-36
0
0
0
0
0
0
0
0
0
0
0
0
0
0
0
0
0
0
0
0
0
0
0
0
0
0
0
0
6.03007494656e-29
8.25703748417e-27
200
200
200
200
200
200
200
200
200
200
200
0
0
0
0
0
0
0
0
5.73209165259e-32
4.95030571547e-30
2.50507754601e-28
2.19859401228e-26
200
200
200
200
200
200
200
200
200
200
199.999999999
199.83080596
0
0
0
0
0
0
0
0
0
0
0
0
0
0
0
0
0
0
0
0
2.06034090217e-34
5.50623390245e-31
4.35649906928e-30
3.87407436739e-29
2.93201090104e-28
2.46484526659e-27
3.19392057947e-26
8.6119524085e-25
1.18188781284e-22
0
0
0
0
0
0
0
0
0
0
0
0
0
0
0
0
0
0
0
0
0
0
0
0
0
0
0
0
0
0
0
0
0
0
0
8.27530593393e-29
4.05109759754e-27
200
200
200
200
200
200
0
0
0
0
0
0
0
6.19520051362e-31
1.4440125983e-28
1.10200055325e-25
200
200
200
200
200
200
200
200
200
200
200
200
200
200
199.904165445
0
0
0
0
0
0
0
0
0
0
0
0
0
0
0
0
0
0
0
0
1.98505265445e-32
7.91099860276e-31
6.97321210187e-30
4.96001540725e-29
4.66351570654e-28
4.62724945053e-27
7.37426791758e-26
4.49090423447e-24
0
0
0
0
0
0
0
0
0
0
0
0
0
0
0
0
0
0
0
0
0
0
0
0
0
0
0
0
0
0
0
0
0
0
0
0
0
0
6.80758769074e-31
6.03129197438e-29
7.56731580383e-28
1.75797667125e-27
3.9621826653e-29
0
0
0
0
0
0
6.29319293285e-30
4.02292108844e-27
200
200
200
200
200
200
200
200
200
200
200
200
200
200
200
200
200
199.900015135
0
0
0
0
0
0
0
0
0
0
0
0
0
0
0
0
0
0
0
0
6.22637165175e-32
1.53989298917e-30
1.06857374331e-29
8.70278929769e-29
7.74914617782e-28
1.06421698362e-26
3.11392389811e-25
0
0
0
0
0
0
0
0
0
0
0
0
0
0
0
0
0
0
0
0
0
0
0
0
0
0
0
0
0
0
0
0
0
0
0
0
0
0
0
0
0
0
4.56308929846e-30
0
0
8.10614239076e-34
1.39182114727e-33
8.69189246468e-32
5.02488503862e-29
2.4867123114e-25
200
200
200
200
200
200
200
200
200
200
200
200
200
200
200
200
200
200
200
199.87468425
0
0
0
0
0
0
0
0
0
0
0
0
0
0
0
0
0
0
0
0
1.83682808443e-31
2.85159328362e-30
2.39110380626e-29
2.10159803877e-28
2.26681539425e-27
3.66819584909e-26
0
0
0
0
0
0
0
0
0
0
0
0
0
0
0
0
0
0
0
0
0
0
0
0
0
0
0
0
0
0
0
0
0
0
0
0
0
0
0
0
0
0
0
0
1.03055575158e-33
6.73550924879e-33
5.25915030186e-31
1.02227472787e-28
3.78253986701e-23
200
200
200
200
200
200
200
200
200
200
200
200
200
200
200
200
200
200
200
200
200
199.845289198
0
0
0
0
0
0
0
0
0
0
0
0
0
0
0
0
0
0
0
0
6.135559694e-31
5.68530110018e-30
6.5310402327e-29
6.43299760867e-28
7.11464584761e-27
0
0
0
0
0
0
0
0
0
0
0
0
0
0
0
0
0
0
0
0
0
0
0
0
0
0
0
0
0
0
0
0
0
0
0
0
0
0
0
0
0
0
0
0
0
3.52429862907e-31
3.95960741678e-29
200
200
200
200
200
200
200
200
200
200
200
200
200
200
200
200
200
200
200
200
200
200
200
199.999999999
199.764196308
0
0
0
0
0
0
0
0
0
0
0
0
0
0
0
0
0
0
0
8.85024842263e-32
2.04496495617e-30
1.70227304687e-29
1.91280907695e-28
1.92701093597e-27
0
0
0
0
0
0
0
0
0
0
0
0
0
0
0
0
0
0
0
0
0
0
0
0
0
0
0
0
0
0
0
0
0
0
0
0
0
0
0
0
0
0
0
0
0
0
3.67023027579e-27
200
200
200
200
200
200
200
200
200
200
200
200
200
200
200
200
200
200
200
200
200
200
200
200
199.999999999
0
0
0
0
0
0
0
0
0
0
0
0
0
0
0
0
0
0
0
0
5.5616772969e-31
6.57131691154e-30
7.25754459981e-29
6.49028766629e-28
0
0
0
0
0
0
0
0
0
0
0
0
0
0
0
0
0
0
0
0
0
0
0
0
0
0
0
0
0
0
0
0
0
0
0
0
0
0
0
0
0
0
0
0
0
0
0
0
7.66888634937e-35
200
200
200
200
200
200
200
200
200
200
200
200
200
200
200
200
200
200
200
200
200
200
200
199.999999997
0
0
0
0
0
0
0
0
0
0
0
0
0
0
0
0
0
0
0
1.53160862052e-31
2.83398532696e-30
3.16001263136e-29
2.65265726241e-28
0
0
0
0
0
0
0
0
0
0
0
0
0
0
0
0
0
0
0
0
0
0
0
0
0
0
0
0
0
0
0
0
0
0
0
0
0
0
0
0
0
0
0
0
0
0
0
0
0
6.90199771443e-35
9.24151626647e-34
5.31210738472e-28
200
200
200
200
200
200
200
200
200
200
200
200
200
200
200
200
200
200
200
200
200
0
0
0
0
0
0
0
0
0
0
0
0
0
0
0
0
0
0
0
3.81994967751e-32
1.38725420291e-30
1.55544673175e-29
1.27842620608e-28
0
0
0
0
0
0
0
0
0
0
0
0
0
0
0
0
0
0
0
0
0
0
0
0
0
0
0
0
0
0
0
0
0
0
0
0
0
0
0
0
0
0
0
0
0
0
0
0
0
0
6.21179794299e-35
3.48942849881e-34
4.29115181286e-33
1.95700531007e-27
200
200
200
200
200
200
200
200
200
200
200
200
200
200
200
200
200
200
200
199.999999998
0
0
0
0
0
0
0
0
0
0
0
0
0
0
0
0
0
0
0
6.32653739779e-31
7.80203433563e-30
7.05735197012e-29
0
0
0
0
0
0
0
0
0
0
0
0
0
0
0
0
0
0
0
0
0
0
0
0
0
0
0
0
0
0
0
0
0
0
0
0
0
0
0
0
0
0
0
0
0
0
0
0
0
0
0
1.18024160917e-34
2.63733001555e-34
3.68574751551e-33
1.05784653006e-32
4.01788458792e-26
200
200
200
200
200
200
200
200
200
200
200
200
200
200
200
200
200
200
0
0
0
0
0
0
0
0
0
0
0
0
0
0
0
0
0
0
0
3.10595425599e-31
4.26455412355e-30
4.35458339408e-29
0
0
0
0
0
0
0
0
0
0
0
0
0
0
0
0
0
0
0
0
0
0
0
0
0
0
0
0
0
0
0
0
0
0
0
0
0
0
0
0
0
0
0
0
0
0
0
0
0
0
0
0
1.06221744825e-34
2.37359701399e-34
3.27188875696e-33
7.20854107941e-33
8.05060132692e-28
200
200
200
200
200
200
200
200
200
200
200
200
200
200
200
200
200
199.999999995
0
0
0
0
0
0
0
0
0
0
0
0
0
0
0
0
0
0
1.89909356402e-31
3.20965220627e-30
2.94358500548e-29
0
0
0
0
0
0
0
0
0
0
0
0
0
0
0
0
0
0
0
0
0
0
0
0
0
0
0
0
0
0
0
0
0
0
0
0
0
0
0
0
0
0
0
0
0
0
0
0
0
0
0
0
0
1.5150575183e-34
5.18264720231e-34
2.51154708525e-33
3.89652413131e-33
7.82879268544e-29
200
200
200
200
200
200
200
200
200
200
200
200
200
200
200
200
200
0
0
0
0
0
0
0
0
0
0
0
0
0
0
0
0
0
0
1.12556522251e-31
2.57858515709e-30
2.19674922379e-29
0
0
0
0
0
0
0
0
0
0
0
0
0
0
0
0
0
0
0
0
0
0
0
0
0
0
0
0
0
0
0
0
0
0
0
0
0
0
0
0
0
0
0
0
0
0
0
0
0
0
0
0
0
4.52840070044e-35
9.55995703426e-35
7.92952710298e-34
2.11204969308e-33
3.48923727093e-33
3.39170085181e-33
200
200
200
200
200
200
200
200
200
200
200
200
200
200
200
200
0
0
0
0
0
0
0
0
0
0
0
0
0
0
0
0
0
0
9.30993824701e-32
2.07974197759e-30
1.80551190213e-29
0
0
0
0
0
0
0
0
0
0
0
0
0
0
0
0
0
0
0
0
0
0
0
0
0
0
0
0
0
0
0
0
0
0
0
0
0
0
0
0
0
0
0
0
0
0
0
0
0
0
0
0
0
4.52840070044e-35
8.60396133084e-35
8.60396133084e-35
8.37314756211e-34
2.03447829326e-33
3.06767803331e-33
2.92427621008e-33
200
200
200
200
200
200
200
200
200
200
200
200
200
200
200
0
0
0
0
0
0
0
0
0
0
0
0
0
0
0
0
0
0
8.58360202027e-32
2.03675031325e-30
1.67413507257e-29
0
0
0
0
0
0
0
0
0
0
0
0
0
0
0
0
0
0
0
0
0
0
0
0
0
0
0
0
0
0
0
0
0
0
0
0
0
0
0
0
0
0
0
0
0
0
0
0
0
0
0
0
0
0
8.60396133084e-35
8.60396133084e-35
8.60396133084e-35
1.01546738134e-33
2.33618132824e-33
2.52035747832e-33
1.28949151322e-29
200
200
200
200
200
200
200
200
200
200
200
200
200
200
0
0
0
0
0
0
0
0
0
0
0
0
0
0
0
0
0
0
8.78641964745e-32
2.0159135471e-30
1.71400259806e-29
0
0
0
0
0
0
0
0
0
0
0
0
0
0
0
0
0
0
0
0
0
0
0
0
0
0
0
0
0
0
0
0
0
0
0
0
0
0
0
0
0
0
0
0
0
0
0
0
0
0
0
0
0
0
0
8.60396133084e-35
8.60396133084e-35
8.60396133084e-35
1.2134147426e-33
1.82431410859e-33
1.76309585041e-33
2.75494744357e-28
200
200
200
200
200
200
200
200
200
200
200
200
200
0
0
0
0
0
0
0
0
0
0
0
0
0
0
0
0
0
0
1.22140909686e-31
2.10819554317e-30
1.89114204276e-29
0
0
0
0
0
0
0
0
0
0
0
0
0
0
0
0
0
0
0
0
0
0
0
0
0
0
0
0
0
0
0
0
0
0
0
0
0
0
0
0
0
0
0
0
0
0
0
0
0
0
0
0
0
0
0
0
0
4.52840070044e-35
1.36355176647e-34
1.15099279301e-33
1.51856610343e-33
1.09308461728e-33
200
200
200
200
200
200
200
200
200
200
200
200
200
0
0
0
0
0
0
0
0
0
0
0
0
0
0
0
0
0
0
1.67704289313e-31
2.85505418918e-30
2.22821082758e-29
0
0
0
0
0
0
0
0
0
0
0
0
0
0
0
0
0
0
0
0
0
0
0
0
0
0
0
0
0
0
0
0
0
0
0
0
0
0
0
0
0
0
0
0
0
0
0
0
0
0
0
0
0
0
0
0
0
0
2.37359701399e-34
3.14048564893e-34
2.82643708404e-34
5.71140227775e-34
7.34333876012e-32
200
200
200
200
200
200
200
200
200
200
200
200
0
0
0
0
0
0
0
0
0
0
0
0
0
0
0
0
0
0
2.46640869523e-31
3.68503046511e-30
2.79432989898e-29
0
0
0
0
0
0
0
0
0
0
0
0
0
0
0
0
0
0
0
0
0
0
0
0
0
0
0
0
0
0
0
0
0
0
0
0
0
0
0
0
0
0
0
0
0
0
0
0
0
0
0
0
0
0
0
0
0
0
6.21179794299e-35
2.63733001555e-34
3.99258413219e-34
3.14048564893e-34
1.56395963676e-32
200
200
200
200
200
200
200
200
200
200
200
200
0
0
0
0
0
0
0
0
0
0
0
0
0
0
0
0
0
0
4.21125929557e-31
4.69762314393e-30
3.4511870371e-29
0
0
0
0
0
0
0
0
0
0
0
0
0
0
0
0
0
0
0
0
0
0
0
0
0
0
0
0
0
0
0
0
0
0
0
0
0
0
0
0
0
0
0
0
0
0
0
0
0
0
0
0
0
0
0
0
0
0
0
0
2.93036668394e-34
4.43620459133e-34
6.34970687506e-33
1.33371147468e-31
200
200
200
200
200
200
200
200
200
200
200
4.52840070044e-35
0
0
0
0
0
0
0
0
0
0
0
0
0
0
0
0
2.34116351259e-32
7.35545908131e-31
6.75025311538e-30
4.09367527244e-29
0
0
0
0
0
0
0
0
0
0
0
0
0
0
0
0
0
0
0
0
0
0
0
0
0
0
0
0
0
0
0
0
0
0
0
0
0
0
0
0
0
0
0
0
0
0
0
0
0
0
0
0
0
0
0
0
0
0
0
0
0
3.25596298216e-34
7.16042720479e-33
5.01542402385e-32
200
200
200
200
200
200
200
200
200
200
200
4.52840070044e-35
4.52840070044e-35
0
0
0
0
0
0
0
0
0
0
0
0
0
0
0
7.39621571272e-32
1.22351258611e-30
1.0168065665e-29
1.05713055057e-28
0
0
0
0
0
0
0
0
0
0
0
0
0
0
0
0
0
0
0
0
0
0
0
0
0
0
0
0
0
0
0
0
0
0
0
0
0
0
0
0
0
0
0
0
0
0
0
0
0
0
0
0
0
0
0
0
0
0
0
0
0
0
3.09352143017e-33
1.66417701956e-32
200
200
200
200
200
200
200
200
200
200
200
4.52840070044e-35
4.52840070044e-35
4.52840070044e-35
0
0
0
0
0
0
0
0
0
0
0
0
0
0
1.87628063246e-31
1.94405410633e-30
1.38513417618e-29
3.43204959959e-28
0
0
0
0
0
0
0
0
0
0
0
0
0
0
0
0
0
0
0
0
0
0
0
0
0
0
0
0
0
0
0
0
0
0
0
0
0
0
0
0
0
0
0
0
0
0
0
0
0
0
0
0
0
0
0
0
0
0
0
0
0
0
0
1.5703834648e-32
200
200
200
200
200
200
200
200
200
200
0
4.0755606304e-35
4.52840070044e-35
4.52840070044e-35
4.52840070044e-35
0
0
0
0
0
0
0
0
0
0
0
0
2.02646775772e-33
3.42995635699e-31
3.50746579951e-30
1.75315645724e-29
6.19950322906e-28
0
0
0
0
0
0
0
0
0
0
0
0
0
0
0
0
0
0
0
0
0
0
0
0
0
0
0
0
0
0
0
0
0
0
0
0
0
0
0
0
0
0
0
0
0
0
0
0
0
0
0
0
0
0
0
0
0
0
0
0
0
0
0
1.43551837343e-32
200
200
200
200
200
200
200
200
200
200
0
0
4.0755606304e-35
4.52840070044e-35
4.52840070044e-35
0
0
0
0
0
0
0
0
0
0
0
0
5.99799073692e-32
5.8204207092e-31
4.51440589047e-30
1.90605132463e-29
1.02875578984e-27
0
0
0
0
0
0
0
0
0
0
0
0
0
0
0
0
0
0
0
0
0
0
0
0
0
0
0
0
0
0
0
0
0
0
0
0
0
0
0
0
0
0
0
0
0
0
0
0
0
0
0
0
0
0
0
0
0
0
0
0
0
0
0
0
200
200
200
200
200
200
200
200
200
0
0
0
0
4.52840070044e-35
4.52840070044e-35
4.52840070044e-35
0
0
0
0
0
0
0
0
0
0
0
1.22698951907e-31
1.22715605618e-30
5.98639140844e-30
3.9799419124e-29
1.44216343062e-27
0
0
0
0
0
0
0
0
0
0
0
0
0
0
0
0
0
0
0
0
0
0
0
0
0
0
0
0
0
0
0
0
0
0
0
0
0
0
0
0
0
0
0
0
0
0
0
0
0
0
0
0
0
0
0
0
0
0
0
0
0
0
0
0
200
200
200
200
200
200
200
200
0
0
0
0
0
0
4.52840070044e-35
4.52840070044e-35
0
0
0
0
0
0
0
0
0
0
3.17237787588e-32
2.31110539674e-31
1.41146382634e-30
5.71961358854e-30
8.84216021917e-29
2.23522806494e-27
0
0
0
0
0
0
0
0
0
0
0
0
0
0
0
0
0
0
0
0
0
0
0
0
0
0
0
0
0
0
0
0
0
0
0
0
0
0
0
0
0
0
0
0
0
0
0
0
0
0
0
0
0
0
0
0
0
0
0
0
0
0
0
0
200
200
200
200
200
200
200
0
0
0
0
0
0
0
0
4.52840070044e-35
0
0
0
0
0
0
0
0
0
0
8.90090552055e-32
4.73856338266e-31
1.64307140917e-30
3.99620752748e-30
1.04374754541e-28
3.33212445237e-27
0
0
0
0
0
0
0
0
0
0
0
0
0
0
0
0
0
0
0
0
0
0
0
0
0
0
0
0
0
0
0
0
0
0
0
0
0
0
0
0
0
0
0
0
0
0
0
0
0
0
0
0
0
0
0
0
0
0
0
0
0
0
0
6.29858005009
200
200
200
200
200
200
0
0
0
0
0
0
0
0
0
0
0
0
0
0
0
0
0
0
0
3.51248094604e-32
1.30921332218e-31
5.26308946992e-31
9.7426921473e-31
8.95279760302e-30
1.59795899627e-28
4.72057392869e-27
0
0
0
0
0
0
0
0
0
0
0
0
0
0
0
0
0
0
0
0
0
0
0
0
0
0
0
0
0
0
0
0
0
0
0
0
0
0
0
0
0
0
0
0
0
0
0
0
0
0
0
0
0
0
0
0
0
0
0
0
0
0
0
200
200
200
200
200
200
0
0
0
0
0
0
0
0
0
0
0
0
0
0
0
0
0
0
0
0
9.67847323329e-32
3.60208609815e-31
6.05081242606e-31
1.73079771639e-31
8.68495400156e-30
2.71012579582e-28
5.0849813044e-27
0
0
0
0
0
0
0
0
0
0
0
0
0
0
0
0
0
0
0
0
0
0
0
0
0
0
0
0
0
0
0
0
0
0
0
0
0
0
0
0
0
0
0
0
0
0
0
0
0
0
0
0
0
0
0
0
0
0
0
0
0
0
0
200
200
200
200
0
0
0
0
0
0
0
0
0
0
0
0
0
0
0
0
0
0
0
0
0
5.46516107523e-32
2.01007639825e-31
6.53683859793e-31
1.10464731145e-30
7.23385728083e-32
2.23327745921e-30
4.53048244122e-28
4.68967170284e-27
0
0
0
0
0
0
0
0
0
0
0
0
0
0
0
0
0
0
0
0
0
0
0
0
0
0
0
0
0
0
0
0
0
0
0
0
0
0
0
0
0
0
0
0
0
0
0
0
0
0
0
0
0
0
0
0
0
0
0
0
0
0
0
200
0
0
0
0
0
0
0
0
0
0
0
0
0
0
0
0
0
0
0
0
0
0
0
3.65505377403e-32
9.48418675374e-32
2.58790790041e-31
6.18774122597e-31
7.00575880482e-31
2.18353510967e-30
8.77218646643e-30
2.29290204032e-28
2.53074388229e-27
0
0
0
0
0
0
0
0
0
0
0
0
0
0
0
0
0
0
0
0
0
0
0
0
0
0
0
0
0
0
0
0
0
0
0
0
0
0
0
0
0
0
0
0
0
0
0
0
0
0
0
0
0
0
0
0
0
0
0
0
0
0
0
0
0
0
0
0
0
0
0
0
0
0
0
0
0
0
0
0
0
0
0
0
0
0
2.46648119673e-32
1.21734762654e-31
1.88380025579e-31
2.63527984611e-31
2.74124294716e-31
1.28340618842e-29
1.59696896232e-29
2.98382701827e-29
1.71114983751e-28
4.04817657218e-27
1.04604083483e-35
0
0
0
0
0
0
0
0
0
0
0
0
0
0
0
0
0
0
0
0
0
0
0
0
0
0
0
0
0
0
0
0
0
0
0
0
0
0
0
0
0
0
0
0
0
0
0
0
0
0
0
0
0
0
0
0
0
0
0
0
0
0
0
0
0
0
0
0
0
0
0
0
0
0
0
0
0
0
0
0
0
0
0
0
2.1924683672e-32
1.3329158969e-31
2.0088943176e-31
2.1924804156e-31
4.36229268167e-31
3.18220301788e-30
3.55345698043e-30
5.36139487707e-30
1.26192798126e-29
7.40223097131e-29
2.36499530057e-27
200
200
2.51885818437e-35
0
0
0
0
0
0
0
0
0
0
0
0
0
0
0
0
0
0
0
0
0
0
0
0
0
0
0
0
0
0
0
0
0
0
0
0
0
0
0
0
0
0
0
0
0
0
0
0
0
0
0
0
0
0
0
0
0
0
0
0
0
0
0
0
0
0
0
0
0
0
0
0
0
0
0
0
0
0
0
0
0
3.48044850923e-32
1.48698286574e-31
1.47423844505e-31
2.73240406369e-31
1.32240682217e-30
1.17631949691e-30
1.27123295828e-30
2.02055024591e-30
3.55407067956e-30
8.64030069773e-30
4.8347975202e-29
2.17166600623e-27
200
200
200
200
200
0
0
0
0
0
0
0
0
0
0
0
0
0
0
0
0
0
0
0
0
0
0
0
0
0
0
0
0
0
0
0
0
0
0
0
0
0
0
0
0
0
0
0
0
0
0
0
0
0
0
0
0
0
0
0
0
0
0
0
0
0
0
0
0
0
0
0
0
0
0
0
0
0
0
1.5150575183e-34
1.68339724255e-34
1.06221744825e-34
1.69385139236e-32
1.17223212168e-31
1.52534245461e-31
1.48869328087e-31
7.70538020795e-31
7.35288128317e-31
7.48737910887e-31
8.70532659886e-31
1.10493865261e-30
1.4808845456e-30
2.0817108907e-30
3.7570809328e-30
1.8871910733e-29
1.53968575121e-27
200
200
200
200
200
38.9094988513
1.72224841824e-34
0
0
0
0
0
0
0
0
0
0
0
0
0
0
0
0
0
0
0
0
0
0
0
0
0
0
0
0
0
0
0
0
0
0
0
0
0
0
0
0
0
0
0
0
0
0
0
0
0
0
0
0
0
0
0
0
0
0
0
0
0
0
0
0
0
0
6.55082229867e-32
8.35373215027e-32
5.49236155651e-31
8.38212147587e-31
1.860827621e-30
2.45515787404e-30
2.83289358077e-30
3.03975770697e-30
2.07574873974e-30
3.88491804353e-31
1.32045641169e-31
7.4121825672e-31
5.46092824914e-31
5.18362397097e-31
5.82067777525e-31
6.85236030277e-31
7.98741570865e-31
9.54688183992e-31
1.18640530142e-30
1.49680415727e-30
2.0475710531e-30
4.41328772549e-30
9.14933457392e-28
200
200
200
200
2.04538636814e-24
1.26207724588e-28
9.34283121191e-28
2.63869033087e-28
4.57249781362e-35
0
0
0
0
0
0
0
0
0
0
0
0
0
0
0
0
0
0
0
0
0
0
0
0
0
0
0
0
0
0
0
0
0
0
0
0
0
0
0
0
0
0
0
0
0
0
0
0
0
0
0
0
0
0
0
0
0
0
0
0
0
0
7.11387473947e-31
3.76513258086e-30
7.6803442211e-30
1.1744092299e-29
1.40019972055e-29
1.50703819737e-29
1.68451336593e-29
1.50390801041e-29
1.34982327598e-29
9.49825177479e-30
3.70908278868e-30
1.53880485469e-30
6.8194505422e-31
4.67736646034e-31
4.66968601623e-31
5.15403329522e-31
5.71307584213e-31
6.4454560419e-31
7.33418625921e-31
8.46512029161e-31
9.95522150766e-31
1.18230562344e-30
1.44040353878e-30
1.98428791141e-30
4.32007688891e-28
200
200
200
1.34197799614e-24
1.95335405159e-27
2.13733956385e-28
3.31761123753e-29
2.2670349605e-31
4.74033519639e-31
4.9339278682e-33
0
0
0
0
0
0
0
0
0
0
0
0
0
0
0
0
0
0
0
0
0
0
0
0
0
0
0
0
0
0
0
0
0
0
0
0
0
0
0
0
0
0
0
0
0
0
0
0
0
0
0
0
0
0
0
0
0
0
0
0
0
3.45666417041e-30
9.99738608127e-30
1.0812814879e-29
1.1200475803e-29
1.21695680921e-29
1.3025427478e-29
1.38371615984e-29
1.4109717596e-29
1.34394798215e-29
1.20501810469e-29
9.65826049945e-30
2.06117524747e-30
7.92396814018e-31
5.90052393468e-31
5.32267363383e-31
5.38798510628e-31
5.71040444921e-31
6.24099416952e-31
6.9129970644e-31
7.74968967324e-31
8.76976425617e-31
9.99955414429e-31
1.14931280615e-30
1.37227521071e-30
1.73754965454e-28
200
51.7407684725
5.19909771464e-25
3.30802228929e-27
3.07268105059e-28
1.06748860581e-29
5.85318094797e-31
1.48708099982e-31
8.77621054563e-32
2.03974952612e-31
2.79820525669e-31
2.06047263426e-34
0
0
0
0
0
0
0
0
0
0
0
0
0
0
0
0
0
0
0
0
0
0
0
0
0
0
0
0
0
0
0
0
0
0
0
0
0
0
0
0
0
0
0
0
0
0
0
0
0
0
0
0
0
0
0
0
0
0
0
7.92895348747e-30
1.15915547376e-29
1.21020900544e-29
1.24968009316e-29
1.31127314987e-29
1.36536704301e-29
1.4248028217e-29
1.46425870283e-29
1.51752211897e-29
1.53707320633e-29
1.43005517849e-29
6.36988650195e-30
1.29818811136e-30
7.78249848082e-31
6.19753286286e-31
5.8280216752e-31
5.90259561612e-31
6.20498695298e-31
6.68500365362e-31
7.3067973688e-31
8.03469603714e-31
8.88830491954e-31
9.84709063504e-31
1.11159132339e-30
6.45767391925e-29
1.09832282187e-23
1.92817352299e-25
4.53775349983e-27
3.61960415203e-28
2.24287531591e-29
8.21546555215e-31
2.03351187073e-31
1.17483537696e-31
9.75353206223e-32
1.20401186536e-31
9.74864503647e-32
1.65159377964e-31
2.44792978192e-33
0
0
0
0
0
0
0
0
0
0
0
0
0
0
0
0
0
0
0
0
0
0
0
0
0
0
0
0
0
0
0
0
0
0
0
0
0
0
0
0
0
0
0
0
0
0
0
0
0
0
0
0
0
0
0
0
0
0
7.20447504178e-30
1.27274546616e-29
1.28805985749e-29
1.37824368115e-29
1.42699854128e-29
1.45928374696e-29
1.50090913786e-29
1.54377940071e-29
1.61004555709e-29
1.72327664414e-29
1.81058752858e-29
1.17734849634e-29
2.04124506732e-30
9.98006320754e-31
7.36885725689e-31
6.47643604523e-31
6.25850075831e-31
6.34876492853e-31
6.65080445956e-31
7.08242330543e-31
7.61476157129e-31
8.2323075857e-31
8.89220147759e-31
9.71976858341e-31
1.91742492858e-29
5.59712878076e-26
4.89335918881e-27
4.65712407274e-28
3.57503257263e-29
1.06201919108e-30
1.83013049294e-31
1.15957315133e-31
8.77817885601e-32
7.89858949107e-32
7.89755353824e-32
7.29140638084e-32
6.38962002697e-32
1.48625896216e-31
3.93669742206e-32
0
0
0
0
0
0
0
0
0
0
0
0
0
0
0
0
0
0
0
0
0
0
0
0
0
0
0
0
0
0
0
0
0
0
0
0
0
0
0
0
0
0
0
0
0
0
0
0
0
0
0
0
0
0
0
0
0
0
1.94326951785e-29
1.50887924993e-29
1.59153744171e-29
1.61327876879e-29
1.61434024758e-29
1.6361310732e-29
1.66369460741e-29
1.73132483854e-29
1.81180818976e-29
1.96931374657e-29
1.70617824876e-29
4.37903448531e-30
1.3008937563e-30
8.74740088793e-31
7.28034217755e-31
6.75953400119e-31
6.65140543611e-31
6.77198731988e-31
7.08521022315e-31
7.48068063677e-31
7.93703534603e-31
8.4082178403e-31
200
200
5.87587387185e-27
5.83012843351e-28
5.26499411899e-29
3.69310895092e-31
1.4311025508e-31
9.85912429417e-32
7.90036097041e-32
7.10873054196e-32
6.39608600843e-32
6.3950500556e-32
6.39262004279e-32
7.10291115865e-32
1.00223596166e-31
2.43850285708e-31
1.24623232381e-31
0
0
0
0
0
0
0
0
0
0
0
0
0
0
0
0
0
0
0
0
0
0
0
0
0
0
0
0
0
0
0
0
0
0
0
0
0
0
0
0
0
0
0
0
0
0
0
0
0
0
0
0
0
0
0
0
0
3.25501033197e-29
2.09375875134e-29
2.00877956648e-29
1.9097201863e-29
1.84342146146e-29
1.81753172823e-29
1.83139080852e-29
1.8571312738e-29
1.92354623636e-29
2.02210664314e-29
2.16040852413e-29
8.08494058387e-30
1.70460229773e-30
1.03683094346e-30
8.24359967221e-31
7.38631216459e-31
7.05104842361e-31
7.05815308263e-31
7.22004266153e-31
7.5086190284e-31
200
200
200
200
9.61557437286e-28
6.77351997213e-29
1.34484109854e-31
1.05483834181e-31
8.4418140246e-32
7.10184687697e-32
6.05905304407e-32
5.68642023477e-32
5.17999054503e-32
5.17905818749e-32
5.57625105079e-32
6.32071890707e-32
8.34742620868e-32
1.87702193231e-31
4.60453221317e-30
5.85377704862e-31
0
0
0
0
0
0
0
0
0
0
0
0
0
0
0
0
0
0
0
0
0
0
0
0
0
0
0
0
0
0
0
0
0
0
0
0
0
0
0
0
0
0
0
0
0
0
0
0
0
0
0
0
0
0
0
0
3.46483486547e-29
2.84767390479e-29
2.50733301457e-29
2.29994512168e-29
2.13708548023e-29
2.06475310027e-29
2.01951586774e-29
2.01003413973e-29
2.04138604591e-29
2.10722381052e-29
2.43033107935e-29
1.17837956965e-29
2.17322331006e-30
1.21582424165e-30
9.31997332191e-31
8.11850894283e-31
7.61995468385e-31
7.4691060523e-31
200
200
200
200
200
200
9.4351755566e-29
8.40076789706e-32
7.5781695197e-32
6.66461443003e-32
5.77222497389e-32
5.18138021463e-32
4.66199149053e-32
4.52321875425e-32
4.25309877664e-32
4.32856004852e-32
4.65918405836e-32
5.17559222185e-32
7.0987945716e-32
1.15253244739e-27
4.10562274692e-28
1.28966627059e-28
1.00287622191e-30
0
0
0
0
0
0
0
0
0
0
0
0
0
0
0
0
0
0
0
0
0
0
0
0
0
0
0
0
0
0
0
0
0
0
0
0
0
0
0
0
0
0
0
0
0
0
0
0
0
0
0
0
0
0
0
3.65253286322e-29
3.5230614997e-29
3.02688963737e-29
2.73533937077e-29
2.52394868852e-29
2.35155069198e-29
2.23788193739e-29
2.17775265445e-29
2.16274127123e-29
2.18640484509e-29
2.44233583917e-29
1.36234543678e-29
2.60725092822e-30
1.40438582769e-30
1.04898531055e-30
8.96844363435e-31
200
200
200
200
200
200
200
200
5.78013984363e-32
5.54026325775e-32
5.20975115242e-32
4.80014659395e-32
4.41710459604e-32
4.13729581996e-32
3.77477820906e-32
3.74310449171e-32
3.61127838742e-32
3.70108714746e-32
3.7719707769e-32
4.27340073379e-32
1.81845035079e-22
7.79880695957e-22
1.1314301374e-23
8.33611920561e-26
3.29983630919e-27
2.75459496103e-31
0
0
0
0
0
0
0
0
0
0
0
0
0
0
0
0
0
0
0
0
0
0
0
0
0
0
0
0
0
0
0
0
0
0
0
0
0
0
0
0
0
0
0
0
0
0
0
0
0
0
0
0
0
0
3.14880576343e-29
4.10232552095e-29
3.47463850013e-29
3.14743067815e-29
2.89865491765e-29
2.65674579539e-29
2.4740430675e-29
2.34431925097e-29
2.26878417602e-29
2.2359505102e-29
2.42112928795e-29
1.31890613495e-29
200
200
200
200
200
200
200
200
200
200
200
200
4.22007786701e-32
4.09201869418e-32
3.93327373084e-32
3.75498864307e-32
3.50767771023e-32
3.37074725259e-32
3.1323939197e-32
3.05529632929e-32
3.05529632929e-32
3.05436397174e-32
3.17661240087e-32
6.66927432128e-17
200
200
200
3.69559393216e-20
1.7563739305e-24
1.78520573743e-26
4.49542795328e-32
0
0
0
0
0
0
0
0
0
0
0
0
0
0
0
0
0
0
0
0
0
0
0
0
0
0
0
0
0
0
0
0
0
0
0
0
0
0
0
0
0
0
0
0
0
0
0
0
0
0
0
0
0
2.23191719337e-29
4.48660065633e-29
200
200
200
200
200
200
200
200
200
200
200
200
200
200
200
200
200
200
200
200
200
200
3.31991102583e-32
3.27062219128e-32
3.17806743752e-32
3.05793670153e-32
2.92559794639e-32
2.75031724417e-32
2.68920974138e-32
2.57098759461e-32
2.5081481807e-32
2.54438623087e-32
2.72731582772e-32
200
200
200
200
200
200
3.17025327089e-23
1.4460166333e-26
1.16885937348e-34
0
0
0
0
0
0
0
0
0
0
0
0
0
0
0
0
0
0
0
0
0
0
0
0
0
0
0
0
0
0
0
0
0
0
0
0
0
0
0
0
0
0
0
0
0
0
0
0
0
0
0
0
200
200
200
200
200
200
200
200
200
200
200
200
200
200
200
200
200
200
200
200
200
200
200
200
2.79372575179e-32
2.7117806321e-32
2.65869594779e-32
2.57698829765e-32
2.45775874224e-32
2.35683805471e-32
2.24603827829e-32
2.19628604536e-32
2.16032759804e-32
2.18110400388e-32
2.22503700399e-32
2.47319569532e-32
200
200
200
200
200
200
2.56690024575e-23
3.02580760242e-28
0
0
0
0
0
0
0
0
0
0
0
0
0
0
0
0
0
0
0
0
0
0
0
0
0
0
0
0
0
0
0
0
0
0
0
0
0
0
0
0
0
0
0
0
0
0
0
0
0
0
0
200
200
200
200
200
200
200
200
200
200
200
200
200
200
200
200
200
200
200
200
200
200
200
200
200
2.35593117254e-32
2.32355511091e-32
2.24783632318e-32
2.15302277615e-32
2.08911516121e-32
1.96503611928e-32
1.90406369583e-32
1.84556465376e-32
1.80683143249e-32
1.80944470163e-32
1.8799239485e-32
2.05333437785e-32
2.58234604026e-32
200
200
200
200
200
200
1.46652675181e-24
1.91078955284e-28
0
0
0
0
0
0
0
0
0
0
0
0
0
0
0
0
0
0
0
0
0
0
0
0
0
0
0
0
0
0
0
0
0
0
0
0
0
0
0
0
0
0
0
0
0
0
0
0
0
200
200
200
200
200
200
200
200
200
200
200
200
200
200
200
200
200
200
200
200
200
200
200
200
200
200
1.98018904229e-32
1.92190913609e-32
1.88538330572e-32
1.82031151307e-32
1.73388472779e-32
1.68963382123e-32
1.6057548845e-32
1.56036199905e-32
1.53603094111e-32
1.53403490308e-32
1.56940909505e-32
1.68777580079e-32
2.02562398982e-32
2.56200590423e-30
200
200
200
200
200
2.34003377537e-17
7.28820758358e-26
3.39366170125e-31
0
0
0
0
0
0
0
0
0
0
0
0
0
0
0
0
0
0
0
0
0
0
0
0
0
0
0
0
0
0
0
0
0
0
0
0
0
0
0
0
0
0
0
0
0
0
0
0
200
200
200
200
200
200
200
200
200
200
200
200
200
200
200
200
200
200
200
200
200
200
200
200
200
200
1.66233925502e-32
1.63097777858e-32
1.59754962141e-32
1.54740883946e-32
1.500109868e-32
1.43327918127e-32
1.39040922361e-32
1.35804097788e-32
1.32712573604e-32
1.30981859633e-32
1.33389994537e-32
1.39105540537e-32
1.57578165266e-32
8.60251024903e-31
3.47220749728e-29
200
200
200
200
200
5.60164201862e-23
1.61824424119e-28
3.05539038731e-32
0
0
0
0
0
0
0
0
0
0
0
0
0
0
0
0
0
0
0
0
0
0
0
0
0
0
0
0
0
0
0
0
0
0
0
0
0
0
0
0
0
0
0
0
0
0
200
200
200
200
200
200
200
200
200
200
200
200
200
200
200
200
200
200
200
200
200
200
200
200
200
200
200
1.45999520654e-32
1.42859545369e-32
1.39429539262e-32
1.3579698175e-32
1.31429597948e-32
1.26079588539e-32
1.23558482892e-32
1.19383442992e-32
1.15232778323e-32
1.13970812178e-32
1.13986143804e-32
1.16586339225e-32
1.26372052756e-32
2.42249873475e-32
1.67142404599e-29
3.09127417122e-29
200
200
200
200
5.61278290517e-15
2.1483070415e-28
2.19938699905e-28
0
0
0
0
0
0
0
0
0
0
0
0
0
0
0
0
0
0
0
0
0
0
0
0
0
0
0
0
0
0
0
0
0
0
0
0
0
0
0
0
0
0
0
0
0
0
200
200
200
200
200
200
200
200
200
200
200
200
200
200
200
200
200
200
200
200
200
200
200
200
200
200
200
1.31509718574e-32
1.28668039314e-32
1.25808331085e-32
1.22350188363e-32
1.18780119695e-32
1.14193177108e-32
1.11350368844e-32
1.06544215077e-32
1.02382505973e-32
1.00630815087e-32
9.96600334657e-33
1.00407734481e-32
1.04904685342e-32
1.25540194307e-32
4.29916445163e-30
4.38522159235e-29
2.75998856499e-29
4.00899529543e-29
200
200
200
1.65534524969e-28
3.30959830714e-28
2.23643619794e-28
0
0
0
0
0
0
0
0
0
0
0
0
0
0
0
0
0
0
0
0
0
0
0
0
0
0
0
0
0
0
0
0
0
0
0
0
0
0
0
0
0
0
0
0
200
200
200
200
200
200
200
200
200
200
200
200
200
200
200
200
200
200
200
200
200
200
200
200
200
200
200
200
1.21629924353e-32
1.18584461881e-32
1.16407471317e-32
1.12804430804e-32
1.0879603449e-32
1.05105776989e-32
1.0051416086e-32
9.60900767277e-33
9.15300229184e-33
8.92820771896e-33
8.66149915803e-33
8.56183168194e-33
8.84121448547e-33
9.72086313379e-33
7.61338165453e-31
2.21402765681e-29
2.63984242212e-29
4.03573257713e-29
5.88125473584e-29
7.85815326528e-29
1.18302816317e-28
1.62048613819e-28
2.58529525301e-28
5.85422098033e-28
3.0634491541e-27
0
0
0
0
0
0
0
0
0
0
0
0
0
0
0
0
0
0
0
0
0
0
0
0
0
0
0
0
0
0
0
0
0
0
0
0
0
0
0
0
0
0
0
200
200
200
200
200
200
200
200
200
200
200
200
200
200
200
200
200
200
200
200
200
200
200
200
200
200
200
200
1.14565572887e-32
1.1135706693e-32
1.08938814053e-32
1.05572264358e-32
1.01345049381e-32
9.69806069102e-33
9.19548742561e-33
8.69568300701e-33
8.2091849252e-33
7.8361024733e-33
7.48734055674e-33
7.3277977372e-33
7.3143035542e-33
7.67149005322e-33
1.02143234917e-32
4.16808361554e-30
2.43237605211e-29
3.19461610168e-29
6.66177315146e-29
1.00767407499e-28
1.51143427045e-28
2.05503363291e-28
3.15888627052e-28
7.90043174747e-28
2.24944639051e-27
1.59762429667e-28
0
0
0
0
0
0
0
0
0
0
0
0
0
0
0
0
0
0
0
0
0
0
0
0
0
0
0
0
0
0
0
0
0
0
0
0
0
0
0
0
0
0
200
200
200
200
200
200
200
200
200
200
200
200
200
200
200
200
200
200
200
200
200
200
200
200
200
200
200
200
1.10326950266e-32
1.06256401199e-32
1.03588870754e-32
1.00018417885e-32
9.47868994107e-33
9.00714674981e-33
8.45098518577e-33
7.88088010617e-33
7.38062805784e-33
6.93243632088e-33
6.55954768106e-33
6.27495701046e-33
6.0568584427e-33
6.06764224565e-33
6.60154133622e-33
3.58549025397e-31
6.95249092621e-30
1.59092001966e-29
3.58809944981e-29
6.80727526258e-29
1.3268867667e-28
2.30907575814e-28
4.17832688671e-28
5.38324617327e-28
5.55877684516e-28
1.38927943627e-27
0
0
0
0
0
0
0
0
0
0
0
0
0
0
0
0
0
0
0
0
0
0
0
0
0
0
0
0
0
0
0
0
0
0
0
0
0
0
0
0
0
0
200
200
200
200
200
200
200
200
200
200
200
200
200
200
200
200
200
200
200
200
200
200
200
200
200
200
200
200
1.09045495081e-32
1.03746288493e-32
1.00331894749e-32
9.58298015895e-33
9.03780402098e-33
8.44217986091e-33
7.82870973398e-33
7.24792563213e-33
6.68765199911e-33
6.20721097688e-33
5.82336936518e-33
5.481899975e-33
5.27027394576e-33
5.08429503579e-33
5.08561352428e-33
5.75131425975e-33
9.41546564078e-31
4.6253321383e-30
1.04039100093e-29
2.38171028332e-29
4.56075999642e-29
9.39742726774e-29
1.76317782717e-28
2.89635275847e-28
3.61960380841e-28
5.69456632525e-28
3.67312480384e-27
6.60321653593e-21
0
0
0
0
0
0
0
0
0
0
0
0
0
0
0
0
0
0
0
0
0
0
0
0
0
0
0
0
0
0
0
0
0
0
0
0
0
0
0
200
200
200
200
200
200
200
200
200
200
200
200
200
200
200
200
200
200
200
200
200
200
200
200
200
200
200
200
200
1.12301353556e-32
1.04329431377e-32
9.9678723697e-33
9.427267037e-33
8.73054494778e-33
8.0574704506e-33
7.38407903658e-33
6.72935494792e-33
6.16813739227e-33
5.65806654078e-33
5.24642327314e-33
4.93082907539e-33
4.63106086118e-33
4.34883994171e-33
4.23045982609e-33
4.23926755563e-33
8.17983911728e-33
7.87252437428e-31
2.01694662102e-30
4.62572148829e-30
9.92137411332e-30
2.10478349767e-29
4.27101574282e-29
9.01701185419e-29
1.69439751537e-28
3.5472465058e-28
4.59328189018e-21
101.215657566
0
0
0
0
0
0
0
0
0
0
0
0
0
0
0
0
0
0
0
0
0
0
0
0
0
0
0
0
0
0
0
0
0
0
0
0
0
0
0
200
200
200
200
200
200
200
200
200
200
200
200
200
200
200
200
200
200
200
200
200
200
200
200
200
200
200
200
200
200
1.10983890419e-32
1.02905570484e-32
9.42424252062e-33
8.61364666944e-33
7.80952770582e-33
7.07657891684e-33
6.39388552555e-33
5.80977801198e-33
5.2867359969e-33
4.88090653251e-33
4.48004546962e-33
4.13494963951e-33
3.82410749646e-33
3.50781140433e-33
3.33674571386e-33
3.35360818913e-33
4.62612056564e-32
3.93069792538e-31
8.16468319256e-31
1.5808817467e-30
2.81042014171e-30
5.35003012515e-30
1.3809465766e-29
5.68117755187e-29
1.62297267007e-26
1.58548469794e-20
1.55811656419e-28
64.5101616783
0
0
0
0
0
0
0
0
0
0
0
0
0
0
0
0
0
0
0
0
0
0
0
0
0
0
0
0
0
0
0
0
0
0
0
0
0
0
200
200
200
200
200
200
200
200
200
200
200
200
200
200
200
200
200
200
200
200
200
200
200
200
200
200
200
200
200
2.67101471666e-18
1.29348496028e-32
1.13107201394e-32
9.87667158352e-33
8.72870253244e-33
7.73698710864e-33
6.87897152164e-33
6.14256065314e-33
5.4763597036e-33
5.0114121306e-33
4.54592679326e-33
4.13510977e-33
3.72703406999e-33
3.33494330033e-33
2.97101792362e-33
2.67325778625e-33
2.4798852457e-33
2.54509053939e-33
4.18226669101e-32
1.31138463486e-31
2.40452618042e-31
3.98754671857e-31
5.80011693439e-31
8.02963077245e-31
1.44092995084e-30
6.95528487847e-30
4.88954258242e-29
5.94442726585e-30
200
0
0
0
0
0
0
0
0
0
0
0
0
0
0
0
0
0
0
0
0
0
0
0
0
0
0
0
0
0
0
0
0
0
0
0
0
0
200
200
200
200
200
200
200
200
200
200
200
200
200
200
200
200
200
200
200
200
200
200
200
200
200
200
200
200
200
200
6.22910379858e-27
1.84076065837e-32
1.38524362898e-32
1.09321455975e-32
9.09859871514e-33
7.79678746792e-33
6.80432122678e-33
5.96286351798e-33
5.32888079152e-33
4.77688061814e-33
4.30732227989e-33
3.87230445391e-33
3.42796381427e-33
2.98057686085e-33
2.58200022029e-33
2.25730944746e-33
1.97912993323e-33
1.77494051404e-33
2.28416717635e-33
1.47029940051e-32
2.7287531881e-32
4.73075918821e-32
6.828635133e-32
6.359984157e-32
4.5455362281e-32
1.3526831809e-32
1.18163042573e-32
5.14510538278e-33
8.01176440908e-32
200
0
0
0
0
0
0
0
0
0
0
0
0
0
0
0
0
0
0
0
0
0
0
0
0
0
0
0
0
0
0
0
0
0
0
0
0
200
200
200
200
200
200
200
200
200
200
200
200
200
200
200
200
200
200
200
200
200
200
200
200
200
200
200
200
200
200
4.61111847927e-26
5.56347009345e-24
174.480333645
1.28955330047e-32
9.7005151146e-33
7.97968821108e-33
6.78795186443e-33
5.87713855715e-33
5.21704616792e-33
4.65928560863e-33
4.14067313397e-33
3.69132882809e-33
3.2334630459e-33
2.77657444394e-33
2.37127823939e-33
2.0029016279e-33
1.5868687952e-33
1.02749284827e-33
1.11431959525e-33
1.97961226467e-33
3.6341961081e-33
5.10193982725e-33
4.88081822747e-33
2.78384445653e-33
3.625882663e-33
5.06986075758e-33
8.61262360361e-33
1.46133876288e-32
9.75563576658e-32
1.3570426722e-30
0
0
0
0
0
0
0
0
0
0
0
0
0
0
0
0
0
0
0
0
0
0
0
0
0
0
0
0
0
0
0
0
0
0
0
1.04604083483e-35
200
200
200
200
200
200
200
200
200
200
200
200
200
200
200
200
200
200
200
200
200
200
200
200
200
200
200
200
200
200
1.67502172155e-25
5.42482671647e-27
6.04049512924e-21
200
3.44841977322e-16
8.19444907646e-33
6.76677472409e-33
5.82358283726e-33
5.14223029094e-33
4.56702990838e-33
4.06768962295e-33
3.59214729897e-33
3.09413805989e-33
2.63996712834e-33
2.20101314505e-33
1.73728951486e-33
1.23340812161e-33
6.59263634727e-34
1.16885023728e-34
2.08843035313e-34
2.44059350386e-34
2.77071391492e-34
6.19650935686e-34
8.9984427081e-34
1.48400313844e-33
3.09042195169e-33
7.74734774973e-33
2.97100576329e-32
1.6529468255e-31
1.48761200802e-31
4.95493027025e-36
0
0
0
0
0
0
0
0
0
0
0
0
0
0
0
0
0
0
0
0
0
0
0
0
0
0
0
0
0
0
0
0
0
0
200
200
200
200
200
200
200
200
200
200
200
200
200
200
200
200
200
200
200
200
200
200
200
200
200
200
200
200
200
200
200
1.33151492186e-25
1.41439131177e-25
1.45826055848e-25
2.83052043282e-25
5.92059279515e-20
200
200
6.04571351726e-33
5.21352226541e-33
4.60050633416e-33
4.06644466059e-33
3.5764799982e-33
3.00924039946e-33
2.57574584225e-33
2.12478959641e-33
1.75153512087e-33
1.29528051188e-33
6.20899687318e-34
1.16885023728e-34
1.88707754835e-34
2.38553872308e-34
2.71565913414e-34
3.42798471094e-34
8.03062957213e-34
1.13273793181e-33
2.40767314173e-33
6.97261297476e-33
1.46174011223e-32
2.75370664832e-32
1.12872443829e-33
8.02942460189e-31
0
0
0
0
0
0
0
0
0
0
0
0
0
0
0
0
0
0
0
0
0
0
0
0
0
0
0
0
0
0
0
0
0
0
200
200
200
200
200
200
200
200
200
200
200
200
200
200
200
200
200
200
200
200
200
200
200
200
200
200
200
200
200
200
199.973539336
)
;

boundaryField
{
    frontAndBack
    {
        type            empty;
    }
    leftWall
    {
        type            calculated;
        value           uniform 0;
    }
    outlet
    {
        type            calculated;
        value           uniform 0;
    }
    rightWall
    {
        type            calculated;
        value           uniform 0;
    }
    inlet
    {
        type            calculated;
        value           uniform 7.40602433742e-30;
    }
}


// ************************************************************************* //
