/*--------------------------------*- C++ -*----------------------------------*\
| =========                 |                                                 |
| \\      /  F ield         | OpenFOAM: The Open Source CFD Toolbox           |
|  \\    /   O peration     | Version:  v1906                                 |
|   \\  /    A nd           | Web:      www.OpenFOAM.com                      |
|    \\/     M anipulation  |                                                 |
\*---------------------------------------------------------------------------*/
FoamFile
{
    version     2.0;
    format      ascii;
    class       volScalarField;
    location    "995";
    object      alpha;
}
// * * * * * * * * * * * * * * * * * * * * * * * * * * * * * * * * * * * * * //

dimensions      [0 0 -1 0 0 0 0];


internalField   nonuniform List<scalar> 
9216
(
200
200
200
200
200
200
200
200
200
200
200
200
200
200
200
200
200
200
200
200
200
200
200
200
200
200
200
200
200
200
200
200
200
200
200
200
200
200
200
200
200
200
200
200
200
200
200
200
200
200
200
200
200
200
200
200
200
200
200
200
200
200
200
200
200
200
200
200
200
200
200
200
200
200
200
200
200
200
200
200
200
200
200
200
200
184.96273188
164.940773358
140.296082852
112.785813021
88.6798213517
67.1067280041
49.8330062214
35.7994147862
23.0385247015
13.1149129312
1.59268555326
200
200
200
200
200
200
200
200
200
200
200
200
200
200
200
200
200
200
200
200
200
200
200
200
200
200
200
200
200
200
200
200
200
200
200
200
200
200
200
200
200
200
200
200
200
200
200
200
200
200
200
200
200
200
200
200
200
200
200
200
200
200
200
200
200
200
200
200
200
200
200
200
200
200
200
200
200
200
200
200
200
200
200
200
200
198.064050379
178.13606771
152.509415205
128.530830523
101.36859969
77.5838557639
61.4659934655
48.2888115427
31.5384122887
20.7996419612
15.4979376435
200
200
200
200
200
200
200
200
200
200
200
200
200
200
200
200
200
200
200
200
200
200
200
200
200
200
200
200
200
200
200
200
200
200
200
200
200
200
200
200
200
200
200
200
200
200
200
200
200
200
200
200
200
200
200
200
200
200
200
200
200
200
200
200
200
200
200
200
200
200
200
200
200
200
200
200
200
200
200
200
200
200
200
200
200
194.755922025
168.982671796
152.482260394
133.393780476
103.091779416
74.9550760542
65.2944282775
47.8789144421
36.8529772337
32.2408992305
21.9517743024
200
200
200
200
200
200
200
200
200
200
200
200
200
200
200
200
200
200
200
200
200
200
200
200
200
200
200
200
200
200
200
200
200
200
200
200
200
200
200
200
200
200
200
200
200
200
200
200
200
200
200
200
200
200
200
200
200
200
200
200
200
200
200
200
200
200
200
200
200
200
200
200
200
200
200
200
200
200
200
200
200
200
200
200
200
187.863459122
166.428293238
150.50222361
126.199400409
107.438001673
86.9269811621
63.2028655375
56.5885121937
47.268581062
41.2052445109
28.802596012
200
200
200
200
200
200
200
200
200
200
200
200
200
200
200
200
200
200
200
200
200
200
200
200
200
200
200
200
200
200
200
200
200
200
200
200
200
200
200
200
200
200
200
200
200
200
200
200
200
200
200
200
200
200
200
200
200
200
200
200
200
200
200
200
200
200
200
200
200
200
200
200
200
200
200
200
200
200
200
200
200
200
200
200
200
178.995717879
158.064171797
143.778874555
133.071829223
109.140591889
93.4951466275
72.8579950279
58.7758323476
57.4361479206
53.8429569321
41.4604806642
200
200
200
200
200
200
200
200
200
200
200
200
200
200
200
200
200
200
200
200
200
200
200
200
200
200
200
200
200
200
200
200
200
200
200
200
200
200
200
200
200
200
200
200
200
200
200
200
200
200
200
200
200
200
200
200
200
200
200
200
200
200
200
200
200
200
200
200
200
200
200
200
200
200
200
200
200
200
200
200
200
200
200
200
198.714351157
176.495117882
162.58702263
143.391590734
122.758470891
103.536329205
100.143557576
87.5868705553
69.9221407423
66.7273522232
65.8129907205
52.9768190479
200
200
200
200
200
200
200
200
200
200
200
200
200
200
200
200
200
200
200
200
200
200
200
200
200
200
200
200
200
200
200
200
200
200
200
200
200
200
200
200
200
200
200
200
200
200
200
200
200
200
200
200
200
200
200
200
200
200
200
200
200
200
200
200
200
200
200
200
200
200
200
200
200
200
200
200
200
200
200
200
200
200
200
200
193.596035427
174.304016487
157.949319859
142.578671683
122.494027527
112.976823635
98.810664897
97.0916242398
87.8738152463
77.4940026181
77.253540669
63.9778283901
200
200
200
200
200
200
200
200
200
200
200
200
200
200
200
200
200
200
200
200
200
200
200
200
200
200
200
200
200
200
200
200
200
200
200
200
200
200
200
200
200
200
200
200
200
200
200
200
200
200
200
200
200
200
200
200
200
200
200
200
200
200
200
200
200
200
200
200
200
200
200
200
200
200
200
200
200
200
200
200
200
200
200
199.999784744
189.140333614
172.501081941
153.497169059
138.431809042
125.820132291
118.580364727
109.616435042
99.9780135624
100.255001276
87.3999278541
88.0162452562
74.7943877097
200
200
200
200
200
200
200
200
200
200
200
200
200
200
200
200
200
200
200
200
200
200
200
200
200
200
200
200
200
200
200
200
200
200
200
200
200
200
200
200
200
200
200
200
200
200
200
200
200
200
200
200
200
200
200
200
200
200
200
200
200
200
200
200
200
200
200
178.529780561
117.583896619
33.7525704853
13.8902846035
13.5617121094
27.1412987803
80.9320383978
139.729462174
171.346517897
189.012728954
196.791955927
198.659785279
198.778817176
199.018818964
199.96213321
199.997829132
199.921757808
187.987824412
172.450604961
156.474922389
139.817198855
128.178229597
115.775088436
117.169019872
111.191272568
104.988711295
100.543928223
97.0354076969
84.503005249
200
200
200
200
200
200
200
200
200
200
200
200
200
200
200
200
200
200
200
200
200
200
200
200
200
200
200
200
200
200
200
200
200
200
200
200
200
200
200
200
200
200
200
200
200
200
200
200
200
200
200
200
200
200
200
200
200
200
200
200
200
200
200
16.6161737471
0.174897346752
0.0074502551594
0.000892841847042
0.00015666787964
3.94268366379e-05
1.51723887698e-05
1.10911767561e-05
1.59191235192e-05
3.67252897629e-05
0.000114871609181
0.000468695123822
0.00248190104167
0.0179083464217
0.187656954393
3.09713671683
82.4615203594
182.663302618
198.187829471
199.098421195
199.127183215
186.13632422
171.326962667
155.616522933
142.436939059
131.995086737
124.355942549
117.774532588
118.549360547
113.982108489
111.837151349
105.592507482
94.5524407062
200
200
200
200
200
200
200
200
200
200
200
200
200
200
200
200
200
200
200
200
200
200
200
200
200
200
200
200
200
200
200
200
200
200
200
200
200
200
200
200
200
200
200
200
200
200
200
200
200
200
200
200
200
200
200
200
200
200
200
200
200
0.167678993617
2.42122631452e-05
6.32530850132e-07
4.46955827593e-08
6.60643302346e-09
1.36760091557e-09
3.38405018611e-10
1.10577906387e-10
5.89719556065e-11
6.19124620797e-11
1.12417352301e-10
2.81621655404e-10
8.95200826219e-10
3.57044895775e-09
1.7795896498e-08
1.15761007387e-07
1.0580755942e-06
1.48335073273e-05
0.000341986873921
0.0127533948882
0.81822107099
81.8815715415
186.251783309
183.617213571
166.850456622
154.510158852
144.841219932
139.138160019
132.266771554
127.030234712
119.978899475
121.644479983
123.759961429
114.11409499
102.44895988
200
200
200
200
200
200
200
200
200
200
200
200
200
200
200
200
200
200
200
200
200
200
200
200
200
200
200
200
200
200
200
200
200
200
200
200
200
200
200
200
200
200
200
200
200
200
200
200
200
200
200
200
200
200
200
200
200
200
200
0.0097293432317
3.59064830702e-07
7.9490188512e-10
9.20950477578e-12
5.08790893299e-13
6.22469629035e-14
1.0953186085e-14
2.4218892055e-15
7.42691202241e-16
4.0325188884e-16
4.20804185792e-16
7.09565739404e-16
1.60654746272e-15
4.521784124e-15
1.54803803741e-14
6.44578209227e-14
3.29872799229e-13
2.2055911862e-12
2.06015960983e-11
2.8820297583e-10
5.60938411572e-09
1.60116568746e-07
7.21457334015e-06
0.000554438430128
0.0645349102751
7.01613661699
141.445778035
156.920783607
149.437177866
142.284937063
137.398236044
132.696739553
129.128203022
124.517942306
129.615994561
121.734066746
108.623220969
200
200
200
200
200
200
200
200
200
200
200
200
200
200
200
200
200
200
200
200
200
200
200
200
200
200
200
200
200
200
200
200
200
200
200
200
200
200
200
200
200
200
200
200
200
200
200
200
200
200
200
200
200
200
200
200
200
0.5276426732
3.59281780869e-08
4.16665771359e-11
2.76270707129e-14
4.31346341287e-17
2.53165747822e-18
4.16511779394e-19
1.00781715551e-19
2.96533725759e-20
1.18005337256e-20
8.07402105614e-21
9.47238906579e-21
1.61273318454e-20
3.48749571711e-20
9.09955385186e-20
2.81509267331e-19
1.02223977522e-18
4.34298149823e-18
2.27006383374e-17
1.52374887651e-16
1.38292028799e-15
1.72039929036e-14
2.92882465144e-13
7.06763461467e-12
2.71244357105e-10
1.45390432553e-08
1.05151580005e-06
7.59473874097e-05
0.0122032341106
4.42882626664
138.415638406
145.374854742
141.15588794
136.660061554
133.288432433
131.190932788
133.362032967
128.110335569
114.067627385
200
200
200
200
200
200
200
200
200
200
200
200
200
200
200
200
200
200
200
200
200
200
200
200
200
200
200
200
200
200
200
200
200
200
200
200
200
200
200
200
200
200
200
200
200
200
200
200
200
200
200
200
200
200
200
200
3.95373642598e-07
2.34152627972e-11
8.64637615136e-16
2.2252970007e-20
4.54798631183e-22
3.96018933286e-23
7.94610984301e-24
2.34276732874e-24
8.54258168133e-25
4.69782569256e-25
4.24704954197e-25
5.7220955596e-25
1.00353036586e-24
2.12372164751e-24
5.21215680523e-24
1.47003124355e-23
4.77776081878e-23
1.82879250167e-22
8.42162795164e-22
4.79668135339e-21
3.4810272394e-20
3.25595085999e-19
3.69929352984e-18
5.26331976672e-17
1.04645853779e-15
2.98149719219e-14
1.20725896677e-12
6.32761576635e-11
4.002143853e-09
3.68203361824e-07
8.37788591673e-05
0.048752468969
82.144789812
144.546183299
140.622170113
137.817200497
135.229747175
133.340856629
135.747509997
118.658303365
200
200
200
200
200
200
200
200
200
200
200
200
200
200
200
200
200
200
200
200
200
200
200
200
200
200
200
200
200
200
200
200
200
200
200
200
200
200
200
200
200
200
200
200
200
200
200
200
200
200
200
200
200
200
200
2.01069712712e-10
6.43581175808e-15
8.67802228217e-22
1.72890709202e-25
1.39341348153e-26
2.49699724062e-27
6.54869071987e-28
2.34379758226e-28
1.11459421297e-28
8.02693747692e-29
8.65836186436e-29
1.23712141229e-28
2.12647268538e-28
4.23860310257e-28
9.76996978518e-28
2.5599824569e-27
7.67935388564e-27
2.65642518579e-26
1.07697298975e-25
5.17932119853e-25
3.0278583213e-24
2.08178952452e-23
1.74669530726e-22
1.82979262942e-21
2.5185787465e-20
4.62863903587e-19
1.02799382596e-17
3.04263250968e-16
1.1993238495e-14
5.04302445508e-13
3.92534092626e-11
4.91416405066e-09
1.65584182864e-06
0.00189699692872
9.46787494176
141.395766848
141.403319628
138.196532523
136.46137404
140.728188989
122.451447696
200
200
200
200
200
200
200
200
200
200
200
200
200
200
200
200
200
200
200
200
200
200
200
200
200
200
200
200
200
200
200
200
200
200
200
200
200
200
200
200
200
200
200
200
200
200
200
200
200
200
200
200
200
200
6.0064707545e-12
6.46369910359e-22
1.8520165302e-27
1.62059182223e-29
2.12489814975e-30
5.09649661391e-31
1.7423056076e-31
7.65086529129e-32
4.3963983194e-32
3.6906157174e-32
4.32636794469e-32
6.36788946285e-32
1.09947867389e-31
2.16928954756e-31
4.78704838724e-31
1.20298698724e-30
3.4108059414e-30
1.09697803382e-29
4.00953834183e-29
1.65795713849e-28
7.94009742961e-28
4.46754326612e-27
2.95698145379e-26
2.32962100099e-25
2.24195186787e-24
2.62774707983e-23
3.85368423809e-22
7.43148416226e-21
1.92274041558e-19
5.74933635635e-18
1.84039891559e-16
9.45396283672e-15
8.66349752452e-13
2.01084303391e-10
1.02691901226e-07
0.000191675802473
1.75136811261
139.866260468
141.647244578
138.696505229
141.552601898
125.096718046
200
200
200
200
200
200
200
200
200
200
200
200
200
200
200
200
200
200
200
200
200
200
200
200
200
200
200
200
200
200
200
200
200
200
200
200
200
200
200
200
200
200
200
200
200
200
200
200
200
200
200
200
200
8.67025725848e-13
3.39122027469e-28
1.45892633884e-31
7.4031313109e-33
1.34767328446e-33
3.77597723032e-34
1.45666416588e-34
7.21354156697e-35
4.52860453418e-35
3.97176252274e-35
4.68480991671e-35
6.84245752232e-35
1.15775723252e-34
2.20596996307e-34
4.75133307214e-34
1.15181048131e-33
3.08075373549e-33
9.33699224513e-33
3.21032571043e-32
1.2356816559e-31
5.29236872489e-31
2.57225027939e-30
1.43106726187e-29
8.9156803177e-29
6.38549159068e-28
5.50816688986e-27
5.69569413573e-26
7.1899449459e-25
1.11782285094e-23
2.21257640793e-22
4.85919622392e-21
1.40085276534e-19
5.55071076615e-18
3.77578326567e-16
5.15809662805e-14
1.26604904714e-11
1.05711785324e-08
4.00163595166e-05
1.18744148705
140.40775689
140.349829346
141.525257221
126.49333486
200
200
200
200
200
200
200
200
200
200
200
200
200
200
200
200
200
200
200
200
200
200
200
200
200
200
200
200
200
200
200
200
200
200
200
200
200
200
200
200
200
200
200
200
200
200
200
200
200
200
200
200
2.28812557801e-13
2.12145205028e-32
1.45596151773e-34
1.47749870287e-35
3.06968895846e-36
8.91886780006e-37
3.42264338613e-37
1.59796551552e-37
9.74779555267e-38
8.01780967135e-38
8.96573708852e-38
1.27710941885e-37
2.29220909211e-37
4.44115669056e-37
9.54418860769e-37
2.23850899024e-36
5.87693499751e-36
1.72173417915e-35
5.56944550376e-35
1.95491035296e-34
7.62868535797e-34
3.24174860232e-33
1.57405747297e-32
8.45342271631e-32
5.01307010055e-31
3.38217769541e-30
2.64731220533e-29
2.34068118218e-28
2.46501956538e-27
3.22003607688e-26
4.72138522274e-25
8.30973031602e-24
1.80669531792e-22
5.80742172222e-21
3.53578771614e-19
2.83473084638e-17
4.59557852867e-15
2.02180313521e-12
2.82564987514e-09
2.65106138879e-05
4.38623087609
140.447776339
140.107315221
127.167182665
200
200
200
200
200
200
200
200
200
200
200
200
200
200
200
200
200
200
200
200
200
200
200
200
200
200
200
200
200
200
200
200
200
200
200
200
200
200
200
200
200
200
200
200
200
200
200
200
200
200
200
8.54065465737e-14
2.74806344039e-35
6.41701753968e-37
1.52885750376e-38
0
0
0
0
0
0
0
0
0
3.25732483312e-40
1.0720283625e-39
5.43622651058e-39
1.62078756604e-38
5.48885545196e-38
1.85771266043e-37
6.50973143418e-37
2.37240805725e-36
9.33170315905e-36
3.95969206883e-35
1.79670593237e-34
8.97919425226e-34
4.95914118823e-33
3.13810673943e-32
2.17823853121e-31
1.70321108198e-30
1.56665058827e-29
1.53500330969e-28
1.77249545404e-27
2.59605598274e-26
4.79289089817e-25
1.2052058393e-23
5.29429116338e-22
3.28191760301e-20
4.10776066252e-18
9.48067034096e-16
6.10538627717e-13
1.80029552331e-09
7.11476930655e-05
79.0674678938
138.243452577
127.574647877
200
200
200
200
200
200
200
200
200
200
200
200
200
200
200
200
200
200
200
200
200
200
200
200
200
200
200
200
200
200
200
200
200
200
200
200
200
200
200
200
200
200
200
200
200
200
200
200
200
200
3.70296287927e-14
3.22435692418e-37
0
0
0
0
0
0
0
0
0
0
0
0
0
0
0
2.46039948955e-40
6.759269021e-40
3.00250233475e-39
1.26537173872e-38
5.1460792729e-38
2.12398357204e-37
8.80926260553e-37
3.74524310693e-36
1.77783635245e-35
8.81185974653e-35
4.8324220981e-34
2.96732998109e-33
2.11615916205e-32
1.53110523305e-31
1.25526804143e-30
1.21751788471e-29
1.42776711495e-28
2.14265080604e-27
4.99549743736e-26
1.48074380465e-24
6.19834962318e-23
5.40369507602e-21
9.47932631991e-19
3.14362439359e-16
3.85745487028e-13
4.25644544702e-09
0.00115341833887
129.251399942
128.147942833
200
200
200
200
200
200
200
200
200
200
200
200
200
200
200
200
200
200
200
200
200
200
200
200
200
200
200
200
200
200
200
200
200
200
200
200
200
200
200
200
200
200
200
200
200
200
200
200
200
2.6821837664e-14
3.45882187734e-42
0
0
0
0
0
0
0
0
0
0
0
0
0
0
0
0
0
0
2.37136976351e-41
3.82345802211e-40
1.08240242312e-39
4.84692417404e-39
2.66981339559e-38
1.06797667333e-37
5.42565044502e-37
2.46315080678e-36
1.29000066904e-35
6.57976208172e-35
3.89471426673e-34
2.41361027983e-33
1.77163625698e-32
1.42510703904e-31
1.36809006677e-30
1.67734243259e-29
2.93269022997e-28
6.54061033604e-27
2.17953599415e-25
1.24885268433e-23
1.2947224131e-21
3.21374258996e-19
1.89696096981e-16
7.59967798749e-13
3.85880580796e-08
0.875439850908
128.12555694
200
200
200
200
200
200
200
200
200
200
200
200
200
200
200
200
200
200
200
200
200
200
200
200
200
200
200
200
200
200
200
200
200
200
200
200
200
200
200
200
200
200
200
200
200
200
200
200
6.23139333924e-14
0
0
0
0
0
0
0
0
0
0
0
0
0
0
0
0
0
0
0
0
0
0
0
2.3761810557e-40
6.99536547617e-40
3.74414468725e-39
1.86521185578e-38
7.71021166473e-38
4.1140393913e-37
1.96800023e-36
1.05351837692e-35
5.62304824588e-35
3.74588301819e-34
2.63025095302e-33
2.18238215338e-32
2.14394169893e-31
2.93979521028e-30
4.87236866468e-29
1.27557169546e-27
4.62856670413e-26
3.19232405956e-24
4.5193054697e-22
1.76583679671e-19
2.91258514675e-16
4.70335474314e-12
7.08950913475e-06
121.748618519
200
200
200
200
200
200
200
200
200
200
200
200
200
200
200
200
200
200
200
200
200
200
200
200
200
200
200
200
200
200
200
200
200
200
200
200
200
200
200
200
200
200
200
200
200
200
200
2.37669082655e-13
0
0
0
0
0
0
0
0
0
0
0
0
0
0
0
0
0
0
0
0
0
0
0
0
0
0
1.83271288284e-40
6.9405641e-40
3.31897775907e-39
1.69398364078e-38
7.83251619505e-38
4.33346746233e-37
2.14832582829e-36
1.23379268605e-35
7.92149701541e-35
5.36111952827e-34
4.42777392354e-33
4.9097344504e-32
5.9602234548e-31
1.04213075994e-29
2.78994985882e-28
1.33731342614e-26
1.18665088121e-24
2.40907847188e-22
2.28650050709e-19
1.32511634367e-15
2.71941835719e-10
43.3662900216
200
200
200
200
200
200
200
200
200
200
200
200
200
200
200
200
200
200
200
200
200
200
200
200
200
200
200
200
200
200
200
200
200
200
200
200
200
200
200
200
200
200
200
200
200
200
4.02789328558e-12
0
0
0
0
0
0
0
0
0
0
0
0
0
0
0
0
0
0
0
0
0
0
0
0
0
0
0
0
0
1.74695867333e-40
7.78195966469e-40
4.10704509782e-39
2.19007628712e-38
1.06750444843e-37
6.41363978161e-37
3.48844086634e-36
2.20213956556e-35
1.48776348877e-34
1.17078382569e-33
1.29987190976e-32
1.60765816762e-31
3.21803887696e-30
9.92471457181e-29
5.48284205874e-27
6.71103624505e-25
2.69221775737e-22
8.4374981142e-19
3.52273649515e-14
5.46194630952e-05
200
200
200
200
200
200
200
200
200
200
200
200
200
200
200
200
200
200
200
200
200
200
200
200
200
200
200
200
200
200
200
200
200
200
200
200
200
200
200
200
200
200
200
200
200
200
0
0
0
0
0
0
0
0
0
0
0
0
0
0
0
0
0
0
0
0
0
0
0
0
0
0
0
0
0
0
0
0
2.28510650289e-40
1.07382139534e-39
5.96100134062e-39
3.38135638426e-38
1.97822660301e-37
1.12174035761e-36
7.55344815275e-36
5.04625730122e-35
4.32398814806e-34
4.22192170736e-33
6.2976355076e-32
1.32425655391e-30
4.64110945941e-29
3.24297374288e-27
6.92447036984e-25
7.31295001561e-22
1.2885436766e-17
3.90148866707e-10
200
200
200
200
200
200
200
200
200
200
200
200
200
200
200
200
200
200
200
200
200
200
200
200
200
200
200
200
200
200
200
200
200
200
200
200
200
200
200
200
200
200
200
200
200
0
0
0
0
0
0
0
0
0
0
0
0
0
0
0
0
0
0
0
0
0
0
0
0
0
0
0
0
0
0
0
0
0
0
0
3.67801353388e-40
1.89446591278e-39
1.47710186559e-38
7.68138916778e-38
4.86182243973e-37
3.3196396975e-36
2.07556870278e-35
1.73870519959e-34
1.97111582767e-33
3.06831084307e-32
6.83966722274e-31
2.82498677407e-29
3.12551319306e-27
1.4741096693e-24
7.96963482541e-21
1.85392745319e-14
200
200
200
200
200
200
200
200
200
200
200
200
200
200
200
200
200
200
200
200
200
200
200
200
200
200
200
200
200
200
200
200
200
200
200
200
200
200
200
200
200
200
200
200
200
0
0
0
0
0
0
0
0
0
0
0
0
0
0
0
0
0
0
0
0
0
0
0
0
0
0
0
0
0
0
0
0
0
0
0
0
1.11665080342e-40
8.22699031034e-40
6.03193692749e-39
3.66734154255e-38
2.47221835244e-37
1.63642472469e-36
1.13630605426e-35
9.50953792738e-35
1.03737750799e-33
1.70240842733e-32
4.2255474466e-31
2.6179146612e-29
5.66565525853e-27
1.05427852613e-23
3.26208347989e-18
200
200
200
200
200
200
200
200
200
200
200
200
200
200
200
200
200
200
200
200
200
200
200
200
200
200
200
200
200
200
200
200
200
200
200
200
200
200
200
200
200
200
200
200
200
0
0
0
0
0
0
0
0
0
0
0
0
0
0
0
0
0
0
0
0
0
0
0
0
0
0
0
0
0
0
0
0
0
0
0
0
0
0
3.89884568746e-40
3.27703885354e-39
1.97025539417e-38
1.47387000223e-37
9.2422973299e-37
6.03593327886e-36
5.01449399482e-35
6.39053633881e-34
1.11390129045e-32
3.9782263767e-31
4.07086673951e-29
3.10199309746e-26
1.03306423241e-21
200
200
200
200
200
200
200
200
200
200
200
200
200
200
200
200
200
200
200
200
200
200
200
200
200
200
200
200
200
200
200
200
200
200
200
200
200
200
200
200
200
200
200
200
0
0
0
0
0
0
0
0
0
0
0
0
0
0
0
0
0
0
0
0
0
0
0
0
0
0
0
0
0
0
0
0
0
0
0
0
0
0
0
0
1.75167679844e-40
2.04509124259e-39
1.42223631378e-38
1.00330327635e-37
6.16649499597e-37
4.94476742214e-36
3.8518534305e-35
5.20383976854e-34
1.21247063041e-32
5.75708892156e-31
1.65429812578e-28
1.02653875332e-24
200
200
200
200
200
200
200
200
200
200
200
200
200
200
200
200
200
200
200
200
200
200
200
200
200
200
200
200
200
200
200
200
200
200
200
200
200
200
200
200
200
200
200
200
0
0
0
0
0
0
0
0
0
0
0
1.65201632996e-40
8.26530275731e-40
1.27453658251e-39
2.18687149705e-39
0
0
0
0
0
0
0
0
0
0
0
0
0
0
0
0
0
0
0
0
0
0
0
0
0
0
7.42093681555e-41
1.40859177789e-39
1.26063136017e-38
8.37199548516e-38
5.55854504388e-37
4.32364507788e-36
4.16820778816e-35
6.08593072257e-34
1.6613214764e-32
1.89213851645e-30
2.68047889869e-27
200
200
200
2.09882840291e-43
0
0
0
0
0
0
0
0
0
0
0
0
0
0
0
0
0
0
0
2.62312491964e-38
3.80580509504e-36
200
200
200
200
200
200
200
200
200
200
200
200
200
200
200
200
200
200
200
0
0
0
0
0
0
0
0
0
5.73168331272e-40
9.50431069013e-39
5.86038938981e-38
4.19233812767e-37
2.76037520128e-36
5.24489324381e-36
7.35196878145e-36
1.97717558392e-37
1.34259770092e-38
0
0
0
0
0
0
0
0
0
0
0
0
0
0
0
0
0
0
0
0
0
0
0
0
1.30970937679e-41
1.18370010816e-39
9.47181449146e-39
6.68851785236e-38
5.37692416503e-37
4.33498581321e-36
4.2219825127e-35
8.58775932447e-34
4.53974996305e-32
1.79583912755e-29
2.61300603774e-44
1.37526633565e-44
0
0
0
0
0
0
0
0
0
0
0
0
0
0
0
0
0
0
0
0
0
0
0
0
0
0
0
0
1.50631043442e-37
2.06260483163e-35
200
200
200
200
200
200
200
200
200
200
200
0
0
0
0
0
0
0
0
1.43187432062e-40
1.23658449006e-38
6.25767420809e-37
5.49207950334e-35
200
200
200
200
200
200
200
200
200
200
200
200
197.651636295
0
0
0
0
0
0
0
0
0
0
0
0
0
0
0
0
0
0
0
5.14672375869e-43
1.3754551403e-39
1.08825181507e-38
9.67742307525e-38
7.3241521096e-37
6.1571741267e-36
7.97840149287e-35
2.1512624451e-33
2.95235127353e-31
0
0
0
0
0
0
0
0
0
0
0
0
0
0
0
0
0
0
0
0
0
0
0
0
0
0
0
0
0
0
0
0
0
0
0
2.06716828345e-37
1.01196264327e-35
200
200
200
200
200
200
0
0
0
0
0
0
0
1.54755873844e-39
3.60713799337e-37
2.75279320211e-34
200
200
200
200
200
200
200
200
200
200
200
200
200
200
200
197.84055419
0
0
0
0
0
0
0
0
0
0
0
0
0
0
0
0
0
0
0
4.95865400146e-41
1.9761644503e-39
1.74190573808e-38
1.23900996738e-37
1.16494445461e-36
1.15588515761e-35
1.84208932873e-34
1.12182617436e-32
0
0
0
0
0
0
0
0
0
0
0
0
0
0
0
0
0
0
0
0
0
0
0
0
0
0
0
0
0
0
0
0
0
0
0
0
0
0
1.70053282301e-39
1.50661444751e-37
1.89031261749e-36
4.39141905672e-36
9.89751726925e-38
0
0
0
0
0
0
1.5720372076e-38
1.00492416199e-35
200
200
200
200
200
200
200
200
200
200
200
200
200
200
200
200
200
200
197.610241488
0
0
0
0
0
0
0
0
0
0
0
0
0
0
0
0
0
0
0
1.55534527692e-40
3.84664684608e-39
2.66929315766e-38
2.17395346557e-37
1.93573377595e-36
2.65840998847e-35
7.77857008626e-34
0
0
0
0
0
0
0
0
0
0
0
0
0
0
0
0
0
0
0
0
0
0
0
0
0
0
0
0
0
0
0
0
0
0
0
0
0
0
0
0
0
0
1.13985797596e-38
0
0
2.02491129453e-42
3.47676394666e-42
2.17123144081e-40
1.25521437669e-37
6.2117979217e-34
200
200
200
200
200
200
200
200
200
200
200
200
200
200
200
200
200
200
200
200
196.715359346
0
0
0
0
0
0
0
0
0
0
0
0
0
0
0
0
0
0
0
4.58838958776e-40
7.1232692063e-39
5.97296823851e-38
5.24978392943e-37
5.66249625673e-36
9.16313931744e-35
0
0
0
0
0
0
0
0
0
0
0
0
0
0
0
0
0
0
0
0
0
0
0
0
0
0
0
0
0
0
0
0
0
0
0
0
0
0
0
0
0
0
0
0
2.57432435852e-42
1.68252765555e-41
1.31373375059e-39
2.55363839269e-37
9.4487702405e-32
200
200
200
200
200
200
200
200
200
200
200
200
200
200
200
200
200
200
200
200
200
200
194.437432211
0
0
0
0
0
0
0
0
0
0
0
0
0
0
0
0
0
0
0
1.53266048433e-39
1.42018605837e-38
1.63145137289e-37
1.60696036259e-36
1.77723583412e-35
0
0
0
0
0
0
0
0
0
0
0
0
0
0
0
0
0
0
0
0
0
0
0
0
0
0
0
0
0
0
0
0
0
0
0
0
0
0
0
0
0
0
0
0
0
8.80368460764e-40
9.89108430819e-38
200
200
200
200
200
200
200
200
200
200
200
200
200
200
200
200
200
200
200
200
200
200
200
200
199.999999999
0
0
0
0
0
0
0
0
0
0
0
0
0
0
0
0
0
0
0
2.21078869905e-40
5.1083147039e-39
4.2522716143e-38
4.77818981889e-37
4.81366600885e-36
0
0
0
0
0
0
0
0
0
0
0
0
0
0
0
0
0
0
0
0
0
0
0
0
0
0
0
0
0
0
0
0
0
0
0
0
0
0
0
0
0
0
0
0
0
0
9.16822130764e-36
200
200
200
200
200
200
200
200
200
200
200
200
200
200
200
200
200
200
200
200
200
200
200
200
200
199.999995891
0
0
0
0
0
0
0
0
0
0
0
0
0
0
0
0
0
0
0
1.38930487921e-39
1.64151247198e-38
1.81293188822e-37
1.62127139725e-36
0
0
0
0
0
0
0
0
0
0
0
0
0
0
0
0
0
0
0
0
0
0
0
0
0
0
0
0
0
0
0
0
0
0
0
0
0
0
0
0
0
0
0
0
0
0
0
0
1.91568490124e-43
200
200
200
200
200
200
200
200
200
200
200
200
200
200
200
200
200
200
200
200
200
200
200
200
0
0
0
0
0
0
0
0
0
0
0
0
0
0
0
0
0
0
0
3.82595252462e-40
7.07928459736e-39
7.89369956711e-38
6.62632777989e-37
0
0
0
0
0
0
0
0
0
0
0
0
0
0
0
0
0
0
0
0
0
0
0
0
0
0
0
0
0
0
0
0
0
0
0
0
0
0
0
0
0
0
0
0
0
0
0
0
0
1.72411641112e-43
2.30852725803e-42
1.3269624098e-36
200
200
200
200
200
200
200
200
200
200
200
200
200
200
200
200
200
200
200
200
200
199.999996897
0
0
0
0
0
0
0
0
0
0
0
0
0
0
0
0
0
0
9.54221980523e-41
3.46535573697e-39
3.88550003607e-38
3.19350381367e-37
0
0
0
0
0
0
0
0
0
0
0
0
0
0
0
0
0
0
0
0
0
0
0
0
0
0
0
0
0
0
0
0
0
0
0
0
0
0
0
0
0
0
0
0
0
0
0
0
0
0
1.55170477e-43
8.71657915452e-43
1.0719280952e-41
4.88859184157e-36
200
200
200
200
200
200
200
200
200
200
200
200
200
200
200
200
200
200
200
200
0
0
0
0
0
0
0
0
0
0
0
0
0
0
0
0
0
0
0
1.58036664229e-39
1.9489452177e-38
1.76292384526e-37
0
0
0
0
0
0
0
0
0
0
0
0
0
0
0
0
0
0
0
0
0
0
0
0
0
0
0
0
0
0
0
0
0
0
0
0
0
0
0
0
0
0
0
0
0
0
0
0
0
0
0
2.94823906301e-43
6.58804037537e-43
9.2069833136e-42
2.64249661965e-41
1.00366604607e-34
200
200
200
200
200
200
200
200
200
200
200
200
200
200
200
200
200
200
199.999964924
0
0
0
0
0
0
0
0
0
0
0
0
0
0
0
0
0
0
7.75866195047e-40
1.0652840025e-38
1.08777328013e-37
0
0
0
0
0
0
0
0
0
0
0
0
0
0
0
0
0
0
0
0
0
0
0
0
0
0
0
0
0
0
0
0
0
0
0
0
0
0
0
0
0
0
0
0
0
0
0
0
0
0
0
0
2.65341515671e-43
5.92923633783e-43
8.17316570451e-42
1.80069082741e-41
2.01103715785e-36
200
200
200
200
200
200
200
200
200
200
200
200
200
200
200
200
200
200
0
0
0
0
0
0
0
0
0
0
0
0
0
0
0
0
0
0
4.74392851959e-40
8.01769903694e-39
7.35306417858e-38
0
0
0
0
0
0
0
0
0
0
0
0
0
0
0
0
0
0
0
0
0
0
0
0
0
0
0
0
0
0
0
0
0
0
0
0
0
0
0
0
0
0
0
0
0
0
0
0
0
0
0
0
0
3.78460793404e-43
1.29462330534e-42
6.27383509258e-42
9.73350250037e-42
1.95562944334e-37
200
200
200
200
200
200
200
200
200
200
200
200
200
200
200
200
200
0
0
0
0
0
0
0
0
0
0
0
0
0
0
0
0
0
0
2.81165765652e-40
6.44129594177e-39
5.48747122869e-38
0
0
0
0
0
0
0
0
0
0
0
0
0
0
0
0
0
0
0
0
0
0
0
0
0
0
0
0
0
0
0
0
0
0
0
0
0
0
0
0
0
0
0
0
0
0
0
0
0
0
0
0
0
1.13119277733e-43
2.38807364104e-43
1.98079286263e-42
5.27589212226e-42
8.71610146799e-42
8.472455863e-42
200
200
200
200
200
200
200
200
200
200
200
200
200
200
200
200
0
0
0
0
0
0
0
0
0
0
0
0
0
0
0
0
0
0
2.32561904281e-40
5.19518757149e-39
4.51016188315e-38
0
0
0
0
0
0
0
0
0
0
0
0
0
0
0
0
0
0
0
0
0
0
0
0
0
0
0
0
0
0
0
0
0
0
0
0
0
0
0
0
0
0
0
0
0
0
0
0
0
0
0
0
0
1.13119277733e-43
2.14926627693e-43
2.14926627693e-43
2.09160908505e-42
5.08211905971e-42
7.66304809141e-42
7.3048308809e-42
200
200
200
200
200
200
200
200
200
200
200
200
200
200
200
0
0
0
0
0
0
0
0
0
0
0
0
0
0
0
0
0
0
2.14418052888e-40
5.08779455703e-39
4.18198306123e-38
0
0
0
0
0
0
0
0
0
0
0
0
0
0
0
0
0
0
0
0
0
0
0
0
0
0
0
0
0
0
0
0
0
0
0
0
0
0
0
0
0
0
0
0
0
0
0
0
0
0
0
0
0
0
2.14926627693e-43
2.14926627693e-43
2.14926627693e-43
2.53663366689e-42
5.83577209674e-42
6.29584342104e-42
3.22114490893e-38
200
200
200
200
200
200
200
200
200
200
200
200
200
200
0
0
0
0
0
0
0
0
0
0
0
0
0
0
0
0
0
0
2.19484429522e-40
5.03574439424e-39
4.28157198868e-38
0
0
0
0
0
0
0
0
0
0
0
0
0
0
0
0
0
0
0
0
0
0
0
0
0
0
0
0
0
0
0
0
0
0
0
0
0
0
0
0
0
0
0
0
0
0
0
0
0
0
0
0
0
0
0
2.14926627693e-43
2.14926627693e-43
2.14926627693e-43
3.03110542448e-42
4.55712972359e-42
4.40420674684e-42
6.88184826443e-37
200
200
200
200
200
200
200
200
200
200
200
200
200
0
0
0
0
0
0
0
0
0
0
0
0
0
0
0
0
0
0
3.0510752911e-40
5.26626447038e-39
4.72406564966e-38
0
0
0
0
0
0
0
0
0
0
0
0
0
0
0
0
0
0
0
0
0
0
0
0
0
0
0
0
0
0
0
0
0
0
0
0
0
0
0
0
0
0
0
0
0
0
0
0
0
0
0
0
0
0
0
0
0
1.13119277733e-43
3.40614714064e-43
2.87517563118e-42
3.79337236639e-42
2.73052122785e-42
200
200
200
200
200
200
200
200
200
200
200
200
200
0
0
0
0
0
0
0
0
0
0
0
0
0
0
0
0
0
0
4.18924678597e-40
7.13191453525e-39
5.56606219563e-38
0
0
0
0
0
0
0
0
0
0
0
0
0
0
0
0
0
0
0
0
0
0
0
0
0
0
0
0
0
0
0
0
0
0
0
0
0
0
0
0
0
0
0
0
0
0
0
0
0
0
0
0
0
0
0
0
0
0
5.92923633783e-43
7.84492123907e-43
7.06042911516e-43
1.42670612263e-42
1.83436323693e-40
200
200
200
200
200
200
200
200
200
200
200
200
0
0
0
0
0
0
0
0
0
0
0
0
0
0
0
0
0
0
6.16107956553e-40
9.2051921244e-39
6.98022548868e-38
0
0
0
0
0
0
0
0
0
0
0
0
0
0
0
0
0
0
0
0
0
0
0
0
0
0
0
0
0
0
0
0
0
0
0
0
0
0
0
0
0
0
0
0
0
0
0
0
0
0
0
0
0
0
0
0
0
0
1.55170477e-43
6.58804037537e-43
9.97346001823e-43
7.84492123907e-43
3.90676524048e-41
200
200
200
200
200
200
200
200
200
200
200
200
0
0
0
0
0
0
0
0
0
0
0
0
0
0
0
0
0
0
1.05197097469e-39
1.17346447953e-38
8.62105212823e-38
0
0
0
0
0
0
0
0
0
0
0
0
0
0
0
0
0
0
0
0
0
0
0
0
0
0
0
0
0
0
0
0
0
0
0
0
0
0
0
0
0
0
0
0
0
0
0
0
0
0
0
0
0
0
0
0
0
0
0
0
7.32004486152e-43
1.10816222425e-42
1.58615436893e-41
3.33160620494e-40
200
200
200
200
200
200
200
200
200
200
200
1.13119277733e-43
0
0
0
0
0
0
0
0
0
0
0
0
0
0
0
0
5.84821757435e-41
1.83739088856e-39
1.68621066783e-38
1.02259853031e-37
0
0
0
0
0
0
0
0
0
0
0
0
0
0
0
0
0
0
0
0
0
0
0
0
0
0
0
0
0
0
0
0
0
0
0
0
0
0
0
0
0
0
0
0
0
0
0
0
0
0
0
0
0
0
0
0
0
0
0
0
0
8.13338317946e-43
1.78867199978e-41
1.25285101879e-40
200
200
200
200
200
200
200
200
200
200
200
1.13119277733e-43
1.13119277733e-43
0
0
0
0
0
0
0
0
0
0
0
0
0
0
0
1.84757187963e-40
3.05632979929e-39
2.53997894633e-38
2.64070810561e-37
0
0
0
0
0
0
0
0
0
0
0
0
0
0
0
0
0
0
0
0
0
0
0
0
0
0
0
0
0
0
0
0
0
0
0
0
0
0
0
0
0
0
0
0
0
0
0
0
0
0
0
0
0
0
0
0
0
0
0
0
0
0
7.72760479875e-42
4.15710788259e-41
200
200
200
200
200
200
200
200
200
200
200
1.13119277733e-43
1.13119277733e-43
1.13119277733e-43
0
0
0
0
0
0
0
0
0
0
0
0
0
0
4.68694190308e-40
4.85623978375e-39
3.46005991823e-38
8.57324688191e-37
0
0
0
0
0
0
0
0
0
0
0
0
0
0
0
0
0
0
0
0
0
0
0
0
0
0
0
0
0
0
0
0
0
0
0
0
0
0
0
0
0
0
0
0
0
0
0
0
0
0
0
0
0
0
0
0
0
0
0
0
0
0
0
3.92281193857e-41
200
200
200
200
200
200
200
200
200
200
0
1.0180734996e-43
1.13119277733e-43
1.13119277733e-43
1.13119277733e-43
0
0
0
0
0
0
0
0
0
0
0
0
5.06210877233e-42
8.56801796984e-40
8.76163626325e-39
4.37937818041e-38
1.54863355513e-36
0
0
0
0
0
0
0
0
0
0
0
0
0
0
0
0
0
0
0
0
0
0
0
0
0
0
0
0
0
0
0
0
0
0
0
0
0
0
0
0
0
0
0
0
0
0
0
0
0
0
0
0
0
0
0
0
0
0
0
0
0
0
0
3.58591945187e-41
200
200
200
200
200
200
200
200
200
200
0
0
1.0180734996e-43
1.13119277733e-43
1.13119277733e-43
0
0
0
0
0
0
0
0
0
0
0
0
1.49829581103e-40
1.45393888546e-39
1.12769687911e-38
4.76130897921e-38
2.56982806092e-36
0
0
0
0
0
0
0
0
0
0
0
0
0
0
0
0
0
0
0
0
0
0
0
0
0
0
0
0
0
0
0
0
0
0
0
0
0
0
0
0
0
0
0
0
0
0
0
0
0
0
0
0
0
0
0
0
0
0
0
0
0
0
0
0
200
200
200
200
200
200
200
200
200
0
0
0
0
1.13119277733e-43
1.13119277733e-43
1.13119277733e-43
0
0
0
0
0
0
0
0
0
0
0
3.06501516463e-40
3.06543117369e-39
1.49539830317e-38
9.94187980114e-38
3.60251877951e-36
0
0
0
0
0
0
0
0
0
0
0
0
0
0
0
0
0
0
0
0
0
0
0
0
0
0
0
0
0
0
0
0
0
0
0
0
0
0
0
0
0
0
0
0
0
0
0
0
0
0
0
0
0
0
0
0
0
0
0
0
0
0
0
0
200
200
200
200
200
200
200
200
0
0
0
0
0
0
1.13119277733e-43
1.13119277733e-43
0
0
0
0
0
0
0
0
0
0
7.92458790101e-41
5.77313251496e-40
3.52583128447e-39
1.42875730495e-38
2.20876826889e-37
5.58359122793e-36
0
0
0
0
0
0
0
0
0
0
0
0
0
0
0
0
0
0
0
0
0
0
0
0
0
0
0
0
0
0
0
0
0
0
0
0
0
0
0
0
0
0
0
0
0
0
0
0
0
0
0
0
0
0
0
0
0
0
0
0
0
0
0
0
200
200
200
200
200
200
200
0
0
0
0
0
0
0
0
1.13119277733e-43
0
0
0
0
0
0
0
0
0
0
2.22344282289e-40
1.18369133564e-39
4.10438614788e-39
9.98251124591e-39
2.60727740947e-37
8.32363424317e-36
0
0
0
0
0
0
0
0
0
0
0
0
0
0
0
0
0
0
0
0
0
0
0
0
0
0
0
0
0
0
0
0
0
0
0
0
0
0
0
0
0
0
0
0
0
0
0
0
0
0
0
0
0
0
0
0
0
0
0
0
0
0
0
13.3845879694
200
200
200
200
200
200
0
0
0
0
0
0
0
0
0
0
0
0
0
0
0
0
0
0
0
8.77416408027e-41
3.27040991291e-40
1.31471775328e-39
2.43372080296e-39
2.23640544541e-38
3.99169551157e-37
1.17919757686e-35
0
0
0
0
0
0
0
0
0
0
0
0
0
0
0
0
0
0
0
0
0
0
0
0
0
0
0
0
0
0
0
0
0
0
0
0
0
0
0
0
0
0
0
0
0
0
0
0
0
0
0
0
0
0
0
0
0
0
0
0
0
0
0
200
200
200
200
200
200
0
0
0
0
0
0
0
0
0
0
0
0
0
0
0
0
0
0
0
0
2.4176789426e-40
8.99799741036e-40
1.51149064894e-39
4.32352613058e-40
2.16949821536e-38
6.76988395836e-37
1.27022640109e-35
0
0
0
0
0
0
0
0
0
0
0
0
0
0
0
0
0
0
0
0
0
0
0
0
0
0
0
0
0
0
0
0
0
0
0
0
0
0
0
0
0
0
0
0
0
0
0
0
0
0
0
0
0
0
0
0
0
0
0
0
0
0
0
200
200
200
200
0
0
0
0
0
0
0
0
0
0
0
0
0
0
0
0
0
0
0
0
0
1.36519516364e-40
5.02116321855e-40
1.63289980232e-39
2.75940479404e-39
1.80701480493e-40
5.57871862222e-39
1.13171279539e-36
1.17147821256e-35
0
0
0
0
0
0
0
0
0
0
0
0
0
0
0
0
0
0
0
0
0
0
0
0
0
0
0
0
0
0
0
0
0
0
0
0
0
0
0
0
0
0
0
0
0
0
0
0
0
0
0
0
0
0
0
0
0
0
0
0
0
0
0
200
0
0
0
0
0
0
0
0
0
0
0
0
0
0
0
0
0
0
0
0
0
0
0
9.1303104638e-41
2.3691462537e-40
6.46458411922e-40
1.54569541122e-39
1.75003589214e-39
5.45446242175e-39
2.191288852e-38
5.72766059967e-37
6.32178861878e-36
0
0
0
0
0
0
0
0
0
0
0
0
0
0
0
0
0
0
0
0
0
0
0
0
0
0
0
0
0
0
0
0
0
0
0
0
0
0
0
0
0
0
0
0
0
0
0
0
0
0
0
0
0
0
0
0
0
0
0
0
0
0
0
0
0
0
0
0
0
0
0
0
0
0
0
0
0
0
0
0
0
0
0
0
0
0
6.16126067399e-41
3.04092975366e-40
4.70572589364e-40
6.58291905988e-40
6.84761448438e-40
3.20594379068e-38
3.98922241052e-38
7.4535885739e-38
4.27444580366e-37
1.01123297225e-35
2.61300603774e-44
0
0
0
0
0
0
0
0
0
0
0
0
0
0
0
0
0
0
0
0
0
0
0
0
0
0
0
0
0
0
0
0
0
0
0
0
0
0
0
0
0
0
0
0
0
0
0
0
0
0
0
0
0
0
0
0
0
0
0
0
0
0
0
0
0
0
0
0
0
0
0
0
0
0
0
0
0
0
0
0
0
0
0
0
5.47677766517e-41
3.32961885466e-40
5.01821038557e-40
5.47680776203e-40
1.08969905725e-39
7.94913106846e-39
8.87652205874e-39
1.3392744067e-38
3.15229131066e-38
1.84907448894e-37
5.90774929033e-36
200
200
6.29209819044e-44
0
0
0
0
0
0
0
0
0
0
0
0
0
0
0
0
0
0
0
0
0
0
0
0
0
0
0
0
0
0
0
0
0
0
0
0
0
0
0
0
0
0
0
0
0
0
0
0
0
0
0
0
0
0
0
0
0
0
0
0
0
0
0
0
0
0
0
0
0
0
0
0
0
0
0
0
0
0
0
0
0
8.6941471746e-41
3.71447755845e-40
3.6826420439e-40
6.82553498699e-40
3.30336722586e-39
2.93844164147e-39
3.17553510796e-39
5.04732685028e-39
8.87805507685e-39
2.158343837e-38
1.20773058669e-37
5.42481344638e-36
200
200
200
200
200
0
0
0
0
0
0
0
0
0
0
0
0
0
0
0
0
0
0
0
0
0
0
0
0
0
0
0
0
0
0
0
0
0
0
0
0
0
0
0
0
0
0
0
0
0
0
0
0
0
0
0
0
0
0
0
0
0
0
0
0
0
0
0
0
0
0
0
0
0
0
0
0
0
0
3.78460793404e-43
4.20511992671e-43
2.65341515671e-43
4.23123435329e-41
2.92823139365e-40
3.81029966595e-40
3.71875016894e-40
1.92480105327e-39
1.83674695556e-39
1.87034446141e-39
2.17458728244e-39
2.76013256316e-39
3.69924397786e-39
5.20010590897e-39
9.38517391941e-39
4.71419614293e-38
3.84612916646e-36
200
200
200
200
200
27.9961958904
4.30217001623e-43
0
0
0
0
0
0
0
0
0
0
0
0
0
0
0
0
0
0
0
0
0
0
0
0
0
0
0
0
0
0
0
0
0
0
0
0
0
0
0
0
0
0
0
0
0
0
0
0
0
0
0
0
0
0
0
0
0
0
0
0
0
0
0
0
0
0
1.63639292546e-40
2.08675912254e-40
1.37198983355e-39
2.09385076531e-39
4.64834033908e-39
6.13297505687e-39
7.0765574195e-39
7.59330322212e-39
5.18521247848e-39
9.70451053713e-40
3.29849510786e-40
1.85156039382e-39
1.36413780529e-39
1.29486730178e-39
1.45400310046e-39
1.71171700451e-39
1.99525341437e-39
2.38480746245e-39
2.96363594287e-39
3.73901110743e-39
5.11482472414e-39
1.10243759985e-38
2.28550030619e-36
200
200
200
200
5.1093673894e-33
3.15266417311e-37
2.33383569297e-36
6.59143843787e-37
1.14220821948e-43
0
0
0
0
0
0
0
0
0
0
0
0
0
0
0
0
0
0
0
0
0
0
0
0
0
0
0
0
0
0
0
0
0
0
0
0
0
0
0
0
0
0
0
0
0
0
0
0
0
0
0
0
0
0
0
0
0
0
0
0
0
0
1.77704321161e-39
9.40528690573e-39
1.91854707325e-38
2.93366980173e-38
3.49769359093e-38
3.76457570079e-38
4.20790799869e-38
3.75675650563e-38
3.37185342347e-38
2.37265969063e-38
9.26527473745e-39
3.84392869027e-39
1.7034961588e-39
1.16840436765e-39
1.16648579563e-39
1.28747556221e-39
1.42712417838e-39
1.61007247448e-39
1.83207694567e-39
2.114583838e-39
2.48681055657e-39
2.95339496282e-39
3.59812257637e-39
4.95674367624e-39
1.07915356823e-36
200
200
200
3.35225594419e-33
4.87947101173e-36
5.3390661235e-37
8.28738028754e-38
5.66304473239e-40
1.18413393403e-39
1.23249331002e-41
0
0
0
0
0
0
0
0
0
0
0
0
0
0
0
0
0
0
0
0
0
0
0
0
0
0
0
0
0
0
0
0
0
0
0
0
0
0
0
0
0
0
0
0
0
0
0
0
0
0
0
0
0
0
0
0
0
0
0
0
0
8.63473398645e-39
2.49734325106e-38
2.70103705543e-38
2.79787460722e-38
3.03995349344e-38
3.25374684341e-38
3.4565177188e-38
3.52460210362e-38
3.35717696177e-38
3.01013065483e-38
2.41262980935e-38
5.14880795008e-39
1.97940423583e-39
1.4739486408e-39
1.32960185482e-39
1.34591663587e-39
1.42645686544e-39
1.55899797632e-39
1.72686404457e-39
1.93586954089e-39
2.19068378479e-39
2.49788483238e-39
2.87097903039e-39
3.42793827127e-39
4.34039244645e-37
200
59.1195187986
1.29873263708e-33
8.26342713121e-36
7.67554560959e-37
2.66658248829e-38
1.46212238067e-39
3.71472269701e-40
2.19229406545e-40
5.09528657941e-40
6.98990611754e-40
5.14705282495e-43
0
0
0
0
0
0
0
0
0
0
0
0
0
0
0
0
0
0
0
0
0
0
0
0
0
0
0
0
0
0
0
0
0
0
0
0
0
0
0
0
0
0
0
0
0
0
0
0
0
0
0
0
0
0
0
0
0
0
0
1.98064957369e-38
2.89556597675e-38
3.02309750523e-38
3.12169613264e-38
3.27555535468e-38
3.41068169456e-38
3.5591520443e-38
3.65771268569e-38
3.79076449717e-38
3.83960303925e-38
3.57227241163e-38
1.59119523207e-38
3.2428689781e-39
1.94406516858e-39
1.5481413584e-39
1.45583760388e-39
1.47446614603e-39
1.55000338728e-39
1.66991137703e-39
1.82523521124e-39
2.00706402249e-39
2.22029519754e-39
2.4597995056e-39
2.77675090954e-39
1.61312449561e-37
2.74360624306e-32
4.81657014681e-34
1.13352910307e-35
9.04175744251e-37
5.60269403186e-38
2.05222017878e-39
5.07970493991e-40
2.93473431547e-40
2.4364286096e-40
3.00761707281e-40
2.43520783242e-40
4.125674997e-40
6.11491931017e-42
0
0
0
0
0
0
0
0
0
0
0
0
0
0
0
0
0
0
0
0
0
0
0
0
0
0
0
0
0
0
0
0
0
0
0
0
0
0
0
0
0
0
0
0
0
0
0
0
0
0
0
0
0
0
0
0
0
0
1.79967513276e-38
3.17931334692e-38
3.21756863836e-38
3.4428474878e-38
3.56463694347e-38
3.6452852648e-38
3.74926533339e-38
3.85635508737e-38
4.02188769466e-38
4.30473852061e-38
4.52284077877e-38
2.94101207814e-38
5.09902243565e-39
2.49301600378e-39
1.84073774774e-39
1.61781126756e-39
1.56337111556e-39
1.58591907104e-39
1.66136843133e-39
1.76918665531e-39
1.90216455221e-39
2.05642731237e-39
2.22126855626e-39
2.4279945054e-39
4.78972019873e-38
1.39816064643e-34
1.2223592693e-35
1.16334782691e-36
8.93041780622e-38
2.65291991104e-39
4.57165902962e-40
2.89660933373e-40
2.19278574864e-40
1.97306465891e-40
1.97280587829e-40
1.82139054828e-40
1.59612465913e-40
3.71266925004e-40
9.83385522829e-41
0
0
0
0
0
0
0
0
0
0
0
0
0
0
0
0
0
0
0
0
0
0
0
0
0
0
0
0
0
0
0
0
0
0
0
0
0
0
0
0
0
0
0
0
0
0
0
0
0
0
0
0
0
0
0
0
0
0
4.85427988472e-38
3.7691746431e-38
3.97565449265e-38
4.02996424522e-38
4.0326158152e-38
4.08704921495e-38
4.15590281886e-38
4.32484287971e-38
4.52588998578e-38
4.91933826927e-38
4.26202679381e-38
1.09388115345e-38
3.24962766891e-39
2.18509742389e-39
1.8186267145e-39
1.68852902959e-39
1.66151855504e-39
1.69163986387e-39
1.7698828263e-39
1.86867118562e-39
1.9826684189e-39
2.10036962724e-39
200
200
1.46779106445e-35
1.45636387131e-36
1.3151935339e-37
9.22537215132e-40
3.57488874368e-40
2.46280550909e-40
1.97350717378e-40
1.77575819302e-40
1.59773985885e-40
1.59748107823e-40
1.59687406195e-40
1.77430451327e-40
2.50358163072e-40
6.09137088768e-40
3.11308361789e-40
0
0
0
0
0
0
0
0
0
0
0
0
0
0
0
0
0
0
0
0
0
0
0
0
0
0
0
0
0
0
0
0
0
0
0
0
0
0
0
0
0
0
0
0
0
0
0
0
0
0
0
0
0
0
0
0
0
8.13100346289e-38
5.23020141917e-38
5.0179237377e-38
4.77047378175e-38
4.60485981858e-38
4.54018736316e-38
4.57480729315e-38
4.6391068778e-38
4.80501120236e-38
5.05121472464e-38
5.39669229877e-38
2.01961509121e-38
4.25809007413e-39
2.58999976404e-39
2.05924807129e-39
1.84509797706e-39
1.76134922173e-39
1.76312396286e-39
1.80356391827e-39
1.87565018525e-39
200
200
200
200
2.40196683112e-36
1.69202271982e-37
3.35940796313e-40
2.63498217682e-40
2.10876194134e-40
1.77403865612e-40
1.51354915219e-40
1.42046561777e-40
1.29395967336e-40
1.2937267708e-40
1.3929453974e-40
1.57891318552e-40
2.08518390072e-40
4.6887936673e-40
1.15021040034e-38
1.46227128639e-39
0
0
0
0
0
0
0
0
0
0
0
0
0
0
0
0
0
0
0
0
0
0
0
0
0
0
0
0
0
0
0
0
0
0
0
0
0
0
0
0
0
0
0
0
0
0
0
0
0
0
0
0
0
0
0
0
8.65514435172e-38
7.11347861286e-38
6.26330836e-38
5.74525419019e-38
5.33843142358e-38
5.1577454128e-38
5.04474297754e-38
5.02105765693e-38
5.09937459965e-38
5.26383708592e-38
6.07095781788e-38
2.94358769536e-38
5.42870358542e-39
3.03712434398e-39
2.32812580072e-39
2.02800045454e-39
1.90346178975e-39
1.86577985881e-39
200
200
200
200
200
200
2.35690327525e-37
2.09850863425e-40
1.8930238716e-40
1.66481815671e-40
1.44189960906e-40
1.2943068123e-40
1.16456370603e-40
1.12989832914e-40
1.06242246119e-40
1.08127265828e-40
1.16386241054e-40
1.2928609739e-40
1.77327619139e-40
2.87902168199e-36
1.0255830049e-36
3.2215814522e-37
2.50518099839e-39
0
0
0
0
0
0
0
0
0
0
0
0
0
0
0
0
0
0
0
0
0
0
0
0
0
0
0
0
0
0
0
0
0
0
0
0
0
0
0
0
0
0
0
0
0
0
0
0
0
0
0
0
0
0
0
9.12401323815e-38
8.80059426317e-38
7.56115883305e-38
6.83286737295e-38
6.3048142505e-38
5.87416470905e-38
5.59022059125e-38
5.44001787053e-38
5.40251949219e-38
5.46163100993e-38
6.10094566238e-38
3.40313373365e-38
6.5129029293e-39
3.50815047069e-39
2.62036132692e-39
2.2403138181e-39
200
200
200
200
200
200
200
200
1.44387674051e-40
1.38395566035e-40
1.3013938618e-40
1.19907479846e-40
1.10339105267e-40
1.03349492654e-40
9.42938164839e-41
9.35026082259e-41
9.02095971409e-41
9.245301656e-41
9.42236869348e-41
1.06749388239e-40
4.54248207883e-31
1.94813902039e-30
2.82630819168e-32
2.08235941564e-34
8.24297858397e-36
6.88096776438e-40
0
0
0
0
0
0
0
0
0
0
0
0
0
0
0
0
0
0
0
0
0
0
0
0
0
0
0
0
0
0
0
0
0
0
0
0
0
0
0
0
0
0
0
0
0
0
0
0
0
0
0
0
0
0
7.86570485354e-38
1.02475935911e-37
8.6796337939e-38
7.86226989573e-38
7.24082898959e-38
6.63654091977e-38
6.18015019848e-38
5.85610059686e-38
5.66741426613e-38
5.58539589346e-38
6.04797177788e-38
3.29462252245e-38
200
200
200
200
200
200
200
200
200
200
200
200
1.05417385049e-40
1.02218471769e-40
9.8253028606e-41
9.37994738761e-41
8.76216561543e-41
8.42011385162e-41
7.82470813014e-41
7.63211864172e-41
7.63211864172e-41
7.62978961611e-41
7.93516572838e-41
1.66598219578e-25
200
200
200
9.23157962503e-29
4.38741541641e-33
4.45943716076e-35
1.1229561976e-40
0
0
0
0
0
0
0
0
0
0
0
0
0
0
0
0
0
0
0
0
0
0
0
0
0
0
0
0
0
0
0
0
0
0
0
0
0
0
0
0
0
0
0
0
0
0
0
0
0
0
0
0
0
5.57532068331e-38
1.12075114217e-37
200
200
200
200
200
200
200
200
200
200
200
200
200
200
200
200
200
200
200
200
200
200
8.29312515e-41
8.17000182824e-41
7.93880040441e-41
7.63871428156e-41
7.3081325732e-41
6.87028204389e-41
6.71763573372e-41
6.4223172595e-41
6.2653446419e-41
6.35586715379e-41
6.81282459286e-41
200
200
200
200
200
200
7.91928064581e-32
3.6121440652e-35
2.91980628142e-43
0
0
0
0
0
0
0
0
0
0
0
0
0
0
0
0
0
0
0
0
0
0
0
0
0
0
0
0
0
0
0
0
0
0
0
0
0
0
0
0
0
0
0
0
0
0
0
0
0
0
0
0
200
200
200
200
200
200
200
200
200
200
200
200
200
200
200
200
200
200
200
200
200
200
200
200
6.97871633128e-41
6.77401773313e-41
6.64141239306e-41
6.43730699293e-41
6.13947201577e-41
5.8873725211e-41
5.61059509989e-41
5.48631421074e-41
5.3964901457e-41
5.4483895287e-41
5.55813399634e-41
6.17803346599e-41
200
200
200
200
200
200
6.41210707756e-32
7.55845591387e-37
0
0
0
0
0
0
0
0
0
0
0
0
0
0
0
0
0
0
0
0
0
0
0
0
0
0
0
0
0
0
0
0
0
0
0
0
0
0
0
0
0
0
0
0
0
0
0
0
0
0
0
200
200
200
200
200
200
200
200
200
200
200
200
200
200
200
200
200
200
200
200
200
200
200
200
200
5.88510713288e-41
5.80423185374e-41
5.61508660918e-41
5.37824272835e-41
5.21860174862e-41
4.90865277251e-41
4.75634389e-41
4.61021350482e-41
4.51345806499e-41
4.51998600139e-41
4.69604289275e-41
5.1292214875e-41
6.45069061365e-41
200
200
200
200
200
200
3.66337826345e-33
4.77314505532e-37
0
0
0
0
0
0
0
0
0
0
0
0
0
0
0
0
0
0
0
0
0
0
0
0
0
0
0
0
0
0
0
0
0
0
0
0
0
0
0
0
0
0
0
0
0
0
0
0
0
200
200
200
200
200
200
200
200
200
200
200
200
200
200
200
200
200
200
200
200
200
200
200
200
200
200
4.94650471673e-41
4.80092173208e-41
4.70968034636e-41
4.54713125515e-41
4.33123747333e-41
4.22069887659e-41
4.01116961079e-41
3.89777835511e-41
3.83699946467e-41
3.83201336926e-41
3.92037796662e-41
4.21605754858e-41
5.06000104331e-41
6.39988103101e-39
200
200
200
200
200
5.84539549506e-26
1.82059148994e-34
8.47735405745e-40
0
0
0
0
0
0
0
0
0
0
0
0
0
0
0
0
0
0
0
0
0
0
0
0
0
0
0
0
0
0
0
0
0
0
0
0
0
0
0
0
0
0
0
0
0
0
0
0
200
200
200
200
200
200
200
200
200
200
200
200
200
200
200
200
200
200
200
200
200
200
200
200
200
200
4.15251715372e-41
4.07417630455e-41
3.99067289474e-41
3.86542141159e-41
3.7472687603e-41
3.58032595833e-41
3.47323696671e-41
3.39238121166e-41
3.31515505479e-41
3.27192188544e-41
3.332077004e-41
3.4748511263e-41
3.93629659136e-41
2.14890379725e-39
8.673561158e-38
200
200
200
200
200
1.39928805153e-31
4.04236797644e-37
7.63235359831e-41
0
0
0
0
0
0
0
0
0
0
0
0
0
0
0
0
0
0
0
0
0
0
0
0
0
0
0
0
0
0
0
0
0
0
0
0
0
0
0
0
0
0
0
0
0
0
200
200
200
200
200
200
200
200
200
200
200
200
200
200
200
200
200
200
200
200
200
200
200
200
200
200
200
3.64706248812e-41
3.56862602461e-41
3.48294460215e-41
3.39220345328e-41
3.28310637157e-41
3.14946333947e-41
3.08648621602e-41
2.9821938777e-41
2.8785104317e-41
2.84698656525e-41
2.84736954869e-41
2.91232233168e-41
3.1567690845e-41
6.05139265079e-41
4.17521092711e-38
7.72199115441e-38
200
200
200
200
1.40207104077e-23
5.36646284108e-37
5.49406038129e-37
0
0
0
0
0
0
0
0
0
0
0
0
0
0
0
0
0
0
0
0
0
0
0
0
0
0
0
0
0
0
0
0
0
0
0
0
0
0
0
0
0
0
0
0
0
0
200
200
200
200
200
200
200
200
200
200
200
200
200
200
200
200
200
200
200
200
200
200
200
200
200
200
200
3.28510778176e-41
3.21412274164e-41
3.14268733854e-41
3.05630306452e-41
2.96712288462e-41
2.85254123277e-41
2.78152799017e-41
2.66147045136e-41
2.55751111579e-41
2.51375394392e-41
2.48950385584e-41
2.50818139884e-41
2.62051506077e-41
3.13598929201e-41
1.07392964933e-38
1.09542669044e-37
6.89444096663e-38
1.00144550417e-37
200
200
200
4.13504615494e-37
8.26736401783e-37
5.58660913959e-37
0
0
0
0
0
0
0
0
0
0
0
0
0
0
0
0
0
0
0
0
0
0
0
0
0
0
0
0
0
0
0
0
0
0
0
0
0
0
0
0
0
0
0
0
200
200
200
200
200
200
200
200
200
200
200
200
200
200
200
200
200
200
200
200
200
200
200
200
200
200
200
200
3.03831089688e-41
2.96223535985e-41
2.90785421814e-41
2.81785040277e-41
2.71772081489e-41
2.62553832248e-41
2.51083992574e-41
2.40032647193e-41
2.28641650074e-41
2.2302629017e-41
2.16363920434e-41
2.13874230662e-41
2.20853202497e-41
2.42826792367e-41
1.90181984952e-39
5.53063268883e-38
6.59431635745e-38
1.008124467e-37
1.46913520223e-37
1.96296370504e-37
2.95519986433e-37
4.04796822666e-37
6.4580577359e-37
1.46238218036e-36
7.65248436719e-36
0
0
0
0
0
0
0
0
0
0
0
0
0
0
0
0
0
0
0
0
0
0
0
0
0
0
0
0
0
0
0
0
0
0
0
0
0
0
0
0
0
0
0
200
200
200
200
200
200
200
200
200
200
200
200
200
200
200
200
200
200
200
200
200
200
200
200
200
200
200
200
2.8618436652e-41
2.78169530811e-41
2.72128744297e-41
2.63719115927e-41
2.53159548949e-41
2.42257188211e-41
2.29702927104e-41
2.17217831685e-41
2.05065128055e-41
1.95745542557e-41
1.8703348311e-41
1.8304810953e-41
1.8271102535e-41
1.91633530547e-41
2.55153413391e-41
1.0411857062e-38
6.07606615209e-38
7.98013890472e-38
1.6641084064e-37
2.51716601718e-37
3.77555707467e-37
5.13346622021e-37
7.89088592199e-37
1.97352485386e-36
5.61910855127e-36
3.99085943324e-37
0
0
0
0
0
0
0
0
0
0
0
0
0
0
0
0
0
0
0
0
0
0
0
0
0
0
0
0
0
0
0
0
0
0
0
0
0
0
0
0
0
0
200
200
200
200
200
200
200
200
200
200
200
200
200
200
200
200
200
200
200
200
200
200
200
200
200
200
200
200
2.7559630329e-41
2.65428087162e-41
2.58764606228e-41
2.49845628505e-41
2.36777315198e-41
2.24998184166e-41
2.11105289392e-41
1.96864086128e-41
1.84367808935e-41
1.73171996346e-41
1.63857252267e-41
1.5674818811e-41
1.5130009416e-41
1.51569473149e-41
1.6490625218e-41
8.95654105454e-40
1.73672959627e-38
3.9741121747e-38
8.96305881585e-38
1.70045477857e-37
3.31455811029e-37
5.76806248543e-37
1.04374447145e-36
1.3447328522e-36
1.38858034746e-36
3.47041476222e-36
0
0
0
0
0
0
0
0
0
0
0
0
0
0
0
0
0
0
0
0
0
0
0
0
0
0
0
0
0
0
0
0
0
0
0
0
0
0
0
0
0
0
200
200
200
200
200
200
200
200
200
200
200
200
200
200
200
200
200
200
200
200
200
200
200
200
200
200
200
200
2.723952331e-41
2.59157835143e-41
2.5062869252e-41
2.39382480885e-41
2.25764001637e-41
2.10885332711e-41
1.9556087221e-41
1.81052907375e-41
1.67057293273e-41
1.55055894761e-41
1.4546754586e-41
1.36937653445e-41
1.31651243262e-41
1.27005497145e-41
1.27038432938e-41
1.43667612059e-41
2.35197974575e-39
1.15540621374e-38
2.59889277409e-38
5.94950325383e-38
1.1392761172e-37
2.34747376701e-37
4.40441152448e-37
7.2350782047e-37
9.04175658413e-37
1.42250050808e-36
9.17545182773e-36
1.64948098606e-29
0
0
0
0
0
0
0
0
0
0
0
0
0
0
0
0
0
0
0
0
0
0
0
0
0
0
0
0
0
0
0
0
0
0
0
0
0
0
0
200
200
200
200
200
200
200
200
200
200
200
200
200
200
200
200
200
200
200
200
200
200
200
200
200
200
200
200
200
2.80528355221e-41
2.60614523854e-41
2.48997073711e-41
2.35492773005e-41
2.18088681643e-41
2.01275306234e-41
1.84454014253e-41
1.68099031352e-41
1.54079838099e-41
1.41338287576e-41
1.31055454365e-41
1.23171923275e-41
1.15683724655e-41
1.08633856791e-41
1.05676725993e-41
1.05896742743e-41
2.04332070886e-41
1.96655360262e-39
5.03832500897e-39
1.15550347322e-38
2.4783554903e-38
5.25774119367e-38
1.06689811255e-37
2.252446141e-37
4.23259856649e-37
8.86100831668e-37
1.14740007392e-29
90.2286387324
0
0
0
0
0
0
0
0
0
0
0
0
0
0
0
0
0
0
0
0
0
0
0
0
0
0
0
0
0
0
0
0
0
0
0
0
0
0
0
200
200
200
200
200
200
200
200
200
200
200
200
200
200
200
200
200
200
200
200
200
200
200
200
200
200
200
200
200
200
2.77237337301e-41
2.57057724745e-41
2.35417220701e-41
2.15168567084e-41
1.95081705874e-41
1.76772672926e-41
1.59719017906e-41
1.45128034373e-41
1.32062464675e-41
1.21924860048e-41
1.11911365902e-41
1.03290885155e-41
9.5526060212e-42
8.76249958278e-42
8.33517813683e-42
8.3773005361e-42
1.15560316259e-40
9.81886850835e-40
2.03953476461e-39
3.94903660692e-39
7.02041885399e-39
1.33643549598e-38
3.44959931038e-38
1.41915599757e-37
4.05417957385e-35
3.96053476167e-29
3.89216926737e-37
62.7283214811
0
0
0
0
0
0
0
0
0
0
0
0
0
0
0
0
0
0
0
0
0
0
0
0
0
0
0
0
0
0
0
0
0
0
0
0
0
0
200
200
200
200
200
200
200
200
200
200
200
200
200
200
200
200
200
200
200
200
200
200
200
200
200
200
200
200
200
6.67218463097e-27
3.23112052455e-41
2.82541360062e-41
2.46718881531e-41
2.18042658178e-41
1.93269644507e-41
1.71836447689e-41
1.53440932126e-41
1.36799257676e-41
1.25184884938e-41
1.13557078867e-41
1.03294885209e-41
9.31011697007e-42
8.33067571469e-42
7.42159150403e-42
6.67778781031e-42
6.19474393748e-42
6.35762651379e-42
1.04472863307e-40
3.27583384377e-40
6.00649727824e-40
9.96087657809e-40
1.44886701021e-39
2.00579872129e-39
3.5994375517e-39
1.73742752448e-38
1.22140588247e-37
1.48491567627e-38
200
0
0
0
0
0
0
0
0
0
0
0
0
0
0
0
0
0
0
0
0
0
0
0
0
0
0
0
0
0
0
0
0
0
0
0
0
0
200
200
200
200
200
200
200
200
200
200
200
200
200
200
200
200
200
200
200
200
200
200
200
200
200
200
200
200
200
200
1.55602776617e-35
4.59821314254e-41
3.46033333091e-41
2.73084582365e-41
2.27282650791e-41
1.94763455214e-41
1.69971686155e-41
1.48952104506e-41
1.33115240046e-41
1.19326296653e-41
1.07596747174e-41
9.67300183811e-42
8.56304060568e-42
7.44546969298e-42
6.44982675667e-42
5.63875043771e-42
4.9438590663e-42
4.43379467167e-42
5.7058409426e-42
3.67280232558e-41
6.81641511364e-41
1.18174185082e-40
1.7057904661e-40
1.58872163006e-40
1.13547322564e-40
3.37899745513e-41
2.9517083215e-41
1.28524537306e-41
2.0013357105e-40
200
0
0
0
0
0
0
0
0
0
0
0
0
0
0
0
0
0
0
0
0
0
0
0
0
0
0
0
0
0
0
0
0
0
0
0
0
200
200
200
200
200
200
200
200
200
200
200
200
200
200
200
200
200
200
200
200
200
200
200
200
200
200
200
200
200
200
1.15185564711e-34
1.3897527191e-32
199.974709195
3.22129925327e-41
2.42318499619e-41
1.99332308841e-41
1.69562780104e-41
1.46810698236e-41
1.3032161539e-41
1.16388777775e-41
1.0343385783e-41
9.22092541125e-42
8.07717842403e-42
6.93587242933e-42
5.92344404766e-42
5.00324066942e-42
3.96399223136e-42
2.56667323767e-42
2.78356612229e-42
4.94506392841e-42
9.07820809343e-42
1.27446263367e-41
1.21922654191e-41
6.95403289321e-42
9.05744113908e-42
1.26644929423e-41
2.15143010939e-41
3.65041868677e-41
2.43695411415e-40
3.38988744786e-39
0
0
0
0
0
0
0
0
0
0
0
0
0
0
0
0
0
0
0
0
0
0
0
0
0
0
0
0
0
0
0
0
0
0
0
2.61300603774e-44
200
200
200
200
200
200
200
200
200
200
200
200
200
200
200
200
200
200
200
200
200
200
200
200
200
200
200
200
200
200
4.18419790702e-34
1.35511965612e-35
1.50891339211e-29
200
8.61413951353e-25
2.04697027112e-41
1.69033775942e-41
1.45472878384e-41
1.28452717621e-41
1.14084233882e-41
1.01610732492e-41
8.9731703277e-42
7.72914513745e-42
6.59462787312e-42
5.49812248783e-42
4.33974261853e-42
3.08104880942e-42
1.64683805894e-42
2.91978345923e-43
5.21689110063e-43
6.0965933154e-43
6.92123285008e-43
1.54788568699e-42
2.24780757535e-42
3.70703421095e-42
7.71986231326e-42
1.93528452929e-41
7.42156112759e-41
4.12905490043e-40
3.71604915347e-40
1.23773970209e-44
0
0
0
0
0
0
0
0
0
0
0
0
0
0
0
0
0
0
0
0
0
0
0
0
0
0
0
0
0
0
0
0
0
0
200
200
200
200
200
200
200
200
200
200
200
200
200
200
200
200
200
200
200
200
200
200
200
200
200
200
200
200
200
200
200
3.32611922433e-34
3.53314413197e-34
3.64272934385e-34
7.07062930494e-34
1.47896183453e-28
200
200
1.51021694345e-41
1.30233588439e-41
1.14920473729e-41
1.0157963338e-41
8.93403346981e-42
7.51707110372e-42
6.43420334406e-42
5.30771635243e-42
4.37532808831e-42
3.23560580564e-42
1.55100506383e-42
2.91978345923e-43
4.71391255803e-43
5.95906668184e-43
6.78370621651e-43
8.56309280547e-43
2.00604822107e-42
2.82957505714e-42
6.01435837565e-42
1.74175607636e-41
3.65142125593e-41
6.87874876261e-41
2.81954936555e-42
2.00574721997e-39
0
0
0
0
0
0
0
0
0
0
0
0
0
0
0
0
0
0
0
0
0
0
0
0
0
0
0
0
0
0
0
0
0
0
200
200
200
200
200
200
200
200
200
200
200
200
200
200
200
200
200
200
200
200
200
200
200
200
200
200
200
200
200
200
200
)
;

boundaryField
{
    frontAndBack
    {
        type            empty;
    }
    leftWall
    {
        type            calculated;
        value           uniform 0;
    }
    outlet
    {
        type            calculated;
        value           uniform 0;
    }
    rightWall
    {
        type            calculated;
        value           uniform 0;
    }
    inlet
    {
        type            calculated;
        value           uniform 1.85002207036e-38;
    }
}


// ************************************************************************* //
