/*--------------------------------*- C++ -*----------------------------------*\
| =========                 |                                                 |
| \\      /  F ield         | OpenFOAM: The Open Source CFD Toolbox           |
|  \\    /   O peration     | Version:  v1906                                 |
|   \\  /    A nd           | Web:      www.OpenFOAM.com                      |
|    \\/     M anipulation  |                                                 |
\*---------------------------------------------------------------------------*/
FoamFile
{
    version     2.0;
    format      ascii;
    class       volScalarField;
    location    "176";
    object      alpha;
}
// * * * * * * * * * * * * * * * * * * * * * * * * * * * * * * * * * * * * * //

dimensions      [0 0 -1 0 0 0 0];


internalField   nonuniform List<scalar> 
9216
(
156.861002933
199.99999474
199.999995144
199.999995144
199.999995144
199.999995477
199.999995477
199.999995477
199.999995477
199.999995477
199.999995149
199.999994481
199.999994568
199.999993785
199.999993785
199.999993785
199.999994481
199.999995044
199.999995044
199.999995044
199.999995044
199.9999938
199.999993526
199.999993526
199.999993526
199.999993526
199.999992566
199.999992131
199.999991764
199.99999105
199.999990853
199.999988727
199.999989393
199.99999151
199.999991704
199.999992818
199.999992882
199.999992882
199.999992882
199.999992882
199.999992882
199.999992225
199.999991075
199.999990968
199.999991821
199.999991821
199.999991821
199.999991821
199.999991821
199.999991768
199.999992031
199.999992309
199.999992616
199.999992882
199.999992882
199.999992703
199.999992099
199.999991322
199.999990047
199.999988181
199.999986547
199.999985078
199.999983949
199.999982572
199.999979997
199.999976213
199.999972716
199.999971547
199.999967564
199.999962543
199.999957926
199.999952328
199.999947428
199.999942675
199.999934097
199.999919336
199.999902658
199.999884597
199.999855294
199.999801191
199.999656872
199.998205622
199.913477995
186.368159283
168.639049863
154.68708645
140.055524492
119.387951577
94.94669108
74.201201364
55.6983410753
41.3468801344
30.0226885915
19.6418007584
11.7407892112
1.33054137716
199.999994409
199.999995442
199.999995477
199.999995477
199.999995477
199.999995477
199.999995477
199.999995144
199.999995144
199.999995144
199.999995144
199.999995144
199.999994517
199.999993822
199.999993822
199.999993822
199.999994076
199.999994107
199.999994107
199.999993802
199.999994774
199.999994363
199.999993737
199.999993055
199.999992782
199.999992782
199.999992782
199.999992782
199.99999277
199.999991721
199.999990862
199.999990862
199.999990862
199.999990862
199.999990862
199.999990862
199.999990862
199.999990089
199.999990089
199.999989393
199.999989393
199.999989393
199.999989393
199.999988215
199.999988215
199.999988215
199.999988215
199.999988215
199.999988215
199.999988215
199.999988215
199.999988215
199.999988215
199.999987209
199.999986418
199.999986308
199.999985513
199.999984171
199.999980036
199.999976379
199.99997343
199.999970986
199.999968695
199.999967607
199.99996482
199.999959098
199.999952869
199.999950733
199.99995117
199.999952738
199.999950679
199.999943801
199.999935658
199.999926761
199.999915691
199.999899778
199.999885021
199.999883754
199.999888254
199.999857647
199.999800689
199.999537908
199.997409156
199.416361048
184.071852593
168.167113823
154.035426681
132.169459324
111.748062934
87.0968792092
65.8183168205
52.6937183941
42.1438278983
27.0536912605
17.8853037929
14.202456472
199.999995144
199.999995519
199.999995378
199.9999956
199.999995144
199.999995144
199.999995144
199.999995144
199.999995144
199.999995144
199.999994774
199.999994774
199.999994774
199.999994774
199.999993041
199.999993737
199.999993737
199.999993737
199.999993737
199.999993737
199.999993737
199.999993737
199.999993737
199.999992782
199.999992782
199.999991864
199.999991025
199.999990166
199.999990166
199.999990166
199.999989393
199.999989393
199.999988215
199.999988215
199.999988215
199.999988215
199.999988215
199.999988215
199.999988215
199.999988215
199.999988215
199.999988215
199.999986905
199.999986905
199.999985109
199.999985109
199.999983492
199.999983492
199.999982037
199.999980041
199.999980041
199.999980041
199.999980041
199.999980041
199.999980041
199.999980041
199.999980041
199.999979235
199.99997704
199.999972896
199.99996911
199.999966086
199.999963278
199.999959855
199.999954379
199.999946635
199.999938294
199.999931397
199.999923666
199.999912775
199.999900981
199.999898846
199.999883311
199.999889254
199.999871263
199.999845207
199.99982524
199.999805248
199.999775544
199.999749441
199.999702719
199.999176187
199.992726192
196.979443531
181.895731063
165.213626624
144.097203405
133.215223968
118.30066472
90.0050576991
63.0215195123
57.0861195444
41.3172305189
31.7189341241
27.9813223742
18.7324968979
199.999995477
199.9999956
199.9999956
199.9999956
199.999995144
199.999995144
199.999995144
199.999995144
199.999994774
199.999994774
199.999994774
199.999994774
199.999994774
199.999993737
199.999993737
199.999993737
199.999993737
199.999993737
199.999993737
199.999993737
199.999993737
199.999993041
199.999993041
199.999992086
199.999991025
199.999990166
199.999989393
199.999989393
199.999988215
199.999988215
199.999988215
199.999988215
199.999988215
199.999988215
199.999988215
199.999988215
199.999986905
199.999986905
199.999986905
199.999986905
199.999983654
199.999982037
199.999980041
199.999980041
199.999980041
199.999980041
199.999980041
199.999980041
199.999980041
199.999980041
199.999977824
199.999977824
199.999977824
199.999977824
199.999977824
199.999977824
199.999977824
199.999977824
199.999977622
199.999974541
199.99997042
199.999966657
199.999962595
199.999958899
199.999953572
199.999945803
199.999936734
199.99992884
199.999921432
199.999911187
199.999899997
199.999885958
199.999869348
199.999864493
199.99983832
199.999811284
199.999788887
199.999766454
199.999736823
199.999684102
199.999210624
199.991429705
199.597034606
189.162559452
176.269359935
158.401116019
142.560454829
132.152050139
110.943771934
95.8057945054
77.4462981051
54.204696632
49.9713073702
41.1727443064
34.8614765691
23.0428615055
199.999995477
199.9999956
199.9999956
199.99999537
199.999995144
199.999995144
199.999995144
199.999994774
199.999994774
199.999994774
199.999994774
199.999994774
199.999993737
199.999993737
199.999993737
199.999993737
199.999993737
199.999993737
199.999993737
199.999993041
199.999993041
199.999993041
199.999992086
199.999991025
199.999989393
199.999989393
199.999988215
199.999988215
199.999988215
199.999988215
199.999988215
199.999988215
199.999986905
199.999986905
199.999986905
199.999986905
199.999986905
199.99998545
199.999982037
199.999980041
199.999980041
199.999980041
199.999980041
199.999980041
199.999977824
199.999977824
199.999977824
199.999977824
199.999977824
199.999977824
199.999977824
199.999977824
199.99997536
199.99997536
199.99997536
199.99997536
199.99997536
199.99997536
199.99997536
199.999971171
199.999967292
199.999961644
199.999955459
199.999950806
199.99994532
199.999935898
199.999929326
199.999924593
199.999915507
199.999904548
199.999894415
199.999886941
199.999870224
199.999848015
199.999816807
199.99979107
199.999786991
199.999766719
199.999737502
199.999683748
199.999164103
199.991066933
199.419260297
184.365842579
167.708658197
149.43726423
133.763026635
124.915239734
119.546455681
98.0449293178
84.9086132951
64.2867901692
49.9537252024
49.586438737
45.7945559554
33.7848037367
199.999995477
199.9999956
199.9999956
199.999995144
199.999995144
199.999995144
199.999994774
199.999994774
199.999994774
199.999994774
199.999994774
199.999994363
199.999993737
199.999993737
199.999993737
199.999993737
199.999993737
199.999993041
199.999993041
199.999993041
199.999993041
199.999992086
199.999991025
199.999989393
199.999988215
199.999988215
199.999988215
199.999988215
199.999988215
199.999988215
199.999986905
199.999986905
199.999986905
199.999986905
199.999986905
199.99998545
199.999982037
199.999982037
199.999980041
199.999980041
199.999980041
199.999980041
199.999977824
199.999977824
199.999977824
199.999977824
199.999977824
199.99997536
199.99997536
199.99997536
199.99997536
199.99997536
199.999972622
199.999972622
199.999972622
199.99996958
199.99996958
199.9999662
199.9999662
199.999962221
199.999946827
199.999935441
199.999927171
199.999921565
199.999917392
199.999913627
199.999903061
199.999901527
199.999895335
199.99988643
199.999876782
199.999861556
199.999841681
199.999813878
199.999793033
199.999790652
199.999771942
199.999733421
199.999709903
199.999679225
199.999189527
199.981105435
193.513183471
181.613396503
165.724169462
148.812450043
140.80722799
125.173732514
107.812118413
91.056448093
91.1814038127
79.2913003731
59.9007001152
56.5142120714
55.7857284245
43.1872437413
199.999995477
199.9999956
199.9999956
199.999995144
199.999995144
199.999994774
199.999994774
199.999994774
199.999994774
199.999994774
199.999994774
199.999993737
199.999993737
199.999993737
199.999993041
199.999993041
199.999993041
199.999993041
199.999993041
199.999993041
199.999993041
199.999991025
199.999989393
199.999988215
199.999988215
199.999988215
199.999988215
199.999988215
199.999986905
199.999986905
199.999986905
199.999986905
199.999986905
199.99998545
199.99998545
199.999982037
199.999980041
199.999980041
199.999980041
199.999980041
199.999977824
199.999977824
199.999977824
199.999977824
199.99997536
199.99997536
199.99997536
199.99997536
199.99997536
199.999972622
199.999972622
199.999972622
199.99996958
199.99996958
199.9999662
199.9999662
199.999962444
199.999962444
199.999947802
199.999922544
199.999917392
199.999903061
199.999903061
199.999903061
199.999892291
199.999892291
199.999892291
199.999892291
199.999880323
199.999880291
199.999875214
199.999860558
199.999841736
199.999818793
199.999794775
199.999789424
199.999757908
199.999726601
199.999713564
199.999608329
199.997560151
199.947716516
188.606947655
175.315025869
162.229025457
148.097027713
136.409532501
125.260512087
107.474418944
100.636085288
87.3633968988
87.5078810946
77.6038461974
65.4501900913
65.4056428962
52.2766616804
199.999995477
199.9999956
199.9999956
199.999995144
199.999995144
199.999995231
199.999995231
199.999994774
199.999994774
199.999994774
199.999994148
199.999993737
199.999993737
199.999993041
199.999993041
199.999993041
199.999993041
199.999993041
199.999993041
199.999993041
199.999992086
199.999990166
199.999988215
199.999988215
199.999988215
199.999988215
199.999988215
199.999986905
199.999986905
199.999986905
199.999986905
199.999986905
199.99998545
199.99998545
199.999982037
199.999980041
199.999980041
199.999980041
199.999977824
199.999977824
199.999977824
199.999977824
199.999977824
199.99997536
199.99997536
199.99997536
199.99997536
199.999972622
199.999972622
199.999972622
199.99996958
199.99996958
199.9999662
199.9999662
199.999962444
199.999962444
199.999958271
199.999924387
199.999912755
199.999903061
199.999903061
199.999892291
199.999892291
199.999880323
199.999880323
199.999867025
199.999867025
199.99985225
199.99985225
199.99985225
199.999835834
199.999835615
199.99982307
199.999803245
199.999779473
199.99975851
199.999742862
199.999716952
199.999706904
199.999542691
199.997796251
199.771326375
187.60595557
175.43995018
159.615809462
147.894210271
132.023644526
120.32583944
110.263963783
105.406680788
97.4886492453
87.7775852879
88.8242024112
73.7179851419
74.5530882346
61.5079932897
199.999995671
199.9999956
199.9999956
199.9999956
199.999995231
199.999995231
199.999995231
199.999994774
199.999994774
199.999994774
199.999994148
199.999993737
199.999993041
199.999993041
199.999993041
199.999993041
199.999993041
199.999993041
199.999993041
199.999993041
199.999991025
199.999989393
199.999988215
199.999988215
199.999988215
199.999988215
199.999986905
199.999986905
199.999986905
199.999986905
199.999986905
199.99998545
199.99998545
199.999982037
199.999980041
199.999980041
199.999980041
199.999977824
199.999977824
199.999977824
199.999977824
199.99997536
199.99997536
199.99997536
199.99997536
199.999972622
199.999972622
199.999972622
199.99996958
199.99996958
199.9999662
199.9999662
199.999962444
199.999962444
199.999958271
199.999944844
199.999912755
199.999903061
199.999903061
199.999892291
199.999892291
199.999880323
199.999880323
199.999867025
199.99985225
199.99985225
199.999835834
199.999835834
199.999817593
199.999817593
199.999817593
199.999797326
199.999797326
199.999787308
199.999765417
199.999744214
199.999717568
199.999718362
199.999683897
199.99934235
199.996082127
197.985090643
185.462235486
172.621853449
160.956522381
149.533208238
136.477746293
121.637013884
111.695188544
99.8787546963
103.745285828
98.0022681771
91.4104977055
86.3016539216
81.9859354926
69.7313480654
199.999995933
199.9999956
199.9999956
199.9999956
199.999995231
199.999995231
199.999995231
199.999994774
199.999994774
199.999994774
199.999994148
199.999993737
199.999993041
199.999993041
199.999993041
199.999993041
199.999993041
199.999993041
199.999993041
199.999992086
199.999989393
199.999988215
199.999988215
199.999988215
199.999988215
199.999986905
199.999986905
199.999986905
199.999986905
199.999986905
199.99998545
199.999983833
199.999982037
199.999980041
199.999980041
199.999980041
199.999977824
199.999977824
199.999977824
199.999977824
199.99997536
199.99997536
199.99997536
199.99997536
199.999972622
199.999972622
199.99996958
199.99996958
199.9999662
199.9999662
199.9999662
199.999962444
199.999962444
199.999958271
199.999932356
199.999912755
199.999903061
199.999892291
199.999892291
199.999880323
199.999880323
199.999867025
199.99985225
199.999835834
199.999835834
199.999817593
199.999817593
199.999797326
199.999797326
199.999774806
199.999774806
199.999774806
199.999774806
199.999749785
199.999741205
199.999729592
199.999713952
199.999714132
199.999669009
199.999106444
199.986621186
196.585654926
182.700042741
170.672697638
161.014181223
149.606352178
135.958997764
124.345179291
114.929906687
107.984045778
101.765002564
103.918357131
99.2242997786
96.8921979944
89.237541708
78.7843946494
199.999995933
199.9999956
199.9999956
199.9999956
199.999995231
199.999995231
199.999995231
199.999994774
199.999994774
199.999994148
199.999993737
199.999993041
199.999993041
199.999993041
199.999993041
199.999993041
199.999993041
199.999993041
199.999993041
199.999990252
199.999989393
199.999988215
199.999988215
199.999988215
199.999986905
199.999986905
199.999986905
199.999986905
199.99998545
199.99998545
199.99998545
199.999982037
199.999982037
199.999980041
199.999980041
199.999977824
199.999977824
199.999977824
199.99997536
199.99997536
199.99997536
199.99997536
199.999972622
199.999972622
199.999972622
199.99996958
199.99996958
199.9999662
199.9999662
199.999962444
199.999962444
199.999958271
199.999958271
199.999932356
199.999903061
199.999903061
199.999892291
199.999892291
199.999880323
199.999867025
199.99985225
199.999835834
199.999835834
199.999817593
199.999797326
199.999797326
199.999774806
199.999774806
199.999749785
199.999749785
199.999749785
199.999721983
199.999721983
199.999721983
199.999721983
199.999721983
199.999716624
199.999690278
199.999624496
199.998607536
199.977790547
195.851339722
182.478018975
171.662427706
161.032150827
146.270849345
135.069772348
126.539817992
121.956647462
115.463991538
110.583115141
103.063459113
105.765711854
108.693244928
96.9782379619
85.6952816234
199.999995933
199.9999956
199.9999956
199.9999956
199.999995231
199.999995231
199.999995231
199.999994774
199.999994774
199.999994148
199.999993737
199.999993041
199.999993041
199.999993041
199.999993041
199.999993041
199.999993041
199.999993041
199.999992268
199.999989393
199.999988215
199.999988215
199.999988215
199.999986905
199.999986905
199.999986905
199.999986905
199.99998545
199.99998545
199.99998545
199.999982037
199.999982037
199.999980041
199.999980041
199.999977824
199.999977824
199.999977824
199.99997536
199.99997536
199.99997536
199.99997536
199.999972622
199.999972622
199.999972622
199.99996958
199.99996958
199.9999662
199.9999662
199.999962444
199.999962444
199.999958271
199.999958271
199.999932356
199.999903061
199.999892291
199.999892291
199.999880323
199.999880323
199.999867025
199.99985225
199.999835834
199.999817593
199.999797326
199.999797326
199.999774806
199.999774806
199.999749785
199.999721983
199.999721983
199.999721983
199.999691092
199.999691092
199.999691092
199.999656769
199.999656769
199.999656769
199.999656769
199.999654636
199.999535855
199.998076174
199.976010687
195.963992155
182.250643519
172.39460019
160.208012125
147.482616168
138.919544369
131.736859759
124.597716416
120.076526478
115.542371862
112.108583849
107.085724084
113.676239336
104.228017317
91.1156647912
199.999996497
199.999996164
199.9999956
199.9999956
199.999995231
199.999995231
199.999995231
199.999994774
199.999994774
199.999994148
199.999993737
199.999993041
199.999993041
199.999993041
199.999993041
199.999993041
199.999993041
199.999992268
199.999990252
199.999989393
199.999988215
199.999988215
199.999988215
199.999986905
199.999986905
199.999986905
199.99998545
199.99998545
199.99998545
199.999983833
199.999982037
199.999980041
199.999980041
199.999977824
199.999977824
199.999977824
199.99997536
199.99997536
199.99997536
199.999972622
199.999972622
199.999972622
199.99996958
199.99996958
199.99996958
199.9999662
199.9999662
199.999962444
199.999962444
199.999958271
199.999958271
199.999946568
199.999903061
199.999892291
199.999892291
199.999880323
199.999867025
199.99985225
199.99985225
199.999832876
199.999817593
199.999797326
199.999774806
199.999749785
199.999749785
199.999721983
199.999721983
199.999691092
199.999691092
199.999656769
199.999656769
199.999618633
199.999618633
199.999618633
199.999618633
199.999618633
199.999618633
199.99955476
199.999439481
199.998737515
199.983571888
192.607999967
181.474733663
173.527094409
160.695266399
152.161543752
143.70727413
135.548434059
128.337141155
123.751647888
119.062904212
115.624300736
113.642529209
116.738307481
110.489089909
96.1587692919
199.999996497
199.999996164
199.999996164
199.9999956
199.999995231
199.999995231
199.999995231
199.999994774
199.999994774
199.999994148
199.999993737
199.999993041
199.999993041
199.999993041
199.999993041
199.999993041
199.999992268
199.999992268
199.999989393
199.999989393
199.999988215
199.999988215
199.999986905
199.999986905
199.999986905
199.99998545
199.99998545
199.99998545
199.999983833
199.999982037
199.999980041
199.999980041
199.999977824
199.999977824
199.999977824
199.99997536
199.99997536
199.99997536
199.999972622
199.999972622
199.999972622
199.99996958
199.99996958
199.9999662
199.9999662
199.9999662
199.999962444
199.999962444
199.999958271
199.999958271
199.999953635
199.999903061
199.999892291
199.999892291
199.999880323
199.999867025
199.99985225
199.999835834
199.999817593
199.999797326
199.999774806
199.999774806
199.999749785
199.999721983
199.999721983
199.999691092
199.999656769
199.999656769
199.999618633
199.999618633
199.999618633
199.999576258
199.999576258
199.999576258
199.999576258
199.999529176
199.99951375
199.999434609
199.999095988
199.99723288
199.94587812
194.526854166
184.367707171
174.937735305
166.527103936
154.669481927
147.130888678
138.547040864
131.867425105
129.311285906
123.263591581
120.269730232
117.502288997
115.640928717
118.645027614
100.611359439
199.999996497
199.999996164
199.999996164
199.999996164
199.999995231
199.999995231
199.999995231
199.999994774
199.999994774
199.999993737
199.999993737
199.999993041
199.999993041
199.999993041
199.999993041
199.999992268
199.999992268
199.999991313
199.999989393
199.999988215
199.999988215
199.999988215
199.999986905
199.999986905
199.99998545
199.99998545
199.99998545
199.999983833
199.999982037
199.999982037
199.999980041
199.999980041
199.999977824
199.999977824
199.99997536
199.99997536
199.99997536
199.999972622
199.999972622
199.999972622
199.99996958
199.99996958
199.9999662
199.9999662
199.999962444
199.999962444
199.999962444
199.999958271
199.999958271
199.999953635
199.999903061
199.999892291
199.999892291
199.999880323
199.999867025
199.99985225
199.999835834
199.999817593
199.999797326
199.999774806
199.999749785
199.999721983
199.999691092
199.999691092
199.999656769
199.999618633
199.999618633
199.999576258
199.999576258
199.999576258
199.999529176
199.999529176
199.999529176
199.999529176
199.999529176
199.999458731
199.999402179
199.999175313
199.998456635
199.995596139
199.917388451
192.449209187
187.997874945
179.621904519
167.663167137
159.328017934
147.421932563
141.506496942
137.761241715
133.986687263
127.838693466
124.307542651
120.696665584
118.834815574
124.031810554
104.590278656
199.999996497
199.999996671
199.999996164
199.999996164
199.999995794
199.999995231
199.999995231
199.999995231
199.999994148
199.999993737
199.999993737
199.999993041
199.999993041
199.999993041
199.999993041
199.999992268
199.999992268
199.999990454
199.999989393
199.999988215
199.999988215
199.999986905
199.999986905
199.999986905
199.99998545
199.99998545
199.999983833
199.999982037
199.999982037
199.999980041
199.999980041
199.999977824
199.999977824
199.99997536
199.99997536
199.99997536
199.999972622
199.999972622
199.999972622
199.99996958
199.99996958
199.9999662
199.9999662
199.999962444
199.999962444
199.999962444
199.999958271
199.999958271
199.999953635
199.999912755
199.999892291
199.999892291
199.999880323
199.999867025
199.99985225
199.999817593
199.999797326
199.999774806
199.999749785
199.999721983
199.999691092
199.999691092
199.999656769
199.999618633
199.999576258
199.999576258
199.999529176
199.999529176
199.999529176
199.999476862
199.999476862
199.999476862
199.999476862
199.999475909
199.999468262
199.999448609
199.999143125
199.998646814
199.997193301
199.99155642
199.683505798
192.459804462
190.098115804
181.209833184
170.46431064
160.022925226
151.093410355
148.758660399
143.763153316
136.578262949
130.515459876
127.283129536
124.833267242
121.471983226
124.969248375
107.725116042
199.999996497
199.999996671
199.999996671
199.999996164
199.999995794
199.999995231
199.999995231
199.999995231
199.999994148
199.999993737
199.999993041
199.999993041
199.999993041
199.999993041
199.999992268
199.999992268
199.999991408
199.999989393
199.999989393
199.999988215
199.999988215
199.999986905
199.999986905
199.99998545
199.99998545
199.999983833
199.999983833
199.999982037
199.999980041
199.999980041
199.999977824
199.999977824
199.99997536
199.99997536
199.99997536
199.999972622
199.999972622
199.99996958
199.99996958
199.99996958
199.9999662
199.9999662
199.999962444
199.999962444
199.999958271
199.999958271
199.999958271
199.999953635
199.999948483
199.999892291
199.999892291
199.999880323
199.999867025
199.999835834
199.999817593
199.999797326
199.999774806
199.999721983
199.999691092
199.999656769
199.999618633
199.999576258
199.999529176
199.999529176
199.999439069
199.999445985
199.999476862
199.999465622
199.99937137
199.999390819
199.999395074
199.999395411
199.999389365
199.999376576
199.9993493
199.999264511
199.998833065
199.997616825
199.995030908
199.978688533
198.627881089
196.240729319
189.300446313
180.566390609
170.506236457
159.566556545
155.191729486
152.139506575
141.247542501
136.272657421
133.613013686
129.3121855
127.299929447
123.909388187
125.369700117
109.855682976
199.999997004
199.999996671
199.999996671
199.999996671
199.999996302
199.999995794
199.999995231
199.999995231
199.999994148
199.999993737
199.999993041
199.999993041
199.999993041
199.999993041
199.999992268
199.999992268
199.999990454
199.999989393
199.999988215
199.999988215
199.999986905
199.999986905
199.99998545
199.99998545
199.999983833
199.999983833
199.999982037
199.999980041
199.999980041
199.999977824
199.999977824
199.99997536
199.99997536
199.99997536
199.999972622
199.999972622
199.99996958
199.99996958
199.9999662
199.9999662
199.9999662
199.999962444
199.999962444
199.999958271
199.999958271
199.999953635
199.999953635
199.999948483
199.999903061
199.999892291
199.999880323
199.999867025
199.999835834
199.999817593
199.999774806
199.999749785
91.7231880581
26.6498332424
10.2269567767
4.77476687292
2.91266931838
2.39574456647
2.6789880023
3.81603963728
6.84918662668
13.2703037942
28.5183097822
66.8872917942
164.321119748
199.707309886
199.99921437
199.999232417
199.999208738
199.999152772
199.999055565
199.998892983
199.99853977
199.997588451
199.995304392
199.986890357
199.669845318
193.473865637
186.484990305
178.977192627
169.463671702
159.819853741
157.946334352
150.161191418
143.683781198
139.830836778
136.323781294
133.181322361
127.837843482
126.399261811
124.600445144
111.49978288
199.999997004
199.999996671
199.999996671
199.999996671
199.999996302
199.999996302
199.999995231
199.999994774
199.999993737
199.999993737
199.999993041
199.999993041
199.999993041
199.999992268
199.999992268
199.999991408
199.999990454
199.999989393
199.999988215
199.999988215
199.999986905
199.999986905
199.99998545
199.999983833
199.999983833
199.999982037
199.999982037
199.999980041
199.999977824
199.999977824
199.99997536
199.99997536
199.99997536
199.999972622
199.999972622
199.99996958
199.99996958
199.9999662
199.9999662
199.999962444
199.999962444
199.999962444
199.999958271
199.999958271
199.999953635
199.999953635
199.999948483
199.999912755
199.999892291
199.999880323
199.99985225
199.999835834
199.999797326
19.1742327815
0.456827014818
0
0
0
0
0
0
0
0
0
0.00973298019044
0.0320325154853
0.162436010066
0.484295981559
1.64008577956
5.55089880495
19.4512645621
70.888234388
186.675502128
199.998439941
199.998557956
199.998245914
199.997469382
199.992719517
199.991130317
199.943047434
196.203609978
189.703704065
183.610831242
177.173225143
168.813006046
161.547196546
162.029313535
153.476051488
148.297650108
143.977122286
139.696526093
134.914134882
130.256600131
127.939871073
124.354791288
113.296662705
199.999997004
199.999996671
199.999996671
199.999996671
199.999996302
199.999996302
199.999995794
199.999994774
199.999993737
199.999993737
199.999993041
199.999993041
199.999993041
199.999992268
199.999991408
199.999990454
199.999989393
199.999989393
199.999988215
199.999986905
199.999986905
199.99998545
199.99998545
199.999983833
199.999982037
199.999982037
199.999980041
199.999977824
199.999977824
199.99997536
199.99997536
199.99997536
199.999972622
199.999972622
199.99996958
199.99996958
199.9999662
199.9999662
199.999962444
199.999962444
199.999958271
199.999958271
199.999958271
199.999953635
199.999953635
199.999948483
199.999942759
199.999892291
199.999880323
199.99985225
199.999835834
9.63447113128
0
0
0
0
0
0
0
0
0
0
0
0
0
0
0
0.00735174436669
0.0201968900412
0.0897156324376
0.378096711181
1.53766327239
6.3465239393
26.322329772
111.908940114
197.272021843
199.99203951
199.978613131
199.970355114
198.185378014
192.141544222
186.144183014
180.705083855
175.167914489
168.974599823
167.944569028
163.317634815
154.789350355
151.644582389
147.279812832
142.462184208
137.936618379
134.287021115
128.883852639
126.3090628
115.011839609
199.999997004
199.999996671
199.999996671
199.999996671
199.999996302
199.999996302
199.999995794
199.999994774
199.999993737
199.999993737
199.999993041
199.999993041
199.999992268
199.999992268
199.999991408
199.999990454
199.999989393
199.999988215
199.999988215
199.999986905
199.99998545
199.99998545
199.999983833
199.999982037
199.999982037
199.999980041
199.999977824
199.999977824
199.99997536
199.99997536
199.999972622
199.999972622
199.99996958
199.99996958
199.9999662
199.9999662
199.9999662
199.999962444
199.999962444
199.999958271
199.999958271
199.999953635
199.999953635
199.999948483
199.999948483
199.999942759
199.999892291
199.999880323
199.99985225
199.999817593
0.000103350591479
0
0
0
0
0
0
0
0
0
0
0
0
0
0
0
0
0
0
0.000708572098727
0.0114246024252
0.0323424953975
0.144827486933
0.797747913477
3.19114498489
16.2119994189
73.5996538162
191.05616788
195.280163588
193.242735283
187.431525818
181.920113622
177.419293609
172.571336605
167.777807441
167.842736783
162.60061978
156.684981899
153.621790136
149.021568306
144.421158176
139.676307682
137.184815266
130.834299137
128.177544895
116.138740506
199.999997004
199.999996671
199.999996671
199.999996671
199.999996302
199.999996302
199.999995794
199.999994363
199.999993737
199.999993737
199.999993041
199.999993041
199.999992268
199.999991408
199.999990454
199.999989393
199.999989393
199.999988215
199.999986905
199.999986905
199.99998545
199.999983833
199.999983833
199.999982037
199.999980041
199.999977824
199.999977824
199.99997536
199.99997536
199.999972622
199.999972622
199.99996958
199.99996958
199.9999662
199.9999662
199.999962444
199.999962444
199.999958271
199.999958271
199.999958271
199.999953635
199.999953635
199.999948483
199.999948483
199.999942759
199.999903061
199.999880323
199.99985225
199.999797326
0
0
0
0
0
0
0
0
0
0
0
0
0
0
0
0
0
0
0
0
0
0
0
0.00710009726659
0.0209023530328
0.111876119018
0.557330661611
2.30383339831
12.2928679053
58.8044123157
172.771024624
177.589640322
177.853633362
173.886969144
169.087019657
164.931085083
166.073633067
160.936954976
159.865013736
150.931832223
147.614334572
144.791586074
140.060203421
137.606434786
132.799167559
128.292992024
115.783061567
199.999997004
199.999996671
199.999996671
199.999996671
199.999996302
199.999996302
199.999995794
199.999994363
199.999993737
199.999993737
199.999993041
199.999993041
199.999992268
199.999991408
199.999990454
199.999989393
199.999988215
199.999986905
199.999986905
199.99998545
199.999983833
199.999983833
199.999982037
199.999980041
199.999977824
199.999977824
199.99997536
199.99997536
199.999972622
199.999972622
199.99996958
199.9999662
199.9999662
199.9999662
199.999962444
199.999962444
199.999958271
199.999958271
199.999953635
199.999953635
199.999948483
199.999948483
199.999942759
199.999936399
199.99992148
199.999880323
199.99985225
199.999774806
0
0
0
0
0
0
0
0
0
0
0
0
0
0
0
0
0
0
0
0
0
0
0
0
0
0
0.0054761987512
0.0207386049462
0.0991720090456
0.506167178997
2.34037834337
12.9485252861
64.1925930037
162.643891296
169.695798504
164.467031135
161.057323733
162.234330288
156.556256062
151.46192142
147.745997301
145.505307551
143.371403481
139.705305993
137.189334013
133.350383588
127.163902912
113.875965266
199.999997004
199.999996671
199.999996671
199.999996671
199.999996302
199.999996302
199.999994927
199.999994363
199.999993737
199.999993737
199.999993041
199.999992268
199.999991408
199.999990454
199.999989393
199.999988215
199.999988215
199.999986905
199.99998545
199.999983833
199.999983833
199.999982037
199.999980041
199.999977824
199.999977824
199.99997536
199.999972622
199.999972622
199.99996958
199.99996958
199.9999662
199.9999662
199.999962444
199.999962444
199.999958271
199.999958271
199.999953635
199.999953635
199.999948483
199.999948483
199.999942759
199.999942759
199.999936399
199.99992148
199.999880323
199.99985225
199.999749785
0
0
0
0
0
0
0
0
0
0
0
0
0
0
0
0
0
0
0
0
0
0
0
0
0
0
0
0
0
0.00521996270932
0.0232527190684
0.122719687554
0.654401087093
3.18973396332
19.1641399434
104.235615381
157.978192664
155.567951126
151.886770411
153.461025138
147.751034293
146.446633197
144.540250139
142.165246057
139.159086738
136.56701905
133.159180535
126.179178577
111.228379559
199.999997004
199.999996671
199.999996671
199.999996671
199.999996302
199.999996302
199.999994363
199.999994363
199.999993737
199.999993041
199.999993041
199.999992268
199.999991408
199.999990454
199.999989393
199.999988215
199.999986905
199.99998545
199.999983833
199.999983833
199.999982037
199.999980041
199.999977824
199.99997536
199.99997536
199.999972622
199.999972622
199.99996958
199.9999662
199.9999662
199.999962444
199.999962444
199.999958271
199.999958271
199.999953635
199.999953635
199.999948483
199.999948483
199.999942759
199.999942759
199.999936399
199.999929332
199.999912755
199.999892291
199.99985225
199.999721983
0
0
0
0
0
0
0
0
0
0
0
0
0
0
0
0
0
0
0
0
0
0
0
0
0
0
0
0
0
0
0
0
0.00682796388603
0.0320860918217
0.178116432765
1.01035900289
5.91099792796
33.5179241825
138.693130679
147.339463256
149.454538699
143.229542695
143.973764261
143.618577424
140.899316118
137.665770298
135.535123912
131.349498592
125.458340809
108.182763538
199.999997004
199.999996671
199.999996671
199.999996671
199.999996302
199.999996302
199.999994363
199.999993737
199.999993737
199.999993041
199.999992268
199.999991408
199.999990454
199.999989393
199.999988215
199.999986905
199.99998545
199.999983833
199.999982037
199.999980041
199.999980041
199.999977824
199.99997536
199.999972622
199.999972622
199.99996958
199.9999662
199.9999662
199.999962444
199.999962444
199.999958271
199.999958271
199.999953635
199.999953635
199.999948483
199.999948483
199.999942759
199.999942759
199.999936399
199.999929332
199.99992148
199.999912755
199.999892291
199.99985225
199.999749785
0
0
0
0
0
0
0
0
0
0
0
0
0
0
0
0
0
0
0
0
0
0
0
0
0
0
0
0
0
0
0
0
0
0
0
0.0109900101155
0.0566071857895
0.44136228143
2.29522115341
14.5272651392
99.1917879561
136.96852418
140.074910572
142.230665467
141.614397675
138.593243272
134.609192005
132.820824682
129.187147194
123.95056044
105.068980427
199.999997004
199.999996671
199.999996671
199.999996671
199.999996302
199.999995891
199.999994363
199.999993737
199.999993041
199.999993041
199.999991408
199.999990454
199.999989393
199.999988215
199.999986905
199.99998545
199.999983833
199.999982037
199.999980041
199.999977824
199.99997536
199.999972622
199.999972622
199.99996958
199.9999662
199.999962444
199.999962444
199.999958271
199.999958271
199.999953635
199.999953635
199.999948483
199.999948483
199.999942759
199.999942759
199.999936399
199.999936399
199.999929332
199.99992148
199.999912755
199.999903061
199.999880323
199.99985225
199.999749785
199.98765927
0
0
0
0
0
0
0
0
0
0
0
0
0
0
0
0
0
0
0
0
0
0
0
0
0
0
0
0
0
0
0
0
0
0
0
0
0.00333658468409
0.0245824834242
0.180236008482
1.09581218988
7.38705946857
48.8968409492
130.435263507
135.083897871
133.181294548
132.122196478
128.863833123
128.737994885
126.54097083
122.282171741
101.885365306
199.999997004
199.999996671
199.999996671
199.999996671
199.999996302
199.999994927
199.999993737
199.999993737
199.999993041
199.999992268
199.999990454
199.999988215
199.999986905
199.99998545
199.999983833
199.999982037
199.999980041
199.999977824
199.99997536
199.999972622
199.99996958
199.99996958
199.9999662
199.999962444
199.999958271
199.999958271
199.999953635
199.999953635
199.999948483
199.999948483
199.999942759
199.999942759
199.999936399
199.999929332
199.999929332
199.99992148
199.99992148
199.999912755
199.999903061
199.999892291
199.999867025
199.999835834
199.999774806
199.999529176
0
0
0
0
0
0
0
0
0
0
0
0
0
0
0
0
0
0
0
0
0
0
0
0
0
0
0
0
0
0
0
0
0
0
0
0
0
0
0
0.0116498629353
0.0979188624987
0.588717972692
4.40396591373
27.6162499703
111.089859305
119.869208288
125.285993806
121.452279679
123.805544428
122.594345893
120.58427576
97.9471012728
199.999997004
199.999996671
199.999996671
199.999996302
199.999995794
199.999994363
199.999993737
199.999993041
199.999991408
199.999989393
199.999988215
199.99998545
199.999983833
199.999980041
199.999977824
199.99997536
199.999972622
199.99996958
199.9999662
199.999962444
199.999958271
199.999958271
199.999953635
199.999953635
199.999948483
199.999942759
199.999942759
199.999936399
199.999936399
199.999929332
199.999929332
199.99992148
199.99992148
199.999912755
199.999912755
199.999903061
199.999892291
199.999892291
199.999867025
199.99985225
199.999817593
199.999749785
199.999618633
199.995218948
0
0
0
0
0
0
0
0
0
0
0
0
0
0
0
0
0
0
0
0
0
0
0
0
0
0
0
0
0
0
0
0
0
0
0
0
0
0
0
0
0.0052340606027
0.0611079139218
0.424968296911
2.99789901653
18.425664223
106.420170438
115.360355574
119.760422029
121.122069159
118.208571635
117.618662317
94.0795988573
37.8085981389
199.999996671
199.999996671
199.999995794
199.999994363
199.999993737
199.999992268
199.999988215
199.99998545
199.999972622
199.999576258
199.999418736
199.999476862
199.999576258
199.999721983
199.999797326
199.99985225
199.999880323
199.99992148
199.999929332
199.999936399
199.999929332
199.999929332
199.999929332
199.999929332
199.99992148
199.99992148
199.999912755
199.999912755
199.999912755
199.999903061
199.999903061
199.999892291
199.999892291
199.999880323
199.999867025
199.999867025
199.99985225
199.999835834
199.999797326
199.999749785
199.999656769
199.999354151
0
0
0
0
0
0
0
0
0
0
0
0
0.00493627225944
0.0246969621165
0.0380835192837
0.0653443486612
0
0
0
0
0
0
0
0
0
0
0
0
0
0
0
0
0
0
0
0
0
0
0
0
0
0
0.00221739724223
0.0420891270383
0.376680272448
2.50157630528
16.6090922985
98.2055287855
114.339141493
115.805134823
112.222200926
113.542734543
90.8186558627
199.999997004
199.999996671
199.9999956
6.27135957116e-06
0
0
0
0
0
0
0
0
0
0
0
0
0
0
0
0
0
0
0
0.783797262718
113.718549719
199.999114061
199.999576258
199.999817593
199.99985225
199.99985225
199.99985225
199.99985225
199.99985225
199.999835834
199.999835834
199.999817593
199.999797326
199.999774806
199.999749785
199.999691092
199.999618633
199.999418736
199.998906249
0
0
0
0
0
0
0
0
0
0
0.0171264344204
0.283991534188
1.75110118767
12.5268267792
82.4808041218
156.718917081
193.024421194
5.90785745273
0.401172050569
0
0
0
0
0
0
0
0
0
0
0
0
0
0
0
0
0
0
0
0
0
0
0
0
0.000391344924825
0.0353692993312
0.283020538435
1.99854835165
16.0664038942
93.3645374493
104.132658142
108.602841376
108.874444592
88.3756320024
7.80773711733e-07
4.10933532491e-07
0
0
0
0
0
0
0
0
0
0
0
0
0
0
0
0
0
0
0
0
0
0
0
0
0
0
0
0
4.50089885719
199.99833295
199.999202655
199.999576258
199.999691092
199.999691092
199.999691092
199.999656769
199.999618633
199.999529176
199.999418736
199.999114061
199.997941914
0
0
0
0
0
0
0
0
0.00427848161044
0.369494998569
18.6981103285
199.998784721
199.998906249
199.998906249
199.998906249
199.998906249
199.99864969
199.99833295
199.997713238
199.996514613
0.66751675659
0
0
0
0
0
0
0
0
0
0
0
0
0
0
0
0
0
0
0
0
0
0
0
1.5378558466e-05
0.0410989947863
0.325172769095
2.89164181994
21.8847769401
97.0816813547
107.800512762
105.442771032
86.8717290676
0
0
0
0
0
0
0
0
0
0
0
0
0
0
0
0
0
0
0
0
0
0
0
0
0
0
0
0
0
0
0
0
0
0
0
6.17675822457
199.998147723
199.998906249
199.999114061
199.999114061
199.998906249
199.99833295
199.996863152
0
0
0
0
0
0
0
0.0462414997474
10.778231964
199.999114061
199.99928239
199.999418736
199.999418736
199.999476862
199.999418736
199.999418736
199.999354151
199.999202655
199.999015624
199.998499655
199.997713238
199.996127348
0
0
0
0
0
0
0
0
0
0
0
0
0
0
0
0
0
0
0
0
0
0
0
0.00148166006278
0.0590483615642
0.520486439362
3.70219738162
34.8088750141
100.82436135
101.599508385
85.4288142706
0
0
0
0
0
0
0
0
0
0
0
0
0
0
0
0
0
0
0
0
0
0
0
0
0
0
0
0
0
0
0
0
0
0
0
0
0
0
0.0508124093465
4.50180725703
56.4830841329
131.216863152
2.95740659748
0
0
0
0
0
0
0.469729234388
199.999476862
199.999589556
199.999762023
199.999892291
199.999892291
199.999880323
199.999797326
199.999749785
199.999721983
199.999656769
199.999576258
199.999418736
199.99928239
199.998995491
199.99833295
199.997176837
2.55216537483
0
0
0
0
0
0
0
0
0
0
0
0
0
0
0
0
0
0
0
0
0
0
0.00464741637544
0.114938912975
0.797592464889
6.49583541688
57.8402813979
98.7939576258
84.5309360932
0
0
0
0
0
0
0
0
0
0
0
0
0
0
0
0
0
0
0
0
0
0
0
0
0
0
0
0
0
0
0
0
0
0
0
0
0
0
0
0
0
0
0.340592838243
0
0
6.05049312755e-05
0.000103886705666
0.00648770192871
3.75061662223
199.999936399
199.999942759
199.999942759
199.999942759
199.999948483
199.999948483
199.999948483
199.999942759
199.99992148
199.999912755
199.999876837
199.99976456
199.999691092
199.999576258
199.999418736
199.999202655
199.998784721
199.997713238
199.996127348
0
0
0
0
0
0
0
0
0
0
0
0
0
0
0
0
0
0
0
0
0
0
0.0137102399213
0.212845330533
1.78474007113
15.6865052173
91.394936153
84.2481236499
0
0
0
0
0
0
0
0
0
0
0
0
0
0
0
0
0
0
0
0
0
0
0
0
0
0
0
0
0
0
0
0
0
0
0
0
0
0
0
0
0
0
0
0
7.69215514843e-05
0.000502744097696
0.0392547419281
7.63034488819
199.999942759
199.999942759
199.999948483
199.999948483
199.999948483
199.999948483
199.999953635
199.999953635
199.999953635
199.999953635
199.999953635
199.999946668
199.999818668
199.999735147
199.999694932
199.999683113
199.999765384
199.999831414
199.9991852
199.998147723
199.996514613
0
0
0
0
0
0
0
0
0
0
0
0
0
0
0
0
0
0
0
0
0
0
0.0457963356338
0.424355674703
4.87482357684
48.0164373441
82.3061613528
0
0
0
0
0
0
0
0
0
0
0
0
0
0
0
0
0
0
0
0
0
0
0
0
0
0
0
0
0
0
0
0
0
0
0
0
0
0
0
0
0
0
0
0
0
0.026305662554
2.95548441023
199.999942759
199.999942759
199.999948483
199.999948483
199.999953635
199.999953635
199.999953635
199.999953635
199.999953635
199.999958271
199.999958271
199.999958271
199.999953635
199.999913604
199.99978073
199.999627057
199.999589883
199.999612174
199.99980317
199.999832894
199.999289245
199.99833295
199.996863152
0
0
0
0
0
0
0
0
0
0
0
0
0
0
0
0
0
0
0
0
0
0.00660590015286
0.152637911067
1.27059097593
14.2773684652
75.6045480117
0
0
0
0
0
0
0
0
0
0
0
0
0
0
0
0
0
0
0
0
0
0
0
0
0
0
0
0
0
0
0
0
0
0
0
0
0
0
0
0
0
0
0
0
0
0
199.600664378
199.946076958
199.999948483
199.999948483
199.999953635
199.999953635
199.999958271
199.999958271
199.999958271
199.999958271
199.999958271
199.999958271
199.999958271
199.999958271
199.999946448
199.999899813
199.999795546
199.999656697
199.999566982
199.999526528
199.999579719
199.999840309
199.999114061
199.998147723
199.996514613
0
0
0
0
0
0
0
0
0
0
0
0
0
0
0
0
0
0
0
0
0
0.041512828964
0.490488643001
5.41709257095
48.4440551717
0
0
0
0
0
0
0
0
0
0
0
0
0
0
0
0
0
0
0
0
0
0
0
0
0
0
0
0
0
0
0
0
0
0
0
0
0
0
0
0
0
0
0
0
0
0
0
0
5.72412152613e-06
199.556525405
199.991125131
199.999958271
199.999958271
199.999958271
199.999958271
199.999962444
199.999962444
199.999962444
199.999962444
199.999962444
199.999962444
199.99994788
199.999903354
199.999871915
199.999796208
199.999624094
199.99942213
199.999443326
199.999547515
199.998906249
199.997941914
23.8881264707
0
0
0
0
0
0
0
0
0
0
0
0
0
0
0
0
0
0
0
0
0.0114320560704
0.211531057781
2.35866011073
19.7996577931
0
0
0
0
0
0
0
0
0
0
0
0
0
0
0
0
0
0
0
0
0
0
0
0
0
0
0
0
0
0
0
0
0
0
0
0
0
0
0
0
0
0
0
0
0
0
0
0
0
5.15170937352e-06
6.89794577531e-05
39.6500180662
199.999507366
199.999962444
199.999962444
199.999962444
199.999962444
199.999962444
199.999962444
199.999962444
199.999962444
199.999962444
199.99996105
199.999951329
199.999938265
199.999840453
199.999517534
199.999384135
199.999795319
199.99928239
199.99864969
199.997459153
0.283509326707
0
0
0
0
0
0
0
0
0
0
0
0
0
0
0
0
0
0
0
0.00285124269439
0.103545825082
1.16099857455
9.54228115062
0
0
0
0
0
0
0
0
0
0
0
0
0
0
0
0
0
0
0
0
0
0
0
0
0
0
0
0
0
0
0
0
0
0
0
0
0
0
0
0
0
0
0
0
0
0
0
0
0
0
4.63653843617e-06
2.60453889574e-05
0.000320295194698
146.07252881
199.999962444
199.9999662
199.9999662
199.9999662
199.9999662
199.9999662
199.9999662
199.9999662
199.9999662
199.999962444
199.999962444
199.999950199
199.999754559
199.9994074
199.999437535
199.999476862
199.999015624
199.998147723
199.996863152
0
0
0
0
0
0
0
0
0
0
0
0
0
0
0
0
0
0
0
0
0.0472218093407
0.582350430736
5.26766710175
0
0
0
0
0
0
0
0
0
0
0
0
0
0
0
0
0
0
0
0
0
0
0
0
0
0
0
0
0
0
0
0
0
0
0
0
0
0
0
0
0
0
0
0
0
0
0
0
0
0
0
8.80942302872e-06
1.96852539284e-05
0.00027510730675
0.000789585582342
199.99449993
199.9999662
199.9999662
199.9999662
199.9999662
199.9999662
199.9999662
199.9999662
199.9999662
199.9999662
199.999962444
199.99992429
199.999561243
199.999426015
199.999576258
199.999202655
199.99864969
199.997459153
28.7268943322
0
0
0
0
0
0
0
0
0
0
0
0
0
0
0
0
0
0
0
0.0231831048289
0.318309920709
3.25029781481
0
0
0
0
0
0
0
0
0
0
0
0
0
0
0
0
0
0
0
0
0
0
0
0
0
0
0
0
0
0
0
0
0
0
0
0
0
0
0
0
0
0
0
0
0
0
0
0
0
0
0
0
7.92848072584e-06
1.77167285355e-05
0.000244216539555
0.000538051592954
60.0903680852
199.99996958
199.99996958
199.99996958
199.99996958
199.99996958
199.99996958
199.9999662
199.9999662
199.9999662
199.9999662
199.999759774
199.999458728
199.999653367
199.99928239
199.998906249
199.997941914
199.996514613
0
0
0
0
0
0
0
0
0
0
0
0
0
0
0
0
0
0
0
0.0141749947185
0.239571150859
2.19711670329
0
0
0
0
0
0
0
0
0
0
0
0
0
0
0
0
0
0
0
0
0
0
0
0
0
0
0
0
0
0
0
0
0
0
0
0
0
0
0
0
0
0
0
0
0
0
0
0
0
0
0
0
0
1.13085172458e-05
3.86837163332e-05
0.000187463995157
0.000290839851329
5.8434769656
199.99993609
199.99995278
199.999958704
199.999964428
199.999964428
199.999964428
199.999964428
199.999955324
199.999955324
199.999946989
199.999719656
199.999635598
199.999418736
199.999015624
199.99833295
199.996863152
4.2435384406
0
0
0
0
0
0
0
0
0
0
0
0
0
0
0
0
0
0
0.0084013138619
0.192467773445
1.63967216967
0
0
0
0
0
0
0
0
0
0
0
0
0
0
0
0
0
0
0
0
0
0
0
0
0
0
0
0
0
0
0
0
0
0
0
0
0
0
0
0
0
0
0
0
0
0
0
0
0
0
0
0
0
3.38003651997e-06
7.13563265326e-06
5.91866598544e-05
0.000157645172476
0.000260439616163
0.000253159415482
199.999615728
199.999911194
199.999958661
199.999958661
199.999955619
199.999949894
199.999954067
199.999954067
199.999950687
199.999934406
199.999695265
199.999422909
199.999114061
199.99833295
199.997176837
199.99468772
0
0
0
0
0
0
0
0
0
0
0
0
0
0
0
0
0
0
0.00694901651933
0.155233697311
1.34764932923
0
0
0
0
0
0
0
0
0
0
0
0
0
0
0
0
0
0
0
0
0
0
0
0
0
0
0
0
0
0
0
0
0
0
0
0
0
0
0
0
0
0
0
0
0
0
0
0
0
0
0
0
0
3.38003651997e-06
6.42206938793e-06
6.42206938793e-06
6.249788042e-05
0.000151855177692
0.000228974078709
0.000218270445536
199.999238643
199.999844621
199.999951362
199.999954905
199.999954905
199.999955619
199.999949894
199.999949894
199.999933087
199.999694848
199.999480618
199.999114061
199.998499655
199.997176837
199.99468772
0
0
0
0
0
0
0
0
0
0
0
0
0
0
0
0
0
0
0.00640687302661
0.152024763183
1.24958855432
0
0
0
0
0
0
0
0
0
0
0
0
0
0
0
0
0
0
0
0
0
0
0
0
0
0
0
0
0
0
0
0
0
0
0
0
0
0
0
0
0
0
0
0
0
0
0
0
0
0
0
0
0
0
6.42206938793e-06
6.42206938793e-06
6.42206938793e-06
7.57953427892e-05
0.000174374546978
0.000188121610335
0.962487353743
199.999400875
199.999861405
199.999945041
199.999937199
199.999931055
199.999907219
199.999928215
199.999900279
199.999694472
199.999480618
199.999114061
199.998499655
199.997176837
199.99468772
0
0
0
0
0
0
0
0
0
0
0
0
0
0
0
0
0
0
0.00655825781611
0.150469489364
1.27934601198
0
0
0
0
0
0
0
0
0
0
0
0
0
0
0
0
0
0
0
0
0
0
0
0
0
0
0
0
0
0
0
0
0
0
0
0
0
0
0
0
0
0
0
0
0
0
0
0
0
0
0
0
0
0
0
6.42206938793e-06
6.42206938793e-06
6.42206938793e-06
9.05703009771e-05
0.00013616834549
0.000131598963007
20.5631603425
199.999627356
199.999773121
199.999785685
199.999781366
199.99978621
199.999764059
199.999725363
199.999622013
199.999422116
199.999114061
199.998499655
199.997176837
199.994097467
0
0
0
0
0
0
0
0
0
0
0
0
0
0
0
0
0
0
0.00911670063294
0.157357495472
1.41156438925
0
0
0
0
0
0
0
0
0
0
0
0
0
0
0
0
0
0
0
0
0
0
0
0
0
0
0
0
0
0
0
0
0
0
0
0
0
0
0
0
0
0
0
0
0
0
0
0
0
0
0
0
0
0
0
0
0
3.38003651997e-06
1.01776655212e-05
8.59110739515e-05
0.000113347056215
8.15887588183e-05
199.999645116
199.99971366
199.999727518
199.999712433
199.999712433
199.999697514
199.999663191
199.999579638
199.999422116
199.999019004
199.99833295
199.996863152
199.992712922
0
0
0
0
0
0
0
0
0
0
0
0
0
0
0
0
0
0
0.0125175897614
0.213103655446
1.6631553764
0
0
0
0
0
0
0
0
0
0
0
0
0
0
0
0
0
0
0
0
0
0
0
0
0
0
0
0
0
0
0
0
0
0
0
0
0
0
0
0
0
0
0
0
0
0
0
0
0
0
0
0
0
0
0
0
0
0
1.77167285355e-05
2.34408500617e-05
2.10967650555e-05
4.26303888636e-05
0.00548113005663
199.999655058
199.999632121
199.999663191
199.999663191
199.999659811
199.9995793
199.999479904
199.999345488
199.998940689
199.998151103
199.996127348
199.990004008
0
0
0
0
0
0
0
0
0
0
0
0
0
0
0
0
0
0
0.0184094827612
0.275053785502
2.08571143152
0
0
0
0
0
0
0
0
0
0
0
0
0
0
0
0
0
0
0
0
0
0
0
0
0
0
0
0
0
0
0
0
0
0
0
0
0
0
0
0
0
0
0
0
0
0
0
0
0
0
0
0
0
0
0
0
0
0
4.63653843617e-06
1.96852539284e-05
2.98009850907e-05
2.34408500617e-05
0.00116735267873
199.999593975
199.999576258
199.999579638
199.99958268
199.9995793
199.999532218
199.999421778
199.999205697
199.998787763
199.997716618
199.995222328
199.9830717
0
0
0
0
0
0
0
0
0
0
0
0
0
0
0
0
0
0
0.0314331949748
0.350634558067
2.57599514582
0
0
0
0
0
0
0
0
0
0
0
0
0
0
0
0
0
0
0
0
0
0
0
0
0
0
0
0
0
0
0
0
0
0
0
0
0
0
0
0
0
0
0
0
0
0
0
0
0
0
0
0
0
0
0
0
0
0
0
0
2.18725043648e-05
3.31122056563e-05
0.000473947482754
0.00995493506366
199.999490823
199.999490823
199.999529176
199.999529176
199.999476862
199.999357193
199.999117103
199.998335992
199.996866194
199.992716302
199.943749649
3.38003651997e-06
0
0
0
0
0
0
0
0
0
0
0
0
0
0
0
0
0.00174746421424
0.0549017676671
0.503844592348
3.05555378975
0
0
0
0
0
0
0
0
0
0
0
0
0
0
0
0
0
0
0
0
0
0
0
0
0
0
0
0
0
0
0
0
0
0
0
0
0
0
0
0
0
0
0
0
0
0
0
0
0
0
0
0
0
0
0
0
0
0
0
0
0
2.43027826276e-05
0.000534460332726
0.00374355484091
199.999434248
199.999369663
199.999354151
199.999418736
199.999354151
199.99928239
199.998906249
199.997634256
199.994690762
199.986291119
0
3.38003651997e-06
3.38003651997e-06
0
0
0
0
0
0
0
0
0
0
0
0
0
0
0
0.00552059786054
0.0913240125437
0.758953006999
7.89051169205
0
0
0
0
0
0
0
0
0
0
0
0
0
0
0
0
0
0
0
0
0
0
0
0
0
0
0
0
0
0
0
0
0
0
0
0
0
0
0
0
0
0
0
0
0
0
0
0
0
0
0
0
0
0
0
0
0
0
0
0
0
0
0.000230903051673
0.00124215577947
199.999373302
199.999288114
199.999015624
199.998906249
199.999202655
199.999114061
199.997941914
199.995218948
199.990004008
199.951450111
3.04203286797e-06
3.38003651997e-06
3.38003651997e-06
3.38003651997e-06
0
0
0
0
0
0
0
0
0
0
0
0
0
0
0.0140047170711
0.145105840027
1.03387584497
25.6171080086
0
0
0
0
0
0
0
0
0
0
0
0
0
0
0
0
0
0
0
0
0
0
0
0
0
0
0
0
0
0
0
0
0
0
0
0
0
0
0
0
0
0
0
0
0
0
0
0
0
0
0
0
0
0
0
0
0
0
0
0
0
0
0
0.00117214747822
199.99928239
199.999354151
199.998729424
199.99864969
199.998499655
199.997941914
199.995218948
199.990378359
199.971331776
81.902
0
3.04203286797e-06
3.38003651997e-06
3.38003651997e-06
3.38003651997e-06
0
0
0
0
0
0
0
0
0
0
0
0
0.000151257264556
0.0256014838691
0.261800208928
1.30857078308
46.2736155788
0
0
0
0
0
0
0
0
0
0
0
0
0
0
0
0
0
0
0
0
0
0
0
0
0
0
0
0
0
0
0
0
0
0
0
0
0
0
0
0
0
0
0
0
0
0
0
0
0
0
0
0
0
0
0
0
0
0
0
0
0
0
0
0.00107148303524
199.999114061
199.99903595
199.998523864
199.998236316
199.997713238
199.995697053
199.991003608
199.976778739
149.162683433
0
0
0
3.04203286797e-06
3.38003651997e-06
3.38003651997e-06
0
0
0
0
0
0
0
0
0
0
0
0
0.0044769509322
0.0434441116414
0.336959067563
1.42269280312
76.7872008201
0
0
0
0
0
0
0
0
0
0
0
0
0
0
0
0
0
0
0
0
0
0
0
0
0
0
0
0
0
0
0
0
0
0
0
0
0
0
0
0
0
0
0
0
0
0
0
0
0
0
0
0
0
0
0
0
0
0
0
0
0
0
0
0
199.998784721
199.999015624
199.998177609
199.99775556
199.996127348
199.991003608
199.979100865
162.939596223
0
0
0
0
0
3.38003651997e-06
3.38003651997e-06
3.38003651997e-06
0
0
0
0
0
0
0
0
0
0
0
0.00915835337557
0.0915959642257
0.446829309548
2.97066224947
105.644398336
0
0
0
0
0
0
0
0
0
0
0
0
0
0
0
0
0
0
0
0
0
0
0
0
0
0
0
0
0
0
0
0
0
0
0
0
0
0
0
0
0
0
0
0
0
0
0
0
0
0
0
0
0
0
0
0
0
0
0
0
0
0
0
0
199.998499655
199.998784721
199.998202691
199.996383907
199.991003608
199.976778739
169.981072941
0
0
0
0
0
0
0
3.38003651997e-06
3.38003651997e-06
0
0
0
0
0
0
0
0
0
0
0.00236788963365
0.0172502858276
0.105352851818
0.426916787807
6.59986304951
129.190479576
0
0
0
0
0
0
0
0
0
0
0
0
0
0
0
0
0
0
0
0
0
0
0
0
0
0
0
0
0
0
0
0
0
0
0
0
0
0
0
0
0
0
0
0
0
0
0
0
0
0
0
0
0
0
0
0
0
0
0
0
0
0
0
0
199.997941914
199.998499655
199.996633505
199.992053281
199.968146418
172.982965647
0
0
0
0
0
0
0
0
0
3.38003651997e-06
0
0
0
0
0
0
0
0
0
0
0.00664371103849
0.0353690372056
0.122640237366
0.298280304191
7.79061981148
140.90814246
0
0
0
0
0
0
0
0
0
0
0
0
0
0
0
0
0
0
0
0
0
0
0
0
0
0
0
0
0
0
0
0
0
0
0
0
0
0
0
0
0
0
0
0
0
0
0
0
0
0
0
0
0
0
0
0
0
0
0
0
0
0
0
2.1212650047
199.996863152
199.997941914
199.991974493
199.951450111
175.684669082
0
0
0
0
0
0
0
0
0
0
0
0
0
0
0
0
0
0
0
0
0.00262174543701
0.0097720787848
0.0392841442111
0.0727202768462
0.668244372702
11.9273008775
146.258681052
0
0
0
0
0
0
0
0
0
0
0
0
0
0
0
0
0
0
0
0
0
0
0
0
0
0
0
0
0
0
0
0
0
0
0
0
0
0
0
0
0
0
0
0
0
0
0
0
0
0
0
0
0
0
0
0
0
0
0
0
0
0
0
199.845289198
199.99468772
199.990624075
199.764196308
166.645636601
0
0
0
0
0
0
0
0
0
0
0
0
0
0
0
0
0
0
0
0
0
0.00722409414495
0.0268862747915
0.0451637748699
0.0129188203012
0.648252300125
20.228607779
142.789170444
0
0
0
0
0
0
0
0
0
0
0
0
0
0
0
0
0
0
0
0
0
0
0
0
0
0
0
0
0
0
0
0
0
0
0
0
0
0
0
0
0
0
0
0
0
0
0
0
0
0
0
0
0
0
0
0
0
0
0
0
0
0
0
199.787776678
199.986288077
197.844947267
54.2
0
0
0
0
0
0
0
0
0
0
0
0
0
0
0
0
0
0
0
0
0
0.00407924237358
0.0150033799645
0.0487915152561
0.0824518080749
0.00539941215605
0.166693715303
33.8159034886
129.443227488
0
0
0
0
0
0
0
0
0
0
0
0
0
0
0
0
0
0
0
0
0
0
0
0
0
0
0
0
0
0
0
0
0
0
0
0
0
0
0
0
0
0
0
0
0
0
0
0
0
0
0
0
0
0
0
0
0
0
0
0
0
0
0
199.323721617
0
0
0
0
0
0
0
0
0
0
0
0
0
0
0
0
0
0
0
0
0
0
0
0.00272816299968
0.00707907707608
0.0193163630879
0.0461858229945
0.0522915752752
0.162980904331
0.654763404961
17.1144144383
101.719966923
0
0
0
0
0
0
0
0
0
0
0
0
0
0
0
0
0
0
0
0
0
0
0
0
0
0
0
0
0
0
0
0
0
0
0
0
0
0
0
0
0
0
0
0
0
0
0
0
0
0
0
0
0
0
0
0
0
0
0
0
0
0
0
0
0
0
0
0
0
0
0
0
0
0
0
0
0
0
0
0
0
0
0
0
0
0
0.00184100239185
0.00908638547556
0.0140608441745
0.0196699512905
0.0204608688242
0.957945215933
1.19199111805
2.22715368144
12.7721668742
117.405836585
7.80773711733e-07
0
0
0
0
0
0
0
0
0
0
0
0
0
0
0
0
0
0
0
0
0
0
0
0
0
0
0
0
0
0
0
0
0
0
0
0
0
0
0
0
0
0
0
0
0
0
0
0
0
0
0
0
0
0
0
0
0
0
0
0
0
0
0
0
0
0
0
0
0
0
0
0
0
0
0
0
0
0
0
0
0
0
0
0
0.00163647690216
0.00994899680393
0.0149945568147
0.0163648589519
0.0325605209216
0.23752232026
0.265233029507
0.400179040708
0.94191370075
5.52508770035
96.8454051475
199.999997004
199.999996164
1.88009701768e-06
0
0
0
0
0
0
0
0
0
0
0
0
0
0
0
0
0
0
0
0
0
0
0
0
0
0
0
0
0
0
0
0
0
0
0
0
0
0
0
0
0
0
0
0
0
0
0
0
0
0
0
0
0
0
0
0
0
0
0
0
0
0
0
0
0
0
0
0
0
0
0
0
0
0
0
0
0
0
0
0
0
0.00259783615569
0.0110989656686
0.0110038402364
0.0203948946516
0.098705561828
0.0878014805165
0.0948859014168
0.150815576478
0.265278836528
0.644919339823
3.6087336934
92.9637295628
199.999997004
199.999996671
199.999996671
199.999994774
9.20741443769e-06
0
0
0
0
0
0
0
0
0
0
0
0
0
0
0
0
0
0
0
0
0
0
0
0
0
0
0
0
0
0
0
0
0
0
0
0
0
0
0
0
0
0
0
0
0
0
0
0
0
0
0
0
0
0
0
0
0
0
0
0
0
0
0
0
0
0
0
0
0
0
0
0
0
0
1.13085172458e-05
1.2565019162e-05
7.92848072584e-06
0.00126430498189
0.00874963953781
0.0113852848789
0.0111117323515
0.0575136085032
0.0548825267641
0.055886429892
0.064977292799
0.082473554025
0.110534472921
0.155380658648
0.280431693249
1.40861535228
82.9647815258
199.999997004
199.999997004
199.999996671
199.999996302
199.999994363
199.999993041
1.28550076179e-05
0
0
0
0
0
0
0
0
0
0
0
0
0
0
0
0
0
0
0
0
0
0
0
0
0
0
0
0
0
0
0
0
0
0
0
0
0
0
0
0
0
0
0
0
0
0
0
0
0
0
0
0
0
0
0
0
0
0
0
0
0
0
0
0
0
0
0.00488958907792
0.00623529621466
0.0409954504248
0.06256486247
0.138893744887
0.183255056818
0.211449568923
0.226890081975
0.154935638666
0.0289973563138
0.00985599815425
0.0553251565555
0.0407608295644
0.038691007017
0.043446030404
0.0511465959032
0.0596187452952
0.071258732178
0.0885542934814
0.111722726178
0.152832432343
0.329411522347
64.5425348467
199.999997004
199.999997004
199.999996671
199.999996671
199.999994774
9.42025113122
69.7356810608
19.6954074368
3.41295097759e-06
0
0
0
0
0
0
0
0
0
0
0
0
0
0
0
0
0
0
0
0
0
0
0
0
0
0
0
0
0
0
0
0
0
0
0
0
0
0
0
0
0
0
0
0
0
0
0
0
0
0
0
0
0
0
0
0
0
0
0
0
0
0
0.0530985617407
0.281032675059
0.573267377834
0.876588965741
1.0451208945
1.12486603573
1.25733500012
1.12252963775
1.0075194909
0.708957532656
0.276849071242
0.114857693698
0.0509009546715
0.03491225821
0.0348549307266
0.0384701397146
0.0426428804895
0.0481094281417
0.0547429855268
0.063184372639
0.0743066139376
0.088248290055
0.10751293639
0.148108925212
32.2454186798
199.999997004
199.999997004
199.999996671
199.999996671
145.799995794
15.9532829784
2.47629304112
0.0169213403703
0.0353822621728
0.00036827254222
0
0
0
0
0
0
0
0
0
0
0
0
0
0
0
0
0
0
0
0
0
0
0
0
0
0
0
0
0
0
0
0
0
0
0
0
0
0
0
0
0
0
0
0
0
0
0
0
0
0
0
0
0
0
0
0
0
0
0
0
0
0.258008332436
0.746213338753
0.807077632749
0.836012971458
0.908346838198
0.972228905438
1.0328174256
1.05316123541
1.00313412198
0.899435688335
0.720900718974
0.153847860898
0.0591451672867
0.0440420088801
0.0397288854417
0.0402163757869
0.0426229409872
0.0465833074617
0.0515991938121
0.0578443380936
0.0654582609142
0.0746375164808
0.0857856783143
0.102427780457
12.9692173376
199.999997004
199.999997004
199.999996671
199.999996671
22.9347508143
0.796782509093
0.0436886368298
0.0110996981496
0.0065506376563
0.0152248626964
0.0208860403123
1.53795417255e-05
0
0
0
0
0
0
0
0
0
0
0
0
0
0
0
0
0
0
0
0
0
0
0
0
0
0
0
0
0
0
0
0
0
0
0
0
0
0
0
0
0
0
0
0
0
0
0
0
0
0
0
0
0
0
0
0
0
0
0
0.591823783397
0.865203433357
0.903310220489
0.932771773653
0.978745351263
1.01912148986
1.06348485695
1.09293505978
1.13269132333
1.14728442003
1.06740526041
0.475453707145
0.0968978568027
0.0580892258037
0.046258908599
0.0435008458934
0.0440574720853
0.0463145465571
0.0498974317426
0.0545385525361
0.0599716496593
0.066343058435
0.073499515974
0.0829701149897
4.82006234098
199.999997004
199.999997004
199.999996671
27.0170310249
1.67410107431
0.0613209285832
0.0151783043099
0.00876907045505
0.00728011868866
0.00898684622804
0.00727647097136
0.0123276354294
0.000182715545919
0
0
0
0
0
0
0
0
0
0
0
0
0
0
0
0
0
0
0
0
0
0
0
0
0
0
0
0
0
0
0
0
0
0
0
0
0
0
0
0
0
0
0
0
0
0
0
0
0
0
0
0
0
0
0
0
0
0
0.537748100472
0.949987962823
0.961418753821
1.0287327213
1.06512376058
1.08922171071
1.12029125396
1.15228998014
1.2017515988
1.28626823828
1.35143781967
0.878782859027
0.152360255422
0.0744920344831
0.055001772781
0.0483406655024
0.0467139781187
0.0473877175071
0.0496421660704
0.0528638055812
0.0568372233475
0.0614466389437
0.0663721426733
0.0725491734297
1.43118215715
199.999997004
199.999996671
34.7611673197
2.66843449927
0.0792700091755
0.0136602485329
0.0086551519142
0.00655210681979
0.00589557389067
0.00589480064673
0.00544236729024
0.00476926634115
0.0110935623911
0.00293838419673
0
0
0
0
0
0
0
0
0
0
0
0
0
0
0
0
0
0
0
0
0
0
0
0
0
0
0
0
0
0
0
0
0
0
0
0
0
0
0
0
0
0
0
0
0
0
0
0
0
0
0
0
0
0
0
0
0
0
1.45047277681
1.12624021291
1.18793698521
1.20416489531
1.20495719204
1.22122204829
1.24179570297
1.29227547854
1.35234893148
1.46991240904
1.27350585159
0.326854831576
0.0970998084262
0.0652913388453
0.0543410887548
0.0504537325501
0.0496466518102
0.0505466851723
0.0528846073705
0.0558364319307
0.0592427020145
0.0627596479377
0.0672067263557
0.384755846876
199.999997004
43.5165709153
3.92983606726
0.0275656770504
0.0106818702794
0.00735893362218
0.00589689613781
0.00530601650161
0.00477409260431
0.00477331936037
0.00477150557829
0.00530167286477
0.00748077384521
0.0182011912289
0.009301983295
0
0
0
0
0
0
0
0
0
0
0
0
0
0
0
0
0
0
0
0
0
0
0
0
0
0
0
0
0
0
0
0
0
0
0
0
0
0
0
0
0
0
0
0
0
0
0
0
0
0
0
0
0
0
0
0
0
2.42956719661
1.5627992114
1.49937003026
1.42543127245
1.37594534442
1.35662102892
1.36696556348
1.38617846411
1.43575115296
1.50931747281
1.61254716458
0.603466791986
0.127232954844
0.0773899371052
0.0615309240309
0.055132057686
0.0526296208141
0.0526826505889
0.0538910080755
0.0560449664448
0.0585491909235
0.0612661392963
0.0646986953171
0.1950348488
71.7714590441
5.05581250181
0.0100380075159
0.00787340245231
0.00630104126941
0.00530087847594
0.00452252835386
0.00424439207854
0.0038663886819
0.00386569276235
0.00416216086936
0.00471783796347
0.00623058940661
0.0140102501958
0.343686172391
0.0436930861754
0
0
0
0
0
0
0
0
0
0
0
0
0
0
0
0
0
0
0
0
0
0
0
0
0
0
0
0
0
0
0
0
0
0
0
0
0
0
0
0
0
0
0
0
0
0
0
0
0
0
0
0
0
0
0
0
2.58618200015
2.12552784788
1.87149453363
1.71669845922
1.59513864768
1.54114914852
1.50738369618
1.50030645433
1.52370778184
1.57284964527
1.81401963899
0.879552460855
0.162211222901
0.0907501480209
0.0695650678397
0.0605972362644
0.0568759851782
0.0557500382548
0.056172835168
0.0577922174551
0.0598257283373
0.061934098208
0.0649198108201
0.151910415941
7.04249470469
0.00627040409323
0.00565640971846
0.00497452448561
0.00430843746034
0.00386742594302
0.00347974981371
0.00337616867157
0.00317454883943
0.00323087376995
0.00347765432263
0.00386310573633
0.00529860020943
86.025995055
30.6447148558
9.62617794126
0.0748555280174
0
0
0
0
0
0
0
0
0
0
0
0
0
0
0
0
0
0
0
0
0
0
0
0
0
0
0
0
0
0
0
0
0
0
0
0
0
0
0
0
0
0
0
0
0
0
0
0
0
0
0
0
0
0
0
2.72628137056
2.6296428516
2.25929598395
2.04168040315
1.88389661296
1.75521729264
1.67037397442
1.62549296991
1.61428834672
1.63195103806
1.82298009308
1.01686613746
0.194607410807
0.104824544022
0.0782971493274
0.0669412205691
0.0619769699301
0.0599670339629
0.0599368989498
0.0607562967839
0.0625383577137
0.0643965813041
0.0669720156034
0.138875749879
0.00431434518595
0.00413529927676
0.00388860225054
0.00358286994947
0.00329696416788
0.00308811253474
0.00281752632892
0.00279388479884
0.00269548868148
0.0027625226983
0.00281543083785
0.00318970239168
199.076745309
199.695741887
199.999986905
199.999983833
199.999977824
0.0205605293831
0
0
0
0
0
0
0
0
0
0
0
0
0
0
0
0
0
0
0
0
0
0
0
0
0
0
0
0
0
0
0
0
0
0
0
0
0
0
0
0
0
0
0
0
0
0
0
0
0
0
0
0
0
0
2.35029520988
3.06201040828
2.59349951584
2.34926883462
2.16358050635
1.98301749486
1.84664663604
1.74981968402
1.69343966627
1.66893234086
1.80715134419
0.984442675779
0.214292570167
0.117624321063
0.0874133038758
0.07413263516
0.0680680020311
0.0652835588664
0.0648211043512
0.0655232883164
0.067208345002
0.0689245799412
0.0714707586536
0.14152937596
0.00314990175366
0.00305431730574
0.00293582872469
0.00280275522977
0.00261816026124
0.00251595421143
0.00233804527114
0.00228049897866
0.00228049897866
0.00227980305911
0.00237105031886
0.00267575947708
198.858368885
199.99944843
199.999989684
199.99998545
199.999982037
199.99997536
0.00335542538307
0
0
0
0
0
0
0
0
0
0
0
0
0
0
0
0
0
0
0
0
0
0
0
0
0
0
0
0
0
0
0
0
0
0
0
0
0
0
0
0
0
0
0
0
0
0
0
0
0
0
0
0
0
1.66592183912
3.34883661409
2.89714345048
2.6502454834
2.43871929512
2.21528805222
2.03562183226
1.87786374379
1.76515369761
1.68269893863
1.79220381542
0.825173550958
0.216784642478
0.127813524741
0.0967344434445
0.0822565275802
0.0753422851892
0.0720448028566
0.0713452661525
0.0722487598847
0.073684436454
0.0756013308575
0.0783552009951
0.159463628159
0.00247800962253
0.00244122002023
0.0023721363705
0.00228246977479
0.00218369101051
0.00205286001432
0.00200724885826
0.00191900684966
0.00187210298051
0.00189915136715
0.00203569156287
0.00224384986574
68.7829617543
199.999991923
199.999990862
199.999988374
199.999984607
199.999977824
199.99996958
8.7244650604e-06
0
0
0
0
0
0
0
0
0
0
0
0
0
0
0
0
0
0
0
0
0
0
0
0
0
0
0
0
0
0
0
0
0
0
0
0
0
0
0
0
0
0
0
0
0
0
0
0
0
0
0
0
0
3.95467506843
3.22550552692
2.98258567042
2.71597967618
2.45871511647
2.2125396116
1.99172712292
1.80670000558
1.66974048621
1.69033991665
0.630818932812
0.211995529028
0.13723620697
0.106156949811
0.0914549968953
0.0840163973248
0.080684520565
0.0800813169531
0.0810641836945
0.0828048459265
0.0850981251269
0.0886517850717
0.205252169912
0.00208526049095
0.00202409596168
0.00198447310507
0.00192348582508
0.00183449187817
0.00175916382483
0.00167646193614
0.00163932644938
0.00161248676067
0.00162799444542
0.00166078640767
0.00184601415029
0.00239136300536
0.903372731176
124.757883489
140.350898198
147.845582481
149.342083336
151.33850083
22.5848834393
0
0
0
0
0
0
0
0
0
0
0
0
0
0
0
0
0
0
0
0
0
0
0
0
0
0
0
0
0
0
0
0
0
0
0
0
0
0
0
0
0
0
0
0
0
0
0
0
0
0
0
0
0
4.79194670234
3.87362611871
3.38174541863
3.0262345747
2.6882584774
2.36465304616
2.06212534176
1.79716821017
1.62035217134
1.28831605613
0.461801095168
0.208008809768
0.145831998408
0.11695181103
0.102149201343
0.0946792405732
0.0915239437902
0.0912883930968
0.0926465407743
0.0953710020766
0.098436887589
0.102986579947
0.482243877228
0.00175848692032
0.00173432115455
0.00167780401202
0.00160703437993
0.00155933319651
0.00146671955191
0.0014212092202
0.00137754504125
0.00134863423783
0.00135058480398
0.00140319110897
0.00153262611768
0.0019274848894
0.508661458657
2.43174828643
2.4174313028
3.20805943132
58.6915628454
61.2908722666
95.4560408803
14.2622945667
0
0
0
0
0
0
0
0
0
0
0
0
0
0
0
0
0
0
0
0
0
0
0
0
0
0
0
0
0
0
0
0
0
0
0
0
0
0
0
0
0
0
0
0
0
0
0
0
0
0
0
0.00463617417076
6.47328080133
4.80888991732
3.96038813234
3.34433521351
2.86210334211
2.46471036706
2.07208679575
1.71085962058
1.47833606385
0.870056999374
0.352775946802
0.207668823999
0.154952816417
0.129003668458
0.114837320415
0.107727545298
0.105189383962
0.105554175989
0.108459832796
0.112312056721
0.117027696408
0.123888553039
6.76158586858
0.00147802982159
0.0014345292075
0.00140726601929
0.0013586958838
0.00129418620149
0.00126115695119
0.00119854900455
0.00116466737156
0.00114650646446
0.00114501660483
0.00117142020041
0.00125977010904
0.00151194285007
0.191230284013
2.95841522112
2.2639194616
2.87891529056
4.17887429437
7.6820677544
18.7168449793
12.6161168661
0.025330577494
0
0
0
0
0
0
0
0
0
0
0
0
0
0
0
0
0
0
0
0
0
0
0
0
0
0
0
0
0
0
0
0
0
0
0
0
0
0
0
0
0
0
0
0
0
0
0
0
0
0.000241334771272
5.48374405238
9.35875980307
5.82396464723
4.45838782838
3.57222349474
2.97520860214
2.46582752133
1.97809291036
1.53177940887
1.18672389799
0.594718784567
0.30636868271
0.21204066133
0.167558459533
0.143222577571
0.130173296299
0.123980062943
0.122276500372
0.124655221961
0.129369522786
0.136021822494
0.144125130011
0.155760667238
58.0437177664
0.00124078405649
0.00121737558567
0.0011924245269
0.00115499902386
0.00111969467218
0.0010698116833
0.00103781318491
0.00101365325299
0.000990577855434
0.000977659660216
0.000995634182479
0.00103829550044
0.00117617673122
0.0642098628822
2.59168499478
2.11790493515
2.60661063613
3.58353791041
5.41661942441
10.1991466361
13.6653793112
12.0787116584
0.00228056918436
0
0
0
0
0
0
0
0
0
0
0
0
0
0
0
0
0
0
0
0
0
0
0
0
0
0
0
0
0
0
0
0
0
0
0
0
0
0
0
0
0
0
0
0
0
0
0
0
0.0793104065847
22.923110911
9.68033794478
6.66332697125
4.80762810658
3.66227282073
2.92622285962
2.32080647302
1.70319932672
1.25549360794
0.830462955504
0.455970101512
0.293546677939
0.22169058372
0.182930871582
0.160996715882
0.148968084814
0.144469696458
0.145267289745
0.150119891052
0.158811028764
0.17099188612
0.188067809131
0.221518720383
85.5657017089
0.00108975275015
0.00106631570949
0.00104071385428
0.00101360013828
0.000981001616807
0.000941068694834
0.000922250949401
0.000891088099059
0.000860107187492
0.000850687765624
0.000850802202176
0.000870210280356
0.00094325167244
0.00180817351084
1.24756502118
2.30735314367
2.39311904965
3.24541334504
4.52749976252
6.78313473342
10.050584527
16.0351451577
16.416410274
0
0
0
0
0
0
0
0
0
0
0
0
0
0
0
0
0
0
0
0
0
0
0
0
0
0
0
0
0
0
0
0
0
0
0
0
0
0
0
0
0
0
0
0
0
0
0
0.013529515757
26.114985859
52.1148287949
13.6058910583
7.46035271952
4.90447873308
3.54755141225
2.69613451195
1.98281635353
1.37385238694
0.985843846424
0.64089278188
0.411865457976
0.29835568398
0.238486078094
0.203492002756
0.183787624473
0.174058258827
0.171700190333
0.175997716384
0.186298331889
0.20483707029
0.237223849953
0.294486430266
14.3946212235
102.764512676
0.000981599643923
0.000960389109981
0.000939044006288
0.00091323213701
0.000886584843026
0.000852347516238
0.000831128555315
0.000795255017771
0.000764191669609
0.000751116900931
0.000743870904936
0.000749451808451
0.000783017429391
0.000937042610738
0.320893264821
3.2731664247
2.06007876985
2.99234793988
4.14572684029
5.74052858494
8.73604414582
12.3556367186
24.7031212222
16.6929486229
0
0
0
0
0
0
0
0
0
0
0
0
0
0
0
0
0
0
0
0
0
0
0
0
0
0
0
0
0
0
0
0
0
0
0
0
0
0
0
0
0
0
0
0
0
0
127.339303169
199.999984909
191.667618802
172.240624375
161.811691423
141.915902587
117.17629027
76.7519750634
12.9264323908
1.1450222753
0.830662704849
0.574733977669
0.409413510779
0.317189531585
0.26388311297
0.231755764779
0.213857906793
0.207067813988
0.20910193574
0.221714909769
0.248389572643
0.299928859474
0.415781598329
41.0071523551
84.279318379
118.37858258
0.000907856025626
0.000885124436583
0.00086887519519
0.000841981796562
0.000812062788012
0.000784518394422
0.000750246183927
0.000717224446402
0.000683187819725
0.000666408962992
0.000646501610799
0.000639062346226
0.000659915714588
0.000725573432461
0.0568269235323
1.65256893797
1.97040067432
3.01230487271
4.38981819529
5.86539195031
8.83022210306
12.095445367
19.296862067
43.6963997191
189.872426314
0
0
0
0
0
0
0
0
0
0
0
0
0
0
0
0
0
0
0
0
0
0
0
0
0
0
0
0
0
0
0
0
0
0
0
0
0
0
0
0
0
0
0
0
0.0390751948808
199.99996958
199.999992086
199.999994107
199.999994733
196.384677694
186.875923932
181.194299741
172.12225173
155.715175132
131.320131934
102.826418466
54.7791672967
0.439801131662
0.353475971645
0.301930156847
0.272255163246
0.257720295874
0.255769526707
0.27023317431
0.305449261887
0.37890199702
0.72486870998
79.8303727868
106.70616564
116.164660599
135.155174283
0.000855127109776
0.000831178550397
0.000813128506729
0.000788000295534
0.000756448006008
0.000723871438879
0.000686358945984
0.000649053122151
0.000612740494533
0.000584893305298
0.000558861421357
0.00054695301059
0.000545945793377
0.000572606495267
0.00076240573025
0.311109280533
1.81554602392
2.38448843317
4.9724037313
7.52136438223
11.281473018
15.3389445601
23.5781938549
58.9694896641
167.900577987
11.9248026514
0
0
0
0
0
0
0
0
0
0
0
0
0
0
0
0
0
0
0
0
0
0
0
0
0
0
0
0
0
0
0
0
0
0
0
0
0
0
0
0
0
0
0
199.99992148
199.999986905
199.999994107
199.999994733
199.999994733
199.999994733
199.553700107
194.103408731
191.179549225
187.699137176
183.353050184
177.560794481
169.476874735
153.433875137
133.827847
105.041979405
63.7998544818
27.7973646452
8.99391474691
7.39500496418
17.1300794283
68.2980555537
115.533882662
133.281184181
138.01526763
141.387815464
152.080283725
0.000823489672629
0.000793106750687
0.000773196078201
0.000746545916506
0.000707497420869
0.000672301038909
0.000630788670155
0.000588235545625
0.000550896310333
0.000517442900639
0.000489610177701
0.000468368089743
0.000452089028486
0.000452893940644
0.000492744619581
0.0267624020092
0.518939793315
1.18747613617
2.67818772673
5.08100773563
9.90399486702
17.2351364337
31.1873846942
40.1810039907
41.4911797473
103.69699021
0
0
0
0
0
0
0
0
0
0
0
0
0
0
0
0
0
0
0
0
0
0
0
0
0
0
0
0
0
0
0
0
0
0
0
0
0
0
0
0
0
0
0
199.999977824
199.999994107
199.999994733
199.999994733
199.999994733
199.999994733
199.999994733
199.999994733
198.669930316
195.980191329
194.28380595
192.482361541
190.626985911
188.014753683
184.113509804
178.969013236
172.030358321
162.903403215
151.179741871
139.296303853
150.00257746
159.568995475
163.062675888
161.326121417
161.067260106
161.906118473
167.58497442
0.000813924782928
0.000774371057499
0.000748885734284
0.000715281730793
0.000674589323516
0.000630131433273
0.000584341504993
0.000540991289225
0.000499171992169
0.000463311468593
0.000434661206586
0.000409173642971
0.000393377697454
0.000379496074576
0.00037959448767
0.000429282952674
0.070277830571
0.345238696366
0.776556628004
1.77772866629
3.40418977172
7.01431906315
13.1605081822
21.618621553
27.01702846
42.5047238926
199.816714396
0
0
0
0
0
0
0
0
0
0
0
0
0
0
0
0
0
0
0
0
0
0
0
0
0
0
0
0
0
0
0
0
0
0
0
0
0
0
0
0
0
199.999880323
199.999990913
199.999994733
199.999995708
199.999995708
199.999995297
199.999995297
199.999995297
199.999995297
199.999994733
199.999994733
199.586081885
198.273559126
196.558632112
195.448065031
194.208801177
192.630588624
190.511433772
188.782751689
188.19081067
188.265322133
188.220503491
186.311905006
183.751762252
180.601021718
178.373798957
177.842982252
180.453306995
0.000838226785507
0.000778723685221
0.000744010410401
0.000703659171889
0.000651655246848
0.000601416398043
0.000551153894299
0.000502284735482
0.000460394983244
0.000422322864193
0.000391597463111
0.000368041245708
0.000345666293079
0.000324601085346
0.000315765093558
0.000316422509928
0.000610550098651
0.0587611866741
0.150546598873
0.345267757778
0.740539741282
1.57102817515
3.18792221427
6.73037378631
12.6471261272
26.4769474436
199.999982037
194.776745039
0
0
0
0
0
0
0
0
0
0
0
0
0
0
0
0
0
0
0
0
0
0
0
0
0
0
0
0
0
0
0
0
0
0
0
0
0
0
0
0
199.999980411
199.999995144
199.999995708
199.999995708
199.99999604
199.99999604
199.999995992
199.999995629
199.999995629
199.999995629
199.999995629
199.999995297
199.985816083
199.747933886
199.350994427
198.781857128
198.174648539
197.556069574
196.959420319
196.411279079
195.716343785
194.526089544
193.198601327
191.930411854
190.75258752
189.81982189
189.179704838
190.064163176
0.000928785109186
0.000828393129406
0.00076809586729
0.000703433419433
0.000642929860645
0.000582909742214
0.000528201825713
0.000477245014531
0.000433646736506
0.000394606438852
0.000364314984953
0.000334394376738
0.000308636132584
0.000285434612556
0.000261826005164
0.000249057517582
0.000250316146974
0.00345297545248
0.0293390612175
0.0609418847632
0.117998348447
0.209772132455
0.399330766029
1.03075018529
4.24047889576
199.999994733
199.999990824
11.6299136002
0
0
0
0
0
0
0
0
0
0
0
0
0
0
0
0
0
0
0
0
0
0
0
0
0
0
0
0
0
0
0
0
0
0
0
0
0
0
0
199.999750155
199.999994517
199.999995144
199.99999604
199.99999604
199.99999604
199.99999604
199.99999604
199.99999604
199.999995629
199.999995629
199.999995629
199.999995629
199.999995629
199.999995629
199.907449196
199.689727891
199.386069981
199.033522095
198.612850119
198.122937097
197.56487807
196.909417507
196.247558253
195.659984289
195.23011332
194.99859886
194.89962201
195.438484357
0.00120705826026
0.000965468096351
0.00084424170181
0.000737203106711
0.000651517727411
0.000577495250788
0.000513452242879
0.00045848591384
0.000408760112435
0.000374056032991
0.000339311814364
0.000308648084859
0.000278188970037
0.000248922983914
0.000221759286503
0.000199534218426
0.000185100728718
0.000189967706898
0.00312167917262
0.00978828564604
0.0179475864453
0.02976338541
0.0432925625517
0.0599338420959
0.107552228231
0.519148336271
3.64959587011
0.443697070511
0
0
0
0
0
0
0
0
0
0
0
0
0
0
0
0
0
0
0
0
0
0
0
0
0
0
0
0
0
0
0
0
0
0
0
0
0
0
0
199.999990174
199.999995144
199.999996497
199.99999604
199.99999604
199.99999604
199.99999604
199.99999604
199.99999604
199.99999604
199.999995629
199.999995629
199.999995629
199.999995629
199.999995629
199.99972047
199.917332258
199.721270574
199.466070178
199.16115205
198.821224465
198.456202782
198.07536901
197.744360774
197.502952736
197.39732808
197.418775217
197.514398453
197.847278367
0.00237773200413
0.00137395929852
0.00103395754146
0.000815984578339
0.000679127090822
0.0005819588001
0.000507880281837
0.000445073167938
0.000397752161908
0.000356550402867
0.000321502172012
0.000289032074158
0.00025586611362
0.00022247277365
0.000192722676646
0.000168487483198
0.000147723929365
0.000132483058702
0.00017049216676
0.00109744388753
0.0020367644208
0.00353107860392
0.00509695092327
0.00474714587757
0.0033928266225
0.00100965414809
0.000881978927277
0.000384035010223
0.00598004860511
82.2782718131
0
0
0
0
0
0
0
0
0
0
0
0
0
0
0
0
0
0
0
0
0
0
0
0
0
0
0
0
0
0
0
0
0
0
0
0
195.494320872
199.999994974
199.999996497
199.999997004
199.999997004
199.999997004
199.99999604
199.99999604
199.99999604
199.99999604
199.99999604
199.999995629
199.999995629
199.999995629
199.999995629
199.999995629
199.999995629
199.987271868
199.869179114
199.677626142
199.441204905
199.185709249
198.932512376
198.694131118
198.522202841
198.453732049
198.497286768
198.628487385
198.786053307
198.998461041
87.9772980679
0.00414006619716
0.00155693801761
0.000962533472275
0.000724054639127
0.000595610666008
0.000506658458809
0.000438674584476
0.000389404731171
0.000347773012061
0.000309063339044
0.000275523900633
0.000241348412035
0.000207245860995
0.000176994210061
0.000149498268727
0.000118445226802
7.6692933795e-05
8.31737555048e-05
0.000147759930991
0.000271259466171
0.00038081309671
0.000364308393791
0.000207788500873
0.000270638943609
0.000378418687863
0.000642853498148
0.00109075559194
0.00728168891134
0.10129081092
0
0
0
0
0
0
0
0
0
0
0
0
0
0
0
0
0
0
0
0
0
0
0
0
0
0
0
0
0
0
0
0
0
0
0
7.80773711733e-07
199.999991691
199.999997004
199.999997004
199.999997004
199.999997004
199.999997004
199.999997004
199.99999604
199.99999604
199.99999604
199.99999604
199.99999604
199.999995629
199.999995629
199.999995629
199.999995629
199.999995629
199.999995629
199.939096687
199.787129489
199.593434759
199.385235506
199.190526335
199.02986212
198.942575596
198.954558414
199.068157612
199.247908031
199.427699332
199.572794822
78.8729564101
42.0182849599
0.00401511326565
0.00121876842034
0.000784953385372
0.000611640598341
0.000505077779173
0.000434677140322
0.00038382041094
0.000340886968695
0.000303615788155
0.000268120907552
0.000230949077436
0.000197049375609
0.00016428547965
0.000129672756331
9.20626236687e-05
4.92079943687e-05
8.72439686704e-06
1.55882204998e-05
1.8216795993e-05
2.06808426161e-05
4.62512690638e-05
6.71651361887e-05
0.000110767247324
0.000230671703982
0.000578268577788
0.00221758378846
0.012337734678
0.0111036616396
3.69840179242e-07
0
0
0
0
0
0
0
0
0
0
0
0
0
0
0
0
0
0
0
0
0
0
0
0
0
0
0
0
0
0
0
0
0
0
1.23736652561e-06
199.999997004
199.999997004
199.999997004
199.999997004
199.999997004
199.999997004
199.999997004
199.99999604
199.99999604
199.99999604
199.99999604
199.999995629
199.999995629
199.999995629
199.999995629
199.999995629
199.999995629
199.999995629
199.970605357
199.844454044
199.675820569
199.49283937
199.330575623
199.210999708
199.163686093
199.213585111
199.355609725
199.554318132
199.750199203
199.862751157
25.0547755214
74.2432096182
103.020881112
69.7754636898
0.000954679722984
0.000671013926788
0.000535425722649
0.000451257161841
0.000389141704112
0.000343385677383
0.000303522863113
0.000266951486994
0.000224612244375
0.000192255844588
0.000158596089617
0.000130736060392
9.66808311227e-05
4.63444769401e-05
8.72439686704e-06
1.4085306163e-05
1.78058624605e-05
2.02699090836e-05
2.55867673365e-05
5.9941297221e-05
8.45485156974e-05
0.000179710756303
0.000520441720009
0.00109105516249
0.0020553898942
8.42489451522e-05
0.0599323032215
0
0
0
0
0
0
0
0
0
0
0
0
0
0
0
0
0
0
0
0
0
0
0
0
0
0
0
0
0
0
0
0
0
0
199.999997004
199.999997004
199.999997304
199.999997304
199.999997304
199.999997304
199.999996847
199.99999634
199.999995929
199.999995929
199.999995929
199.999995929
199.999995559
199.999995629
199.999995629
199.999995629
199.999995629
199.999995629
199.999995629
199.983807419
199.885577532
199.748213971
199.598705882
199.466631123
199.373737125
199.345428699
199.399973037
199.532377688
199.705348847
199.878553814
125.382134576
)
;

boundaryField
{
    frontAndBack
    {
        type            empty;
    }
    leftWall
    {
        type            calculated;
        value           uniform 0;
    }
    outlet
    {
        type            calculated;
        value           uniform 0;
    }
    rightWall
    {
        type            calculated;
        value           uniform 0;
    }
    inlet
    {
        type            calculated;
        value           uniform 0.552791910084;
    }
}


// ************************************************************************* //
