/*--------------------------------*- C++ -*----------------------------------*\
| =========                 |                                                 |
| \\      /  F ield         | OpenFOAM: The Open Source CFD Toolbox           |
|  \\    /   O peration     | Version:  v1906                                 |
|   \\  /    A nd           | Web:      www.OpenFOAM.com                      |
|    \\/     M anipulation  |                                                 |
\*---------------------------------------------------------------------------*/
FoamFile
{
    version     2.0;
    format      ascii;
    class       volScalarField;
    location    "309";
    object      alpha;
}
// * * * * * * * * * * * * * * * * * * * * * * * * * * * * * * * * * * * * * //

dimensions      [0 0 -1 0 0 0 0];


internalField   nonuniform List<scalar> 
9216
(
100
100
100
100
100
100
100
100
100
100
100
100
100
100
100
100
100
100
100
100
100
100
100
100
100
100
100
100
100
100
100
100
100
100
100
100
100
100
100
100
100
100
100
100
100
100
100
100
100
100
100
100
100
100
100
100
100
100
100
100
100
100
100
100
100
100
100
100
100
100
100
100
100
100
100
100
100
100
100
100
100
100
100
100
100
100
100
100
99.9999999999
99.9999999992
99.9999999976
99.9999999924
99.9999999565
99.9999969136
86.2260999848
26.7442686885
100
100
100
100
100
100
100
100
100
100
100
100
100
100
100
100
100
100
100
100
100
100
100
100
100
100
100
100
100
100
100
100
100
100
100
100
100
100
100
100
100
100
100
100
100
100
100
100
100
100
100
100
100
100
100
100
100
100
100
100
100
100
100
100
100
100
100
100
100
100
100
100
100
100
100
100
100
100
100
100
100
100
100
100
100
100
100
100
99.9999999999
99.9999999997
99.9999999986
99.999999996
99.9999999838
99.9999997351
99.9997253238
86.2968365465
100
100
100
100
100
100
100
100
100
100
100
100
100
100
100
100
100
100
100
100
100
100
100
100
100
100
100
100
100
100
100
100
100
100
100
100
100
100
100
100
100
100
100
100
100
100
100
100
100
100
100
100
100
100
100
100
100
100
100
100
100
100
100
100
100
100
100
100
100
100
100
100
100
100
100
100
100
100
100
100
100
100
100
100
100
100
100
99.9999999999
99.9999999999
99.9999999999
99.9999999987
99.999999996
99.9999999883
99.9999999441
99.9999997498
99.9999971234
100
100
100
100
100
100
100
100
100
100
100
100
100
100
100
100
100
100
100
100
100
100
100
100
100
100
100
100
100
100
100
100
100
100
100
100
100
100
100
100
100
100
100
100
100
100
100
100
100
100
100
100
100
100
100
100
100
100
100
100
100
100
100
100
100
100
100
100
100
100
100
100
100
100
100
100
100
100
100
100
100
100
100
100
100
99.9999999999
99.9999999999
99.9999999999
99.9999999999
99.9999999998
99.9999999989
99.9999999972
99.9999999933
99.9999999888
99.999999983
99.9999999522
100
100
100
100
100
100
100
100
100
100
100
100
100
100
100
100
100
100
100
100
100
100
100
100
100
100
100
100
100
100
100
100
100
100
100
100
100
100
100
100
100
100
100
100
100
100
100
100
100
100
100
100
100
100
100
100
100
100
100
100
100
100
100
100
100
100
100
100
100
100
100
100
100
100
100
100
100
100
100
100
100
100
100
100
99.9999999999
99.9999999999
99.9999999999
99.9999999999
99.9999999999
99.9999999995
99.9999999992
99.9999999984
99.9999999971
99.9999999958
99.9999999956
99.9999999905
100
100
100
100
100
100
100
100
100
100
100
100
100
100
100
100
100
100
100
100
100
100
100
100
100
100
100
100
100
100
100
100
100
100
100
100
100
100
100
100
100
100
100
100
100
100
100
100
100
100
100
100
100
100
100
100
100
100
100
100
100
100
100
100
100
100
100
100
100
100
100
100
100
100
100
100
100
100
100
100
100
100
100
100
100
99.9999999999
99.9999999999
99.9999999999
99.9999999999
99.9999999995
99.9999999992
99.999999999
99.9999999986
99.9999999978
99.9999999979
99.9999999961
100
100
100
100
100
100
100
100
100
100
100
100
100
100
100
100
100
100
100
100
100
100
100
100
100
100
100
100
100
100
100
100
100
100
100
100
100
100
100
100
100
100
100
100
100
100
100
100
100
100
100
100
100
100
100
100
100
100
100
100
100
100
100
100
100
100
99.9999999999
99.9999999999
99.9999999999
99.9999999999
99.9999999999
99.9999999999
99.9999999999
99.9999999999
99.9999999999
99.9999999999
99.9999999999
99.9999999999
99.9999999999
99.9999999999
99.9999999999
99.9999999999
99.9999999999
99.9999999999
99.9999999999
99.9999999999
99.9999999999
99.9999999999
99.9999999999
99.9999999997
99.9999999994
99.9999999992
99.9999999993
99.9999999987
99.9999999986
99.9999999978
100
100
100
100
100
100
100
100
100
100
100
100
100
100
100
100
100
100
100
100
100
100
100
100
100
100
100
100
100
100
100
100
100
100
100
100
100
100
100
100
100
100
100
100
100
100
100
100
100
100
100
100
100
100
100
100
100
100
100
100
100
100
100
99.9999999999
99.9999999999
99.9999999999
99.9999999999
99.9999999999
99.9999999999
99.9999999999
99.9999999999
99.9999999999
99.9999999999
99.9999999999
99.9999999999
99.9999999999
99.9999999999
99.9999999999
99.9999999999
99.9999999999
99.9999999999
99.9999999999
99.9999999999
99.9999999999
99.9999999999
99.9999999999
99.9999999999
99.9999999999
99.9999999999
99.9999999999
99.9999999997
99.9999999994
99.9999999994
99.9999999995
99.9999999991
99.9999999985
100
100
100
100
100
100
100
100
100
100
100
100
100
100
100
100
100
100
100
100
100
100
100
100
100
100
100
100
100
100
100
100
100
100
100
100
100
100
100
100
100
100
100
100
100
100
100
100
100
100
100
100
100
100
100
100
100
100
100
100
100
99.9999999999
99.9999999999
99.9999999999
99.9999999999
99.9999999999
99.9999999999
99.9999999999
99.9999999999
99.9999999999
99.9999999999
99.9999999999
99.9999999999
99.9999999999
99.9999999999
99.9999999999
99.9999999999
99.9999999999
99.9999999999
99.9999999999
99.9999999999
99.9999999999
99.9999999999
99.9999999999
99.9999999999
99.9999999999
99.9999999999
99.9999999999
99.9999999999
99.9999999999
99.9999999998
99.9999999998
99.9999999996
99.9999999998
99.9999999995
99.999999999
100
100
100
100
100
100
100
100
100
100
100
100
100
100
100
100
100
100
100
100
100
100
100
100
100
100
100
100
100
100
100
100
100
100
100
100
100
100
100
100
100
100
100
100
100
100
100
100
100
100
100
100
100
100
100
100
100
100
100
99.9999999999
99.9999999999
99.9999999999
99.9999999999
99.9999999999
99.9999999999
99.9999999999
99.9999999999
99.9999999999
99.9999999999
99.9999999999
99.9999999999
99.9999999999
99.9999999999
99.9999999999
99.9999999999
99.9999999999
99.9999999999
99.9999999999
99.9999999999
99.9999999999
99.9999999999
99.9999999999
99.9999999999
99.9999999999
99.9999999999
99.9999999999
99.9999999999
99.9999999999
99.9999999999
99.9999999999
99.9999999998
99.9999999998
99.9999999998
99.9999999998
99.9999999998
99.9999999994
100
100
100
100
100
100
100
100
100
100
100
100
100
100
100
100
100
100
100
100
100
100
100
100
100
100
100
100
100
100
100
100
100
100
100
100
100
100
100
100
100
100
100
100
100
100
100
100
100
100
100
100
100
100
100
100
100
99.9999999999
99.9999999999
99.9999999999
99.9999999999
99.9999999999
99.9999999999
99.9999999999
99.9999999999
99.9999999999
99.9999999999
99.9999999999
99.9999999999
99.9999999999
99.9999999999
99.9999999999
99.9999999999
99.9999999998
99.9999999998
99.9999999998
99.9999999998
99.9999999998
99.9999999999
99.9999999999
99.9999999999
99.9999999999
99.9999999999
99.9999999999
99.9999999999
99.9999999999
99.9999999999
99.9999999999
99.9999999999
99.9999999999
99.9999999999
99.9999999998
99.9999999998
99.9999999998
99.9999999999
99.9999999996
100
100
100
100
100
100
100
100
100
100
100
100
100
100
100
100
100
100
100
100
100
100
100
100
100
100
100
100
100
100
100
100
100
100
100
100
100
100
100
100
100
100
100
100
100
100
100
100
100
100
100
100
100
100
100
100
99.9999999999
99.9999999999
99.9999999999
99.9999999999
99.9999999999
99.9999999999
99.9999999999
99.9999999999
99.9999999999
99.9999999999
99.9999999999
99.9999999999
99.9999999998
99.9999999998
99.9999999998
99.9999999998
99.9999999998
99.9999999998
99.9999999998
99.9999999998
99.9999999998
99.9999999998
99.9999999998
99.9999999998
99.9999999998
99.9999999998
99.9999999998
99.9999999999
99.9999999999
99.9999999999
99.9999999999
99.9999999999
99.9999999999
99.9999999999
99.9999999999
99.9999999999
99.9999999998
99.9999999999
99.9999999998
99.9999999997
100
100
100
100
100
100
100
100
100
100
100
100
100
100
100
100
100
100
100
100
100
100
100
100
100
100
100
100
100
100
100
100
100
100
100
100
100
100
100
100
100
100
100
100
100
100
100
100
100
100
100
100
100
100
100
99.9999999999
99.9999999999
99.9999999999
99.9999999999
99.9999999999
99.9999999999
99.9999999999
99.9999999999
99.9999999999
99.9999999999
99.9999999998
99.9999999998
99.9999999998
99.9999999998
99.9999999998
99.9999999998
99.9999999998
99.9999999998
99.9999999998
99.9999999998
99.9999999998
99.9999999998
99.9999999998
99.9999999998
99.9999999998
99.9999999998
99.9999999998
99.9999999998
99.9999999998
99.9999999998
99.9999999998
99.9999999999
99.9999999999
99.9999999999
99.9999999999
99.9999999999
99.9999999999
99.9999999998
99.9999999998
99.9999999998
99.9999999998
100
100
100
100
100
100
100
100
100
100
100
100
100
100
100
100
100
100
100
100
100
100
100
100
100
100
100
100
100
100
100
100
100
100
100
100
100
100
100
100
100
100
100
100
100
100
100
100
100
100
100
100
100
100
99.9999999999
99.9999999999
99.9999999999
99.9999999999
99.9999999999
99.9999999999
99.9999999999
99.9999999999
99.9999999998
99.9999999998
99.9999999998
99.9999999998
99.9999999998
99.9999999998
99.9999999998
99.9999999998
99.9999999998
99.9999999998
99.9999999998
99.9999999998
99.9999999998
99.9999999998
99.9999999998
99.9999999998
99.9999999998
99.9999999998
99.9999999998
99.9999999998
99.9999999998
99.9999999998
99.9999999998
99.9999999998
99.9999999998
99.9999999998
99.9999999999
99.9999999999
99.9999999999
99.9999999998
99.9999999998
99.9999999998
99.9999999999
99.9999999998
100
100
100
100
100
100
100
100
100
100
100
100
100
100
100
100
100
100
100
100
100
100
100
100
100
100
100
100
100
100
100
100
100
100
100
100
100
100
100
100
100
100
100
100
100
100
100
100
100
100
100
100
100
99.9999999999
99.9999999999
99.9999999999
99.9999999999
99.9999999999
99.9999999999
99.9999999998
99.9999999998
99.9999999998
99.9999999998
99.9999999998
99.9999999998
99.9999999998
99.9999999998
99.9999999998
99.9999999998
99.9999999998
99.9999999998
99.9999999998
99.9999999998
99.9999999998
99.9999999998
99.9999999998
99.9999999998
99.9999999998
99.9999999998
99.9999999998
99.9999999998
99.9999999998
99.9999999998
99.9999999998
99.9999999998
99.9999999998
99.9999999998
99.9999999998
99.9999999998
99.9999999999
99.9999999999
99.9999999998
99.9999999998
99.9999999998
99.9999999998
99.9999999998
100
100
100
100
100
100
100
100
100
100
100
100
100
100
100
100
100
100
100
100
100
100
100
100
100
100
100
100
100
100
100
100
100
100
100
100
100
100
100
100
100
100
100
100
100
100
100
100
100
100
100
100
99.9999999999
99.9999999999
99.9999999999
99.9999999999
99.9999999999
99.9999999998
99.9999999998
99.9999999998
99.9999999998
99.9999999998
99.9999999998
99.9999999998
99.9999999998
99.9999999997
99.9999999997
99.9999999997
99.9999999997
99.9999999997
99.9999999997
99.9999999997
99.9999999997
99.9999999997
99.9999999997
99.9999999997
99.9999999997
99.9999999997
99.9999999997
99.9999999997
99.9999999997
99.9999999998
99.9999999998
99.9999999998
99.9999999998
99.9999999998
99.9999999998
99.9999999998
99.9999999998
99.9999999998
99.9999999998
99.9999999998
99.9999999998
99.9999999998
99.9999999998
99.9999999998
100
100
100
100
100
100
100
100
100
100
100
100
100
100
100
100
100
100
100
100
100
100
100
100
100
100
100
100
100
100
100
100
100
100
100
100
100
100
100
100
100
100
100
100
100
100
100
100
100
100
100
99.9999999999
99.9999999999
99.9999999999
99.9999999999
99.9999999998
99.9999999997
99.9999999996
99.9999999996
99.9999999996
99.9999999996
99.9999999997
99.9999999997
99.9999999997
99.9999999997
99.9999999997
99.9999999997
99.9999999997
99.9999999997
99.9999999997
99.9999999997
99.9999999997
99.9999999997
99.9999999997
99.9999999997
99.9999999997
99.9999999997
99.9999999997
99.9999999997
99.9999999997
99.9999999997
99.9999999997
99.9999999997
99.9999999997
99.9999999997
99.9999999998
99.9999999998
99.9999999998
99.9999999998
99.9999999998
99.9999999998
99.9999999998
99.9999999998
99.9999999998
99.9999999998
99.9999999998
100
100
100
100
100
100
100
100
100
100
100
100
100
100
100
100
100
100
100
100
100
100
100
100
100
100
100
100
100
100
100
100
100
100
100
100
100
100
100
100
100
100
100
100
100
100
100
100
100
100
99.9999999999
99.9999999999
99.9999999999
99.9999999994
99.999999999
99.9999999987
99.9999999987
99.9999999987
99.9999999987
99.9999999988
99.9999999991
99.9999999992
99.9999999994
99.9999999995
99.9999999996
99.9999999996
99.9999999996
99.9999999996
99.9999999996
99.9999999996
99.9999999997
99.9999999997
99.9999999997
99.9999999997
99.9999999997
99.9999999997
99.9999999997
99.9999999997
99.9999999997
99.9999999997
99.9999999997
99.9999999997
99.9999999997
99.9999999997
99.9999999997
99.9999999997
99.9999999997
99.9999999998
99.9999999998
99.9999999998
99.9999999998
99.9999999998
99.9999999998
99.9999999998
99.9999999998
99.9999999998
100
100
100
100
100
100
100
100
100
100
100
100
100
100
100
100
100
100
100
100
100
100
100
100
100
100
100
100
100
100
100
100
100
100
100
100
100
100
100
100
100
100
100
100
100
100
100
100
100
99.9999999999
99.9999999999
99.9999999987
99.999999998
99.9999999978
99.9999999976
99.9999999976
99.9999999976
99.9999999978
99.9999999978
99.999999998
99.9999999982
99.9999999984
99.9999999987
99.9999999988
99.9999999992
99.9999999993
99.9999999994
99.9999999995
99.9999999995
99.9999999996
99.9999999996
99.9999999996
99.9999999996
99.9999999996
99.9999999996
99.9999999996
99.9999999996
99.9999999997
99.9999999997
99.9999999997
99.9999999997
99.9999999997
99.9999999997
99.9999999997
99.9999999997
99.9999999997
99.9999999997
99.9999999997
99.9999999997
99.9999999998
99.9999999998
99.9999999998
99.9999999998
99.9999999998
99.9999999998
99.9999999998
100
100
100
100
100
100
100
100
100
100
100
100
100
100
100
100
100
100
100
100
100
100
100
100
100
100
100
100
100
100
100
100
100
100
100
100
100
100
100
100
100
100
100
100
100
100
100
100
99.9999999999
99.999999999
99.9999999976
99.999999997
99.999999997
99.999999997
99.999999997
99.999999997
99.999999997
99.999999997
99.9999999973
99.9999999973
99.9999999976
99.9999999976
99.9999999978
99.999999998
99.9999999984
99.9999999986
99.9999999988
99.9999999991
99.9999999992
99.9999999994
99.9999999994
99.9999999995
99.9999999996
99.9999999996
99.9999999996
99.9999999996
99.9999999996
99.9999999996
99.9999999996
99.9999999996
99.9999999996
99.9999999996
99.9999999996
99.9999999997
99.9999999997
99.9999999997
99.9999999997
99.9999999997
99.9999999997
99.9999999997
99.9999999998
99.9999999998
99.9999999998
99.9999999998
99.9999999998
99.9999999998
100
100
100
100
100
100
100
100
100
100
100
100
100
100
100
100
100
100
100
100
100
100
100
100
100
100
100
100
100
100
100
100
100
100
100
100
100
100
100
100
100
100
100
100
100
100
100
99.9999999999
99.999999998
99.9999999967
99.9999999963
99.9999999963
99.9999999967
99.9999999967
99.9999999967
99.9999999967
99.9999999967
99.9999999967
99.999999997
99.999999997
99.999999997
99.999999997
99.9999999973
99.9999999973
99.9999999976
99.9999999978
99.999999998
99.9999999982
99.9999999986
99.9999999988
99.9999999992
99.9999999992
99.9999999994
99.9999999994
99.9999999995
99.9999999995
99.9999999996
99.9999999996
99.9999999996
99.9999999996
99.9999999996
99.9999999996
99.9999999996
99.9999999996
99.9999999996
99.9999999996
99.9999999997
99.9999999997
99.9999999997
99.9999999997
99.9999999997
99.9999999998
99.9999999998
99.9999999998
99.9999999998
99.9999999997
100
100
100
100
100
100
100
100
100
100
100
100
100
100
100
100
100
100
100
100
100
100
100
100
100
100
100
100
100
100
100
100
100
100
100
100
100
100
100
100
100
100
100
100
100
100
99.9999999999
99.9999999973
99.9999999932
99.9999999943
99.9999999959
99.9999999963
99.9999999963
99.9999999967
99.9999999967
99.9999999967
99.9999999967
99.9999999967
99.9999999967
99.9999999967
99.9999999967
99.9999999967
99.9999999967
99.999999997
99.999999997
99.999999997
99.9999999973
99.9999999976
99.9999999978
99.999999998
99.9999999984
99.9999999987
99.999999999
99.9999999992
99.9999999993
99.9999999994
99.9999999994
99.9999999995
99.9999999995
99.9999999995
99.9999999996
99.9999999996
99.9999999996
99.9999999996
99.9999999996
99.9999999996
99.9999999996
99.9999999997
99.9999999997
99.9999999997
99.9999999997
99.9999999998
99.9999999998
99.9999999998
99.9999999998
99.9999999997
100
100
100
100
100
100
100
100
100
100
100
100
100
100
100
100
100
100
100
100
100
100
100
100
100
100
100
100
100
100
100
100
100
100
100
100
100
100
100
100
100
100
100
100
100
99.9999999999
99.999999997
99.9999999937
99.9999999905
99.9999999949
99.9999999959
99.9999999963
99.9999999963
99.9999999967
99.9999999967
99.9999999967
99.9999999967
99.9999999967
99.9999999967
99.9999999967
99.9999999967
99.9999999967
99.9999999967
99.9999999967
99.9999999967
99.9999999967
99.9999999967
99.999999997
99.999999997
99.9999999973
99.9999999976
99.9999999978
99.9999999982
99.9999999986
99.9999999988
99.9999999991
99.9999999992
99.9999999993
99.9999999994
99.9999999994
99.9999999995
99.9999999995
99.9999999995
99.9999999996
99.9999999996
99.9999999996
99.9999999996
99.9999999996
99.9999999996
99.9999999997
99.9999999997
99.9999999997
99.9999999998
99.9999999998
99.9999999998
99.9999999997
100
100
100
100
100
100
100
100
100
100
100
100
100
100
100
100
100
100
100
100
100
100
100
100
100
100
100
100
100
100
100
100
100
100
100
100
100
100
100
100
100
100
100
100
99.9999999999
99.9999999976
99.9999999944
99.9999999914
99.9999999905
99.9999999949
99.9999999963
99.9999999967
99.9999999967
99.999999997
99.999999997
99.999999997
99.999999997
99.999999997
99.999999997
99.999999997
99.9999999967
99.9999999967
99.9999999967
99.9999999967
99.9999999967
99.9999999963
99.9999999963
99.9999999963
99.9999999967
99.9999999967
99.9999999967
99.999999997
99.9999999973
99.9999999977
99.999999998
99.9999999986
99.9999999988
99.9999999991
99.9999999992
99.9999999993
99.9999999994
99.9999999994
99.9999999994
99.9999999995
99.9999999995
99.9999999996
99.9999999996
99.9999999996
99.9999999996
99.9999999996
99.9999999997
99.9999999997
99.9999999998
99.9999999998
99.9999999998
99.9999999998
100
100
100
100
100
100
100
100
100
100
100
100
100
100
100
100
100
100
100
100
100
100
100
100
100
100
100
100
100
100
100
100
100
100
100
100
100
100
100
100
100
100
100
99.9999999999
99.9999999986
99.9999999954
99.9999999923
99.9999999894
99.9999999914
99.9999999954
99.9999999963
99.999999997
99.9999999971
99.9999999973
99.9999999973
99.9999999976
99.9999999973
99.9999999973
99.9999999973
99.999999997
99.999999997
99.999999997
99.9999999967
99.9999999967
99.9999999966
99.9999999963
99.9999999963
99.9999999963
99.9999999963
99.9999999963
99.9999999963
99.9999999963
99.9999999967
99.9999999967
99.9999999973
99.9999999976
99.999999998
99.9999999986
99.9999999988
99.9999999991
99.9999999992
99.9999999993
99.9999999994
99.9999999994
99.9999999994
99.9999999995
99.9999999995
99.9999999996
99.9999999996
99.9999999996
99.9999999996
99.9999999997
99.9999999997
99.9999999998
99.9999999998
99.9999999998
100
100
100
100
100
100
100
100
100
100
100
100
100
100
100
100
100
100
100
100
100
100
100
100
100
100
100
100
100
100
100
100
100
100
100
100
100
100
100
100
100
100
99.9999999999
99.9999999997
99.9999999967
99.9999999937
99.9999999905
99.9999999882
99.9999999923
99.9999999959
99.999999997
99.9999999973
99.9999999978
99.9999999978
99.999999998
99.999999998
99.999999998
99.9999999978
99.9999999978
99.9999999976
99.9999999973
99.9999999973
99.999999997
99.9999999967
99.9999999967
99.9999999963
99.9999999963
99.9999999963
99.9999999959
99.9999999959
99.9999999959
99.9999999959
99.9999999959
99.9999999959
99.9999999963
99.9999999967
99.999999997
99.9999999976
99.9999999982
99.9999999986
99.9999999988
99.9999999991
99.9999999992
99.9999999993
99.9999999994
99.9999999994
99.9999999994
99.9999999995
99.9999999996
99.9999999996
99.9999999996
99.9999999997
99.9999999997
99.9999999998
99.9999999998
99.9999999998
100
100
100
100
100
100
100
100
100
100
100
100
100
100
100
100
100
100
100
100
100
100
100
100
100
100
100
100
100
100
100
100
100
100
100
100
100
100
100
100
100
99.9999999999
99.9999999999
99.9999999984
99.9999999954
99.9999999923
99.9999999894
99.9999999894
99.9999999931
99.9999999967
99.9999999976
99.999999998
99.9999999982
99.9999999984
99.9999999986
99.9999999986
99.9999999986
99.9999999984
99.9999999982
99.999999998
99.9999999978
99.9999999976
99.9999999973
99.9999999973
99.999999997
99.9999999967
99.9999999963
99.9999999963
99.9999999959
99.9999999959
99.9999999959
99.9999999954
99.9999999954
99.9999999954
99.9999999954
99.9999999959
99.9999999963
99.9999999967
99.9999999973
99.9999999978
99.9999999984
99.9999999987
99.999999999
99.9999999992
99.9999999992
99.9999999993
99.9999999994
99.9999999994
99.9999999995
99.9999999996
99.9999999996
99.9999999996
99.9999999997
99.9999999997
99.9999999998
99.9999999998
100
100
100
100
100
100
100
100
100
100
100
100
100
100
100
100
100
100
100
100
100
100
100
100
100
100
100
100
100
100
100
100
100
100
100
100
100
100
100
100
99.9999999999
99.9999999999
99.9999999997
99.9999999973
99.9999999944
99.9999999914
99.9999999882
99.9999999894
99.9999999944
99.9999999973
99.9999999982
99.9999999986
99.9999999988
99.999999999
99.9999999991
99.9999999991
99.9999999991
99.999999999
99.9999999988
99.9999999987
99.9999999984
99.9999999982
99.999999998
99.9999999976
99.9999999973
99.999999997
99.9999999967
99.9999999967
99.9999999963
99.9999999959
99.9999999959
99.9999999954
99.9999999954
99.9999999949
99.9999999949
99.9999999949
99.9999999954
99.9999999959
99.9999999963
99.999999997
99.9999999976
99.9999999982
99.9999999986
99.9999999988
99.9999999991
99.9999999992
99.9999999993
99.9999999994
99.9999999994
99.9999999995
99.9999999996
99.9999999996
99.9999999997
99.9999999997
99.9999999998
99.9999999998
100
100
100
100
100
100
100
100
100
100
100
100
100
100
100
100
100
100
100
100
100
100
100
100
100
100
100
100
100
100
100
100
100
100
100
100
100
100
99.9999999999
99.9999999999
99.9999999999
99.9999999998
99.9999999992
99.9999999963
99.9999999931
99.9999999905
99.9999999882
99.9999999905
99.9999999959
99.999999998
99.9999999987
99.999999999
99.9999999992
99.9999999993
99.9999999994
99.9999999994
99.9999999994
99.9999999994
99.9999999993
99.9999999992
99.9999999991
99.999999998
99.9999999971
99.9999999963
99.9999999959
99.9999999961
99.9999999962
99.9999999953
99.9999999955
99.999999996
99.9999999959
99.9999999954
99.9999999954
99.9999999949
99.9999999949
99.9999999944
99.9999999944
99.9999999944
99.9999999949
99.9999999959
99.9999999967
99.9999999973
99.999999998
99.9999999984
99.9999999987
99.999999999
99.9999999992
99.9999999992
99.9999999993
99.9999999994
99.9999999995
99.9999999996
99.9999999996
99.9999999997
99.9999999998
99.9999999998
100
100
100
100
100
100
100
100
100
100
100
100
100
100
100
100
100
100
100
100
100
100
100
100
100
100
100
100
100
100
100
100
100
100
100
100
99.9999999999
99.9999999999
99.9999999999
99.9999999999
99.9999999999
99.9999999997
99.9999999987
99.9999999959
99.9999999923
99.9999999894
99.9999999894
99.9999999923
99.999999997
99.9999999986
99.9999999991
99.9999999993
99.9999999994
99.9999999996
99.9999999996
99.9999999996
99.9999999996
99.9999999996
99.9999999996
99.9999999995
99.9999999994
99.9999999979
99.9999999968
99.9999999962
99.999999996
99.9999999957
99.9999999955
99.9999999947
99.9999999946
99.9999999935
99.9999999928
99.9999999914
99.9999999916
99.9999999926
99.9999999944
99.9999999937
99.9999999937
99.9999999931
99.9999999932
99.9999999944
99.9999999954
99.9999999963
99.9999999973
99.9999999978
99.9999999984
99.9999999987
99.999999999
99.9999999992
99.9999999992
99.9999999994
99.9999999994
99.9999999996
99.9999999996
99.9999999997
99.9999999997
99.9999999998
100
100
100
100
0
0
0
0
0
0
0
0
0
0
0
0
0
0
0
0
0
0
3.15639826805e-08
99.9999999994
99.9999999997
99.9999999999
99.9999999999
100
100
100
100
100
99.9999999999
99.9999999999
99.9999999999
99.9999999999
99.9999999999
99.9999999999
99.9999999999
99.9999999999
99.9999999998
99.9999999996
99.9999999984
99.9999999954
99.9999999914
99.9999999894
99.9999999894
99.9999999938
99.999999998
99.9999999991
99.9999999994
99.9999999996
99.9999999997
99.9999999997
99.9999999997
99.9999999997
99.9999999998
99.9999999997
99.9999999997
99.9999999997
99.9999999995
99.9999999977
99.9999999969
99.9999999968
99.9999999958
99.9999999955
99.9999999944
99.9999999932
99.9999999921
99.9999999883
99.9999999865
99.9999999834
99.999999981
99.9999999806
99.9999999801
99.9999999801
99.9999999801
99.9999999821
99.9999999855
99.9999999882
99.9999999907
99.9999999949
99.9999999963
99.999999997
99.9999999978
99.9999999984
99.9999999987
99.999999999
99.9999999992
99.9999999992
99.9999999994
99.9999999995
99.9999999996
99.9999999997
99.9999999997
99.9999999998
5.07834407753e-13
1.6865349335e-13
0
0
0
0
0
0
0
0
0
0
0
0
0
0
0
0
0
0
0
0
0
0
0
0
0
0
0
3.24586103911e-07
99.9999999994
99.9999999997
99.9999999998
99.9999999999
99.9999999999
99.9999999999
99.9999999999
99.9999999999
99.9999999998
99.9999999998
99.9999999997
99.9999999994
99.9999999982
99.9999999949
99.9999999905
99.9999999894
99.9999999914
99.9999999954
99.9999999988
99.9999999994
99.9999999997
99.9999999998
99.9999999998
99.9999999998
99.9999999999
99.9999999999
99.9999999999
99.9999999998
99.9999999998
99.9999999998
99.9999999998
99.9999999976
99.9999999964
99.9999999963
99.9999999946
99.9999999934
99.9999999909
99.9999999875
99.999999984
99.9999999794
99.9999999741
99.9999999678
99.9999999597
99.9999999547
99.9999999483
99.9999999429
99.9999999486
99.9999999537
99.9999999625
99.9999999696
99.9999999779
99.9999999842
99.9999999914
99.9999999962
99.9999999973
99.9999999978
99.9999999984
99.9999999987
99.999999999
99.9999999992
99.9999999993
99.9999999994
99.9999999996
99.9999999996
99.9999999997
99.9999999997
0
0
0
0
0
0
0
0
0
0
0
0
0
0
0
0
0
0
0
0
0
0
0
0
0
0
0
0
0
0
0
0
0
0
99.8793448076
99.9999999994
99.9999999996
99.9999999997
99.9999999997
99.9999999996
99.9999999994
99.9999999991
99.999999998
99.9999999949
99.9999999894
99.9999999894
99.9999999928
99.9999999982
99.9999999996
99.9999999998
99.9999999999
99.9999999999
99.9999999999
99.9999999999
99.9999999999
99.9999999999
99.9999999999
99.9999999999
99.9999999999
99.9999999999
99.9999999999
99.999999997
99.9999999962
99.9999999949
99.9999999928
99.9999999887
99.9999999851
99.9999999782
99.999999972
99.9999999604
99.9999999448
99.9999999311
99.9999999145
99.9999998938
99.999999881
99.9999998672
99.9999998672
99.9999998672
99.9999998925
99.9999999129
99.9999999365
99.9999999583
99.9999999756
99.9999999869
99.9999999963
99.9999999973
99.999999998
99.9999999984
99.9999999988
99.9999999991
99.9999999992
99.9999999994
99.9999999995
99.9999999996
99.9999999997
99.9999999997
0
0
0
0
0
0
0
0
0
0
0
0
0
0
0
0
0
0
0
0
0
0
0
0
0
0
0
0
0
0
0
0
0
0
0
0
0
0
99.9999999987
99.9999999991
99.9999999991
99.9999999987
99.9999999976
99.9999999949
99.9999999882
99.9999999905
99.9999999955
100
100
100
100
100
100
100
100
100
100
100
100
100
100
99.9999999973
99.9999999955
99.9999999934
99.9999999891
99.9999999837
99.9999999762
99.9999999658
99.9999999458
99.9999999242
99.9999998828
99.9999998379
99.9999997993
99.9999997518
99.999999693
99.9999996574
99.9999996193
99.9999996573
99.9999996916
99.9999997502
99.9999998179
99.9999998672
99.9999999216
99.9999999625
99.9999999844
99.9999999967
99.9999999976
99.9999999982
99.9999999986
99.9999999988
99.9999999991
99.9999999993
99.9999999994
99.9999999996
99.9999999997
99.9999999997
0
0
0
0
0
0
0
0
0
0
0
0
0
0
0
0
0
0
0
0
0
0
0
0
0
0
0
0
0
0
0
0
0
0
0
0
0
0
0
0
0
99.9183375005
99.9999999967
99.9999999938
99.9999999855
99.9999999945
100
100
100
100
100
100
100
100
100
100
100
100
100
100
99.9999999999
99.9999999959
99.9999999945
99.9999999909
99.9999999841
99.9999999766
99.9999999573
99.9999999252
99.999999884
99.9999998209
99.9999997251
99.9999995792
99.999999422
99.9999992057
99.9999990188
99.9999987881
99.9999987867
99.9999987867
99.9999989081
99.9999991873
99.9999993844
99.999999577
99.9999997224
99.9999998525
99.9999999372
99.9999999855
99.999999997
99.9999999978
99.9999999984
99.9999999986
99.9999999989
99.9999999992
99.9999999994
99.9999999996
99.9999999997
99.9999999996
0
0
0
0
0
0
0
0
0
0
0
0
0
0
0
0
0
0
0
0
0
0
0
0
0
0
0
0
0
0
0
0
0
0
0
0
0
0
0
0
0
0
2.7591291042e-11
8.18765468048e-11
99.9999999948
100
100
100
100
100
100
100
100
100
100
100
100
100
100
100
99.9999999979
99.9999999943
99.9999999924
99.9999999861
99.999999976
99.9999999526
99.9999999073
99.999999838
99.9999996955
99.9999994232
99.9999989112
99.999998216
99.9999971841
99.9999957063
99.9999941094
99.9999927264
99.999992726
99.9999934525
99.9999946965
99.9999961338
99.9999974634
99.9999983357
99.9999989081
99.9999994197
99.9999997502
99.9999999032
99.9999999936
99.9999999973
99.9999999979
99.9999999983
99.9999999986
99.999999999
99.9999999992
99.9999999995
99.9999999996
99.9999999996
0
0
0
0
0
0
0
0
0
0
0
0
0
0
0
0
0
0
0
0
0
0
0
0
0
0
0
0
0
0
0
0
0
0
0
0
0
0
0
0
0
0
0
1.51748094892e-10
1.56039309835e-09
1.3047101042e-08
4.41675943715e-07
100
100
100
100
100
100
100
100
100
100
100
100
100
99.9999999962
99.9999999929
99.9999999884
99.9999999767
99.9999999469
99.9999998846
99.9999997543
99.9999993592
99.9999981858
99.9999952309
99.9999884048
99.9999713827
99.9999401645
99.9998951278
99.9998609937
99.999845548
99.9998609929
99.9998964948
99.9999335127
99.9999679351
99.9999830451
99.9999900206
99.9999941073
99.9999971815
99.9999986519
99.9999995586
99.9999998809
99.9999999966
99.9999999976
99.999999998
99.9999999982
99.9999999987
99.9999999991
99.9999999994
99.9999999996
99.9999999994
0
0
0
0
0
0
0
0
0
0
0
0
0
0
0
0
0
0
0
0
0
0
0
0
0
0
0
0
0
0
0
0
0
0
0
0
0
0
0
0
0
0
0
0
0
1.22280903801e-10
5.92272052022e-10
7.69845282907e-09
1.47485148953e-07
100
100
100
100
100
100
100
100
100
100
100
99.999999995
99.9999999919
99.9999999783
99.999999941
99.9999998408
99.999999581
99.9999979494
99.9999847939
99.9998439555
99.9229884767
98.0069898813
93.5389181143
87.8423345442
84.9547750662
83.3228183028
84.9905364726
90.1522909797
96.9997971352
99.863843783
99.9983740886
99.9996475663
99.9998609915
99.9999499188
99.9999791356
99.9999919167
99.9999971815
99.999999204
99.9999999181
99.9999999972
99.9999999976
99.9999999977
99.9999999982
99.9999999987
99.9999999992
99.9999999994
99.9999999992
0
0
0
0
0
0
0
0
0
0
0
0
0
0
0
0
0
0
0
0
0
0
0
0
0
0
0
0
0
0
0
0
0
0
0
0
0
0
0
0
0
0
0
0
0
0
0
3.0006194713e-11
3.44573845311e-10
1.68437581378e-09
1.4748705186e-07
100
100
100
100
100
100
100
100
99.9999999987
99.9999999925
99.9999999823
99.999999941
99.9999998022
99.9999990216
99.9999768214
94.0442956534
43.8125664406
3.93376602516e-09
4.01418579788e-09
3.88780606001e-09
3.69850670486e-09
3.41832690892e-09
3.16398726101e-09
2.67205317821e-09
2.33651393614e-09
2.13585328697e-09
1.37256814277e-09
0
0
77.123207545
98.9899588472
99.9968930067
99.9996013277
99.9999096691
99.999976763
99.9999941366
99.9999987871
99.9999999947
99.999999997
99.9999999973
99.9999999975
99.9999999982
99.9999999989
99.9999999992
99.999999999
0
0
0
0
0
0
0
0
0
0
0
0
0
0
0
0
0
0
0
0
0
0
0
0
0
0
0
0
0
0
0
0
0
0
0
0
0
0
0
0
0
0
0
0
0
0
0
0
4.46360963338e-12
1.16181892786e-10
3.48189369114e-10
4.81959758793e-09
3.55674324543e-07
100
100
100
100
100
100
99.9999999956
99.9999999857
99.9999999479
99.9999997799
99.9999968729
65.1321559945
4.129406775e-09
4.08538378166e-09
4.08538378166e-09
3.93942024474e-09
3.94126978915e-09
3.92859979855e-09
3.77526732088e-09
3.54832168617e-09
3.25783952961e-09
2.94383996429e-09
2.51311353723e-09
2.37810239683e-09
2.07409734372e-09
0
0
0
0
0
82.0604186805
99.9926648843
99.9995078119
99.9999364999
99.9999885454
99.9999989196
99.9999999958
99.9999999964
99.999999997
99.9999999977
99.9999999982
99.9999999989
99.9999999987
0
0
0
0
0
0
0
0
0
0
0
0
0
0
0
0
0
0
0
0
0
0
0
0
0
0
0
0
0
0
0
0
0
0
0
0
0
0
0
0
0
0
0
0
0
0
0
0
0
4.01724867004e-12
5.39950520641e-11
1.77819949478e-10
6.01892540343e-10
2.14801129557e-08
2.05465379026e-06
100
100
100
100
99.999999989
99.9999999604
99.9999998412
83.3228221822
4.54447219164e-09
4.54447219164e-09
4.54293083675e-09
4.14976142315e-09
4.08709639819e-09
4.00471603449e-09
3.94106071265e-09
3.9459908134e-09
3.80799158349e-09
3.65361745573e-09
3.41832690892e-09
3.05970696256e-09
2.67205317821e-09
2.19806388235e-09
2.02135835781e-09
9.62317148071e-10
0
0
0
0
0
0
79.13012398
99.9955995959
99.9998310434
99.9999800161
99.9999999893
99.9999999949
99.9999999956
99.9999999963
99.9999999975
99.9999999985
99.9999999981
0
0
0
0
0
0
0
0
0
0
0
0
0
0
0
0
0
0
0
0
0
0
0
0
0
0
0
0
0
0
0
0
0
0
0
0
0
0
0
0
0
0
0
0
0
0
0
0
0
0
3.61552380304e-12
9.62048832086e-12
1.26995026317e-10
3.13370432203e-10
1.57691143525e-09
8.70872571076e-08
100
100
99.999999995
99.9999999728
99.9999998981
5.60796925906e-09
5.05234212055e-09
4.54447219164e-09
4.54447219164e-09
4.54447219164e-09
4.54447219164e-09
4.41432028262e-09
4.06845474852e-09
3.98826822734e-09
3.96164272676e-09
3.83744341985e-09
3.69850670486e-09
3.48674521274e-09
3.16398726101e-09
2.67205317821e-09
2.14029215715e-09
1.86668760935e-09
9.62317148071e-10
0
0
0
0
0
0
0
0
99.7977939978
99.9994465984
99.9999794207
99.9999999932
99.9999999941
99.9999999947
99.9999999963
99.9999999968
99.9999999971
0
0
0
0
0
0
0
0
0
0
0
0
0
0
0
0
0
0
0
0
0
0
0
0
0
0
0
0
0
0
0
0
0
0
0
0
0
0
0
0
0
0
0
0
0
0
0
0
0
0
0
5.15687868749e-12
8.65843948878e-12
9.87171427148e-11
2.26074899909e-10
7.47718401119e-10
9.86000494813e-09
4.48239290164e-07
97.9727983055
89.0583916552
6.06206796896e-09
5.61510068667e-09
5.05234212055e-09
5.05234212055e-09
4.54585941104e-09
4.54212292341e-09
4.53951262538e-09
4.53449795283e-09
4.52217484567e-09
4.22671182335e-09
3.97330037288e-09
3.86395007257e-09
3.72094723864e-09
3.48674521274e-09
3.25783952961e-09
2.81509885509e-09
2.33651393614e-09
2.13585328697e-09
1.37256814277e-09
0
0
0
0
0
0
0
0
0
74.4076983815
99.9988354282
99.9999999837
99.9999999917
99.9999999917
99.9999999936
99.9999999942
99.9999999945
0
0
0
0
0
0
0
0
0
0
0
0
0
0
0
0
0
0
0
0
0
0
0
0
0
0
0
0
0
0
0
0
0
0
0
0
0
0
0
0
0
0
0
0
0
0
0
0
0
0
0
1.38721939601e-12
4.64119081874e-12
7.7925955399e-12
8.35958290695e-11
1.81997021215e-10
4.37656014199e-10
5.053590618e-09
7.70835976601e-09
6.9364001417e-09
6.24163647982e-09
5.61634918413e-09
5.053590618e-09
5.04912700837e-09
4.70126507207e-09
4.53878550337e-09
4.53878550337e-09
4.53315590185e-09
4.52371620056e-09
4.50892641692e-09
4.43517941115e-09
4.17590682177e-09
3.77017354808e-09
3.54832168617e-09
3.25783952961e-09
2.81509885509e-09
2.33651393614e-09
2.13585328697e-09
1.37256814277e-09
0
0
0
0
0
0
0
0
0
0
3.61060212386
99.9985339919
99.999999986
99.999999985
99.9999999866
99.9999999863
99.9999999857
0
0
0
0
0
0
0
0
0
0
0
0
0
0
0
0
0
0
0
0
0
0
0
0
0
0
0
0
0
0
0
0
0
0
0
0
0
0
0
0
0
0
0
0
0
0
0
0
0
0
0
0
2.63571685241e-12
4.17707173686e-12
1.76990133581e-11
7.2209691187e-11
1.41942694611e-10
2.85398818426e-10
4.09239711764e-09
6.93752378941e-09
6.23761923115e-09
5.61233193546e-09
5.0472241011e-09
5.0472241011e-09
5.0472241011e-09
4.53813109356e-09
4.53398226496e-09
4.5307596748e-09
4.51877995005e-09
4.50702350966e-09
4.43481785877e-09
4.32149712767e-09
4.19474146764e-09
4.00415612473e-09
3.50654790424e-09
2.81509885509e-09
2.33651393614e-09
2.13585328697e-09
9.90614986702e-10
0
0
0
0
0
0
0
0
0
0
3.29238371152e-09
7.19596235898e-08
99.9999999666
99.9999999684
99.9999999611
99.9999999577
99.9999999171
0
0
0
0
0
0
0
0
0
0
0
0
0
0
0
0
0
0
0
0
0
0
0
0
0
0
0
0
0
0
0
0
0
0
0
0
0
0
0
0
0
0
0
0
0
0
0
0
0
0
0
0
2.63571685241e-12
2.63571685241e-12
2.63571685241e-12
2.8315101763e-11
7.42310203907e-11
1.25024525672e-10
2.22717179867e-10
4.08878159384e-09
6.23703026232e-09
5.61174296663e-09
5.04898440051e-09
5.04786075279e-09
5.04551148457e-09
5.04290118654e-09
4.53351814588e-09
4.52148789615e-09
4.51706733352e-09
4.50669811252e-09
4.41901852021e-09
4.32303848255e-09
4.19474146764e-09
4.00415612473e-09
3.71367396817e-09
3.27093329365e-09
2.74264229919e-09
2.13585328697e-09
4.5583443856e-10
0
0
0
0
0
0
0
0
0
0
2.85781534318e-09
3.77761563406e-08
1.06680392888e-05
99.9999999253
99.9999998166
99.9999995196
99.9999991044
0
0
0
0
0
0
0
0
0
0
0
0
0
0
0
0
0
0
0
0
0
0
0
0
0
0
0
0
0
0
0
0
0
0
0
0
0
0
0
0
0
0
0
0
0
0
0
0
0
0
0
0
1.24849745641e-12
2.63571685241e-12
3.75936456318e-12
3.75936456318e-12
2.93840449098e-11
7.50389337343e-11
1.11510790165e-10
1.58640440406e-10
4.54307467752e-09
5.61231595315e-09
8.08442326585e-09
5.04744304562e-09
5.04509377739e-09
5.04397012968e-09
5.02647977576e-09
5.0232571856e-09
4.51186273982e-09
4.50063424059e-09
4.4204057396e-09
4.32132586601e-09
4.19628282253e-09
4.00415612473e-09
3.61982169957e-09
3.27093329365e-09
2.7923483747e-09
2.09764028537e-09
0
0
0
0
0
0
0
0
0
0
0
2.51478078845e-09
2.95543738776e-08
2.31942700066e-06
99.2032640474
99.9999989335
99.9999891338
99.9999335469
0
0
0
0
0
0
0
0
0
0
0
0
0
0
0
0
0
0
0
0
0
0
0
0
0
0
0
0
0
0
0
0
0
0
0
0
0
0
0
0
0
0
0
0
0
0
0
0
0
0
0
0
0
0
1.24849745641e-12
3.75936456318e-12
3.75936456318e-12
3.71907978743e-11
7.71532751396e-11
9.88327403403e-11
9.56640276003e-10
99.9999088016
99.9999999713
99.9999910327
99.9999900257
99.9999847949
99.999981227
99.9999713844
99.9999461503
99.9991262059
4.90969518086e-09
4.36228838222e-09
4.15588249831e-09
3.9425796513e-09
3.61982169957e-09
3.12788761677e-09
2.59612659571e-09
2.37317031886e-09
0
0
0
0
0
0
0
0
0
0
0
1.83316311396e-09
3.24046895931e-08
1.42154990557e-06
0.299111545367
99.9999964484
99.998517769
99.8196646382
0
0
0
0
0
0
0
0
0
0
0
0
0
0
0
0
0
0
0
0
0
0
0
0
0
0
0
0
0
0
0
0
0
0
0
0
0
0
0
0
0
0
0
0
0
0
0
0
0
0
0
0
0
0
0
1.24849745641e-12
2.63571685241e-12
5.30071944763e-12
3.87321527587e-11
6.57966354119e-11
8.53081540926e-11
2.67638706817e-09
99.9999999344
99.9999999831
99.9999999082
99.9999998026
99.9999995819
99.9999991205
99.999997722
99.9999889167
99.9999179218
4.80114778731e-09
4.66221107233e-09
4.380644057e-09
3.86180852244e-09
2.96894797579e-09
2.37810239683e-09
2.07409734372e-09
0
0
0
0
0
0
0
0
0
0
0
1.07929394601e-09
3.96627992989e-08
1.83140523188e-06
0.0183986299372
99.999993999
99.8643492472
53.5036845738
0
0
0
0
0
0
0
0
0
0
0
0
0
0
0
0
0
0
0
0
0
0
0
0
0
0
0
0
0
0
0
0
0
0
0
0
0
0
0
0
0
0
0
0
0
0
0
0
0
0
0
0
0
0
0
0
0
5.15687868749e-12
1.22562051733e-11
3.40927969679e-11
1.64047576717e-10
7.10552298023e-10
3.95100081279e-09
99.999999983
99.9999999855
99.9999999592
99.9999998727
99.9999997275
99.9999993602
99.9999985071
99.9999927299
99.9998986676
4.6159346038e-09
4.30601093882e-09
3.90615711236e-09
3.02305461444e-09
2.13585328697e-09
1.8855715784e-09
0
0
0
0
0
0
0
0
0
0
0
0
4.67633467601e-08
2.9944630388e-06
0.0231205162101
99.8085120153
99.147534949
36.013803211
0
0
0
0
0
0
0
0
0
0
0
0
0
0
0
0
0
0
0
0
0
0
0
0
0
0
0
0
0
0
0
0
0
0
0
0
0
0
0
0
0
0
0
0
0
0
0
0
0
0
0
0
0
0
0
0
0
0
9.62048832086e-12
1.51311174979e-11
1.23102884378e-10
5.01957247509e-10
1.79507853764e-09
8.69329114996e-08
99.9999999874
99.9999999853
99.999999959
99.9999999087
99.9999997806
99.9999994252
99.9999982868
99.9999863156
99.9996701784
4.22015667768e-09
3.63437032628e-09
3.10260930522e-09
2.37317031886e-09
0
0
0
0
0
0
0
0
0
0
0
0
2.31578922024e-09
7.57567565223e-08
7.2617894799e-06
0.0920828567949
99.999999045
99.9988147631
78.6367847777
0
0
0
0
0
0
0
0
0
0
0
0
0
0
0
0
0
0
0
0
0
0
0
0
0
0
0
0
0
0
0
0
0
0
0
0
0
0
0
0
0
0
0
0
0
0
0
0
0
0
0
0
0
0
0
0
0
0
0
6.36651689813e-12
1.35897626134e-11
3.65829324609e-10
8.40329883803e-10
3.89507728011e-09
4.7196264578e-05
99.9999999897
99.9999999831
99.9999999636
99.9999999086
99.9999997806
99.9999993606
99.9999968736
99.9999646709
99.9910277705
3.4754306853e-09
2.88458510635e-09
2.30455260413e-09
0
0
0
0
0
0
0
0
0
0
0
0
5.10709683573e-09
1.04489340621e-07
3.14595234469e-05
1.22976002584
99.999999901
99.9999993061
99.9999984869
0
0
0
0
0
0
0
0
0
0
0
0
0
0
0
0
0
0
0
0
0
0
0
0
0
0
0
0
0
0
0
0
0
0
0
0
0
0
0
0
0
0
0
0
0
0
0
0
0
0
0
0
0
0
0
0
0
0
0
0
0
2.23638638202e-10
5.91481036309e-10
2.19029774105e-09
3.72415440905e-08
99.9999999912
99.9999999897
99.9999999812
99.9999999597
99.9999998978
99.9999997278
99.9999990225
99.9999812269
99.9967208193
3.10260930522e-09
2.63593480951e-09
8.01807380296e-10
0
0
0
0
0
0
0
0
0
0
1.38223512527e-09
2.2388608514e-09
7.28815981966e-09
1.87602045544e-07
0.000363315053457
90.3867646285
99.9999999624
99.9999999108
99.9999999046
0
0
0
0
0
0
0
0
0
0
0
0
0
0
0
0
0
0
0
0
0
0
0
0
0
0
0
0
0
0
0
0
0
0
0
0
0
0
0
0
0
0
0
0
0
0
0
0
0
0
0
0
0
0
0
0
0
0
0
0
0
0
4.40667175249e-10
7.48284620929e-10
5.05120824967e-09
2.29680488762e-05
99.999999992
99.9999999879
99.9999999786
99.9999999545
99.9999998629
99.9999995824
99.9999847944
99.9977209736
3.20621821032e-09
1.9353267089e-09
0
0
0
0
0
0
0
0
0
0
0
2.85760191773e-09
8.88709973914e-09
1.24079474473e-08
1.35586729367e-06
0.0202678504287
99.9999999759
99.9999999673
99.9999999427
99.9999998701
0
0
0
0
0
0
0
0
0
0
0
0
0
0
0
0
0
0
0
0
0
0
0
0
0
0
0
0
0
0
0
0
0
0
0
0
0
0
0
0
0
0
0
0
0
0
0
0
0
0
0
0
0
0
0
0
0
0
0
0
0
0
0
5.93910493169e-10
4.19474146764e-09
7.91265351496e-08
99.9999999936
99.9999999921
99.9999999866
99.9999999761
99.9999999423
99.9999997556
99.9999889166
99.9980370474
2.30567625184e-09
0
0
0
0
0
0
0
0
0
0
0
0
3.82335629279e-09
2.41897370367e-08
1.20582741923e-07
0.000141068803186
99.9999999857
99.9999999815
99.9999999724
99.9999999625
99.9999998887
0
0
0
0
0
0
0
0
0
0
0
0
0
0
0
0
0
0
0
0
0
0
0
0
0
0
0
0
0
0
0
0
0
0
0
0
0
0
0
0
0
0
0
0
0
0
0
0
0
0
0
0
0
0
0
0
0
0
0
0
0
0
0
6.04481721878e-10
3.65361745573e-09
2.24280536562e-08
99.999999996
99.9999999944
99.9999999913
99.9999999845
99.9999999724
99.9999998411
99.9999863149
99.9970487367
1.12364771077e-12
0
0
0
0
0
0
0
0
0
0
0
0
8.65341886508e-09
1.0407229305e-07
4.56435761626e-06
0.416538581316
99.9999999925
99.9999999902
99.9999999872
99.9999999843
99.9999999575
0
0
0
0
0
0
0
0
0
0
0
0
0
0
0
0
0
0
0
0
0
0
0
0
0
0
0
0
0
0
0
0
0
0
0
0
0
0
0
0
0
0
0
0
0
0
0
0
0
0
0
0
0
0
0
0
0
0
0
0
0
0
0
9.38522686028e-11
2.43654149052e-09
6.54363337663e-09
99.9999999997
99.9999999998
99.9999999975
99.9999999918
99.9999999843
99.9999998975
99.999981226
99.9955018038
0
1.01128293969e-12
0
0
0
0
0
0
0
0
0
0
0
2.70830531952e-08
7.64995484924e-07
0.00102240012288
99.9999999959
99.9999999953
99.9999999946
99.9999999941
99.9999999935
99.9999999867
0
0
0
0
0
0
0
0
0
0
0
0
0
0
0
0
0
0
0
0
0
0
0
0
0
0
0
0
0
0
0
0
0
0
0
0
0
0
0
0
0
0
0
0
0
0
0
0
0
0
0
0
0
0
0
0
0
0
0
0
0
0
0
0
1.80672636432e-09
6.44886718402e-09
99.9999999996
99.9999999997
99.9999999994
99.9999999988
99.9999999909
99.999999858
99.9999646659
89.2723504786
0
1.01128293969e-12
1.01128293969e-12
0
0
0
0
0
0
0
1.54135488445e-12
3.25397142273e-12
3.24039436082e-09
1.85542433762e-07
4.70876703877e-05
99.9999999987
99.9999999959
99.9999999959
99.9999999957
99.9999999958
99.9999999959
99.9999999939
0
0
0
0
0
0
0
0
0
0
0
0
0
0
0
0
0
0
0
0
0
0
0
0
0
0
0
0
0
0
0
0
0
0
0
0
0
0
0
0
0
0
0
0
0
0
0
0
0
0
0
0
0
0
0
0
0
0
0
0
0
0
0
0
1.84698635883e-09
6.39344835793e-09
99.9999999996
99.9999999996
99.9999999991
99.9999999984
99.999999997
99.9999996573
99.9998093163
0
0
0
1.01128293969e-12
0
0
0
0
1.24849745641e-12
1.24849745641e-12
2.63571685241e-12
2.92857428046e-12
6.54409808349e-12
2.18165094789e-08
7.059846055e-06
99.9999999994
99.9999999988
99.999999996
99.9999999959
99.9999999959
99.9999999959
99.9999999959
99.9999999955
0
0
0
0
0
0
0
0
0
0
0
0
0
0
0
0
0
0
0
0
0
0
0
0
0
0
0
0
0
0
0
0
0
0
0
0
0
0
0
0
0
0
0
0
0
0
0
0
0
0
0
0
0
0
0
0
0
0
0
0
0
0
0
0
1.83205976864e-09
5.56868991881e-09
99.9999999994
99.9999999995
99.9999999986
99.9999999973
99.9999999754
99.9999681993
0
0
0
0
0
9.1015464572e-13
1.01128293969e-12
1.01128293969e-12
1.12364771077e-12
2.37214516717e-12
2.37214516717e-12
2.63571685241e-12
4.17707173686e-12
5.94851212989e-09
1.86671665157e-06
100
99.9999999991
99.9999999988
99.999999996
99.9999999959
99.9999999959
99.9999999959
99.9999999959
99.9999999956
0
0
0
0
0
0
0
0
0
0
0
0
0
0
0
0
0
0
0
0
0
0
0
0
0
0
0
0
0
0
0
0
0
0
0
0
0
0
0
0
0
0
0
0
0
0
0
0
0
0
0
0
0
0
0
0
0
0
0
0
0
0
0
0
1.73004116245e-09
5.3143502709e-09
99.9999999993
99.9999999989
99.9999999979
99.9999999944
99.9999830998
0
0
0
0
0
0
9.1015464572e-13
9.1015464572e-13
1.01128293969e-12
1.01128293969e-12
1.12364771077e-12
2.37214516717e-12
3.75936456318e-12
1.09857869794e-09
7.10001771142e-07
99.9999999995
99.9999999992
99.999999999
99.9999999986
99.9999999959
99.9999999959
99.9999999959
99.9999999959
99.9999999959
99.9999999957
0
0
0
0
0
0
0
0
0
0
0
0
0
0
0
0
0
0
0
0
0
0
0
0
0
0
0
0
0
0
0
0
0
0
0
0
0
0
0
0
0
0
0
0
0
0
0
0
0
0
0
0
0
0
0
0
0
0
0
0
0
0
0
0
0
6.43218515117e-09
99.9999999991
99.9999999983
99.9999999952
99.9999863109
0
0
0
0
0
0
0
9.1015464572e-13
9.1015464572e-13
9.1015464572e-13
1.01128293969e-12
2.13493065045e-12
2.37214516717e-12
7.34870976183e-10
4.05922612895e-07
99.9999999992
99.9999999992
99.9999999991
99.999999999
99.9999999981
99.9999999959
99.9999999959
99.9999999959
99.9999999959
99.999999996
99.999999996
0
0
0
0
0
0
0
0
0
0
0
0
0
0
0
0
0
0
0
0
0
0
0
0
0
0
0
0
0
0
0
0
0
0
0
0
0
0
0
0
0
0
0
0
0
0
0
0
0
0
0
0
0
0
0
0
0
0
0
0
0
0
0
0
0
7.56814794236e-09
99.9999999988
99.9999999941
99.9999791356
0
0
0
0
0
0
0
0
9.1015464572e-13
9.1015464572e-13
9.1015464572e-13
1.92143758541e-12
2.13493065045e-12
6.59878515835e-10
3.28560182246e-07
99.9999999992
99.9999999992
99.9999999992
99.9999999991
99.999999999
99.9999999967
99.9999999959
99.9999999959
99.9999999959
99.9999999962
99.9999999973
99.9999999977
0
0
0
0
0
0
0
0
0
0
0
0
0
0
0
0
0
0
0
0
0
0
0
0
0
0
0
0
0
0
0
0
0
0
0
0
0
0
0
0
0
0
0
0
0
0
0
0
0
0
0
0
0
0
0
0
0
0
0
0
0
0
0
0
0
4.39656318602e-09
99.9999998406
99.999940162
0
0
0
0
0
0
0
0
0
0
9.1015464572e-13
2.622771184e-12
7.65130279373e-12
9.28705850649e-10
4.08513008844e-07
99.9999999991
99.9999999992
99.9999999992
99.9999999992
99.9999999991
99.9999999989
99.9999999959
99.9999999959
99.9999999959
99.9999999964
99.9999999989
99.9999999999
100
5.07834407753e-13
0
0
0
0
0
0
0
0
0
0
0
0
0
0
0
0
0
0
0
0
0
0
0
0
0
0
0
0
0
0
0
0
0
0
0
0
0
0
0
0
0
0
0
0
0
0
0
0
0
0
0
0
0
0
0
0
0
0
0
0
0
0
0
0
0
99.9998609915
0
0
0
0
0
0
0
0
0
0
2.92857428046e-12
4.9832652496e-12
4.9832652496e-12
4.09725019594e-09
6.06883773474e-07
99.999999999
99.9999999992
99.9999999993
99.9999999992
99.9999999992
99.9999999992
99.9999999963
99.9999999959
99.999999996
99.9999999988
99.9999999999
100
100
100
100
100
2.92990947056e-12
0
0
0
0
0
0
0
0
0
0
0
0
0
0
0
0
0
0
0
0
0
0
0
0
0
0
0
0
0
0
0
0
0
0
0
0
0
0
0
0
0
0
0
0
0
0
0
0
0
0
0
0
0
0
0
0
0
0
0
0
0
0
0
0
0
0
0
0
0
0
0
0
0
0
5.88968827514e-12
1.03613227919e-09
1.69359308723e-08
1.03366531922e-06
99.9999999988
99.9999999992
99.9999999993
99.9999999993
99.9999999993
99.9999999992
99.9999999988
99.9999999964
99.9999999971
99.9999999998
100
100
100
100
100
100
100
100
100
99.9999999801
0
0
0
0
0
0
0
0
0
0
0
0
0
0
0
0
0
0
0
0
0
0
0
0
0
0
0
0
0
0
0
0
0
0
0
0
0
0
0
0
0
0
0
0
0
0
0
0
0
0
0
0
0
0
0
0
0
0
0
0
0
0
0
0
0
0
0
0
0
0
1.68001884841e-09
2.88458510635e-09
4.45763888822e-09
7.21818148992e-08
95.2898732258
99.9999999986
99.9999999991
99.9999999992
99.9999999993
99.9999999994
99.9999999994
99.9999999995
99.9999999997
99.9999999999
100
100
100
100
100
100
100
100
100
100
100
100
100
0.0159267396761
0
0
0
0
0
0
0
0
0
0
0
0
0
0
0
0
0
0
0
0
0
0
0
0
0
0
0
0
0
0
0
0
0
0
0
0
0
0
0
0
0
0
0
0
0
0
0
0
0
0
0
0
0
0
0
0
0
0
0
0
0
0
0
0
0
4.59862454513e-09
6.83870895599e-09
9.58564163129e-09
1.04187898505e-08
1.00117955452e-08
37.5176039964
99.7535005474
99.9999999983
99.999999999
99.9999999992
99.9999999994
99.9999999997
99.9999999998
99.9999999999
100
100
100
100
100
100
100
100
100
100
100
100
100
100
100
0.00239049457558
2.49796764535e-07
6.34917940606e-08
1.365470048e-11
0
0
0
0
0
0
0
0
0
0
0
0
0
0
0
0
0
0
0
0
0
0
0
0
0
0
0
0
0
0
0
0
0
0
0
0
0
0
0
0
0
0
0
0
0
0
0
0
0
0
0
0
0
0
0
0
0
0
0
0
0
0
7.20753923446e-09
1.23604308107e-08
1.21032911484e-08
1.22279411505e-08
1.17448264637e-08
98.5219117178
99.9882442995
99.9999999986
99.9999999989
99.9999999991
99.9999999997
99.9999999999
100
100
100
100
100
100
100
100
100
100
100
100
100
100
100
100
100
0.000125100042984
6.21681184631e-08
1.76342546535e-09
1.15581382103e-09
1.95786454843e-09
6.78808665947e-10
5.68080214859e-12
0
0
0
0
0
0
0
0
0
0
0
0
0
0
0
0
0
0
0
0
0
0
0
0
0
0
0
0
0
0
0
0
0
0
0
0
0
0
0
0
0
0
0
0
0
0
0
0
0
0
0
0
0
0
0
0
0
0
0
0
1.10749309571e-08
1.49423347511e-08
1.44877302484e-08
96.249330513
99.9226446132
99.9999999718
99.9999999986
99.9999999989
99.9999999991
99.9999999999
100
100
100
100
100
100
100
100
100
100
100
100
100
100
100
100
100
100
4.53290657101e-05
2.420765003e-09
1.42814327784e-09
1.2848405464e-09
1.03994682276e-09
1.03962947145e-09
9.34169444573e-10
1.15329561058e-09
3.2412811098e-11
0
0
0
0
0
0
0
0
0
0
0
0
0
0
0
0
0
0
0
0
0
0
0
0
0
0
0
0
0
0
0
0
0
0
0
0
0
0
0
0
0
0
0
0
0
0
0
0
0
0
0
0
0
0
0
0
0
0
0
9.88688509528e-09
90.1522909954
99.8003322064
99.9938296528
99.9999999119
99.9999999986
99.9999999987
99.9999999993
99.9999999999
99.9999999999
100
100
100
100
100
100
100
100
100
100
100
100
100
100
100
100
83.2657284607
1.52077350895e-05
2.17887589547e-09
1.4287306732e-09
1.04065814698e-09
9.35952140481e-10
8.42099871878e-10
8.41814255706e-10
6.80265120805e-10
6.10927799352e-10
9.33148313861e-10
2.87146110916e-10
0
0
0
0
0
0
0
0
0
0
0
0
0
0
0
0
0
0
0
0
0
0
0
0
0
0
0
0
0
0
0
0
0
0
0
0
0
0
0
0
0
0
0
0
0
0
0
0
0
0
0
0
0
0
0
0
0
0
96.1847957628
99.9373421467
99.9984316009
99.9999941505
99.9999999984
99.9999999986
99.9999999998
99.9999999999
100
100
100
100
100
100
100
100
100
100
100
100
100
100
100
100
100
0.00105947078696
4.12738969968e-06
1.58803031651e-09
1.15730388945e-09
9.67438327396e-10
8.42525579926e-10
7.57889884691e-10
6.81612492568e-10
6.12908572584e-10
6.12238608724e-10
5.49835019417e-10
6.10927799352e-10
7.54829003515e-10
6.75991646303e-10
8.65843948878e-12
0
0
0
0
0
0
0
0
0
0
0
0
0
0
0
0
0
0
0
0
0
0
0
0
0
0
0
0
0
0
0
0
0
0
0
0
0
0
0
0
0
0
0
0
0
0
0
0
0
0
0
0
0
0
0
96.4712288118
99.9630011515
99.9989709866
99.9999901557
99.999999998
99.9999999984
100
100
100
100
100
100
100
100
100
100
100
100
100
100
100
100
100
100
100
100
6.60923511934e-07
1.04143689118e-09
9.37156592732e-10
8.43304324129e-10
7.58629068198e-10
6.79818997327e-10
6.13451243311e-10
5.51617715326e-10
5.51332099154e-10
4.95595921764e-10
4.94851517475e-10
5.49835019417e-10
5.49351325922e-10
6.78211513484e-10
8.36479025614e-10
1.51311174979e-11
0
0
0
0
0
0
0
0
0
0
0
0
0
0
0
0
0
0
0
0
0
0
0
0
0
0
0
0
0
0
0
0
0
0
0
0
0
0
0
0
0
0
0
0
0
0
0
0
0
0
0
0
0
91.1370618803
99.9588901683
99.9992433034
99.9999863932
99.9999999973
99.999999998
99.9999999994
100
100
100
100
100
100
100
100
100
100
100
100
100
100
100
100
100
100
100
100
7.58973891716e-10
7.58837282387e-10
6.82816944819e-10
6.14398641007e-10
5.52613953387e-10
4.96624597286e-10
4.96455943793e-10
4.4632194576e-10
4.46036329588e-10
4.46036329588e-10
4.44974573997e-10
4.44539249851e-10
4.9441619333e-10
5.49351325922e-10
7.53568348316e-10
1.75689446444e-09
2.0393008511e-11
0
0
0
0
0
0
0
0
0
0
0
0
0
0
0
0
0
0
0
0
0
0
0
0
0
0
0
0
0
0
0
0
0
0
0
0
0
0
0
0
0
0
0
0
0
0
0
0
0
0
0
0
99.8544421657
99.998970957
99.999981222
99.9999999959
99.9999999976
99.9999999985
100
100
100
100
100
100
100
100
100
100
100
100
100
100
100
100
100
100
100
100
100
5.52958776906e-10
5.52822167577e-10
4.97403341489e-10
4.971951273e-10
4.47318183822e-10
4.07111040152e-10
4.01858404677e-10
4.01432696629e-10
3.61032372412e-10
3.6074675624e-10
3.6007679238e-10
4.00085324866e-10
3.99650000721e-10
4.44539249851e-10
6.10390362136e-10
1.99182549723e-08
7.70948341372e-09
1.86803919727e-11
0
0
0
0
0
0
0
0
0
0
0
0
0
0
0
0
0
0
0
0
0
0
0
0
0
0
0
0
0
0
0
0
0
0
0
0
0
0
0
0
0
0
0
0
0
0
0
0
0
0
74.5813417167
99.9944466713
99.9999681993
99.9999987907
99.9999999963
99.9999999978
100
100
100
100
100
100
100
100
100
100
100
100
100
100
100
100
100
100
100
100
100
100
4.18617691113e-10
4.02428934691e-10
4.02428934691e-10
4.02428934691e-10
3.61841217703e-10
3.6145808046e-10
3.25097788664e-10
3.24672080616e-10
3.24672080616e-10
3.24386464444e-10
3.24069113142e-10
3.23716500584e-10
0.000154367096235
0.000546848716565
0.000211853472448
6.54747135284e-06
3.80726191951e-07
1.83139203212e-08
0
0
0
0
0
0
0
0
0
0
0
0
0
0
0
0
0
0
0
0
0
0
0
0
0
0
0
0
0
0
0
0
0
0
0
0
0
0
0
0
0
0
0
0
0
0
0
0
0
0
99.0302262702
99.9998093163
99.9999952269
99.9999999937
99.9999999967
100
100
100
100
100
100
100
100
100
100
100
100
100
100
100
100
100
100
100
100
100
100
100
3.53092491206e-10
3.25668318677e-10
3.25668318677e-10
3.25480925907e-10
3.25249576808e-10
2.92373526047e-10
2.92373526047e-10
2.91947817999e-10
2.62495981645e-10
2.62210365473e-10
2.62210365473e-10
0.00449731204937
99.9999999489
99.999999973
99.9999999826
0.00761773480071
0.000139008446345
2.53661795958e-06
5.05095490115e-09
0
0
0
0
0
0
0
0
0
0
0
0
0
0
0
0
0
0
0
0
0
0
0
0
0
0
0
0
0
0
0
0
0
0
0
0
0
0
0
0
0
0
0
0
0
0
0
0
0
99.922644599
99.9999713794
99.9999995229
99.9999999949
100
100
100
100
100
100
100
100
100
100
100
100
100
100
100
100
100
100
100
100
100
100
100
100
2.9289327262e-10
2.92944056061e-10
2.92756663291e-10
2.63304826936e-10
2.63073477837e-10
2.62921689693e-10
2.36415036974e-10
2.35989328926e-10
2.35989328926e-10
2.35703712754e-10
2.35703712754e-10
99.9999990175
99.9999999368
99.9999999665
99.9999999783
100
0.803190976238
0.000750172351194
4.29578986882e-06
2.97360358601e-09
0
0
0
0
0
0
0
0
0
0
0
0
0
0
0
0
0
0
0
0
0
0
0
0
0
0
0
0
0
0
0
0
0
0
0
0
0
0
0
0
0
0
0
0
0
0
0
0
99.9923822652
99.9999946965
99.9999999772
99.9999999998
100
100
100
100
100
100
100
100
100
100
100
100
100
100
100
100
100
100
100
100
100
100
100
100
2.36934783546e-10
2.36798174217e-10
2.36798174217e-10
2.36798174217e-10
2.36566825118e-10
2.12559049526e-10
2.12390396033e-10
2.12133341478e-10
2.12133341478e-10
2.11847725306e-10
2.12133341478e-10
99.9999179171
99.9999990175
99.9999999297
99.9999999628
100
100
10.7155151426
0.00086556210041
2.05465631207e-06
1.42779831932e-09
0
0
0
0
0
0
0
0
0
0
0
0
0
0
0
0
0
0
0
0
0
0
0
0
0
0
0
0
0
0
0
0
0
0
0
0
0
0
0
0
0
0
0
0
0
0
0
99.9993923604
99.9999991155
99.9999999973
100
100
100
100
100
100
100
100
100
100
100
100
100
100
100
100
100
100
100
100
100
100
100
100
100
2.13078796099e-10
2.1294218677e-10
2.1294218677e-10
2.1294218677e-10
1.96358689065e-10
1.91088660824e-10
1.9092000733e-10
1.90662952776e-10
1.71339602943e-10
1.71339602943e-10
1.71339602943e-10
1.71339602943e-10
99.9999515309
99.9999983359
99.9999998808
99.9999999246
99.9999999324
99.9999998612
3.8255974966
0.000190473837617
2.02322364692e-07
4.19116510923e-10
0
0
0
0
0
0
0
0
0
0
0
0
0
0
0
0
0
0
0
0
0
0
0
0
0
0
0
0
0
0
0
0
0
0
0
0
0
0
0
0
0
0
0
0
0
0
99.9999179169
99.9999999587
99.9999999998
100
100
100
100
100
100
100
100
100
100
100
100
100
100
100
100
100
100
100
100
100
100
100
100
100
1.91608407397e-10
1.91471798067e-10
1.91471798067e-10
1.86952073502e-10
1.71765310991e-10
1.71765310991e-10
1.71596657498e-10
1.60340813418e-10
1.53948588094e-10
1.53948588094e-10
1.53948588094e-10
1.54205642649e-10
1.54205642649e-10
99.9998609917
99.9999938039
99.9999986549
99.9999991726
99.9999990744
99.9999990878
0.0632455833507
1.66722009991e-05
7.83680732841e-08
0
0
0
0
0
0
0
0
0
0
0
0
0
0
0
0
0
0
0
0
0
0
0
0
0
0
0
0
0
0
0
0
0
0
0
0
0
0
0
0
0
0
0
0
0
31.1327353215
99.999981222
99.9999999959
99.9999999999
100
100
100
100
100
100
100
100
100
100
100
100
100
100
100
100
100
100
100
100
100
100
100
100
100
1.72285057564e-10
1.72148448235e-10
1.72148448235e-10
1.59693894718e-10
1.54374296142e-10
1.54205642649e-10
1.54205642649e-10
1.3829667473e-10
1.3829667473e-10
1.3829667473e-10
1.38553729285e-10
1.38553729285e-10
1.38553729285e-10
1.38553729285e-10
99.9992498278
99.9999646669
99.9999947428
99.9999977742
99.9999980159
99.9999982379
0.00126174521105
1.47499824784e-07
6.19829810956e-09
0
0
0
0
0
0
0
0
0
0
0
0
0
0
0
0
0
0
0
0
0
0
0
0
0
0
0
0
0
0
0
0
0
0
0
0
0
0
0
0
0
0
0
0
93.5389181108
99.9999961338
99.9999999987
100
100
100
100
100
100
100
100
100
100
100
100
100
100
100
100
100
100
100
100
100
100
100
100
100
100
1.54894042715e-10
1.54757433386e-10
1.54757433386e-10
1.45123681242e-10
1.38722382778e-10
1.38553729285e-10
1.38553729285e-10
1.24209952702e-10
1.24209952702e-10
1.24467007257e-10
1.24467007257e-10
1.11788957432e-10
1.11788957432e-10
1.11788957432e-10
1.24467007257e-10
99.9034383885
99.9998093384
99.9999743049
99.9999927887
99.9999947749
0.672577938321
1.4713303233e-07
1.63888694204e-07
2.31979889505e-09
0
0
0
0
0
0
0
0
0
0
0
0
0
0
0
0
0
0
0
0
0
0
0
0
0
0
0
0
0
0
0
0
0
0
0
0
0
0
0
0
0
0
0
99.7781468766
99.9999992836
99.9999999999
100
100
100
100
100
100
100
100
100
100
100
100
100
100
100
100
100
100
100
100
100
100
100
100
100
100
1.39242129351e-10
1.39105520022e-10
1.39105520022e-10
1.37310043766e-10
1.24635660751e-10
1.24467007257e-10
1.24467007257e-10
1.1705013799e-10
1.11788957432e-10
1.11788957432e-10
1.06986398499e-10
1.0037871259e-10
1.0037871259e-10
1.0037871259e-10
1.0037871259e-10
1.11788957432e-10
4.10019645605e-09
99.9987296337
99.9998749559
99.9999682777
99.9999813295
1.32750234097e-07
2.02333339523e-07
2.49793649172e-07
3.05535936463e-10
0
0
0
0
0
0
0
0
0
0
0
0
0
0
0
0
0
0
0
0
0
0
0
0
0
0
0
0
0
0
0
0
0
0
0
0
0
0
0
0
0
0
99.9840732089
99.9999999937
99.9999999999
100
100
100
100
100
100
100
100
100
100
100
100
100
100
100
100
100
100
100
100
100
100
100
100
100
100
1.25155407323e-10
1.25018797994e-10
1.25018797994e-10
1.25018797994e-10
1.22550688226e-10
1.11788957432e-10
1.11788957432e-10
1.11788957432e-10
1.0037871259e-10
1.0037871259e-10
1.0037871259e-10
9.01094922315e-11
9.01094922315e-11
9.01094922315e-11
8.8945859045e-11
9.01094922315e-11
8.01528200255e-10
2.45972262929e-08
6.34931414324e-08
0.0151845566836
0.0122652352695
1.33039998431e-07
1.82100005571e-07
3.42655822457e-07
6.44768292531e-07
0
0
0
0
0
0
0
0
0
0
0
0
0
0
0
0
0
0
0
0
0
0
0
0
0
0
0
0
0
0
0
0
0
0
0
0
0
0
0
0
0
0
99.9990738613
99.9999999967
100
100
100
100
100
100
100
100
100
100
100
100
100
100
100
100
100
100
100
100
100
100
100
100
100
100
100
1.18742181154e-10
1.16842398689e-10
1.12955135133e-10
1.12340748169e-10
1.11788957432e-10
1.11788957432e-10
1.0037871259e-10
1.0037871259e-10
1.0037871259e-10
9.01094922315e-11
9.01094922315e-11
8.08671939091e-11
8.08671939091e-11
7.2549125419e-11
7.2549125419e-11
7.2549125419e-11
8.79157173482e-11
4.10034824419e-09
3.37420629664e-08
6.3493550275e-08
1.07528127023e-07
1.4750160748e-07
2.02334836603e-07
3.08390240211e-07
6.44770512398e-07
1.65834518492e-06
0
0
0
0
0
0
0
0
0
0
0
0
0
0
0
0
0
0
0
0
0
0
0
0
0
0
0
0
0
0
0
0
0
0
0
0
0
0
0
0
0
99.9999461453
99.9999999999
100
100
100
100
100
100
100
100
100
100
100
100
100
100
100
100
100
100
100
100
100
100
100
100
100
100
100
1.12220302944e-10
1.12340748169e-10
1.12340748169e-10
1.0932874191e-10
1.01822158763e-10
1.0037871259e-10
1.0037871259e-10
9.02183643942e-11
8.9282376355e-11
8.45169636455e-11
8.08671939091e-11
7.2549125419e-11
7.2549125419e-11
6.50628637778e-11
5.83252283008e-11
5.84770164448e-11
6.52146519219e-11
7.58041672835e-10
6.94547491596e-09
1.99234655221e-08
5.71439790773e-08
1.07528384078e-07
1.82101504731e-07
2.90048537476e-07
5.22264115042e-07
3.86621232562e-06
2.6524097232e-05
0
0
0
0
0
0
0
0
0
0
0
0
0
0
0
0
0
0
0
0
0
0
0
0
0
0
0
0
0
0
0
0
0
0
0
0
0
0
0
0
99.9999957042
99.9999999999
100
100
100
100
100
100
100
100
100
100
100
100
100
100
100
100
100
100
100
100
100
100
100
100
100
100
100
1.06466138272e-10
1.05600766369e-10
1.02559092242e-10
1.00538711595e-10
9.99869208588e-11
9.82476074755e-11
8.9282376355e-11
8.9282376355e-11
8.08592315277e-11
8.04754021781e-11
7.2549125419e-11
6.99671272852e-11
6.50628637778e-11
5.84770164448e-11
5.24131445155e-11
4.69556597791e-11
4.83313114272e-11
6.52146519219e-11
1.76383430805e-09
4.55618268275e-09
9.5282040294e-09
3.37420629664e-08
7.83876061711e-08
1.47501759268e-07
3.08390709351e-07
3.47959175656e-06
5.22259850431e-07
0
0
0
0
0
0
0
0
0
0
0
0
0
0
0
0
0
0
0
0
0
0
0
0
0
0
0
0
0
0
0
0
0
0
0
0
0
0
0
0
99.9999999821
100
100
100
100
100
100
100
100
100
100
100
100
100
100
100
100
100
100
100
100
100
100
100
100
100
100
100
100
1.02688979391e-10
1.00281657041e-10
9.98463328951e-11
9.9058650773e-11
9.51135776642e-11
8.9282376355e-11
8.90253218002e-11
8.18277100217e-11
7.94974073059e-11
7.11793388158e-11
7.18717175161e-11
6.52146519219e-11
5.84770164448e-11
5.24131445155e-11
4.20439235164e-11
3.76233608799e-11
3.76233608799e-11
4.69556597791e-11
3.3981641266e-10
1.42829506598e-09
2.6894950734e-09
4.55618268275e-09
8.57516745617e-09
3.37420629664e-08
7.83873491165e-08
1.32749558769e-07
1.19471011948e-07
97.9468735313
0
0
0
0
0
0
0
0
0
0
0
0
0
0
0
0
0
0
0
0
0
0
0
0
0
0
0
0
0
0
0
0
0
0
0
0
0
0
0
99.9999999998
100
100
100
100
100
100
100
100
100
100
100
100
100
100
100
100
100
100
100
100
100
100
100
100
100
100
100
100
1.8139265692e-06
9.84477173274e-11
9.70068560985e-11
9.45546386052e-11
9.02692241211e-11
8.94084590435e-11
8.40317967649e-11
7.964919545e-11
7.50720790456e-11
7.13311269598e-11
6.41019198734e-11
5.77422103787e-11
5.20213527845e-11
4.65638680481e-11
3.72315691489e-11
2.9035605826e-11
2.68416086095e-11
3.3644854507e-11
5.46277609948e-11
3.94828756372e-10
8.05055567458e-10
1.3385094452e-09
1.96022474053e-09
2.98873670204e-09
4.55618268275e-09
2.13301930248e-08
3.7488897819e-08
4.16504350822e-08
99.9999979443
0
0
0
0
0
0
0
0
0
0
0
0
0
0
0
0
0
0
0
0
0
0
0
0
0
0
0
0
0
0
0
0
0
0
0
0
0
99.6618608086
99.9999999999
100
100
100
100
100
100
100
100
100
100
100
100
100
100
100
100
100
100
100
100
100
100
100
100
100
100
100
100
78.789429597
9.68645302041e-11
9.5359175079e-11
9.28254519003e-11
8.95771125369e-11
8.61311511645e-11
7.98805445492e-11
7.87686833238e-11
7.13311269598e-11
6.78851364164e-11
6.38448653187e-11
5.70116718384e-11
5.09477999091e-11
4.57759313446e-11
3.29320815344e-11
1.28600542651e-11
1.49644625344e-11
2.29258986911e-11
3.76233608799e-11
7.80109318944e-11
1.91471798067e-10
3.25480925907e-10
4.9700773453e-10
6.82421337859e-10
9.36529636673e-10
1.28541804259e-09
2.98831099399e-09
2.98604460459e-09
99.9999982311
6.10021012186
0
0
0
0
0
0
0
0
0
0
0
0
0
0
0
0
0
0
0
0
0
0
0
0
0
0
0
0
0
0
0
0
0
0
0
0
99.9999401614
100
100
100
100
100
100
100
100
100
100
100
100
100
100
100
100
100
100
100
100
100
100
100
100
100
100
100
100
100
1.96335062451e-08
9.89416212258e-11
9.51945712628e-11
9.2897961518e-11
8.72544988856e-11
8.30567387963e-11
7.96979422306e-11
7.50817756586e-11
7.13311269598e-11
6.38448653187e-11
6.08334335751e-11
5.70116718384e-11
5.09477999091e-11
4.54903151727e-11
3.86779717055e-11
8.13793167795e-12
3.21266931908e-12
3.44401841832e-12
4.04117088138e-12
4.34643370434e-12
1.76243077792e-11
3.17950747309e-11
4.81791089348e-11
9.07978922978e-11
1.25155407323e-10
1.72285057564e-10
1.91377058297e-10
1.53666062258e-10
3.56551106966e-10
99.9999999727
0
0
0
0
0
0
0
0
0
0
0
0
0
0
0
0
0
0
0
0
0
0
0
0
0
0
0
0
0
0
0
0
0
0
0
0
99.9999999997
100
100
100
100
100
100
100
100
100
100
100
100
100
100
100
100
100
100
100
100
100
100
100
100
100
100
100
100
100
7.93422390574e-10
0.00167589808623
9.7569822233e-11
9.16603311355e-11
8.61433283478e-11
8.22399521797e-11
7.86230265174e-11
7.2554864124e-11
7.06116772133e-11
6.372360186e-11
5.77473346008e-11
5.66166359811e-11
5.03138704833e-11
4.44610090722e-11
3.82785245371e-11
2.60211969208e-11
3.44401841832e-12
3.58062774793e-12
3.74928124128e-12
4.34643370434e-12
4.34643370434e-12
5.00993644107e-12
6.56630088525e-12
7.66384830136e-12
1.00069931411e-11
1.7799588681e-11
2.22631983144e-11
3.07882034641e-11
2.35678192631e-10
5.77770762726e-09
0
0
0
0
0
0
0
0
0
0
0
0
0
0
0
0
0
0
0
0
0
0
0
0
0
0
0
0
0
0
0
0
0
0
0
3.20441637364e-13
100
100
100
100
100
100
100
100
100
100
100
100
100
100
100
100
100
100
100
100
100
100
100
100
100
100
100
100
100
100
1.28501182893e-09
1.05161062753e-08
99.7289869136
99.999777505
8.58102295258e-11
8.21198628513e-11
7.73757038999e-11
7.13711011118e-11
6.87729110384e-11
6.38602111896e-11
5.68782858126e-11
5.29057930339e-11
4.91251197799e-11
4.25038167408e-11
3.45469951819e-11
2.63846849541e-11
3.04319053118e-12
3.58062774793e-12
3.74928124128e-12
3.74928124128e-12
4.34643370434e-12
4.34643370434e-12
5.7471617041e-12
6.96190784496e-12
8.88334543037e-12
1.26427099935e-11
1.7799588681e-11
2.77738274914e-11
2.13474403059e-10
4.01121560335e-10
3.20441637364e-13
0
0
0
0
0
0
0
0
0
0
0
0
0
0
0
0
0
0
0
0
0
0
0
0
0
0
0
0
0
0
0
0
0
0
99.9999961338
100
100
100
100
100
100
100
100
100
100
100
100
100
100
100
100
100
100
100
100
100
100
100
100
100
100
100
100
100
100
1.96837587476e-06
1.74624113696e-09
2.23620317619e-08
2.52095852412e-07
88.8611553858
99.9999960994
99.9998313012
95.8019067252
6.75832837302e-11
6.36288620904e-11
5.64916642355e-11
5.11841607602e-11
4.86830172385e-11
4.22467621861e-11
3.42899406272e-11
2.63846849541e-11
2.75757435928e-12
3.04319053118e-12
3.58062774793e-12
3.58062774793e-12
3.58062774793e-12
4.17778021099e-12
5.7471617041e-12
6.89746347122e-12
7.99501088733e-12
1.01299415378e-11
1.60196298129e-11
2.0036878483e-11
3.11193660501e-11
3.85555797618e-11
3.31975958353e-09
0
0
0
0
0
0
0
0
0
0
0
0
0
0
0
0
0
0
0
0
0
0
0
0
0
0
0
0
0
0
0
0
0
0
100
100
100
100
100
100
100
100
100
100
100
100
100
100
100
100
100
100
100
100
100
100
100
100
100
100
100
100
100
100
100
)
;

boundaryField
{
    frontAndBack
    {
        type            empty;
    }
    leftWall
    {
        type            calculated;
        value           uniform 0;
    }
    outlet
    {
        type            calculated;
        value           uniform 0;
    }
    rightWall
    {
        type            calculated;
        value           uniform 0;
    }
    inlet
    {
        type            calculated;
        value           uniform 4.53748742119e-07;
    }
}


// ************************************************************************* //
