/*--------------------------------*- C++ -*----------------------------------*\
| =========                 |                                                 |
| \\      /  F ield         | OpenFOAM: The Open Source CFD Toolbox           |
|  \\    /   O peration     | Version:  v1906                                 |
|   \\  /    A nd           | Web:      www.OpenFOAM.com                      |
|    \\/     M anipulation  |                                                 |
\*---------------------------------------------------------------------------*/
FoamFile
{
    version     2.0;
    format      ascii;
    class       volScalarField;
    location    "568";
    object      alpha;
}
// * * * * * * * * * * * * * * * * * * * * * * * * * * * * * * * * * * * * * //

dimensions      [0 0 -1 0 0 0 0];


internalField   nonuniform List<scalar> 
9216
(
200
200
200
200
200
200
200
200
200
200
200
200
200
200
200
200
200
200
200
200
200
200
200
200
200
200
200
200
200
200
200
200
200
200
200
200
200
200
200
200
200
200
200
200
200
200
200
200
200
200
200
200
200
200
200
200
200
200
200
200
200
200
200
200
200
200
200
200
200
200
200
200
200
200
200
200
200
200
200
200
200
200
200
200
198.008705531
179.38428976
160.386982224
136.533265907
109.630347058
86.1459895961
65.12686853
48.3672819532
34.8027184454
22.4502411404
12.8734778975
1.54573618852
200
200
200
200
200
200
200
200
200
200
200
200
200
200
200
200
200
200
200
200
200
200
200
200
200
200
200
200
200
200
200
200
200
200
200
200
200
200
200
200
200
200
200
200
200
200
200
200
200
200
200
200
200
200
200
200
200
200
200
200
200
200
200
200
200
200
200
200
200
200
200
200
200
200
200
200
200
200
200
200
200
200
200
200
200
192.565977461
173.694559919
148.84730091
125.554534715
98.8804206794
75.5621892962
59.9662815525
47.2431727073
30.7829162091
20.3067173056
15.2717653538
200
200
200
200
200
200
200
200
200
200
200
200
200
200
200
200
200
200
200
200
200
200
200
200
200
200
200
200
200
200
200
200
200
200
200
200
200
200
200
200
200
200
200
200
200
200
200
200
200
200
200
200
200
200
200
200
200
200
200
200
200
200
200
200
200
200
200
200
200
200
200
200
200
200
200
200
200
200
200
200
200
200
200
200
200
189.357370213
164.464883262
149.028833375
130.716426871
100.810163708
72.9269020097
63.8948121653
46.7740487127
35.9949499669
31.5278983958
21.400784374
200
200
200
200
200
200
200
200
200
200
200
200
200
200
200
200
200
200
200
200
200
200
200
200
200
200
200
200
200
200
200
200
200
200
200
200
200
200
200
200
200
200
200
200
200
200
200
200
200
200
200
200
200
200
200
200
200
200
200
200
200
200
200
200
200
200
200
200
200
200
200
200
200
200
200
200
200
200
200
200
200
200
200
200
199.999999588
182.562210456
162.169568128
147.257690077
123.539353551
105.414153397
85.2931869785
61.6906269566
55.471453196
46.2468787941
40.1528038508
27.8372221995
200
200
200
200
200
200
200
200
200
200
200
200
200
200
200
200
200
200
200
200
200
200
200
200
200
200
200
200
200
200
200
200
200
200
200
200
200
200
200
200
200
200
200
200
200
200
200
200
200
200
200
200
200
200
200
200
200
200
200
200
200
200
200
200
200
200
200
200
200
200
200
200
200
200
200
200
200
200
200
200
200
200
200
200
196.820810246
173.842330899
153.885440397
140.548487912
130.740245388
107.235414849
92.0149183545
71.4087348716
57.311184088
56.1273419982
52.5090721815
40.1824042912
200
200
200
200
200
200
200
200
200
200
200
200
200
200
200
200
200
200
200
200
200
200
200
200
200
200
200
200
200
200
200
200
200
200
200
200
200
200
200
200
200
200
200
200
200
200
200
200
200
200
200
200
200
200
200
200
200
200
200
200
200
200
200
200
200
200
200
200
200
200
200
200
200
200
200
200
200
200
200
200
200
200
200
200
193.141562984
171.829871352
158.934661253
140.361696455
120.273323032
101.456643427
98.6186821818
86.173196366
68.2581935686
65.0469922633
64.1638492683
51.3630158182
200
200
200
200
200
200
200
200
200
200
200
200
200
200
200
200
200
200
200
200
200
200
200
200
200
200
200
200
200
200
200
200
200
200
200
200
200
200
200
200
200
200
200
200
200
200
200
200
200
200
200
200
200
200
200
200
200
200
200
200
200
200
200
200
200
200
200
200
200
200
200
200
200
200
200
200
200
200
200
200
200
200
200
199.999999958
188.51665331
170.091160434
154.499021549
139.787643338
120.066944887
110.954310476
96.9214501261
95.4777456371
86.1578188848
75.5269747224
75.3200226247
62.0662790364
200
200
200
200
200
200
200
200
200
200
200
200
200
200
200
200
200
200
200
200
200
200
200
200
200
200
200
200
200
200
200
200
200
200
200
200
200
200
200
200
200
200
200
200
200
200
200
200
200
200
200
200
200
200
200
200
200
200
200
200
200
200
200
200
200
200
200
200
200
200
200
200
200
200
200
200
200
200
200
200
200
200
200
199.999999105
184.633067739
168.775838338
150.251274564
135.658972991
123.393809221
116.474991954
107.643907419
97.9786855793
98.362370328
85.1850061931
85.8387827195
72.6421628665
200
200
200
200
200
200
200
200
200
200
200
200
200
200
200
200
200
200
200
200
200
200
200
200
200
200
200
200
200
200
200
200
200
200
200
200
200
200
200
200
200
200
200
200
200
200
200
200
200
200
200
200
200
200
200
200
200
200
200
200
200
200
200
200
200
200
200
200
200
200
200
200
200
200
200
200
200
200
200
200
200
200
200
199.963055825
184.192526852
169.27294024
153.6500343
137.192656045
125.720212954
113.345327759
115.038202746
109.064442896
102.788124472
98.2472182763
94.6311463053
82.1375307004
200
200
200
200
200
200
200
200
200
200
200
200
200
200
200
200
200
200
200
200
200
200
200
200
200
200
200
200
200
200
200
200
200
200
200
200
200
200
200
200
200
200
200
200
200
200
200
200
200
200
200
200
200
200
200
200
200
200
200
200
200
200
200
200
200
200
200
200
200
200
200
200
200
200
200
200
200
200
200
200
200
200
200
196.896070294
183.159827038
168.771153763
153.140330698
140.038516546
129.588658471
121.937231224
115.332002867
116.246869668
111.633806054
109.453879297
103.017454804
92.0576921232
200
200
200
200
200
200
200
200
200
200
200
200
200
200
200
200
200
200
200
200
200
200
200
200
200
200
200
200
200
200
200
200
200
200
200
200
200
200
200
200
200
200
200
200
200
200
200
200
200
200
200
200
200
200
200
200
200
200
200
200
200
200
200
200
200
200
200
200
200
200
200
200
200
200
200
200
200
200
200
200
200
200
200
196.080881791
182.132360934
165.44764953
152.556839911
142.747294292
136.887530102
129.888668999
124.593526349
117.412460029
119.178027637
121.388881735
111.460061798
99.8470051069
200
200
200
200
200
200
200
200
200
200
200
200
200
200
200
200
200
200
200
200
200
200
200
200
200
200
200
200
200
200
200
200
200
200
200
200
200
200
200
200
200
200
200
200
200
200
200
200
200
200
200
200
200
200
200
200
200
200
200
200
200
200
200
200
200
200
200
199.971181703
198.814988741
199.133421051
199.996196867
200
200
200
200
200
200
200
200
200
200
200
200
195.191818734
180.457525532
166.176208514
156.199052843
148.002269747
140.257055402
135.08852538
130.26097325
126.620859743
121.906310397
127.178255519
119.08301279
105.973863957
200
200
200
200
200
200
200
200
200
200
200
200
200
200
200
200
200
200
200
200
200
200
200
200
200
200
200
200
200
200
200
200
200
200
200
200
200
200
200
200
200
200
200
200
200
200
200
200
200
200
200
200
200
200
200
200
200
200
200
200
200
200
87.4688499986
14.3904958186
3.48201162123
1.02452500787
0.407708832348
0.278957695787
0.327271356988
0.557199851166
1.20493092915
3.14389887957
9.72615454074
35.3184182025
135.596756184
188.599827212
199.475773591
200
200
199.975084382
200
200
199.999999997
194.72205726
180.084228876
169.984815241
160.573068216
151.780282156
144.142627769
139.108939494
134.317489576
130.813867361
128.664648316
130.920948156
125.532500447
111.45785267
200
200
200
200
200
200
200
200
200
200
200
200
200
200
200
200
200
200
200
200
200
200
200
200
200
200
200
200
200
200
200
200
200
200
200
200
200
200
200
200
200
200
200
200
200
200
200
200
200
200
200
200
200
200
200
200
200
200
200
0.768840853202
0.0157133078202
0.00136824673046
0.000274538359123
8.09426890575e-05
2.95146480957e-05
1.62310033785e-05
1.46735702803e-05
1.97698591728e-05
3.46720074876e-05
7.33746534919e-05
0.000180080190819
0.000507896283133
0.00165071795052
0.00631848417029
0.0290967525577
0.165725500152
1.20269606795
11.2493210407
121.554611013
193.753172904
199.999484731
199.924053066
199.994184297
194.397100207
184.130724853
171.684192001
163.40727818
154.479638756
147.573635432
144.4748963
138.628807839
135.559921448
132.840393404
130.906859146
133.373725996
116.175794161
200
200
200
200
200
200
200
200
200
200
200
200
200
200
200
200
200
200
200
200
200
200
200
200
200
200
200
200
200
200
200
200
200
200
200
200
200
200
200
200
200
200
200
200
200
200
200
200
200
200
200
200
200
200
200
200
200
0.0299825958217
5.97337974804e-06
4.81424820895e-07
8.6271337638e-08
2.26257481982e-08
8.09782843509e-09
3.85092670958e-09
2.7733095656e-09
2.99146690128e-09
4.27425859038e-09
7.3469701942e-09
1.46443878041e-08
3.37552780731e-08
8.84474789533e-08
2.65321931932e-07
9.17795784413e-07
3.72094525832e-06
1.78945719516e-05
0.000104612605616
0.000719258972494
0.00603483809079
0.06321939615
0.870169793832
15.9919632498
164.439900206
199.008417299
196.117824798
183.4281867
174.784594154
163.18858243
156.883281041
152.812954879
148.833163251
142.967483559
139.506459936
136.105102034
134.264069165
138.607431279
120.203225018
200
200
200
200
200
200
200
200
200
200
200
200
200
200
200
200
200
200
200
200
200
200
200
200
200
200
200
200
200
200
200
200
200
200
200
200
200
200
200
200
200
200
200
200
200
200
200
200
200
200
200
200
200
200
200
0.0223321018816
6.39872326604e-08
5.59915013099e-10
7.34153016837e-11
1.76084127366e-11
6.01967166387e-12
2.6433765005e-12
1.51895708026e-12
1.27510895674e-12
1.49476156253e-12
2.20010792545e-12
3.79870247182e-12
7.49490259529e-12
1.65392680851e-11
4.1563240384e-11
1.17843458615e-10
3.79006275208e-10
1.38529682946e-09
5.72824742281e-09
2.7433063004e-08
1.54353768299e-07
1.02163807488e-06
8.04884829969e-06
7.74595115343e-05
0.000907887489273
0.0133144918483
0.256758024752
6.64307452503
140.879730231
182.571435049
173.91706585
165.547229012
162.655941953
157.767485915
150.98901962
145.317573579
142.196592512
139.895951107
136.871667032
139.732039645
123.195409664
200
200
200
200
200
200
200
200
200
200
200
200
200
200
200
200
200
200
200
200
200
200
200
200
200
200
200
200
200
200
200
200
200
200
200
200
200
200
200
200
200
200
200
200
200
200
200
200
200
200
200
200
200
200
1.1716677318e-08
5.04059534866e-12
2.55778432795e-13
4.6562156761e-14
1.30460138782e-14
5.03277953358e-15
2.49228100843e-15
1.5646343714e-15
1.37224527141e-15
1.61860338297e-15
2.36407134769e-15
4.00005508557e-15
7.62163355278e-15
1.64158715528e-14
3.97950904036e-14
1.06440143934e-13
3.22593392335e-13
1.10916859973e-12
4.26928422727e-12
1.82851515309e-11
8.88713326279e-11
4.94434214517e-10
3.08037051242e-09
2.20618946646e-08
1.9030734908e-07
1.96786421656e-06
2.484128368e-05
0.00038620816645
0.00764445884171
0.167885391006
4.83995095924
128.156488412
167.634359704
164.533406162
154.868667885
150.289631235
147.70672646
143.782649881
141.958281686
138.976513424
140.122653485
125.044816325
200
200
200
200
200
200
200
200
200
200
200
200
200
200
200
200
200
200
200
200
200
200
200
200
200
200
200
200
200
200
200
200
200
200
200
200
200
200
200
200
200
200
200
200
200
200
200
200
200
200
200
200
200
7.32962388325e-13
5.03035188186e-15
5.10476292811e-16
1.0605785552e-16
3.08147178864e-17
1.18252442724e-17
5.52097616611e-18
3.36786660261e-18
2.77015590575e-18
3.09766514337e-18
4.41241728593e-18
7.91959003017e-18
1.53442111237e-17
3.29752033546e-17
7.73405599979e-17
2.03048299453e-16
5.94859731023e-16
1.92424527226e-15
6.75422176559e-15
2.63571332617e-14
1.12002521933e-13
5.43837379967e-13
2.92066035753e-12
1.73201738557e-11
1.16854351765e-10
9.14647246634e-10
8.08706126246e-09
8.51665078957e-08
1.11252353457e-06
1.63124016336e-05
0.000287101458548
0.00624213832702
0.200646613482
12.2161583086
149.264636117
156.141278268
152.779699969
149.586233587
146.770541475
142.115465926
140.913892964
139.320477283
126.290531885
200
200
200
200
200
200
200
200
200
200
200
200
200
200
200
200
200
200
200
200
200
200
200
200
200
200
200
200
200
200
200
200
200
200
200
200
200
200
200
200
200
200
200
200
200
200
200
200
200
200
200
200
9.49456831826e-16
2.21708169232e-17
5.28220775583e-19
0
0
0
0
0
0
0
0
0
1.12540681224e-20
3.70386155475e-20
1.87821806585e-19
5.59982642649e-19
1.89640138258e-18
6.41840341492e-18
2.24911437367e-17
8.19667772123e-17
3.22410654235e-16
1.36807492558e-15
6.20762496674e-15
3.10231459791e-14
1.71338492844e-13
1.08421692126e-12
7.52582136356e-12
5.88459994795e-11
5.41278298841e-10
5.30344153576e-09
6.12397768364e-08
8.96938204698e-07
1.65594539798e-05
0.000416399017964
0.0182917935623
1.13390362241
109.459295377
155.258464028
151.867715754
147.774343744
143.787048994
141.895854687
138.8387626
127.564366971
200
200
200
200
200
200
200
200
200
200
200
200
200
200
200
200
200
200
200
200
200
200
200
200
200
200
200
200
200
200
200
200
200
200
200
200
200
200
200
200
200
200
200
200
200
200
200
200
200
200
200
1.11401638875e-17
0
0
0
0
0
0
0
0
0
0
0
0
0
0
0
8.50068841225e-21
2.33532969284e-20
1.03736555438e-19
4.37186356208e-19
1.77797209881e-18
7.33837029934e-18
3.0436031575e-17
1.29398273798e-16
6.14243050541e-16
3.04450047058e-15
1.66960344069e-14
1.0252134945e-13
7.31133693682e-13
5.28997366799e-12
4.33695525437e-11
4.20652833745e-10
4.93294012656e-09
7.40286565484e-08
1.7259460246e-06
5.11597476553e-05
0.0021415318545
0.18669784444
32.7511039348
151.796024748
149.716614905
146.784859068
142.253107822
140.158217412
128.689794347
200
200
200
200
200
200
200
200
200
200
200
200
200
200
200
200
200
200
200
200
200
200
200
200
200
200
200
200
200
200
200
200
200
200
200
200
200
200
200
200
200
200
200
200
200
200
200
200
200
200
1.19502410798e-22
0
0
0
0
0
0
0
0
0
0
0
0
0
0
0
0
0
0
8.19309041291e-22
1.32100601716e-20
3.73970396869e-20
1.67461391275e-19
9.22421415347e-19
3.68986295522e-18
1.87456403168e-17
8.51019422241e-17
4.45695659816e-16
2.27330998567e-15
1.34562507336e-14
8.33903153717e-14
6.12100915495e-13
4.92374955547e-12
4.72675572682e-11
5.79522367837e-10
1.01324544898e-08
2.25978304453e-07
7.53030410233e-06
0.000431479017426
0.0447327023957
11.1034913275
147.48272819
148.683864161
143.331937848
141.226515997
129.139317325
200
200
200
200
200
200
200
200
200
200
200
200
200
200
200
200
200
200
200
200
200
200
200
200
200
200
200
200
200
200
200
200
200
200
200
200
200
200
200
200
200
200
200
200
200
200
200
200
200
0
0
0
0
0
0
0
0
0
0
0
0
0
0
0
0
0
0
0
0
0
0
0
8.20971344344e-21
2.41690109656e-20
1.29360323361e-19
6.44431315977e-19
2.66388069225e-18
1.42140197678e-17
6.79944733425e-17
3.63990949306e-16
1.94276503747e-15
1.29420382753e-14
9.08752578292e-14
7.54013759192e-13
7.40732569405e-12
1.01570022204e-10
1.68340499272e-09
4.40710444652e-08
1.59917133434e-06
0.000110294902338
0.0156142154153
6.10097200045
144.95123255
144.214232857
140.456551233
128.008265083
200
200
200
200
200
200
200
200
200
200
200
200
200
200
200
200
200
200
200
200
200
200
200
200
200
200
200
200
200
200
200
200
200
200
200
200
200
200
200
200
200
200
200
200
200
200
200
200
0
0
0
0
0
0
0
0
0
0
0
0
0
0
0
0
0
0
0
0
0
0
0
0
0
0
6.33202910025e-21
2.39796720288e-20
1.14670791864e-19
5.85271910794e-19
2.70613694811e-18
1.49721444823e-17
7.42247287557e-17
4.26275783017e-16
2.73687985111e-15
1.8522685785e-14
1.52979736192e-13
1.6963148841e-12
2.0592591842e-11
3.60056523856e-10
9.63928603316e-09
4.62042233118e-07
4.0998827378e-05
0.00832337412563
7.89986684996
141.279988583
138.20842141
125.180467432
200
200
200
200
200
200
200
200
200
200
200
200
200
200
200
200
200
200
200
200
200
200
200
200
200
200
200
200
200
200
200
200
200
200
200
200
200
200
200
200
200
200
200
200
200
200
200
0
0
0
0
0
0
0
0
0
0
0
0
0
0
0
0
0
0
0
0
0
0
0
0
0
0
0
0
0
6.03574802145e-21
2.68866965007e-20
1.41898544606e-19
7.56672084957e-19
3.68823141662e-18
2.21591467578e-17
1.20525747852e-16
7.60839951666e-16
5.14022779749e-15
4.04506200823e-14
4.49106176767e-13
5.55446431132e-12
1.11183350133e-10
3.42899218251e-09
1.89432375323e-07
2.31866525272e-05
0.00930162129786
29.1515840221
135.119042427
121.308578869
200
200
200
200
200
200
200
200
200
200
200
200
200
200
200
200
200
200
200
200
200
200
200
200
200
200
200
200
200
200
200
200
200
200
200
200
200
200
200
200
200
200
200
200
200
200
0
0
0
0
0
0
0
0
0
0
0
0
0
0
0
0
0
0
0
0
0
0
0
0
0
0
0
0
0
0
0
0
7.89505056082e-21
3.71005648916e-20
2.05952794401e-19
1.16825975438e-18
6.83477948698e-18
3.87561666305e-17
2.60971884676e-16
1.74348357443e-15
1.493939342e-14
1.45867535282e-13
2.17583516056e-12
4.57531079422e-11
1.60350486045e-09
1.12044850579e-07
2.39240681376e-05
0.0252662666046
105.13550173
116.430339392
200
200
200
200
200
200
200
200
200
200
200
200
200
200
200
200
200
200
200
200
200
200
200
200
200
200
200
200
200
200
200
200
200
200
200
200
200
200
200
200
200
200
200
200
200
0
0
0
0
0
0
0
0
0
0
0
0
0
0
0
0
0
0
0
0
0
0
0
0
0
0
0
0
0
0
0
0
0
0
0
1.27075489815e-20
6.54538602391e-20
5.10339185399e-19
2.65392250997e-18
1.6797612685e-17
1.14693661859e-16
7.17109676516e-16
6.00723224225e-15
6.81021173456e-14
1.06010241587e-12
2.36310729826e-11
9.76033869177e-10
1.0798658468e-07
5.09305380586e-05
0.275351148046
109.552913773
200
200
200
200
200
200
200
200
200
200
200
200
200
200
200
200
200
200
200
200
200
200
200
200
200
200
200
200
200
200
200
200
200
200
200
200
200
200
200
200
200
200
200
200
200
0
0
0
0
0
0
0
0
0
0
0
0
0
0
0
0
0
0
0
0
0
0
0
0
0
0
0
0
0
0
0
0
0
0
0
0
3.85803223641e-21
2.84242788603e-20
2.08403621284e-19
1.2670677216e-18
8.5415226228e-18
5.65385286158e-17
3.92594119339e-16
3.2855485139e-15
3.58414273728e-14
5.88182677346e-13
1.45992804694e-11
9.04490385369e-10
1.9574857745e-07
0.000364253581111
61.3584075136
200
200
200
200
200
200
200
200
200
200
200
200
200
200
200
200
200
200
200
200
200
200
200
200
200
200
200
200
200
200
200
200
200
200
200
200
200
200
200
200
200
200
200
200
200
0
0
0
0
0
0
0
0
0
0
0
0
0
0
0
0
0
0
0
0
0
0
0
0
0
0
0
0
0
0
0
0
0
0
0
0
0
0
1.34705248059e-20
1.13221801285e-19
6.80723893397e-19
5.09222575535e-18
3.19321679867e-17
2.08541695357e-16
1.73250934151e-15
2.20793242862e-14
3.84853265995e-13
1.3744785351e-11
1.40648581124e-09
1.07173964595e-06
0.0356924035581
200
200
200
200
200
200
200
200
200
200
200
200
200
200
200
200
200
200
200
200
200
200
200
200
200
200
200
200
200
200
200
200
200
200
200
200
200
200
200
200
200
200
200
200
0
0
0
0
0
0
0
0
0
0
0
0
0
0
0
0
0
0
0
0
0
0
0
0
0
0
0
0
0
0
0
0
0
0
0
0
0
0
0
0
6.05204915937e-21
7.06579703894e-20
4.91383119018e-19
3.46641615375e-18
2.13052607022e-17
1.70841878748e-16
1.3308166402e-15
1.79792836925e-14
4.18909005707e-13
1.98907613546e-11
5.71560552176e-09
3.54669480388e-05
200
200
200
200
200
200
200
200
200
200
200
200
200
200
200
200
200
200
200
200
200
200
200
200
200
200
200
200
200
200
200
200
200
200
200
200
200
200
200
200
200
200
200
200
0
0
0
0
0
0
0
0
0
0
0
5.7077219096e-21
2.85566484919e-20
4.40352812782e-20
7.55564828922e-20
0
0
0
0
0
0
0
0
0
0
0
0
0
0
0
0
0
0
0
0
0
0
0
0
0
0
2.56393613573e-21
4.86668927333e-20
4.35548553841e-19
2.89252722211e-18
1.92047915975e-17
1.49382081114e-16
1.44011717589e-15
2.10269108698e-14
5.73987122149e-13
6.53734486185e-11
9.26106350212e-08
200
200
200
7.25145910638e-24
0
0
0
0
0
0
0
0
0
0
0
0
0
0
0
0
0
0
0
9.06290531391e-19
1.31490692499e-16
200
200
200
200
200
200
200
200
200
200
200
200
200
200
200
200
200
200
200
0
0
0
0
0
0
0
0
0
1.98029848917e-20
3.28374250169e-19
2.02476648157e-18
1.44845421621e-17
9.53710549306e-17
1.8121123586e-16
2.54010765703e-16
6.83114821255e-18
4.63867951808e-19
0
0
0
0
0
0
0
0
0
0
0
0
0
0
0
0
0
0
0
0
0
0
0
0
4.52505024893e-22
4.0896878071e-20
3.27251505425e-19
2.31088514056e-18
1.85772908575e-17
1.49773903897e-16
1.45869636109e-15
2.96707370029e-14
1.56848512078e-12
6.20463015321e-10
9.02794454333e-25
4.75154975965e-25
0
0
0
0
0
0
0
0
0
0
0
0
0
0
0
0
0
0
0
0
0
0
0
0
0
0
0
0
5.20430755636e-18
7.12630654724e-16
200
200
200
200
200
200
200
200
200
200
200
0
0
0
0
0
0
0
0
4.94713053581e-21
4.27240352229e-19
2.1620285183e-17
1.8975152934e-15
200
200
200
200
200
200
200
200
199.999999998
199.99985644
77.9692719312
0
0
0
0
0
0
0
0
0
0
0
0
0
0
0
0
0
0
0
0
0
1.77819476887e-23
4.75220208034e-20
3.7599136373e-19
3.34355288828e-18
2.53049698766e-17
2.12730570679e-16
2.75654036698e-15
7.43261889641e-14
1.02003834606e-11
0
0
0
0
0
0
0
0
0
0
0
0
0
0
0
0
0
0
0
0
0
0
0
0
0
0
0
0
0
0
0
0
0
0
0
7.14207328845e-18
3.49633429522e-16
200
200
200
200
200
200
0
0
0
0
0
0
0
5.34682058382e-20
1.24626737535e-17
9.51090966072e-15
200
200
200
200
200
200
200
200
200
200
200
200
199.999999998
162.939596223
0
0
0
0
0
0
0
0
0
0
0
0
0
0
0
0
0
0
0
0
0
1.71321660525e-21
6.82765474253e-20
6.01829011338e-19
4.28078355449e-18
4.02488696174e-17
3.99358706052e-16
6.36442475197e-15
3.8759131602e-13
0
0
0
0
0
0
0
0
0
0
0
0
0
0
0
0
0
0
0
0
0
0
0
0
0
0
0
0
0
0
0
0
0
0
0
0
0
0
5.87534655431e-20
5.20535792259e-18
6.53103637488e-17
1.51723674335e-16
3.41959550544e-18
0
0
0
0
0
0
5.43139377608e-19
3.47201631899e-16
200
200
200
200
200
200
200
200
200
200
200
200
200
200
200
200
167.215405882
0
0
0
0
0
0
0
0
0
0
0
0
0
0
0
0
0
0
0
0
0
5.37372310014e-21
1.32901776355e-19
9.22241672969e-19
7.51101644752e-18
6.68796662828e-17
9.18481534397e-16
2.6874985496e-14
0
0
0
0
0
0
0
0
0
0
0
0
0
0
0
0
0
0
0
0
0
0
0
0
0
0
0
0
0
0
0
0
0
0
0
0
0
0
0
0
0
0
3.93821309466e-19
0
0
6.99607525131e-23
1.20122309889e-22
7.50161184295e-21
4.33676984251e-18
2.14617824611e-14
200
200
200
200
200
200
200
200
200
200
200
200
200
200
200
200
200
200
165.522118956
0
0
0
0
0
0
0
0
0
0
0
0
0
0
0
0
0
0
0
0
0
1.58529012728e-20
2.46109187782e-19
2.06366251121e-18
1.81380209211e-17
1.95639433833e-16
3.16586767906e-15
0
0
0
0
0
0
0
0
0
0
0
0
0
0
0
0
0
0
0
0
0
0
0
0
0
0
0
0
0
0
0
0
0
0
0
0
0
0
0
0
0
0
0
0
8.89429921309e-23
5.81313864091e-22
4.5389544738e-20
8.82282913241e-18
3.26455325789e-12
200
200
200
200
200
200
200
200
200
200
200
200
200
200
200
200
200
200
200
200
158.821773581
0
0
0
0
0
0
0
0
0
0
0
0
0
0
0
0
0
0
0
0
0
5.29534706633e-20
4.90674755091e-19
5.63666991458e-18
5.55205339263e-17
6.1403557126e-16
0
0
0
0
0
0
0
0
0
0
0
0
0
0
0
0
0
0
0
0
0
0
0
0
0
0
0
0
0
0
0
0
0
0
0
0
0
0
0
0
0
0
0
0
0
3.04167595738e-20
3.41737291526e-18
200
200
200
200
200
200
200
200
200
200
200
200
200
200
200
200
200
200
200
200
200
200
200
149.162683433
0
0
0
0
0
0
0
0
0
0
0
0
0
0
0
0
0
0
0
0
7.63828230159e-21
1.76492442768e-19
1.46916125576e-18
1.6508661702e-17
1.66312320562e-16
0
0
0
0
0
0
0
0
0
0
0
0
0
0
0
0
0
0
0
0
0
0
0
0
0
0
0
0
0
0
0
0
0
0
0
0
0
0
0
0
0
0
0
0
0
0
3.16762350836e-16
200
200
200
200
200
200
200
200
200
200
200
200
200
200
200
200
200
200
200
200
200
200
200
200
122.5159022
0
0
0
0
0
0
0
0
0
0
0
0
0
0
0
0
0
0
0
0
4.80005297427e-20
5.67143104539e-19
6.26368569813e-18
5.60149806495e-17
0
0
0
0
0
0
0
0
0
0
0
0
0
0
0
0
0
0
0
0
0
0
0
0
0
0
0
0
0
0
0
0
0
0
0
0
0
0
0
0
0
0
0
0
0
0
0
0
6.61869769955e-24
200
200
200
200
200
200
200
200
200
200
200
200
200
200
200
200
200
200
200
200
200
200
200
0
0
0
0
0
0
0
0
0
0
0
0
0
0
0
0
0
0
0
0
1.32186786861e-20
2.44589518081e-19
2.72727582349e-18
2.28939844986e-17
0
0
0
0
0
0
0
0
0
0
0
0
0
0
0
0
0
0
0
0
0
0
0
0
0
0
0
0
0
0
0
0
0
0
0
0
0
0
0
0
0
0
0
0
0
0
0
0
0
5.95682792959e-24
7.97596934766e-23
4.58465953533e-17
200
200
200
200
200
200
200
200
200
200
200
200
200
200
200
200
200
200
200
200
199.999995891
0
0
0
0
0
0
0
0
0
0
0
0
0
0
0
0
0
0
0
3.29684011356e-21
1.19728155865e-19
1.3424415536e-18
1.10335662882e-17
0
0
0
0
0
0
0
0
0
0
0
0
0
0
0
0
0
0
0
0
0
0
0
0
0
0
0
0
0
0
0
0
0
0
0
0
0
0
0
0
0
0
0
0
0
0
0
0
0
0
5.36114513663e-24
3.01158099438e-23
3.70351513091e-22
1.68901010573e-16
200
200
200
200
200
200
200
200
200
200
200
200
200
200
200
200
200
200
200
41.5678073175
0
0
0
0
0
0
0
0
0
0
0
0
0
0
0
0
0
0
0
5.46017200063e-20
6.73361220345e-19
6.09090774351e-18
0
0
0
0
0
0
0
0
0
0
0
0
0
0
0
0
0
0
0
0
0
0
0
0
0
0
0
0
0
0
0
0
0
0
0
0
0
0
0
0
0
0
0
0
0
0
0
0
0
0
0
1.01861757596e-23
2.27617013887e-23
3.1810157943e-22
9.12983460184e-22
3.46766952431e-15
200
200
200
200
200
200
200
200
200
200
200
200
200
200
200
200
200
199.999996967
0
0
0
0
0
0
0
0
0
0
0
0
0
0
0
0
0
0
0
2.68062028207e-20
3.68055976855e-19
3.7582602975e-18
0
0
0
0
0
0
0
0
0
0
0
0
0
0
0
0
0
0
0
0
0
0
0
0
0
0
0
0
0
0
0
0
0
0
0
0
0
0
0
0
0
0
0
0
0
0
0
0
0
0
0
0
9.16755818364e-24
2.04855312499e-23
2.82383146683e-22
6.22139279236e-22
6.94814006298e-17
200
200
200
200
200
200
200
200
200
200
200
200
200
200
200
200
200
0
0
0
0
0
0
0
0
0
0
0
0
0
0
0
0
0
0
0
1.63902887991e-20
2.77011768152e-19
2.5404861171e-18
0
0
0
0
0
0
0
0
0
0
0
0
0
0
0
0
0
0
0
0
0
0
0
0
0
0
0
0
0
0
0
0
0
0
0
0
0
0
0
0
0
0
0
0
0
0
0
0
0
0
0
0
0
1.30758329883e-23
4.47292782195e-23
2.16761210926e-22
3.36292834829e-22
6.75670622523e-18
200
200
200
200
200
200
200
200
200
200
200
200
200
200
200
200
199.9999923
0
0
0
0
0
0
0
0
0
0
0
0
0
0
0
0
0
0
9.71428654634e-21
2.2254698883e-19
1.89592313298e-18
0
0
0
0
0
0
0
0
0
0
0
0
0
0
0
0
0
0
0
0
0
0
0
0
0
0
0
0
0
0
0
0
0
0
0
0
0
0
0
0
0
0
0
0
0
0
0
0
0
0
0
0
0
3.90827480461e-24
8.25080236528e-24
6.8436459225e-23
1.8228224814e-22
3.01141595352e-22
2.92723631604e-22
200
200
200
200
200
200
200
200
200
200
200
200
200
200
200
200
0
0
0
0
0
0
0
0
0
0
0
0
0
0
0
0
0
0
8.03502152089e-21
1.7949390323e-19
1.55826242934e-18
0
0
0
0
0
0
0
0
0
0
0
0
0
0
0
0
0
0
0
0
0
0
0
0
0
0
0
0
0
0
0
0
0
0
0
0
0
0
0
0
0
0
0
0
0
0
0
0
0
0
0
0
0
3.90827480461e-24
7.42572212875e-24
7.42572212875e-24
7.22651633922e-23
1.7558738239e-22
2.64758566199e-22
2.52382149673e-22
200
200
200
200
200
200
200
200
200
200
200
200
200
200
200
0
0
0
0
0
0
0
0
0
0
0
0
0
0
0
0
0
0
7.40815085231e-21
1.75783471011e-19
1.44487653732e-18
0
0
0
0
0
0
0
0
0
0
0
0
0
0
0
0
0
0
0
0
0
0
0
0
0
0
0
0
0
0
0
0
0
0
0
0
0
0
0
0
0
0
0
0
0
0
0
0
0
0
0
0
0
0
7.42572212875e-24
7.42572212875e-24
7.42572212875e-24
8.76407774826e-23
2.01626119863e-22
2.17521599406e-22
1.11290663641e-18
200
200
200
200
200
200
200
200
200
200
200
200
200
200
0
0
0
0
0
0
0
0
0
0
0
0
0
0
0
0
0
0
7.58319433338e-21
1.73985136157e-19
1.47928454484e-18
0
0
0
0
0
0
0
0
0
0
0
0
0
0
0
0
0
0
0
0
0
0
0
0
0
0
0
0
0
0
0
0
0
0
0
0
0
0
0
0
0
0
0
0
0
0
0
0
0
0
0
0
0
0
0
7.42572212875e-24
7.42572212875e-24
7.42572212875e-24
1.04724793139e-22
1.57448983382e-22
1.52165489454e-22
2.37768086218e-17
200
200
200
200
200
200
200
200
200
200
200
200
200
0
0
0
0
0
0
0
0
0
0
0
0
0
0
0
0
0
0
1.05414752694e-20
1.81949612448e-19
1.63216625175e-18
0
0
0
0
0
0
0
0
0
0
0
0
0
0
0
0
0
0
0
0
0
0
0
0
0
0
0
0
0
0
0
0
0
0
0
0
0
0
0
0
0
0
0
0
0
0
0
0
0
0
0
0
0
0
0
0
0
3.90827480461e-24
1.17682496894e-23
9.93374135983e-23
1.31061141312e-22
9.43395991568e-23
200
200
200
200
200
200
200
200
200
200
200
200
200
0
0
0
0
0
0
0
0
0
0
0
0
0
0
0
0
0
0
1.44738615663e-20
2.46407884184e-19
1.92307633817e-18
0
0
0
0
0
0
0
0
0
0
0
0
0
0
0
0
0
0
0
0
0
0
0
0
0
0
0
0
0
0
0
0
0
0
0
0
0
0
0
0
0
0
0
0
0
0
0
0
0
0
0
0
0
0
0
0
0
0
2.04855312499e-23
2.71042289494e-23
2.43938060545e-23
4.92927439459e-23
6.33773107911e-21
200
200
200
200
200
200
200
200
200
200
200
200
0
0
0
0
0
0
0
0
0
0
0
0
0
0
0
0
0
0
2.1286550372e-20
3.18039693784e-19
2.41167022585e-18
0
0
0
0
0
0
0
0
0
0
0
0
0
0
0
0
0
0
0
0
0
0
0
0
0
0
0
0
0
0
0
0
0
0
0
0
0
0
0
0
0
0
0
0
0
0
0
0
0
0
0
0
0
0
0
0
0
0
5.36114513663e-24
2.27617013887e-23
3.44583375045e-23
2.71042289494e-23
1.34978868879e-21
200
200
200
200
200
200
200
200
200
200
200
200
0
0
0
0
0
0
0
0
0
0
0
0
0
0
0
0
0
0
3.63456321322e-20
4.05432367616e-19
2.97857637505e-18
0
0
0
0
0
0
0
0
0
0
0
0
0
0
0
0
0
0
0
0
0
0
0
0
0
0
0
0
0
0
0
0
0
0
0
0
0
0
0
0
0
0
0
0
0
0
0
0
0
0
0
0
0
0
0
0
0
0
0
0
2.52907793208e-23
3.82870416716e-23
5.48016861538e-22
1.15107105089e-20
200
200
200
200
200
200
200
200
200
200
200
3.90827480461e-24
0
0
0
0
0
0
0
0
0
0
0
0
0
0
0
0
2.02056111528e-21
6.34819162558e-20
5.82586346058e-19
3.53308132029e-18
0
0
0
0
0
0
0
0
0
0
0
0
0
0
0
0
0
0
0
0
0
0
0
0
0
0
0
0
0
0
0
0
0
0
0
0
0
0
0
0
0
0
0
0
0
0
0
0
0
0
0
0
0
0
0
0
0
0
0
0
0
2.8100865912e-23
6.17986770295e-22
4.32860443311e-21
200
200
200
200
200
200
200
200
200
200
200
3.90827480461e-24
3.90827480461e-24
0
0
0
0
0
0
0
0
0
0
0
0
0
0
0
6.38336698354e-21
1.05596296126e-19
8.77563569983e-19
9.12365527986e-18
0
0
0
0
0
0
0
0
0
0
0
0
0
0
0
0
0
0
0
0
0
0
0
0
0
0
0
0
0
0
0
0
0
0
0
0
0
0
0
0
0
0
0
0
0
0
0
0
0
0
0
0
0
0
0
0
0
0
0
0
0
0
2.66989002583e-22
1.43628215483e-21
200
200
200
200
200
200
200
200
200
200
200
3.90827480461e-24
3.90827480461e-24
3.90827480461e-24
0
0
0
0
0
0
0
0
0
0
0
0
0
0
1.61933998497e-20
1.677832459e-19
1.19545185152e-18
2.96205964656e-17
0
0
0
0
0
0
0
0
0
0
0
0
0
0
0
0
0
0
0
0
0
0
0
0
0
0
0
0
0
0
0
0
0
0
0
0
0
0
0
0
0
0
0
0
0
0
0
0
0
0
0
0
0
0
0
0
0
0
0
0
0
0
0
1.35533282831e-21
200
200
200
200
200
200
200
200
200
200
0
3.51744732415e-24
3.90827480461e-24
3.90827480461e-24
3.90827480461e-24
0
0
0
0
0
0
0
0
0
0
0
0
1.74896026296e-22
2.96025305571e-20
3.02714824042e-19
1.51307661658e-18
5.35053407903e-17
0
0
0
0
0
0
0
0
0
0
0
0
0
0
0
0
0
0
0
0
0
0
0
0
0
0
0
0
0
0
0
0
0
0
0
0
0
0
0
0
0
0
0
0
0
0
0
0
0
0
0
0
0
0
0
0
0
0
0
0
0
0
0
1.23893636221e-21
200
200
200
200
200
200
200
200
200
200
0
0
3.51744732415e-24
3.90827480461e-24
3.90827480461e-24
0
0
0
0
0
0
0
0
0
0
0
0
5.17661700589e-21
5.02336368064e-20
3.89619646463e-19
1.64503383449e-18
8.87876448993e-17
0
0
0
0
0
0
0
0
0
0
0
0
0
0
0
0
0
0
0
0
0
0
0
0
0
0
0
0
0
0
0
0
0
0
0
0
0
0
0
0
0
0
0
0
0
0
0
0
0
0
0
0
0
0
0
0
0
0
0
0
0
0
0
0
200
200
200
200
200
200
200
200
200
0
0
0
0
3.90827480461e-24
3.90827480461e-24
3.90827480461e-24
0
0
0
0
0
0
0
0
0
0
0
1.05896375788e-20
1.05910748914e-19
5.16660610662e-19
3.43492277495e-18
1.24467143543e-16
0
0
0
0
0
0
0
0
0
0
0
0
0
0
0
0
0
0
0
0
0
0
0
0
0
0
0
0
0
0
0
0
0
0
0
0
0
0
0
0
0
0
0
0
0
0
0
0
0
0
0
0
0
0
0
0
0
0
0
0
0
0
0
0
200
200
200
200
200
200
200
200
0
0
0
0
0
0
3.90827480461e-24
3.90827480461e-24
0
0
0
0
0
0
0
0
0
0
2.73794775312e-21
1.99461920231e-20
1.21817588041e-19
4.93636123632e-19
7.63130170869e-18
1.92913262466e-16
0
0
0
0
0
0
0
0
0
0
0
0
0
0
0
0
0
0
0
0
0
0
0
0
0
0
0
0
0
0
0
0
0
0
0
0
0
0
0
0
0
0
0
0
0
0
0
0
0
0
0
0
0
0
0
0
0
0
0
0
0
0
0
0
200
200
200
200
200
200
200
0
0
0
0
0
0
0
0
3.90827480461e-24
0
0
0
0
0
0
0
0
0
0
7.68200234153e-21
4.08965749799e-20
1.41806677797e-19
3.44896095262e-19
9.00815211363e-18
2.87581839693e-16
0
0
0
0
0
0
0
0
0
0
0
0
0
0
0
0
0
0
0
0
0
0
0
0
0
0
0
0
0
0
0
0
0
0
0
0
0
0
0
0
0
0
0
0
0
0
0
0
0
0
0
0
0
0
0
0
0
0
0
0
0
0
0
5.54574052412
200
200
200
200
200
200
0
0
0
0
0
0
0
0
0
0
0
0
0
0
0
0
0
0
0
3.03147660536e-21
1.12992771166e-20
4.54235420635e-20
8.40851346141e-20
7.7267882454e-19
1.37913212567e-17
4.07413154649e-16
0
0
0
0
0
0
0
0
0
0
0
0
0
0
0
0
0
0
0
0
0
0
0
0
0
0
0
0
0
0
0
0
0
0
0
0
0
0
0
0
0
0
0
0
0
0
0
0
0
0
0
0
0
0
0
0
0
0
0
0
0
0
0
200
200
200
200
200
200
0
0
0
0
0
0
0
0
0
0
0
0
0
0
0
0
0
0
0
0
8.35308878056e-21
3.10881109529e-20
5.22220521472e-20
1.49377971481e-20
7.49562354324e-19
2.33899715722e-17
4.38863643669e-16
0
0
0
0
0
0
0
0
0
0
0
0
0
0
0
0
0
0
0
0
0
0
0
0
0
0
0
0
0
0
0
0
0
0
0
0
0
0
0
0
0
0
0
0
0
0
0
0
0
0
0
0
0
0
0
0
0
0
0
0
0
0
0
200
200
200
200
0
0
0
0
0
0
0
0
0
0
0
0
0
0
0
0
0
0
0
0
0
4.71675382688e-21
1.73481356053e-20
5.64167424309e-20
9.53375273284e-20
6.24324215567e-21
1.92744913777e-19
3.91007146872e-17
4.04746111719e-16
0
0
0
0
0
0
0
0
0
0
0
0
0
0
0
0
0
0
0
0
0
0
0
0
0
0
0
0
0
0
0
0
0
0
0
0
0
0
0
0
0
0
0
0
0
0
0
0
0
0
0
0
0
0
0
0
0
0
0
0
0
0
0
200
0
0
0
0
0
0
0
0
0
0
0
0
0
0
0
0
0
0
0
0
0
0
0
3.15452529922e-21
8.18540817914e-21
2.23351596135e-20
5.34038278205e-20
6.04637982265e-20
1.88451857922e-19
7.57091026523e-19
1.97890864047e-17
2.1841800685e-16
0
0
0
0
0
0
0
0
0
0
0
0
0
0
0
0
0
0
0
0
0
0
0
0
0
0
0
0
0
0
0
0
0
0
0
0
0
0
0
0
0
0
0
0
0
0
0
0
0
0
0
0
0
0
0
0
0
0
0
0
0
0
0
0
0
0
0
0
0
0
0
0
0
0
0
0
0
0
0
0
0
0
0
0
0
0
2.12871761023e-21
1.05064224038e-20
1.62582985995e-20
2.27440072267e-20
2.3658530798e-20
1.10765464501e-18
1.37827766844e-18
2.57521732909e-18
1.47682244555e-17
3.4938132794e-16
9.02794454333e-25
0
0
0
0
0
0
0
0
0
0
0
0
0
0
0
0
0
0
0
0
0
0
0
0
0
0
0
0
0
0
0
0
0
0
0
0
0
0
0
0
0
0
0
0
0
0
0
0
0
0
0
0
0
0
0
0
0
0
0
0
0
0
0
0
0
0
0
0
0
0
0
0
0
0
0
0
0
0
0
0
0
0
0
0
1.89222850323e-21
1.15038442071e-20
1.73379335575e-20
1.89223890171e-20
3.76491386383e-20
2.74642742563e-19
3.06684132094e-19
4.62719752551e-19
1.08911769533e-18
6.38855850372e-18
2.04112934294e-16
200
200
2.17392201564e-24
0
0
0
0
0
0
0
0
0
0
0
0
0
0
0
0
0
0
0
0
0
0
0
0
0
0
0
0
0
0
0
0
0
0
0
0
0
0
0
0
0
0
0
0
0
0
0
0
0
0
0
0
0
0
0
0
0
0
0
0
0
0
0
0
0
0
0
0
0
0
0
0
0
0
0
0
0
0
0
0
0
3.00383073786e-21
1.28335323075e-20
1.2723540499e-20
2.35822460611e-20
1.14131447423e-19
1.01523256356e-19
1.09714843502e-19
1.74385310398e-19
3.0673709792e-19
7.45708512895e-19
4.17271319027e-18
1.87427484837e-16
200
200
200
200
200
0
0
0
0
0
0
0
0
0
0
0
0
0
0
0
0
0
0
0
0
0
0
0
0
0
0
0
0
0
0
0
0
0
0
0
0
0
0
0
0
0
0
0
0
0
0
0
0
0
0
0
0
0
0
0
0
0
0
0
0
0
0
0
0
0
0
0
0
0
0
0
0
0
0
1.30758329883e-23
1.45287033203e-23
9.16755818364e-24
1.46189287509e-21
1.01170491955e-20
1.31645980074e-20
1.2848294191e-20
6.65019403511e-20
6.34596683493e-20
6.46204632927e-20
7.51320628691e-20
9.53626717754e-20
1.2780900236e-19
1.79663831953e-19
3.24258070782e-19
1.6287563339e-18
1.32883890507e-16
200
200
200
200
200
18.7880526742
1.48640117021e-23
0
0
0
0
0
0
0
0
0
0
0
0
0
0
0
0
0
0
0
0
0
0
0
0
0
0
0
0
0
0
0
0
0
0
0
0
0
0
0
0
0
0
0
0
0
0
0
0
0
0
0
0
0
0
0
0
0
0
0
0
0
0
0
0
0
0
5.65374299515e-21
7.20975970262e-21
4.74022943398e-20
7.23426135194e-20
1.60600313178e-19
2.11894492012e-19
2.44495293996e-19
2.62348878647e-19
1.79149263435e-19
3.35291161536e-20
1.13963115585e-20
6.39714731334e-20
4.71310065026e-20
4.47377083047e-20
5.02358554368e-20
5.91398793857e-20
6.89360717682e-20
8.23951770741e-20
1.02393720307e-19
1.29182958008e-19
1.76717364183e-19
3.80892557086e-19
7.89641115255e-17
200
200
200
200
1.76528813087e-13
1.08924651943e-17
8.06341007448e-17
2.2773441706e-17
3.94633319383e-24
0
0
0
0
0
0
0
0
0
0
0
0
0
0
0
0
0
0
0
0
0
0
0
0
0
0
0
0
0
0
0
0
0
0
0
0
0
0
0
0
0
0
0
0
0
0
0
0
0
0
0
0
0
0
0
0
0
0
0
0
0
0
6.13969020116e-20
3.24952975128e-19
6.62858651336e-19
1.01358389135e-18
1.20845429794e-18
1.30066215558e-18
1.45383361182e-18
1.29796062105e-18
1.16497647826e-18
8.19754711539e-19
3.20115550061e-19
1.32807863981e-19
5.88558488933e-20
4.03684097281e-20
4.03021230009e-20
4.44823234566e-20
4.93071877858e-20
5.56280574957e-20
6.32983193523e-20
7.30589418698e-20
8.59193873654e-20
1.02039894106e-19
1.24315254578e-19
1.71255658725e-19
3.72847916423e-17
200
200
200
1.15820554266e-13
1.68585885599e-16
1.84464911983e-17
2.86329264322e-18
1.95658383685e-20
4.09118667693e-20
4.25826848167e-22
0
0
0
0
0
0
0
0
0
0
0
0
0
0
0
0
0
0
0
0
0
0
0
0
0
0
0
0
0
0
0
0
0
0
0
0
0
0
0
0
0
0
0
0
0
0
0
0
0
0
0
0
0
0
0
0
0
0
0
0
0
2.98330346161e-19
8.62832923102e-19
9.33209200198e-19
9.66666606522e-19
1.05030494215e-18
1.12417061561e-18
1.19422802044e-18
1.21775119802e-18
1.15990575587e-18
1.0400011415e-18
8.33564400842e-19
1.77891485769e-19
6.8388482123e-20
5.09249745184e-20
4.59377882664e-20
4.65014644936e-20
4.92841321016e-20
5.38634318868e-20
5.96632101229e-20
6.68843569662e-20
7.56881975603e-20
8.63020039627e-20
9.91924209018e-20
1.18435381182e-19
1.49960703255e-17
200
25.3406898312
4.48712557677e-14
2.85501681974e-16
2.65190355867e-17
9.21305135801e-19
5.05163768382e-20
1.28343792621e-20
7.57438328107e-21
1.76042320633e-20
2.41501488634e-20
1.77830846137e-23
0
0
0
0
0
0
0
0
0
0
0
0
0
0
0
0
0
0
0
0
0
0
0
0
0
0
0
0
0
0
0
0
0
0
0
0
0
0
0
0
0
0
0
0
0
0
0
0
0
0
0
0
0
0
0
0
0
0
0
6.84315085875e-19
1.00041900715e-18
1.04448119262e-18
1.07854705116e-18
1.1317054635e-18
1.17839165883e-18
1.229688214e-18
1.26374094835e-18
1.30971039343e-18
1.32658412595e-18
1.23422130528e-18
5.49758481429e-19
1.12041230953e-19
6.71675161753e-20
5.34883353769e-20
5.0299237591e-20
5.09428543415e-20
5.35526685368e-20
5.76954935671e-20
6.30619372002e-20
6.93441286712e-20
7.67112728547e-20
8.49861546569e-20
9.59368361952e-20
5.5733504927e-18
9.47916868669e-13
1.66412658625e-14
3.9163468178e-16
3.12393020094e-17
1.93573264977e-18
7.09042753713e-20
1.75503974471e-20
1.0139516812e-20
8.41786894235e-21
1.03913269808e-20
8.41365115313e-21
1.42542208241e-20
2.11270665363e-22
0
0
0
0
0
0
0
0
0
0
0
0
0
0
0
0
0
0
0
0
0
0
0
0
0
0
0
0
0
0
0
0
0
0
0
0
0
0
0
0
0
0
0
0
0
0
0
0
0
0
0
0
0
0
0
0
0
0
6.21788356394e-19
1.09845381784e-18
1.11167103374e-18
1.18950495108e-18
1.23158324849e-18
1.25944727031e-18
1.29537241856e-18
1.33237196414e-18
1.38956353497e-18
1.48728858932e-18
1.56264299199e-18
1.01612065029e-18
1.76171394591e-19
8.61337857726e-20
6.35975503516e-20
5.58954330537e-20
5.40145239928e-20
5.47935566041e-20
5.74003345091e-20
6.11254577305e-20
6.57198484871e-20
7.10496319768e-20
7.67449024309e-20
8.3887290843e-20
1.65484992027e-18
4.83064967945e-15
4.22325533729e-16
4.01937060774e-17
3.0854623196e-18
9.1658471082e-20
1.57950971388e-20
1.00077948734e-20
7.57608204811e-21
6.81694495297e-21
6.81605086505e-21
6.29291039674e-21
5.51461600118e-21
1.2827284596e-20
3.39760024914e-21
0
0
0
0
0
0
0
0
0
0
0
0
0
0
0
0
0
0
0
0
0
0
0
0
0
0
0
0
0
0
0
0
0
0
0
0
0
0
0
0
0
0
0
0
0
0
0
0
0
0
0
0
0
0
0
0
0
0
1.67715531323e-18
1.30225109168e-18
1.37358994831e-18
1.39235398587e-18
1.39327010418e-18
1.41207686188e-18
1.43586580491e-18
1.49423465207e-18
1.56369649403e-18
1.69963300671e-18
1.47253167352e-18
3.7793630201e-19
1.12274743945e-19
7.54951886055e-20
6.28336134183e-20
5.83387340815e-20
5.74055212885e-20
5.84462135094e-20
6.11495104614e-20
6.45626515586e-20
6.85012597564e-20
7.25678404159e-20
199.990235451
199.999009022
5.07122300511e-16
5.03174201481e-17
4.54399802996e-18
3.18736914384e-20
1.23512524887e-20
8.50900121772e-21
6.8184738433e-21
6.13525045767e-21
5.52019652157e-21
5.51930243365e-21
5.51720519039e-21
6.13022798933e-21
8.64988285348e-21
2.10457066584e-20
1.07557142445e-20
0
0
0
0
0
0
0
0
0
0
0
0
0
0
0
0
0
0
0
0
0
0
0
0
0
0
0
0
0
0
0
0
0
0
0
0
0
0
0
0
0
0
0
0
0
0
0
0
0
0
0
0
0
0
0
0
0
2.80926439834e-18
1.8070363283e-18
1.73369431882e-18
1.64820027681e-18
1.5909805975e-18
1.56863624266e-18
1.58059743998e-18
1.60281296784e-18
1.66013296711e-18
1.74519636587e-18
1.86455898253e-18
6.97777685124e-19
1.47117153556e-19
8.94845779126e-20
7.11470892914e-20
6.37481964196e-20
6.085467414e-20
6.09159915049e-20
6.23131933079e-20
6.48037762277e-20
199.99830615
199.999983296
199.99999838
199.999999186
8.29880338319e-17
5.84594411952e-18
1.16067656758e-20
9.10387217687e-21
7.28577951468e-21
6.12930945196e-21
5.2293173503e-21
4.90771342956e-21
4.47063497126e-21
4.46983029213e-21
4.81263097672e-21
5.45515030264e-21
7.204317306e-21
1.61997977013e-20
3.97398075528e-19
5.05215215356e-20
0
0
0
0
0
0
0
0
0
0
0
0
0
0
0
0
0
0
0
0
0
0
0
0
0
0
0
0
0
0
0
0
0
0
0
0
0
0
0
0
0
0
0
0
0
0
0
0
0
0
0
0
0
0
0
0
2.9903552496e-18
2.45770922453e-18
2.16397511966e-18
1.98498723184e-18
1.84442983079e-18
1.78200275403e-18
1.74296037509e-18
1.73477708895e-18
1.76183561869e-18
1.81865746234e-18
2.09751794344e-18
1.01701052689e-18
1.8756188927e-19
1.04932747007e-19
8.04368237777e-20
7.00674830943e-20
6.57646680875e-20
6.44627561212e-20
199.999130849
199.999992687
199.999999666
199.999999956
199.999999988
199.99999999
8.1431086479e-18
7.25035430461e-21
6.54040376683e-21
5.75195226358e-21
4.98176794068e-21
4.47183433745e-21
4.02357147413e-21
3.9038024818e-21
3.67067313382e-21
3.73580062741e-21
4.02114849588e-21
4.46683896096e-21
6.1266751338e-21
9.94702947819e-17
3.54339268993e-17
1.11305746226e-17
8.65540867408e-20
0
0
0
0
0
0
0
0
0
0
0
0
0
0
0
0
0
0
0
0
0
0
0
0
0
0
0
0
0
0
0
0
0
0
0
0
0
0
0
0
0
0
0
0
0
0
0
0
0
0
0
0
0
0
0
3.15234960566e-18
3.04060824234e-18
2.61238288937e-18
2.3607579479e-18
2.17831541862e-18
2.02952585894e-18
1.93142307189e-18
1.87952798197e-18
1.86657227979e-18
1.88699532882e-18
2.10787875368e-18
1.17578383583e-18
2.25021012629e-19
1.21206715337e-19
9.05335709189e-20
7.74029168604e-20
199.999952676
199.999996002
199.999999821
199.999999982
199.999999996
199.999999999
200
200
4.98859893644e-21
4.78157140534e-21
4.49632011701e-21
4.14280741316e-21
3.81221975351e-21
3.57072840545e-21
3.25785449287e-21
3.23051822127e-21
3.11674457886e-21
3.19425479434e-21
3.25543151462e-21
3.6881949109e-21
1.56942906769e-11
6.73082678905e-11
9.76490419398e-13
7.19455870067e-15
2.84795183988e-16
2.37737664912e-20
0
0
0
0
0
0
0
0
0
0
0
0
0
0
0
0
0
0
0
0
0
0
0
0
0
0
0
0
0
0
0
0
0
0
0
0
0
0
0
0
0
0
0
0
0
0
0
0
0
0
0
0
0
0
2.71760364065e-18
3.54054699096e-18
2.99881636001e-18
2.71641686158e-18
2.50170882201e-18
2.29292709308e-18
2.13524394722e-18
2.02328470218e-18
1.95809351221e-18
1.9297561372e-18
2.08957625898e-18
1.1382931763e-18
199.998995825
199.999982065
199.999996629
199.999999704
199.999999955
199.999999992
199.999999998
200
200
200
200
200
3.64217415643e-21
3.53165159631e-21
3.39464540326e-21
3.24077493935e-21
3.02733113177e-21
2.90915213371e-21
2.70343925909e-21
2.63689952685e-21
2.63689952685e-21
2.63609484772e-21
2.74160239599e-21
5.75597402243e-06
200
200
200
3.18951382807e-09
1.51585348429e-13
1.5407370209e-15
3.87981739426e-21
0
0
0
0
0
0
0
0
0
0
0
0
0
0
0
0
0
0
0
0
0
0
0
0
0
0
0
0
0
0
0
0
0
0
0
0
0
0
0
0
0
0
0
0
0
0
0
0
0
0
0
0
0
1.92627514875e-18
3.87219892042e-18
199.999986182
199.999993041
199.999994927
199.999995891
199.999996671
199.999997573
199.999998423
199.999999154
199.999999598
199.999999825
199.999999941
199.999999982
199.999999994
199.999999998
199.999999999
200
200
200
200
200
200
200
2.86527749511e-21
2.82273834652e-21
2.74285817776e-21
2.6391783226e-21
2.52496223251e-21
2.37368472914e-21
2.32094537825e-21
2.21891274728e-21
2.16467865573e-21
2.19595421367e-21
2.35383316071e-21
200
200
200
200
200
200
2.73611409468e-12
1.24799697483e-15
1.00879404047e-23
0
0
0
0
0
0
0
0
0
0
0
0
0
0
0
0
0
0
0
0
0
0
0
0
0
0
0
0
0
0
0
0
0
0
0
0
0
0
0
0
0
0
0
0
0
0
0
0
0
0
0
0
199.999999761
199.999999988
199.999999996
199.999999997
199.999999997
199.999999996
199.999999996
199.999999996
199.999999996
199.999999997
199.999999998
199.999999999
199.999999999
200
200
200
200
200
200
200
200
200
200
200
2.41114881146e-21
2.34042537778e-21
2.29461018872e-21
2.22409170515e-21
2.12118962158e-21
2.0340891624e-21
1.93846247139e-21
1.8955233829e-21
1.86448913858e-21
1.88242039265e-21
1.92033714269e-21
2.13451261544e-21
200
200
200
200
200
200
2.21538512602e-12
2.61144902989e-17
0
0
0
0
0
0
0
0
0
0
0
0
0
0
0
0
0
0
0
0
0
0
0
0
0
0
0
0
0
0
0
0
0
0
0
0
0
0
0
0
0
0
0
0
0
0
0
0
0
0
0
199.999999971
200
200
200
200
200
200
200
200
200
200
200
200
200
200
200
200
200
200
200
200
200
200
200
200
2.03330647001e-21
2.0053640342e-21
1.94001428935e-21
1.85818464982e-21
1.80302863827e-21
1.69594116403e-21
1.64331839451e-21
1.59283029787e-21
1.55940126126e-21
1.56165666546e-21
1.62248437993e-21
1.77214772836e-21
2.22871575056e-21
200
200
200
200
200
200
1.26569840735e-13
1.64912320271e-17
0
0
0
0
0
0
0
0
0
0
0
0
0
0
0
0
0
0
0
0
0
0
0
0
0
0
0
0
0
0
0
0
0
0
0
0
0
0
0
0
0
0
0
0
0
0
0
0
0
199.999999951
200
200
200
200
200
200
200
200
200
200
200
200
200
200
200
200
200
200
200
200
200
200
200
200
200
1.70901902334e-21
1.65872005377e-21
1.62719612468e-21
1.57103535965e-21
1.49644398629e-21
1.45825286439e-21
1.38586043343e-21
1.34668371691e-21
1.32568459007e-21
1.32396189245e-21
1.3544918902e-21
1.45664928402e-21
1.74823204189e-21
2.21116102287e-19
200
200
200
200
200
2.01958608595e-06
6.29014964751e-15
2.92892864385e-20
0
0
0
0
0
0
0
0
0
0
0
0
0
0
0
0
0
0
0
0
0
0
0
0
0
0
0
0
0
0
0
0
0
0
0
0
0
0
0
0
0
0
0
0
0
0
0
0
200
200
200
200
200
200
200
200
200
200
200
200
200
200
200
200
200
200
200
200
200
200
200
200
200
200
1.43469605648e-21
1.40762926706e-21
1.37877881122e-21
1.33550438217e-21
1.29468260189e-21
1.23700380833e-21
1.20000452614e-21
1.17206883591e-21
1.14538717305e-21
1.13045009867e-21
1.15123371212e-21
1.20056221882e-21
1.35999178033e-21
7.42446976024e-20
2.99671826229e-18
199.999999995
200
200
200
200
4.83454486783e-12
1.39663947913e-17
2.63698070442e-21
0
0
0
0
0
0
0
0
0
0
0
0
0
0
0
0
0
0
0
0
0
0
0
0
0
0
0
0
0
0
0
0
0
0
0
0
0
0
0
0
0
0
0
0
0
0
199.999999999
200
200
200
200
200
200
200
200
200
200
200
200
200
200
200
200
200
200
200
200
200
200
200
200
200
200
1.26006130156e-21
1.23296147735e-21
1.20335851741e-21
1.17200742033e-21
1.13431434234e-21
1.08814063035e-21
1.06638201327e-21
1.03034897572e-21
9.94526310672e-22
9.83634804339e-22
9.83767125244e-22
1.00620833335e-21
1.09066476768e-21
2.09075817171e-21
1.44253676273e-18
2.66795050984e-18
199.999999964
200
200
200
0.000484416010489
1.85411469485e-17
1.8981996874e-17
0
0
0
0
0
0
0
0
0
0
0
0
0
0
0
0
0
0
0
0
0
0
0
0
0
0
0
0
0
0
0
0
0
0
0
0
0
0
0
0
0
0
0
0
0
0
200
200
200
200
200
200
200
200
200
200
200
200
200
200
200
200
200
200
200
200
200
200
200
200
200
200
200
1.13500583023e-21
1.11048047528e-21
1.08579951977e-21
1.05595372439e-21
1.0251419426e-21
9.85553943812e-22
9.61018844897e-22
9.19538925344e-22
8.8362094036e-22
8.68502822938e-22
8.60124409447e-22
8.66577506762e-22
9.05388824287e-22
1.08348534247e-21
3.71043050707e-19
3.78470285554e-18
2.38203164497e-18
3.45999754469e-18
199.999999995
200
200
1.4286598206e-17
2.85637701538e-17
1.93017531414e-17
0
0
0
0
0
0
0
0
0
0
0
0
0
0
0
0
0
0
0
0
0
0
0
0
0
0
0
0
0
0
0
0
0
0
0
0
0
0
0
0
0
0
0
0
199.999999981
200
200
200
200
200
200
200
200
200
200
200
200
200
200
200
200
200
200
200
200
200
200
200
200
200
200
200
1.04973742449e-21
1.02345330117e-21
1.00466459864e-21
9.73568250521e-22
9.38973444636e-22
9.07124362875e-22
8.67496028689e-22
8.29313593674e-22
7.89957660775e-22
7.70556573646e-22
7.47538064071e-22
7.38936177635e-22
7.63048548515e-22
8.38967374533e-22
6.57079389979e-20
1.9108354318e-18
2.27833849277e-18
3.48307338346e-18
5.07586700561e-18
6.7820461238e-18
1.02102253513e-17
1.39857436744e-17
2.23126109375e-17
5.0525352926e-17
2.64393589176e-16
0
0
0
0
0
0
0
0
0
0
0
0
0
0
0
0
0
0
0
0
0
0
0
0
0
0
0
0
0
0
0
0
0
0
0
0
0
0
0
0
0
0
0
200
200
200
200
200
200
200
200
200
200
200
200
200
200
200
200
200
200
200
200
200
200
200
200
200
200
200
200
9.88767937308e-22
9.61076653301e-22
9.40205715821e-22
9.11150421857e-22
8.74667082859e-22
8.36999390283e-22
7.93624376441e-22
7.5048833028e-22
7.08500698854e-22
6.76301499992e-22
6.46201305652e-22
6.32431826688e-22
6.31267199728e-22
6.62094484833e-22
8.81555891134e-22
3.59730007473e-19
2.09928287461e-18
2.75714064336e-18
5.74950007391e-18
8.69681695381e-18
1.3044562239e-17
1.77361428492e-17
2.72630370817e-17
6.81853492805e-17
1.94140387168e-16
1.37884326034e-17
0
0
0
0
0
0
0
0
0
0
0
0
0
0
0
0
0
0
0
0
0
0
0
0
0
0
0
0
0
0
0
0
0
0
0
0
0
0
0
0
0
0
200
200
200
200
200
200
200
200
200
200
200
200
200
200
200
200
200
200
200
200
200
200
200
200
200
200
200
200
9.52186143664e-22
9.17054923154e-22
8.94032574383e-22
8.63217476713e-22
8.18066410814e-22
7.77369473957e-22
7.29369476346e-22
6.80166071745e-22
6.36991392521e-22
5.98309822821e-22
5.66127351076e-22
5.4156551079e-22
5.22742328089e-22
5.2367303339e-22
5.69751649262e-22
3.09448791057e-20
6.0004065262e-19
1.37305707695e-18
3.09673979927e-18
5.87507691053e-18
1.14518092852e-17
1.99286750542e-17
3.60614061718e-17
4.64605647286e-17
4.79754971468e-17
1.19902945355e-16
0
0
0
0
0
0
0
0
0
0
0
0
0
0
0
0
0
0
0
0
0
0
0
0
0
0
0
0
0
0
0
0
0
0
0
0
0
0
0
0
0
0
200
200
200
200
200
200
200
200
200
200
200
200
200
200
200
200
200
200
200
200
200
200
200
200
200
200
200
200
9.4112643552e-22
8.95391181593e-22
8.6592296549e-22
8.27067266919e-22
7.80015375864e-22
7.28609525283e-22
6.75663463327e-22
6.25538396613e-22
5.77183503385e-22
5.35718631646e-22
5.02590854331e-22
4.73120047693e-22
4.54855482943e-22
4.38804414672e-22
4.38918207944e-22
4.96372077068e-22
8.12609783713e-20
3.99193230786e-19
8.97918317051e-19
2.0555553512e-18
3.93620277069e-18
8.11052966559e-18
1.52172564528e-17
2.49972192392e-17
3.12392990436e-17
4.91474398235e-17
3.17012165545e-16
5.698962288e-10
0
0
0
0
0
0
0
0
0
0
0
0
0
0
0
0
0
0
0
0
0
0
0
0
0
0
0
0
0
0
0
0
0
0
0
0
0
0
0
200
200
200
200
200
200
200
200
200
200
200
200
200
200
200
200
200
200
200
200
200
200
200
200
200
200
200
200
200
9.69226399476e-22
9.00424045931e-22
8.6028571708e-22
8.13628313268e-22
7.5349711978e-22
6.95406851869e-22
6.3728923218e-22
5.80782711911e-22
5.32346352636e-22
4.8832425324e-22
4.52797030323e-22
4.25559404213e-22
3.99687653095e-22
3.753303362e-22
3.65113439466e-22
3.65873598069e-22
7.059679839e-22
6.79444923186e-20
1.74074296482e-19
3.99226833969e-19
8.56272645449e-19
1.81655132955e-18
3.68613652412e-18
7.78220890195e-18
1.4623642112e-17
3.0614813179e-17
3.96427106817e-10
100.712283131
0
0
0
0
0
0
0
0
0
0
0
0
0
0
0
0
0
0
0
0
0
0
0
0
0
0
0
0
0
0
0
0
0
0
0
0
0
0
0
200
200
200
200
200
200
200
200
200
200
200
200
200
200
200
200
200
200
200
200
200
200
200
200
200
200
200
200
200
199.995897178
9.57855921627e-22
8.8813529319e-22
8.13367279805e-22
7.43408114275e-22
6.74007942044e-22
6.10750172369e-22
5.51829737607e-22
5.01417841014e-22
4.56276254292e-22
4.21250796618e-22
3.86654141068e-22
3.56870351443e-22
3.30042855463e-22
3.0274465176e-22
2.87980681603e-22
2.89436011897e-22
3.9926127668e-21
3.39242233242e-20
7.04659938904e-20
1.36439345994e-19
2.42555704692e-19
4.61738907954e-19
1.19183770803e-18
4.90318868742e-18
1.40072038996e-15
1.36836607623e-09
1.34474577523e-17
76.6196896266
0
0
0
0
0
0
0
0
0
0
0
0
0
0
0
0
0
0
0
0
0
0
0
0
0
0
0
0
0
0
0
0
0
0
0
0
0
0
200
200
200
200
200
200
200
200
200
200
200
200
200
200
200
200
200
200
200
200
200
200
200
200
200
200
200
200
200
2.30524200715e-07
1.11635321492e-21
9.76181337891e-22
8.52414555529e-22
7.53338108554e-22
6.67747264002e-22
5.93695497773e-22
5.30138930376e-22
4.7264188985e-22
4.32514193446e-22
3.92340084833e-22
3.56884171641e-22
3.21664850688e-22
2.87825122768e-22
2.56416233081e-22
2.30717790747e-22
2.1402860889e-22
2.19656207314e-22
3.60954089885e-21
1.13180168157e-20
2.07524680557e-20
3.4414861677e-20
5.00584033481e-20
6.93004124728e-20
1.24360687019e-19
6.0028178705e-19
4.21996138263e-18
5.13038859584e-19
199.999999986
0
0
0
0
0
0
0
0
0
0
0
0
0
0
0
0
0
0
0
0
0
0
0
0
0
0
0
0
0
0
0
0
0
0
0
0
0
199.999999925
200
200
200
200
200
200
200
200
200
200
200
200
200
200
200
200
200
200
200
200
200
200
200
200
200
200
200
200
200
5.37608110274e-16
1.58868416872e-21
1.19554631569e-21
9.43508139522e-22
7.85262313738e-22
6.72908384958e-22
5.87252740476e-22
5.14630016031e-22
4.59913596697e-22
4.12272751453e-22
3.71747119026e-22
3.34202534938e-22
2.95853337474e-22
2.57241225303e-22
2.22841728769e-22
1.94819014997e-22
1.70810495024e-22
1.5318775324e-22
1.9713699417e-22
1.26895442395e-21
2.35507368684e-21
4.08292202148e-21
5.89351172867e-21
5.48903851112e-21
3.92306376774e-21
1.16744474358e-21
1.01981620592e-21
4.44052703477e-22
6.91462153016e-21
200
0
0
0
0
0
0
0
0
0
0
0
0
0
0
0
0
0
0
0
0
0
0
0
0
0
0
0
0
0
0
0
0
0
0
0
0
200
200
200
200
200
200
200
200
200
200
200
200
200
200
200
200
200
200
200
200
200
200
200
200
200
200
200
200
200
200
3.97966508835e-15
4.8016002626e-13
114.234901961
1.11295996243e-21
8.37211221401e-22
6.8869378942e-22
5.85839968712e-22
5.07231450252e-22
4.50261614229e-22
4.0212361397e-22
3.57364322509e-22
3.18583279367e-22
2.79066782952e-22
2.3963462291e-22
2.04655188681e-22
1.72862131385e-22
1.36956063316e-22
8.86786456513e-23
9.61723020221e-23
1.7085212305e-22
3.13652391294e-22
4.40327263432e-22
4.21243175376e-22
2.40262067541e-22
3.12934892331e-22
4.37558651994e-22
7.43319817707e-22
1.2612208693e-21
8.41968456231e-21
1.17120723968e-19
0
0
0
0
0
0
0
0
0
0
0
0
0
0
0
0
0
0
0
0
0
0
0
0
0
0
0
0
0
0
0
0
0
0
0
9.02794454333e-25
200
200
200
200
200
200
200
200
200
200
200
200
200
200
200
200
200
200
200
200
200
200
200
200
200
200
200
200
200
200
1.44564176727e-14
4.68194291492e-16
5.2133007838e-10
200
2.97618806438e-05
7.07228908874e-22
5.84012257574e-22
5.0260927822e-22
4.43804566226e-22
3.94161407162e-22
3.51065418411e-22
3.10023332998e-22
2.67042221336e-22
2.27844612154e-22
1.89960314655e-22
1.49938251678e-22
1.06450338748e-22
5.68983096604e-23
1.0087861554e-23
1.80243760882e-23
2.10637501635e-23
2.39128824961e-23
5.34795019212e-23
7.76618264222e-23
1.28078155172e-22
2.66721499452e-22
6.68641447959e-22
2.56415183575e-21
1.42658984017e-20
1.28389621736e-20
4.27639478368e-25
0
0
0
0
0
0
0
0
0
0
0
0
0
0
0
0
0
0
0
0
0
0
0
0
0
0
0
0
0
0
0
0
0
0
200
200
200
200
200
200
200
200
200
200
200
200
200
200
200
200
200
200
200
200
200
200
200
200
200
200
200
200
200
200
200
1.14917529727e-14
1.22070247165e-14
1.25856419877e-14
2.44290477441e-14
5.10981805284e-09
200
200
5.21780455804e-22
4.4995748082e-22
3.9705061861e-22
3.50957970874e-22
3.08671153257e-22
2.59715056423e-22
2.22301939344e-22
1.8338177635e-22
1.51167730842e-22
1.11790288103e-22
5.35872764947e-23
1.0087861554e-23
1.62865835522e-23
2.05885951875e-23
2.34377275201e-23
2.95855140978e-23
6.93090326985e-23
9.77619122501e-23
2.07796281734e-22
6.01777303163e-22
1.26156725728e-21
2.37660998327e-21
9.74155242726e-23
6.92986331003e-20
0
0
0
0
0
0
0
0
0
0
0
0
0
0
0
0
0
0
0
0
0
0
0
0
0
0
0
0
0
0
0
0
0
0
200
200
200
200
200
200
200
200
200
200
200
200
200
200
200
200
200
200
200
200
200
200
200
200
200
200
200
200
200
200
176.139764111
)
;

boundaryField
{
    frontAndBack
    {
        type            empty;
    }
    leftWall
    {
        type            calculated;
        value           uniform 0;
    }
    outlet
    {
        type            calculated;
        value           uniform 0;
    }
    rightWall
    {
        type            calculated;
        value           uniform 0;
    }
    inlet
    {
        type            calculated;
        value           uniform 6.39183240066e-19;
    }
}


// ************************************************************************* //
