/*--------------------------------*- C++ -*----------------------------------*\
| =========                 |                                                 |
| \\      /  F ield         | OpenFOAM: The Open Source CFD Toolbox           |
|  \\    /   O peration     | Version:  v1906                                 |
|   \\  /    A nd           | Web:      www.OpenFOAM.com                      |
|    \\/     M anipulation  |                                                 |
\*---------------------------------------------------------------------------*/
FoamFile
{
    version     2.0;
    format      ascii;
    class       volScalarField;
    location    "501";
    object      alpha;
}
// * * * * * * * * * * * * * * * * * * * * * * * * * * * * * * * * * * * * * //

dimensions      [0 0 -1 0 0 0 0];


internalField   nonuniform List<scalar> 
9216
(
199.99999993
200
200
200
200
200
200
200
200
200
200
200
200
200
200
200
200
200
200
200
200
200
200
200
200
200
200
200
200
200
200
200
200
200
200
200
200
200
200
200
200
200
200
200
200
200
200
200
200
200
200
200
200
200
200
200
200
200
200
200
200
200
200
200
200
200
200
200
200
200
200
200
200
200
200
200
200
200
200
200
200
200
200
200
195.423752106
177.175268979
158.579008658
135.028750086
108.361239202
85.1235586821
64.3262805972
47.7740786231
34.3994352435
22.2125962244
12.7764137646
1.52698368557
200
200
200
200
200
200
200
200
200
200
200
200
200
200
200
200
200
200
200
200
200
200
200
200
200
200
200
200
200
200
200
200
200
200
200
200
200
200
200
200
200
200
200
200
200
200
200
200
200
200
200
200
200
200
200
200
200
200
200
200
200
200
200
200
200
200
200
200
200
200
200
200
200
200
200
200
200
200
200
200
200
200
200
200
199.999999996
190.379801275
171.930335673
147.380278768
124.356476748
97.8742663412
74.741948523
59.3574164192
46.8184646907
30.475487577
20.1065270132
15.1807695398
200
200
200
200
200
200
200
200
200
200
200
200
200
200
200
200
200
200
200
200
200
200
200
200
200
200
200
200
200
200
200
200
200
200
200
200
200
200
200
200
200
200
200
200
200
200
200
200
200
200
200
200
200
200
200
200
200
200
200
200
200
200
200
200
200
200
200
200
200
200
200
200
200
200
200
200
200
200
200
200
200
200
200
200
199.999999935
187.194670173
162.654519301
147.638240119
129.635425185
99.8853283721
72.1002687543
63.3255893991
46.3237956064
35.645072755
31.2375927499
21.1778915106
200
200
200
200
200
200
200
200
200
200
200
200
200
200
200
200
200
200
200
200
200
200
200
200
200
200
200
200
200
200
200
200
200
200
200
200
200
200
200
200
200
200
200
200
200
200
200
200
200
200
200
200
200
200
200
200
200
200
200
200
200
200
200
200
200
200
200
200
200
200
200
200
200
200
200
200
200
200
200
200
200
200
200
200
199.999520523
180.414669035
160.443234496
145.938193354
122.454631175
104.589858083
84.6275745729
61.0719385354
55.0159970963
45.8304122102
39.7233249381
27.4445896149
200
200
200
200
200
200
200
200
200
200
200
200
200
200
200
200
200
200
200
200
200
200
200
200
200
200
200
200
200
200
200
200
200
200
200
200
200
200
200
200
200
200
200
200
200
200
200
200
200
200
200
200
200
200
200
200
200
200
200
200
200
200
200
200
200
200
200
200
200
200
200
200
200
200
200
200
200
200
200
200
200
200
200
200
194.30107818
171.713189858
152.153839225
139.21053611
129.778917262
106.451444523
91.4085013655
70.8146350494
56.7104620212
55.5928437902
51.9645849935
39.6617928185
200
200
200
200
200
200
200
200
200
200
200
200
200
200
200
200
200
200
200
200
200
200
200
200
200
200
200
200
200
200
200
200
200
200
200
200
200
200
200
200
200
200
200
200
200
200
200
200
200
200
200
200
200
200
200
200
200
200
200
200
200
200
200
200
200
200
200
200
200
200
200
200
200
200
200
200
200
200
200
200
200
200
200
199.999999994
190.770178596
169.847523808
157.385085841
139.079489698
119.226693715
100.585826472
97.9872745221
85.5920314741
67.5743403922
64.3580252344
63.4892800461
50.7040060355
200
200
200
200
200
200
200
200
200
200
200
200
200
200
200
200
200
200
200
200
200
200
200
200
200
200
200
200
200
200
200
200
200
200
200
200
200
200
200
200
200
200
200
200
200
200
200
200
200
200
200
200
200
200
200
200
200
200
200
200
200
200
200
200
200
200
200
200
200
200
200
200
200
200
200
200
200
200
200
200
200
200
200
199.999951132
186.26987681
168.230302473
152.98258347
138.572104506
119.019709174
110.093393712
96.1270243989
94.8090923757
85.4519205923
74.7181200565
74.5272427569
61.2837049181
200
200
200
200
200
200
200
200
200
200
200
200
200
200
200
200
200
200
200
200
200
200
200
200
200
200
200
200
200
200
200
200
200
200
200
200
200
200
200
200
200
200
200
200
200
200
200
200
200
200
200
200
200
200
200
200
200
200
200
200
200
200
200
200
200
200
200
200
200
200
200
200
200
200
200
200
200
200
200
200
200
200
200
199.998959164
182.525274213
167.036022403
148.752343747
134.39984381
122.314812303
115.559349781
106.803445535
97.1406163479
97.5797417904
84.270531095
84.942941832
71.7583189277
200
200
200
200
200
200
200
200
200
200
200
200
200
200
200
200
200
200
200
200
200
200
200
200
200
200
200
200
200
200
200
200
200
200
200
200
200
200
200
200
200
200
200
200
200
200
200
200
200
200
200
200
200
200
200
200
200
200
200
200
200
200
200
200
200
200
200
200
200
200
200
200
200
200
200
200
200
200
200
200
200
200
200
197.98141562
182.259901493
167.650380871
152.248399644
135.930394391
124.583157269
112.258647641
114.115185962
108.163601384
101.869512591
97.2951298218
93.6364118384
81.160966959
200
200
200
200
200
200
200
200
200
200
200
200
200
200
200
200
200
200
200
200
200
200
200
200
200
200
200
200
200
200
200
200
200
200
200
200
200
200
200
200
200
200
200
200
200
200
200
200
200
200
200
200
200
200
200
200
200
200
200
200
200
200
200
200
200
200
200
200
200
200
200
200
200
200
200
200
200
200
200
200
200
200
199.999999996
194.72633913
181.35723653
167.224698286
151.758638985
138.778783839
128.414416891
120.823184871
114.25140596
115.258009055
110.643002926
108.457900255
101.942760618
91.0194344756
200
200
200
200
200
200
200
200
200
200
200
200
200
200
200
200
200
200
200
200
200
200
200
200
200
200
200
200
200
200
200
200
200
200
200
200
200
200
200
200
200
200
200
200
200
200
200
200
200
200
200
200
200
200
200
200
200
200
200
200
200
200
200
200
200
200
200
200
200
200
200
200
200
200
200
200
200
200
200
200
200
200
199.999999976
194.100665674
180.4574447
163.940187012
151.18361223
141.474339875
135.710330001
128.751572196
123.489430902
116.287681287
118.12105256
120.385403254
110.337560008
98.7489131515
200
200
200
200
200
200
200
200
200
200
200
200
200
200
200
200
200
200
200
200
200
200
200
200
200
200
200
200
200
200
200
200
200
200
200
200
200
200
200
200
200
200
200
200
200
200
200
200
200
200
200
200
200
200
200
200
200
200
200
200
200
200
200
200
200
200
200
200
200
200
200
200
200
200
200
200
200
200
200
200
200
200
199.999999843
193.400772856
178.909751834
164.760069659
154.886256006
146.759686926
139.05254314
133.925570621
129.117520882
125.492428712
120.758181092
126.122547957
117.937323708
104.829934915
200
200
200
200
200
200
200
200
200
200
200
200
200
200
200
200
200
200
200
200
200
200
200
200
200
200
200
200
200
200
200
200
200
200
200
200
200
200
200
200
200
200
200
200
200
200
200
200
200
200
200
200
200
200
200
200
200
200
200
200
200
200
200
200
200
187.429398646
164.901983773
153.795404826
159.26478408
173.64182181
188.150458232
197.51288527
200
200
200
200
200
200
200
200
200
200
199.999996392
193.158465348
178.709070599
168.718670538
159.351399662
150.583638212
142.955964254
137.940249402
133.149809253
129.64833496
127.510144845
129.823699473
124.378276812
110.288472215
200
200
200
200
200
200
200
200
200
200
200
200
200
200
200
200
200
200
200
200
200
200
200
200
200
200
200
200
200
200
200
200
200
200
200
200
200
200
200
200
200
200
200
200
200
200
200
200
200
200
200
200
200
200
200
200
200
200
200
200
18.2818224102
1.59190184689
0.319414701456
0.0941736700946
0.0343391449566
0.0188841410543
0.0170721282277
0.0230014621114
0.0403395319908
0.0853685551062
0.209516297003
0.590917568553
1.92054612346
7.35131054675
33.852939754
152.234533453
196.132253175
200
200
200
200
200
199.999999765
193.172364827
183.06260006
170.606966056
162.303733859
153.357126076
146.424968145
143.337777145
137.466684247
134.397890559
131.673480741
129.743718205
132.247693896
114.995270946
200
200
200
200
200
200
200
200
200
200
200
200
200
200
200
200
200
200
200
200
200
200
200
200
200
200
200
200
200
200
200
200
200
200
200
200
200
200
200
200
200
200
200
200
200
200
200
200
200
200
200
200
200
200
200
200
200
34.8835839329
0.00694979497582
0.000560119051964
0.000100373345437
2.63241779001e-05
9.42150838338e-06
4.48040342778e-06
3.22663779944e-06
3.48045537331e-06
4.97293360372e-06
8.54791402806e-06
1.70381755519e-05
3.92729529772e-05
0.000102905201206
0.000308691746933
0.00106781969344
0.00432917506543
0.0208196383772
0.121712697264
0.836829835738
7.02129936692
73.5533082225
189.871322275
199.999503963
199.958472065
199.999999995
195.682876384
182.997666866
174.021297425
162.212198292
155.864992202
151.737395995
147.733051722
141.834053542
138.362400677
134.944433161
133.100781262
137.501437208
119.029160841
200
200
200
200
200
200
200
200
200
200
200
200
200
200
200
200
200
200
200
200
200
200
200
200
200
200
200
200
200
200
200
200
200
200
200
200
200
200
200
200
200
200
200
200
200
200
200
200
200
200
200
200
200
200
200
25.9825318334
7.4446656134e-05
6.5143933737e-07
8.54158476962e-08
2.04867032619e-08
7.00365381917e-09
3.07546573251e-09
1.76724747633e-09
1.48353967017e-09
1.73909693264e-09
2.55973998833e-09
4.41964255862e-09
8.72002762224e-09
1.92427950491e-08
4.83572134008e-08
1.37106280057e-07
4.40959058079e-07
1.61173897383e-06
6.66459305092e-06
3.19173016748e-05
0.000179584605144
0.00118863615899
0.00936452190113
0.0901211285399
1.05629177747
15.4908933394
162.508615183
199.161412445
194.517347475
183.650764691
173.52653584
164.77459585
161.826903476
156.786052282
149.927361912
144.218972853
141.087013057
138.773846645
135.72575829
138.627506869
122.04502778
200
200
200
200
200
200
200
200
200
200
200
200
200
200
200
200
200
200
200
200
200
200
200
200
200
200
200
200
200
200
200
200
200
200
200
200
200
200
200
200
200
200
200
200
200
200
200
200
200
200
200
200
200
200
1.36318982875e-05
5.86453661192e-09
2.97588256924e-10
5.41732581504e-11
1.51785296649e-11
5.85544321511e-12
2.89967200501e-12
1.82039122775e-12
1.59655399374e-12
1.88318207335e-12
2.75050505203e-12
4.65390849222e-12
8.86747416151e-12
1.90992279837e-11
4.63000396786e-11
1.23838967007e-10
3.75324863285e-10
1.29047451977e-09
4.96714612574e-09
2.12740625244e-08
1.03398338469e-07
5.75254975385e-07
3.58389126657e-06
2.56681562473e-05
0.000221415197808
0.00228953346718
0.0289018672501
0.44933817839
8.8940304973
141.468419043
181.221328602
171.53205918
167.420366853
164.011581364
153.962214391
149.257786974
146.673611519
142.727140174
140.886521768
137.874946778
139.039999547
123.934148894
200
200
200
200
200
200
200
200
200
200
200
200
200
200
200
200
200
200
200
200
200
200
200
200
200
200
200
200
200
200
200
200
200
200
200
200
200
200
200
200
200
200
200
200
200
200
200
200
200
200
200
200
200
8.52773227002e-10
5.85261873676e-12
5.93919309453e-13
1.23394189308e-13
3.5851725586e-14
1.37582117158e-14
6.42344100649e-15
3.91838178407e-15
3.22296863887e-15
3.60401289693e-15
5.1336758717e-15
9.21413493262e-15
1.78523927615e-14
3.83653663867e-14
8.99827330545e-14
2.36238797952e-13
6.92096157346e-13
2.23878452224e-12
7.85827428894e-12
3.06654992727e-11
1.30310577435e-10
6.32733636632e-10
3.39807471399e-09
2.01513485363e-08
1.35955492712e-07
1.06415649221e-06
9.40898119686e-06
9.90879190087e-05
0.00129437785595
0.0189788447577
0.33403137894
7.26248512791
135.867496542
168.754271734
160.920848211
155.267424829
151.830014488
148.648221522
145.817004662
141.106278861
139.88176976
138.272385662
125.237859393
200
200
200
200
200
200
200
200
200
200
200
200
200
200
200
200
200
200
200
200
200
200
200
200
200
200
200
200
200
200
200
200
200
200
200
200
200
200
200
200
200
200
200
200
200
200
200
200
200
200
200
200
1.10465609051e-12
2.57948830581e-14
6.14564324908e-16
0
0
0
0
0
0
0
0
0
1.30936704837e-17
4.30929884088e-17
2.18523365802e-16
6.51518021721e-16
2.20638923972e-15
7.46756270107e-15
2.61675708452e-14
9.53651568263e-14
3.75112254614e-13
1.59170195858e-12
7.22233017577e-12
3.60942235643e-11
1.99345671456e-10
1.26144421247e-09
8.7560004064e-09
6.8465031319e-08
6.29756245288e-07
6.17034792605e-06
7.12500981573e-05
0.00104355271079
0.0192662805523
0.48446405972
21.2817902695
154.437609708
158.555950488
154.949168703
151.172737062
146.965642211
142.887216748
140.949080449
137.854823195
126.59356001
200
200
200
200
200
200
200
200
200
200
200
200
200
200
200
200
200
200
200
200
200
200
200
200
200
200
200
200
200
200
200
200
200
200
200
200
200
200
200
200
200
200
200
200
200
200
200
200
200
200
200
1.29611473371e-14
0
0
0
0
0
0
0
0
0
0
0
0
0
0
0
9.89022029578e-18
2.71706525464e-17
1.2069344696e-16
5.08649319151e-16
2.06860137488e-15
8.53790838491e-15
3.54111387935e-14
1.50549858046e-13
7.14647895605e-13
3.54215786821e-12
1.94251865663e-11
1.19279602064e-10
8.50645611921e-10
6.15467858579e-09
5.04587873341e-08
4.8941320891e-07
5.73928394874e-06
8.61294622221e-05
0.00200807106131
0.0595223763123
2.49158900836
125.241964006
157.020798211
153.002039507
149.141180876
146.048401553
141.415538026
139.285876587
127.827964706
200
200
200
200
200
200
200
200
200
200
200
200
200
200
200
200
200
200
200
200
200
200
200
200
200
200
200
200
200
200
200
200
200
200
200
200
200
200
200
200
200
200
200
200
200
200
200
200
200
200
1.39036406388e-19
0
0
0
0
0
0
0
0
0
0
0
0
0
0
0
0
0
0
9.53234198894e-19
1.5369391146e-17
4.35100009524e-17
1.94834814597e-16
1.0732014351e-15
4.29301201486e-15
2.1809823314e-14
9.90127993614e-14
5.18549562892e-13
2.64490773788e-12
1.56558242881e-11
9.70213880999e-11
7.12155604806e-10
5.72859107678e-09
5.49939642009e-08
6.74251731893e-07
1.17887166522e-05
0.000262916966805
0.00876121589858
0.50200905249
52.0447591611
152.957127361
149.967912428
148.0688166
142.643587637
140.50522864
128.422766402
200
200
200
200
200
200
200
200
200
200
200
200
200
200
200
200
200
200
200
200
200
200
200
200
200
200
200
200
200
200
200
200
200
200
200
200
200
200
200
200
200
200
200
200
200
200
200
200
200
0
0
0
0
0
0
0
0
0
0
0
0
0
0
0
0
0
0
0
0
0
0
0
9.55168223833e-18
2.81197040979e-17
1.50505704189e-16
7.49770768133e-16
3.09932156201e-15
1.65374590826e-14
7.91089247882e-14
4.2348931048e-13
2.26033154866e-12
1.50575580955e-11
1.05729827489e-10
8.7726567812e-10
8.61813530434e-09
1.18172769819e-07
1.95857622555e-06
5.1274945897e-05
0.00186057364066
0.128323828462
18.1665322518
147.402223294
147.683770472
143.686552214
139.928919625
127.480648168
200
200
200
200
200
200
200
200
200
200
200
200
200
200
200
200
200
200
200
200
200
200
200
200
200
200
200
200
200
200
200
200
200
200
200
200
200
200
200
200
200
200
200
200
200
200
200
200
0
0
0
0
0
0
0
0
0
0
0
0
0
0
0
0
0
0
0
0
0
0
0
0
0
0
7.36706954587e-18
2.78994156101e-17
1.33415005707e-16
6.8094110147e-16
3.14848507196e-15
1.74195076974e-14
8.63575846082e-14
4.95955291658e-13
3.18425324372e-12
2.15504243891e-11
1.77985972236e-10
1.97359638198e-09
2.39586795682e-08
4.18911759515e-07
1.12149343369e-05
0.000537568165057
0.0477005408236
9.68392202072
143.836851246
143.270656104
137.975915586
124.892658917
200
200
200
200
200
200
200
200
200
200
200
200
200
200
200
200
200
200
200
200
200
200
200
200
200
200
200
200
200
200
200
200
200
200
200
200
200
200
200
200
200
200
200
200
200
200
200
0
0
0
0
0
0
0
0
0
0
0
0
0
0
0
0
0
0
0
0
0
0
0
0
0
0
0
0
0
7.02235803585e-18
3.12816255016e-17
1.65093436877e-16
8.8035853674e-16
4.29111378316e-15
2.57813052747e-14
1.40227019244e-13
8.85207687529e-13
5.98045509048e-12
4.706272296e-11
5.22517566697e-10
6.46240316077e-09
1.29357502912e-07
3.98949901854e-06
0.000220397199878
0.026976768268
10.8220745524
139.9783684
135.877332275
121.381188131
200
200
200
200
200
200
200
200
200
200
200
200
200
200
200
200
200
200
200
200
200
200
200
200
200
200
200
200
200
200
200
200
200
200
200
200
200
200
200
200
200
200
200
200
200
200
0
0
0
0
0
0
0
0
0
0
0
0
0
0
0
0
0
0
0
0
0
0
0
0
0
0
0
0
0
0
0
0
9.18558421461e-18
4.31650640608e-17
2.39618064841e-16
1.35922477959e-15
7.95200006413e-15
4.50912922821e-14
3.03630636165e-13
2.02847531834e-12
1.73814031104e-11
1.69711203138e-10
2.53149957058e-09
5.32319613213e-08
1.86561552972e-06
0.000130359825169
0.0278347226457
29.3963183513
133.149023679
117.177340033
200
200
200
200
200
200
200
200
200
200
200
200
200
200
200
200
200
200
200
200
200
200
200
200
200
200
200
200
200
200
200
200
200
200
200
200
200
200
200
200
200
200
200
200
200
0
0
0
0
0
0
0
0
0
0
0
0
0
0
0
0
0
0
0
0
0
0
0
0
0
0
0
0
0
0
0
0
0
0
0
1.47847389236e-17
7.61530202709e-17
5.93759790312e-16
3.0877356043e-15
1.95433689415e-14
1.33441614056e-13
8.34329213474e-13
6.98918103599e-12
7.92341643986e-11
1.23338792349e-09
2.74938341802e-08
1.13557743963e-06
0.000125638190659
0.0592556998627
100.332901842
112.274496883
200
200
200
200
200
200
200
200
200
200
200
200
200
200
200
200
200
200
200
200
200
200
200
200
200
200
200
200
200
200
200
200
200
200
200
200
200
200
200
200
200
200
200
200
200
0
0
0
0
0
0
0
0
0
0
0
0
0
0
0
0
0
0
0
0
0
0
0
0
0
0
0
0
0
0
0
0
0
0
0
0
4.48867043184e-18
3.30705427659e-17
2.42469506584e-16
1.47418400588e-15
9.93772931133e-15
6.57803787284e-14
4.56767986167e-13
3.82260788999e-12
4.17001065374e-11
6.84327665126e-10
1.69856949225e-08
1.05233937922e-06
0.000227745855357
0.423794872369
104.398541884
200
200
200
200
200
200
200
200
200
200
200
200
200
200
200
200
200
200
200
200
200
200
200
200
200
200
200
200
200
200
200
200
200
200
200
200
200
200
200
200
200
200
200
200
199.999999974
0
0
0
0
0
0
0
0
0
0
0
0
0
0
0
0
0
0
0
0
0
0
0
0
0
0
0
0
0
0
0
0
0
0
0
0
0
0
1.5672431616e-17
1.31729161532e-16
7.91995770201e-16
5.92460658171e-15
3.71518353096e-14
2.42630150396e-13
2.01570722524e-12
2.5688434934e-11
4.47761804415e-10
1.59915230917e-08
1.63639152989e-06
0.00124692738801
39.9770129682
200
200
200
200
200
200
200
200
200
200
200
200
200
200
200
200
200
200
200
200
200
200
200
200
200
200
200
200
200
200
200
200
200
200
200
200
200
200
200
200
200
200
200
200
0
0
0
0
0
0
0
0
0
0
0
0
0
0
0
0
0
0
0
0
0
0
0
0
0
0
0
0
0
0
0
0
0
0
0
0
0
0
0
0
7.04132377571e-18
8.22077999938e-17
5.71705144457e-16
4.0330403533e-15
2.47878420646e-14
1.98767880273e-13
1.54835339287e-12
2.09181971925e-11
4.87384332821e-10
2.3142127097e-08
6.64988469081e-06
0.0412644143994
200
200
200
200
200
200
200
200
200
200
200
200
200
200
200
200
200
200
200
200
200
200
200
200
200
200
200
200
200
200
200
200
200
200
200
200
200
200
200
200
200
200
200
200
0
0
0
0
0
0
0
0
0
0
0
6.64071241474e-18
3.32245496831e-17
5.12333368201e-17
8.79070287416e-17
0
0
0
0
0
0
0
0
0
0
0
0
0
0
0
0
0
0
0
0
0
0
0
0
0
0
2.98303995828e-18
5.66220365812e-17
5.06743799807e-16
3.36534290529e-15
2.23440279684e-14
1.738002405e-13
1.67552031442e-12
2.44639928624e-11
6.67811688853e-10
7.60594644782e-08
0.000107748871347
200
200
200
8.43679059271e-21
0
0
0
0
0
0
0
0
0
0
0
0
0
0
0
0
0
0
0
1.05443377909e-15
1.52984305811e-13
200
200
200
200
200
200
200
200
200
200
200
200
200
200
200
200
200
200
200
0
0
0
0
0
0
0
0
0
2.30400025968e-17
3.82050666503e-16
2.35573703906e-15
1.68522013653e-14
1.10960512533e-13
2.1083222391e-13
2.95531645023e-13
7.94777521758e-15
5.39692317733e-16
0
0
0
0
0
0
0
0
0
0
0
0
0
0
0
0
0
0
0
0
0
0
0
0
5.26471994279e-19
4.75819267707e-17
3.80744396668e-16
2.68862496895e-15
2.16139552669e-14
1.74256111066e-13
1.69713647368e-12
3.45207483284e-11
1.82487142486e-09
7.21884582674e-07
1.05036622943e-21
5.52824331281e-22
0
0
0
0
0
0
0
0
0
0
0
0
0
0
0
0
0
0
0
0
0
0
0
0
0
0
0
0
6.05500939727e-15
8.29118045851e-13
200
200
200
200
200
200
200
200
200
200
200
0
0
0
0
0
0
0
0
5.75579393789e-18
4.97077530415e-16
2.51543607938e-14
2.20768523163e-12
200
200
200
200
200
200
200
200
199.999997573
199.832973176
0
0
0
0
0
0
0
0
0
0
0
0
0
0
0
0
0
0
0
0
0
0
2.06886044283e-20
5.52900226256e-17
4.37451325853e-16
3.89009372324e-15
2.94413481027e-14
2.47503743888e-13
3.20712748916e-12
8.64756296139e-11
1.18677493674e-08
0
0
0
0
0
0
0
0
0
0
0
0
0
0
0
0
0
0
0
0
0
0
0
0
0
0
0
0
0
0
0
0
0
0
0
8.30952444859e-15
4.06784894711e-13
200
200
200
200
200
200
0
0
0
0
0
0
0
6.22081776104e-17
1.44998361214e-14
1.10655734214e-11
200
200
200
200
200
200
200
200
200
200
200
200
199.99999805
0
0
0
0
0
0
0
0
0
0
0
0
0
0
0
0
0
0
0
0
0
0
1.99326087707e-18
7.94371070111e-17
7.00204643891e-16
4.98052514565e-15
4.68279941421e-14
4.64638319668e-13
7.40476062647e-12
4.50947419111e-10
0
0
0
0
0
0
0
0
0
0
0
0
0
0
0
0
0
0
0
0
0
0
0
0
0
0
0
0
0
0
0
0
0
0
0
0
0
0
6.83573716835e-17
6.05623145752e-15
7.59860676863e-14
1.76524593126e-13
3.97856635029e-15
0
0
0
0
0
0
6.31921538039e-16
4.03955592772e-13
200
200
200
200
200
200
200
200
200
200
200
200
200
200
200
199.999999989
0
0
0
0
0
0
0
0
0
0
0
0
0
0
0
0
0
0
0
0
0
0
6.25211779229e-18
1.54626046987e-16
1.07299231183e-15
8.73877546249e-15
7.78118901396e-14
1.06861753687e-12
3.12680002032e-11
0
0
0
0
0
0
0
0
0
0
0
0
0
0
0
0
0
0
0
0
0
0
0
0
0
0
0
0
0
0
0
0
0
0
0
0
0
0
0
0
0
0
4.58195774142e-16
0
0
8.13966141161e-20
1.39757634867e-19
8.72783357091e-18
5.04566301392e-15
2.49699490426e-11
200
200
200
200
200
200
200
200
200
200
200
200
200
200
200
200
200
200
0
0
0
0
0
0
0
0
0
0
0
0
0
0
0
0
0
0
0
0
0
0
1.84442339622e-17
2.86338466479e-16
2.40099105651e-15
2.11028817831e-14
2.27618871004e-13
3.68336389416e-12
0
0
0
0
0
0
0
0
0
0
0
0
0
0
0
0
0
0
0
0
0
0
0
0
0
0
0
0
0
0
0
0
0
0
0
0
0
0
0
0
0
0
0
0
1.03481711513e-19
6.76336068097e-19
5.28089696756e-17
1.02650184926e-14
3.79818072632e-09
200
200
200
200
200
200
200
200
200
200
200
200
200
200
200
200
200
200
200
200
0
0
0
0
0
0
0
0
0
0
0
0
0
0
0
0
0
0
0
0
0
0
6.16093032573e-17
5.70880990584e-16
6.55804618241e-15
6.45959815065e-14
7.14406501532e-13
0
0
0
0
0
0
0
0
0
0
0
0
0
0
0
0
0
0
0
0
0
0
0
0
0
0
0
0
0
0
0
0
0
0
0
0
0
0
0
0
0
0
0
0
0
3.53887165697e-17
3.97598045307e-15
200
200
200
200
200
200
200
200
200
200
200
200
200
200
200
200
200
200
200
200
200
200
200
0
0
0
0
0
0
0
0
0
0
0
0
0
0
0
0
0
0
0
0
0
8.88684433313e-18
2.05342091706e-16
1.70931197155e-15
1.92071857129e-14
1.93497915521e-13
0
0
0
0
0
0
0
0
0
0
0
0
0
0
0
0
0
0
0
0
0
0
0
0
0
0
0
0
0
0
0
0
0
0
0
0
0
0
0
0
0
0
0
0
0
0
3.68540673325e-13
200
200
200
200
200
200
200
200
200
200
200
200
200
200
200
200
200
200
200
200
200
200
200
200
0
0
0
0
0
0
0
0
0
0
0
0
0
0
0
0
0
0
0
0
0
5.58467491628e-17
6.59848940592e-16
7.28755465602e-15
6.51712510353e-14
0
0
0
0
0
0
0
0
0
0
0
0
0
0
0
0
0
0
0
0
0
0
0
0
0
0
0
0
0
0
0
0
0
0
0
0
0
0
0
0
0
0
0
0
0
0
0
0
7.70059730991e-21
200
200
200
200
200
200
200
200
200
200
200
200
200
200
200
200
200
200
200
200
200
200
199.999999999
0
0
0
0
0
0
0
0
0
0
0
0
0
0
0
0
0
0
0
0
1.53794184523e-17
2.84570389897e-16
3.17307933118e-15
2.66362604013e-14
0
0
0
0
0
0
0
0
0
0
0
0
0
0
0
0
0
0
0
0
0
0
0
0
0
0
0
0
0
0
0
0
0
0
0
0
0
0
0
0
0
0
0
0
0
0
0
0
0
6.93053757892e-21
9.2797300754e-20
5.33407302875e-14
200
200
200
200
200
200
200
200
200
200
200
200
200
200
200
200
200
200
200
200
199.995218948
0
0
0
0
0
0
0
0
0
0
0
0
0
0
0
0
0
0
0
3.83574522695e-18
1.39299051993e-16
1.56187852741e-15
1.28371251769e-14
0
0
0
0
0
0
0
0
0
0
0
0
0
0
0
0
0
0
0
0
0
0
0
0
0
0
0
0
0
0
0
0
0
0
0
0
0
0
0
0
0
0
0
0
0
0
0
0
0
0
6.23748382102e-21
3.5038573382e-20
4.30889579022e-19
1.9650975565e-13
200
200
200
200
200
200
200
200
200
200
200
200
200
200
200
200
200
200
200
0
0
0
0
0
0
0
0
0
0
0
0
0
0
0
0
0
0
0
0
6.35269772519e-17
7.83429586509e-16
7.08653422679e-15
0
0
0
0
0
0
0
0
0
0
0
0
0
0
0
0
0
0
0
0
0
0
0
0
0
0
0
0
0
0
0
0
0
0
0
0
0
0
0
0
0
0
0
0
0
0
0
0
0
0
0
1.18512192599e-20
2.64823541488e-20
3.70098813699e-19
1.0622207414e-18
4.03449860119e-12
200
200
200
200
200
200
200
200
200
200
200
200
200
200
200
200
200
199.996470971
0
0
0
0
0
0
0
0
0
0
0
0
0
0
0
0
0
0
0
3.11879742361e-17
4.28218811906e-16
4.37258966199e-15
0
0
0
0
0
0
0
0
0
0
0
0
0
0
0
0
0
0
0
0
0
0
0
0
0
0
0
0
0
0
0
0
0
0
0
0
0
0
0
0
0
0
0
0
0
0
0
0
0
0
0
0
1.0666097334e-20
2.38341187339e-20
3.28541806624e-19
7.23834850532e-19
8.08389068464e-14
200
200
200
200
200
200
200
200
200
200
200
200
200
200
200
200
200
0
0
0
0
0
0
0
0
0
0
0
0
0
0
0
0
0
0
0
1.9069463445e-17
3.22292416647e-16
2.9557567738e-15
0
0
0
0
0
0
0
0
0
0
0
0
0
0
0
0
0
0
0
0
0
0
0
0
0
0
0
0
0
0
0
0
0
0
0
0
0
0
0
0
0
0
0
0
0
0
0
0
0
0
0
0
0
1.52132230395e-20
5.20407752653e-20
2.52193237027e-19
3.91263631727e-19
7.86116486109e-15
200
200
200
200
200
200
200
200
200
200
200
200
200
200
200
200
199.991041726
0
0
0
0
0
0
0
0
0
0
0
0
0
0
0
0
0
0
1.13021945165e-17
2.58924764555e-16
2.20583281491e-15
0
0
0
0
0
0
0
0
0
0
0
0
0
0
0
0
0
0
0
0
0
0
0
0
0
0
0
0
0
0
0
0
0
0
0
0
0
0
0
0
0
0
0
0
0
0
0
0
0
0
0
0
0
4.54712570553e-21
9.59948760056e-21
7.96231581696e-20
2.12078305037e-19
3.50366531958e-19
3.40572558591e-19
200
200
200
200
200
200
200
200
200
200
200
200
200
200
200
200
0
0
0
0
0
0
0
0
0
0
0
0
0
0
0
0
0
0
9.34843498186e-18
2.08834174198e-16
1.81297772103e-15
0
0
0
0
0
0
0
0
0
0
0
0
0
0
0
0
0
0
0
0
0
0
0
0
0
0
0
0
0
0
0
0
0
0
0
0
0
0
0
0
0
0
0
0
0
0
0
0
0
0
0
0
0
4.54712570553e-21
8.6395388405e-21
8.6395388405e-21
8.40777065337e-20
2.04289089163e-19
3.08036292817e-19
2.93636813624e-19
200
200
200
200
200
200
200
200
200
200
200
200
200
200
200
0
0
0
0
0
0
0
0
0
0
0
0
0
0
0
0
0
0
8.61909534388e-18
2.04517230646e-16
1.6810576463e-15
0
0
0
0
0
0
0
0
0
0
0
0
0
0
0
0
0
0
0
0
0
0
0
0
0
0
0
0
0
0
0
0
0
0
0
0
0
0
0
0
0
0
0
0
0
0
0
0
0
0
0
0
0
0
8.6395388405e-21
8.6395388405e-21
8.6395388405e-21
1.01966635425e-19
2.34584147321e-19
2.53077919444e-19
1.29482358004e-15
200
200
200
200
200
200
200
200
200
200
200
200
200
200
0
0
0
0
0
0
0
0
0
0
0
0
0
0
0
0
0
0
8.82275162501e-18
2.02424937998e-16
1.72109002461e-15
0
0
0
0
0
0
0
0
0
0
0
0
0
0
0
0
0
0
0
0
0
0
0
0
0
0
0
0
0
0
0
0
0
0
0
0
0
0
0
0
0
0
0
0
0
0
0
0
0
0
0
0
0
0
0
8.6395388405e-21
8.6395388405e-21
8.6395388405e-21
1.21843223083e-19
1.83185767491e-19
1.7703862783e-19
2.76633919273e-14
200
200
200
200
200
200
200
200
200
200
200
200
200
0
0
0
0
0
0
0
0
0
0
0
0
0
0
0
0
0
0
1.22645964186e-17
2.11691296349e-16
1.89896194359e-15
0
0
0
0
0
0
0
0
0
0
0
0
0
0
0
0
0
0
0
0
0
0
0
0
0
0
0
0
0
0
0
0
0
0
0
0
0
0
0
0
0
0
0
0
0
0
0
0
0
0
0
0
0
0
0
0
0
4.54712570553e-21
1.36919007355e-20
1.15575216554e-19
1.52484539713e-19
1.09760453863e-19
200
200
200
200
200
200
200
200
200
200
200
200
200
0
0
0
0
0
0
0
0
0
0
0
0
0
0
0
0
0
0
1.68397749075e-17
2.86685988124e-16
2.23742451291e-15
0
0
0
0
0
0
0
0
0
0
0
0
0
0
0
0
0
0
0
0
0
0
0
0
0
0
0
0
0
0
0
0
0
0
0
0
0
0
0
0
0
0
0
0
0
0
0
0
0
0
0
0
0
0
0
0
0
0
2.38341187339e-20
3.15347160438e-20
2.83812444394e-20
5.73501901218e-20
7.37370357647e-18
200
200
200
200
200
200
200
200
200
200
200
200
0
0
0
0
0
0
0
0
0
0
0
0
0
0
0
0
0
0
2.47660733233e-17
3.70026812157e-16
2.80588449519e-15
0
0
0
0
0
0
0
0
0
0
0
0
0
0
0
0
0
0
0
0
0
0
0
0
0
0
0
0
0
0
0
0
0
0
0
0
0
0
0
0
0
0
0
0
0
0
0
0
0
0
0
0
0
0
0
0
0
0
6.23748382102e-21
2.64823541488e-20
4.0090935277e-20
3.15347160438e-20
1.57042663341e-18
200
200
200
200
200
200
200
200
200
200
200
200
0
0
0
0
0
0
0
0
0
0
0
0
0
0
0
0
0
0
4.22867291618e-17
4.71704788637e-16
3.46545774747e-15
0
0
0
0
0
0
0
0
0
0
0
0
0
0
0
0
0
0
0
0
0
0
0
0
0
0
0
0
0
0
0
0
0
0
0
0
0
0
0
0
0
0
0
0
0
0
0
0
0
0
0
0
0
0
0
0
0
0
0
0
2.94248379431e-20
4.45454836411e-20
6.3759630086e-19
1.33922639171e-17
200
200
200
200
200
200
200
200
200
200
200
4.54712570553e-21
0
0
0
0
0
0
0
0
0
0
0
0
0
0
0
0
2.35084425897e-18
7.38587401537e-17
6.77816551366e-16
4.11060268134e-15
0
0
0
0
0
0
0
0
0
0
0
0
0
0
0
0
0
0
0
0
0
0
0
0
0
0
0
0
0
0
0
0
0
0
0
0
0
0
0
0
0
0
0
0
0
0
0
0
0
0
0
0
0
0
0
0
0
0
0
0
0
3.26942643812e-20
7.1900356791e-19
5.03616287772e-18
200
200
200
200
200
200
200
200
200
200
200
4.54712570553e-21
4.54712570553e-21
0
0
0
0
0
0
0
0
0
0
0
0
0
0
0
7.42679917606e-18
1.22857182908e-16
1.02101107696e-15
1.06150180132e-14
0
0
0
0
0
0
0
0
0
0
0
0
0
0
0
0
0
0
0
0
0
0
0
0
0
0
0
0
0
0
0
0
0
0
0
0
0
0
0
0
0
0
0
0
0
0
0
0
0
0
0
0
0
0
0
0
0
0
0
0
0
0
3.10631318787e-19
1.6710584166e-18
200
200
200
200
200
200
200
200
200
200
200
4.54712570553e-21
4.54712570553e-21
4.54712570553e-21
0
0
0
0
0
0
0
0
0
0
0
0
0
0
1.88403908112e-17
1.95209279933e-16
1.39086172685e-15
3.44624117637e-14
0
0
0
0
0
0
0
0
0
0
0
0
0
0
0
0
0
0
0
0
0
0
0
0
0
0
0
0
0
0
0
0
0
0
0
0
0
0
0
0
0
0
0
0
0
0
0
0
0
0
0
0
0
0
0
0
0
0
0
0
0
0
0
1.57687702408e-18
200
200
200
200
200
200
200
200
200
200
0
4.09241313497e-21
4.54712570553e-21
4.54712570553e-21
4.54712570553e-21
0
0
0
0
0
0
0
0
0
0
0
0
2.03484723241e-19
3.44413927818e-17
3.52196922341e-16
1.76040578559e-15
6.22513826827e-14
0
0
0
0
0
0
0
0
0
0
0
0
0
0
0
0
0
0
0
0
0
0
0
0
0
0
0
0
0
0
0
0
0
0
0
0
0
0
0
0
0
0
0
0
0
0
0
0
0
0
0
0
0
0
0
0
0
0
0
0
0
0
0
1.44145426352e-18
200
200
200
200
200
200
200
200
200
200
0
0
4.09241313497e-21
4.54712570553e-21
4.54712570553e-21
0
0
0
0
0
0
0
0
0
0
0
0
6.02279251894e-18
5.84448823648e-17
4.53307302681e-16
1.91393287556e-15
1.03300971052e-13
0
0
0
0
0
0
0
0
0
0
0
0
0
0
0
0
0
0
0
0
0
0
0
0
0
0
0
0
0
0
0
0
0
0
0
0
0
0
0
0
0
0
0
0
0
0
0
0
0
0
0
0
0
0
0
0
0
0
0
0
0
0
0
0
200
200
200
200
200
200
200
200
200
0
0
0
0
4.54712570553e-21
4.54712570553e-21
4.54712570553e-21
0
0
0
0
0
0
0
0
0
0
0
1.23206313921e-17
1.23223036495e-16
6.01114522706e-16
3.99639903214e-15
1.44812679812e-13
0
0
0
0
0
0
0
0
0
0
0
0
0
0
0
0
0
0
0
0
0
0
0
0
0
0
0
0
0
0
0
0
0
0
0
0
0
0
0
0
0
0
0
0
0
0
0
0
0
0
0
0
0
0
0
0
0
0
0
0
0
0
0
0
200
200
200
200
200
200
200
200
0
0
0
0
0
0
4.54712570553e-21
4.54712570553e-21
0
0
0
0
0
0
0
0
0
0
3.18549570616e-18
2.32066185236e-17
1.41730025052e-16
5.74326427685e-16
8.87872268483e-15
2.24447076665e-13
0
0
0
0
0
0
0
0
0
0
0
0
0
0
0
0
0
0
0
0
0
0
0
0
0
0
0
0
0
0
0
0
0
0
0
0
0
0
0
0
0
0
0
0
0
0
0
0
0
0
0
0
0
0
0
0
0
0
0
0
0
0
0
0
200
200
200
200
200
200
200
0
0
0
0
0
0
0
0
4.54712570553e-21
0
0
0
0
0
0
0
0
0
0
8.93771089891e-18
4.7581574136e-17
1.64986553419e-16
4.01273190578e-16
1.04806345723e-14
3.34590283716e-13
0
0
0
0
0
0
0
0
0
0
0
0
0
0
0
0
0
0
0
0
0
0
0
0
0
0
0
0
0
0
0
0
0
0
0
0
0
0
0
0
0
0
0
0
0
0
0
0
0
0
0
0
0
0
0
0
0
0
0
0
0
0
0
8.26989171948
200
200
200
200
200
200
0
0
0
0
0
0
0
0
0
0
0
0
0
0
0
0
0
0
0
3.52700510765e-18
1.31462693898e-17
5.28485242413e-17
9.78297832603e-17
8.98981755593e-16
1.60456658078e-14
4.74009357297e-13
0
0
0
0
0
0
0
0
0
0
0
0
0
0
0
0
0
0
0
0
0
0
0
0
0
0
0
0
0
0
0
0
0
0
0
0
0
0
0
0
0
0
0
0
0
0
0
0
0
0
0
0
0
0
0
0
0
0
0
0
0
0
0
200
200
200
200
200
200
0
0
0
0
0
0
0
0
0
0
0
0
0
0
0
0
0
0
0
0
9.71849386585e-18
3.61698077841e-17
6.07583262656e-17
1.73795459101e-17
8.72086641714e-16
2.72133220679e-14
5.10600777867e-13
0
0
0
0
0
0
0
0
0
0
0
0
0
0
0
0
0
0
0
0
0
0
0
0
0
0
0
0
0
0
0
0
0
0
0
0
0
0
0
0
0
0
0
0
0
0
0
0
0
0
0
0
0
0
0
0
0
0
0
0
0
0
0
200
200
200
200
0
0
0
0
0
0
0
0
0
0
0
0
0
0
0
0
0
0
0
0
0
5.48775959857e-18
2.01838809443e-17
6.56386852396e-17
1.10921504472e-16
7.26376938961e-18
2.24251209514e-16
4.54921605434e-14
4.70906356595e-13
0
0
0
0
0
0
0
0
0
0
0
0
0
0
0
0
0
0
0
0
0
0
0
0
0
0
0
0
0
0
0
0
0
0
0
0
0
0
0
0
0
0
0
0
0
0
0
0
0
0
0
0
0
0
0
0
0
0
0
0
0
0
0
200
0
0
0
0
0
0
0
0
0
0
0
0
0
0
0
0
0
0
0
0
0
0
0
3.67016747643e-18
9.52340400878e-18
2.59860893855e-17
6.21332762911e-17
7.03472772297e-17
2.19256406023e-16
8.80845958956e-16
2.30238322478e-14
2.54120854636e-13
0
0
0
0
0
0
0
0
0
0
0
0
0
0
0
0
0
0
0
0
0
0
0
0
0
0
0
0
0
0
0
0
0
0
0
0
0
0
0
0
0
0
0
0
0
0
0
0
0
0
0
0
0
0
0
0
0
0
0
0
0
0
0
0
0
0
0
0
0
0
0
0
0
0
0
0
0
0
0
0
0
0
0
0
0
0
2.47668013362e-18
1.22238137731e-17
1.89158979821e-17
2.64617676796e-17
2.75257802803e-17
1.28871309234e-15
1.60357245303e-15
2.99616518793e-15
1.71822546786e-14
4.06491584327e-13
1.05036622943e-21
0
0
0
0
0
0
0
0
0
0
0
0
0
0
0
0
0
0
0
0
0
0
0
0
0
0
0
0
0
0
0
0
0
0
0
0
0
0
0
0
0
0
0
0
0
0
0
0
0
0
0
0
0
0
0
0
0
0
0
0
0
0
0
0
0
0
0
0
0
0
0
0
0
0
0
0
0
0
0
0
0
0
0
0
2.20153425692e-18
1.3384275242e-17
2.01720112586e-17
2.20154635514e-17
4.3803308276e-17
3.19536147528e-16
3.56815057855e-16
5.38356432562e-16
1.26714607247e-15
7.43283930784e-15
2.37477459175e-13
200
200
2.52927370089e-21
0
0
0
0
0
0
0
0
0
0
0
0
0
0
0
0
0
0
0
0
0
0
0
0
0
0
0
0
0
0
0
0
0
0
0
0
0
0
0
0
0
0
0
0
0
0
0
0
0
0
0
0
0
0
0
0
0
0
0
0
0
0
0
0
0
0
0
0
0
0
0
0
0
0
0
0
0
0
0
0
0
3.49484021622e-18
1.49313156228e-17
1.48033444322e-17
2.74370259564e-17
1.3278749943e-16
1.18118359574e-16
1.27648952571e-16
2.0289052516e-16
3.56876681534e-16
8.67602847123e-16
4.85478948075e-15
2.18064587787e-13
200
200
200
200
200
0
0
0
0
0
0
0
0
0
0
0
0
0
0
0
0
0
0
0
0
0
0
0
0
0
0
0
0
0
0
0
0
0
0
0
0
0
0
0
0
0
0
0
0
0
0
0
0
0
0
0
0
0
0
0
0
0
0
0
0
0
0
0
0
0
0
0
0
0
0
0
0
0
0
1.52132230395e-20
1.6903581155e-20
1.0666097334e-20
1.70085549338e-18
1.17707931916e-17
1.53164976863e-17
1.49484905e-17
7.73724207114e-17
7.38328555799e-17
7.51833953424e-17
8.74132325544e-17
1.10950759058e-16
1.48700802549e-16
2.09031879658e-16
3.77261651903e-16
1.89499463681e-15
1.54605237498e-13
200
200
200
200
200
24.7289398026
1.72936994139e-20
0
0
0
0
0
0
0
0
0
0
0
0
0
0
0
0
0
0
0
0
0
0
0
0
0
0
0
0
0
0
0
0
0
0
0
0
0
0
0
0
0
0
0
0
0
0
0
0
0
0
0
0
0
0
0
0
0
0
0
0
0
0
0
0
0
0
6.57791004752e-18
8.38827495851e-18
5.51507255425e-17
8.41678167439e-17
1.86852217123e-16
2.46530998882e-16
2.84460763838e-16
3.05232715086e-16
2.08433199203e-16
3.90098223814e-17
1.32591651883e-17
7.44283205373e-17
5.48350926968e-17
5.20505833415e-17
5.8447463655e-17
6.88069491581e-17
8.02044379289e-17
9.58635834009e-17
1.19131110521e-16
1.502993465e-16
2.05603779024e-16
4.4315367367e-16
9.18716721016e-14
200
200
200
200
2.05384407157e-10
1.2672959543e-14
9.38146395966e-14
2.64960135512e-14
4.59140516093e-21
0
0
0
0
0
0
0
0
0
0
0
0
0
0
0
0
0
0
0
0
0
0
0
0
0
0
0
0
0
0
0
0
0
0
0
0
0
0
0
0
0
0
0
0
0
0
0
0
0
0
0
0
0
0
0
0
0
0
0
0
0
0
7.14329071865e-17
3.78070146078e-16
7.71210256011e-16
1.17926542975e-15
1.40598956748e-15
1.51326982301e-15
1.69147885407e-15
1.51012669268e-15
1.35540481555e-15
9.5375271889e-16
3.72441990186e-16
1.54516783593e-16
6.84764907288e-17
4.69670744109e-17
4.68899523822e-17
5.17534530051e-17
5.73669949677e-17
6.47210809969e-17
7.36451322983e-17
8.50012369148e-17
9.99638649851e-17
1.18719447499e-16
1.4463596291e-16
1.99249297181e-16
4.3379404719e-14
200
200
200
1.34752709536e-10
1.96143120001e-13
2.14617749513e-14
3.33132960995e-15
2.2764091842e-17
4.75993655381e-17
4.95432973424e-19
0
0
0
0
0
0
0
0
0
0
0
0
0
0
0
0
0
0
0
0
0
0
0
0
0
0
0
0
0
0
0
0
0
0
0
0
0
0
0
0
0
0
0
0
0
0
0
0
0
0
0
0
0
0
0
0
0
0
0
0
0
3.47095752881e-16
1.00387254233e-15
1.08575260313e-15
1.12467899392e-15
1.22198894394e-15
1.30792878167e-15
1.389437847e-15
1.41680614907e-15
1.34950522729e-15
1.21000087269e-15
9.69819755205e-16
2.06969823816e-16
7.95673386777e-17
5.92492269001e-17
5.34468296946e-17
5.41026450582e-17
5.7340170576e-17
6.26680077439e-17
6.94158241136e-17
7.78173475674e-17
8.80602736343e-17
1.00409024513e-16
1.15406523191e-16
1.37794958937e-16
1.74473444852e-14
200
29.4543434365
5.22059606198e-11
3.32170101127e-13
3.085386633e-14
1.07190268727e-15
5.87738393933e-17
1.49323010215e-17
8.81250030839e-18
2.04818392112e-17
2.80977587757e-17
2.06899271963e-20
0
0
0
0
0
0
0
0
0
0
0
0
0
0
0
0
0
0
0
0
0
0
0
0
0
0
0
0
0
0
0
0
0
0
0
0
0
0
0
0
0
0
0
0
0
0
0
0
0
0
0
0
0
0
0
0
0
0
0
7.96173982953e-16
1.1639485991e-15
1.2152132379e-15
1.25484753917e-15
1.31669528409e-15
1.37101285629e-15
1.43069440283e-15
1.47031343462e-15
1.52379709578e-15
1.54342902719e-15
1.43596847819e-15
6.39622607855e-16
1.30355613874e-16
7.81467922924e-17
6.22315975457e-17
5.85212063259e-17
5.92700293788e-17
6.23064466746e-17
6.71264624439e-17
7.33701108595e-17
8.06791962624e-17
8.92505819423e-17
9.8878085031e-17
1.11618777026e-16
6.48437649815e-15
1.10286440328e-09
1.93614654954e-11
4.55651717888e-13
3.63457126971e-14
2.25214963912e-15
8.24943662592e-17
2.04192047294e-17
1.17969333894e-17
9.79386306418e-18
1.20899047255e-17
9.78895583049e-18
1.65842314479e-17
2.45805200843e-19
0
0
0
0
0
0
0
0
0
0
0
0
0
0
0
0
0
0
0
0
0
0
0
0
0
0
0
0
0
0
0
0
0
0
0
0
0
0
0
0
0
0
0
0
0
0
0
0
0
0
0
0
0
0
0
0
0
0
7.23426565457e-16
1.27800828783e-15
1.2933860044e-15
1.38394273953e-15
1.43289920174e-15
1.46531790723e-15
1.50711541975e-15
1.55016295178e-15
1.61670311972e-15
1.73040241901e-15
1.81807433527e-15
1.1822168501e-15
2.04968564641e-16
1.00213309192e-16
7.39932759261e-17
6.5032162058e-17
6.28437975318e-17
6.37501716712e-17
6.67830563615e-17
7.11170923245e-17
7.64624872506e-17
8.26634830153e-17
8.9289708646e-17
9.75995997287e-17
1.92535350953e-15
5.62027299255e-12
4.91359330274e-13
4.67638135091e-14
3.58981538615e-15
1.06641065642e-16
1.83769811009e-17
1.16436800377e-17
8.81447675776e-18
7.93125027756e-18
7.93021004104e-18
7.32155645603e-18
6.416041202e-18
1.49240466534e-17
3.95297572518e-18
0
0
0
0
0
0
0
0
0
0
0
0
0
0
0
0
0
0
0
0
0
0
0
0
0
0
0
0
0
0
0
0
0
0
0
0
0
0
0
0
0
0
0
0
0
0
0
0
0
0
0
0
0
0
0
0
0
0
1.95130496657e-15
1.51511848835e-15
1.598118473e-15
1.61994970079e-15
1.62101556881e-15
1.64289649982e-15
1.67057400966e-15
1.73848389282e-15
1.81930004391e-15
1.97745688857e-15
1.71323332151e-15
4.39714185884e-16
1.30627297157e-16
8.78357152232e-17
7.31044650209e-17
6.78748477608e-17
6.67890909775e-17
6.79998958942e-17
7.11450767412e-17
7.51161336385e-17
7.96985510671e-17
8.44298594768e-17
188.63932751
198.847035742
5.9001706988e-13
5.85423610238e-14
5.28676494896e-15
3.70838001204e-17
1.4370201814e-17
9.89989192159e-18
7.93302908199e-18
7.1381252498e-18
6.42253392039e-18
6.42149368388e-18
6.41905362293e-18
7.13228180325e-18
1.00638022246e-17
2.44858610312e-17
1.25138551324e-17
0
0
0
0
0
0
0
0
0
0
0
0
0
0
0
0
0
0
0
0
0
0
0
0
0
0
0
0
0
0
0
0
0
0
0
0
0
0
0
0
0
0
0
0
0
0
0
0
0
0
0
0
0
0
0
0
0
3.2684698487e-15
2.10241647531e-15
2.01708590024e-15
1.91761690803e-15
1.85104403697e-15
1.82504724929e-15
1.83896363709e-15
1.86481053959e-15
1.93150012901e-15
2.03046808455e-15
2.16934184591e-15
8.11837193493e-16
1.7116508539e-16
1.04111825503e-16
8.27768708099e-17
7.41685467662e-17
7.08020461502e-17
7.08733865191e-17
7.24989764666e-17
7.53966728115e-17
198.029271143
199.980565768
199.998115332
199.999053378
9.65533491768e-14
6.80152857921e-15
1.35040203673e-17
1.05920011424e-17
8.47672105271e-18
7.13121312075e-18
6.08410731965e-18
5.70993366807e-18
5.20140988394e-18
5.20047367108e-18
5.59930893285e-18
6.34685517493e-18
8.38194294175e-18
1.88478344626e-17
4.62357202321e-16
5.87798250487e-17
0
0
0
0
0
0
0
0
0
0
0
0
0
0
0
0
0
0
0
0
0
0
0
0
0
0
0
0
0
0
0
0
0
0
0
0
0
0
0
0
0
0
0
0
0
0
0
0
0
0
0
0
0
0
0
0
3.47916200981e-15
2.85944907927e-15
2.51770087434e-15
2.30945542939e-15
2.14592236087e-15
2.07329088543e-15
2.02786659627e-15
2.01834566117e-15
2.04982720795e-15
2.11593721271e-15
2.44038053496e-15
1.18325218692e-15
2.18220962117e-16
1.22085169319e-16
9.35851155194e-17
8.15207909956e-17
7.65146331121e-17
7.4999909183e-17
198.98877703
199.991491621
199.99961173
199.999948984
199.9999858
199.999988447
9.4741901496e-15
8.43550519882e-18
7.60950536478e-18
6.69217271105e-18
5.79609321108e-18
5.20280529984e-18
4.68126889555e-18
4.54192233191e-18
4.27068540413e-18
4.3464587095e-18
4.6784498546e-18
5.19699337362e-18
7.12814819405e-18
1.15729818642e-13
4.1225995588e-14
1.29499906004e-14
1.00702313019e-16
0
0
0
0
0
0
0
0
0
0
0
0
0
0
0
0
0
0
0
0
0
0
0
0
0
0
0
0
0
0
0
0
0
0
0
0
0
0
0
0
0
0
0
0
0
0
0
0
0
0
0
0
0
0
0
3.66763614161e-15
3.53762941205e-15
3.0394058716e-15
2.74665004026e-15
2.53438525435e-15
2.3612743895e-15
2.2471356129e-15
2.18675769447e-15
2.17168423895e-15
2.19544566205e-15
2.45243493464e-15
1.36797875567e-15
2.61803195007e-16
1.41019298424e-16
1.05332288061e-16
9.00552828383e-17
199.944939908
199.995348101
199.999792185
199.999979333
199.999995557
199.99999888
199.999999539
199.999999544
5.80404080893e-18
5.56317232975e-18
5.23129355188e-18
4.8199952724e-18
4.43536939006e-18
4.15440360047e-18
3.7903869738e-18
3.75858228515e-18
3.62621107793e-18
3.71639119854e-18
3.78756793286e-18
4.29107131018e-18
1.82596967037e-08
7.83105514378e-08
1.13610861806e-09
8.37058918405e-12
3.31348118202e-13
2.76598525267e-17
0
0
0
0
0
0
0
0
0
0
0
0
0
0
0
0
0
0
0
0
0
0
0
0
0
0
0
0
0
0
0
0
0
0
0
0
0
0
0
0
0
0
0
0
0
0
0
0
0
0
0
0
0
0
3.16182612268e-15
4.11928869875e-15
3.48900618265e-15
3.1604453514e-15
2.91064089938e-15
2.66773147926e-15
2.48427327284e-15
2.35401304638e-15
2.27816563275e-15
2.24519619923e-15
2.43114069402e-15
1.32435983168e-15
198.831681504
199.979133724
199.996078497
199.999655827
199.999947816
199.999990192
199.999997603
199.999999553
199.999999859
199.999999939
199.999999963
199.999999961
4.23752795253e-18
4.1089392531e-18
3.94953787694e-18
3.77051557766e-18
3.52218201038e-18
3.38468534324e-18
3.14534641573e-18
3.06793002562e-18
3.06793002562e-18
3.06699381276e-18
3.18974774098e-18
0.00669685187103
200
200
200
3.71087526872e-06
1.76363656315e-10
1.79258759004e-12
4.51401661556e-18
0
0
0
0
0
0
0
0
0
0
0
0
0
0
0
0
0
0
0
0
0
0
0
0
0
0
0
0
0
0
0
0
0
0
0
0
0
0
0
0
0
0
0
0
0
0
0
0
0
0
0
0
0
2.24114620458e-15
4.5051528176e-15
199.983923375
199.991903247
199.994097467
199.995218948
199.996127348
199.997176837
199.998165714
199.999015624
199.999532774
199.999796462
199.999931453
199.999978706
199.999992957
199.999997209
199.999999308
199.999999793
199.999999929
199.999999971
199.999999987
199.999999994
199.999999996
199.999999995
3.33363890792e-18
3.28414626329e-18
3.19120879423e-18
3.07058131583e-18
2.93769533795e-18
2.76168984739e-18
2.70032966416e-18
2.58161866703e-18
2.5185194112e-18
2.55490730625e-18
2.73859331974e-18
200
200
200
200
200
200
3.1833623159e-09
1.45199593386e-12
1.17369262459e-20
0
0
0
0
0
0
0
0
0
0
0
0
0
0
0
0
0
0
0
0
0
0
0
0
0
0
0
0
0
0
0
0
0
0
0
0
0
0
0
0
0
0
0
0
0
0
0
0
0
0
0
0
199.999721983
199.999986549
199.999994927
199.999996711
199.999996555
199.999995562
199.999995434
199.999995434
199.999995434
199.99999647
199.999997811
199.999998788
199.999999415
199.999999732
199.999999869
199.99999994
199.999999969
199.999999985
199.999999994
199.999999997
199.999999999
199.999999999
199.999999999
199.999999999
2.80527784984e-18
2.72299388585e-18
2.66968969557e-18
2.58764418306e-18
2.46792161165e-18
2.36658361555e-18
2.2553256804e-18
2.20536772124e-18
2.16926058518e-18
2.19012290178e-18
2.23423756551e-18
2.48342239676e-18
200
200
200
200
200
200
2.57751441692e-09
3.03831936242e-14
0
0
0
0
0
0
0
0
0
0
0
0
0
0
0
0
0
0
0
0
0
0
0
0
0
0
0
0
0
0
0
0
0
0
0
0
0
0
0
0
0
0
0
0
0
0
0
0
0
0
0
199.9999662
199.999999859
199.999999971
199.999999985
199.999999988
199.999999989
199.999999985
199.999999983
199.999999979
199.999999974
199.99999997
199.999999968
199.999999971
199.999999976
199.999999985
199.999999992
199.999999996
199.999999998
199.999999999
199.999999999
199.999999999
200
200
200
200
2.36567298341e-18
2.33316304629e-18
2.25713116022e-18
2.16192555775e-18
2.09775368386e-18
1.97316157322e-18
1.91193702788e-18
1.8531960914e-18
1.81430270767e-18
1.81692678272e-18
1.88769746234e-18
2.06182494642e-18
2.59302408002e-18
200
200
200
200
200
200
1.47259086201e-10
1.91869069642e-14
0
0
0
0
0
0
0
0
0
0
0
0
0
0
0
0
0
0
0
0
0
0
0
0
0
0
0
0
0
0
0
0
0
0
0
0
0
0
0
0
0
0
0
0
0
0
0
0
0
199.999942759
199.999999951
199.999999998
200
200
200
200
200
200
200
199.999999999
199.999999999
199.999999999
199.999999999
199.999999999
199.999999999
199.999999999
199.999999999
200
200
200
200
200
200
200
200
1.9883771538e-18
1.92985625931e-18
1.89317939408e-18
1.82783852859e-18
1.74105436724e-18
1.69662048252e-18
1.61239470512e-18
1.56681411941e-18
1.54238245218e-18
1.54037816051e-18
1.57589862529e-18
1.69475477914e-18
2.03399997552e-18
2.57259983723e-16
199.999999999
200
200
200
200
0.00234970985027
7.31834443169e-12
3.40769454349e-17
0
0
0
0
0
0
0
0
0
0
0
0
0
0
0
0
0
0
0
0
0
0
0
0
0
0
0
0
0
0
0
0
0
0
0
0
0
0
0
0
0
0
0
0
0
0
0
0
199.999999939
200
200
200
200
200
200
200
200
200
200
200
200
200
200
200
200
200
200
200
200
200
200
200
200
200
1.66921305287e-18
1.63772189626e-18
1.60415551315e-18
1.55380739831e-18
1.50631284489e-18
1.43920581226e-18
1.39615858669e-18
1.36365649778e-18
1.33261342094e-18
1.31523471595e-18
1.33941564173e-18
1.39680744042e-18
1.58229753352e-18
8.63808175845e-17
3.48656512756e-15
199.999993737
200
200
200
200
5.62480489272e-09
1.62493570549e-14
3.06802447257e-18
0
0
0
0
0
0
0
0
0
0
0
0
0
0
0
0
0
0
0
0
0
0
0
0
0
0
0
0
0
0
0
0
0
0
0
0
0
0
0
0
0
0
0
0
0
0
199.999998408
199.999999999
200
200
200
200
200
200
200
200
200
200
200
200
200
200
200
200
200
200
200
200
200
200
200
200
200
1.4660323087e-18
1.4345027174e-18
1.40006082506e-18
1.36358504314e-18
1.31973061315e-18
1.26600929536e-18
1.24069399079e-18
1.19877095327e-18
1.15709267597e-18
1.14442083202e-18
1.14457478225e-18
1.17068425493e-18
1.26894603097e-18
2.4325158035e-18
1.67833540958e-15
3.10405663647e-15
199.999958271
200
200
200
0.5635991847
2.15719032347e-14
2.20848149741e-14
0
0
0
0
0
0
0
0
0
0
0
0
0
0
0
0
0
0
0
0
0
0
0
0
0
0
0
0
0
0
0
0
0
0
0
0
0
0
0
0
0
0
0
0
0
0
199.99999999
200
200
200
200
200
200
200
200
200
200
200
200
200
200
200
200
200
200
200
200
200
200
200
200
200
200
1.3205351324e-18
1.29200083594e-18
1.26328550428e-18
1.22856108234e-18
1.19271277279e-18
1.14665367615e-18
1.11810804296e-18
1.0698477701e-18
1.02805859176e-18
1.01046925023e-18
1.00072129205e-18
1.00822921975e-18
1.05338467796e-18
1.26059304901e-18
4.31694156137e-16
4.40335454967e-15
2.77140115927e-15
4.02557255134e-15
199.999994363
200
200
1.66219012722e-14
3.32328354598e-14
2.2456838953e-14
0
0
0
0
0
0
0
0
0
0
0
0
0
0
0
0
0
0
0
0
0
0
0
0
0
0
0
0
0
0
0
0
0
0
0
0
0
0
0
0
0
0
0
0
199.999977824
200
200
200
200
200
200
200
200
200
200
200
200
200
200
200
200
200
200
200
200
200
200
200
200
200
200
200
1.22132865922e-18
1.19074810417e-18
1.16888817964e-18
1.13270878824e-18
1.09245907731e-18
1.05540390959e-18
1.00929788429e-18
9.6487410642e-19
9.19085009415e-19
8.96512599232e-19
8.69731458748e-19
8.59723498488e-19
8.8777730405e-19
9.76105904923e-19
7.64486310232e-17
2.22318269451e-15
2.65075821029e-15
4.05242039211e-15
5.90557381273e-15
7.89064684736e-15
1.18792000244e-14
1.62718687278e-14
2.59598548781e-14
5.87842827224e-14
3.07611656248e-13
0
0
0
0
0
0
0
0
0
0
0
0
0
0
0
0
0
0
0
0
0
0
0
0
0
0
0
0
0
0
0
0
0
0
0
0
0
0
0
0
0
0
0
199.99999996
200
200
200
200
200
200
200
200
200
200
200
200
200
200
200
200
200
200
200
200
200
200
200
200
200
200
200
1.15039303256e-18
1.11817530079e-18
1.0938927769e-18
1.06008807261e-18
1.01764112686e-18
9.73816231802e-19
9.23351090459e-19
8.73163978719e-19
8.24313002849e-19
7.86850487503e-19
7.51830082269e-19
7.35809829119e-19
7.34454830954e-19
7.70321178011e-19
1.02565598732e-18
4.18531870406e-16
2.44243396371e-15
3.20782588737e-15
6.68931968376e-15
1.01184082246e-14
1.51768407392e-14
2.06353122793e-14
3.17194831281e-14
7.93310015171e-14
2.25874788521e-13
1.60423049719e-14
0
0
0
0
0
0
0
0
0
0
0
0
0
0
0
0
0
0
0
0
0
0
0
0
0
0
0
0
0
0
0
0
0
0
0
0
0
0
0
0
0
0
200
200
200
200
200
200
200
200
200
200
200
200
200
200
200
200
200
200
200
200
200
200
200
200
200
200
200
200
1.10783153866e-18
1.06695773018e-18
1.04017212294e-18
1.00431995549e-18
9.51788446671e-19
9.04439143725e-19
8.48593013678e-19
7.91346766408e-19
7.41114706601e-19
6.96110204945e-19
6.5866715095e-19
6.30090405219e-19
6.08190364356e-19
6.09273203771e-19
6.62883880906e-19
3.60031631016e-17
6.98123958088e-16
1.5974984979e-15
3.60293629507e-15
6.8354234483e-15
1.33237346346e-14
2.31862382117e-14
4.1956043313e-14
5.40550597726e-14
5.58176247112e-14
1.39502412766e-13
0
0
0
0
0
0
0
0
0
0
0
0
0
0
0
0
0
0
0
0
0
0
0
0
0
0
0
0
0
0
0
0
0
0
0
0
0
0
0
0
0
0
200
200
200
200
200
200
200
200
200
200
200
200
200
200
200
200
200
200
200
200
200
200
200
200
200
200
200
200
1.09496399845e-18
1.04175280958e-18
1.00746768644e-18
9.62260592621e-19
9.0751754767e-19
8.47708840177e-19
7.86108156662e-19
7.27789591376e-19
6.71530554083e-19
6.23287788774e-19
5.8474490852e-19
5.50456771395e-19
5.29206660789e-19
5.10531867232e-19
5.10664261279e-19
5.77509603082e-19
9.45439873298e-17
4.64445795634e-16
1.04469303338e-15
2.39155869121e-15
4.57961880768e-15
9.436285771e-15
1.77046859404e-14
2.90832922074e-14
3.63457092466e-14
5.71811344276e-14
3.68831323022e-13
6.63052093574e-07
0
0
0
0
0
0
0
0
0
0
0
0
0
0
0
0
0
0
0
0
0
0
0
0
0
0
0
0
0
0
0
0
0
0
0
0
0
0
0
199.999999907
200
200
200
200
200
200
200
200
200
200
200
200
200
200
200
200
200
200
200
200
200
200
200
200
200
200
200
200
1.12765721344e-18
1.04760835147e-18
1.0009089672e-18
9.46624892816e-19
8.76664588261e-19
8.09078821224e-19
7.41461231459e-19
6.75718093196e-19
6.19364273327e-19
5.68146273113e-19
5.26811731238e-19
4.95121812787e-19
4.65021036758e-19
4.36682246035e-19
4.24795284117e-19
4.25679699081e-19
8.21366287521e-19
7.90507738112e-17
2.02528672567e-16
4.6448489163e-16
9.96239914468e-16
2.11348680913e-15
4.28867645723e-15
9.05429733399e-15
1.70140387461e-14
3.56191442352e-14
4.61227517996e-07
111.771526403
0
0
0
0
0
0
0
0
0
0
0
0
0
0
0
0
0
0
0
0
0
0
0
0
0
0
0
0
0
0
0
0
0
0
0
0
0
0
0
200
200
200
200
200
200
200
200
200
200
200
200
200
200
200
200
200
200
200
200
200
200
200
200
200
200
200
200
200
195.226525899
1.11442810477e-18
1.03331086568e-18
9.46321190536e-19
8.64926422813e-19
7.84182022048e-19
7.10584067722e-19
6.42032433848e-19
5.83380153155e-19
5.30859672986e-19
4.90108915452e-19
4.4985705251e-19
4.15204771854e-19
3.83992023854e-19
3.52231625731e-19
3.35054320763e-19
3.36747540949e-19
4.64524964384e-18
3.9469514205e-17
8.1984442805e-17
1.58741871653e-16
2.82204127132e-16
5.37215258028e-16
1.38665681149e-15
5.7046693066e-15
1.6296836865e-12
1.59204070104e-06
1.56455939965e-14
63.4158642665
0
0
0
0
0
0
0
0
0
0
0
0
0
0
0
0
0
0
0
0
0
0
0
0
0
0
0
0
0
0
0
0
0
0
0
0
0
0
200
200
200
200
200
200
200
200
200
200
200
200
200
200
200
200
200
200
200
200
200
200
200
200
200
200
200
200
200
0.000268205940273
1.29883354007e-18
1.13574901375e-18
9.91751176924e-19
8.76479584885e-19
7.76897966684e-19
6.90741617247e-19
6.16796023394e-19
5.49900453344e-19
5.03213439522e-19
4.56472426901e-19
4.15220851117e-19
3.74244541199e-19
3.3487333411e-19
2.98330312747e-19
2.68431174745e-19
2.49013960854e-19
2.5556145271e-19
4.19956042675e-18
1.31680723008e-17
2.41446893238e-17
4.0040352843e-17
5.82410050525e-17
8.06283341661e-17
1.44688821788e-16
6.98404508618e-16
4.90976091463e-15
5.96900756211e-16
199.999983277
0
0
0
0
0
0
0
0
0
0
0
0
0
0
0
0
0
0
0
0
0
0
0
0
0
0
0
0
0
0
0
0
0
0
0
0
0
199.999912755
200
200
200
200
200
200
200
200
200
200
200
200
200
200
200
200
200
200
200
200
200
200
200
200
200
200
200
200
200
6.25486123659e-13
1.84837223141e-18
1.39097163224e-18
1.09773501841e-18
9.13622155783e-19
7.82902730151e-19
6.83245719751e-19
5.98752004842e-19
5.35091579383e-19
4.79663309143e-19
4.32513312238e-19
3.88831649114e-19
3.44213849627e-19
2.99290159105e-19
2.59267683008e-19
2.26664345602e-19
1.9873136653e-19
1.78227991979e-19
2.29361224202e-19
1.47637911067e-18
2.74003662363e-18
4.75032094869e-18
6.8568716421e-18
6.38628278726e-18
4.56433208886e-18
1.35827654623e-18
1.18651648533e-18
5.16638047101e-19
8.04489317556e-18
200
0
0
0
0
0
0
0
0
0
0
0
0
0
0
0
0
0
0
0
0
0
0
0
0
0
0
0
0
0
0
0
0
0
0
0
0
200
200
200
200
200
200
200
200
200
200
200
200
200
200
200
200
200
200
200
200
200
200
200
200
200
200
200
200
200
200
4.63018552362e-12
5.58647512606e-10
82.3610648411
1.29488562279e-18
9.74062689067e-19
8.01268434199e-19
6.81602014761e-19
5.90144061358e-19
5.23861873238e-19
4.67855182478e-19
4.15779487973e-19
3.70659252838e-19
3.24683346429e-19
2.78805562108e-19
2.38108351061e-19
2.01118365629e-19
1.59343052156e-19
1.03174154667e-19
1.11892732356e-19
1.98779799119e-19
3.64922356374e-19
5.12303642527e-19
4.90100048434e-19
2.79535569528e-19
3.64087574241e-19
5.09082470816e-19
8.64823693191e-19
1.46738142067e-18
9.79597546738e-18
1.36265406409e-16
0
0
0
0
0
0
0
0
0
0
0
0
0
0
0
0
0
0
0
0
0
0
0
0
0
0
0
0
0
0
0
0
0
0
0
1.05036622943e-21
200
200
200
200
200
200
200
200
200
200
200
200
200
200
200
200
200
200
200
200
200
200
200
200
200
200
200
200
200
200
1.68194796159e-11
5.44725845663e-13
6.06547266756e-07
199.999999853
0.0346267904091
8.22833324679e-19
6.79475543948e-19
5.84766343999e-19
5.16349349063e-19
4.58591464582e-19
4.08450958079e-19
3.60700088214e-19
3.10693236736e-19
2.65088343217e-19
2.21011436755e-19
1.74447323316e-19
1.23850828276e-19
6.61989699785e-20
1.17368345061e-20
2.09706604408e-20
2.45068539475e-20
2.78217085869e-20
6.22213201636e-20
9.0356514042e-20
1.49013951376e-19
3.103200893e-19
7.77938314934e-19
2.98329091686e-18
1.65978178552e-17
1.49376330607e-17
4.97541898153e-22
0
0
0
0
0
0
0
0
0
0
0
0
0
0
0
0
0
0
0
0
0
0
0
0
0
0
0
0
0
0
0
0
0
0
200
200
200
200
200
200
200
200
200
200
200
200
200
200
200
200
200
200
200
200
200
200
200
200
200
200
200
200
200
200
200
1.33702075611e-11
1.42023984114e-11
1.46429048785e-11
2.84222467744e-11
5.94507453551e-06
200
199.999999969
6.0707126337e-19
5.23508025848e-19
4.61952949713e-19
4.0832594705e-19
3.59126879685e-19
3.02168365383e-19
2.58639659009e-19
2.13357563338e-19
1.75877774497e-19
1.3006365163e-19
6.23467116875e-20
1.17368345061e-20
1.89488064243e-20
2.39540296162e-20
2.72688842556e-20
3.44215947934e-20
8.06383634634e-20
1.13742182021e-19
2.41762890642e-19
7.00144483441e-19
1.46778442961e-18
2.76509326678e-18
1.13339173084e-19
8.06262639353e-17
0
0
0
0
0
0
0
0
0
0
0
0
0
0
0
0
0
0
0
0
0
0
0
0
0
0
0
0
0
0
0
0
0
0
200
200
200
200
200
200
200
200
200
200
200
200
200
200
200
200
200
200
200
200
200
200
200
200
200
200
200
200
200
200
167.794833094
)
;

boundaryField
{
    frontAndBack
    {
        type            empty;
    }
    leftWall
    {
        type            calculated;
        value           uniform 0;
    }
    outlet
    {
        type            calculated;
        value           uniform 0;
    }
    rightWall
    {
        type            calculated;
        value           uniform 0;
    }
    inlet
    {
        type            calculated;
        value           uniform 7.43664835958e-16;
    }
}


// ************************************************************************* //
