/*--------------------------------*- C++ -*----------------------------------*\
| =========                 |                                                 |
| \\      /  F ield         | OpenFOAM: The Open Source CFD Toolbox           |
|  \\    /   O peration     | Version:  v1906                                 |
|   \\  /    A nd           | Web:      www.OpenFOAM.com                      |
|    \\/     M anipulation  |                                                 |
\*---------------------------------------------------------------------------*/
FoamFile
{
    version     2.0;
    format      ascii;
    class       volScalarField;
    location    "397";
    object      alpha;
}
// * * * * * * * * * * * * * * * * * * * * * * * * * * * * * * * * * * * * * //

dimensions      [0 0 -1 0 0 0 0];


internalField   nonuniform List<scalar> 
9216
(
199.99596119
200
200
200
200
200
200
200
200
200
200
200
200
200
200
200
200
200
200
200
200
200
200
200
200
200
200
200
200
200
200
200
200
200
200
200
200
200
200
200
200
200
200
200
200
200
200
200
200
200
200
200
200
200
200
200
200
200
200
200
200
200
200
200
200
200
200
200
200
200
200
200
200
200
200
200
200
200
200
200
200
200
200
199.999997997
189.912652134
172.471333819
154.711241657
131.786235809
105.604965828
82.8899834851
62.5682721308
46.4662748877
33.5080449662
21.6868403937
12.5621573922
1.48576300538
200
200
200
200
200
200
200
200
200
200
200
200
200
200
200
200
200
200
200
200
200
200
200
200
200
200
200
200
200
200
200
200
200
200
200
200
200
200
200
200
200
200
200
200
200
200
200
200
200
200
200
200
200
200
200
200
200
200
200
200
200
200
200
200
200
200
200
200
200
200
200
200
200
200
200
200
200
200
200
200
200
200
200
200
199.999762807
185.71798123
168.165872159
144.218104114
121.754768432
95.6724926006
72.9346138411
58.0103031593
45.8754917942
29.7898413131
19.6599260492
14.9793267499
200
200
200
200
200
200
200
200
200
200
200
200
200
200
200
200
200
200
200
200
200
200
200
200
200
200
200
200
200
200
200
200
200
200
200
200
200
200
200
200
200
200
200
200
200
200
200
200
200
200
200
200
200
200
200
200
200
200
200
200
200
200
200
200
200
200
200
200
200
200
200
200
200
200
200
200
200
200
200
200
200
200
200
200
199.996288801
182.574884346
158.776082522
144.635176511
127.285177505
97.8582090517
70.2708081598
62.0635551046
45.3200920664
34.8623980608
30.5876780077
20.6813338691
200
200
200
200
200
200
200
200
200
200
200
200
200
200
200
200
200
200
200
200
200
200
200
200
200
200
200
200
200
200
200
200
200
200
200
200
200
200
200
200
200
200
200
200
200
200
200
200
200
200
200
200
200
200
200
200
200
200
200
200
200
200
200
200
200
200
200
200
200
200
200
200
200
200
200
200
200
200
200
200
200
200
200
199.999999861
197.242212689
175.814558882
156.726646318
143.075739134
120.082244141
102.778965946
83.1571823047
59.6931056998
54.0002664008
44.8984646965
38.7582866498
26.563663491
200
200
200
200
200
200
200
200
200
200
200
200
200
200
200
200
200
200
200
200
200
200
200
200
200
200
200
200
200
200
200
200
200
200
200
200
200
200
200
200
200
200
200
200
200
200
200
200
200
200
200
200
200
200
200
200
200
200
200
200
200
200
200
200
200
200
200
200
200
200
200
200
200
200
200
200
200
200
200
200
200
200
200
199.999990499
188.854041606
167.11743459
148.384975273
136.280801393
127.66793274
104.721326288
90.0677924892
69.4913247893
55.3633609622
54.3931110998
50.7381936302
38.4891093835
200
200
200
200
200
200
200
200
200
200
200
200
200
200
200
200
200
200
200
200
200
200
200
200
200
200
200
200
200
200
200
200
200
200
200
200
200
200
200
200
200
200
200
200
200
200
200
200
200
200
200
200
200
200
200
200
200
200
200
200
200
200
200
200
200
200
200
200
200
200
200
200
200
200
200
200
200
200
200
200
200
200
199.999999997
199.999642024
185.622339076
165.532404584
153.990411251
136.250166525
116.906728057
98.6491415007
96.5863445862
84.2996207174
66.0381944033
62.8023615788
61.9627576177
49.2116656633
200
200
200
200
200
200
200
200
200
200
200
200
200
200
200
200
200
200
200
200
200
200
200
200
200
200
200
200
200
200
200
200
200
200
200
200
200
200
200
200
200
200
200
200
200
200
200
200
200
200
200
200
200
200
200
200
200
200
200
200
200
200
200
200
200
200
200
200
200
200
200
200
200
200
200
200
200
200
200
200
200
200
199.999999888
198.421148238
181.360147234
164.142898807
149.627781512
135.872359765
116.684187273
108.172355382
94.3498129072
93.3156469085
83.8653120811
72.8828324103
72.7238721161
59.5016888621
200
200
200
200
200
200
200
200
200
200
200
200
200
200
200
200
200
200
200
200
200
200
200
200
200
200
200
200
200
200
200
200
200
200
200
200
200
200
200
200
200
200
200
200
200
200
200
200
200
200
200
200
200
200
200
200
200
200
200
200
200
200
200
200
200
200
200
200
200
200
200
200
200
200
200
200
200
200
200
200
200
200
199.999999578
196.831179698
177.891342083
163.179871312
145.403091336
131.577512329
119.892374757
113.505015683
104.915274562
95.2506558768
95.8112457857
82.1840137266
82.8929788427
69.7339777216
200
200
200
200
200
200
200
200
200
200
200
200
200
200
200
200
200
200
200
200
200
200
200
200
200
200
200
200
200
200
200
200
200
200
200
200
200
200
200
200
200
200
200
200
200
200
200
200
200
200
200
200
200
200
200
200
200
200
200
200
200
200
200
200
200
200
200
200
200
200
200
200
200
200
200
200
200
200
200
200
200
200
199.999994644
192.875142442
177.973554345
164.018340928
149.093269823
133.078252655
122.009848537
109.792888781
112.025189959
106.117966926
99.7748943751
95.1122825025
91.3439969875
78.9089347615
200
200
200
200
200
200
200
200
200
200
200
200
200
200
200
200
200
200
200
200
200
200
200
200
200
200
200
200
200
200
200
200
200
200
200
200
200
200
200
200
200
200
200
200
200
200
200
200
200
200
200
200
200
200
200
200
200
200
200
200
200
200
200
200
200
200
200
200
200
200
200
200
200
200
200
200
200
200
200
200
200
200
199.999754456
189.910119458
177.300557087
163.717744088
148.614866928
135.907183344
125.733297403
118.273445355
111.772711255
112.99093633
108.364907516
106.158825804
99.4470951687
88.6083119741
200
200
200
200
200
200
200
200
200
200
200
200
200
200
200
200
200
200
200
200
200
200
200
200
200
200
200
200
200
200
200
200
200
200
200
200
200
200
200
200
200
200
200
200
200
200
200
200
200
200
200
200
200
200
200
200
200
200
200
200
200
200
200
200
200
200
200
200
200
200
200
200
200
200
200
200
200
200
200
200
200
199.999999999
199.998640597
189.637356902
176.618004609
160.459183424
148.007838446
138.529702883
132.990244254
126.122915988
120.93350397
113.676335796
115.666728919
118.052742351
107.710675531
96.1777616652
200
200
200
200
200
200
200
200
200
200
200
200
200
200
200
200
200
200
200
200
200
200
200
200
200
200
200
200
200
200
200
200
200
200
200
200
200
200
200
200
200
200
200
200
200
200
200
200
200
200
200
200
200
200
200
200
200
200
200
200
200
200
200
200
200
200
200
200
200
200
200
200
200
200
200
200
200
200
200
200
200
199.999999999
199.991006181
189.266655588
175.259703405
161.39896867
151.777107204
143.827937967
136.223899181
131.203262162
126.441850821
122.848499472
118.060364419
123.64370923
115.233667125
102.126722237
200
200
200
200
200
200
200
200
200
200
200
200
200
200
200
200
200
200
200
200
200
200
200
200
200
200
200
200
200
200
200
200
200
200
200
200
200
200
200
200
200
200
200
200
200
200
200
200
200
200
200
200
200
200
200
200
200
200
200
200
200
200
200
200
200
200
200
200
200
200
200
200
200
200
200
200
200
200
200
200
200
199.999999978
199.792936901
189.380906584
175.280393127
165.566331204
156.357054817
147.687309542
140.119775006
135.167150991
130.384401043
126.886124229
124.768870538
127.21825166
121.627766055
107.496114987
200
200
200
200
200
200
200
200
200
200
200
200
200
200
200
200
200
200
200
200
200
200
200
200
200
200
200
200
200
200
200
200
200
200
200
200
200
200
200
200
200
200
200
200
200
200
200
200
200
200
200
200
200
200
200
200
200
200
200
200
200
200
200
200
197.639825524
190.912663781
189.818820924
194.221991847
198.898502249
200
200
200
200
200
200
200
200
200
200
200
200
199.999999994
199.986529035
189.835400703
180.049539131
167.680603165
159.464895706
150.547337928
143.626221289
140.604693404
134.681444494
131.610882812
128.867974243
126.942573328
129.533848123
112.14104416
200
200
200
200
200
200
200
200
200
200
200
200
200
200
200
200
200
200
200
200
200
200
200
200
200
200
200
200
200
200
200
200
200
200
200
200
200
200
200
200
200
200
200
200
200
200
200
200
200
200
200
200
200
200
200
200
200
200
197.50505501
32.1409984147
5.75966756574
1.51054558346
0.540629148307
0.257096485049
0.185152352938
0.199717024878
0.285359068778
0.490500171814
0.977692102209
2.25357790447
5.9049516299
17.7134859348
61.2741004856
170.811569199
198.652416734
200
200
200
200
200
200
199.999999934
199.999738872
193.066926008
180.433413148
171.467233832
159.525110958
153.189645851
149.068277315
145.059585262
139.085177688
135.580701393
132.112480438
130.255105255
134.795564065
116.147170617
200
200
200
200
200
200
200
200
200
200
200
200
200
200
200
200
200
200
200
200
200
200
200
200
200
200
200
200
200
200
200
200
200
200
200
200
200
200
200
200
200
200
200
200
200
200
200
200
200
200
200
200
200
200
200
200
4.27193084825
0.0373811792979
0.00490136983515
0.00117557703983
0.000401886751592
0.000176477730737
0.000101408973924
8.51291274948e-05
9.97936270137e-05
0.000146884128684
0.000253609878064
0.000500376469965
0.00110419855028
0.00277485494164
0.00786749301685
0.025303307104
0.0924855164649
0.382430617086
1.83149267809
10.3050029971
68.2068441839
187.879567007
200
200
200
199.999999856
199.999940674
193.167153551
181.943223803
171.409045292
162.348194949
159.429339116
154.308915199
147.331872543
141.518668664
138.33983207
135.983049636
132.865716342
135.869649472
119.165851119
200
200
200
200
200
200
200
200
200
200
200
200
200
200
200
200
200
200
200
200
200
200
200
200
200
200
200
200
200
200
200
200
200
200
200
200
200
200
200
200
200
200
200
200
200
200
200
200
200
200
200
200
200
200
0.782231598282
0.000336521425731
1.70763405752e-05
3.10859378595e-06
8.70981081942e-07
3.35999624426e-07
1.66390257552e-07
1.04458492101e-07
9.16141652416e-08
1.0806158409e-07
1.57830693683e-07
2.67052629162e-07
5.08837312296e-07
1.09596032164e-06
2.65680929204e-06
7.10618220943e-06
2.1537056798e-05
7.40505779062e-05
0.000285026969165
0.0012207576362
0.00593324904974
0.0330095346463
0.205652428913
1.47290145971
12.7053445098
127.306451546
197.188824334
199.973160219
199.431282773
190.730774743
180.556139861
169.931214324
165.247498596
161.895869307
151.570651432
146.728652705
144.081160563
140.037895105
138.145221255
135.050895272
136.263038278
121.081314235
200
200
200
200
200
200
200
200
200
200
200
200
200
200
200
200
200
200
200
200
200
200
200
200
200
200
200
200
200
200
200
200
200
200
200
200
200
200
200
200
200
200
200
200
200
200
200
200
200
200
200
200
200
4.89342093275e-05
3.35837548964e-07
3.40805396935e-08
7.0806597794e-09
2.05725952578e-09
7.89479771121e-10
3.6859272414e-10
2.24846311276e-10
1.84941807548e-10
2.06807057179e-10
2.94582852476e-10
5.28729553518e-10
1.02441387314e-09
2.20149837055e-09
5.16342886447e-09
1.35559588695e-08
3.97141668687e-08
1.28466920609e-07
4.50926960218e-07
1.75966120069e-06
7.47753901259e-06
3.63078005302e-05
0.000194989821561
0.0011563335671
0.00780145803004
0.0610638970574
0.539910307766
5.68590665967
74.2745608638
188.519379974
187.339982301
177.518061123
168.829861979
166.750697887
159.264440261
153.145468798
149.472895669
146.179806775
143.262076729
138.411811667
137.134182165
135.482559552
122.435053297
200
200
200
200
200
200
200
200
200
200
200
200
200
200
200
200
200
200
200
200
200
200
200
200
200
200
200
200
200
200
200
200
200
200
200
200
200
200
200
200
200
200
200
200
200
200
200
200
200
200
200
200
6.33878628646e-08
1.48017335345e-09
3.52652010734e-11
0
0
0
0
0
0
0
0
0
7.51346773125e-13
2.47278086198e-12
1.25394041305e-11
3.7385694398e-11
1.26608000223e-10
4.28506975606e-10
1.50155908838e-09
5.47228547863e-09
2.15248567935e-08
9.13357436209e-08
4.14434934708e-07
2.07117465169e-06
1.14389412175e-05
7.2384748012e-05
0.000502440676127
0.00392869061563
0.0361369505473
0.354069625401
4.08850454896
59.881601787
171.040065544
169.348971985
169.400234779
161.387457494
156.709890557
152.776975451
148.861467316
144.523830629
140.310867499
138.286767359
135.094845097
123.871370637
200
200
200
200
200
200
200
200
200
200
200
200
200
200
200
200
200
200
200
200
200
200
200
200
200
200
200
200
200
200
200
200
200
200
200
200
200
200
200
200
200
200
200
200
200
200
200
200
200
200
200
7.43742271495e-10
0
0
0
0
0
0
0
0
0
0
0
0
0
0
0
5.67524981935e-13
1.55911836485e-12
6.92568459114e-12
2.91875395117e-11
1.18701396208e-10
4.89926023587e-10
2.03197758018e-09
8.63891833674e-09
4.10082406573e-08
2.03257664647e-07
1.11466462075e-06
6.84455471992e-06
4.88121215808e-05
0.000353170480409
0.00289544838374
0.028083724552
0.329334122185
4.94231877853
110.290060236
168.597836841
161.453995015
159.002977006
155.262302267
150.950792709
146.903281978
143.656745447
138.858301795
136.641361839
125.214965186
200
200
200
200
200
200
200
200
200
200
200
200
200
200
200
200
200
200
200
200
200
200
200
200
200
200
200
200
200
200
200
200
200
200
200
200
200
200
200
200
200
200
200
200
200
200
200
200
200
200
7.97824837708e-15
0
0
0
0
0
0
0
0
0
0
0
0
0
0
0
0
0
0
5.46989051131e-14
8.81933179606e-13
2.49671005964e-12
1.11800972403e-11
6.15829179583e-11
2.46343508366e-10
1.25150089807e-09
5.68159611094e-09
2.97556396634e-08
1.51771262041e-07
8.98369412466e-07
5.56732407186e-06
4.08652269277e-05
0.000328720539091
0.00315568790242
0.0386902101792
0.676465336969
15.0868173179
148.885744973
159.904074553
156.19165002
152.202217134
148.023754741
145.904402401
140.26779787
138.032217063
125.962039503
200
200
200
200
200
200
200
200
200
200
200
200
200
200
200
200
200
200
200
200
200
200
200
200
200
200
200
200
200
200
200
200
200
200
200
200
200
200
200
200
200
200
200
200
200
200
200
200
200
0
0
0
0
0
0
0
0
0
0
0
0
0
0
0
0
0
0
0
0
0
0
0
5.4809884185e-13
1.61357725944e-12
8.63638468066e-12
4.30236768155e-11
1.77846636464e-10
9.48959768987e-10
4.53946320391e-09
2.43008503443e-08
1.2970334158e-07
8.64039438007e-07
6.06703558073e-06
5.03396459571e-05
0.000494529640052
0.00678104198398
0.112387884575
2.94228155427
100.468399804
153.86519997
151.844253271
147.739859585
145.739602748
141.570000407
137.684095096
125.232121768
200
200
200
200
200
200
200
200
200
200
200
200
200
200
200
200
200
200
200
200
200
200
200
200
200
200
200
200
200
200
200
200
200
200
200
200
200
200
200
200
200
200
200
200
200
200
200
200
0
0
0
0
0
0
0
0
0
0
0
0
0
0
0
0
0
0
0
0
0
0
0
0
0
0
4.22740433063e-13
1.6009365683e-12
7.65567868451e-12
3.90740625338e-11
1.8066775867e-10
9.99573871524e-10
4.95540899788e-09
2.84591252289e-08
1.82720223673e-07
1.23661595458e-06
1.02132695387e-05
0.000113249777814
0.00137480751515
0.0240381792964
0.643540307153
30.8469734787
147.51217778
146.636640585
144.665704318
141.455864973
136.052054145
122.943043452
200
200
200
200
200
200
200
200
200
200
200
200
200
200
200
200
200
200
200
200
200
200
200
200
200
200
200
200
200
200
200
200
200
200
200
200
200
200
200
200
200
200
200
200
200
200
200
0
0
0
0
0
0
0
0
0
0
0
0
0
0
0
0
0
0
0
0
0
0
0
0
0
0
0
0
0
4.02960045201e-13
1.79501602763e-12
9.47346438999e-12
5.05171217342e-11
2.46234583198e-10
1.47939422709e-09
8.04656864894e-09
5.07953778428e-08
3.43173110981e-07
2.70057392039e-06
2.99833334074e-05
0.000370828467657
0.00742284927006
0.228927191783
12.6469293037
140.647552295
143.33372888
140.560337433
134.435376467
119.847871285
200
200
200
200
200
200
200
200
200
200
200
200
200
200
200
200
200
200
200
200
200
200
200
200
200
200
200
200
200
200
200
200
200
200
200
200
200
200
200
200
200
200
200
200
200
200
0
0
0
0
0
0
0
0
0
0
0
0
0
0
0
0
0
0
0
0
0
0
0
0
0
0
0
0
0
0
0
0
5.27091243628e-13
2.47691673883e-12
1.37498694521e-11
7.79956356291e-11
4.56305173977e-10
2.58744841596e-09
1.74230670451e-08
1.16398865138e-07
9.97387337312e-07
9.73844308971e-06
0.00014526362458
0.00305457987625
0.107053572938
7.48036496778
136.071348348
138.08731437
132.945135605
116.246287893
200
200
200
200
200
200
200
200
200
200
200
200
200
200
200
200
200
200
200
200
200
200
200
200
200
200
200
200
200
200
200
200
200
200
200
200
200
200
200
200
200
200
200
200
200
0
0
0
0
0
0
0
0
0
0
0
0
0
0
0
0
0
0
0
0
0
0
0
0
0
0
0
0
0
0
0
0
0
0
0
8.48384407993e-13
4.36984618755e-12
3.40713860958e-11
1.7718180593e-10
1.12144621391e-09
7.65720553654e-09
4.78758468107e-08
4.01056267966e-07
4.54664975846e-06
7.07748096671e-05
0.00157766331586
0.0651622053544
7.20942605441
130.977167418
130.550413831
112.381334441
200
200
200
200
200
200
200
200
200
200
200
200
200
200
200
200
200
200
200
200
200
200
200
200
200
200
200
200
200
200
200
200
200
200
200
200
200
200
200
200
200
200
200
200
200
0
0
0
0
0
0
0
0
0
0
0
0
0
0
0
0
0
0
0
0
0
0
0
0
0
0
0
0
0
0
0
0
0
0
0
0
2.57570865922e-13
1.89766846688e-12
1.39134921395e-11
8.45922766413e-11
5.70251165213e-10
3.77463869692e-09
2.62104619862e-08
2.19350571456e-07
2.39285390027e-06
3.92683918227e-05
0.000974680635594
0.0603858022695
13.0686130927
126.094506653
108.12026969
200
200
200
200
200
200
200
200
200
200
200
200
200
200
200
200
200
200
200
200
200
200
200
200
200
200
200
200
200
200
200
200
200
200
200
200
200
200
200
200
200
200
200
200
199.998499655
0
0
0
0
0
0
0
0
0
0
0
0
0
0
0
0
0
0
0
0
0
0
0
0
0
0
0
0
0
0
0
0
0
0
0
0
0
0
8.9932238148e-13
7.55894083076e-12
4.54466505025e-11
3.39968387225e-10
2.1318629952e-09
1.39227102736e-08
1.1566620079e-07
1.47406510025e-06
2.56936652938e-05
0.000917632629236
0.0939001403067
67.4988672756
102.557903763
200
200
200
200
200
200
200
200
200
200
200
200
200
200
200
200
200
200
200
200
200
200
200
200
200
200
200
200
200
200
200
200
200
200
200
200
200
200
200
200
200
200
200
200
0
0
0
0
0
0
0
0
0
0
0
0
0
0
0
0
0
0
0
0
0
0
0
0
0
0
0
0
0
0
0
0
0
0
0
0
0
0
0
0
4.04048345648e-13
4.71728422736e-12
3.28058366828e-11
2.31425699853e-10
1.42238688312e-09
1.14057861491e-08
8.88482971096e-08
1.20033721482e-06
2.79673026897e-05
0.0013279517412
0.38158661548
89.9354668249
199.999996576
200
200
200
200
200
200
200
200
200
200
200
200
200
200
200
200
200
200
200
200
200
200
200
200
200
200
200
200
200
200
200
200
200
200
200
200
200
200
200
200
200
200
199.999999981
0
0
0
0
0
0
0
0
0
0
0
3.8106028789e-13
1.90650575971e-12
2.93989392387e-12
5.04431988434e-12
0
0
0
0
0
0
0
0
0
0
0
0
0
0
0
0
0
0
0
0
0
0
0
0
0
0
1.71174114206e-13
3.24911066961e-12
2.90781961605e-11
1.93111590481e-10
1.28215486509e-09
9.97308203457e-09
9.61454454741e-08
1.40380362541e-06
3.83206647898e-05
0.0043644777278
6.18289324564
200
200
200
4.84123637848e-16
0
0
0
0
0
0
0
0
0
0
0
0
0
0
0
0
0
0
0
6.05059840464e-11
8.77861289184e-09
200
200
200
200
200
200
200
200
200
200
200
200
200
200
200
200
200
200
199.999998955
0
0
0
0
0
0
0
0
0
1.3220915881e-12
2.1922999804e-11
1.35177941497e-10
9.67020449432e-10
6.36718505628e-09
1.20980676353e-08
1.69583271643e-08
4.5606274197e-10
3.09688625442e-11
0
0
0
0
0
0
0
0
0
0
0
0
0
0
0
0
0
0
0
0
0
0
0
0
3.02102481145e-14
2.73036710239e-12
2.18480428523e-11
1.54279863471e-10
1.24026151142e-09
9.9992410004e-09
9.73858334559e-08
1.98088480191e-06
0.000104715576747
0.0414234994255
6.02725781182e-17
3.17224095359e-17
0
0
0
0
0
0
0
0
0
0
0
0
0
0
0
0
0
0
0
0
0
0
0
0
0
0
0
0
3.47451219086e-10
4.75768172923e-08
200
200
200
200
200
200
200
200
200
200
200
0
0
0
0
0
0
0
0
3.30281505662e-13
2.8523522028e-11
1.44341862245e-09
1.26682367402e-07
200
200
200
200
200
200
200
200
199.860760278
0
0
0
0
0
0
0
0
0
0
0
0
0
0
0
0
0
0
0
0
0
0
0
1.18716262159e-15
3.17267645748e-12
2.51020248667e-11
2.23223073296e-10
1.68941641849e-09
1.42023689643e-08
1.8403280371e-07
4.96218270844e-06
0.000681000427081
0
0
0
0
0
0
0
0
0
0
0
0
0
0
0
0
0
0
0
0
0
0
0
0
0
0
0
0
0
0
0
0
0
0
0
4.7682079585e-10
2.33423101931e-08
200
200
200
200
200
200
0
0
0
0
0
0
0
3.56965707726e-12
8.3203598977e-10
6.34969613238e-07
200
200
200
200
200
200
200
200
200
200
200
200
199.888087728
0
0
0
0
0
0
0
0
0
0
0
0
0
0
0
0
0
0
0
0
0
0
1.14378174542e-13
4.55829510093e-12
4.01794516189e-11
2.85794689984e-10
2.68710460786e-09
2.66620809335e-08
4.24903239269e-07
2.58764636409e-05
0
0
0
0
0
0
0
0
0
0
0
0
0
0
0
0
0
0
0
0
0
0
0
0
0
0
0
0
0
0
0
0
0
0
0
0
0
0
3.92251284295e-12
3.47521343886e-10
4.36026604072e-09
1.01294120382e-08
2.28299848593e-10
0
0
0
0
0
0
3.62612003307e-11
2.31799579417e-08
200
200
200
200
200
200
200
200
200
200
200
200
200
200
200
199.999362217
0
0
0
0
0
0
0
0
0
0
0
0
0
0
0
0
0
0
0
0
0
0
3.58761779921e-13
8.87282000789e-12
6.1570917955e-11
5.01452266801e-10
4.4650361898e-09
6.13198826891e-08
1.79423417474e-06
0
0
0
0
0
0
0
0
0
0
0
0
0
0
0
0
0
0
0
0
0
0
0
0
0
0
0
0
0
0
0
0
0
0
0
0
0
0
0
0
0
0
2.62923919454e-11
0
0
4.67073640164e-15
8.01963422767e-15
5.00824394354e-13
2.89532459863e-10
1.43283662603e-06
200
200
200
200
200
200
200
200
200
200
200
200
200
200
200
200
200
200
0
0
0
0
0
0
0
0
0
0
0
0
0
0
0
0
0
0
0
0
0
0
1.05837516589e-12
1.64308001395e-11
1.3777472748e-10
1.21093486743e-09
1.30613264206e-08
2.11360411091e-07
0
0
0
0
0
0
0
0
0
0
0
0
0
0
0
0
0
0
0
0
0
0
0
0
0
0
0
0
0
0
0
0
0
0
0
0
0
0
0
0
0
0
0
0
5.93803319853e-15
3.88098144783e-14
3.03030758313e-12
5.89031817326e-10
0.00021794888118
200
200
200
200
200
200
200
200
200
200
200
200
200
200
200
200
200
200
200
200
0
0
0
0
0
0
0
0
0
0
0
0
0
0
0
0
0
0
0
0
0
0
3.53529220507e-12
3.27585447218e-11
3.76316697697e-10
3.70667509329e-09
4.09943888762e-08
0
0
0
0
0
0
0
0
0
0
0
0
0
0
0
0
0
0
0
0
0
0
0
0
0
0
0
0
0
0
0
0
0
0
0
0
0
0
0
0
0
0
0
0
0
2.03069093825e-12
2.28151463498e-10
200
200
200
200
200
200
200
200
200
200
200
200
200
200
200
200
200
200
200
200
200
200
200
0
0
0
0
0
0
0
0
0
0
0
0
0
0
0
0
0
0
0
0
0
5.09948820024e-13
1.17830304483e-11
9.80844932431e-11
1.10215519966e-09
1.1103382708e-08
0
0
0
0
0
0
0
0
0
0
0
0
0
0
0
0
0
0
0
0
0
0
0
0
0
0
0
0
0
0
0
0
0
0
0
0
0
0
0
0
0
0
0
0
0
0
2.11477634184e-08
200
200
200
200
200
200
200
200
200
200
200
200
200
200
200
200
200
200
200
200
200
200
200
200
0
0
0
0
0
0
0
0
0
0
0
0
0
0
0
0
0
0
0
0
0
3.20462278512e-12
3.78637428581e-11
4.18177674593e-10
3.73968546305e-09
0
0
0
0
0
0
0
0
0
0
0
0
0
0
0
0
0
0
0
0
0
0
0
0
0
0
0
0
0
0
0
0
0
0
0
0
0
0
0
0
0
0
0
0
0
0
0
0
4.41879070283e-16
200
200
200
200
200
200
200
200
200
200
200
200
200
200
200
200
200
200
200
200
200
200
199.999959296
0
0
0
0
0
0
0
0
0
0
0
0
0
0
0
0
0
0
0
0
8.82508570919e-13
1.63293435895e-11
1.82079037296e-10
1.52845363915e-09
0
0
0
0
0
0
0
0
0
0
0
0
0
0
0
0
0
0
0
0
0
0
0
0
0
0
0
0
0
0
0
0
0
0
0
0
0
0
0
0
0
0
0
0
0
0
0
0
0
3.97691163255e-16
5.32493562923e-15
3.06082130503e-09
200
200
200
200
200
200
200
200
200
200
200
200
200
200
200
200
200
200
200
200
2.18857753333e-11
0
0
0
0
0
0
0
0
0
0
0
0
0
0
0
0
0
0
0
2.20104423918e-13
7.99331962297e-12
8.96244023435e-11
7.36625577211e-10
0
0
0
0
0
0
0
0
0
0
0
0
0
0
0
0
0
0
0
0
0
0
0
0
0
0
0
0
0
0
0
0
0
0
0
0
0
0
0
0
0
0
0
0
0
0
0
0
0
0
3.57922046929e-16
2.01059886746e-15
2.47254958168e-14
1.12762094463e-08
200
200
200
200
200
200
200
200
200
200
200
200
200
200
200
200
200
200
200
0
0
0
0
0
0
0
0
0
0
0
0
0
0
0
0
0
0
0
0
3.6453330198e-12
4.49551019729e-11
4.06642631687e-10
0
0
0
0
0
0
0
0
0
0
0
0
0
0
0
0
0
0
0
0
0
0
0
0
0
0
0
0
0
0
0
0
0
0
0
0
0
0
0
0
0
0
0
0
0
0
0
0
0
0
0
6.80051889165e-16
1.5196221227e-15
2.12371733164e-14
6.09528189507e-14
2.31509377676e-07
200
200
200
200
200
200
200
200
200
200
200
200
200
200
200
200
200
2.907098697
0
0
0
0
0
0
0
0
0
0
0
0
0
0
0
0
0
0
0
1.78964208941e-12
2.45722406805e-11
2.50909868002e-10
0
0
0
0
0
0
0
0
0
0
0
0
0
0
0
0
0
0
0
0
0
0
0
0
0
0
0
0
0
0
0
0
0
0
0
0
0
0
0
0
0
0
0
0
0
0
0
0
0
0
0
0
6.12046700249e-16
1.36765991043e-15
1.88525308125e-14
4.15354105557e-14
4.63873379718e-09
200
200
200
200
200
200
200
200
200
200
200
200
200
200
200
200
200
0
0
0
0
0
0
0
0
0
0
0
0
0
0
0
0
0
0
0
1.09425235975e-12
1.84939255613e-11
1.69608538484e-10
0
0
0
0
0
0
0
0
0
0
0
0
0
0
0
0
0
0
0
0
0
0
0
0
0
0
0
0
0
0
0
0
0
0
0
0
0
0
0
0
0
0
0
0
0
0
0
0
0
0
0
0
0
8.7297187246e-16
2.98622671276e-15
1.44714635273e-14
2.24516622367e-14
4.51092828304e-10
200
200
200
200
200
200
200
200
200
200
200
200
200
200
200
200
3.27584034036e-10
0
0
0
0
0
0
0
0
0
0
0
0
0
0
0
0
0
0
6.48547509256e-13
1.48577350081e-11
1.26576071209e-10
0
0
0
0
0
0
0
0
0
0
0
0
0
0
0
0
0
0
0
0
0
0
0
0
0
0
0
0
0
0
0
0
0
0
0
0
0
0
0
0
0
0
0
0
0
0
0
0
0
0
0
0
0
2.60925172211e-16
5.50842030224e-16
4.56897117055e-15
1.21695708119e-14
2.01048868249e-14
1.95428847267e-14
200
200
200
200
200
200
200
200
200
200
200
200
200
200
200
200
0
0
0
0
0
0
0
0
0
0
0
0
0
0
0
0
0
0
5.3643601816e-13
1.19834146657e-11
1.04033086989e-10
0
0
0
0
0
0
0
0
0
0
0
0
0
0
0
0
0
0
0
0
0
0
0
0
0
0
0
0
0
0
0
0
0
0
0
0
0
0
0
0
0
0
0
0
0
0
0
0
0
0
0
0
0
2.60925172211e-16
4.95757827201e-16
4.95757827201e-16
4.82458402893e-15
1.17226065921e-14
1.76758743777e-14
1.68495971135e-14
200
200
200
200
200
200
200
200
200
200
200
200
200
200
200
0
0
0
0
0
0
0
0
0
0
0
0
0
0
0
0
0
0
4.94584729464e-13
1.17356979073e-11
9.64631910936e-11
0
0
0
0
0
0
0
0
0
0
0
0
0
0
0
0
0
0
0
0
0
0
0
0
0
0
0
0
0
0
0
0
0
0
0
0
0
0
0
0
0
0
0
0
0
0
0
0
0
0
0
0
0
0
4.95757827201e-16
4.95757827201e-16
4.95757827201e-16
5.85109443441e-15
1.34610109774e-14
1.45222287639e-14
7.43001376e-11
200
200
200
200
200
200
200
200
200
200
200
200
200
200
0
0
0
0
0
0
0
0
0
0
0
0
0
0
0
0
0
0
5.06271023986e-13
1.1615637048e-11
9.87603466771e-11
0
0
0
0
0
0
0
0
0
0
0
0
0
0
0
0
0
0
0
0
0
0
0
0
0
0
0
0
0
0
0
0
0
0
0
0
0
0
0
0
0
0
0
0
0
0
0
0
0
0
0
0
0
0
0
4.95757827201e-16
4.95757827201e-16
4.95757827201e-16
6.99166155161e-15
1.05116464827e-14
1.01589086043e-14
1.58739295327e-09
200
200
200
200
200
200
200
200
200
200
200
200
200
0
0
0
0
0
0
0
0
0
0
0
0
0
0
0
0
0
0
7.03772479557e-13
1.21473633087e-11
1.08967071561e-10
0
0
0
0
0
0
0
0
0
0
0
0
0
0
0
0
0
0
0
0
0
0
0
0
0
0
0
0
0
0
0
0
0
0
0
0
0
0
0
0
0
0
0
0
0
0
0
0
0
0
0
0
0
0
0
0
0
2.60925172211e-16
7.85674685214e-16
6.63198803718e-15
8.74993509326e-15
6.29832276055e-15
200
200
200
200
200
200
200
200
200
200
200
200
200
0
0
0
0
0
0
0
0
0
0
0
0
0
0
0
0
0
0
9.66307388949e-13
1.64507417798e-11
1.28388879953e-10
0
0
0
0
0
0
0
0
0
0
0
0
0
0
0
0
0
0
0
0
0
0
0
0
0
0
0
0
0
0
0
0
0
0
0
0
0
0
0
0
0
0
0
0
0
0
0
0
0
0
0
0
0
0
0
0
0
0
1.36765991043e-15
1.80953898072e-15
1.62858508264e-15
3.29089389714e-15
4.23121109932e-13
200
200
200
200
200
200
200
200
200
200
200
200
0
0
0
0
0
0
0
0
0
0
0
0
0
0
0
0
0
0
1.42113773961e-12
2.12330416921e-11
1.6100850131e-10
0
0
0
0
0
0
0
0
0
0
0
0
0
0
0
0
0
0
0
0
0
0
0
0
0
0
0
0
0
0
0
0
0
0
0
0
0
0
0
0
0
0
0
0
0
0
0
0
0
0
0
0
0
0
0
0
0
0
3.57922046929e-16
1.5196221227e-15
2.30051572547e-15
1.80953898072e-15
9.01149135308e-14
200
200
200
200
200
200
200
200
200
200
200
200
0
0
0
0
0
0
0
0
0
0
0
0
0
0
0
0
0
0
2.42651573836e-12
2.70675721716e-11
1.98856424499e-10
0
0
0
0
0
0
0
0
0
0
0
0
0
0
0
0
0
0
0
0
0
0
0
0
0
0
0
0
0
0
0
0
0
0
0
0
0
0
0
0
0
0
0
0
0
0
0
0
0
0
0
0
0
0
0
0
0
0
0
0
1.68846902523e-15
2.55612858386e-15
3.65868320731e-14
7.68480793179e-13
200
200
200
200
200
200
200
200
200
200
200
2.60925172211e-16
0
0
0
0
0
0
0
0
0
0
0
0
0
0
0
0
1.34897181833e-13
4.23819479424e-12
3.8894768222e-11
2.3587641556e-10
0
0
0
0
0
0
0
0
0
0
0
0
0
0
0
0
0
0
0
0
0
0
0
0
0
0
0
0
0
0
0
0
0
0
0
0
0
0
0
0
0
0
0
0
0
0
0
0
0
0
0
0
0
0
0
0
0
0
0
0
0
1.87607669469e-15
4.12581797661e-14
2.88987318858e-13
200
200
200
200
200
200
200
200
200
200
199.999999985
2.60925172211e-16
2.60925172211e-16
0
0
0
0
0
0
0
0
0
0
0
0
0
0
0
4.2616786504e-13
7.04984504139e-12
5.85881078153e-11
6.09115644143e-10
0
0
0
0
0
0
0
0
0
0
0
0
0
0
0
0
0
0
0
0
0
0
0
0
0
0
0
0
0
0
0
0
0
0
0
0
0
0
0
0
0
0
0
0
0
0
0
0
0
0
0
0
0
0
0
0
0
0
0
0
0
0
1.78247833022e-14
9.58894108856e-14
200
200
200
200
200
200
200
200
200
200
199.999999907
2.60925172211e-16
2.60925172211e-16
2.60925172211e-16
0
0
0
0
0
0
0
0
0
0
0
0
0
0
1.08110761288e-12
1.12015849753e-11
7.98110408868e-11
1.97753730743e-09
0
0
0
0
0
0
0
0
0
0
0
0
0
0
0
0
0
0
0
0
0
0
0
0
0
0
0
0
0
0
0
0
0
0
0
0
0
0
0
0
0
0
0
0
0
0
0
0
0
0
0
0
0
0
0
0
0
0
0
0
0
0
0
9.04850526924e-14
200
200
200
200
200
200
200
200
200
199.999999991
0
2.3483265499e-16
2.60925172211e-16
2.60925172211e-16
2.60925172211e-16
0
0
0
0
0
0
0
0
0
0
0
0
1.16764501121e-14
1.97633118694e-12
2.02099190929e-11
1.01016381009e-10
3.57213628977e-09
0
0
0
0
0
0
0
0
0
0
0
0
0
0
0
0
0
0
0
0
0
0
0
0
0
0
0
0
0
0
0
0
0
0
0
0
0
0
0
0
0
0
0
0
0
0
0
0
0
0
0
0
0
0
0
0
0
0
0
0
0
0
0
8.27141641339e-14
200
200
200
200
200
200
200
200
199.999999996
199.999999945
0
0
2.3483265499e-16
2.60925172211e-16
2.60925172211e-16
0
0
0
0
0
0
0
0
0
0
0
0
3.45602535968e-13
3.35371001012e-12
2.60118795205e-11
1.09826140181e-10
5.9276618697e-09
0
0
0
0
0
0
0
0
0
0
0
0
0
0
0
0
0
0
0
0
0
0
0
0
0
0
0
0
0
0
0
0
0
0
0
0
0
0
0
0
0
0
0
0
0
0
0
0
0
0
0
0
0
0
0
0
0
0
0
0
0
0
0
0
200
200
200
200
200
200
200
199.999999997
199.999999974
0
0
0
0
2.60925172211e-16
2.60925172211e-16
2.60925172211e-16
0
0
0
0
0
0
0
0
0
0
0
7.06987903112e-13
7.07083861321e-12
3.4493418593e-11
2.29323131406e-10
8.30970504563e-09
0
0
0
0
0
0
0
0
0
0
0
0
0
0
0
0
0
0
0
0
0
0
0
0
0
0
0
0
0
0
0
0
0
0
0
0
0
0
0
0
0
0
0
0
0
0
0
0
0
0
0
0
0
0
0
0
0
0
0
0
0
0
0
0
200
200
200
200
200
200
199.999999998
199.999999979
0
0
0
0
0
0
2.60925172211e-16
2.60925172211e-16
0
0
0
0
0
0
0
0
0
0
1.82791519201e-13
1.33165241668e-12
8.13281479093e-12
3.29562523128e-11
5.09482780021e-10
1.28793211192e-08
0
0
0
0
0
0
0
0
0
0
0
0
0
0
0
0
0
0
0
0
0
0
0
0
0
0
0
0
0
0
0
0
0
0
0
0
0
0
0
0
0
0
0
0
0
0
0
0
0
0
0
0
0
0
0
0
0
0
0
0
0
0
0
0
200
200
200
200
200
199.999999998
199.999999983
0
0
0
0
0
0
0
0
2.60925172211e-16
0
0
0
0
0
0
0
0
0
0
5.12867667731e-13
2.73034686735e-12
9.46733115625e-12
2.30260351563e-11
6.01404394282e-10
1.9199607192e-08
0
0
0
0
0
0
0
0
0
0
0
0
0
0
0
0
0
0
0
0
0
0
0
0
0
0
0
0
0
0
0
0
0
0
0
0
0
0
0
0
0
0
0
0
0
0
0
0
0
0
0
0
0
0
0
0
0
0
0
0
0
0
0
12.689221991
200
200
200
200
199.999999998
199.999999981
0
0
0
0
0
0
0
0
0
0
0
0
0
0
0
0
0
0
0
2.02388162259e-13
7.54365026746e-13
3.03257732066e-12
5.6137117594e-12
5.15857674899e-11
9.20739470442e-10
2.71998139467e-08
0
0
0
0
0
0
0
0
0
0
0
0
0
0
0
0
0
0
0
0
0
0
0
0
0
0
0
0
0
0
0
0
0
0
0
0
0
0
0
0
0
0
0
0
0
0
0
0
0
0
0
0
0
0
0
0
0
0
0
0
0
0
0
200
200
200
200
199.999999997
199.999999974
0
0
0
0
0
0
0
0
0
0
0
0
0
0
0
0
0
0
0
0
5.57670900213e-13
2.07551185872e-12
3.48646106811e-12
9.97280766627e-13
5.00424602064e-11
1.56156684615e-09
2.92995189762e-08
0
0
0
0
0
0
0
0
0
0
0
0
0
0
0
0
0
0
0
0
0
0
0
0
0
0
0
0
0
0
0
0
0
0
0
0
0
0
0
0
0
0
0
0
0
0
0
0
0
0
0
0
0
0
0
0
0
0
0
0
0
0
0
200
200
200
199.999999989
0
0
0
0
0
0
0
0
0
0
0
0
0
0
0
0
0
0
0
0
0
3.14901041018e-13
1.15820035608e-12
3.76650797867e-12
6.36494667853e-12
4.16812817949e-13
1.2868081784e-11
2.61045121528e-09
2.70217561922e-08
0
0
0
0
0
0
0
0
0
0
0
0
0
0
0
0
0
0
0
0
0
0
0
0
0
0
0
0
0
0
0
0
0
0
0
0
0
0
0
0
0
0
0
0
0
0
0
0
0
0
0
0
0
0
0
0
0
0
0
0
0
0
0
200
0
0
0
0
0
0
0
0
0
0
0
0
0
0
0
0
0
0
0
0
0
0
0
2.10603168429e-13
5.46476168013e-13
1.49114523924e-12
3.56535905674e-12
4.03669848041e-12
1.25814677678e-11
5.05450912107e-11
1.32116369401e-09
1.45820749309e-08
0
0
0
0
0
0
0
0
0
0
0
0
0
0
0
0
0
0
0
0
0
0
0
0
0
0
0
0
0
0
0
0
0
0
0
0
0
0
0
0
0
0
0
0
0
0
0
0
0
0
0
0
0
0
0
0
0
0
0
0
0
0
0
0
0
0
0
0
0
0
0
0
0
0
0
0
0
0
0
0
0
0
0
0
0
0
1.42117951477e-13
7.01432271807e-13
1.08544039865e-12
1.51844082085e-12
1.57949646106e-12
7.39495029003e-11
9.20169015671e-11
1.71927271921e-10
9.85959714184e-10
2.33254793273e-08
6.02725781182e-17
0
0
0
0
0
0
0
0
0
0
0
0
0
0
0
0
0
0
0
0
0
0
0
0
0
0
0
0
0
0
0
0
0
0
0
0
0
0
0
0
0
0
0
0
0
0
0
0
0
0
0
0
0
0
0
0
0
0
0
0
0
0
0
0
0
0
0
0
0
0
0
0
0
0
0
0
0
0
0
0
0
0
0
0
1.26329409459e-13
7.68022383504e-13
1.15751924454e-12
1.26330103684e-12
2.51354074981e-12
1.83357641114e-11
2.04749189813e-11
3.08922061923e-11
7.27119346566e-11
4.26514462545e-10
1.3627036274e-08
200
200
1.45135898744e-16
0
0
0
0
0
0
0
0
0
0
0
0
0
0
0
0
0
0
0
0
0
0
0
0
0
0
0
0
0
0
0
0
0
0
0
0
0
0
0
0
0
0
0
0
0
0
0
0
0
0
0
0
0
0
0
0
0
0
0
0
0
0
0
0
0
0
0
0
0
0
0
0
0
0
0
0
0
0
0
0
0
2.00542462277e-13
8.56795336775e-13
8.49452037488e-13
1.57440352131e-12
7.61967084262e-12
6.77791979136e-12
7.32480848102e-12
1.16423535758e-11
2.04784550984e-11
4.97851691281e-11
2.7857967062e-10
1.25130783282e-08
200
200
200
200
199.999999469
0
0
0
0
0
0
0
0
0
0
0
0
0
0
0
0
0
0
0
0
0
0
0
0
0
0
0
0
0
0
0
0
0
0
0
0
0
0
0
0
0
0
0
0
0
0
0
0
0
0
0
0
0
0
0
0
0
0
0
0
0
0
0
0
0
0
0
0
0
0
0
0
0
0
8.7297187246e-16
9.69968747178e-16
6.12046700249e-16
9.75992398838e-14
6.75436845047e-13
8.78898023781e-13
8.5778087315e-13
4.4398183613e-12
4.23670947421e-12
4.31420674236e-12
5.01598465379e-12
6.36662537808e-12
8.53281501895e-12
1.19947594875e-11
2.16481944565e-11
1.08739417815e-10
8.87162590863e-09
200
200
200
200
200
16.2053483181
9.92354685126e-16
0
0
0
0
0
0
0
0
0
0
0
0
0
0
0
0
0
0
0
0
0
0
0
0
0
0
0
0
0
0
0
0
0
0
0
0
0
0
0
0
0
0
0
0
0
0
0
0
0
0
0
0
0
0
0
0
0
0
0
0
0
0
0
0
0
0
3.77456534763e-13
4.81339692334e-13
3.16468325084e-12
4.82975477275e-12
1.07220363122e-11
1.41465504815e-11
1.63230529786e-11
1.75149982442e-11
1.19604057417e-11
2.2384788286e-12
7.60843263237e-13
4.27087870696e-12
3.14657146772e-12
2.98678952411e-12
3.35385813085e-12
3.94831069583e-12
4.602326422e-12
5.50088641211e-12
6.83603391271e-12
8.62454337276e-12
1.17980467054e-11
2.54292395035e-11
5.27182079777e-09
200
200
200
200
1.17854586122e-05
7.27205352418e-10
5.38331301528e-09
1.52040593256e-09
2.63466035446e-16
0
0
0
0
0
0
0
0
0
0
0
0
0
0
0
0
0
0
0
0
0
0
0
0
0
0
0
0
0
0
0
0
0
0
0
0
0
0
0
0
0
0
0
0
0
0
0
0
0
0
0
0
0
0
0
0
0
0
0
0
0
0
4.09899457728e-12
2.16945878258e-11
4.42539269623e-11
6.7669128867e-11
8.06791133078e-11
8.68351162343e-11
9.70611854325e-11
8.66547557436e-11
7.77764367682e-11
5.47286590562e-11
2.13716305027e-11
8.86655020766e-12
3.92934818453e-12
2.69508537317e-12
2.69065992291e-12
2.96973946013e-12
3.29185820022e-12
3.71385360741e-12
4.2259374541e-12
4.87757845648e-12
5.73617057792e-12
6.81241168371e-12
8.29956459843e-12
1.14334110264e-11
2.48921612899e-09
200
200
200
7.73243939549e-06
1.12551709978e-08
1.23152903346e-09
1.91159824571e-10
1.30625915551e-12
2.73136778143e-12
2.84291533336e-14
0
0
0
0
0
0
0
0
0
0
0
0
0
0
0
0
0
0
0
0
0
0
0
0
0
0
0
0
0
0
0
0
0
0
0
0
0
0
0
0
0
0
0
0
0
0
0
0
0
0
0
0
0
0
0
0
0
0
0
0
0
1.99172015377e-11
5.76046568641e-11
6.23031346168e-11
6.45368259367e-11
7.0120708396e-11
7.50521460587e-11
7.9729335185e-11
8.12997951624e-11
7.74379039935e-11
6.9432803606e-11
5.56506248185e-11
1.187643369e-11
4.56576811185e-12
3.39986526291e-12
3.06690954799e-12
3.10454183436e-12
3.29031895115e-12
3.59604325274e-12
3.983249427e-12
4.46534935033e-12
5.05311345034e-12
5.76171491821e-12
6.62230800028e-12
7.90701109204e-12
1.00117121436e-09
200
25.4797589712
2.9957054516e-06
1.90607312075e-08
1.77047016223e-09
6.15083926378e-11
3.37258636738e-12
8.56851881356e-13
5.05682778416e-13
1.17529792873e-12
1.61231798329e-12
1.18723852525e-15
0
0
0
0
0
0
0
0
0
0
0
0
0
0
0
0
0
0
0
0
0
0
0
0
0
0
0
0
0
0
0
0
0
0
0
0
0
0
0
0
0
0
0
0
0
0
0
0
0
0
0
0
0
0
0
0
0
0
0
4.5686406549e-11
6.67902117368e-11
6.97319018446e-11
7.20062147958e-11
7.55551893658e-11
7.86720642444e-11
8.20967370631e-11
8.43701738145e-11
8.74391968422e-11
8.85657249865e-11
8.23993763812e-11
3.67031065145e-11
7.48012331341e-12
4.4842536928e-12
3.57100097032e-12
3.35808966531e-12
3.40105895991e-12
3.57529599604e-12
3.85188026622e-12
4.21015605263e-12
4.62956921403e-12
5.12141624652e-12
5.67386587384e-12
6.40495787966e-12
3.72089351391e-10
6.3285051478e-05
1.11100815016e-06
2.61464077876e-08
2.085605712e-09
1.29233843639e-10
4.73372809916e-12
1.17170380928e-12
6.76936833405e-13
5.61995768784e-13
6.93748243795e-13
5.61714179737e-13
9.51643681475e-13
1.41049024184e-14
0
0
0
0
0
0
0
0
0
0
0
0
0
0
0
0
0
0
0
0
0
0
0
0
0
0
0
0
0
0
0
0
0
0
0
0
0
0
0
0
0
0
0
0
0
0
0
0
0
0
0
0
0
0
0
0
0
0
4.15119821615e-11
7.33352350882e-11
7.42176460006e-11
7.94140125054e-11
8.22232538063e-11
8.40835182593e-11
8.64819615527e-11
8.89521340166e-11
9.27703712729e-11
9.92947145987e-11
1.04325543155e-10
6.78384885706e-11
1.17615965536e-11
5.75048429538e-12
4.24591478525e-12
3.73170419802e-12
3.60613049986e-12
3.65814046037e-12
3.83217478697e-12
4.08087234962e-12
4.38760415823e-12
4.74343243142e-12
5.12366143228e-12
5.60050326649e-12
1.10481484035e-10
3.22504983021e-07
2.81953977462e-08
2.68342176648e-09
2.05992369355e-10
6.11932465023e-12
1.05451603254e-12
6.68142782005e-13
5.05796191906e-13
4.55114500575e-13
4.55054809265e-13
4.20128780874e-13
3.68168105296e-13
8.56378225569e-13
2.26831396059e-13
0
0
0
0
0
0
0
0
0
0
0
0
0
0
0
0
0
0
0
0
0
0
0
0
0
0
0
0
0
0
0
0
0
0
0
0
0
0
0
0
0
0
0
0
0
0
0
0
0
0
0
0
0
0
0
0
0
0
1.11970641986e-10
8.6941197164e-11
9.17039388806e-11
9.29566680197e-11
9.30178301283e-11
9.42734113596e-11
9.58616144333e-11
9.97584492923e-11
1.04395877309e-10
1.13471303105e-10
9.83095098756e-11
2.52318732988e-11
7.49571316334e-12
5.04022774059e-12
4.19491264598e-12
3.89482444245e-12
3.83252106797e-12
3.90200000958e-12
4.08247816376e-12
4.31034710161e-12
4.57329739904e-12
4.84479142439e-12
5.18808792288e-12
2.97015979006e-11
3.38566196617e-08
3.35930357351e-09
3.03367477409e-10
2.12795896997e-12
8.24597256782e-13
5.68079963431e-13
4.55216572715e-13
4.09603050517e-13
3.68540673325e-13
3.68480982015e-13
3.68340965362e-13
4.09267739291e-13
5.77485536711e-13
1.40505847431e-12
7.18075552976e-13
0
0
0
0
0
0
0
0
0
0
0
0
0
0
0
0
0
0
0
0
0
0
0
0
0
0
0
0
0
0
0
0
0
0
0
0
0
0
0
0
0
0
0
0
0
0
0
0
0
0
0
0
0
0
0
0
0
1.87552778034e-10
1.20641789211e-10
1.15745312527e-10
1.10037538957e-10
1.06217425115e-10
1.04725665982e-10
1.05524222283e-10
1.07007380639e-10
1.10834192065e-10
1.16513214928e-10
1.24482130336e-10
4.65851998027e-11
9.82187040217e-12
5.97419067732e-12
4.74993889985e-12
4.25597225388e-12
4.06279423113e-12
4.06688791564e-12
4.16016823478e-12
4.32644512413e-12
4.51976114291e-12
6.39641660584
130.587646125
153.449604089
5.540466856e-09
3.90288311949e-10
7.74893651084e-13
6.07794879915e-13
4.86414945111e-13
4.09206415681e-13
3.49120928898e-13
3.27649931438e-13
2.98469595432e-13
2.98415873253e-13
3.21302014104e-13
3.64198042184e-13
4.80976345757e-13
1.08153474776e-12
2.6531184852e-11
3.3729298389e-12
0
0
0
0
0
0
0
0
0
0
0
0
0
0
0
0
0
0
0
0
0
0
0
0
0
0
0
0
0
0
0
0
0
0
0
0
0
0
0
0
0
0
0
0
0
0
0
0
0
0
0
0
0
0
0
0
1.99642808524e-10
1.64082167892e-10
1.44471821708e-10
1.32522189764e-10
1.23138263119e-10
1.1897049177e-10
1.1636393518e-10
1.15817600684e-10
1.17624088683e-10
1.21417642126e-10
1.40034991901e-10
6.78978987244e-11
1.2522051469e-11
7.00554501724e-12
5.37014236348e-12
4.6778619741e-12
4.39059641505e-12
4.30367785866e-12
4.33631607328e-12
4.46132584748e-12
177.720124635
197.072584279
199.185146183
199.337043193
5.43652156645e-10
4.84049878809e-13
4.36651992122e-13
3.84013205304e-13
3.32593976326e-13
2.98549667803e-13
2.68622635889e-13
2.60626589932e-13
2.45062352945e-13
2.49410410165e-13
2.68460872439e-13
2.9821616529e-13
4.09030542705e-13
6.64085948237e-09
2.36564825672e-09
7.43102070709e-10
5.7785445286e-12
0
0
0
0
0
0
0
0
0
0
0
0
0
0
0
0
0
0
0
0
0
0
0
0
0
0
0
0
0
0
0
0
0
0
0
0
0
0
0
0
0
0
0
0
0
0
0
0
0
0
0
0
0
0
0
2.10457914259e-10
2.02997810779e-10
1.74408527898e-10
1.57609483698e-10
1.45429212159e-10
1.35495688181e-10
1.28946126575e-10
1.25481494237e-10
1.24616542566e-10
1.25980031024e-10
1.40726702778e-10
7.84979601447e-11
1.50229063735e-11
8.09203156218e-12
6.04422379795e-12
5.16759194815e-12
4.78437184233e-12
0.859442696654
188.075059095
198.814104048
199.745029751
199.935756338
199.973532567
199.973812429
3.3305002889e-13
3.19228407611e-13
3.00184393243e-13
2.76583094015e-13
2.5451232204e-13
2.38389819215e-13
2.17501656637e-13
2.15676625969e-13
2.08080842989e-13
2.13255598433e-13
2.17339893186e-13
2.46232145995e-13
0.00104778596755
0.00449365059229
6.51926856688e-05
4.80324839426e-07
1.90135638209e-08
1.58718985382e-12
0
0
0
0
0
0
0
0
0
0
0
0
0
0
0
0
0
0
0
0
0
0
0
0
0
0
0
0
0
0
0
0
0
0
0
0
0
0
0
0
0
0
0
0
0
0
0
0
0
0
0
0
0
0
1.81433300724e-10
2.36374840441e-10
2.0020769119e-10
1.81354068698e-10
1.67019679485e-10
1.53080944033e-10
1.42553664339e-10
1.35079014589e-10
1.30726704857e-10
1.28834838285e-10
1.39504787274e-10
7.59949998151e-11
1.65425211959e-11
9.08012266978e-12
3.67145981157
180.250506609
197.005559648
199.43718277
199.862436761
199.974326532
199.991884469
199.996498137
199.997853785
199.997739061
2.43159697437e-13
2.35780963987e-13
2.26634123935e-13
2.16361387421e-13
2.02111401165e-13
1.94221506784e-13
1.80487654913e-13
1.76045313481e-13
1.76045313481e-13
1.75991591302e-13
1.83035511337e-13
199.999999956
200
200
200
0.212939080916
1.01201770912e-05
1.02863051502e-07
2.59025291812e-13
0
0
0
0
0
0
0
0
0
0
0
0
0
0
0
0
0
0
0
0
0
0
0
0
0
0
0
0
0
0
0
0
0
0
0
0
0
0
0
0
0
0
0
0
0
0
0
0
0
0
0
0
0
1.28602439706e-10
2.58516665449e-10
2.23647776961e-10
2.0458825077e-10
1.88259283086e-10
1.71011293253e-10
1.57141786487e-10
38.0000000001
94.7442039308
143.514092704
173.189411864
188.320472506
196.066628004
198.778073273
199.595846807
199.839826316
199.960316779
199.988112997
199.995897596
199.998317981
199.999277651
199.999649431
199.999747042
199.999703814
1.91292337725e-13
1.88452328968e-13
1.83119350139e-13
1.76197450985e-13
1.68572129209e-13
1.58472504542e-13
1.54951507453e-13
1.48139580672e-13
1.44518791351e-13
1.4660681759e-13
1.57147169409e-13
199.99999968
199.99999999
200
200
200
200
0.00018266910006
8.33190709091e-08
6.73493477035e-16
0
0
0
0
0
0
0
0
0
0
0
0
0
0
0
0
0
0
0
0
0
0
0
0
0
0
0
0
0
0
0
0
0
0
0
0
0
0
0
0
0
0
0
0
0
0
0
0
0
0
0
0
184.046711385
199.22812715
199.708884332
199.811266642
199.802331664
199.745337613
199.737995898
199.737995898
199.737995898
199.797426701
199.874404087
199.93043447
199.966415439
199.984646368
199.992505415
199.996533939
199.998214013
199.999153347
199.999673076
199.999851773
199.999917674
199.999941254
199.999948717
199.999939905
1.60973690519e-13
1.56252035815e-13
1.53193311265e-13
1.4848533949e-13
1.41615366107e-13
1.35800344532e-13
1.2941609264e-13
1.26549382999e-13
1.24477467397e-13
1.25674598047e-13
1.28206005133e-13
1.42504838993e-13
199.999999705
199.999999977
199.999999994
199.999999995
199.999999996
199.999999996
0.000147904068782
1.74346181349e-09
0
0
0
0
0
0
0
0
0
0
0
0
0
0
0
0
0
0
0
0
0
0
0
0
0
0
0
0
0
0
0
0
0
0
0
0
0
0
0
0
0
0
0
0
0
0
0
0
0
0
0
198.06045254
199.991903247
199.998332951
199.999114062
199.999316711
199.999359477
199.999114062
199.999015624
199.998784721
199.998499655
199.9982582
199.998147723
199.998317385
199.998649989
199.999154709
199.999562265
199.999788116
199.999887943
199.999932088
199.999955818
199.999970612
199.999979456
199.999983436
199.999984381
199.999981354
1.35748090237e-13
1.3388259069e-13
1.29519695479e-13
1.24056565619e-13
1.20374226856e-13
1.13224827426e-13
1.0971161357e-13
1.06340915252e-13
1.04109117957e-13
1.04259693788e-13
1.08320688132e-13
1.18312548202e-13
1.48794051109e-13
199.999998567
199.999999886
199.999999971
199.999999985
199.999999989
199.999999989
8.45008581577e-06
1.10099155555e-09
0
0
0
0
0
0
0
0
0
0
0
0
0
0
0
0
0
0
0
0
0
0
0
0
0
0
0
0
0
0
0
0
0
0
0
0
0
0
0
0
0
0
0
0
0
0
0
0
0
196.715359346
199.997176837
199.999912755
199.999977824
199.99998545
199.999988589
199.999988331
199.999983834
199.999982037
199.999977824
199.999971306
199.9999643
199.99995672
199.999949068
199.999948483
199.999951786
199.999960359
199.999970477
199.999978717
199.999984684
199.999988801
199.999991834
199.999993765
199.9999943
199.999994135
199.99999283
1.1409793458e-13
1.10739862808e-13
1.08635254756e-13
1.04885836401e-13
9.99059493891e-14
9.73562246236e-14
9.25231439271e-14
8.99076186596e-14
8.85056699579e-14
8.83906588094e-14
9.04289097818e-14
9.72491660095e-14
1.16715883452e-13
1.47622058203e-11
199.999953635
199.999999595
199.999999908
199.999999964
199.999999977
134.832086692
4.19944467077e-07
1.95541830859e-12
0
0
0
0
0
0
0
0
0
0
0
0
0
0
0
0
0
0
0
0
0
0
0
0
0
0
0
0
0
0
0
0
0
0
0
0
0
0
0
0
0
0
0
0
0
0
0
0
199.996514613
199.99997536
199.999995434
199.999998035
199.999998568
199.999998973
199.999998495
199.999998408
199.999998035
199.999997574
199.999996675
199.999995621
199.999994363
199.999993041
199.999992113
199.999991555
199.999992143
199.999993311
199.99999465
199.999995908
199.9999968
199.999997381
199.99999764
199.999997615
199.99999751
199.999997218
9.57835194104e-14
9.39764799763e-14
9.20503589806e-14
8.91612612543e-14
8.64359078483e-14
8.25851425123e-14
8.01149876333e-14
7.82499384363e-14
7.64686109133e-14
7.54713784005e-14
7.68589389458e-14
8.01522204444e-14
9.07960947556e-14
4.95674216277e-12
2.00067617491e-10
199.64059794
199.999998956
199.999999785
199.999999917
199.999999957
0.000322765034515
9.324277714e-10
1.76050733078e-13
0
0
0
0
0
0
0
0
0
0
0
0
0
0
0
0
0
0
0
0
0
0
0
0
0
0
0
0
0
0
0
0
0
0
0
0
0
0
0
0
0
0
0
0
0
0
199.908644819
199.9999662
199.999998567
199.999999845
199.999999908
199.999999917
199.999999895
199.999999873
199.999999826
199.999999761
199.999999636
199.999999486
199.999999277
199.99999903
199.99999871
199.999998419
199.999998231
199.999998216
199.99999827
199.999998404
199.99999858
199.999998767
199.999998904
199.999998948
199.999998903
199.999998855
199.999999005
8.41245123596e-14
8.23152674493e-14
8.03389075963e-14
7.82458381948e-14
7.5729363956e-14
7.26467036116e-14
7.11940496421e-14
6.87884034178e-14
6.63968021325e-14
6.56696607958e-14
6.56784948355e-14
6.71767201096e-14
7.28152206688e-14
1.39583694412e-13
9.63069825059e-11
1.78118346594e-10
197.605496964
199.999996302
199.999999551
199.999999844
199.999999886
1.23784846317e-09
1.26728059077e-09
0
0
0
0
0
0
0
0
0
0
0
0
0
0
0
0
0
0
0
0
0
0
0
0
0
0
0
0
0
0
0
0
0
0
0
0
0
0
0
0
0
0
0
0
0
0
199.999418736
199.999998567
199.999999973
199.999999989
199.999999986
199.999999983
199.999999979
199.999999971
199.999999957
199.999999939
199.999999908
199.999999859
199.999999806
199.999999735
199.999999666
199.999999575
199.9999995
199.999999448
199.999999433
199.999999432
199.999999449
199.999999478
199.999999492
199.999999474
199.999999451
199.999999456
199.999999625
7.57755292347e-14
7.41381616534e-14
7.24904058306e-14
7.04978337396e-14
6.84407702343e-14
6.57977868418e-14
6.41597687316e-14
6.13904764751e-14
5.89925114174e-14
5.79831920657e-14
5.74238304311e-14
5.78546536492e-14
6.04457840622e-14
7.2335906175e-14
2.47716644156e-11
2.52675232352e-10
1.59029763323e-10
2.30997179148e-10
199.676538146
199.999999239
199.999999636
9.53805267943e-10
1.9069812178e-09
1.28862823476e-09
0
0
0
0
0
0
0
0
0
0
0
0
0
0
0
0
0
0
0
0
0
0
0
0
0
0
0
0
0
0
0
0
0
0
0
0
0
0
0
0
0
0
0
0
198.727462912
199.999993737
199.999999994
200
199.999999999
199.999999998
199.999999997
199.999999996
199.999999994
199.99999999
199.999999986
199.999999978
199.999999967
199.99999995
199.999999925
199.999999897
199.999999863
199.999999831
199.999999803
199.999999785
199.999999771
199.999999762
199.999999758
199.999999751
199.999999746
199.999999782
199.999999852
199.999999881
7.00828196471e-14
6.83280327534e-14
6.70736569253e-14
6.49975951351e-14
6.26879684752e-14
6.05616525024e-14
5.79159762286e-14
5.53668314192e-14
5.2739341265e-14
5.14440812709e-14
4.9907314059e-14
4.93330328705e-14
5.09428287111e-14
5.60113394334e-14
4.38680905408e-12
1.2757164965e-10
1.52106976429e-10
2.32537773785e-10
3.38876240483e-10
4.5278457664e-10
6.81657493727e-10
9.33719546138e-10
1.48963983916e-09
3.37318563109e-09
1.76515076949e-08
0
0
0
0
0
0
0
0
0
0
0
0
0
0
0
0
0
0
0
0
0
0
0
0
0
0
0
0
0
0
0
0
0
0
0
0
0
0
0
0
0
0
0
199.997713238
199.999999951
200
200
200
200
200
199.999999999
199.999999999
199.999999998
199.999999997
199.999999995
199.999999992
199.999999989
199.999999983
199.999999975
199.999999964
199.999999951
199.999999936
199.999999923
199.999999912
199.999999903
199.999999899
199.999999901
199.999999939
199.999999959
199.999999961
199.999999963
6.60123602402e-14
6.416362815e-14
6.27702376572e-14
6.08304412098e-14
5.83947318529e-14
5.58799524007e-14
5.29841394085e-14
5.01042804334e-14
4.73010921961e-14
4.5151401622e-14
4.31418452873e-14
4.22225640572e-14
4.2144810955e-14
4.42029094965e-14
5.88546441097e-14
2.4016380332e-11
1.40152822655e-10
1.84072879504e-10
3.83849491634e-10
5.80618962282e-10
8.70884167263e-10
1.184104588e-09
1.82014136702e-09
4.55220650869e-09
1.29612467105e-08
9.20546617478e-10
0
0
0
0
0
0
0
0
0
0
0
0
0
0
0
0
0
0
0
0
0
0
0
0
0
0
0
0
0
0
0
0
0
0
0
0
0
0
0
0
0
0
199.999986905
200
200
200
200
200
200
200
200
199.999999999
199.999999999
199.999999999
199.999999998
199.999999998
199.999999996
199.999999995
199.999999993
199.999999989
199.999999986
199.999999982
199.999999978
199.999999974
199.999999977
199.999999986
199.99999999
199.999999989
199.999999987
199.999999988
6.35700778308e-14
6.122463893e-14
5.96876154048e-14
5.76303305237e-14
5.46159443216e-14
5.18989257421e-14
4.86943384833e-14
4.54094090808e-14
4.25269708759e-14
3.9944502718e-14
3.77959288837e-14
3.61561254598e-14
3.48994476586e-14
3.49615836273e-14
3.80378951414e-14
2.06594938007e-12
4.00600567888e-11
9.16683631959e-11
2.06745279136e-10
3.92233282273e-10
7.64548415673e-10
1.33048294463e-09
2.40754017718e-09
3.10181127452e-09
3.202951553e-09
8.00498896051e-09
0
0
0
0
0
0
0
0
0
0
0
0
0
0
0
0
0
0
0
0
0
0
0
0
0
0
0
0
0
0
0
0
0
0
0
0
0
0
0
0
0
0
199.999999945
200
200
200
200
200
200
200
200
200
200
200
199.999999999
199.999999999
199.999999999
199.999999999
199.999999998
199.999999998
199.999999997
199.999999996
199.999999995
199.999999996
199.999999997
199.999999997
199.999999997
199.999999996
199.999999995
199.999999996
6.28317069647e-14
5.97783190625e-14
5.7810955009e-14
5.5216861618e-14
5.20755720746e-14
4.86436024496e-14
4.51088048664e-14
4.17623432386e-14
3.85340623542e-14
3.57657747235e-14
3.35540901739e-14
3.15865531706e-14
3.03671699539e-14
2.92955647157e-14
2.93031618093e-14
3.31389106869e-14
5.4251647685e-12
2.66510334344e-11
5.99470362811e-11
1.37233475335e-10
2.62789705726e-10
5.41477110879e-10
1.01593809521e-09
1.66887029722e-09
2.085605514e-09
3.28119306876e-09
2.11644416075e-08
0.0380475475949
0
0
0
0
0
0
0
0
0
0
0
0
0
0
0
0
0
0
0
0
0
0
0
0
0
0
0
0
0
0
0
0
0
0
0
0
0
0
0
199.99468772
200
200
200
200
200
200
200
200
200
200
200
200
200
200
200
200
199.999999999
199.999999999
199.999999999
199.999999999
199.999999999
199.999999999
199.999999999
199.999999999
199.999999999
199.999999998
199.999999998
199.999999998
6.47077234428e-14
6.01143243486e-14
5.74345996897e-14
5.43196469975e-14
5.03051539537e-14
4.64269176689e-14
4.25468553181e-14
3.877435357e-14
3.554063383e-14
3.26016199581e-14
3.02297430504e-14
2.84112981768e-14
2.66840421742e-14
2.50578931895e-14
2.43757902994e-14
2.44265401888e-14
4.71320024778e-14
4.53612635891e-12
1.16215895908e-11
2.66532768581e-11
5.71666780468e-11
1.21277031987e-10
2.46094723487e-10
5.19557681956e-10
9.76307073375e-10
2.04391344015e-09
0.026466360808
129.432745184
0
0
0
0
0
0
0
0
0
0
0
0
0
0
0
0
0
0
0
0
0
0
0
0
0
0
0
0
0
0
0
0
0
0
0
0
0
0
0
199.999991408
200
200
200
200
200
200
200
200
200
200
200
200
200
200
200
200
200
200
200
200
200
200
199.999999999
199.999999999
199.999999999
199.999999999
199.999999999
199.999999999
80.8853612131
6.39486048959e-14
5.92938997149e-14
5.43022198194e-14
4.96315893682e-14
4.49982785607e-14
4.07750482939e-14
3.68413882122e-14
3.34757771798e-14
3.04620238287e-14
2.81236458916e-14
2.58138957439e-14
2.38254632959e-14
2.20343996275e-14
2.02119104582e-14
1.92262347705e-14
1.93233958778e-14
2.66555763306e-13
2.26485706751e-12
4.70446744667e-12
9.10899607366e-12
1.61935616561e-11
3.0826722812e-11
7.95697525795e-11
3.27347849527e-10
9.35152278797e-08
0.0913551814902
8.97782373362e-10
89.0660440927
0
0
0
0
0
0
0
0
0
0
0
0
0
0
0
0
0
0
0
0
0
0
0
0
0
0
0
0
0
0
0
0
0
0
0
0
0
0
200
200
200
200
200
200
200
200
200
200
200
200
200
200
200
200
200
200
200
200
200
200
200
200
200
200
200
200
200
15.3903115256
7.45302388944e-14
6.51720506958e-14
5.69091033299e-14
5.02945380085e-14
4.4580301684e-14
3.96364400515e-14
3.539326138e-14
3.15546302829e-14
2.887561547e-14
2.61935020741e-14
2.38263859633e-14
2.14750652798e-14
1.92158493145e-14
1.71189215497e-14
1.54032360293e-14
1.42890289001e-14
1.46647399648e-14
2.40981028132e-13
7.55616130997e-13
1.38548120897e-12
2.29761318194e-12
3.34201103229e-12
4.62665062279e-12
8.30259776989e-12
4.0076155463e-11
2.81734065678e-10
3.4251622386e-11
199.0403829
0
0
0
0
0
0
0
0
0
0
0
0
0
0
0
0
0
0
0
0
0
0
0
0
0
0
0
0
0
0
0
0
0
0
0
0
0
194.99368899
200
200
200
200
200
200
200
200
200
200
200
200
200
200
200
200
200
200
200
200
200
200
200
200
200
200
200
200
200
3.58919205451e-08
1.06064110391e-13
7.98173475263e-14
6.29907148539e-14
5.24258693891e-14
4.4924869669e-14
3.92063071562e-14
3.43578515512e-14
3.07048609476e-14
2.75242515045e-14
2.48186695922e-14
2.23121091381e-14
1.97518308944e-14
1.71739998766e-14
1.4877412506e-14
1.3006553423e-14
1.14036909014e-14
1.02271572223e-14
1.31613069e-14
8.47182371123e-14
1.57229989709e-13
2.7258501125e-13
3.93464031986e-13
3.6646049482e-13
2.61912516486e-13
7.79412236841e-14
6.80852121352e-14
2.96459522214e-14
4.61635607457e-13
199.999999984
0
0
0
0
0
0
0
0
0
0
0
0
0
0
0
0
0
0
0
0
0
0
0
0
0
0
0
0
0
0
0
0
0
0
0
0
200
200
200
200
200
200
200
200
200
200
200
200
200
200
200
200
200
200
200
200
200
200
200
200
200
200
200
200
200
200
2.65691347317e-07
3.20565578944e-05
1.20189328715e-13
7.43036977645e-14
5.58940947202e-14
4.59787385967e-14
3.91119873517e-14
3.38639067427e-14
3.0060472998e-14
2.68466723736e-14
2.38584419097e-14
2.12693326822e-14
1.86311229483e-14
1.59985436994e-14
1.36632383904e-14
1.15406627362e-14
9.1434932784e-15
5.92038483598e-15
6.42067810521e-15
1.14064700816e-14
2.09401355597e-14
2.93972335069e-14
2.81231370804e-14
1.60404333071e-14
2.08922337232e-14
2.92123948115e-14
4.96256944918e-14
8.42019276974e-14
5.62116983636e-13
7.81924163443e-12
0
0
0
0
0
0
0
0
0
0
0
0
0
0
0
0
0
0
0
0
0
0
0
0
0
0
0
0
0
0
0
0
0
0
0
6.02725781182e-17
200
200
200
200
200
200
200
200
200
200
200
200
200
200
200
200
200
200
200
200
200
200
200
200
200
200
200
200
200
200
9.65142795581e-07
3.12576986633e-08
0.0348051627076
199.991545739
6.05952320474e-14
4.72161846509e-14
3.89899652658e-14
3.3555320194e-14
2.96293860233e-14
2.63150976287e-14
2.34379129759e-14
2.06978515064e-14
1.78283363052e-14
1.52114161966e-14
1.26821757151e-14
1.00102132261e-14
7.10686283804e-15
3.7986584846e-15
6.73488212783e-16
1.20334768407e-15
1.40626309909e-15
1.59647754963e-15
3.57041122905e-15
5.18487732991e-15
8.55078426301e-15
1.78069241945e-14
4.46399994061e-14
1.71188514822e-13
9.52423302687e-13
8.57157846782e-13
2.85501685823e-17
0
0
0
0
0
0
0
0
0
0
0
0
0
0
0
0
0
0
0
0
0
0
0
0
0
0
0
0
0
0
0
0
0
0
199.999999933
200
200
200
200
200
200
200
200
200
200
200
200
200
200
200
200
200
200
200
200
200
200
200
200
200
200
200
200
200
200
7.67215145636e-07
8.14968287948e-07
8.40245624272e-07
1.63093789671e-06
0.341142888375
199.999997413
199.998249671
3.48352309123e-14
3.00401683711e-14
2.65079878506e-14
2.34307395379e-14
2.06075769609e-14
1.73391583783e-14
1.4841374956e-14
1.22429777758e-14
1.00922960065e-14
7.46336980717e-15
3.57760650076e-15
6.73488212783e-16
1.08732876539e-15
1.37454068956e-15
1.5647551401e-15
1.97519513004e-15
4.62722612835e-15
6.52680404139e-15
1.3872944792e-14
4.01759994654e-14
8.42250533339e-14
1.58667801054e-13
6.50367840484e-15
4.6265318279e-12
0
0
0
0
0
0
0
0
0
0
0
0
0
0
0
0
0
0
0
0
0
0
0
0
0
0
0
0
0
0
0
0
0
0
200
200
200
200
200
200
200
200
200
200
200
200
200
200
200
200
200
200
200
200
200
200
200
200
200
200
200
200
200
200
153.60429197
)
;

boundaryField
{
    frontAndBack
    {
        type            empty;
    }
    leftWall
    {
        type            calculated;
        value           uniform 0;
    }
    outlet
    {
        type            calculated;
        value           uniform 0;
    }
    rightWall
    {
        type            calculated;
        value           uniform 0;
    }
    inlet
    {
        type            calculated;
        value           uniform 4.26733035231e-11;
    }
}


// ************************************************************************* //
