/*--------------------------------*- C++ -*----------------------------------*\
| =========                 |                                                 |
| \\      /  F ield         | OpenFOAM: The Open Source CFD Toolbox           |
|  \\    /   O peration     | Version:  v1906                                 |
|   \\  /    A nd           | Web:      www.OpenFOAM.com                      |
|    \\/     M anipulation  |                                                 |
\*---------------------------------------------------------------------------*/
FoamFile
{
    version     2.0;
    format      ascii;
    class       volScalarField;
    location    "691";
    object      alpha;
}
// * * * * * * * * * * * * * * * * * * * * * * * * * * * * * * * * * * * * * //

dimensions      [0 0 -1 0 0 0 0];


internalField   nonuniform List<scalar> 
9216
(
200
200
200
200
200
200
200
200
200
200
200
200
200
200
200
200
200
200
200
200
200
200
200
200
200
200
200
200
200
200
200
200
200
200
200
200
200
200
200
200
200
200
200
200
200
200
200
200
200
200
200
200
200
200
200
200
200
200
200
200
200
200
200
200
200
200
200
200
200
200
200
200
200
200
200
200
200
200
200
200
200
200
200
200
199.999785707
182.273475166
162.742322452
138.481674572
111.264720751
87.4575032123
66.1505797582
49.1241714043
35.316715147
22.7531663382
12.9975208637
1.56979928975
200
200
200
200
200
200
200
200
200
200
200
200
200
200
200
200
200
200
200
200
200
200
200
200
200
200
200
200
200
200
200
200
200
200
200
200
200
200
200
200
200
200
200
200
200
200
200
200
200
200
200
200
200
200
200
200
200
200
200
200
200
200
200
200
200
200
200
200
200
200
200
200
200
200
200
200
200
200
200
200
200
200
200
200
200
195.419726737
175.99493939
150.745716308
127.096778261
100.169153834
76.6084507864
60.7412892205
47.7829085188
31.1727844908
20.5607883811
15.3879299865
200
200
200
200
200
200
200
200
200
200
200
200
200
200
200
200
200
200
200
200
200
200
200
200
200
200
200
200
200
200
200
200
200
200
200
200
200
200
200
200
200
200
200
200
200
200
200
200
200
200
200
200
200
200
200
200
200
200
200
200
200
200
200
200
200
200
200
200
200
200
200
200
200
200
200
200
200
200
200
200
200
200
200
200
200
192.17191879
166.815393213
150.823924085
132.105724772
101.992865299
73.9779797546
64.618380819
47.3448755103
36.4379268454
31.8955375453
21.6841179056
200
200
200
200
200
200
200
200
200
200
200
200
200
200
200
200
200
200
200
200
200
200
200
200
200
200
200
200
200
200
200
200
200
200
200
200
200
200
200
200
200
200
200
200
200
200
200
200
200
200
200
200
200
200
200
200
200
200
200
200
200
200
200
200
200
200
200
200
200
200
200
200
200
200
200
200
200
200
200
200
200
200
200
200
200
185.345683103
164.399333577
148.952847408
124.92597911
106.465773325
86.1402296841
62.4742608074
56.048784044
46.7741470644
40.6954924822
28.334126133
200
200
200
200
200
200
200
200
200
200
200
200
200
200
200
200
200
200
200
200
200
200
200
200
200
200
200
200
200
200
200
200
200
200
200
200
200
200
200
200
200
200
200
200
200
200
200
200
200
200
200
200
200
200
200
200
200
200
200
200
200
200
200
200
200
200
200
200
200
200
200
200
200
200
200
200
200
200
200
200
200
200
200
200
199.950348311
176.578314173
156.09772166
142.251838702
131.963321306
108.231172178
92.7855583693
72.1612153928
58.0698178319
56.8028363415
53.1963447421
40.8399656043
200
200
200
200
200
200
200
200
200
200
200
200
200
200
200
200
200
200
200
200
200
200
200
200
200
200
200
200
200
200
200
200
200
200
200
200
200
200
200
200
200
200
200
200
200
200
200
200
200
200
200
200
200
200
200
200
200
200
200
200
200
200
200
200
200
200
200
200
200
200
200
200
200
200
200
200
200
200
200
200
200
200
200
200
196.162288658
174.348726958
160.896714667
141.979802243
121.592860553
102.554702463
99.4180126784
86.9094603462
69.1207926958
65.9147399921
65.0133761215
52.1932452767
200
200
200
200
200
200
200
200
200
200
200
200
200
200
200
200
200
200
200
200
200
200
200
200
200
200
200
200
200
200
200
200
200
200
200
200
200
200
200
200
200
200
200
200
200
200
200
200
200
200
200
200
200
200
200
200
200
200
200
200
200
200
200
200
200
200
200
200
200
200
200
200
200
200
200
200
200
200
200
200
200
200
200
200
191.343252725
172.42508076
156.395264712
141.307605761
121.376908196
112.034366398
97.9198708742
96.3216849157
87.0479166421
76.5432680552
76.3161876431
63.0498941962
200
200
200
200
200
200
200
200
200
200
200
200
200
200
200
200
200
200
200
200
200
200
200
200
200
200
200
200
200
200
200
200
200
200
200
200
200
200
200
200
200
200
200
200
200
200
200
200
200
200
200
200
200
200
200
200
200
200
200
200
200
200
200
200
200
200
200
200
200
200
200
200
200
200
200
200
200
200
200
200
200
200
200
200
187.246966623
170.925141815
152.09849362
137.213634918
124.730792088
117.615475419
108.695060333
99.02930244
99.3461755622
86.3310987046
86.9618798273
73.7507813473
200
200
200
200
200
200
200
200
200
200
200
200
200
200
200
200
200
200
200
200
200
200
200
200
200
200
200
200
200
200
200
200
200
200
200
200
200
200
200
200
200
200
200
200
200
200
200
200
200
200
200
200
200
200
200
200
200
200
200
200
200
200
200
200
200
200
200
200
200
200
200
200
200
200
200
200
200
200
200
200
200
200
200
199.999999913
186.547109452
171.239577408
155.349823298
138.728927146
127.112378173
114.683492599
116.18444352
110.188332205
103.937082786
99.4386028997
95.8750313839
83.3596454805
200
200
200
200
200
200
200
200
200
200
200
200
200
200
200
200
200
200
200
200
200
200
200
200
200
200
200
200
200
200
200
200
200
200
200
200
200
200
200
200
200
200
200
200
200
200
200
200
200
200
200
200
200
200
200
200
200
200
200
200
200
200
200
200
200
200
200
200
200
200
200
200
200
200
200
200
200
200
200
200
200
200
200
199.501863945
185.294067386
170.593025143
154.776496144
141.542869922
131.004863586
123.294725814
116.660782979
117.473241092
112.868023969
110.697252872
104.357874367
93.354322403
200
200
200
200
200
200
200
200
200
200
200
200
200
200
200
200
200
200
200
200
200
200
200
200
200
200
200
200
200
200
200
200
200
200
200
200
200
200
200
200
200
200
200
200
200
200
200
200
200
200
200
200
200
200
200
200
200
200
200
200
200
200
200
200
200
200
200
199.482229784
191.533349658
184.625543237
184.770142252
190.241193106
196.376307086
199.72562485
200
200
200
199.98545832
200
200
200
200
200
198.363148111
184.029266791
167.143411612
154.124867867
144.225931791
138.279846404
131.256642626
125.940555395
118.797402101
120.489040821
122.638920461
112.856624055
101.214541251
200
200
200
200
200
200
200
200
200
200
200
200
200
200
200
200
200
200
200
200
200
200
200
200
200
200
200
200
200
200
200
200
200
200
200
200
200
200
200
200
200
200
200
200
200
200
200
200
200
200
200
200
200
200
200
200
200
200
200
200
200
200
196.346099581
41.3824748556
5.06285275763
0.890876691626
0.196984204061
0.0604067415652
0.0327984666593
0.0342260816124
0.0577124841581
0.130668435414
0.367779023325
1.25909575039
5.24267275361
26.8301830859
140.30417581
190.757301557
199.653178079
199.995828792
199.709871321
200
200
197.085791192
182.087645278
167.637635059
157.617541386
149.392243594
141.644761455
136.465826662
131.643309195
128.003515626
123.323071703
128.488172975
120.503970575
107.393131329
200
200
200
200
200
200
200
200
200
200
200
200
200
200
200
200
200
200
200
200
200
200
200
200
200
200
200
200
200
200
200
200
200
200
200
200
200
200
200
200
200
200
200
200
200
200
200
200
200
200
200
200
200
200
200
200
200
200
200
200
2.24704603438
0.00350835271572
0.000205912199521
3.38769590118e-05
8.19707440645e-06
2.41185516716e-06
9.59795657931e-07
6.56699987638e-07
7.70436160515e-07
1.31171550704e-06
2.83655241718e-06
7.40111632169e-06
2.28965383036e-05
8.31438069185e-05
0.000353236123162
0.00184635497132
0.0123934017686
0.11247973342
1.39928566554
23.8215766224
169.621259162
198.912323735
199.960731719
195.670573585
181.313963616
171.042839034
161.786799614
153.050889463
145.461823369
140.466908989
135.715351742
132.233472178
130.082989216
132.275322018
126.957044879
112.90040363
200
200
200
200
200
200
200
200
200
200
200
200
200
200
200
200
200
200
200
200
200
200
200
200
200
200
200
200
200
200
200
200
200
200
200
200
200
200
200
200
200
200
200
200
200
200
200
200
200
200
200
200
200
200
200
200
200
200
0.0703252452802
1.80994389622e-06
3.69910176601e-08
3.22101746807e-09
6.46296337276e-10
1.90548831261e-10
6.94810336203e-11
3.82097353076e-11
3.45433503618e-11
4.65406277383e-11
8.16220783021e-11
1.72732764748e-10
4.23930441321e-10
1.19564897435e-09
3.88598871469e-09
1.48744721482e-08
6.84972572313e-08
3.90137771945e-07
2.83129128496e-06
2.64822555532e-05
0.000300881803308
0.0042809177753
0.0851136384274
2.42499883966
97.2200088444
187.806662144
184.67747141
171.773149113
164.339200926
155.579478977
148.779841291
145.764451451
140.00561973
136.966587096
134.264936893
132.330346097
134.752396263
117.618325373
200
200
200
200
200
200
200
200
200
200
200
200
200
200
200
200
200
200
200
200
200
200
200
200
200
200
200
200
200
200
200
200
200
200
200
200
200
200
200
200
200
200
200
200
200
200
200
200
200
200
200
200
200
200
200
200
0.523456338865
7.05826388834e-08
1.40620548059e-11
1.13333196648e-12
2.03093111307e-13
5.32637342023e-14
1.90632626865e-14
9.0655449223e-15
6.52870447725e-15
7.04227310005e-15
1.00621191165e-14
1.72956520239e-14
3.44746513009e-14
7.94639869346e-14
2.08216009855e-13
6.24599758498e-13
2.16060173059e-12
8.75955294313e-12
4.21259759344e-11
2.46270663445e-10
1.693222182e-09
1.42067351411e-08
1.48826066809e-07
2.04848441711e-06
3.76470060767e-05
0.000836118122687
0.0247472321115
0.975469288055
41.0174072409
166.801592356
163.948926058
157.68157707
153.798790628
150.031587932
144.294586941
140.88100882
137.508708952
135.669720307
139.942124006
121.61556305
200
200
200
200
200
200
200
200
200
200
200
200
200
200
200
200
200
200
200
200
200
200
200
200
200
200
200
200
200
200
200
200
200
200
200
200
200
200
200
200
200
200
200
200
200
200
200
200
200
200
200
200
200
200
200
5.25724554334e-08
1.50633646362e-13
1.31810732499e-15
1.72828455484e-16
4.14523227037e-17
1.41710315469e-17
6.22282640493e-18
3.57580776905e-18
3.00175993986e-18
3.51884860845e-18
5.17931883315e-18
8.94260278156e-18
1.76439026993e-17
3.89354275257e-17
9.78448698804e-17
2.77417683702e-16
8.92226384153e-16
3.26115545304e-15
1.34849838114e-14
6.45807318016e-14
3.63367346609e-13
2.40505897947e-12
1.89479575532e-11
1.82349012181e-10
2.13727641139e-09
3.13439161716e-08
6.04439290356e-07
1.56385969068e-05
0.000467621905849
0.0149688728418
0.768937464348
70.4645018596
160.406825549
158.266772834
152.024188059
146.581275205
143.514803591
141.231910976
138.226888465
141.032183162
124.544166341
200
200
200
200
200
200
200
200
200
200
200
200
200
200
200
200
200
200
200
200
200
200
200
200
200
200
200
200
200
200
200
200
200
200
200
200
200
200
200
200
200
200
200
200
200
200
200
200
200
200
200
200
200
70.5194821128
2.75824684749e-14
1.18661680719e-17
6.02133212998e-19
1.09612920637e-19
3.07118867195e-20
1.18477687026e-20
5.86712943268e-21
3.68333760952e-21
3.23043051467e-21
3.81038715777e-21
5.56530846164e-21
9.41661106654e-21
1.79422426249e-20
3.86449372381e-20
9.36824320347e-20
2.50572908584e-19
7.59423668742e-19
2.61111636902e-18
1.00504088671e-17
4.30454472691e-17
2.09213812415e-16
1.16395764471e-15
7.25156289996e-15
5.19363551259e-14
4.48006402675e-13
4.63258919257e-12
5.84793713598e-11
9.09180502863e-10
1.7995976102e-08
3.95222414952e-07
1.13938270322e-05
0.000451466706139
0.0307103091093
4.19533460258
138.165695195
151.185401948
148.861314553
145.012906741
143.199892114
140.233114635
141.346127937
126.293940824
200
200
200
200
200
200
200
200
200
200
200
200
200
200
200
200
200
200
200
200
200
200
200
200
200
200
200
200
200
200
200
200
200
200
200
200
200
200
200
200
200
200
200
200
200
200
200
200
200
200
200
200
18.6104547951
1.72548167203e-18
1.18420537183e-20
1.20172262763e-21
2.49672955651e-22
7.25415543671e-23
2.78380481513e-23
1.29970423286e-23
7.92836329559e-24
6.52128038241e-24
7.29227654258e-24
1.03873613128e-23
1.86436680309e-23
3.61221196169e-23
7.76275971675e-23
1.82068985949e-22
4.7800013319e-22
1.40037139648e-21
4.52990494828e-21
1.59002508873e-20
6.20478637031e-20
2.6366741581e-19
1.28025864171e-18
6.8755859747e-18
4.07737736894e-17
2.7508920714e-16
2.15318969374e-15
1.90379154664e-14
2.00492209131e-13
2.61901428939e-12
3.8401356596e-11
6.75871385256e-10
1.46947448452e-08
4.72346275378e-07
2.87583068379e-05
0.0023056265259
0.373781086522
103.877314776
150.387056085
147.843802933
143.227466267
142.02009763
140.428453989
127.397848477
200
200
200
200
200
200
200
200
200
200
200
200
200
200
200
200
200
200
200
200
200
200
200
200
200
200
200
200
200
200
200
200
200
200
200
200
200
200
200
200
200
200
200
200
200
200
200
200
200
200
200
6.94653601832
2.23513564652e-21
5.21927712311e-23
1.24349527557e-24
0
0
0
0
0
0
0
0
0
2.64934307549e-26
8.71933584896e-26
4.42155136514e-25
1.31826653309e-24
4.46435708104e-24
1.51096940751e-23
5.29468591007e-23
1.92959658023e-22
7.58993481263e-22
3.22061301868e-21
1.46134962415e-20
7.30322191812e-20
4.03351432249e-19
2.55237711502e-18
1.77166892008e-17
1.38530564721e-16
1.27423425676e-15
1.24849396291e-14
1.44165804704e-13
2.11150047779e-12
3.89829475511e-11
9.8025340071e-10
4.30610834103e-08
2.66934558919e-06
0.000334104451492
0.0771109717503
49.658120345
148.131841248
144.700353813
142.804211091
139.769183456
128.479809809
200
200
200
200
200
200
200
200
200
200
200
200
200
200
200
200
200
200
200
200
200
200
200
200
200
200
200
200
200
200
200
200
200
200
200
200
200
200
200
200
200
200
200
200
200
200
200
200
200
200
3.01180249609
2.62252864778e-23
0
0
0
0
0
0
0
0
0
0
0
0
0
0
0
2.00116435558e-26
5.49764714715e-26
2.44208335896e-25
1.02918929663e-24
4.18556029443e-24
1.72754068364e-23
7.16500812163e-23
3.0461910923e-22
1.44600206336e-21
7.16712050461e-21
3.93044743135e-20
2.41347594755e-19
1.72117670476e-18
1.24532346475e-17
1.02097146089e-16
9.90267394993e-16
1.16127347231e-14
1.74272366651e-13
4.06308465453e-12
1.20436202909e-10
5.04142371269e-09
4.39509194359e-07
7.71000401636e-05
0.0255686489551
31.3745845845
146.868465284
142.902421256
140.828189925
129.359295026
200
200
200
200
200
200
200
200
200
200
200
200
200
200
200
200
200
200
200
200
200
200
200
200
200
200
200
200
200
200
200
200
200
200
200
200
200
200
200
200
200
200
200
200
200
200
200
200
200
2.1815524557
2.81323056789e-28
0
0
0
0
0
0
0
0
0
0
0
0
0
0
0
0
0
0
1.92875208468e-27
3.10980714367e-26
8.8037132049e-26
3.94224268558e-25
2.17149102249e-24
8.68638146096e-24
4.41294932897e-23
2.00340213769e-22
1.0492212214e-21
5.35164529257e-21
3.16776336478e-20
1.96310838169e-19
1.44095921966e-18
1.15910990127e-17
1.11273518324e-16
1.36426539774e-15
2.38530172807e-14
5.3198012452e-13
1.77272421073e-11
1.01575353428e-09
1.05306164891e-07
2.61389548581e-05
0.0154289199491
61.1672791036
143.317923859
141.523255691
129.490436926
200
200
200
200
200
200
200
200
200
200
200
200
200
200
200
200
200
200
200
200
200
200
200
200
200
200
200
200
200
200
200
200
200
200
200
200
200
200
200
200
200
200
200
200
200
200
200
200
5.06829979807
0
0
0
0
0
0
0
0
0
0
0
0
0
0
0
0
0
0
0
0
0
0
0
1.93266534612e-26
5.68967604838e-26
3.04529769335e-25
1.51706887326e-24
6.27109573992e-24
3.34615131497e-23
1.60067173187e-22
8.5687849993e-22
4.57350270439e-21
3.04671156371e-20
2.13931293506e-19
1.77503913252e-18
1.74377361341e-17
2.39108055927e-16
3.96293794581e-15
1.03748542494e-13
3.76464177669e-12
2.59647473777e-10
3.67577422136e-08
1.43624223235e-05
0.0236894927145
107.233355577
140.203677775
127.909576526
200
200
200
200
200
200
200
200
200
200
200
200
200
200
200
200
200
200
200
200
200
200
200
200
200
200
200
200
200
200
200
200
200
200
200
200
200
200
200
200
200
200
200
200
200
200
200
19.3307996791
0
0
0
0
0
0
0
0
0
0
0
0
0
0
0
0
0
0
0
0
0
0
0
0
0
0
1.49063585435e-26
5.64510338402e-26
2.69948844349e-25
1.3778005138e-24
6.37057205164e-24
3.52462299659e-23
1.74733944223e-22
1.00350449428e-21
6.44294454513e-21
4.36046314898e-20
3.60132709666e-19
3.99332938379e-18
4.84774394551e-17
8.47616388922e-16
2.26920393824e-14
1.08770302221e-12
9.65161737386e-11
1.95942243858e-08
1.8597237291e-05
0.107778253296
127.417930343
124.733889843
200
200
200
200
200
200
200
200
200
200
200
200
200
200
200
200
200
200
200
200
200
200
200
200
200
200
200
200
200
200
200
200
200
200
200
200
200
200
200
200
200
200
200
200
200
200
200
0
0
0
0
0
0
0
0
0
0
0
0
0
0
0
0
0
0
0
0
0
0
0
0
0
0
0
0
0
1.42088772274e-26
6.32945192992e-26
3.34046251083e-25
1.7812971513e-24
8.68254062275e-24
5.21652982573e-23
2.8373211537e-22
1.79110881112e-21
1.21007148469e-20
9.52256277894e-20
1.05724998874e-18
1.30758774526e-17
2.6173898681e-16
8.07226026698e-15
4.45946609151e-13
5.45841704959e-11
2.18971359585e-08
6.86263370973e-05
2.86521548152
120.045126844
200
200
200
200
200
200
200
200
200
200
200
200
200
200
200
200
200
200
200
200
200
200
200
200
200
200
200
200
200
200
200
200
200
200
200
200
200
200
200
200
200
200
200
200
200
200
0
0
0
0
0
0
0
0
0
0
0
0
0
0
0
0
0
0
0
0
0
0
0
0
0
0
0
0
0
0
0
0
1.85858991668e-26
8.7339194701e-26
4.84837663845e-25
2.7502240585e-24
1.60898934584e-23
9.12366804414e-23
6.14359223743e-22
4.10437015743e-21
3.51691300237e-20
3.43389732793e-19
5.12217782346e-18
1.07708322351e-16
3.7748434187e-15
2.63767062539e-13
5.63201355886e-11
5.94798323098e-08
0.00104803617753
102.823629627
200
200
200
200
200
200
200
200
200
200
200
200
200
200
200
200
200
200
200
200
200
200
200
200
200
200
200
200
200
200
200
200
200
200
200
200
200
200
200
200
200
200
200
200
200
0
0
0
0
0
0
0
0
0
0
0
0
0
0
0
0
0
0
0
0
0
0
0
0
0
0
0
0
0
0
0
0
0
0
0
2.99150996194e-26
1.54086264187e-25
1.20139986028e-24
6.2476529804e-24
3.95436018047e-23
2.70002683069e-22
1.6881624806e-21
1.41417476514e-20
1.60320580125e-19
2.49560866723e-18
5.56303897326e-17
2.29770119091e-15
2.54213416211e-13
1.19896615934e-10
6.48209740219e-07
1.50789071161
200
200
200
200
200
200
200
200
200
200
200
200
200
200
200
200
200
200
200
200
200
200
200
200
200
200
200
200
200
200
200
200
200
200
200
200
200
200
200
200
200
200
200
200
200
0
0
0
0
0
0
0
0
0
0
0
0
0
0
0
0
0
0
0
0
0
0
0
0
0
0
0
0
0
0
0
0
0
0
0
0
9.08227218759e-27
6.69141732172e-26
4.90607205279e-25
2.98282990459e-24
2.01077722017e-23
1.33098500611e-22
9.24213804497e-22
7.73457660803e-21
8.43750334481e-20
1.38465280856e-18
3.43684632062e-17
2.12927921997e-15
4.60815709096e-13
8.57496766805e-10
0.00026532135178
200
200
200
200
200
200
200
200
200
200
200
200
200
200
200
200
200
200
200
200
200
200
200
200
200
200
200
200
200
200
200
200
200
200
200
200
200
200
200
200
200
200
200
200
200
0
0
0
0
0
0
0
0
0
0
0
0
0
0
0
0
0
0
0
0
0
0
0
0
0
0
0
0
0
0
0
0
0
0
0
0
0
0
3.1711236532e-26
2.66537746143e-25
1.60250596822e-24
1.19877122628e-23
7.51721663851e-23
4.90932248263e-22
4.07853549243e-21
5.19773865527e-20
9.05990904134e-19
3.23568788617e-17
3.31103686617e-15
2.52300410736e-12
8.40242134539e-08
200
200
200
200
200
200
200
200
200
200
200
200
200
200
200
200
200
200
200
200
200
200
200
200
200
200
200
200
200
200
200
200
200
200
200
200
200
200
200
200
200
200
200
200
0
0
0
0
0
0
0
0
0
0
0
0
0
0
0
0
0
0
0
0
0
0
0
0
0
0
0
0
0
0
0
0
0
0
0
0
0
0
0
0
1.42472520679e-26
1.6633736578e-25
1.15677499871e-24
8.16036079913e-24
5.01551477197e-23
4.02182342901e-22
3.13290253098e-21
4.23253975672e-20
9.86162213926e-19
4.68252460247e-17
1.34552232549e-14
8.34934640285e-11
200
200
200
200
200
200
200
200
200
200
200
200
200
200
200
200
200
200
200
200
200
200
200
200
200
200
200
200
200
200
200
200
200
200
200
200
200
200
200
200
200
200
200
200
0
0
0
0
0
0
0
0
0
0
0
1.34366642831e-26
6.72257872603e-26
1.03664351648e-25
1.77869053734e-25
0
0
0
0
0
0
0
0
0
0
0
0
0
0
0
0
0
0
0
0
0
0
0
0
0
0
6.03581422583e-27
1.14567722415e-25
1.02533371276e-24
6.80935718817e-24
4.52103906618e-23
3.51663396646e-22
3.39020914601e-21
4.94998787158e-20
1.35123476324e-18
1.53896965554e-16
2.18016580263e-13
200
200
200
1.70708074287e-29
0
0
0
0
0
0
0
0
0
0
0
0
0
0
0
0
0
0
0
2.13351698035e-24
3.0954491467e-22
200
200
200
200
200
200
200
200
200
200
200
200
200
200
200
200
200
200
200
0
0
0
0
0
0
0
0
0
4.66186096672e-26
7.73032503794e-25
4.76654397243e-24
3.40983554226e-23
2.24514940938e-22
4.26593057464e-22
5.97971911928e-22
1.60813450014e-23
1.09200098373e-24
0
0
0
0
0
0
0
0
0
0
0
0
0
0
0
0
0
0
0
0
0
0
0
0
1.06525128628e-27
9.62761728008e-26
7.70389427548e-25
5.44010172926e-24
4.37331784021e-23
3.52585794631e-22
3.43394678391e-21
6.98484856927e-20
3.69240273698e-18
1.460644609e-15
2.12528679421e-30
1.11857199695e-30
0
0
0
0
0
0
0
0
0
0
0
0
0
0
0
0
0
0
0
0
0
0
0
0
0
0
0
0
1.22515663111e-23
1.67761832427e-21
200
200
200
200
200
200
200
200
200
200
200
0
0
0
0
0
0
0
0
1.16461406542e-26
1.00577520629e-24
5.08967532599e-23
4.46697936117e-21
200
200
200
200
200
200
200
200
200
200
199.999712725
0
0
0
0
0
0
0
0
0
0
0
0
0
0
0
0
0
0
0
0
0
4.18608448654e-29
1.1187255611e-25
8.85128919699e-25
7.87112588597e-24
5.95709444698e-23
5.00793364889e-22
6.48922776558e-21
1.74972793764e-19
2.40129302531e-17
0
0
0
0
0
0
0
0
0
0
0
0
0
0
0
0
0
0
0
0
0
0
0
0
0
0
0
0
0
0
0
0
0
0
0
1.6813300049e-23
8.23079170472e-22
200
200
200
200
200
200
0
0
0
0
0
0
0
1.25870591288e-25
2.93386338626e-23
2.23898259519e-20
200
200
200
200
200
200
200
200
200
200
200
200
200
199.999912755
0
0
0
0
0
0
0
0
0
0
0
0
0
0
0
0
0
0
0
0
0
4.03311806945e-27
1.60731209525e-25
1.41677792108e-24
1.00774796673e-23
9.4750682915e-23
9.40138455717e-22
1.49826218063e-20
9.12436603409e-19
0
0
0
0
0
0
0
0
0
0
0
0
0
0
0
0
0
0
0
0
0
0
0
0
0
0
0
0
0
0
0
0
0
0
0
0
0
0
1.38312728699e-25
1.22540389996e-23
1.53748456179e-22
3.57175788892e-22
8.05013935828e-24
0
0
0
0
0
0
1.27861546015e-24
8.17354426208e-22
200
200
200
200
200
200
200
200
200
200
200
200
200
200
200
200
199.999922821
0
0
0
0
0
0
0
0
0
0
0
0
0
0
0
0
0
0
0
0
0
1.26503908898e-26
3.12866775886e-25
2.1710678873e-24
1.76818366467e-23
1.57442783205e-22
2.16221606858e-21
6.32669501847e-20
0
0
0
0
0
0
0
0
0
0
0
0
0
0
0
0
0
0
0
0
0
0
0
0
0
0
0
0
0
0
0
0
0
0
0
0
0
0
0
0
0
0
9.27102757743e-25
0
0
1.64696030991e-28
2.82782373852e-28
1.76596970757e-26
1.0209278127e-23
5.05236187772e-20
200
200
200
200
200
200
200
200
200
200
200
200
200
200
200
200
200
200
199.999918835
0
0
0
0
0
0
0
0
0
0
0
0
0
0
0
0
0
0
0
0
0
3.73196374472e-26
5.7937064657e-25
4.85810990722e-24
4.26990841068e-23
4.60558771886e-22
7.45283351956e-21
0
0
0
0
0
0
0
0
0
0
0
0
0
0
0
0
0
0
0
0
0
0
0
0
0
0
0
0
0
0
0
0
0
0
0
0
0
0
0
0
0
0
0
0
2.09382507509e-28
1.36848279552e-27
1.06852450814e-25
2.07700015798e-23
7.68515124866e-18
200
200
200
200
200
200
200
200
200
200
200
200
200
200
200
200
200
200
200
200
199.999903061
0
0
0
0
0
0
0
0
0
0
0
0
0
0
0
0
0
0
0
0
0
1.24658842739e-25
1.15510742478e-24
1.32693993359e-23
1.30702018599e-22
1.44551363216e-21
0
0
0
0
0
0
0
0
0
0
0
0
0
0
0
0
0
0
0
0
0
0
0
0
0
0
0
0
0
0
0
0
0
0
0
0
0
0
0
0
0
0
0
0
0
7.16047126061e-26
8.04490711351e-24
200
200
200
200
200
200
200
200
200
200
200
200
200
200
200
200
200
200
200
200
200
200
200
199.999880323
0
0
0
0
0
0
0
0
0
0
0
0
0
0
0
0
0
0
0
0
1.79814357832e-26
4.15484450632e-25
3.45858240538e-24
3.88633764165e-23
3.91519217813e-22
0
0
0
0
0
0
0
0
0
0
0
0
0
0
0
0
0
0
0
0
0
0
0
0
0
0
0
0
0
0
0
0
0
0
0
0
0
0
0
0
0
0
0
0
0
0
7.45696695305e-22
200
200
200
200
200
200
200
200
200
200
200
200
200
200
200
200
200
200
200
200
200
200
200
200
199.999817593
0
0
0
0
0
0
0
0
0
0
0
0
0
0
0
0
0
0
0
0
1.1299902374e-25
1.33512312212e-24
1.47454699499e-23
1.3186600569e-22
0
0
0
0
0
0
0
0
0
0
0
0
0
0
0
0
0
0
0
0
0
0
0
0
0
0
0
0
0
0
0
0
0
0
0
0
0
0
0
0
0
0
0
0
0
0
0
0
1.55812109259e-29
200
200
200
200
200
200
200
200
200
200
200
200
200
200
200
200
200
200
200
200
200
200
200
199.99938502
0
0
0
0
0
0
0
0
0
0
0
0
0
0
0
0
0
0
0
3.1118360457e-26
5.75793161208e-25
6.42033550829e-24
5.38951947348e-23
0
0
0
0
0
0
0
0
0
0
0
0
0
0
0
0
0
0
0
0
0
0
0
0
0
0
0
0
0
0
0
0
0
0
0
0
0
0
0
0
0
0
0
0
0
0
0
0
0
1.40230898334e-29
1.87763917293e-28
1.07928402967e-22
200
200
200
200
200
200
200
200
200
200
200
200
200
200
200
200
200
200
200
200
200
0
0
0
0
0
0
0
0
0
0
0
0
0
0
0
0
0
0
0
7.76115839253e-27
2.81854487845e-25
3.16026897615e-24
2.59743429003e-23
0
0
0
0
0
0
0
0
0
0
0
0
0
0
0
0
0
0
0
0
0
0
0
0
0
0
0
0
0
0
0
0
0
0
0
0
0
0
0
0
0
0
0
0
0
0
0
0
0
0
1.262078085e-29
7.08962409587e-29
8.71852032556e-28
3.97613305639e-22
200
200
200
200
200
200
200
200
200
200
200
200
200
200
200
200
200
200
200
199.999627032
0
0
0
0
0
0
0
0
0
0
0
0
0
0
0
0
0
0
0
1.28539020055e-25
1.58517334978e-24
1.43387298514e-23
0
0
0
0
0
0
0
0
0
0
0
0
0
0
0
0
0
0
0
0
0
0
0
0
0
0
0
0
0
0
0
0
0
0
0
0
0
0
0
0
0
0
0
0
0
0
0
0
0
0
0
2.3979483615e-29
5.35837843743e-29
7.48849400588e-28
2.1492729402e-27
8.16331138427e-21
200
200
200
200
200
200
200
200
200
200
200
200
200
200
200
200
200
200
0
0
0
0
0
0
0
0
0
0
0
0
0
0
0
0
0
0
0
6.31050274892e-26
8.66448063995e-25
8.84739703612e-24
0
0
0
0
0
0
0
0
0
0
0
0
0
0
0
0
0
0
0
0
0
0
0
0
0
0
0
0
0
0
0
0
0
0
0
0
0
0
0
0
0
0
0
0
0
0
0
0
0
0
0
0
2.15815352535e-29
4.82254059369e-29
6.64763911289e-28
1.46459073599e-27
1.63567578969e-22
200
200
200
200
200
200
200
200
200
200
200
200
200
200
200
200
200
199.998935473
0
0
0
0
0
0
0
0
0
0
0
0
0
0
0
0
0
0
3.85847123572e-26
6.52119039799e-25
5.98061005985e-24
0
0
0
0
0
0
0
0
0
0
0
0
0
0
0
0
0
0
0
0
0
0
0
0
0
0
0
0
0
0
0
0
0
0
0
0
0
0
0
0
0
0
0
0
0
0
0
0
0
0
0
0
0
3.07820844932e-29
1.05298103969e-28
5.10281977108e-28
7.91673805063e-28
1.59060996043e-23
200
200
200
200
200
200
200
200
200
200
200
200
200
200
200
200
200
0
0
0
0
0
0
0
0
0
0
0
0
0
0
0
0
0
0
2.28685996165e-26
5.23902394596e-25
4.46323122393e-24
0
0
0
0
0
0
0
0
0
0
0
0
0
0
0
0
0
0
0
0
0
0
0
0
0
0
0
0
0
0
0
0
0
0
0
0
0
0
0
0
0
0
0
0
0
0
0
0
0
0
0
0
0
9.20054923966e-30
1.94233817282e-29
1.61107661147e-28
4.29114349266e-28
7.08923556984e-28
6.89106657242e-28
200
200
200
200
200
200
200
200
200
200
200
200
200
200
200
200
0
0
0
0
0
0
0
0
0
0
0
0
0
0
0
0
0
0
1.89154076519e-26
4.22550249777e-25
3.66833729107e-24
0
0
0
0
0
0
0
0
0
0
0
0
0
0
0
0
0
0
0
0
0
0
0
0
0
0
0
0
0
0
0
0
0
0
0
0
0
0
0
0
0
0
0
0
0
0
0
0
0
0
0
0
0
9.20054923966e-30
1.74810435554e-29
1.74810435554e-29
1.7012089153e-28
4.13353829583e-28
6.23273527763e-28
5.94137953794e-28
200
200
200
200
200
200
200
200
200
200
200
200
200
200
200
0
0
0
0
0
0
0
0
0
0
0
0
0
0
0
0
0
0
1.7439678656e-26
4.13815445795e-25
3.40141325557e-24
0
0
0
0
0
0
0
0
0
0
0
0
0
0
0
0
0
0
0
0
0
0
0
0
0
0
0
0
0
0
0
0
0
0
0
0
0
0
0
0
0
0
0
0
0
0
0
0
0
0
0
0
0
0
1.74810435554e-29
1.74810435554e-29
1.74810435554e-29
2.06316937509e-28
4.74652151282e-28
5.120720231e-28
2.61991615722e-24
200
200
200
200
200
200
200
200
200
200
200
200
200
200
0
0
0
0
0
0
0
0
0
0
0
0
0
0
0
0
0
0
1.78517520764e-26
4.09581949125e-25
3.48241384619e-24
0
0
0
0
0
0
0
0
0
0
0
0
0
0
0
0
0
0
0
0
0
0
0
0
0
0
0
0
0
0
0
0
0
0
0
0
0
0
0
0
0
0
0
0
0
0
0
0
0
0
0
0
0
0
0
1.74810435554e-29
1.74810435554e-29
1.74810435554e-29
2.46534766376e-28
3.70653855413e-28
3.58215874853e-28
5.59734689661e-23
200
200
200
200
200
200
200
200
200
200
200
200
200
0
0
0
0
0
0
0
0
0
0
0
0
0
0
0
0
0
0
2.48159014203e-26
4.28331284815e-25
3.84231578313e-24
0
0
0
0
0
0
0
0
0
0
0
0
0
0
0
0
0
0
0
0
0
0
0
0
0
0
0
0
0
0
0
0
0
0
0
0
0
0
0
0
0
0
0
0
0
0
0
0
0
0
0
0
0
0
0
0
0
9.20054923966e-30
2.77038760439e-29
2.33852226582e-28
3.08533699478e-28
2.22086769914e-28
200
200
200
200
200
200
200
200
200
200
200
200
200
0
0
0
0
0
0
0
0
0
0
0
0
0
0
0
0
0
0
3.40732120145e-26
5.80073813849e-25
4.52715313676e-24
0
0
0
0
0
0
0
0
0
0
0
0
0
0
0
0
0
0
0
0
0
0
0
0
0
0
0
0
0
0
0
0
0
0
0
0
0
0
0
0
0
0
0
0
0
0
0
0
0
0
0
0
0
0
0
0
0
0
4.82254059369e-29
6.38066168629e-29
5.74259551766e-29
1.16041051488e-28
1.49197816879e-26
200
200
200
200
200
200
200
200
200
200
200
200
0
0
0
0
0
0
0
0
0
0
0
0
0
0
0
0
0
0
5.01111013507e-26
7.48703714328e-25
5.67736194921e-24
0
0
0
0
0
0
0
0
0
0
0
0
0
0
0
0
0
0
0
0
0
0
0
0
0
0
0
0
0
0
0
0
0
0
0
0
0
0
0
0
0
0
0
0
0
0
0
0
0
0
0
0
0
0
0
0
0
0
1.262078085e-29
5.35837843743e-29
8.11190734472e-29
6.38066168629e-29
3.1775650166e-27
200
200
200
200
200
200
200
200
200
200
200
200
0
0
0
0
0
0
0
0
0
0
0
0
0
0
0
0
0
0
8.55619921315e-26
9.54436585987e-25
7.01192724996e-24
0
0
0
0
0
0
0
0
0
0
0
0
0
0
0
0
0
0
0
0
0
0
0
0
0
0
0
0
0
0
0
0
0
0
0
0
0
0
0
0
0
0
0
0
0
0
0
0
0
0
0
0
0
0
0
0
0
0
0
0
5.95375381937e-29
9.01323038303e-29
1.29009764431e-27
2.70975978188e-26
200
200
200
200
200
200
200
200
200
200
200
9.20054923966e-30
0
0
0
0
0
0
0
0
0
0
0
0
0
0
0
0
4.75664403409e-27
1.49444070732e-25
1.37147837121e-24
8.31729862413e-24
0
0
0
0
0
0
0
0
0
0
0
0
0
0
0
0
0
0
0
0
0
0
0
0
0
0
0
0
0
0
0
0
0
0
0
0
0
0
0
0
0
0
0
0
0
0
0
0
0
0
0
0
0
0
0
0
0
0
0
0
0
6.61528202152e-29
1.4548152302e-27
1.01900557706e-26
200
200
200
200
200
200
200
200
200
200
200
9.20054923966e-30
9.20054923966e-30
0
0
0
0
0
0
0
0
0
0
0
0
0
0
0
1.50272140991e-26
2.48586389292e-25
2.06589025599e-24
2.14781825344e-23
0
0
0
0
0
0
0
0
0
0
0
0
0
0
0
0
0
0
0
0
0
0
0
0
0
0
0
0
0
0
0
0
0
0
0
0
0
0
0
0
0
0
0
0
0
0
0
0
0
0
0
0
0
0
0
0
0
0
0
0
0
0
6.28524243438e-28
3.38118104489e-27
200
200
200
200
200
200
200
200
200
200
200
9.20054923966e-30
9.20054923966e-30
9.20054923966e-30
0
0
0
0
0
0
0
0
0
0
0
0
0
0
3.81212120753e-26
3.94981953079e-25
2.81423752766e-24
6.97304488336e-23
0
0
0
0
0
0
0
0
0
0
0
0
0
0
0
0
0
0
0
0
0
0
0
0
0
0
0
0
0
0
0
0
0
0
0
0
0
0
0
0
0
0
0
0
0
0
0
0
0
0
0
0
0
0
0
0
0
0
0
0
0
0
0
3.19061658825e-27
200
200
200
200
200
200
200
200
200
200
0
8.2804943157e-30
9.20054923966e-30
9.20054923966e-30
9.20054923966e-30
0
0
0
0
0
0
0
0
0
0
0
0
4.11726294135e-28
6.96879195106e-26
7.12627126652e-25
3.56196444985e-24
1.25958011434e-22
0
0
0
0
0
0
0
0
0
0
0
0
0
0
0
0
0
0
0
0
0
0
0
0
0
0
0
0
0
0
0
0
0
0
0
0
0
0
0
0
0
0
0
0
0
0
0
0
0
0
0
0
0
0
0
0
0
0
0
0
0
0
0
2.91660529907e-27
200
200
200
200
200
200
200
200
200
200
0
0
8.2804943157e-30
9.20054923966e-30
9.20054923966e-30
0
0
0
0
0
0
0
0
0
0
0
0
1.21863794228e-26
1.18256026516e-25
9.17211537377e-25
3.87260762147e-24
2.0901680143e-22
0
0
0
0
0
0
0
0
0
0
0
0
0
0
0
0
0
0
0
0
0
0
0
0
0
0
0
0
0
0
0
0
0
0
0
0
0
0
0
0
0
0
0
0
0
0
0
0
0
0
0
0
0
0
0
0
0
0
0
0
0
0
0
0
200
200
200
200
200
200
200
200
200
0
0
0
0
9.20054923966e-30
9.20054923966e-30
9.20054923966e-30
0
0
0
0
0
0
0
0
0
0
0
2.49292812928e-26
2.49326648998e-25
1.21628125612e-24
8.0862215953e-24
2.93010635162e-22
0
0
0
0
0
0
0
0
0
0
0
0
0
0
0
0
0
0
0
0
0
0
0
0
0
0
0
0
0
0
0
0
0
0
0
0
0
0
0
0
0
0
0
0
0
0
0
0
0
0
0
0
0
0
0
0
0
0
0
0
0
0
0
0
200
200
200
200
200
200
200
200
0
0
0
0
0
0
9.20054923966e-30
9.20054923966e-30
0
0
0
0
0
0
0
0
0
0
6.44545851496e-27
4.69557364892e-26
2.86773262644e-25
1.16207884272e-24
1.79650026274e-23
4.54141036401e-22
0
0
0
0
0
0
0
0
0
0
0
0
0
0
0
0
0
0
0
0
0
0
0
0
0
0
0
0
0
0
0
0
0
0
0
0
0
0
0
0
0
0
0
0
0
0
0
0
0
0
0
0
0
0
0
0
0
0
0
0
0
0
0
0
200
200
200
200
200
200
200
0
0
0
0
0
0
0
0
9.20054923966e-30
0
0
0
0
0
0
0
0
0
0
1.80843580188e-26
9.62754592878e-26
3.33829985559e-25
8.11926915499e-25
2.12062741806e-23
6.77002260284e-22
0
0
0
0
0
0
0
0
0
0
0
0
0
0
0
0
0
0
0
0
0
0
0
0
0
0
0
0
0
0
0
0
0
0
0
0
0
0
0
0
0
0
0
0
0
0
0
0
0
0
0
0
0
0
0
0
0
0
0
0
0
0
0
5.61173175713
200
200
200
200
200
200
0
0
0
0
0
0
0
0
0
0
0
0
0
0
0
0
0
0
0
7.1364607585e-27
2.65998581679e-26
1.0693248461e-25
1.97946526285e-25
1.81897894264e-24
3.24664299842e-23
9.59099597043e-22
0
0
0
0
0
0
0
0
0
0
0
0
0
0
0
0
0
0
0
0
0
0
0
0
0
0
0
0
0
0
0
0
0
0
0
0
0
0
0
0
0
0
0
0
0
0
0
0
0
0
0
0
0
0
0
0
0
0
0
0
0
0
0
200
200
200
200
200
200
0
0
0
0
0
0
0
0
0
0
0
0
0
0
0
0
0
0
0
0
1.96641762596e-26
7.31851545477e-26
1.22936995528e-25
3.51653722075e-26
1.76455998975e-24
5.50628079968e-23
1.03313783317e-21
0
0
0
0
0
0
0
0
0
0
0
0
0
0
0
0
0
0
0
0
0
0
0
0
0
0
0
0
0
0
0
0
0
0
0
0
0
0
0
0
0
0
0
0
0
0
0
0
0
0
0
0
0
0
0
0
0
0
0
0
0
0
0
200
200
200
200
0
0
0
0
0
0
0
0
0
0
0
0
0
0
0
0
0
0
0
0
0
1.11038061562e-26
4.0839599013e-26
1.32811801275e-25
2.24436012928e-25
1.46973433907e-26
4.53744723326e-25
9.20477880322e-23
9.52821057015e-22
0
0
0
0
0
0
0
0
0
0
0
0
0
0
0
0
0
0
0
0
0
0
0
0
0
0
0
0
0
0
0
0
0
0
0
0
0
0
0
0
0
0
0
0
0
0
0
0
0
0
0
0
0
0
0
0
0
0
0
0
0
0
0
200
0
0
0
0
0
0
0
0
0
0
0
0
0
0
0
0
0
0
0
0
0
0
0
7.4261321924e-27
1.9269435944e-26
5.25796537024e-26
1.25719037686e-25
1.42339057669e-25
4.43638353186e-25
1.78228339016e-24
4.65858909563e-23
5.14182274103e-22
0
0
0
0
0
0
0
0
0
0
0
0
0
0
0
0
0
0
0
0
0
0
0
0
0
0
0
0
0
0
0
0
0
0
0
0
0
0
0
0
0
0
0
0
0
0
0
0
0
0
0
0
0
0
0
0
0
0
0
0
0
0
0
0
0
0
0
0
0
0
0
0
0
0
0
0
0
0
0
0
0
0
0
0
0
0
5.01125743952e-27
2.47333827563e-26
3.82739915427e-26
5.35421301875e-26
5.56950287345e-26
2.60755233739e-24
3.24463150326e-24
6.06237151266e-24
3.47661776815e-23
8.22485693009e-22
2.12528679421e-30
0
0
0
0
0
0
0
0
0
0
0
0
0
0
0
0
0
0
0
0
0
0
0
0
0
0
0
0
0
0
0
0
0
0
0
0
0
0
0
0
0
0
0
0
0
0
0
0
0
0
0
0
0
0
0
0
0
0
0
0
0
0
0
0
0
0
0
0
0
0
0
0
0
0
0
0
0
0
0
0
0
0
0
0
4.45453362086e-27
2.7081433718e-26
4.08155821647e-26
4.45455810012e-26
8.86306033201e-26
6.46542068456e-25
7.21971355501e-25
1.08929798449e-24
2.56391412699e-24
1.50394355624e-23
4.80506411731e-22
200
200
5.11767405008e-30
0
0
0
0
0
0
0
0
0
0
0
0
0
0
0
0
0
0
0
0
0
0
0
0
0
0
0
0
0
0
0
0
0
0
0
0
0
0
0
0
0
0
0
0
0
0
0
0
0
0
0
0
0
0
0
0
0
0
0
0
0
0
0
0
0
0
0
0
0
0
0
0
0
0
0
0
0
0
0
0
0
7.07137905931e-27
3.02116795306e-26
2.99527455761e-26
5.55154452833e-26
2.68679162625e-25
2.38997963494e-25
2.5828194547e-25
4.10524007447e-25
7.22096043431e-25
1.75548758323e-24
9.82306902392e-24
4.41226855665e-22
200
200
200
200
200
0
0
0
0
0
0
0
0
0
0
0
0
0
0
0
0
0
0
0
0
0
0
0
0
0
0
0
0
0
0
0
0
0
0
0
0
0
0
0
0
0
0
0
0
0
0
0
0
0
0
0
0
0
0
0
0
0
0
0
0
0
0
0
0
0
0
0
0
0
0
0
0
0
0
3.07820844932e-29
3.42023161036e-29
2.15815352535e-29
3.44147176255e-27
2.38167513639e-26
3.09910480308e-26
3.02464307808e-26
1.56553570903e-25
1.49391696483e-25
1.52124347478e-25
1.76869917921e-25
2.24495205982e-25
3.00877773001e-25
4.22950282442e-25
7.63342522146e-25
3.83428842613e-24
3.12824670447e-22
200
200
200
200
200
31.0521353484
3.49916723877e-29
0
0
0
0
0
0
0
0
0
0
0
0
0
0
0
0
0
0
0
0
0
0
0
0
0
0
0
0
0
0
0
0
0
0
0
0
0
0
0
0
0
0
0
0
0
0
0
0
0
0
0
0
0
0
0
0
0
0
0
0
0
0
0
0
0
0
1.33095914223e-26
1.69726420138e-26
1.11590705606e-25
1.7030321845e-25
3.78072465007e-25
4.98825135088e-25
5.75571346371e-25
6.17600833268e-25
4.21738926223e-25
7.89315745581e-26
2.68282889219e-26
1.50596546539e-25
1.10952061388e-25
1.05317949404e-25
1.18261249439e-25
1.39222393388e-25
1.622838092e-25
1.93968162855e-25
2.41047140392e-25
3.04112229948e-25
4.16013942713e-25
8.96666918704e-25
1.85891021635e-22
200
200
200
200
4.1557007074e-19
2.56421739442e-23
1.89822377235e-22
5.3611422494e-23
9.29014326811e-30
0
0
0
0
0
0
0
0
0
0
0
0
0
0
0
0
0
0
0
0
0
0
0
0
0
0
0
0
0
0
0
0
0
0
0
0
0
0
0
0
0
0
0
0
0
0
0
0
0
0
0
0
0
0
0
0
0
0
0
0
0
0
1.44535696276e-25
7.64978410606e-25
1.56044903838e-24
2.38609846213e-24
2.84484685134e-24
3.06191524518e-24
3.42249928692e-24
3.05555550779e-24
2.7424948314e-24
1.92980124608e-24
7.53590529829e-25
3.12645694856e-25
1.38553751427e-25
9.50320947219e-26
9.48760477886e-26
1.04716742736e-25
1.16075054026e-25
1.30955142021e-25
1.49011861526e-25
1.71989541595e-25
2.02264578009e-25
2.40214190933e-25
2.92653070259e-25
4.03156430765e-25
8.77728866434e-23
200
200
200
2.72655523413e-19
3.96871463525e-22
4.34252602628e-23
6.74053547116e-24
4.60603382118e-26
9.63114580003e-26
1.00244764762e-27
0
0
0
0
0
0
0
0
0
0
0
0
0
0
0
0
0
0
0
0
0
0
0
0
0
0
0
0
0
0
0
0
0
0
0
0
0
0
0
0
0
0
0
0
0
0
0
0
0
0
0
0
0
0
0
0
0
0
0
0
0
7.02305538062e-25
2.03121254044e-24
2.19688676631e-24
2.27564952729e-24
2.472544235e-24
2.64643291984e-24
2.81135648201e-24
2.86673287298e-24
2.73055774064e-24
2.44828784824e-24
1.96231091666e-24
4.18777966228e-25
1.60994717274e-25
1.1988351869e-25
1.0814308206e-25
1.09470043735e-25
1.16020778171e-25
1.2680100097e-25
1.40454376925e-25
1.57453825638e-25
1.78179125914e-25
2.03165303526e-25
2.33510896325e-25
2.78811140659e-25
3.53025542801e-23
200
55.9738905024
1.05632336204e-19
6.72105318673e-22
6.24290012607e-23
2.1688631661e-24
1.18921630578e-25
3.02136733635e-26
1.78310097989e-26
4.14424808957e-26
5.68523568252e-26
4.18635213237e-29
0
0
0
0
0
0
0
0
0
0
0
0
0
0
0
0
0
0
0
0
0
0
0
0
0
0
0
0
0
0
0
0
0
0
0
0
0
0
0
0
0
0
0
0
0
0
0
0
0
0
0
0
0
0
0
0
0
0
0
1.6109600675e-24
2.35510674039e-24
2.45883442774e-24
2.53902955846e-24
2.66417085857e-24
2.77407578093e-24
2.89483404519e-24
2.97499828001e-24
3.08321588602e-24
3.12293868307e-24
2.9055054876e-24
1.29419762713e-24
2.63758541503e-25
1.58120416494e-25
1.25917978644e-25
1.18410458658e-25
1.19925609946e-25
1.26069426645e-25
1.35822135343e-25
1.48455389492e-25
1.63244424258e-25
1.80587568281e-25
2.00067635901e-25
2.25846858125e-25
1.31203377965e-23
2.23151038791e-18
3.91755425689e-20
9.21955173016e-22
7.35410764901e-23
4.5569476174e-24
1.6691719735e-25
4.13157477303e-26
2.38696428371e-26
1.98166765566e-26
2.4462434279e-26
1.98067473732e-26
3.35561512744e-26
4.97356572082e-28
0
0
0
0
0
0
0
0
0
0
0
0
0
0
0
0
0
0
0
0
0
0
0
0
0
0
0
0
0
0
0
0
0
0
0
0
0
0
0
0
0
0
0
0
0
0
0
0
0
0
0
0
0
0
0
0
0
0
1.46376462139e-24
2.58589248294e-24
2.61700739984e-24
2.80023780835e-24
2.89929518444e-24
2.96489044515e-24
3.04946256762e-24
3.13656395072e-24
3.27119979128e-24
3.50125633016e-24
3.67864966273e-24
2.39207029797e-24
4.14728664587e-25
2.02769297662e-25
1.4971628731e-25
1.31584576263e-25
1.27156689972e-25
1.28990626493e-25
1.351272954e-25
1.4389668377e-25
1.54712432533e-25
1.67259384292e-25
1.8066673635e-25
1.97480778238e-25
3.89571586874e-24
1.13719307002e-20
9.9420513206e-22
9.46208213031e-23
7.26354962685e-24
2.1577507176e-25
3.71835595593e-26
2.35595535412e-26
1.78350089009e-26
1.6047908819e-26
1.60458040284e-26
1.48142684076e-26
1.29820697349e-26
3.01969716657e-26
7.99835987787e-27
0
0
0
0
0
0
0
0
0
0
0
0
0
0
0
0
0
0
0
0
0
0
0
0
0
0
0
0
0
0
0
0
0
0
0
0
0
0
0
0
0
0
0
0
0
0
0
0
0
0
0
0
0
0
0
0
0
0
3.94822544816e-24
3.06565579198e-24
3.23359604592e-24
3.27776884853e-24
3.27992550128e-24
3.32419887225e-24
3.38020090708e-24
3.51760819781e-24
3.68112973331e-24
4.00114064374e-24
3.46651677442e-24
8.89707538477e-25
2.64308259189e-25
1.77724759606e-25
1.47917887831e-25
1.37336400927e-25
1.35139505702e-25
1.37589420435e-25
1.43953306794e-25
1.51988251698e-25
1.61260209396e-25
1.7083342967e-25
199.999999977
199.999999998
1.19382692611e-21
1.18453262585e-22
1.06971182196e-23
7.50345055531e-26
2.9076334796e-26
2.00312129003e-26
1.60515080108e-26
1.44431179371e-26
1.29952069515e-26
1.2993102161e-26
1.29881649979e-26
1.44312944422e-26
2.03628652256e-26
4.9544126264e-26
2.53202457508e-26
0
0
0
0
0
0
0
0
0
0
0
0
0
0
0
0
0
0
0
0
0
0
0
0
0
0
0
0
0
0
0
0
0
0
0
0
0
0
0
0
0
0
0
0
0
0
0
0
0
0
0
0
0
0
0
0
0
6.61334648057e-24
4.25398098844e-24
4.08132507161e-24
3.88006180777e-24
3.74535979645e-24
3.69275849608e-24
3.72091659406e-24
3.77321462023e-24
3.90815279679e-24
4.10840227461e-24
4.38939623918e-24
1.64265264632e-24
3.46331484597e-25
2.10657465618e-25
1.67488810539e-25
1.50070926284e-25
1.4325922661e-25
1.43403575067e-25
1.4669275626e-25
1.52555888188e-25
199.999999996
200
200
200
1.95363819011e-22
1.37620559999e-23
2.73237232417e-26
2.14316107292e-26
1.71516018001e-26
1.44291320947e-26
1.23104423759e-26
1.15533480424e-26
1.05244127504e-26
1.05225184389e-26
1.13295125055e-26
1.28420803241e-26
1.69598299572e-26
3.81362733878e-26
9.35522895507e-25
1.18933741815e-25
0
0
0
0
0
0
0
0
0
0
0
0
0
0
0
0
0
0
0
0
0
0
0
0
0
0
0
0
0
0
0
0
0
0
0
0
0
0
0
0
0
0
0
0
0
0
0
0
0
0
0
0
0
0
0
0
7.03965613819e-24
5.78574329277e-24
5.09425785985e-24
4.67289883125e-24
4.3420097935e-24
4.19504894188e-24
4.10313848323e-24
4.08387404282e-24
4.14757307823e-24
4.28133853654e-24
4.9378096691e-24
2.3941651746e-24
4.41543259876e-25
2.47024314809e-25
1.89357963513e-25
1.64947287624e-25
1.54817943266e-25
1.51753085816e-25
199.999999998
200
200
200
200
200
1.91698577568e-23
1.70682065923e-26
1.53968975859e-26
1.35407878594e-26
1.17276812738e-26
1.05272362027e-26
9.47197147535e-27
9.19002085355e-27
8.64120631195e-27
8.79452426977e-27
9.46626749295e-27
1.05154764853e-26
1.44229305927e-26
2.3416504488e-22
8.3415728292e-23
2.62027121941e-23
2.03758736723e-25
0
0
0
0
0
0
0
0
0
0
0
0
0
0
0
0
0
0
0
0
0
0
0
0
0
0
0
0
0
0
0
0
0
0
0
0
0
0
0
0
0
0
0
0
0
0
0
0
0
0
0
0
0
0
0
7.42101034793e-24
7.15795773091e-24
6.14986371434e-24
5.55750831977e-24
5.12801664942e-24
4.77774811955e-24
4.54680235243e-24
4.42463506534e-24
4.39413578323e-24
4.44221409849e-24
4.9622002633e-24
2.76793665174e-24
5.2972654436e-25
2.85335194783e-25
2.13126921398e-25
1.82215781507e-25
200
200
200
200
200
200
200
200
1.17437622599e-26
1.12563945365e-26
1.05848786746e-26
9.75266722553e-27
8.97442408944e-27
8.40592439332e-27
7.66938154964e-27
7.60502867643e-27
7.33719182986e-27
7.51966020523e-27
7.66367756723e-27
8.68245468389e-27
3.69462490161e-17
1.5845176297e-16
2.29877596507e-18
1.69368570258e-20
6.70442137388e-22
5.59663074246e-26
0
0
0
0
0
0
0
0
0
0
0
0
0
0
0
0
0
0
0
0
0
0
0
0
0
0
0
0
0
0
0
0
0
0
0
0
0
0
0
0
0
0
0
0
0
0
0
0
0
0
0
0
0
0
6.39756602586e-24
8.33487371136e-24
7.05957461038e-24
6.39477220511e-24
5.88932364047e-24
5.3978263243e-24
5.02662122222e-24
4.76305568542e-24
4.60958777867e-24
4.54287818757e-24
4.91911398813e-24
2.67967912732e-24
199.999999998
200
200
200
200
200
200
200
200
200
200
200
8.57411628941e-27
8.31393288181e-27
7.99140381507e-27
7.62917422516e-27
7.12670181478e-27
6.84849423085e-27
6.36422136703e-27
6.20757882946e-27
6.20757882946e-27
6.20568451796e-27
6.45406198411e-27
1.35502555637e-11
200
200
200
7.50849940009e-15
3.56850153063e-19
3.62708037046e-21
9.13355707093e-27
0
0
0
0
0
0
0
0
0
0
0
0
0
0
0
0
0
0
0
0
0
0
0
0
0
0
0
0
0
0
0
0
0
0
0
0
0
0
0
0
0
0
0
0
0
0
0
0
0
0
0
0
0
4.53468352182e-24
9.11562226665e-24
200
200
200
200
200
200
200
200
200
200
200
200
200
200
200
200
200
200
200
200
200
200
6.74520805138e-27
6.64506577615e-27
6.45701824554e-27
6.21294338892e-27
5.94406496726e-27
5.58793951851e-27
5.46378473949e-27
5.22358764685e-27
5.09591406844e-27
5.16954049574e-27
5.54120653736e-27
200
200
200
200
200
200
6.44114186233e-18
2.9379350716e-21
2.37482257673e-29
0
0
0
0
0
0
0
0
0
0
0
0
0
0
0
0
0
0
0
0
0
0
0
0
0
0
0
0
0
0
0
0
0
0
0
0
0
0
0
0
0
0
0
0
0
0
0
0
0
0
0
0
200
200
200
200
200
200
200
200
200
200
200
200
200
200
200
200
200
200
200
200
200
200
200
200
5.67613447701e-27
5.50964300275e-27
5.40178853398e-27
5.23577953696e-27
4.99353564825e-27
4.78849068505e-27
4.56337394604e-27
4.46229016412e-27
4.38923181811e-27
4.43144414817e-27
4.52070474093e-27
5.0248995792e-27
200
200
200
200
200
200
5.21528320187e-18
6.14766529674e-23
0
0
0
0
0
0
0
0
0
0
0
0
0
0
0
0
0
0
0
0
0
0
0
0
0
0
0
0
0
0
0
0
0
0
0
0
0
0
0
0
0
0
0
0
0
0
0
0
0
0
0
200
200
200
200
200
200
200
200
200
200
200
200
200
200
200
200
200
200
200
200
200
200
200
200
200
4.78664813299e-27
4.72086827629e-27
4.56702711226e-27
4.37439029285e-27
4.2445464038e-27
3.99244960177e-27
3.86856926932e-27
3.74971421374e-27
3.67101823846e-27
3.67632773137e-27
3.81952349167e-27
4.17184902543e-27
5.24666509634e-27
200
200
200
200
200
200
2.97960637406e-19
3.88223448642e-23
0
0
0
0
0
0
0
0
0
0
0
0
0
0
0
0
0
0
0
0
0
0
0
0
0
0
0
0
0
0
0
0
0
0
0
0
0
0
0
0
0
0
0
0
0
0
0
0
0
200
200
200
200
200
200
200
200
200
200
200
200
200
200
200
200
200
200
200
200
200
200
200
200
200
200
4.02323645646e-27
3.90482662875e-27
3.83061550587e-27
3.69840630621e-27
3.52280923646e-27
3.4329027393e-27
3.2624822446e-27
3.17025553912e-27
3.12082106734e-27
3.11676562982e-27
3.18863691872e-27
3.42912771813e-27
4.11554862129e-27
5.20533915471e-25
200
200
200
200
200
4.7543486977e-12
1.48077692716e-20
6.89505051575e-26
0
0
0
0
0
0
0
0
0
0
0
0
0
0
0
0
0
0
0
0
0
0
0
0
0
0
0
0
0
0
0
0
0
0
0
0
0
0
0
0
0
0
0
0
0
0
0
0
200
200
200
200
200
200
200
200
200
200
200
200
200
200
200
200
200
200
200
200
200
200
200
200
200
200
3.3774471785e-27
3.31372869879e-27
3.24581125367e-27
3.14393803974e-27
3.04783865617e-27
2.91205583467e-27
2.82495507163e-27
2.75919109484e-27
2.6963792494e-27
2.66121557868e-27
2.710142706e-27
2.82626794731e-27
3.201584322e-27
1.74780953292e-25
7.05463543584e-24
200
200
200
200
200
1.13811004424e-17
3.2878574154e-23
6.20776993125e-27
0
0
0
0
0
0
0
0
0
0
0
0
0
0
0
0
0
0
0
0
0
0
0
0
0
0
0
0
0
0
0
0
0
0
0
0
0
0
0
0
0
0
0
0
0
0
200
200
200
200
200
200
200
200
200
200
200
200
200
200
200
200
200
200
200
200
200
200
200
200
200
200
200
2.96633594861e-27
2.90253970104e-27
2.83285077073e-27
2.75904651517e-27
2.67031247334e-27
2.56161399842e-27
2.51039159523e-27
2.42556548837e-27
2.3412346237e-27
2.31559470703e-27
2.31590620637e-27
2.36873551099e-27
2.56755612149e-27
4.92189635292e-27
3.3959051446e-24
6.28067658033e-24
200
200
200
200
1.14037358676e-09
4.36480912905e-23
4.468590507e-23
0
0
0
0
0
0
0
0
0
0
0
0
0
0
0
0
0
0
0
0
0
0
0
0
0
0
0
0
0
0
0
0
0
0
0
0
0
0
0
0
0
0
0
0
0
0
200
200
200
200
200
200
200
200
200
200
200
200
200
200
200
200
200
200
200
200
200
200
200
200
200
200
200
2.67194031905e-27
2.61420468194e-27
2.55610274239e-27
2.48584214821e-27
2.41330750577e-27
2.32011259231e-27
2.26235401674e-27
2.16470529412e-27
2.08015003484e-27
2.04456016701e-27
2.02483637333e-27
2.04002774103e-27
2.13139425331e-27
2.55065489051e-27
8.73479995327e-25
8.90964600004e-24
5.60758916292e-24
8.14525062095e-24
200
200
200
3.36323715278e-23
6.72425525096e-23
4.54386498053e-23
0
0
0
0
0
0
0
0
0
0
0
0
0
0
0
0
0
0
0
0
0
0
0
0
0
0
0
0
0
0
0
0
0
0
0
0
0
0
0
0
0
0
0
0
200
200
200
200
200
200
200
200
200
200
200
200
200
200
200
200
200
200
200
200
200
200
200
200
200
200
200
200
2.47120823013e-27
2.40933224062e-27
2.36510137368e-27
2.29189682786e-27
2.21045649142e-27
2.13547992001e-27
2.04219005218e-27
1.95230400501e-27
1.8596554026e-27
1.81398290863e-27
1.75979456688e-27
1.73954469099e-27
1.7963081139e-27
1.97503016696e-27
1.54684396162e-25
4.49833657001e-24
5.36348300346e-24
8.19957392251e-24
1.19492017972e-23
1.59657527751e-23
2.40360992482e-23
3.29241237535e-23
5.25265714053e-23
1.18942761369e-22
6.22414327928e-22
0
0
0
0
0
0
0
0
0
0
0
0
0
0
0
0
0
0
0
0
0
0
0
0
0
0
0
0
0
0
0
0
0
0
0
0
0
0
0
0
0
0
0
200
200
200
200
200
200
200
200
200
200
200
200
200
200
200
200
200
200
200
200
200
200
200
200
200
200
200
200
2.3276787198e-27
2.26249010468e-27
2.21335740609e-27
2.14495774738e-27
2.05907157672e-27
1.97039729519e-27
1.86828729255e-27
1.76673984859e-27
1.66789591112e-27
1.59209512192e-27
1.52123564197e-27
1.48882063137e-27
1.48607895935e-27
1.55865009846e-27
2.07528866044e-27
8.46847730063e-25
4.94196452947e-24
6.4906408884e-24
1.35350151098e-23
2.04733537461e-23
3.07084693862e-23
4.17530147607e-23
6.41804703183e-23
1.60516518117e-22
4.5702983563e-22
3.24596297465e-23
0
0
0
0
0
0
0
0
0
0
0
0
0
0
0
0
0
0
0
0
0
0
0
0
0
0
0
0
0
0
0
0
0
0
0
0
0
0
0
0
0
0
200
200
200
200
200
200
200
200
200
200
200
200
200
200
200
200
200
200
200
200
200
200
200
200
200
200
200
200
2.24156077505e-27
2.15885765402e-27
2.10466027434e-27
2.03211782592e-27
1.92582678299e-27
1.83002129587e-27
1.71702352484e-27
1.60119278892e-27
1.49955439807e-27
1.40849332778e-27
1.33273191623e-27
1.27491038825e-27
1.23059835085e-27
1.23278934314e-27
1.34126395033e-27
7.2847969542e-26
1.41256790943e-24
3.2323416026e-24
7.29009817121e-24
1.3830638096e-23
2.69589372497e-23
4.69144994364e-23
8.48928900149e-23
1.09373760766e-22
1.12940093997e-22
2.82265963341e-22
0
0
0
0
0
0
0
0
0
0
0
0
0
0
0
0
0
0
0
0
0
0
0
0
0
0
0
0
0
0
0
0
0
0
0
0
0
0
0
0
0
0
200
200
200
200
200
200
200
200
200
200
200
200
200
200
200
200
200
200
200
200
200
200
200
200
200
200
200
200
2.21552489107e-27
2.10785859922e-27
2.0384868721e-27
1.94701588149e-27
1.83625006739e-27
1.71523450857e-27
1.59059310682e-27
1.47259266737e-27
1.35875942934e-27
1.26114613109e-27
1.18315935646e-27
1.11378153091e-27
1.0707845474e-27
1.03299840098e-27
1.03326628404e-27
1.16851960637e-27
1.91298122611e-25
9.39748907027e-25
2.11380778022e-24
4.8390246769e-24
9.26629503287e-24
1.90931629117e-23
3.58232530429e-23
5.88464624324e-23
7.35410695085e-23
1.15698988097e-22
7.46284789195e-22
1.34160430796e-15
0
0
0
0
0
0
0
0
0
0
0
0
0
0
0
0
0
0
0
0
0
0
0
0
0
0
0
0
0
0
0
0
0
0
0
0
0
0
0
200
200
200
200
200
200
200
200
200
200
200
200
200
200
200
200
200
200
200
200
200
200
200
200
200
200
200
200
200
2.28167558797e-27
2.11970656756e-27
2.02521611091e-27
1.91537896726e-27
1.77382290117e-27
1.63707141951e-27
1.50025554848e-27
1.36723239936e-27
1.25320738046e-27
1.14957406054e-27
1.0659387022e-27
1.00181805237e-27
9.40912836645e-28
8.8357278134e-28
8.59520976855e-28
8.61310481688e-28
1.66193359531e-27
1.59949511842e-25
4.09791843259e-25
9.39828012963e-25
2.01576885733e-24
4.27638044647e-24
8.67760899369e-24
1.83202563216e-23
3.44258134449e-23
7.2070954628e-23
9.33237118308e-16
90.2922731171
0
0
0
0
0
0
0
0
0
0
0
0
0
0
0
0
0
0
0
0
0
0
0
0
0
0
0
0
0
0
0
0
0
0
0
0
0
0
0
200
200
200
200
200
200
200
200
200
200
200
200
200
200
200
200
200
200
200
200
200
200
200
200
200
200
200
200
200
199.99999999
2.25490811471e-27
2.0907773647e-27
1.91476446307e-27
1.75007216803e-27
1.58669581049e-27
1.43777940778e-27
1.29907361345e-27
1.18039794194e-27
1.07412921414e-27
9.91675071559e-28
9.10230380788e-28
8.40115755617e-28
7.76960601466e-28
7.12697344691e-28
6.7794118214e-28
6.81367204797e-28
9.3990909525e-27
7.98617043877e-26
1.65885429998e-25
3.21194640553e-25
5.71005319725e-25
1.08698895827e-24
2.80572939894e-24
1.15426962548e-23
3.29746437062e-21
3.22129842236e-15
3.16569339118e-23
62.619647315
0
0
0
0
0
0
0
0
0
0
0
0
0
0
0
0
0
0
0
0
0
0
0
0
0
0
0
0
0
0
0
0
0
0
0
0
0
0
200
200
200
200
200
200
200
200
200
200
200
200
200
200
200
200
200
200
200
200
200
200
200
200
200
200
200
200
200
5.42681711407e-13
2.62802981782e-27
2.29804835001e-27
2.00668644935e-27
1.77344856961e-27
1.57195742092e-27
1.3976306513e-27
1.2480108428e-27
1.1126558898e-27
1.01819046321e-27
9.23615776697e-28
8.40148290027e-28
7.57237769959e-28
6.77574977921e-28
6.03634671629e-28
5.4313744564e-28
5.03849103053e-28
5.17097147008e-28
8.49729367374e-27
2.66439736749e-26
4.8853807303e-26
8.10167261172e-26
1.17843505866e-25
1.63141511066e-25
2.92760023694e-25
1.4131355689e-24
9.93429695491e-24
1.20775521821e-24
200
0
0
0
0
0
0
0
0
0
0
0
0
0
0
0
0
0
0
0
0
0
0
0
0
0
0
0
0
0
0
0
0
0
0
0
0
0
200
200
200
200
200
200
200
200
200
200
200
200
200
200
200
200
200
200
200
200
200
200
200
200
200
200
200
200
200
200
1.26559419117e-21
3.73995372673e-27
2.81445990769e-27
2.22113170892e-27
1.8486019906e-27
1.58410732078e-27
1.38246362526e-27
1.21150099198e-27
1.0826919559e-27
9.70539672758e-28
8.75137456882e-28
7.86752987556e-28
6.9647436151e-28
6.05576802605e-28
5.24596247882e-28
4.5862740721e-28
4.02108461837e-28
3.60622406831e-28
4.64084209146e-28
2.98727142898e-27
5.54412688515e-27
9.61168980648e-27
1.38740358764e-26
1.29218572452e-26
9.2353642387e-27
2.74830542499e-27
2.40077008069e-27
1.04535350445e-27
1.62778512368e-26
200
0
0
0
0
0
0
0
0
0
0
0
0
0
0
0
0
0
0
0
0
0
0
0
0
0
0
0
0
0
0
0
0
0
0
0
0
200
200
200
200
200
200
200
200
200
200
200
200
200
200
200
200
200
200
200
200
200
200
200
200
200
200
200
200
200
200
9.3686105592e-21
1.13035448769e-18
150.477797805
2.62004169309e-27
1.97089597114e-27
1.62126806261e-27
1.3791377905e-27
1.19408387774e-27
1.05997002758e-27
9.46647381705e-28
8.41278622952e-28
7.49983380211e-28
6.56956791954e-28
5.64128741668e-28
4.81782943817e-28
4.06938260739e-28
3.22411055313e-28
2.08760204083e-28
2.2640117302e-28
4.0220645922e-28
7.38375476268e-28
1.03658337024e-27
9.9165713024e-28
5.65605821839e-28
7.36686397361e-28
1.03006572572e-27
1.74986430728e-27
2.96906571064e-27
1.98209507445e-26
2.75716279363e-25
0
0
0
0
0
0
0
0
0
0
0
0
0
0
0
0
0
0
0
0
0
0
0
0
0
0
0
0
0
0
0
0
0
0
0
2.12528679421e-30
200
200
200
200
200
200
200
200
200
200
200
200
200
200
200
200
200
200
200
200
200
200
200
200
200
200
200
200
200
200
3.40321469899e-20
1.10218570801e-21
1.22727374508e-15
200
7.00630487921e-11
1.66490196445e-27
1.37483513852e-27
1.18320272851e-27
1.0447693595e-27
9.27903388651e-28
8.26450244652e-28
7.29832236292e-28
6.28649526788e-28
5.36373637453e-28
4.47189441876e-28
3.52972689088e-28
2.50596908404e-28
1.33945468488e-28
2.37480401432e-29
4.24315504935e-29
4.95866028466e-29
5.62938032423e-29
1.25897183627e-28
1.82825285775e-28
3.01511391112e-28
6.27894508874e-28
1.57406243757e-27
6.03632200964e-27
3.35836416974e-26
3.02244620887e-26
1.00671479726e-30
0
0
0
0
0
0
0
0
0
0
0
0
0
0
0
0
0
0
0
0
0
0
0
0
0
0
0
0
0
0
0
0
0
0
200
200
200
200
200
200
200
200
200
200
200
200
200
200
200
200
200
200
200
200
200
200
200
200
200
200
200
200
200
200
200
2.7052969497e-20
2.87368052629e-20
2.96281158848e-20
5.75089183551e-20
1.20291266483e-14
200
200
1.22833398774e-27
1.05925406094e-27
9.34704940107e-28
8.26197300219e-28
7.26649042452e-28
6.1140049878e-28
5.23325518614e-28
4.31702770997e-28
3.55867031003e-28
2.63167791834e-28
1.26150897943e-28
2.37480401432e-29
3.83405777253e-29
4.84680308496e-29
5.51752312453e-29
6.96478607177e-29
1.63161804115e-28
2.30143306801e-28
4.89177454886e-28
1.41665619381e-27
2.96988114962e-27
5.59482591878e-27
2.29327867816e-28
1.63137322209e-25
0
0
0
0
0
0
0
0
0
0
0
0
0
0
0
0
0
0
0
0
0
0
0
0
0
0
0
0
0
0
0
0
0
0
200
200
200
200
200
200
200
200
200
200
200
200
200
200
200
200
200
200
200
200
200
200
200
200
200
200
200
200
200
200
190.290301173
)
;

boundaryField
{
    frontAndBack
    {
        type            empty;
    }
    leftWall
    {
        type            calculated;
        value           uniform 0;
    }
    outlet
    {
        type            calculated;
        value           uniform 0;
    }
    rightWall
    {
        type            calculated;
        value           uniform 0;
    }
    inlet
    {
        type            calculated;
        value           uniform 1.50471427098e-24;
    }
}


// ************************************************************************* //
