/*--------------------------------*- C++ -*----------------------------------*\
| =========                 |                                                 |
| \\      /  F ield         | OpenFOAM: The Open Source CFD Toolbox           |
|  \\    /   O peration     | Version:  v1906                                 |
|   \\  /    A nd           | Web:      www.OpenFOAM.com                      |
|    \\/     M anipulation  |                                                 |
\*---------------------------------------------------------------------------*/
FoamFile
{
    version     2.0;
    format      ascii;
    class       volScalarField;
    location    "398";
    object      alpha;
}
// * * * * * * * * * * * * * * * * * * * * * * * * * * * * * * * * * * * * * //

dimensions      [0 0 -1 0 0 0 0];


internalField   nonuniform List<scalar> 
9216
(
100
100
100
100
100
100
100
100
100
100
100
100
100
100
100
100
100
100
100
100
100
100
100
100
100
100
100
100
100
100
100
100
100
100
100
100
100
100
100
100
100
100
100
100
100
100
100
100
100
100
100
100
100
100
100
100
100
100
100
100
100
100
100
100
100
100
100
100
100
100
100
100
100
100
100
100
100
100
100
100
100
100
100
100
100
100
100
100
100
100
100
100
100
99.9999999997
99.7922045094
33.7946110367
100
100
100
100
100
100
100
100
100
100
100
100
100
100
100
100
100
100
100
100
100
100
100
100
100
100
100
100
100
100
100
100
100
100
100
100
100
100
100
100
100
100
100
100
100
100
100
100
100
100
100
100
100
100
100
100
100
100
100
100
100
100
100
100
100
100
100
100
100
100
100
100
100
100
100
100
100
100
100
100
100
100
100
100
100
100
100
100
100
100
100
100
100
100
99.9999999768
99.7976132352
100
100
100
100
100
100
100
100
100
100
100
100
100
100
100
100
100
100
100
100
100
100
100
100
100
100
100
100
100
100
100
100
100
100
100
100
100
100
100
100
100
100
100
100
100
100
100
100
100
100
100
100
100
100
100
100
100
100
100
100
100
100
100
100
100
100
100
100
100
100
100
100
100
100
100
100
100
100
100
100
100
100
100
100
100
100
100
100
100
100
100
100
100
100
100
99.9999999998
100
100
100
100
100
100
100
100
100
100
100
100
100
100
100
100
100
100
100
100
100
100
100
100
100
100
100
100
100
100
100
100
100
100
100
100
100
100
100
100
100
100
100
100
100
100
100
100
100
100
100
100
100
100
100
100
100
100
100
100
100
100
100
100
100
100
100
100
100
100
100
100
100
100
100
100
100
100
100
100
100
100
100
100
100
100
100
100
100
100
100
100
100
100
100
100
100
100
100
100
100
100
100
100
100
100
100
100
100
100
100
100
100
100
100
100
100
100
100
100
100
100
100
100
100
100
100
100
100
100
100
100
100
100
100
100
100
100
100
100
100
100
100
100
100
100
100
100
100
100
100
100
100
100
100
100
100
100
100
100
100
100
100
100
100
100
100
100
100
100
100
100
100
100
100
100
100
100
100
100
100
100
100
100
100
100
100
100
100
100
100
100
100
100
100
100
100
100
100
100
100
100
100
100
100
100
100
100
100
100
100
100
100
100
100
100
100
100
100
100
100
100
100
100
100
100
100
100
100
100
100
100
100
100
100
100
100
100
100
100
100
100
100
100
100
100
100
100
100
100
100
100
100
100
100
100
100
100
100
100
100
100
100
100
100
100
100
100
100
100
100
100
100
100
100
100
100
100
100
100
100
100
100
100
100
100
100
100
100
100
100
100
100
100
100
100
100
100
100
100
100
100
100
100
100
100
100
100
100
100
100
100
100
100
100
100
100
100
100
100
100
100
100
100
100
100
100
100
100
100
100
100
100
100
100
100
100
100
100
100
100
100
100
100
100
100
100
100
100
100
100
100
100
100
100
100
100
100
100
100
100
100
100
100
100
100
100
100
100
100
100
100
100
100
100
100
100
100
100
100
100
100
100
100
100
100
100
100
100
100
100
100
100
100
100
100
100
100
100
100
100
100
100
100
100
100
100
100
100
100
100
100
100
100
100
100
100
100
100
100
100
100
100
100
100
100
100
100
100
100
100
100
100
100
100
100
100
100
100
100
100
100
100
100
100
100
100
100
100
100
100
100
100
100
100
100
100
100
100
100
100
100
100
100
100
100
100
100
100
100
100
100
100
100
100
100
100
100
100
100
100
100
100
100
100
100
100
100
100
100
100
100
100
100
100
100
100
100
100
100
100
100
100
100
100
100
100
100
100
100
100
100
100
100
100
100
100
100
100
100
100
100
100
100
100
100
100
100
100
100
100
100
100
100
100
100
100
100
100
100
100
100
100
100
100
100
100
100
100
100
100
100
100
100
100
100
100
100
100
100
100
100
100
100
100
100
100
100
100
100
100
100
100
100
100
100
100
100
100
100
100
100
100
100
100
100
100
100
100
100
100
100
100
100
100
100
100
100
100
100
100
100
100
100
100
100
100
100
100
100
100
100
100
100
100
100
100
100
100
100
100
100
100
100
100
100
100
100
100
100
100
100
100
100
100
100
100
100
100
100
100
100
100
100
100
100
100
100
100
100
100
100
100
100
100
100
100
100
100
100
100
100
100
100
100
100
100
100
100
100
100
100
100
100
100
100
100
100
100
100
100
100
100
100
100
100
100
100
100
100
100
100
100
100
100
100
100
100
100
100
100
100
100
100
100
100
100
100
100
100
100
100
100
100
100
100
100
100
100
100
100
100
100
100
100
100
100
100
100
100
100
100
100
100
100
100
100
100
100
100
100
100
100
100
100
100
100
100
100
100
100
100
100
100
100
100
100
100
100
100
100
100
100
100
100
100
100
100
100
100
100
100
100
100
100
100
100
100
100
100
100
100
100
100
100
100
100
100
100
100
100
100
100
100
100
100
100
100
100
100
100
100
100
100
100
100
100
100
100
100
100
100
100
100
100
100
100
100
100
100
100
100
100
100
100
100
100
100
100
100
100
100
100
100
100
100
100
100
100
100
100
100
100
100
100
100
100
100
100
100
100
100
100
100
100
100
100
100
100
100
100
100
100
100
100
100
100
100
100
100
100
100
100
100
100
100
100
100
100
100
100
100
100
100
100
100
100
100
100
100
100
100
100
100
100
100
100
100
100
100
100
100
100
100
100
100
100
100
100
100
100
100
100
100
100
100
100
100
100
100
100
100
100
100
100
100
100
100
100
100
100
100
100
100
100
100
100
100
100
100
100
100
100
100
100
100
100
100
100
100
100
100
100
100
100
100
100
100
100
100
100
100
100
100
100
100
100
100
100
100
100
100
100
100
100
100
100
100
100
100
100
100
100
100
100
100
100
100
100
100
100
100
100
100
100
100
100
100
100
100
100
100
100
100
100
100
100
100
100
100
100
100
100
100
100
100
100
100
100
100
100
100
100
100
100
100
100
100
100
100
100
100
100
100
100
100
100
100
100
100
100
100
100
100
100
100
100
100
100
100
100
100
100
100
100
100
100
100
100
100
100
100
100
100
100
100
100
100
100
100
100
100
100
100
100
100
100
100
100
100
100
100
100
100
100
100
100
100
100
100
100
100
100
100
100
100
100
100
100
100
100
100
100
100
100
100
100
100
100
100
100
100
100
100
100
100
100
100
100
100
100
100
100
100
100
100
100
100
100
100
100
100
100
100
100
100
100
100
100
100
100
100
100
100
100
100
100
100
100
100
100
100
100
100
100
100
100
100
100
100
100
100
100
100
100
100
100
100
100
100
100
100
100
100
100
100
100
100
100
100
100
100
100
100
100
100
100
100
100
100
100
100
100
100
100
100
100
100
100
100
100
100
100
100
100
100
100
100
100
100
100
100
100
100
100
100
100
100
100
100
100
100
100
100
100
100
100
100
100
100
100
100
100
100
100
100
100
100
100
100
100
100
100
100
100
100
100
100
100
100
100
100
100
100
100
100
100
100
100
100
100
100
100
100
100
100
100
100
100
100
100
100
100
100
100
100
100
100
100
100
100
100
100
100
100
100
100
100
100
100
100
100
100
100
100
100
100
100
100
100
100
100
100
100
100
100
100
100
100
100
100
100
100
100
100
100
100
100
100
100
100
100
100
100
100
100
100
100
100
100
100
100
100
100
100
100
100
100
100
100
100
100
100
100
100
100
100
100
100
100
100
100
100
100
100
100
100
100
100
100
100
100
100
100
100
100
100
100
100
100
100
100
100
100
100
100
100
100
100
100
100
100
100
100
100
100
100
100
100
100
100
100
100
100
100
100
100
100
100
100
100
100
100
100
100
100
100
100
100
100
100
100
100
100
100
100
100
100
100
100
100
100
100
100
100
100
100
100
100
100
100
100
100
100
100
100
100
100
100
100
100
100
100
100
100
100
100
100
100
100
100
100
100
100
100
100
100
100
100
100
100
100
100
100
100
100
100
100
100
100
100
100
100
100
100
100
100
100
100
100
100
100
100
100
100
100
100
100
100
100
100
100
100
100
100
100
100
100
100
100
100
100
100
100
100
100
100
100
100
100
100
100
100
100
100
100
100
100
100
100
100
100
100
100
100
100
100
100
100
100
100
100
100
100
100
100
100
100
100
100
100
100
100
100
100
100
100
100
100
100
100
100
100
100
100
100
100
100
100
100
100
100
100
100
100
100
100
100
100
100
100
100
100
100
100
100
100
100
100
100
100
100
100
100
100
100
100
100
100
100
100
100
100
100
100
100
100
100
100
100
100
100
100
100
100
100
100
100
100
100
100
100
100
100
100
100
100
100
100
100
100
100
100
100
100
100
100
100
100
100
100
100
100
100
100
100
100
100
100
100
100
100
100
100
100
100
100
100
100
100
100
100
100
100
100
100
100
100
100
100
100
100
100
100
100
100
100
100
100
100
100
100
100
100
100
100
100
100
100
100
100
100
100
100
100
100
100
100
100
100
100
100
100
100
100
100
100
100
100
100
100
100
100
100
100
100
100
100
100
100
100
100
100
100
100
100
100
100
100
100
100
100
100
100
100
100
100
100
100
100
100
100
100
100
100
100
100
100
100
100
100
100
100
100
100
100
100
100
100
100
100
100
100
100
100
100
100
100
100
100
100
100
100
100
100
100
100
100
100
100
100
100
100
100
100
100
100
100
100
100
100
100
100
100
100
100
100
100
100
100
100
100
100
100
100
100
100
100
100
100
100
100
100
100
100
100
100
100
100
100
100
100
100
100
100
100
100
100
100
100
100
100
100
100
100
100
100
100
100
100
100
100
100
100
100
100
100
100
100
100
100
100
100
100
100
100
100
100
100
100
100
100
100
100
100
100
100
100
100
100
100
100
100
100
100
100
100
100
100
100
100
100
100
100
100
100
100
100
100
100
100
100
100
100
100
100
100
100
100
100
100
100
100
100
100
100
100
100
100
100
100
100
100
100
100
100
100
100
100
100
100
100
100
100
100
100
100
100
100
100
100
100
100
100
100
100
100
100
100
100
100
100
100
100
100
100
100
100
100
100
100
100
100
100
100
100
100
100
100
100
100
100
100
100
100
100
100
100
100
100
100
100
100
100
100
100
100
100
100
100
100
100
100
100
100
100
100
100
100
100
100
100
100
100
100
100
100
100
100
100
100
100
100
100
100
100
100
100
100
100
100
100
100
100
100
100
100
100
100
100
100
100
100
100
100
100
100
100
100
100
100
100
100
100
100
100
100
100
100
100
100
100
100
100
100
100
100
100
100
100
100
100
100
100
100
100
100
100
100
100
100
100
100
100
100
100
100
100
100
100
100
100
100
100
100
100
100
100
100
100
100
100
100
100
100
100
100
100
100
100
100
100
100
100
100
100
100
100
100
100
100
100
100
100
100
100
100
100
100
100
100
100
100
100
100
100
100
100
100
100
100
100
100
100
100
100
100
100
100
100
100
100
100
100
100
100
100
100
100
100
100
100
100
100
100
100
100
100
100
100
100
100
100
100
100
100
100
100
100
100
100
100
100
100
100
100
100
100
100
100
100
100
100
100
100
100
100
100
100
100
100
100
100
100
100
100
100
100
100
100
100
100
100
100
100
100
100
100
100
100
100
100
100
100
100
100
100
100
100
100
100
100
100
100
100
100
100
100
100
100
100
100
100
100
100
100
100
100
100
100
100
100
100
100
100
100
100
100
100
100
100
100
100
100
100
100
100
100
100
100
100
100
100
100
100
100
100
100
100
100
100
100
100
100
100
100
100
100
100
100
100
100
100
100
100
100
100
100
100
100
100
100
100
100
100
100
100
100
100
100
100
100
100
100
100
100
100
100
100
100
100
100
100
100
100
100
100
100
100
100
100
100
100
100
100
100
100
100
100
100
100
100
100
100
100
100
100
100
100
100
100
100
100
100
100
100
100
100
100
100
100
100
100
100
100
100
100
100
100
100
100
100
100
100
100
100
100
100
100
100
100
100
100
100
100
100
100
100
100
100
100
100
100
100
100
100
100
100
100
100
100
100
100
100
100
100
100
100
100
100
100
100
100
100
100
100
100
100
100
100
100
100
100
100
100
100
100
100
100
100
100
100
100
100
100
100
100
100
100
100
100
100
100
100
100
100
100
100
100
100
100
100
100
100
100
100
100
100
100
100
100
100
100
100
100
100
100
100
100
100
100
100
100
100
100
100
100
100
100
100
100
100
100
100
100
100
100
100
100
100
100
100
100
100
100
100
100
100
100
100
100
100
100
100
100
100
100
100
100
100
100
100
100
100
100
100
100
100
100
100
100
100
100
100
100
100
100
100
100
100
100
100
100
100
100
100
100
100
100
100
100
100
100
100
100
100
100
100
100
100
100
100
100
100
100
100
100
100
100
100
100
100
100
100
100
100
100
100
100
100
100
100
100
100
100
100
100
100
100
100
100
100
100
100
100
100
100
100
100
100
100
100
100
100
100
100
100
100
100
100
100
100
100
100
100
100
100
100
100
100
100
100
100
100
100
100
100
100
100
100
100
100
100
100
100
100
0
0
0
0
0
0
0
0
0
0
0
0
0
0
0
0
0
0
2.67162277152e-12
100
100
100
100
100
100
100
100
100
100
100
100
100
100
100
100
100
100
100
100
100
100
100
100
100
100
100
100
100
100
100
100
100
100
100
100
100
100
100
100
100
100
100
100
100
100
100
100
100
100
100
100
100
100
100
100
100
100
100
100
100
100
100
100
100
100
100
100
100
100
100
100
100
4.29838649212e-17
1.42750842912e-17
0
0
0
0
0
0
0
0
0
0
0
0
0
0
0
0
0
0
0
0
0
0
0
0
0
0
0
2.74734540094e-11
100
100
100
100
100
100
100
100
100
100
100
100
100
100
100
100
100
100
100
100
100
100
100
100
100
100
100
100
100
100
100
100
100
100
100
100
100
100
100
100
100
100
100
100
100
100
100
100
100
100
100
100
100
100
100
100
100
100
100
100
100
100
100
100
100
100
0
0
0
0
0
0
0
0
0
0
0
0
0
0
0
0
0
0
0
0
0
0
0
0
0
0
0
0
0
0
0
0
0
0
99.9999897876
100
100
100
100
100
100
100
100
100
100
100
100
100
100
100
100
100
100
100
100
100
100
100
100
100
100
100
100
100
100
100
100
100
100
100
100
100
100
100
100
100
100
100
100
100
100
100
100
100
100
100
100
100
100
100
100
100
100
100
100
100
0
0
0
0
0
0
0
0
0
0
0
0
0
0
0
0
0
0
0
0
0
0
0
0
0
0
0
0
0
0
0
0
0
0
0
0
0
0
100
100
100
100
100
100
100
100
100
100
100
100
100
100
100
100
100
100
100
100
100
100
100
100
100
100
100
100
100
100
100
100
100
100
100
100
100
100
100
100
100
100
100
100
100
100
100
100
100
100
100
100
100
100
100
100
100
100
0
0
0
0
0
0
0
0
0
0
0
0
0
0
0
0
0
0
0
0
0
0
0
0
0
0
0
0
0
0
0
0
0
0
0
0
0
0
0
0
0
99.999993088
100
100
100
100
100
100
100
100
100
100
100
100
100
100
100
100
100
100
100
100
100
100
100
100
100
100
100
100
100
100
100
99.9999999999
99.9999999999
99.9999999999
99.9999999999
99.9999999999
99.9999999999
99.9999999999
99.9999999999
100
100
100
100
100
100
100
100
100
100
100
100
100
100
100
0
0
0
0
0
0
0
0
0
0
0
0
0
0
0
0
0
0
0
0
0
0
0
0
0
0
0
0
0
0
0
0
0
0
0
0
0
0
0
0
0
0
2.33536820082e-15
6.9301535586e-15
100
100
100
100
100
100
100
100
100
100
100
100
100
100
100
100
100
100
100
100
100
100
100
100
100
100
99.9999999999
99.9999999998
99.9999999998
99.9999999996
99.9999999995
99.9999999994
99.9999999994
99.9999999994
99.9999999996
99.9999999997
99.9999999998
99.9999999999
99.9999999999
100
100
100
100
100
100
100
100
100
100
100
100
100
0
0
0
0
0
0
0
0
0
0
0
0
0
0
0
0
0
0
0
0
0
0
0
0
0
0
0
0
0
0
0
0
0
0
0
0
0
0
0
0
0
0
0
1.28441860443e-14
1.32074009046e-13
1.10432617452e-12
3.73841134309e-11
100
100
100
100
100
100
100
100
100
100
100
100
100
100
100
100
100
100
100
100
99.9999999999
99.9999999998
99.9999999996
99.999999999
99.9999999976
99.9999999949
99.9999999911
99.9999999882
99.9999999869
99.9999999882
99.9999999912
99.9999999944
99.9999999973
99.9999999986
99.9999999992
99.9999999995
99.9999999998
99.9999999999
100
100
100
100
100
100
100
100
100
100
100
0
0
0
0
0
0
0
0
0
0
0
0
0
0
0
0
0
0
0
0
0
0
0
0
0
0
0
0
0
0
0
0
0
0
0
0
0
0
0
0
0
0
0
0
0
1.03500388536e-14
5.01307936053e-14
6.51608578416e-13
1.24833639148e-11
100
100
100
100
100
100
100
100
100
100
100
100
100
100
100
100
100
99.9999999998
99.9999999987
99.9999999868
99.9999934816
99.9998313086
99.9994531244
99.998970957
99.9987265496
99.9985884184
99.9987295765
99.9991664752
99.9997460583
99.9999884755
99.9999998624
99.9999999702
99.9999999882
99.9999999958
99.9999999982
99.9999999993
99.9999999998
99.9999999999
100
100
100
100
100
100
100
100
100
0
0
0
0
0
0
0
0
0
0
0
0
0
0
0
0
0
0
0
0
0
0
0
0
0
0
0
0
0
0
0
0
0
0
0
0
0
0
0
0
0
0
0
0
0
0
0
2.53976926465e-15
2.91652463797e-14
1.42568091784e-13
1.24835249798e-11
100
100
100
100
100
100
100
100
100
100
100
100
100
99.9999999999
99.999999998
99.9994959003
99.9952442115
98.3346343262
3.39766698496e-13
3.29069728187e-13
3.13047147229e-13
2.8933230964e-13
2.67804620883e-13
2.26166583282e-13
1.97766039253e-13
1.80781821352e-13
1.16176223476e-13
99.7477564015
99.9911434818
99.998063674
99.9999145086
99.999999737
99.9999999663
99.9999999924
99.999999998
99.9999999995
99.9999999999
100
100
100
100
100
100
100
100
0
0
0
0
0
0
0
0
0
0
0
0
0
0
0
0
0
0
0
0
0
0
0
0
0
0
0
0
0
0
0
0
0
0
0
0
0
0
0
0
0
0
0
0
0
0
0
0
3.77806605092e-16
9.833809426e-15
2.94712697299e-14
4.07937958774e-13
3.01048075685e-11
100
100
100
100
100
100
100
100
100
100
99.9999999997
99.9970487335
3.4951917458e-13
3.45793002485e-13
3.45793002485e-13
3.33438430092e-13
3.335949783e-13
3.32522571319e-13
3.19544280743e-13
3.00335262295e-13
2.75748417472e-13
2.49171023945e-13
2.12713694005e-13
2.01286148858e-13
1.75554705815e-13
0
0
0
99.0491769766
99.984244254
99.998481567
99.9999993791
99.9999999583
99.9999999946
99.999999999
99.9999999999
100
100
100
100
100
100
100
0
0
0
0
0
0
0
0
0
0
0
0
0
0
0
0
0
0
0
0
0
0
0
0
0
0
0
0
0
0
0
0
0
0
0
0
0
0
0
0
0
0
0
0
0
0
0
0
0
3.40025944583e-16
4.57022208204e-15
1.50509468677e-14
5.09450861466e-14
1.8181089341e-12
99.9895504325
100
100
100
100
100
100
100
99.9985884187
3.84650933141e-13
3.84650933141e-13
3.84520470555e-13
3.51242022487e-13
3.45937960914e-13
3.38965163538e-13
3.33577281752e-13
3.33994572864e-13
3.22314111346e-13
3.09247653946e-13
2.8933230964e-13
2.58978180228e-13
2.26166583282e-13
1.86047419325e-13
1.71090799053e-13
8.1451964799e-14
0
0
0
0
0
99.9638880012
99.9982335424
99.9999996275
99.9999999857
99.9999999983
100
100
100
100
100
100
100
0
0
0
0
0
0
0
0
0
0
0
0
0
0
0
0
0
0
0
0
0
0
0
0
0
0
0
0
0
0
0
0
0
0
0
0
0
0
0
0
0
0
0
0
0
0
0
0
0
0
3.06023350124e-16
8.14292541322e-16
1.07490492443e-14
2.65241427569e-14
1.33472145822e-13
7.37119588338e-12
100
100
100
100
100
71.6868738774
4.27637804626e-13
3.84650933141e-13
3.84650933141e-13
3.84650933141e-13
3.84650933141e-13
3.73634680616e-13
3.44360103763e-13
3.37572996505e-13
3.35319374255e-13
3.24806958889e-13
3.13047147229e-13
2.95123337353e-13
2.67804620883e-13
2.26166583282e-13
1.81157533972e-13
1.57999235233e-13
8.1451964799e-14
0
0
0
0
0
0
0
99.9763772432
99.999982885
99.9999999532
99.9999999983
100
100
100
100
100
100
0
0
0
0
0
0
0
0
0
0
0
0
0
0
0
0
0
0
0
0
0
0
0
0
0
0
0
0
0
0
0
0
0
0
0
0
0
0
0
0
0
0
0
0
0
0
0
0
0
0
0
4.3648593623e-16
7.3286328719e-16
8.35556682076e-15
1.91353181498e-14
6.32880054248e-14
8.34565587409e-13
3.79396449052e-11
99.9998284146
99.9990738859
5.13102512833e-13
4.75270532579e-13
4.27637804626e-13
4.27637804626e-13
3.84768349469e-13
3.8445208756e-13
3.84231148025e-13
3.83806698629e-13
3.82763652381e-13
3.57755219619e-13
3.36306094884e-13
3.27050521678e-13
3.1494654762e-13
2.95123337353e-13
2.75748417472e-13
2.38274183631e-13
1.97766039253e-13
1.80781821352e-13
1.16176223476e-13
0
0
0
0
0
0
0
0
99.7522187659
99.9978338293
99.9999999014
100
100
100
100
100
100
0
0
0
0
0
0
0
0
0
0
0
0
0
0
0
0
0
0
0
0
0
0
0
0
0
0
0
0
0
0
0
0
0
0
0
0
0
0
0
0
0
0
0
0
0
0
0
0
0
0
0
1.17416327495e-16
3.92837342607e-16
6.59576958471e-16
7.07567618467e-15
1.5404500476e-14
3.70438605756e-14
4.27743479321e-13
6.52447116398e-13
5.87107297533e-13
5.28301460554e-13
4.75376207274e-13
4.27743479321e-13
4.27365672716e-13
3.9792211739e-13
3.84169603329e-13
3.84169603329e-13
3.83693105424e-13
3.82894114967e-13
3.81642285528e-13
3.75400228499e-13
3.53455008188e-13
3.19113136184e-13
3.00335262295e-13
2.75748417472e-13
2.38274183631e-13
1.97766039253e-13
1.80781821352e-13
1.16176223476e-13
0
0
0
0
0
0
0
0
0
6.21445707363
99.9891374267
99.9999998759
100
100
100
100
100
0
0
0
0
0
0
0
0
0
0
0
0
0
0
0
0
0
0
0
0
0
0
0
0
0
0
0
0
0
0
0
0
0
0
0
0
0
0
0
0
0
0
0
0
0
0
0
0
0
0
0
0
2.23091022241e-16
3.53553608346e-16
1.49807100072e-15
6.11193641982e-15
1.20142422777e-14
2.41565834701e-14
3.46386621747e-13
5.87202404758e-13
5.2796143461e-13
4.75036181329e-13
4.27204607795e-13
4.27204607795e-13
4.27204607795e-13
3.84114213102e-13
3.83763050035e-13
3.83490285177e-13
3.82476303331e-13
3.81481220607e-13
3.75369626164e-13
3.65777989748e-13
3.55049200825e-13
3.38917771937e-13
2.96799466823e-13
2.38274183631e-13
1.97766039253e-13
1.80781821352e-13
8.38471362461e-14
0
0
0
0
0
0
0
0
0
0
2.7867228877e-13
99.974784643
100
100
100
100
100
0
0
0
0
0
0
0
0
0
0
0
0
0
0
0
0
0
0
0
0
0
0
0
0
0
0
0
0
0
0
0
0
0
0
0
0
0
0
0
0
0
0
0
0
0
0
0
0
0
0
0
0
2.23091022241e-16
2.23091022241e-16
2.23091022241e-16
2.3966326244e-15
6.28302475122e-15
1.05822631182e-14
1.88511156962e-14
3.46080598397e-13
5.27911583406e-13
4.74986330125e-13
4.27353602173e-13
4.27258494947e-13
4.27059649366e-13
4.26838709831e-13
3.83723766301e-13
3.82705507945e-13
3.82331344902e-13
3.81453678505e-13
3.74032346483e-13
3.65908452334e-13
3.55049200825e-13
3.38917771937e-13
3.14330927114e-13
2.76856693273e-13
2.32141352212e-13
1.80781821352e-13
3.85825096416e-14
0
0
0
0
0
0
0
0
0
0
2.41889771165e-13
3.19743045488e-12
99.9691307773
100
100
100
99.9999999999
0
0
0
0
0
0
0
0
0
0
0
0
0
0
0
0
0
0
0
0
0
0
0
0
0
0
0
0
0
0
0
0
0
0
0
0
0
0
0
0
0
0
0
0
0
0
0
0
0
0
0
0
1.05674694746e-16
2.23091022241e-16
3.18198247512e-16
3.18198247512e-16
2.48710957343e-15
6.35140774675e-15
9.43844030366e-15
1.34275644922e-14
3.84532645453e-13
4.75034828563e-13
6.84277694303e-13
4.27223139587e-13
4.27024294005e-13
4.2692918678e-13
4.25448777026e-13
4.25176012168e-13
3.81890820296e-13
3.80940423303e-13
3.74149762811e-13
3.65763493905e-13
3.55179663412e-13
3.38917771937e-13
3.06387130525e-13
2.76856693273e-13
2.36348548894e-13
1.7754741566e-13
0
0
0
0
0
0
0
0
0
0
0
2.12854812645e-13
2.50152647239e-12
1.96319775441e-10
99.9999325631
99.9999999999
99.9999999991
99.9999999944
0
0
0
0
0
0
0
0
0
0
0
0
0
0
0
0
0
0
0
0
0
0
0
0
0
0
0
0
0
0
0
0
0
0
0
0
0
0
0
0
0
0
0
0
0
0
0
0
0
0
0
0
0
0
1.05674694746e-16
3.18198247512e-16
3.18198247512e-16
3.14788483752e-15
6.53036877021e-15
8.36535117692e-15
8.09714658442e-14
99.9999999923
100
99.9999999992
99.9999999992
99.9999999987
99.9999999984
99.9999999976
99.9999999954
99.999999926
4.15563953991e-13
3.69230622632e-13
3.51760119457e-13
3.33705846995e-13
3.06387130525e-13
2.64749092923e-13
2.19740043614e-13
2.00868690391e-13
0
0
0
0
0
0
0
0
0
0
0
1.5516167173e-13
2.74278146383e-12
1.20322113246e-10
2.53172492177e-05
99.9999999997
99.9999998745
99.9999847361
0
0
0
0
0
0
0
0
0
0
0
0
0
0
0
0
0
0
0
0
0
0
0
0
0
0
0
0
0
0
0
0
0
0
0
0
0
0
0
0
0
0
0
0
0
0
0
0
0
0
0
0
0
0
0
1.05674694746e-16
2.23091022241e-16
4.48660833617e-16
3.27834742363e-15
5.56912577336e-15
7.2206099394e-15
2.26533410219e-13
100
100
100
100
100
99.9999999999
99.9999999998
99.9999999991
99.9999999931
4.06376340015e-13
3.94616528356e-13
3.70784274439e-13
3.26869257667e-13
2.51296203646e-13
2.01286148858e-13
1.75554705815e-13
0
0
0
0
0
0
0
0
0
0
0
9.13530561875e-14
3.35711874074e-12
1.55012881958e-10
1.55728759588e-06
99.9999999995
99.9999885183
84.9030387657
0
0
0
0
0
0
0
0
0
0
0
0
0
0
0
0
0
0
0
0
0
0
0
0
0
0
0
0
0
0
0
0
0
0
0
0
0
0
0
0
0
0
0
0
0
0
0
0
0
0
0
0
0
0
0
0
0
4.3648593623e-16
1.03738356356e-15
2.88566540053e-15
1.38852326085e-14
6.01422107903e-14
3.34418626717e-13
100
100
100
100
100
99.9999999999
99.9999999999
99.9999999994
99.9999999914
3.90699618745e-13
3.64467215529e-13
3.30622988744e-13
2.55875870584e-13
1.80781821352e-13
1.59597602659e-13
0
0
0
0
0
0
0
0
0
0
0
0
3.95811971326e-12
2.53455836797e-10
1.95695512259e-06
99.9999142389
99.9999278461
21.7538491703
0
0
0
0
0
0
0
0
0
0
0
0
0
0
0
0
0
0
0
0
0
0
0
0
0
0
0
0
0
0
0
0
0
0
0
0
0
0
0
0
0
0
0
0
0
0
0
0
0
0
0
0
0
0
0
0
0
0
8.14292541322e-16
1.28072044884e-15
1.04196125208e-14
4.24864132751e-14
1.51938136146e-13
7.35813183994e-12
100
100
100
100
100
100
99.9999999999
99.9999999988
99.9999999721
3.57200382271e-13
3.07618548081e-13
2.62609498771e-13
2.00868690391e-13
0
0
0
0
0
0
0
0
0
0
0
0
1.96011868256e-13
6.41216534269e-12
6.14648738496e-10
7.79403092347e-06
99.9999999999
99.9999998997
76.6748917064
0
0
0
0
0
0
0
0
0
0
0
0
0
0
0
0
0
0
0
0
0
0
0
0
0
0
0
0
0
0
0
0
0
0
0
0
0
0
0
0
0
0
0
0
0
0
0
0
0
0
0
0
0
0
0
0
0
0
0
5.3887152621e-16
1.15025786274e-15
3.09643419846e-14
7.11267800353e-14
3.29685175147e-13
3.9947625258e-09
100
100
100
100
100
99.9999999999
99.9999999997
99.999999997
99.9999992406
2.94165658804e-13
2.44155604016e-13
1.95060784239e-13
0
0
0
0
0
0
0
0
0
0
0
0
4.32272325733e-13
8.84413429733e-12
2.66278118552e-09
0.000104088730557
100
99.9999999999
99.9999999999
0
0
0
0
0
0
0
0
0
0
0
0
0
0
0
0
0
0
0
0
0
0
0
0
0
0
0
0
0
0
0
0
0
0
0
0
0
0
0
0
0
0
0
0
0
0
0
0
0
0
0
0
0
0
0
0
0
0
0
0
0
1.89291093098e-14
5.00638408505e-14
1.85390081494e-13
3.15218007328e-12
100
100
100
100
100
100
99.9999999999
99.9999999984
99.9999997224
2.62609498771e-13
2.23109470456e-13
6.78661776384e-14
0
0
0
0
0
0
0
0
0
0
1.16994451355e-13
1.89500535892e-13
6.16880763551e-13
1.58789181306e-11
3.07515303083e-08
54.9208685645
100
100
100
0
0
0
0
0
0
0
0
0
0
0
0
0
0
0
0
0
0
0
0
0
0
0
0
0
0
0
0
0
0
0
0
0
0
0
0
0
0
0
0
0
0
0
0
0
0
0
0
0
0
0
0
0
0
0
0
0
0
0
0
0
0
3.72987297571e-14
6.33359311177e-14
4.27541832097e-13
1.94405005909e-09
100
100
100
100
100
100
99.9999999987
99.9999998071
2.71379111687e-13
1.63808951429e-13
0
0
0
0
0
0
0
0
0
0
0
2.41871706515e-13
7.52217433274e-13
1.05022725692e-12
1.14762638593e-10
1.71550121806e-06
100
100
100
100
0
0
0
0
0
0
0
0
0
0
0
0
0
0
0
0
0
0
0
0
0
0
0
0
0
0
0
0
0
0
0
0
0
0
0
0
0
0
0
0
0
0
0
0
0
0
0
0
0
0
0
0
0
0
0
0
0
0
0
0
0
0
0
5.0269473718e-14
3.55049200825e-13
6.69738845306e-12
100
100
100
100
100
100
99.9999999991
99.9999998339
1.95155891464e-13
0
0
0
0
0
0
0
0
0
0
0
0
3.23614603354e-13
2.04745557487e-12
1.02063038886e-11
1.19402747986e-08
100
100
100
100
100
0
0
0
0
0
0
0
0
0
0
0
0
0
0
0
0
0
0
0
0
0
0
0
0
0
0
0
0
0
0
0
0
0
0
0
0
0
0
0
0
0
0
0
0
0
0
0
0
0
0
0
0
0
0
0
0
0
0
0
0
0
0
0
5.11642383499e-14
3.09247653946e-13
1.89834405484e-12
100
100
100
100
100
100
99.9999999988
99.9999997502
9.5107225271e-17
0
0
0
0
0
0
0
0
0
0
0
0
7.3243833408e-13
8.80883476622e-12
3.86334065266e-10
3.5256449426e-05
100
100
100
100
100
0
0
0
0
0
0
0
0
0
0
0
0
0
0
0
0
0
0
0
0
0
0
0
0
0
0
0
0
0
0
0
0
0
0
0
0
0
0
0
0
0
0
0
0
0
0
0
0
0
0
0
0
0
0
0
0
0
0
0
0
0
0
0
7.94379658917e-15
2.06232521279e-13
5.5386293024e-13
100
100
100
100
100
100
99.9999999984
99.9999996193
0
8.55965027439e-17
0
0
0
0
0
0
0
0
0
0
0
2.29235018822e-12
6.47503636762e-11
8.6537477781e-08
100
100
100
100
100
100
0
0
0
0
0
0
0
0
0
0
0
0
0
0
0
0
0
0
0
0
0
0
0
0
0
0
0
0
0
0
0
0
0
0
0
0
0
0
0
0
0
0
0
0
0
0
0
0
0
0
0
0
0
0
0
0
0
0
0
0
0
0
0
0
1.52924025643e-13
5.45841777754e-13
100
100
100
100
100
100
99.999999997
99.9990919957
0
8.55965027439e-17
8.55965027439e-17
0
0
0
0
0
0
0
1.30462586106e-16
2.75421015112e-16
2.74271832256e-13
1.57045895044e-11
3.98557095088e-09
100
100
100
100
100
100
100
0
0
0
0
0
0
0
0
0
0
0
0
0
0
0
0
0
0
0
0
0
0
0
0
0
0
0
0
0
0
0
0
0
0
0
0
0
0
0
0
0
0
0
0
0
0
0
0
0
0
0
0
0
0
0
0
0
0
0
0
0
0
0
0
1.5633169188e-13
5.41151045306e-13
100
100
100
100
100
100
99.9999999839
0
0
0
8.55965027439e-17
0
0
0
0
1.05674694746e-16
1.05674694746e-16
2.23091022241e-16
2.47878913601e-16
5.53902263725e-16
1.84658203969e-12
5.97555944536e-10
100
100
100
100
100
100
100
100
0
0
0
0
0
0
0
0
0
0
0
0
0
0
0
0
0
0
0
0
0
0
0
0
0
0
0
0
0
0
0
0
0
0
0
0
0
0
0
0
0
0
0
0
0
0
0
0
0
0
0
0
0
0
0
0
0
0
0
0
0
0
0
0
1.5506828293e-13
4.71342255672e-13
100
100
100
100
100
99.9999999973
0
0
0
0
0
7.70368524695e-17
8.55965027439e-17
8.55965027439e-17
9.5107225271e-17
2.00781920017e-16
2.00781920017e-16
2.23091022241e-16
3.53553608346e-16
5.03490976526e-13
1.58001693411e-10
100
100
100
100
100
100
100
100
100
0
0
0
0
0
0
0
0
0
0
0
0
0
0
0
0
0
0
0
0
0
0
0
0
0
0
0
0
0
0
0
0
0
0
0
0
0
0
0
0
0
0
0
0
0
0
0
0
0
0
0
0
0
0
0
0
0
0
0
0
0
0
0
0
1.46433275295e-13
4.49814566915e-13
100
100
100
100
99.9999999986
0
0
0
0
0
0
7.70368524695e-17
7.70368524695e-17
8.55965027439e-17
8.55965027439e-17
9.5107225271e-17
2.00781920017e-16
3.18198247512e-16
9.29853464764e-14
6.00956133705e-11
100
100
100
100
100
100
100
100
100
100
0
0
0
0
0
0
0
0
0
0
0
0
0
0
0
0
0
0
0
0
0
0
0
0
0
0
0
0
0
0
0
0
0
0
0
0
0
0
0
0
0
0
0
0
0
0
0
0
0
0
0
0
0
0
0
0
0
0
0
0
0
0
0
0
0
5.44429785507e-13
100
100
100
99.9999999988
0
0
0
0
0
0
0
7.70368524695e-17
7.70368524695e-17
7.70368524695e-17
8.55965027439e-17
1.80703728015e-16
2.00781920017e-16
6.2200580135e-14
3.4357897958e-11
100
100
100
100
100
100
100
100
100
100
100
0
0
0
0
0
0
0
0
0
0
0
0
0
0
0
0
0
0
0
0
0
0
0
0
0
0
0
0
0
0
0
0
0
0
0
0
0
0
0
0
0
0
0
0
0
0
0
0
0
0
0
0
0
0
0
0
0
0
0
0
0
0
0
0
0
6.40579377631e-13
100
100
99.9999999982
0
0
0
0
0
0
0
0
7.70368524695e-17
7.70368524695e-17
7.70368524695e-17
1.62633355213e-16
1.80703728015e-16
5.58531059653e-14
2.78098259522e-11
100
100
100
100
100
100
100
100
100
100
100
100
0
0
0
0
0
0
0
0
0
0
0
0
0
0
0
0
0
0
0
0
0
0
0
0
0
0
0
0
0
0
0
0
0
0
0
0
0
0
0
0
0
0
0
0
0
0
0
0
0
0
0
0
0
0
0
0
0
0
0
0
0
0
0
0
0
3.72131693363e-13
100
99.9999999949
0
0
0
0
0
0
0
0
0
0
7.70368524695e-17
2.21995281476e-16
6.47617728802e-16
7.86070542413e-14
3.45771529511e-11
100
100
100
100
100
100
100
100
100
100
100
100
100
4.29838649212e-17
0
0
0
0
0
0
0
0
0
0
0
0
0
0
0
0
0
0
0
0
0
0
0
0
0
0
0
0
0
0
0
0
0
0
0
0
0
0
0
0
0
0
0
0
0
0
0
0
0
0
0
0
0
0
0
0
0
0
0
0
0
0
0
0
0
99.9999999882
0
0
0
0
0
0
0
0
0
0
2.47878913601e-16
4.21791034804e-16
4.21791034804e-16
3.46797393563e-13
5.13675515948e-11
100
100
100
100
100
100
100
100
100
100
100
100
100
100
100
100
2.47991926091e-16
0
0
0
0
0
0
0
0
0
0
0
0
0
0
0
0
0
0
0
0
0
0
0
0
0
0
0
0
0
0
0
0
0
0
0
0
0
0
0
0
0
0
0
0
0
0
0
0
0
0
0
0
0
0
0
0
0
0
0
0
0
0
0
0
0
0
0
0
0
0
0
0
0
0
4.98512037353e-16
8.76997880597e-14
1.43348255615e-12
99.988589231
100
100
100
100
100
100
100
100
100
100
100
100
100
100
100
100
100
100
100
100
0
0
0
0
0
0
0
0
0
0
0
0
0
0
0
0
0
0
0
0
0
0
0
0
0
0
0
0
0
0
0
0
0
0
0
0
0
0
0
0
0
0
0
0
0
0
0
0
0
0
0
0
0
0
0
0
0
0
0
0
0
0
0
0
0
0
0
0
0
0
1.4219931171e-13
2.44155604016e-13
3.77301232279e-13
6.10957692906e-12
99.9996013278
100
100
100
100
100
100
100
100
100
100
100
100
100
100
100
100
100
100
100
100
100
100
1.34806310172e-06
0
0
0
0
0
0
0
0
0
0
0
0
0
0
0
0
0
0
0
0
0
0
0
0
0
0
0
0
0
0
0
0
0
0
0
0
0
0
0
0
0
0
0
0
0
0
0
0
0
0
0
0
0
0
0
0
0
0
0
0
0
0
0
0
0
3.89234469452e-13
5.7883856925e-13
8.11343065322e-13
8.81861978513e-13
8.47413370899e-13
99.9947113964
99.9999791359
100
100
100
100
100
100
100
100
100
100
100
100
100
100
100
100
100
100
100
100
100
100
2.02335041428e-07
2.1143172303e-11
5.37404054912e-12
1.15575430103e-15
0
0
0
0
0
0
0
0
0
0
0
0
0
0
0
0
0
0
0
0
0
0
0
0
0
0
0
0
0
0
0
0
0
0
0
0
0
0
0
0
0
0
0
0
0
0
0
0
0
0
0
0
0
0
0
0
0
0
0
0
0
0
6.10056916464e-13
1.04620537763e-12
1.02444069145e-12
1.03499125434e-12
99.9870992992
99.9998748924
99.999999005
100
100
100
100
100
100
100
100
100
100
100
100
100
100
100
100
100
100
100
100
100
100
1.05886550166e-08
5.26200266391e-12
1.49258972697e-13
9.78298130233e-14
1.65716587925e-13
5.74553822249e-14
4.80831602725e-16
0
0
0
0
0
0
0
0
0
0
0
0
0
0
0
0
0
0
0
0
0
0
0
0
0
0
0
0
0
0
0
0
0
0
0
0
0
0
0
0
0
0
0
0
0
0
0
0
0
0
0
0
0
0
0
0
0
0
0
0
9.37398744558e-13
1.26474159439e-12
99.9781525499
99.9996825377
99.9999934525
100
100
100
100
100
100
100
100
100
100
100
100
100
100
100
100
100
100
100
100
100
100
100
3.83672001688e-09
2.04897175745e-13
1.2088018615e-13
1.08750828318e-13
8.80226567404e-14
8.79957956508e-14
7.90695010145e-14
9.76166679191e-14
2.74346888017e-15
0
0
0
0
0
0
0
0
0
0
0
0
0
0
0
0
0
0
0
0
0
0
0
0
0
0
0
0
0
0
0
0
0
0
0
0
0
0
0
0
0
0
0
0
0
0
0
0
0
0
0
0
0
0
0
0
0
0
0
8.36840763325e-13
99.9991664752
99.9999830998
99.9999994777
100
100
100
100
100
100
100
100
100
100
100
100
100
100
100
100
100
100
100
100
100
100
99.9895365932
1.28720547656e-09
1.84423319375e-13
1.20929904173e-13
8.80828642878e-14
7.92203910663e-14
7.12765944772e-14
7.12524194966e-14
5.75786587455e-14
5.17098440024e-14
7.89830709815e-14
2.43044769236e-14
0
0
0
0
0
0
0
0
0
0
0
0
0
0
0
0
0
0
0
0
0
0
0
0
0
0
0
0
0
0
0
0
0
0
0
0
0
0
0
0
0
0
0
0
0
0
0
0
0
0
0
0
0
0
0
0
0
0
99.9996770754
99.9999946965
99.9999998672
99.9999999995
100
100
100
100
100
100
100
100
100
100
100
100
100
100
100
100
100
100
100
100
100
8.96751943139e-08
3.49348446304e-10
1.34413264587e-13
9.79559346465e-14
8.18854290877e-14
7.1312627044e-14
6.41489350295e-14
5.76927023097e-14
5.18774996156e-14
5.1820792871e-14
4.65388596022e-14
5.17098440024e-14
6.38898574621e-14
5.72169454628e-14
7.3286328719e-16
0
0
0
0
0
0
0
0
0
0
0
0
0
0
0
0
0
0
0
0
0
0
0
0
0
0
0
0
0
0
0
0
0
0
0
0
0
0
0
0
0
0
0
0
0
0
0
0
0
0
0
0
0
0
0
99.9997013195
99.9999968684
99.9999999129
99.9999999992
100
100
100
100
100
100
100
100
100
100
100
100
100
100
100
100
100
100
100
100
100
100
5.59415560003e-11
8.81487783636e-14
7.93223377089e-14
7.13785411198e-14
6.42115006287e-14
5.75408981862e-14
5.19234320787e-14
4.6689749654e-14
4.66655746734e-14
4.1947981136e-14
4.18849736419e-14
4.65388596022e-14
4.64979190603e-14
5.7404838346e-14
7.08008376303e-14
1.28072044884e-15
0
0
0
0
0
0
0
0
0
0
0
0
0
0
0
0
0
0
0
0
0
0
0
0
0
0
0
0
0
0
0
0
0
0
0
0
0
0
0
0
0
0
0
0
0
0
0
0
0
0
0
0
0
99.9992498276
99.9999965204
99.999999936
99.9999999988
100
100
100
100
100
100
100
100
100
100
100
100
100
100
100
100
100
100
100
100
100
100
100
6.42406870078e-14
6.42291241895e-14
5.77946489523e-14
5.20036212388e-14
4.67740727358e-14
4.20350497729e-14
4.20207746886e-14
3.7777358003e-14
3.77531830224e-14
3.77531830224e-14
3.76633144388e-14
3.76264679511e-14
4.18481271542e-14
4.64979190603e-14
6.37831537178e-14
1.48706178997e-13
1.7260947856e-15
0
0
0
0
0
0
0
0
0
0
0
0
0
0
0
0
0
0
0
0
0
0
0
0
0
0
0
0
0
0
0
0
0
0
0
0
0
0
0
0
0
0
0
0
0
0
0
0
0
0
0
0
99.9999876798
99.9999999129
99.9999999984
100
100
100
100
100
100
100
100
100
100
100
100
100
100
100
100
100
100
100
100
100
100
100
100
4.68032591149e-14
4.67916962966e-14
4.21009638487e-14
4.20833402878e-14
3.78616810847e-14
3.44584882211e-14
3.40138972869e-14
3.39778647201e-14
3.05583207656e-14
3.0534145785e-14
3.04774390404e-14
3.3863821156e-14
3.38269746683e-14
3.76264679511e-14
5.16643545114e-14
1.68591093499e-12
6.52542223623e-13
1.5811363566e-15
0
0
0
0
0
0
0
0
0
0
0
0
0
0
0
0
0
0
0
0
0
0
0
0
0
0
0
0
0
0
0
0
0
0
0
0
0
0
0
0
0
0
0
0
0
0
0
0
0
0
99.9978485267
99.99999953
99.9999999973
99.9999999999
100
100
100
100
100
100
100
100
100
100
100
100
100
100
100
100
100
100
100
100
100
100
100
100
3.54324283934e-14
3.40621878019e-14
3.40621878019e-14
3.40621878019e-14
3.06267826425e-14
3.05943533324e-14
2.75167637733e-14
2.74807312065e-14
2.74807312065e-14
2.74565562259e-14
2.74296951363e-14
2.73998494813e-14
1.30658622408e-08
4.62860944558e-08
1.79315952282e-08
5.54187782295e-10
3.22252351493e-11
1.5501176471e-12
0
0
0
0
0
0
0
0
0
0
0
0
0
0
0
0
0
0
0
0
0
0
0
0
0
0
0
0
0
0
0
0
0
0
0
0
0
0
0
0
0
0
0
0
0
0
0
0
0
0
99.9999179169
99.9999999839
99.9999999996
100
100
100
100
100
100
100
100
100
100
100
100
100
100
100
100
100
100
100
100
100
100
100
100
100
2.98862773277e-14
2.75650542882e-14
2.75650542882e-14
2.75491930835e-14
2.75296113492e-14
2.47469331701e-14
2.47469331701e-14
2.47109006033e-14
2.22180530604e-14
2.21938780798e-14
2.21938780798e-14
3.80659228062e-07
0.0545830369234
0.785516721126
0.0128033581063
6.44776483594e-07
1.17658831095e-08
2.14703143518e-10
4.27520388299e-13
0
0
0
0
0
0
0
0
0
0
0
0
0
0
0
0
0
0
0
0
0
0
0
0
0
0
0
0
0
0
0
0
0
0
0
0
0
0
0
0
0
0
0
0
0
0
0
0
0
99.9999934525
99.9999999976
100
100
100
100
100
100
100
100
100
100
100
100
100
100
100
100
100
100
100
100
100
100
100
100
100
100
2.47909252985e-14
2.4795223685e-14
2.47793624803e-14
2.22865149374e-14
2.22669332031e-14
2.22540856273e-14
2.00105228387e-14
1.99744902719e-14
1.99744902719e-14
1.99503152913e-14
1.99503152913e-14
4.94347358733
100
100
100
100
6.79832872713e-05
6.34957114348e-08
3.63602088855e-10
2.51690261469e-13
0
0
0
0
0
0
0
0
0
0
0
0
0
0
0
0
0
0
0
0
0
0
0
0
0
0
0
0
0
0
0
0
0
0
0
0
0
0
0
0
0
0
0
0
0
0
0
0
99.9999993552
99.9999999996
100
100
100
100
100
100
100
100
100
100
100
100
100
100
100
100
100
100
100
100
100
100
100
100
100
100
2.00545149671e-14
2.00429521488e-14
2.00429521488e-14
2.00429521488e-14
2.00233704145e-14
1.7991316329e-14
1.79770412447e-14
1.79552837621e-14
1.79552837621e-14
1.79311087815e-14
1.79552837621e-14
99.9999999931
99.9999999999
100
100
100
100
0.000906977251679
7.32624726425e-08
1.73909187777e-10
1.20850988345e-13
0
0
0
0
0
0
0
0
0
0
0
0
0
0
0
0
0
0
0
0
0
0
0
0
0
0
0
0
0
0
0
0
0
0
0
0
0
0
0
0
0
0
0
0
0
0
0
99.9999999486
99.9999999999
100
100
100
100
100
100
100
100
100
100
100
100
100
100
100
100
100
100
100
100
100
100
100
100
100
100
1.80353084574e-14
1.80237456391e-14
1.80237456391e-14
1.80237456391e-14
1.66200935541e-14
1.61740304702e-14
1.61597553859e-14
1.61379979034e-14
1.45024406305e-14
1.45024406305e-14
1.45024406305e-14
1.45024406305e-14
99.9999999959
99.9999999999
100
100
100
100
0.000323804302202
1.61219909131e-08
1.71248679917e-11
3.54746492493e-14
0
0
0
0
0
0
0
0
0
0
0
0
0
0
0
0
0
0
0
0
0
0
0
0
0
0
0
0
0
0
0
0
0
0
0
0
0
0
0
0
0
0
0
0
0
0
99.9999999931
100
100
100
100
100
100
100
100
100
100
100
100
100
100
100
100
100
100
100
100
100
100
100
100
100
100
100
1.62180225986e-14
1.62064597804e-14
1.62064597804e-14
1.58239035234e-14
1.45384731973e-14
1.45384731973e-14
1.4524198113e-14
1.35714866108e-14
1.30304390849e-14
1.30304390849e-14
1.30304390849e-14
1.30521965675e-14
1.30521965675e-14
99.9999999882
99.9999999995
99.9999999999
99.9999999999
99.9999999999
99.9999999999
5.35320090585e-06
1.41116006467e-09
6.63319110472e-12
0
0
0
0
0
0
0
0
0
0
0
0
0
0
0
0
0
0
0
0
0
0
0
0
0
0
0
0
0
0
0
0
0
0
0
0
0
0
0
0
0
0
0
0
0
99.9941709716
99.9999999984
100
100
100
100
100
100
100
100
100
100
100
100
100
100
100
100
100
100
100
100
100
100
100
100
100
100
100
1.45824653258e-14
1.45709025075e-14
1.45709025075e-14
1.35167304431e-14
1.30664716518e-14
1.30521965675e-14
1.30521965675e-14
1.17056376939e-14
1.17056376939e-14
1.17056376939e-14
1.17273951764e-14
1.17273951764e-14
1.17273951764e-14
1.17273951764e-14
99.9999999365
99.999999997
99.9999999996
99.9999999998
99.9999999998
76.271525992
1.06796004542e-07
1.24846060992e-11
5.24633235982e-13
0
0
0
0
0
0
0
0
0
0
0
0
0
0
0
0
0
0
0
0
0
0
0
0
0
0
0
0
0
0
0
0
0
0
0
0
0
0
0
0
0
0
0
0
99.9994531244
99.9999999997
100
100
100
100
100
100
100
100
100
100
100
100
100
100
100
100
100
100
100
100
100
100
100
100
100
100
100
1.31104637802e-14
1.30989009619e-14
1.30989009619e-14
1.22834857508e-14
1.17416702607e-14
1.17273951764e-14
1.17273951764e-14
1.0513316442e-14
1.0513316442e-14
1.05350739245e-14
1.05350739245e-14
9.46198479778e-15
9.46198479778e-15
9.46198479778e-15
1.05350739245e-14
99.9999918269
99.9999999839
99.9999999978
99.9999999994
99.9999999996
5.69280041061e-05
1.24535602365e-11
1.38717845546e-11
1.96351253138e-13
0
0
0
0
0
0
0
0
0
0
0
0
0
0
0
0
0
0
0
0
0
0
0
0
0
0
0
0
0
0
0
0
0
0
0
0
0
0
0
0
0
0
0
99.999981222
99.9999999999
100
100
100
100
100
100
100
100
100
100
100
100
100
100
100
100
100
100
100
100
100
100
100
100
100
100
100
1.17856623891e-14
1.17740995709e-14
1.17740995709e-14
1.16221277713e-14
1.05493490088e-14
1.05350739245e-14
1.05350739245e-14
9.90729900054e-15
9.46198479778e-15
9.46198479778e-15
9.05548901627e-15
8.49620458372e-15
8.49620458372e-15
8.49620458372e-15
8.49620458372e-15
9.46198479778e-15
3.47046769432e-13
99.9999998925
99.9999999894
99.9999999973
8.86293811807
1.12361786511e-11
1.71257969179e-11
2.1142908614e-11
2.58610193027e-14
0
0
0
0
0
0
0
0
0
0
0
0
0
0
0
0
0
0
0
0
0
0
0
0
0
0
0
0
0
0
0
0
0
0
0
0
0
0
0
0
0
0
99.9999986519
100
100
100
100
100
100
100
100
100
100
100
100
100
100
100
100
100
100
100
100
100
100
100
100
100
100
100
100
1.05933411372e-14
1.05817783189e-14
1.05817783189e-14
1.05817783189e-14
1.03728738114e-14
9.46198479778e-15
9.46198479778e-15
9.46198479778e-15
8.49620458372e-15
8.49620458372e-15
8.49620458372e-15
7.62700239107e-15
7.62700239107e-15
7.62700239107e-15
7.52851073524e-15
7.62700239107e-15
6.78425474216e-14
2.08194607586e-12
5.37415459269e-12
1.28524362156e-06
1.03814788443e-06
1.12607047384e-11
1.54132172261e-11
2.90029020525e-11
5.45741540323e-11
0
0
0
0
0
0
0
0
0
0
0
0
0
0
0
0
0
0
0
0
0
0
0
0
0
0
0
0
0
0
0
0
0
0
0
0
0
0
0
0
0
0
99.9999999216
100
100
100
100
100
100
100
100
100
100
100
100
100
100
100
100
100
100
100
100
100
100
100
100
100
100
100
100
1.00505160683e-14
9.88971563492e-15
9.56069182508e-15
9.50868919221e-15
9.46198479778e-15
9.46198479778e-15
8.49620458372e-15
8.49620458372e-15
8.49620458372e-15
7.62700239107e-15
7.62700239107e-15
6.84472041768e-15
6.84472041768e-15
6.14066664163e-15
6.14066664163e-15
6.14066664163e-15
7.44131799904e-15
3.47059617008e-13
2.85597874931e-12
5.37418919774e-12
9.10134172995e-12
1.24847569892e-11
1.7125923633e-11
2.61026118473e-11
5.45743419251e-11
1.40364820369e-10
0
0
0
0
0
0
0
0
0
0
0
0
0
0
0
0
0
0
0
0
0
0
0
0
0
0
0
0
0
0
0
0
0
0
0
0
0
0
0
0
0
99.9999999954
100
100
100
100
100
100
100
100
100
100
100
100
100
100
100
100
100
100
100
100
100
100
100
100
100
100
100
100
9.49849452795e-15
9.50868919221e-15
9.50868919221e-15
9.25374847102e-15
8.61838002987e-15
8.49620458372e-15
8.49620458372e-15
7.63621749398e-15
7.55699406439e-15
7.1536423949e-15
6.84472041768e-15
6.14066664163e-15
6.14066664163e-15
5.50701824318e-15
4.93673468458e-15
4.94958226045e-15
5.51986581905e-15
6.41617826053e-14
5.87875400019e-13
1.68635196373e-12
4.83675198099e-12
9.10136348743e-12
1.54133441173e-11
2.4550142655e-11
4.42052169594e-11
3.27242002164e-10
2.24503931827e-09
0
0
0
0
0
0
0
0
0
0
0
0
0
0
0
0
0
0
0
0
0
0
0
0
0
0
0
0
0
0
0
0
0
0
0
0
0
0
0
0
99.9999999996
100
100
100
100
100
100
100
100
100
100
100
100
100
100
100
100
100
100
100
100
100
100
100
100
100
100
100
100
9.01145341138e-15
8.93820703731e-15
8.68075518336e-15
8.5097471392e-15
8.46304274477e-15
8.31582465482e-15
7.55699406439e-15
7.55699406439e-15
6.84404646979e-15
6.81155857873e-15
6.14066664163e-15
5.92212245219e-15
5.50701824318e-15
4.94958226045e-15
4.43632705771e-15
3.97439737524e-15
4.09083459123e-15
5.51986581905e-15
1.49293577755e-13
3.85642126649e-13
8.06481460666e-13
2.85597874931e-12
6.63484439753e-12
1.24847698368e-11
2.61026515559e-11
2.94517858108e-10
4.42048559963e-11
0
0
0
0
0
0
0
0
0
0
0
0
0
0
0
0
0
0
0
0
0
0
0
0
0
0
0
0
0
0
0
0
0
0
0
0
0
0
0
0
100
100
100
100
100
100
100
100
100
100
100
100
100
100
100
100
100
100
100
100
100
100
100
100
100
100
100
100
100
8.69174902614e-15
8.48798965667e-15
8.45114316895e-15
8.38447257432e-15
8.05055567735e-15
7.55699406439e-15
7.53523658186e-15
6.92601994013e-15
6.72877962788e-15
6.02472585183e-15
6.08332982208e-15
5.51986581905e-15
4.94958226045e-15
4.43632705771e-15
3.55866066102e-15
3.18449761822e-15
3.18449761822e-15
3.97439737524e-15
2.87625701543e-14
1.20893033726e-13
2.27642891416e-13
3.85642126649e-13
7.25815017623e-13
2.85597874931e-12
6.63482264005e-12
1.12361214904e-11
1.01122053984e-11
78.5666844935
0
0
0
0
0
0
0
0
0
0
0
0
0
0
0
0
0
0
0
0
0
0
0
0
0
0
0
0
0
0
0
0
0
0
0
0
0
0
0
100
100
100
100
100
100
100
100
100
100
100
100
100
100
100
100
100
100
100
100
100
100
100
100
100
100
100
100
100
1.53533461769e-10
8.33276225241e-15
8.21080559984e-15
8.0032462382e-15
7.64052233745e-15
7.567665892e-15
7.11257714342e-15
6.74162720374e-15
6.35421321554e-15
6.03757342769e-15
5.42568251178e-15
4.8873871744e-15
4.40316521876e-15
3.94123553629e-15
3.15133577927e-15
2.45761716748e-15
2.27191395684e-15
2.84775087971e-15
4.62377551363e-15
3.34188973252e-14
6.8141109065e-14
1.132934443e-13
1.6591635812e-13
2.52971151076e-13
3.85642126649e-13
1.8054194866e-12
3.17311646335e-12
3.52535521058e-12
99.9999999998
0
0
0
0
0
0
0
0
0
0
0
0
0
0
0
0
0
0
0
0
0
0
0
0
0
0
0
0
0
0
0
0
0
0
0
0
0
99.9999713794
100
100
100
100
100
100
100
100
100
100
100
100
100
100
100
100
100
100
100
100
100
100
100
100
100
100
100
100
100
29.1657349812
8.19875892295e-15
8.0713434104e-15
7.85688528547e-15
7.58194097629e-15
7.29026964428e-15
6.76120893802e-15
6.66709933852e-15
6.03757342769e-15
5.74589962659e-15
5.40392502924e-15
4.82555329813e-15
4.31229809539e-15
3.87454339351e-15
2.78742070769e-15
1.08849425515e-15
1.26661452311e-15
1.94048240429e-15
3.18449761822e-15
6.60296212255e-15
1.62064597804e-14
2.75491930835e-14
4.20674790831e-14
5.77611641867e-14
7.9269271209e-14
1.08799708461e-13
2.52935118509e-13
2.52743287916e-13
99.9999999999
6.69303712386
0
0
0
0
0
0
0
0
0
0
0
0
0
0
0
0
0
0
0
0
0
0
0
0
0
0
0
0
0
0
0
0
0
0
0
0
99.9999999949
100
100
100
100
100
100
100
100
100
100
100
100
100
100
100
100
100
100
100
100
100
100
100
100
100
100
100
100
100
1.66180937621e-12
8.37456701816e-15
8.05741109685e-15
7.86302260812e-15
7.38535147797e-15
7.03004677649e-15
6.74575320427e-15
6.35503395138e-15
6.03757342769e-15
5.40392502924e-15
5.14903293586e-15
4.82555329813e-15
4.31229809539e-15
3.85036841292e-15
3.27376145813e-15
6.8880672645e-16
2.71925143195e-16
2.91506877476e-16
3.42050756382e-16
3.67888658949e-16
1.49174780863e-15
2.6911827488e-15
4.0779519443e-15
7.68526960378e-15
1.05933411372e-14
1.45824653258e-14
1.61984408644e-14
1.30065256749e-14
3.01790197461e-14
100
0
0
0
0
0
0
0
0
0
0
0
0
0
0
0
0
0
0
0
0
0
0
0
0
0
0
0
0
0
0
0
0
0
0
0
0
100
100
100
100
100
100
100
100
100
100
100
100
100
100
100
100
100
100
100
100
100
100
100
100
100
100
100
100
100
100
6.71564595491e-14
1.41850524227e-07
8.25845589669e-15
7.75826771879e-15
7.29130033931e-15
6.96091273385e-15
6.65477072826e-15
6.14115237422e-15
5.97667812353e-15
5.39366110847e-15
4.88782089623e-15
4.79211687146e-15
4.25864135926e-15
3.76324640285e-15
3.2399516515e-15
2.20247308267e-15
2.91506877476e-16
3.03069695752e-16
3.17344780043e-16
3.67888658949e-16
3.67888658949e-16
4.24048524399e-16
5.55781542122e-16
6.48679599359e-16
8.47006888228e-16
1.5065838467e-15
1.88439045179e-15
2.60595965666e-15
1.99481552299e-14
4.89033827588e-13
0
0
0
0
0
0
0
0
0
0
0
0
0
0
0
0
0
0
0
0
0
0
0
0
0
0
0
0
0
0
0
0
0
0
0
2.71226601532e-17
100
100
100
100
100
100
100
100
100
100
100
100
100
100
100
100
100
100
100
100
100
100
100
100
100
100
100
100
100
100
1.08765325928e-13
8.90098986467e-13
99.999977061
99.9999999812
7.26310635609e-15
6.95074819322e-15
6.54919547364e-15
6.04095689979e-15
5.82104220034e-15
5.40522392675e-15
4.81426330511e-15
4.4780255662e-15
4.15802371919e-15
3.59758671238e-15
2.92410941768e-15
2.23323925426e-15
2.57580204738e-16
3.03069695752e-16
3.17344780043e-16
3.17344780043e-16
3.67888658949e-16
3.67888658949e-16
4.86448374899e-16
5.89266307743e-16
7.51899662957e-16
1.07009791047e-15
1.5065838467e-15
2.35081835931e-15
1.8068793223e-14
3.39515296781e-14
2.71226601532e-17
0
0
0
0
0
0
0
0
0
0
0
0
0
0
0
0
0
0
0
0
0
0
0
0
0
0
0
0
0
0
0
0
0
0
99.9999999997
100
100
100
100
100
100
100
100
100
100
100
100
100
100
100
100
100
100
100
100
100
100
100
100
100
100
100
100
100
100
1.6660628233e-10
1.47804465402e-13
1.89275586282e-12
2.13377705446e-11
0.87261007912
99.9999999997
99.9999999857
99.9996446671
5.72035036311e-15
5.38564219247e-15
4.78153907573e-15
4.33230403185e-15
4.12060349789e-15
3.57582922985e-15
2.90235193515e-15
2.23323925426e-15
2.33405224143e-16
2.57580204738e-16
3.03069695752e-16
3.03069695752e-16
3.03069695752e-16
3.53613574658e-16
4.86448374899e-16
5.83811639423e-16
6.76709696661e-16
8.57413424676e-16
1.35592546203e-15
1.69595140661e-15
2.63398975396e-15
3.26340202069e-15
2.80989423581e-13
0
0
0
0
0
0
0
0
0
0
0
0
0
0
0
0
0
0
0
0
0
0
0
0
0
0
0
0
0
0
0
0
0
0
100
100
100
100
100
100
100
100
100
100
100
100
100
100
100
100
100
100
100
100
100
100
100
100
100
100
100
100
100
100
100
)
;

boundaryField
{
    frontAndBack
    {
        type            empty;
    }
    leftWall
    {
        type            calculated;
        value           uniform 0;
    }
    outlet
    {
        type            calculated;
        value           uniform 0;
    }
    rightWall
    {
        type            calculated;
        value           uniform 0;
    }
    inlet
    {
        type            calculated;
        value           uniform 3.84059731708e-11;
    }
}


// ************************************************************************* //
