/*--------------------------------*- C++ -*----------------------------------*\
| =========                 |                                                 |
| \\      /  F ield         | OpenFOAM: The Open Source CFD Toolbox           |
|  \\    /   O peration     | Version:  v1906                                 |
|   \\  /    A nd           | Web:      www.OpenFOAM.com                      |
|    \\/     M anipulation  |                                                 |
\*---------------------------------------------------------------------------*/
FoamFile
{
    version     2.0;
    format      ascii;
    class       volScalarField;
    location    "445";
    object      alpha;
}
// * * * * * * * * * * * * * * * * * * * * * * * * * * * * * * * * * * * * * //

dimensions      [0 0 -1 0 0 0 0];


internalField   nonuniform List<scalar> 
9216
(
100
100
100
100
100
100
100
100
100
100
100
100
100
100
100
100
100
100
100
100
100
100
100
100
100
100
100
100
100
100
100
100
100
100
100
100
100
100
100
100
100
100
100
100
100
100
100
100
100
100
100
100
100
100
100
100
100
100
100
100
100
100
100
100
100
100
100
100
100
100
100
100
100
100
100
100
100
100
100
100
100
100
100
100
100
100
100
100
100
100
100
100
100
100
99.9985309585
37.1205565137
100
100
100
100
100
100
100
100
100
100
100
100
100
100
100
100
100
100
100
100
100
100
100
100
100
100
100
100
100
100
100
100
100
100
100
100
100
100
100
100
100
100
100
100
100
100
100
100
100
100
100
100
100
100
100
100
100
100
100
100
100
100
100
100
100
100
100
100
100
100
100
100
100
100
100
100
100
100
100
100
100
100
100
100
100
100
100
100
100
100
100
100
100
100
99.9999999998
99.9985691963
100
100
100
100
100
100
100
100
100
100
100
100
100
100
100
100
100
100
100
100
100
100
100
100
100
100
100
100
100
100
100
100
100
100
100
100
100
100
100
100
100
100
100
100
100
100
100
100
100
100
100
100
100
100
100
100
100
100
100
100
100
100
100
100
100
100
100
100
100
100
100
100
100
100
100
100
100
100
100
100
100
100
100
100
100
100
100
100
100
100
100
100
100
100
100
100
100
100
100
100
100
100
100
100
100
100
100
100
100
100
100
100
100
100
100
100
100
100
100
100
100
100
100
100
100
100
100
100
100
100
100
100
100
100
100
100
100
100
100
100
100
100
100
100
100
100
100
100
100
100
100
100
100
100
100
100
100
100
100
100
100
100
100
100
100
100
100
100
100
100
100
100
100
100
100
100
100
100
100
100
100
100
100
100
100
100
100
100
100
100
100
100
100
100
100
100
100
100
100
100
100
100
100
100
100
100
100
100
100
100
100
100
100
100
100
100
100
100
100
100
100
100
100
100
100
100
100
100
100
100
100
100
100
100
100
100
100
100
100
100
100
100
100
100
100
100
100
100
100
100
100
100
100
100
100
100
100
100
100
100
100
100
100
100
100
100
100
100
100
100
100
100
100
100
100
100
100
100
100
100
100
100
100
100
100
100
100
100
100
100
100
100
100
100
100
100
100
100
100
100
100
100
100
100
100
100
100
100
100
100
100
100
100
100
100
100
100
100
100
100
100
100
100
100
100
100
100
100
100
100
100
100
100
100
100
100
100
100
100
100
100
100
100
100
100
100
100
100
100
100
100
100
100
100
100
100
100
100
100
100
100
100
100
100
100
100
100
100
100
100
100
100
100
100
100
100
100
100
100
100
100
100
100
100
100
100
100
100
100
100
100
100
100
100
100
100
100
100
100
100
100
100
100
100
100
100
100
100
100
100
100
100
100
100
100
100
100
100
100
100
100
100
100
100
100
100
100
100
100
100
100
100
100
100
100
100
100
100
100
100
100
100
100
100
100
100
100
100
100
100
100
100
100
100
100
100
100
100
100
100
100
100
100
100
100
100
100
100
100
100
100
100
100
100
100
100
100
100
100
100
100
100
100
100
100
100
100
100
100
100
100
100
100
100
100
100
100
100
100
100
100
100
100
100
100
100
100
100
100
100
100
100
100
100
100
100
100
100
100
100
100
100
100
100
100
100
100
100
100
100
100
100
100
100
100
100
100
100
100
100
100
100
100
100
100
100
100
100
100
100
100
100
100
100
100
100
100
100
100
100
100
100
100
100
100
100
100
100
100
100
100
100
100
100
100
100
100
100
100
100
100
100
100
100
100
100
100
100
100
100
100
100
100
100
100
100
100
100
100
100
100
100
100
100
100
100
100
100
100
100
100
100
100
100
100
100
100
100
100
100
100
100
100
100
100
100
100
100
100
100
100
100
100
100
100
100
100
100
100
100
100
100
100
100
100
100
100
100
100
100
100
100
100
100
100
100
100
100
100
100
100
100
100
100
100
100
100
100
100
100
100
100
100
100
100
100
100
100
100
100
100
100
100
100
100
100
100
100
100
100
100
100
100
100
100
100
100
100
100
100
100
100
100
100
100
100
100
100
100
100
100
100
100
100
100
100
100
100
100
100
100
100
100
100
100
100
100
100
100
100
100
100
100
100
100
100
100
100
100
100
100
100
100
100
100
100
100
100
100
100
100
100
100
100
100
100
100
100
100
100
100
100
100
100
100
100
100
100
100
100
100
100
100
100
100
100
100
100
100
100
100
100
100
100
100
100
100
100
100
100
100
100
100
100
100
100
100
100
100
100
100
100
100
100
100
100
100
100
100
100
100
100
100
100
100
100
100
100
100
100
100
100
100
100
100
100
100
100
100
100
100
100
100
100
100
100
100
100
100
100
100
100
100
100
100
100
100
100
100
100
100
100
100
100
100
100
100
100
100
100
100
100
100
100
100
100
100
100
100
100
100
100
100
100
100
100
100
100
100
100
100
100
100
100
100
100
100
100
100
100
100
100
100
100
100
100
100
100
100
100
100
100
100
100
100
100
100
100
100
100
100
100
100
100
100
100
100
100
100
100
100
100
100
100
100
100
100
100
100
100
100
100
100
100
100
100
100
100
100
100
100
100
100
100
100
100
100
100
100
100
100
100
100
100
100
100
100
100
100
100
100
100
100
100
100
100
100
100
100
100
100
100
100
100
100
100
100
100
100
100
100
100
100
100
100
100
100
100
100
100
100
100
100
100
100
100
100
100
100
100
100
100
100
100
100
100
100
100
100
100
100
100
100
100
100
100
100
100
100
100
100
100
100
100
100
100
100
100
100
100
100
100
100
100
100
100
100
100
100
100
100
100
100
100
100
100
100
100
100
100
100
100
100
100
100
100
100
100
100
100
100
100
100
100
100
100
100
100
100
100
100
100
100
100
100
100
100
100
100
100
100
100
100
100
100
100
100
100
100
100
100
100
100
100
100
100
100
100
100
100
100
100
100
100
100
100
100
100
100
100
100
100
100
100
100
100
100
100
100
100
100
100
100
100
100
100
100
100
100
100
100
100
100
100
100
100
100
100
100
100
100
100
100
100
100
100
100
100
100
100
100
100
100
100
100
100
100
100
100
100
100
100
100
100
100
100
100
100
100
100
100
100
100
100
100
100
100
100
100
100
100
100
100
100
100
100
100
100
100
100
100
100
100
100
100
100
100
100
100
100
100
100
100
100
100
100
100
100
100
100
100
100
100
100
100
100
100
100
100
100
100
100
100
100
100
100
100
100
100
100
100
100
100
100
100
100
100
100
100
100
100
100
100
100
100
100
100
100
100
100
100
100
100
100
100
100
100
100
100
100
100
100
100
100
100
100
100
100
100
100
100
100
100
100
100
100
100
100
100
100
100
100
100
100
100
100
100
100
100
100
100
100
100
100
100
100
100
100
100
100
100
100
100
100
100
100
100
100
100
100
100
100
100
100
100
100
100
100
100
100
100
100
100
100
100
100
100
100
100
100
100
100
100
100
100
100
100
100
100
100
100
100
100
100
100
100
100
100
100
100
100
100
100
100
100
100
100
100
100
100
100
100
100
100
100
100
100
100
100
100
100
100
100
100
100
100
100
100
100
100
100
100
100
100
100
100
100
100
100
100
100
100
100
100
100
100
100
100
100
100
100
100
100
100
100
100
100
100
100
100
100
100
100
100
100
100
100
100
100
100
100
100
100
100
100
100
100
100
100
100
100
100
100
100
100
100
100
100
100
100
100
100
100
100
100
100
100
100
100
100
100
100
100
100
100
100
100
100
100
100
100
100
100
100
100
100
100
100
100
100
100
100
100
100
100
100
100
100
100
100
100
100
100
100
100
100
100
100
100
100
100
100
100
100
100
100
100
100
100
100
100
100
100
100
100
100
100
100
100
100
100
100
100
100
100
100
100
100
100
100
100
100
100
100
100
100
100
100
100
100
100
100
100
100
100
100
100
100
100
100
100
100
100
100
100
100
100
100
100
100
100
100
100
100
100
100
100
100
100
100
100
100
100
100
100
100
100
100
100
100
100
100
100
100
100
100
100
100
100
100
100
100
100
100
100
100
100
100
100
100
100
100
100
100
100
100
100
100
100
100
100
100
100
100
100
100
100
100
100
100
100
100
100
100
100
100
100
100
100
100
100
100
100
100
100
100
100
100
100
100
100
100
100
100
100
100
100
100
100
100
100
100
100
100
100
100
100
100
100
100
100
100
100
100
100
100
100
100
100
100
100
100
100
100
100
100
100
100
100
100
100
100
100
100
100
100
100
100
100
100
100
100
100
100
100
100
100
100
100
100
100
100
100
100
100
100
100
100
100
100
100
100
100
100
100
100
100
100
100
100
100
100
100
100
100
100
100
100
100
100
100
100
100
100
100
100
100
100
100
100
100
100
100
100
100
100
100
100
100
100
100
100
100
100
100
100
100
100
100
100
100
100
100
100
100
100
100
100
100
100
100
100
100
100
100
100
100
100
100
100
100
100
100
100
100
100
100
100
100
100
100
100
100
100
100
100
100
100
100
100
100
100
100
100
100
100
100
100
100
100
100
100
100
100
100
100
100
100
100
100
100
100
100
100
100
100
100
100
100
100
100
100
100
100
100
100
100
100
100
100
100
100
100
100
100
100
100
100
100
100
100
100
100
100
100
100
100
100
100
100
100
100
100
100
100
100
100
100
100
100
100
100
100
100
100
100
100
100
100
100
100
100
100
100
100
100
100
100
100
100
100
100
100
100
100
100
100
100
100
100
100
100
100
100
100
100
100
100
100
100
100
100
100
100
100
100
100
100
100
100
100
100
100
100
100
100
100
100
100
100
100
100
100
100
100
100
100
100
100
100
100
100
100
100
100
100
100
100
100
100
100
100
100
100
100
100
100
100
100
100
100
100
100
100
100
100
100
100
100
100
100
100
100
100
100
100
100
100
100
100
100
100
100
100
100
100
100
100
100
100
100
100
100
100
100
100
100
100
100
100
100
100
100
100
100
100
100
100
100
100
100
100
100
100
100
100
100
100
100
100
100
100
100
100
100
100
100
100
100
100
100
100
100
100
100
100
100
100
100
100
100
100
100
100
100
100
100
100
100
100
100
100
100
100
100
100
100
100
100
100
100
100
100
100
100
100
100
100
100
100
100
100
100
100
100
100
100
100
100
100
100
100
100
100
100
100
100
100
100
100
100
100
100
100
100
100
100
100
100
100
100
100
100
100
100
100
100
100
100
100
100
100
100
100
100
100
100
100
100
100
100
100
100
100
100
100
100
100
100
100
100
100
100
100
100
100
100
100
100
100
100
100
100
100
100
100
100
100
100
100
100
100
100
100
100
100
100
100
100
100
100
100
100
100
100
100
100
100
100
100
100
100
100
100
100
100
100
100
100
100
100
100
100
100
100
100
100
100
100
100
100
100
100
100
100
100
100
100
100
100
100
100
100
100
100
100
100
100
100
100
100
100
100
100
100
100
100
100
100
100
100
100
100
100
100
100
100
100
100
100
100
100
100
100
100
100
100
100
100
100
100
100
100
100
100
100
100
100
100
100
100
100
100
100
100
100
100
100
100
100
100
100
100
100
100
100
100
100
100
100
100
100
100
100
100
100
100
100
100
100
100
100
100
100
100
100
100
100
100
100
100
100
100
100
100
100
100
100
100
100
100
100
100
100
100
100
100
100
100
100
100
100
100
100
100
100
100
100
100
100
100
100
100
100
100
100
100
100
100
100
100
100
100
100
100
100
100
100
100
100
100
100
100
100
100
100
100
100
100
100
100
100
100
100
100
100
100
100
100
100
100
100
100
100
100
100
100
100
100
100
100
100
100
100
100
100
100
100
100
100
100
100
100
100
100
100
100
100
100
100
100
100
100
100
100
100
100
100
100
100
100
100
100
100
100
100
100
100
100
100
100
100
100
100
100
100
100
100
100
100
100
100
100
100
100
100
100
100
100
100
100
100
100
100
100
100
100
100
100
100
100
100
100
100
100
100
100
100
100
100
100
100
100
100
100
100
100
100
100
100
100
100
100
100
100
100
100
100
100
100
100
100
100
100
100
100
100
100
100
100
100
100
100
100
100
100
100
100
100
100
100
100
100
100
100
100
100
100
100
100
100
100
100
100
100
100
100
100
100
100
100
100
100
100
100
100
100
100
100
100
100
100
100
100
100
100
100
100
100
100
100
100
100
100
100
100
100
100
100
100
100
100
100
100
100
100
100
100
100
100
100
100
100
100
100
100
100
100
100
100
100
100
100
100
100
100
100
100
100
100
100
100
100
100
100
100
100
100
100
100
100
100
100
100
100
100
100
100
100
100
100
100
100
100
100
100
100
100
100
100
100
100
100
100
100
100
100
100
100
100
100
100
100
100
100
100
100
100
100
100
100
100
100
100
100
100
100
100
100
100
100
100
100
100
100
100
100
100
100
100
100
100
100
100
100
100
100
100
100
100
100
100
100
100
100
100
100
100
100
100
100
100
100
100
100
100
100
100
100
100
100
100
100
100
100
100
100
100
100
100
100
100
100
100
100
100
100
100
100
100
100
100
100
100
100
100
100
100
100
100
100
100
0
0
0
0
0
0
0
0
0
0
0
0
0
0
0
0
0
0
1.88874392361e-14
100
100
100
100
100
100
100
100
100
100
100
100
100
100
100
100
100
100
100
100
100
100
100
100
100
100
100
100
100
100
100
100
100
100
100
100
100
100
100
100
100
100
100
100
100
100
100
100
100
100
100
100
100
100
100
100
100
100
100
100
100
100
100
100
100
100
100
100
100
100
100
100
100
3.03880901709e-19
1.00919856656e-19
0
0
0
0
0
0
0
0
0
0
0
0
0
0
0
0
0
0
0
0
0
0
0
0
0
0
0
1.94227717604e-13
100
100
100
100
100
100
100
100
100
100
100
100
100
100
100
100
100
100
100
100
100
100
100
100
100
100
100
100
100
100
100
100
100
100
100
100
100
100
100
100
100
100
100
100
100
100
100
100
100
100
100
100
100
100
100
100
100
100
100
100
100
100
100
100
100
100
0
0
0
0
0
0
0
0
0
0
0
0
0
0
0
0
0
0
0
0
0
0
0
0
0
0
0
0
0
0
0
0
0
0
99.9999999278
100
100
100
100
100
100
100
100
100
100
100
100
100
100
100
100
100
100
100
100
100
100
100
100
100
100
100
100
100
100
100
100
100
100
100
100
100
100
100
100
100
100
100
100
100
100
100
100
100
100
100
100
100
100
100
100
100
100
100
100
100
0
0
0
0
0
0
0
0
0
0
0
0
0
0
0
0
0
0
0
0
0
0
0
0
0
0
0
0
0
0
0
0
0
0
0
0
0
0
100
100
100
100
100
100
100
100
100
100
100
100
100
100
100
100
100
100
100
100
100
100
100
100
100
100
100
100
100
100
100
100
100
100
100
100
100
100
100
100
100
100
100
100
100
100
100
100
100
100
100
100
100
100
100
100
100
100
0
0
0
0
0
0
0
0
0
0
0
0
0
0
0
0
0
0
0
0
0
0
0
0
0
0
0
0
0
0
0
0
0
0
0
0
0
0
0
0
0
99.9999999511
100
100
100
100
100
100
100
100
100
100
100
100
100
100
100
100
100
100
100
100
100
100
100
100
100
100
100
100
100
100
100
100
100
100
100
100
100
100
100
100
100
100
100
100
100
100
100
100
100
100
100
100
100
100
0
0
0
0
0
0
0
0
0
0
0
0
0
0
0
0
0
0
0
0
0
0
0
0
0
0
0
0
0
0
0
0
0
0
0
0
0
0
0
0
0
0
1.65102369456e-17
4.89937635024e-17
100
100
100
100
100
100
100
100
100
100
100
100
100
100
100
100
100
100
100
100
100
100
100
100
100
100
100
100
100
100
100
100
100
100
100
100
100
100
100
100
100
100
100
100
100
100
100
100
100
100
100
100
0
0
0
0
0
0
0
0
0
0
0
0
0
0
0
0
0
0
0
0
0
0
0
0
0
0
0
0
0
0
0
0
0
0
0
0
0
0
0
0
0
0
0
9.08039061636e-17
9.33717082789e-16
7.80720008095e-15
2.64292615841e-13
100
100
100
100
100
100
100
100
100
100
100
100
100
100
100
100
100
100
100
100
100
100
100
100
100
100
99.9999999999
99.9999999999
99.9999999999
99.9999999999
99.9999999999
100
100
100
100
100
100
100
100
100
100
100
100
100
100
100
100
100
100
0
0
0
0
0
0
0
0
0
0
0
0
0
0
0
0
0
0
0
0
0
0
0
0
0
0
0
0
0
0
0
0
0
0
0
0
0
0
0
0
0
0
0
0
0
7.31711572545e-17
3.54407189583e-16
4.60664490579e-15
8.82530198193e-14
100
100
100
100
100
100
100
100
100
100
100
100
100
100
100
100
100
100
100
99.9999999999
99.9999999539
99.9999988074
99.9999961338
99.999992725
99.9999909972
99.9999900206
99.9999910186
99.9999941073
99.9999982047
99.9999999185
99.999999999
99.9999999998
99.9999999999
100
100
100
100
100
100
100
100
100
100
100
100
100
100
0
0
0
0
0
0
0
0
0
0
0
0
0
0
0
0
0
0
0
0
0
0
0
0
0
0
0
0
0
0
0
0
0
0
0
0
0
0
0
0
0
0
0
0
0
0
0
1.79552810267e-17
2.06188098364e-16
1.00790657996e-15
8.8254158492e-14
100
100
100
100
100
100
100
100
100
100
100
100
100
100
100
99.9999964362
99.9999663782
99.9882264467
96.374547202
82.6429425057
56.953279
34.39
25.0105325854
27.1
40.951
71.7570463519
97.5725421175
99.9982167259
99.9999373875
99.9999863109
99.9999993956
99.9999999981
99.9999999998
99.9999999999
100
100
100
100
100
100
100
100
100
100
100
0
0
0
0
0
0
0
0
0
0
0
0
0
0
0
0
0
0
0
0
0
0
0
0
0
0
0
0
0
0
0
0
0
0
0
0
0
0
0
0
0
0
0
0
0
0
0
0
2.67096065087e-18
6.95215956286e-17
2.08351576491e-16
2.8839787902e-15
2.12830467583e-13
100
100
100
100
100
100
100
100
100
100
100
99.9999791356
95.2898713028
2.44463566951e-15
2.44463566951e-15
2.35729316073e-15
2.35839990185e-15
2.35081835931e-15
2.25906638098e-15
2.1232653343e-15
1.94944493474e-15
1.76155205157e-15
1.50381147108e-15
1.42302272094e-15
1.24111041201e-15
0
0
76.7863468295
99.9932780135
99.9998886124
99.9999892652
99.9999999956
99.9999999997
100
100
100
100
100
100
100
100
100
100
0
0
0
0
0
0
0
0
0
0
0
0
0
0
0
0
0
0
0
0
0
0
0
0
0
0
0
0
0
0
0
0
0
0
0
0
0
0
0
0
0
0
0
0
0
0
0
0
0
2.40386458578e-18
3.23098727824e-17
1.064049339e-16
3.60163953247e-16
1.28533947171e-14
99.9999261252
100
100
100
100
100
100
100
99.9999900206
85.0863589651
2.71934765802e-15
2.71842533313e-15
2.48315833644e-15
2.44566047494e-15
2.39636523455e-15
2.35827479344e-15
2.36122489576e-15
2.27864811526e-15
2.1862728283e-15
2.04547830466e-15
1.83088521879e-15
1.59891869635e-15
1.31529022922e-15
1.20955215139e-15
5.75836922865e-16
0
0
0
0
97.972444041
99.9997447008
99.9999875118
99.9999999974
99.9999999999
100
100
100
100
100
100
100
100
0
0
0
0
0
0
0
0
0
0
0
0
0
0
0
0
0
0
0
0
0
0
0
0
0
0
0
0
0
0
0
0
0
0
0
0
0
0
0
0
0
0
0
0
0
0
0
0
0
0
2.1634781272e-18
5.75676366388e-18
7.59920212586e-17
1.87516418842e-16
9.43601421135e-16
5.211177859e-14
100
100
100
100
100
99.799836094
3.02324981508e-15
2.71934765802e-15
2.71934765802e-15
2.71934765802e-15
2.71934765802e-15
2.64146660296e-15
2.43450557636e-15
2.3865231002e-15
2.37059077856e-15
2.29627167611e-15
2.21313391785e-15
2.08641884657e-15
1.89328506929e-15
1.59891869635e-15
1.28072044884e-15
1.11699937081e-15
5.75836922865e-16
0
0
0
0
0
0
98.2427931508
99.9998329954
99.999999879
99.9999999997
100
100
100
100
100
100
100
0
0
0
0
0
0
0
0
0
0
0
0
0
0
0
0
0
0
0
0
0
0
0
0
0
0
0
0
0
0
0
0
0
0
0
0
0
0
0
0
0
0
0
0
0
0
0
0
0
0
0
3.08580301301e-18
5.18108729749e-18
5.90709370699e-17
1.35280011337e-16
4.47424078572e-16
5.90008701409e-15
2.682200292e-13
99.999998787
99.9999934527
3.62745543134e-15
3.3599965536e-15
3.02324981508e-15
3.02324981508e-15
2.72017775042e-15
2.71794188926e-15
2.71637992396e-15
2.71337921508e-15
2.70600524267e-15
2.52920436373e-15
2.37756654854e-15
2.31213288088e-15
2.22656201475e-15
2.08641884657e-15
1.94944493474e-15
1.6845151991e-15
1.39813677634e-15
1.27806429193e-15
8.21325295244e-16
0
0
0
0
0
0
0
56.8649187703
99.9982482733
99.9999846859
99.9999999993
100
100
100
100
100
100
0
0
0
0
0
0
0
0
0
0
0
0
0
0
0
0
0
0
0
0
0
0
0
0
0
0
0
0
0
0
0
0
0
0
0
0
0
0
0
0
0
0
0
0
0
0
0
0
0
0
0
8.30092397227e-19
2.77722271171e-18
4.66297856774e-18
5.00225576071e-17
1.08904434341e-16
2.61887147075e-16
3.02399689824e-15
4.61257307624e-15
4.15064339378e-15
3.73490667956e-15
3.36074363676e-15
3.02399689824e-15
3.02132593759e-15
2.81317029225e-15
2.71594482447e-15
2.71594482447e-15
2.71257615083e-15
2.70692756756e-15
2.69807757094e-15
2.65394840941e-15
2.49880337188e-15
2.25601833964e-15
2.1232653343e-15
1.94944493474e-15
1.6845151991e-15
1.39813677634e-15
1.27806429193e-15
8.21325295244e-16
0
0
0
0
0
0
0
0
0
98.6315136688
99.9999232054
99.9999999991
100
100
100
100
100
0
0
0
0
0
0
0
0
0
0
0
0
0
0
0
0
0
0
0
0
0
0
0
0
0
0
0
0
0
0
0
0
0
0
0
0
0
0
0
0
0
0
0
0
0
0
0
0
0
0
0
0
1.57717555473e-18
2.49950044054e-18
1.05908383845e-17
4.32092543061e-17
8.49364938077e-17
1.7077860217e-16
2.44883235022e-15
4.15131576862e-15
3.73250281497e-15
3.35833977217e-15
3.02018726489e-15
3.02018726489e-15
3.02018726489e-15
2.71555323493e-15
2.71307063478e-15
2.71114228257e-15
2.70397378532e-15
2.69693889825e-15
2.6537320616e-15
2.58592254451e-15
2.51007375664e-15
2.3960301925e-15
2.0982684961e-15
1.6845151991e-15
1.39813677634e-15
1.27806429193e-15
5.9276994786e-16
0
0
0
0
0
0
0
0
0
0
93.7983465783
99.9998217362
100
100
100
100
100
0
0
0
0
0
0
0
0
0
0
0
0
0
0
0
0
0
0
0
0
0
0
0
0
0
0
0
0
0
0
0
0
0
0
0
0
0
0
0
0
0
0
0
0
0
0
0
0
0
0
0
0
1.57717555473e-18
1.57717555473e-18
1.57717555473e-18
1.69433550078e-17
4.44187890121e-17
7.48129016406e-17
1.33270799321e-16
2.44666887209e-15
3.73215038438e-15
3.35798734159e-15
3.02124060307e-15
3.02056822823e-15
3.01916245946e-15
3.01760049417e-15
2.71279291251e-15
2.70559418183e-15
2.70294897989e-15
2.69674418521e-15
2.64427796165e-15
2.5868448694e-15
2.51007375664e-15
2.3960301925e-15
2.22220979294e-15
1.9572800573e-15
1.64115822445e-15
1.27806429193e-15
2.72764858199e-16
0
0
0
0
0
0
0
0
0
0
1.71007613928e-15
85.5268792861
99.9997817654
100
100
100
100
0
0
0
0
0
0
0
0
0
0
0
0
0
0
0
0
0
0
0
0
0
0
0
0
0
0
0
0
0
0
0
0
0
0
0
0
0
0
0
0
0
0
0
0
0
0
0
0
0
0
0
0
7.47083157505e-19
1.57717555473e-18
2.24955039649e-18
2.24955039649e-18
1.75829954149e-17
4.49022328899e-17
6.6726474119e-17
9.49281878938e-17
2.7185114054e-15
3.35833020859e-15
4.83760413693e-15
3.02031827818e-15
3.01891250942e-15
3.01824013458e-15
3.00777415504e-15
3.00584580282e-15
2.69983462489e-15
2.69311565032e-15
2.64510805404e-15
2.58582006397e-15
2.51099608153e-15
2.3960301925e-15
2.16604992749e-15
1.9572800573e-15
1.67090163454e-15
1.25519817415e-15
0
0
0
0
0
0
0
0
0
0
0
1.50480913055e-15
1.76849178516e-14
81.3491077003
99.9999995232
100
100
100
0
0
0
0
0
0
0
0
0
0
0
0
0
0
0
0
0
0
0
0
0
0
0
0
0
0
0
0
0
0
0
0
0
0
0
0
0
0
0
0
0
0
0
0
0
0
0
0
0
0
0
0
0
0
7.47083157505e-19
2.24955039649e-18
2.24955039649e-18
2.22544455845e-17
4.61674247772e-17
5.91401090482e-17
5.72439963194e-16
99.9999999999
100
100
100
100
100
100
100
99.9999999995
2.93789191102e-15
2.61033145227e-15
2.48682110093e-15
2.35918370477e-15
2.16604992749e-15
1.87168355455e-15
1.55348530704e-15
1.42007143548e-15
0
0
0
0
0
0
0
0
0
0
0
1.0969387886e-15
1.93905063202e-14
8.50635286886e-13
84.2701220894
100
99.9999999991
99.9999998921
0
0
0
0
0
0
0
0
0
0
0
0
0
0
0
0
0
0
0
0
0
0
0
0
0
0
0
0
0
0
0
0
0
0
0
0
0
0
0
0
0
0
0
0
0
0
0
0
0
0
0
0
0
0
0
7.47083157505e-19
1.57717555473e-18
3.17187528229e-18
2.31767704704e-17
3.93717727533e-17
5.10471885973e-17
1.60151203459e-15
100
100
100
100
100
100
100
100
100
2.87293869138e-15
2.78980093311e-15
2.62131522753e-15
2.31085140768e-15
1.77657632928e-15
1.42302272094e-15
1.24111041201e-15
0
0
0
0
0
0
0
0
0
0
0
6.45834178453e-16
2.3733656151e-14
1.09588689691e-12
1.10094790156e-08
100
99.9999999188
99.3034574784
0
0
0
0
0
0
0
0
0
0
0
0
0
0
0
0
0
0
0
0
0
0
0
0
0
0
0
0
0
0
0
0
0
0
0
0
0
0
0
0
0
0
0
0
0
0
0
0
0
0
0
0
0
0
0
0
0
3.08580301301e-18
7.33393921861e-18
2.04006458133e-17
9.81637415163e-17
4.25184409992e-16
2.36422280828e-15
100
100
100
100
100
100
100
100
99.9999999999
2.76210975117e-15
2.57665582891e-15
2.33738897443e-15
1.80895297389e-15
1.27806429193e-15
1.12829926987e-15
0
0
0
0
0
0
0
0
0
0
0
0
2.79825229709e-14
1.79184418084e-12
1.38349887416e-08
99.9999993937
99.9999994899
17.5217963384
0
0
0
0
0
0
0
0
0
0
0
0
0
0
0
0
0
0
0
0
0
0
0
0
0
0
0
0
0
0
0
0
0
0
0
0
0
0
0
0
0
0
0
0
0
0
0
0
0
0
0
0
0
0
0
0
0
0
5.75676366388e-18
9.05424594891e-18
7.36630187647e-17
3.00364092435e-16
1.07414951868e-15
5.20194203689e-14
100
100
100
100
100
100
100
100
99.9999999998
2.52528185761e-15
2.17475561922e-15
1.85655737171e-15
1.42007143548e-15
0
0
0
0
0
0
0
0
0
0
0
0
1.38573540049e-15
4.53317678579e-14
4.34535175538e-12
5.51010745384e-08
100
99.9999999993
75.4893285233
0
0
0
0
0
0
0
0
0
0
0
0
0
0
0
0
0
0
0
0
0
0
0
0
0
0
0
0
0
0
0
0
0
0
0
0
0
0
0
0
0
0
0
0
0
0
0
0
0
0
0
0
0
0
0
0
0
0
0
3.8096333494e-18
8.1319210631e-18
2.18907075489e-16
5.02841475339e-16
2.33075896007e-15
2.82415748486e-11
100
100
100
100
100
100
100
100
99.9999999946
2.07964839395e-15
1.7260947856e-15
1.3790115689e-15
0
0
0
0
0
0
0
0
0
0
0
0
3.05601425949e-15
6.25249383701e-14
1.88249323134e-11
7.35870944999e-07
100
100
100
0
0
0
0
0
0
0
0
0
0
0
0
0
0
0
0
0
0
0
0
0
0
0
0
0
0
0
0
0
0
0
0
0
0
0
0
0
0
0
0
0
0
0
0
0
0
0
0
0
0
0
0
0
0
0
0
0
0
0
0
0
1.3382218691e-16
3.53933857007e-16
1.3106430805e-15
2.22848114001e-14
100
100
100
100
100
100
100
100
99.999999998
1.85655737171e-15
1.57730597716e-15
4.79790156006e-16
0
0
0
0
0
0
0
0
0
0
8.27109880364e-16
1.33970255645e-15
4.36113139241e-15
1.12258401345e-13
2.17402571317e-10
90.1220822941
100
100
100
0
0
0
0
0
0
0
0
0
0
0
0
0
0
0
0
0
0
0
0
0
0
0
0
0
0
0
0
0
0
0
0
0
0
0
0
0
0
0
0
0
0
0
0
0
0
0
0
0
0
0
0
0
0
0
0
0
0
0
0
0
0
2.63688983109e-16
4.4776289647e-16
3.02257132284e-15
1.37437544531e-11
100
100
100
100
100
100
100
99.9999999986
1.91855546996e-15
1.15807203376e-15
0
0
0
0
0
0
0
0
0
0
0
1.70994842852e-15
5.31791434585e-15
7.42473964164e-15
8.11331744179e-13
1.21279940271e-08
100
100
100
100
0
0
0
0
0
0
0
0
0
0
0
0
0
0
0
0
0
0
0
0
0
0
0
0
0
0
0
0
0
0
0
0
0
0
0
0
0
0
0
0
0
0
0
0
0
0
0
0
0
0
0
0
0
0
0
0
0
0
0
0
0
0
0
3.5538760951e-16
2.51007375664e-15
4.73481955599e-14
100
100
100
100
100
100
100
99.9999999988
1.37968394375e-15
0
0
0
0
0
0
0
0
0
0
0
0
2.28784213922e-15
1.44747953084e-14
7.2155001289e-14
8.44135695821e-11
100
100
100
100
100
0
0
0
0
0
0
0
0
0
0
0
0
0
0
0
0
0
0
0
0
0
0
0
0
0
0
0
0
0
0
0
0
0
0
0
0
0
0
0
0
0
0
0
0
0
0
0
0
0
0
0
0
0
0
0
0
0
0
0
0
0
0
0
3.61713282728e-16
2.1862728283e-15
1.34206289778e-14
100
100
100
100
100
100
100
99.9999999982
6.72374841754e-19
0
0
0
0
0
0
0
0
0
0
0
0
5.17808302753e-15
6.22753830227e-14
2.73124681387e-12
97.4524755644
100
100
100
100
100
0
0
0
0
0
0
0
0
0
0
0
0
0
0
0
0
0
0
0
0
0
0
0
0
0
0
0
0
0
0
0
0
0
0
0
0
0
0
0
0
0
0
0
0
0
0
0
0
0
0
0
0
0
0
0
0
0
0
0
0
0
0
0
5.61598654503e-17
1.45799184515e-15
3.91561733625e-15
100
100
100
100
100
100
100
99.9999999973
0
6.05137357579e-19
0
0
0
0
0
0
0
0
0
0
0
1.62061146317e-14
4.57762440301e-13
57.6970608953
100
100
100
100
100
100
0
0
0
0
0
0
0
0
0
0
0
0
0
0
0
0
0
0
0
0
0
0
0
0
0
0
0
0
0
0
0
0
0
0
0
0
0
0
0
0
0
0
0
0
0
0
0
0
0
0
0
0
0
0
0
0
0
0
0
0
0
0
0
0
1.08111941284e-15
3.85891059164e-15
100
100
100
100
100
100
100
99.9999935807
0
6.05137357579e-19
6.05137357579e-19
0
0
0
0
0
0
0
9.22324885808e-19
1.94713031448e-18
1.93900599334e-15
1.11025958887e-13
2.81765936264e-11
100
100
100
100
100
100
100
0
0
0
0
0
0
0
0
0
0
0
0
0
0
0
0
0
0
0
0
0
0
0
0
0
0
0
0
0
0
0
0
0
0
0
0
0
0
0
0
0
0
0
0
0
0
0
0
0
0
0
0
0
0
0
0
0
0
0
0
0
0
0
0
1.10521042213e-15
3.8257487527e-15
100
100
100
100
100
100
99.9999999999
0
0
0
6.05137357579e-19
0
0
0
0
7.47083157505e-19
7.47083157505e-19
1.57717555473e-18
1.75241728304e-18
3.91589541024e-18
1.3054689622e-14
4.22451167618e-12
100
100
100
100
100
100
100
100
0
0
0
0
0
0
0
0
0
0
0
0
0
0
0
0
0
0
0
0
0
0
0
0
0
0
0
0
0
0
0
0
0
0
0
0
0
0
0
0
0
0
0
0
0
0
0
0
0
0
0
0
0
0
0
0
0
0
0
0
0
0
0
0
1.09627856242e-15
3.33222500884e-15
100
100
100
100
100
100
0
0
0
0
0
5.44623621821e-19
6.05137357579e-19
6.05137357579e-19
6.72374841754e-19
1.41945799926e-18
1.41945799926e-18
1.57717555473e-18
2.49950044054e-18
3.55950522899e-15
1.11701674927e-12
100
100
100
100
100
100
100
100
100
0
0
0
0
0
0
0
0
0
0
0
0
0
0
0
0
0
0
0
0
0
0
0
0
0
0
0
0
0
0
0
0
0
0
0
0
0
0
0
0
0
0
0
0
0
0
0
0
0
0
0
0
0
0
0
0
0
0
0
0
0
0
0
0
1.03523207646e-15
3.18003177347e-15
100
100
100
100
100
0
0
0
0
0
0
5.44623621821e-19
5.44623621821e-19
6.05137357579e-19
6.05137357579e-19
6.72374841754e-19
1.41945799926e-18
2.24955039649e-18
6.57373900294e-16
4.24854982521e-13
100
100
100
100
100
100
100
100
100
100
0
0
0
0
0
0
0
0
0
0
0
0
0
0
0
0
0
0
0
0
0
0
0
0
0
0
0
0
0
0
0
0
0
0
0
0
0
0
0
0
0
0
0
0
0
0
0
0
0
0
0
0
0
0
0
0
0
0
0
0
0
0
0
0
0
3.84892829996e-15
100
100
100
100
0
0
0
0
0
0
0
5.44623621821e-19
5.44623621821e-19
5.44623621821e-19
6.05137357579e-19
1.27751219933e-18
1.41945799926e-18
4.39736361839e-16
2.42898330139e-13
100
100
100
100
100
100
100
100
100
100
100
0
0
0
0
0
0
0
0
0
0
0
0
0
0
0
0
0
0
0
0
0
0
0
0
0
0
0
0
0
0
0
0
0
0
0
0
0
0
0
0
0
0
0
0
0
0
0
0
0
0
0
0
0
0
0
0
0
0
0
0
0
0
0
0
0
4.52867231105e-15
100
100
100
0
0
0
0
0
0
0
0
5.44623621821e-19
5.44623621821e-19
5.44623621821e-19
1.1497609794e-18
1.27751219933e-18
3.94861937964e-16
46.8559
100
100
100
100
100
100
100
100
100
100
100
100
0
0
0
0
0
0
0
0
0
0
0
0
0
0
0
0
0
0
0
0
0
0
0
0
0
0
0
0
0
0
0
0
0
0
0
0
0
0
0
0
0
0
0
0
0
0
0
0
0
0
0
0
0
0
0
0
0
0
0
0
0
0
0
0
0
2.63084100839e-15
100
100
0
0
0
0
0
0
0
0
0
0
5.44623621821e-19
1.5694290505e-18
4.57843099386e-18
5.55724399546e-16
88.4073381034
100
100
100
100
100
100
100
100
100
100
100
100
100
3.03880901709e-19
0
0
0
0
0
0
0
0
0
0
0
0
0
0
0
0
0
0
0
0
0
0
0
0
0
0
0
0
0
0
0
0
0
0
0
0
0
0
0
0
0
0
0
0
0
0
0
0
0
0
0
0
0
0
0
0
0
0
0
0
0
0
0
0
0
99.9999999999
0
0
0
0
0
0
0
0
0
0
1.75241728304e-18
2.98191519594e-18
2.98191519594e-18
2.45173636339e-15
98.2052964734
100
100
100
100
100
100
100
100
100
100
100
100
100
100
100
100
1.75321624184e-18
0
0
0
0
0
0
0
0
0
0
0
0
0
0
0
0
0
0
0
0
0
0
0
0
0
0
0
0
0
0
0
0
0
0
0
0
0
0
0
0
0
0
0
0
0
0
0
0
0
0
0
0
0
0
0
0
0
0
0
0
0
0
0
0
0
0
0
0
0
0
0
0
0
0
3.52430586922e-18
6.20006849642e-16
72.1945037946
99.9999193299
100
100
100
100
100
100
100
100
100
100
100
100
100
100
100
100
100
100
100
100
0
0
0
0
0
0
0
0
0
0
0
0
0
0
0
0
0
0
0
0
0
0
0
0
0
0
0
0
0
0
0
0
0
0
0
0
0
0
0
0
0
0
0
0
0
0
0
0
0
0
0
0
0
0
0
0
0
0
0
0
0
0
0
0
0
0
0
0
0
0
1.00529943373e-15
1.7260947856e-15
2.66738784172e-15
98.2328906824
99.9999971815
100
100
100
100
100
100
100
100
100
100
100
100
100
100
100
100
100
100
100
100
100
100
9.5303349678e-09
0
0
0
0
0
0
0
0
0
0
0
0
0
0
0
0
0
0
0
0
0
0
0
0
0
0
0
0
0
0
0
0
0
0
0
0
0
0
0
0
0
0
0
0
0
0
0
0
0
0
0
0
0
0
0
0
0
0
0
0
0
0
0
0
0
2.75175165775e-15
4.09218637482e-15
5.73591189943e-15
6.23445596864e-15
95.2898713028
99.9999626114
99.9999998525
100
100
100
100
100
100
100
100
100
100
100
100
100
100
100
100
100
100
100
100
100
100
1.43043802481e-09
1.49474838435e-13
3.79925884022e-14
8.1707789608e-18
0
0
0
0
0
0
0
0
0
0
0
0
0
0
0
0
0
0
0
0
0
0
0
0
0
0
0
0
0
0
0
0
0
0
0
0
0
0
0
0
0
0
0
0
0
0
0
0
0
0
0
0
0
0
0
0
0
0
0
0
0
0
4.3128891785e-15
7.39630636074e-15
7.24243763647e-15
92.0233556923
99.9999087966
99.9999991155
99.999999993
100
100
100
100
100
100
100
100
100
100
100
100
100
100
100
100
100
100
100
100
100
100
7.48580901285e-11
3.72005197121e-14
1.05520876949e-15
6.91622585592e-16
1.17155835705e-15
4.06189471108e-16
3.39931137589e-18
0
0
0
0
0
0
0
0
0
0
0
0
0
0
0
0
0
0
0
0
0
0
0
0
0
0
0
0
0
0
0
0
0
0
0
0
0
0
0
0
0
0
0
0
0
0
0
0
0
0
0
0
0
0
0
0
0
0
0
0
6.62708149393e-15
87.8423345409
99.9998455462
99.9999977557
99.9999999537
100
100
100
100
100
100
100
100
100
100
100
100
100
100
100
100
100
100
100
100
100
100
100
2.71242695479e-11
1.44855141894e-15
8.54580667266e-16
7.68830346725e-16
6.22289418369e-16
6.22099519854e-16
5.58993736603e-16
6.90115724201e-16
1.93953661134e-17
0
0
0
0
0
0
0
0
0
0
0
0
0
0
0
0
0
0
0
0
0
0
0
0
0
0
0
0
0
0
0
0
0
0
0
0
0
0
0
0
0
0
0
0
0
0
0
0
0
0
0
0
0
0
0
0
0
0
0
97.972444041
99.9999941073
99.9999998805
99.9999999963
100
100
100
100
100
100
100
100
100
100
100
100
100
100
100
100
100
100
100
100
100
100
99.9999260274
9.10009282828e-12
1.30380841022e-15
8.54932156314e-16
6.22715064686e-16
5.60060476532e-16
5.03900611082e-16
5.03729702418e-16
4.07060993023e-16
3.65570523997e-16
5.58382706478e-16
1.71824157196e-16
0
0
0
0
0
0
0
0
0
0
0
0
0
0
0
0
0
0
0
0
0
0
0
0
0
0
0
0
0
0
0
0
0
0
0
0
0
0
0
0
0
0
0
0
0
0
0
0
0
0
0
0
0
0
0
0
0
98.8027484817
99.999997717
99.9999999625
99.9999999991
100
100
100
100
100
100
100
100
100
100
100
100
100
100
100
100
100
100
100
100
100
100
6.33972281436e-10
2.46977141465e-12
9.50254801871e-16
6.92514221387e-16
5.78901363886e-16
5.04155348736e-16
4.53510549974e-16
4.07867241162e-16
3.66755790585e-16
3.6635489372e-16
3.29013471598e-16
3.65570523997e-16
4.51678962123e-16
4.04503806536e-16
5.18108729749e-18
0
0
0
0
0
0
0
0
0
0
0
0
0
0
0
0
0
0
0
0
0
0
0
0
0
0
0
0
0
0
0
0
0
0
0
0
0
0
0
0
0
0
0
0
0
0
0
0
0
0
0
0
0
0
98.2346123672
99.9999978884
99.9999999779
99.9999999994
100
100
100
100
100
100
100
100
100
100
100
100
100
100
100
100
100
100
100
100
100
100
100
3.95487248797e-13
6.23181054164e-16
5.60781203664e-16
5.04621338214e-16
4.53952866893e-16
4.06794039066e-16
3.67080517046e-16
3.30080211527e-16
3.29909302863e-16
2.96557565399e-16
2.96112124438e-16
3.29013471598e-16
3.28724036275e-16
4.0583214355e-16
5.00537176456e-16
9.05424594891e-18
0
0
0
0
0
0
0
0
0
0
0
0
0
0
0
0
0
0
0
0
0
0
0
0
0
0
0
0
0
0
0
0
0
0
0
0
0
0
0
0
0
0
0
0
0
0
0
0
0
0
0
0
0
99.9999946965
99.9999999754
99.9999999995
100
100
100
100
100
100
100
100
100
100
100
100
100
100
100
100
100
100
100
100
100
100
100
100
4.54159204392e-16
4.54077459308e-16
4.08587968294e-16
3.6764742638e-16
3.30676346243e-16
2.97173110231e-16
2.97072190374e-16
2.67072717522e-16
2.66901808859e-16
2.66901808859e-16
2.66266469383e-16
2.66005977593e-16
2.95851632648e-16
3.28724036275e-16
4.50924603944e-16
1.05130071124e-15
1.22028868471e-17
0
0
0
0
0
0
0
0
0
0
0
0
0
0
0
0
0
0
0
0
0
0
0
0
0
0
0
0
0
0
0
0
0
0
0
0
0
0
0
0
0
0
0
0
0
0
0
0
0
0
0
98.5219117059
99.9999999129
99.9999999994
100
100
100
100
100
100
100
100
100
100
100
100
100
100
100
100
100
100
100
100
100
100
100
100
100
3.30882683742e-16
3.30800938658e-16
2.97639099709e-16
2.97514507293e-16
2.67668852238e-16
2.43609468142e-16
2.40466365627e-16
2.40211627973e-16
2.16036647379e-16
2.15865738715e-16
2.1546484185e-16
2.39405379834e-16
2.39144888044e-16
2.66005977593e-16
3.65248929195e-16
1.19188010679e-14
4.61324545108e-15
1.11780814184e-17
0
0
0
0
0
0
0
0
0
0
0
0
0
0
0
0
0
0
0
0
0
0
0
0
0
0
0
0
0
0
0
0
0
0
0
0
0
0
0
0
0
0
0
0
0
0
0
0
0
0
99.9999847898
99.9999999967
100
100
100
100
100
100
100
100
100
100
100
100
100
100
100
100
100
100
100
100
100
100
100
100
100
100
2.50494884759e-16
2.40807762689e-16
2.40807762689e-16
2.40807762689e-16
2.16520648921e-16
2.16291385032e-16
1.94533902497e-16
1.94279164844e-16
1.94279164844e-16
1.9410825618e-16
1.93918357665e-16
1.93707359315e-16
9.23710793949e-11
3.27226510356e-10
1.26770110994e-10
3.91791392674e-12
2.27821149469e-13
1.09587899836e-14
0
0
0
0
0
0
0
0
0
0
0
0
0
0
0
0
0
0
0
0
0
0
0
0
0
0
0
0
0
0
0
0
0
0
0
0
0
0
0
0
0
0
0
0
0
0
0
0
0
0
99.9999994197
99.9999999999
100
100
100
100
100
100
100
100
100
100
100
100
100
100
100
100
100
100
100
100
100
100
100
100
100
100
2.11285535159e-16
1.9487529956e-16
1.9487529956e-16
1.94763166386e-16
1.94624730368e-16
1.74952168216e-16
1.74952168216e-16
1.74697430562e-16
1.57073869709e-16
1.56902961045e-16
1.56902961045e-16
2.69112769825e-09
0.000385882993739
0.00555332867253
9.05152669118e-05
4.55834438328e-09
8.31806812921e-11
1.51787618381e-12
3.02241972269e-15
0
0
0
0
0
0
0
0
0
0
0
0
0
0
0
0
0
0
0
0
0
0
0
0
0
0
0
0
0
0
0
0
0
0
0
0
0
0
0
0
0
0
0
0
0
0
0
0
0
99.9999999537
100
100
100
100
100
100
100
100
100
100
100
100
100
100
100
100
100
100
100
100
100
100
100
100
100
100
100
1.75263177188e-16
1.75293565278e-16
1.75181432104e-16
1.57557871251e-16
1.57419435234e-16
1.57328607363e-16
1.41467402595e-16
1.41212664941e-16
1.41212664941e-16
1.41041756278e-16
1.41041756278e-16
0.0349486304697
100
100
100
1.85112106167
4.8061808018e-07
4.48892487467e-10
2.57053968569e-12
1.77936218036e-15
0
0
0
0
0
0
0
0
0
0
0
0
0
0
0
0
0
0
0
0
0
0
0
0
0
0
0
0
0
0
0
0
0
0
0
0
0
0
0
0
0
0
0
0
0
0
0
17.8140844591
99.9999999954
100
100
100
100
100
100
100
100
100
100
100
100
100
100
100
100
100
100
100
100
100
100
100
100
100
100
100
1.41778411567e-16
1.41696666483e-16
1.41696666483e-16
1.41696666483e-16
1.41558230466e-16
1.27192318304e-16
1.27091398447e-16
1.2693758065e-16
1.2693758065e-16
1.26766671986e-16
1.2693758065e-16
3.43368382024
100
100
100
100
100
6.41201217189e-06
5.17940075626e-10
1.22947717461e-12
8.54374248987e-16
0
0
0
0
0
0
0
0
0
0
0
0
0
0
0
0
0
0
0
0
0
0
0
0
0
0
0
0
0
0
0
0
0
0
0
0
0
0
0
0
0
0
0
0
0
0
69.1092268602
99.9999999996
100
100
100
100
100
100
100
100
100
100
100
100
100
100
100
100
100
100
100
100
100
100
100
100
100
100
100
1.27503327276e-16
1.27421582192e-16
1.27421582192e-16
1.27421582192e-16
1.17498252541e-16
1.14344742441e-16
1.14243822585e-16
1.14090004788e-16
1.02527186512e-16
1.02527186512e-16
1.02527186512e-16
1.02527186512e-16
100
100
100
100
100
100
2.28918324378e-06
1.13976840961e-10
1.21066831392e-13
2.50793371453e-16
0
0
0
0
0
0
0
0
0
0
0
0
0
0
0
0
0
0
0
0
0
0
0
0
0
0
0
0
0
0
0
0
0
0
0
0
0
0
0
0
0
0
0
0
0
99.2144832789
100
100
100
100
100
100
100
100
100
100
100
100
100
100
100
100
100
100
100
100
100
100
100
100
100
100
100
100
1.14655751414e-16
1.1457400633e-16
1.1457400633e-16
1.118694673e-16
1.02781924166e-16
1.02781924166e-16
1.02681004309e-16
9.594566697e-17
9.21206500636e-17
9.21206500636e-17
9.21206500636e-17
9.22744678607e-17
9.22744678607e-17
99.9999999999
100
100
100
100
100
3.7845259408e-08
9.97640844287e-12
4.68943427447e-14
0
0
0
0
0
0
0
0
0
0
0
0
0
0
0
0
0
0
0
0
0
0
0
0
0
0
0
0
0
0
0
0
0
0
0
0
0
0
0
0
0
0
0
0
0
99.9999587908
100
100
100
100
100
100
100
100
100
100
100
100
100
100
100
100
100
100
100
100
100
100
100
100
100
100
100
100
1.03092933138e-16
1.03011188054e-16
1.03011188054e-16
9.55585600021e-17
9.23753877174e-17
9.22744678607e-17
9.22744678607e-17
8.27547672602e-17
8.27547672602e-17
8.27547672602e-17
8.29085850573e-17
8.29085850573e-17
8.29085850573e-17
8.29085850573e-17
99.9999999996
100
100
100
100
0.539213031114
7.55010425854e-10
8.82618016284e-14
3.70897361391e-15
0
0
0
0
0
0
0
0
0
0
0
0
0
0
0
0
0
0
0
0
0
0
0
0
0
0
0
0
0
0
0
0
0
0
0
0
0
0
0
0
0
0
0
0
99.9999961338
100
100
100
100
100
100
100
100
100
100
100
100
100
100
100
100
100
100
100
100
100
100
100
100
100
100
100
100
9.26863966896e-17
9.26046516057e-17
9.26046516057e-17
8.68399510586e-17
8.30095049139e-17
8.29085850573e-17
8.29085850573e-17
7.43254727371e-17
7.43254727371e-17
7.44792905342e-17
7.44792905342e-17
6.68929254634e-17
6.68929254634e-17
6.68929254634e-17
7.44792905342e-17
99.9999999422
99.9999999999
100
100
100
4.02461092132e-07
8.80423182298e-14
9.8068668476e-14
1.38813473299e-15
0
0
0
0
0
0
0
0
0
0
0
0
0
0
0
0
0
0
0
0
0
0
0
0
0
0
0
0
0
0
0
0
0
0
0
0
0
0
0
0
0
0
0
99.9999998672
100
100
100
100
100
100
100
100
100
100
100
100
100
100
100
100
100
100
100
100
100
100
100
100
100
100
100
100
8.33205138862e-17
8.32387688023e-17
8.32387688023e-17
8.21643812951e-17
7.45802103908e-17
7.44792905342e-17
7.44792905342e-17
7.00411412352e-17
6.68929254634e-17
6.68929254634e-17
6.40191423624e-17
6.00651968997e-17
6.00651968997e-17
6.00651968997e-17
6.00651968997e-17
6.68929254634e-17
2.45349936362e-15
99.9999999992
99.9999999999
100
0.0626578748106
7.94358559082e-14
1.21073398575e-13
1.49472974247e-13
1.82828367789e-16
0
0
0
0
0
0
0
0
0
0
0
0
0
0
0
0
0
0
0
0
0
0
0
0
0
0
0
0
0
0
0
0
0
0
0
0
0
0
0
0
0
0
99.9999999905
100
100
100
100
100
100
100
100
100
100
100
100
100
100
100
100
100
100
100
100
100
100
100
100
100
100
100
100
7.48912193631e-17
7.48094742792e-17
7.48094742792e-17
7.48094742792e-17
7.3332592425e-17
6.68929254634e-17
6.68929254634e-17
6.68929254634e-17
6.00651968997e-17
6.00651968997e-17
6.00651968997e-17
5.39202411924e-17
5.39202411924e-17
5.39202411924e-17
5.32239396095e-17
5.39202411924e-17
4.79623098632e-16
1.47186310957e-14
3.79933946503e-14
9.08622319915e-09
7.33934270001e-09
7.96092467731e-14
1.08966058718e-13
2.05040380711e-13
3.85820194804e-13
0
0
0
0
0
0
0
0
0
0
0
0
0
0
0
0
0
0
0
0
0
0
0
0
0
0
0
0
0
0
0
0
0
0
0
0
0
0
0
0
0
0
99.9999999994
100
100
100
100
100
100
100
100
100
100
100
100
100
100
100
100
100
100
100
100
100
100
100
100
100
100
100
100
7.10536358484e-17
6.99168329859e-17
6.75907496473e-17
6.72231092084e-17
6.68929254634e-17
6.68929254634e-17
6.00651968997e-17
6.00651968997e-17
6.00651968997e-17
5.39202411924e-17
5.39202411924e-17
4.83897810558e-17
4.83897810558e-17
4.34123669328e-17
4.34123669328e-17
4.34123669328e-17
5.26075174393e-17
2.45359019149e-15
2.01907715649e-14
3.7993639296e-14
6.43433050222e-14
8.82628683684e-14
1.21074294406e-13
1.8453634264e-13
3.85821523141e-13
9.92330221119e-13
0
0
0
0
0
0
0
0
0
0
0
0
0
0
0
0
0
0
0
0
0
0
0
0
0
0
0
0
0
0
0
0
0
0
0
0
0
0
0
0
0
100
100
100
100
100
100
100
100
100
100
100
100
100
100
100
100
100
100
100
100
100
100
100
100
100
100
100
100
100
6.71510364952e-17
6.72231092084e-17
6.72231092084e-17
6.54207674139e-17
6.09289346025e-17
6.00651968997e-17
6.00651968997e-17
5.39853887492e-17
5.34253067914e-17
5.05737514634e-17
4.83897810558e-17
4.34123669328e-17
4.34123669328e-17
3.89326942222e-17
3.49009887826e-17
3.49918166536e-17
3.90235220932e-17
4.53601377845e-16
4.15607360989e-15
1.19219189869e-14
3.41941460132e-14
6.434345884e-14
1.08966955794e-13
1.73560928054e-13
3.12515433744e-13
2.313486581e-12
1.58716433168e-11
0
0
0
0
0
0
0
0
0
0
0
0
0
0
0
0
0
0
0
0
0
0
0
0
0
0
0
0
0
0
0
0
0
0
0
0
0
0
0
0
100
100
100
100
100
100
100
100
100
100
100
100
100
100
100
100
100
100
100
100
100
100
100
100
100
100
100
100
100
6.37078260267e-17
6.31899997624e-17
6.13699051369e-17
6.01609380337e-17
5.98307542887e-17
5.8789973847e-17
5.34253067914e-17
5.34253067914e-17
4.83850164798e-17
4.81553384448e-17
4.34123669328e-17
4.18673358969e-17
3.89326942222e-17
3.49918166536e-17
3.1363281758e-17
2.80976003519e-17
2.8920770773e-17
3.90235220932e-17
1.05545341515e-15
2.72635504969e-15
5.7015420537e-15
2.01907715649e-14
4.69060309471e-14
8.82629591962e-14
1.84536623367e-13
2.08213831993e-12
3.12512881861e-13
0
0
0
0
0
0
0
0
0
0
0
0
0
0
0
0
0
0
0
0
0
0
0
0
0
0
0
0
0
0
0
0
0
0
0
0
0
0
0
0
100
100
100
100
100
100
100
100
100
100
100
100
100
100
100
100
100
100
100
100
100
100
100
100
100
100
100
100
100
6.14476277629e-17
6.00071202367e-17
5.97466284467e-17
5.92752906447e-17
5.69146148904e-17
5.34253067914e-17
5.32714889943e-17
4.89645402645e-17
4.75701201943e-17
4.25927060714e-17
4.30070156584e-17
3.90235220932e-17
3.49918166536e-17
3.1363281758e-17
2.51584870865e-17
2.25132851476e-17
2.25132851476e-17
2.80976003519e-17
2.0334131819e-16
8.54671495137e-16
1.60935567888e-15
2.72635504969e-15
5.1312584951e-15
2.01907715649e-14
4.69058771293e-14
7.94354518017e-14
7.14897578512e-14
72.9770644642
0
0
0
0
0
0
0
0
0
0
0
0
0
0
0
0
0
0
0
0
0
0
0
0
0
0
0
0
0
0
0
0
0
0
0
0
0
0
98.5219117059
100
100
100
100
100
100
100
100
100
100
100
100
100
100
100
100
100
100
100
100
100
100
100
100
100
100
100
100
100
1.08542791325e-12
5.89097167421e-17
5.80475258334e-17
5.65801536907e-17
5.4015822488e-17
5.35007528827e-17
5.02834344882e-17
4.76609480653e-17
4.49220665738e-17
4.26835339424e-17
3.83576790288e-17
3.4552119133e-17
3.1128839147e-17
2.78631577409e-17
2.22788425366e-17
1.73744944127e-17
1.60616376186e-17
2.01326034025e-17
3.26884768263e-17
2.36259923855e-16
4.81733825101e-16
8.00945054025e-16
1.1729706625e-15
1.7884176222e-15
2.72635504969e-15
1.27636847584e-14
2.24328243604e-14
2.49230291924e-14
100
0
0
0
0
0
0
0
0
0
0
0
0
0
0
0
0
0
0
0
0
0
0
0
0
0
0
0
0
0
0
0
0
0
0
0
0
0
99.9999997977
100
100
100
100
100
100
100
100
100
100
100
100
100
100
100
100
100
100
100
100
100
100
100
100
100
100
100
100
100
0.407344310188
5.79623600383e-17
5.70615768975e-17
5.55454329095e-17
5.36016727393e-17
5.1539658364e-17
4.77993840827e-17
4.71340621065e-17
4.26835339424e-17
4.06215021115e-17
3.82038612317e-17
3.41149752393e-17
3.04864403437e-17
2.73916676011e-17
1.97060901724e-17
7.69527394448e-18
8.95452198414e-18
1.37185323806e-17
2.25132851476e-17
4.66806344062e-17
1.1457400633e-16
1.94763166386e-16
2.97402374119e-16
4.08351242704e-16
5.60406042057e-16
7.69175912249e-16
1.78816288455e-15
1.78680670929e-15
100
0.844981863952
0
0
0
0
0
0
0
0
0
0
0
0
0
0
0
0
0
0
0
0
0
0
0
0
0
0
0
0
0
0
0
0
0
0
0
0
100
100
100
100
100
100
100
100
100
100
100
100
100
100
100
100
100
100
100
100
100
100
100
100
100
100
100
100
100
100
1.17484114711e-14
5.92052618247e-17
5.69630803102e-17
5.55888216356e-17
5.22118536962e-17
4.96999736392e-17
4.7690117447e-17
4.49278688893e-17
4.26835339424e-17
3.82038612317e-17
3.64018632188e-17
3.41149752393e-17
3.04864403437e-17
2.72207589377e-17
2.31443492971e-17
4.86962281127e-18
1.92241572187e-18
2.06085173923e-18
2.41817929751e-18
2.60084423806e-18
1.05461356265e-17
1.90257214392e-17
2.88296949618e-17
5.43321700213e-17
7.48912193631e-17
1.03092933138e-16
1.14517315396e-16
9.1951590613e-17
2.1335512174e-16
100
0
0
0
0
0
0
0
0
0
0
0
0
0
0
0
0
0
0
0
0
0
0
0
0
0
0
0
0
0
0
0
0
0
0
0
0
100
100
100
100
100
100
100
100
100
100
100
100
100
100
100
100
100
100
100
100
100
100
100
100
100
100
100
100
100
100
4.74772697168e-16
21.6368145286
5.83843967779e-17
5.48482411809e-17
5.15469450177e-17
4.92112201208e-17
4.70469031409e-17
4.34158008925e-17
4.22530254255e-17
3.81312988992e-17
3.45551853948e-17
3.38785913892e-17
3.01071059729e-17
2.66048367764e-17
2.29053257811e-17
1.55707149085e-17
2.06085173923e-18
2.14259682313e-18
2.24351667978e-18
2.60084423806e-18
2.60084423806e-18
2.99787485837e-18
3.92918125168e-18
4.58593804756e-18
5.98804266252e-18
1.06510212303e-17
1.33219818811e-17
1.8423223964e-17
1.41026485398e-16
3.45729823891e-15
0
0
0
0
0
0
0
0
0
0
0
0
0
0
0
0
0
0
0
0
0
0
0
0
0
0
0
0
0
0
0
0
0
0
0
1.91747727646e-19
100
100
100
100
100
100
100
100
100
100
100
100
100
100
100
100
100
100
100
100
100
100
100
100
100
100
100
100
100
100
7.6893283976e-16
6.29268873596e-15
99.9999998378
99.9999999999
5.13476234103e-17
4.91393603711e-17
4.63005229903e-17
4.27074539076e-17
4.11527338448e-17
3.82130439831e-17
3.40351589347e-17
3.1658075639e-17
2.93957744244e-17
2.54336806646e-17
2.0672431578e-17
1.57882209885e-17
1.82100202068e-18
2.14259682313e-18
2.24351667978e-18
2.24351667978e-18
2.60084423806e-18
2.60084423806e-18
3.43901999204e-18
4.16590684137e-18
5.31566782077e-18
7.56521821725e-18
1.06510212303e-17
1.66194641662e-17
1.27740052865e-16
2.4002544843e-16
1.91747727646e-19
0
0
0
0
0
0
0
0
0
0
0
0
0
0
0
0
0
0
0
0
0
0
0
0
0
0
0
0
0
0
0
0
0
0
100
100
100
100
100
100
100
100
100
100
100
100
100
100
100
100
100
100
100
100
100
100
100
100
100
100
100
100
100
100
100
1.17784818554e-12
1.04492591128e-15
1.33811224133e-14
1.50850579989e-13
0.00616904827356
100
99.9999999999
99.9999974879
4.04408777484e-17
3.80746079657e-17
3.38038100704e-17
3.06278753222e-17
2.91312265386e-17
2.52798628675e-17
2.05186137809e-17
1.57882209885e-17
1.65009335727e-18
1.82100202068e-18
2.14259682313e-18
2.14259682313e-18
2.14259682313e-18
2.4999243814e-18
3.43901999204e-18
4.12734424281e-18
4.78410103869e-18
6.06161323802e-18
9.58591910724e-18
1.1989783693e-17
1.86213869551e-17
2.30711116952e-17
1.98649701615e-15
0
0
0
0
0
0
0
0
0
0
0
0
0
0
0
0
0
0
0
0
0
0
0
0
0
0
0
0
0
0
0
0
0
0
100
100
100
100
100
100
100
100
100
100
100
100
100
100
100
100
100
100
100
100
100
100
100
100
100
100
100
100
100
100
100
)
;

boundaryField
{
    frontAndBack
    {
        type            empty;
    }
    leftWall
    {
        type            calculated;
        value           uniform 0;
    }
    outlet
    {
        type            calculated;
        value           uniform 0;
    }
    rightWall
    {
        type            calculated;
        value           uniform 0;
    }
    inlet
    {
        type            calculated;
        value           uniform 2.71516807052e-13;
    }
}


// ************************************************************************* //
