/*--------------------------------*- C++ -*----------------------------------*\
| =========                 |                                                 |
| \\      /  F ield         | OpenFOAM: The Open Source CFD Toolbox           |
|  \\    /   O peration     | Version:  v1906                                 |
|   \\  /    A nd           | Web:      www.OpenFOAM.com                      |
|    \\/     M anipulation  |                                                 |
\*---------------------------------------------------------------------------*/
FoamFile
{
    version     2.0;
    format      ascii;
    class       volScalarField;
    location    "84";
    object      alpha;
}
// * * * * * * * * * * * * * * * * * * * * * * * * * * * * * * * * * * * * * //

dimensions      [0 0 -1 0 0 0 0];


internalField   nonuniform List<scalar> 
9216
(
128.258856811
199.9147508
199.921298425
199.921298425
199.921298425
199.926692857
199.926692857
199.926692857
199.926692857
199.926692857
199.921389743
199.910548468
199.911959692
199.89927005
199.89927005
199.89927005
199.910548468
199.919683986
199.919683986
199.919683986
199.919683986
199.899513976
199.895077387
199.895077387
199.895077387
199.895077387
199.879525624
199.872470996
199.866528795
199.854959851
199.851756952
199.81731108
199.828091782
199.862412644
199.865544099
199.883612741
199.884644198
199.884644198
199.884644198
199.884644198
199.884644198
199.874000675
199.855356935
199.853615754
199.867454109
199.867454109
199.867454109
199.867454109
199.867454109
199.866592561
199.870858012
199.875357491
199.880327146
199.884644198
199.884644198
199.881740318
199.871945487
199.859362675
199.838694882
199.808462
199.781971514
199.758163605
199.739864633
199.717557677
199.675826466
199.614497843
199.557822812
199.53888355
199.4743232
199.392947355
199.318125802
199.227405464
199.147986734
199.070964979
198.931948643
198.692725672
198.422432581
198.129718534
197.654828721
196.778004333
194.439096597
185.184651662
175.149273111
161.435211701
147.073625919
136.602781196
124.934739666
106.322523521
83.4456990727
64.7183222316
48.1408851263
35.7044777274
26.1959439069
17.4290102919
10.8867789066
1.17810763011
199.909389594
199.926132505
199.926692857
199.926692857
199.926692857
199.926692857
199.926692857
199.921298425
199.921298425
199.921298425
199.921298425
199.921298425
199.911147849
199.899869432
199.899869432
199.899869432
199.903996005
199.904488056
199.904488056
199.899546609
199.915304611
199.908644819
199.898494243
199.887452048
199.883023163
199.883023163
199.883023163
199.883023163
199.882833412
199.865833073
199.851909101
199.851909101
199.851909101
199.851909101
199.851909101
199.851909101
199.851909101
199.839377526
199.839377526
199.828099109
199.828099109
199.828099109
199.828099109
199.80899901
199.80899901
199.80899901
199.80899901
199.80899901
199.80899901
199.80899901
199.80899901
199.80899901
199.80899901
199.792702732
199.779887443
199.778105054
199.76522207
199.74346244
199.676454583
199.617181379
199.569401276
199.529789906
199.492648545
199.475022765
199.429857993
199.337115943
199.236173821
199.201561472
199.208644516
199.234052543
199.200682037
199.089213019
198.957247644
198.813052384
198.633650896
198.375745849
198.136587201
198.116057318
198.188996004
197.692960932
196.769872183
192.511438378
184.614959679
174.976889493
163.129153338
150.512644837
139.587537514
119.508032837
101.036091143
77.6932485396
57.8503376817
46.7237720371
37.9420849755
23.9523703364
15.9252551749
13.4006929222
199.921298425
199.927379781
199.925089691
199.928698194
199.921298425
199.921298425
199.921298425
199.921298425
199.921298425
199.921298425
199.915304611
199.915304611
199.915304611
199.915304611
199.887215825
199.898494243
199.898494243
199.898494243
199.898494243
199.898494243
199.898494243
199.898494243
199.898494243
199.883023163
199.883023163
199.868141713
199.854554656
199.840630684
199.840630684
199.840630684
199.828099109
199.828099109
199.80899901
199.80899901
199.80899901
199.80899901
199.80899901
199.80899901
199.80899901
199.80899901
199.80899901
199.80899901
199.787776678
199.787776678
199.758665111
199.758665111
199.732464701
199.732464701
199.708884331
199.676538146
199.676538146
199.676538146
199.676538146
199.676538146
199.676538146
199.676538146
199.676538146
199.663466369
199.627894947
199.560734241
199.499375091
199.450376572
199.404860863
199.349396899
199.260650924
199.135142458
198.999967616
198.888188656
198.762891093
198.586394177
198.395256792
198.36064631
198.108883745
198.205192987
197.913624797
197.491344323
197.167758299
196.843745998
196.362359291
195.939322189
195.182119084
188.677740542
180.249930981
171.902616349
160.848183394
147.638381298
128.814982373
121.245943343
108.783018554
81.4839250042
54.8112788569
51.5187367235
36.768361112
28.1368831225
25.0525789816
16.6481621909
199.926692857
199.928698194
199.928698194
199.928698194
199.921298425
199.921298425
199.921298425
199.921298425
199.915304611
199.915304611
199.915304611
199.915304611
199.915304611
199.898494243
199.898494243
199.898494243
199.898494243
199.898494243
199.898494243
199.898494243
199.898494243
199.887215825
199.887215825
199.871744745
199.854554656
199.840630684
199.828099109
199.828099109
199.80899901
199.80899901
199.80899901
199.80899901
199.80899901
199.80899901
199.80899901
199.80899901
199.787776678
199.787776678
199.787776678
199.787776678
199.735084742
199.708884331
199.676538146
199.676538146
199.676538146
199.676538146
199.676538146
199.676538146
199.676538146
199.676538146
199.64059794
199.64059794
199.64059794
199.64059794
199.64059794
199.64059794
199.64059794
199.64059794
199.63733321
199.587401143
199.52061417
199.459626523
199.39378924
199.333890576
199.247572829
199.121657307
198.974686046
198.846750678
198.726692893
198.560645716
198.379299644
198.151778782
197.882589025
197.803908176
197.379737041
196.941579897
196.578595916
196.215030864
195.734829725
194.880397103
187.982069849
175.152560694
168.976033693
162.711346007
154.638593281
140.294134444
127.632879751
120.624926313
101.126021399
88.3329604101
71.2474792417
47.9872554211
45.4745684045
36.9879202304
30.4200066835
19.1337841951
199.926692857
199.928698194
199.928698194
199.924957808
199.921298425
199.921298425
199.921298425
199.915304611
199.915304611
199.915304611
199.915304611
199.915304611
199.898494243
199.898494243
199.898494243
199.898494243
199.898494243
199.898494243
199.898494243
199.887215825
199.887215825
199.887215825
199.871744745
199.854554656
199.828099109
199.828099109
199.80899901
199.80899901
199.80899901
199.80899901
199.80899901
199.80899901
199.787776678
199.787776678
199.787776678
199.787776678
199.787776678
199.764196308
199.708884331
199.676538146
199.676538146
199.676538146
199.676538146
199.676538146
199.64059794
199.64059794
199.64059794
199.64059794
199.64059794
199.64059794
199.64059794
199.64059794
199.600664378
199.600664378
199.600664378
199.600664378
199.600664378
199.600664378
199.600664378
199.532787686
199.469921142
199.37838932
199.278145448
199.202735956
199.113832963
198.961125312
198.854627862
198.777909272
198.630661973
198.453060847
198.288844525
198.167716952
197.896785383
197.536858495
197.031088265
196.613969013
196.547868335
196.219333399
195.745822639
194.874657167
187.598806111
175.454017997
169.148827927
157.859281502
145.226748982
130.358890432
117.784087486
112.51615216
110.840026385
90.8669809189
79.4279324241
58.5633421306
43.7991815063
44.1733131457
40.1724303528
28.5084464133
199.926692857
199.928698194
199.928698194
199.921298425
199.921298425
199.921298425
199.915304611
199.915304611
199.915304611
199.915304611
199.915304611
199.908644819
199.898494243
199.898494243
199.898494243
199.898494243
199.898494243
199.887215825
199.887215825
199.887215825
199.887215825
199.871744745
199.854554656
199.828099109
199.80899901
199.80899901
199.80899901
199.80899901
199.80899901
199.80899901
199.787776678
199.787776678
199.787776678
199.787776678
199.787776678
199.764196308
199.708884331
199.708884331
199.676538146
199.676538146
199.676538146
199.676538146
199.64059794
199.64059794
199.64059794
199.64059794
199.64059794
199.600664378
199.600664378
199.600664378
199.600664378
199.600664378
199.556293753
199.556293753
199.556293753
199.506993059
199.506993059
199.45221451
199.45221451
199.387726783
199.138253135
198.953723951
198.819698264
198.728839783
198.661211944
198.600199914
198.428966558
198.404090217
198.30374933
198.15943192
198.003072342
197.756311574
197.434204804
196.983609128
196.645793321
196.607205657
196.3039722
195.679688777
195.298541986
194.801362375
187.93985654
173.136897143
162.471944132
156.164839377
144.256007783
130.459383285
126.356081992
112.857401473
97.70121496
82.6534288386
85.4253044685
73.9698300531
53.013265807
49.2953398799
48.6884350177
36.3250199824
199.926692857
199.928698194
199.928698194
199.921298425
199.921298425
199.915304611
199.915304611
199.915304611
199.915304611
199.915304611
199.915304611
199.898494243
199.898494243
199.898494243
199.887215825
199.887215825
199.887215825
199.887215825
199.887215825
199.887215825
199.887215825
199.854554656
199.828099109
199.80899901
199.80899901
199.80899901
199.80899901
199.80899901
199.787776678
199.787776678
199.787776678
199.787776678
199.787776678
199.764196308
199.764196308
199.708884331
199.676538146
199.676538146
199.676538146
199.676538146
199.64059794
199.64059794
199.64059794
199.64059794
199.600664378
199.600664378
199.600664378
199.600664378
199.600664378
199.556293753
199.556293753
199.556293753
199.506993059
199.506993059
199.45221451
199.45221451
199.391349456
199.391349456
199.154049828
198.744703103
198.661211944
198.428966558
198.428966558
198.428966558
198.254407286
198.254407286
198.254407286
198.254407286
198.06045254
198.059929872
197.977655291
197.740139576
197.435098847
197.063269328
196.674014341
196.587299115
196.076530032
195.56916364
195.35786801
193.652382758
180.522449353
171.050831463
158.096024642
149.736455146
140.947960444
130.015538073
121.45495722
113.343653423
97.1024042932
92.2963475773
79.666493611
81.3110802851
70.7597912793
56.8780144959
56.926994155
43.9501964527
199.926692857
199.928698194
199.928698194
199.921298425
199.921298425
199.922704381
199.922704381
199.915304611
199.915304611
199.915304611
199.905154036
199.898494243
199.898494243
199.887215825
199.887215825
199.887215825
199.887215825
199.887215825
199.887215825
199.887215825
199.871744745
199.840630684
199.80899901
199.80899901
199.80899901
199.80899901
199.80899901
199.787776678
199.787776678
199.787776678
199.787776678
199.787776678
199.764196308
199.764196308
199.708884331
199.676538146
199.676538146
199.676538146
199.64059794
199.64059794
199.64059794
199.64059794
199.64059794
199.600664378
199.600664378
199.600664378
199.600664378
199.556293753
199.556293753
199.556293753
199.506993059
199.506993059
199.45221451
199.45221451
199.391349456
199.391349456
199.323721617
198.774584105
198.586069902
198.428966558
198.428966558
198.254407286
198.254407286
198.06045254
198.06045254
197.844947267
197.844947267
197.605496963
197.605496963
197.605496963
197.339441071
197.335898028
197.132585331
196.811298343
196.42603001
196.086300675
195.832698933
195.412780071
195.249948485
192.588626985
181.769102917
168.176543187
158.887617927
151.398028831
138.709725234
130.283870063
116.388492699
107.279001407
99.2297695576
96.3593074097
89.3093661751
79.5296781237
81.163615545
63.9028132101
64.8086542197
51.952724998
199.929841689
199.928698194
199.928698194
199.928698194
199.922704381
199.922704381
199.922704381
199.915304611
199.915304611
199.915304611
199.905154036
199.898494243
199.887215825
199.887215825
199.887215825
199.887215825
199.887215825
199.887215825
199.887215825
199.887215825
199.854554656
199.828099109
199.80899901
199.80899901
199.80899901
199.80899901
199.787776678
199.787776678
199.787776678
199.787776678
199.787776678
199.764196308
199.764196308
199.708884331
199.676538146
199.676538146
199.676538146
199.64059794
199.64059794
199.64059794
199.64059794
199.600664378
199.600664378
199.600664378
199.600664378
199.556293753
199.556293753
199.556293753
199.506993059
199.506993059
199.45221451
199.45221451
199.391349456
199.391349456
199.323721617
199.106117775
198.586069902
198.428966558
198.428966558
198.254407286
198.254407286
198.06045254
198.06045254
197.844947267
197.605496963
197.605496963
197.339441071
197.339441071
197.043823412
197.043823412
197.043823412
196.715359346
196.715359346
196.55301004
196.198223504
195.854609395
195.422774609
195.435636848
194.877084371
189.413002507
178.703781366
165.315424892
157.856811176
149.234974335
141.129384355
132.561387091
121.659521278
108.162334054
99.6546717831
88.3250945877
94.4783519833
88.9618425654
82.0159586502
76.1705227363
70.9279688107
58.9586775001
199.934092627
199.928698194
199.928698194
199.928698194
199.922704381
199.922704381
199.922704381
199.915304611
199.915304611
199.915304611
199.905154036
199.898494243
199.887215825
199.887215825
199.887215825
199.887215825
199.887215825
199.887215825
199.887215825
199.871744745
199.828099109
199.80899901
199.80899901
199.80899901
199.80899901
199.787776678
199.787776678
199.787776678
199.787776678
199.787776678
199.764196308
199.737995898
199.708884331
199.676538146
199.676538146
199.676538146
199.64059794
199.64059794
199.64059794
199.64059794
199.600664378
199.600664378
199.600664378
199.600664378
199.556293753
199.556293753
199.506993059
199.506993059
199.45221451
199.45221451
199.45221451
199.391349456
199.391349456
199.323721617
198.903722024
198.586069902
198.428966558
198.254407286
198.254407286
198.06045254
198.06045254
197.844947267
197.605496963
197.339441071
197.339441071
197.043823412
197.043823412
196.715359346
196.715359346
196.350399274
196.350399274
196.350399274
196.350399274
195.944888082
195.805847414
195.617639023
195.364161366
195.367073414
194.635798091
186.906748897
173.386899249
165.59527881
155.843653284
147.695448843
141.455845751
132.66817367
120.835808166
110.619889759
102.182221675
95.8791131502
90.0558099401
93.5796507063
88.8025105763
86.214806661
77.0536285729
67.1940652891
199.934092627
199.928698194
199.928698194
199.928698194
199.922704381
199.922704381
199.922704381
199.915304611
199.915304611
199.905154036
199.898494243
199.887215825
199.887215825
199.887215825
199.887215825
199.887215825
199.887215825
199.887215825
199.887215825
199.842023081
199.828099109
199.80899901
199.80899901
199.80899901
199.787776678
199.787776678
199.787776678
199.787776678
199.764196308
199.764196308
199.764196308
199.708884331
199.708884331
199.676538146
199.676538146
199.64059794
199.64059794
199.64059794
199.600664378
199.600664378
199.600664378
199.600664378
199.556293753
199.556293753
199.556293753
199.506993059
199.506993059
199.45221451
199.45221451
199.391349456
199.391349456
199.323721617
199.323721617
198.903722024
198.428966558
198.428966558
198.254407286
198.254407286
198.06045254
197.844947267
197.605496963
197.339441071
197.339441071
197.043823412
196.715359346
196.715359346
196.350399274
196.350399274
195.944888082
195.944888082
195.944888082
195.494320091
195.494320091
195.494320091
195.494320091
195.494320091
195.407466404
194.980483606
193.914399647
184.028594976
172.813061438
166.284812962
156.760545048
149.539299615
141.770144354
128.716608839
119.208054879
111.968051595
108.74771825
102.777965491
98.3428617042
90.4704480246
94.2510471292
97.938506716
84.1242659329
73.2247899573
199.934092627
199.928698194
199.928698194
199.928698194
199.922704381
199.922704381
199.922704381
199.915304611
199.915304611
199.905154036
199.898494243
199.887215825
199.887215825
199.887215825
199.887215825
199.887215825
199.887215825
199.887215825
199.87468425
199.828099109
199.80899901
199.80899901
199.80899901
199.787776678
199.787776678
199.787776678
199.787776678
199.764196308
199.764196308
199.764196308
199.708884331
199.708884331
199.676538146
199.676538146
199.64059794
199.64059794
199.64059794
199.600664378
199.600664378
199.600664378
199.600664378
199.556293753
199.556293753
199.556293753
199.506993059
199.506993059
199.45221451
199.45221451
199.391349456
199.391349456
199.323721617
199.323721617
198.903722024
198.428966558
198.254407286
198.254407286
198.06045254
198.06045254
197.844947267
197.605496963
197.339441071
197.043823412
196.715359346
196.715359346
196.350399274
196.350399274
195.944888082
195.494320091
195.494320091
195.494320091
194.99368899
194.99368899
194.99368899
194.437432211
194.437432211
194.437432211
194.437432211
194.402863607
192.477828036
182.237504277
173.424444075
167.753417103
157.477967588
150.974104044
141.04503914
129.80453856
122.728234574
116.659216886
110.250832885
106.542467006
102.403467251
99.2646823039
93.9472872286
102.060785386
91.0474005769
77.9347872246
199.943228145
199.937833713
199.928698194
199.928698194
199.922704381
199.922704381
199.922704381
199.915304611
199.915304611
199.905154036
199.898494243
199.887215825
199.887215825
199.887215825
199.887215825
199.887215825
199.887215825
199.87468425
199.842023081
199.828099109
199.80899901
199.80899901
199.80899901
199.787776678
199.787776678
199.787776678
199.764196308
199.764196308
199.764196308
199.737995898
199.708884331
199.676538146
199.676538146
199.64059794
199.64059794
199.64059794
199.600664378
199.600664378
199.600664378
199.556293753
199.556293753
199.556293753
199.506993059
199.506993059
199.506993059
199.45221451
199.45221451
199.391349456
199.391349456
199.323721617
199.323721617
199.134051237
198.428966558
198.254407286
198.254407286
198.06045254
197.844947267
197.605496963
197.605496963
197.291498125
197.043823412
196.715359346
196.350399274
195.944888082
195.944888082
195.494320091
195.494320091
194.99368899
194.99368899
194.437432211
194.437432211
193.819369123
193.819369123
193.819369123
193.819369123
193.819369123
193.819369123
192.784217372
190.915952529
185.34043549
175.258363177
164.67558457
157.190432073
152.597882898
141.343853169
134.521569808
127.230273501
119.944861221
113.41219947
109.525484323
105.101652472
101.878190089
100.215450819
104.379004381
97.1704789629
82.5538526351
199.943228145
199.937833713
199.937833713
199.928698194
199.922704381
199.922704381
199.922704381
199.915304611
199.915304611
199.905154036
199.898494243
199.887215825
199.887215825
199.887215825
199.887215825
199.887215825
199.87468425
199.87468425
199.828099109
199.828099109
199.80899901
199.80899901
199.787776678
199.787776678
199.787776678
199.764196308
199.764196308
199.764196308
199.737995898
199.708884331
199.676538146
199.676538146
199.64059794
199.64059794
199.64059794
199.600664378
199.600664378
199.600664378
199.556293753
199.556293753
199.556293753
199.506993059
199.506993059
199.45221451
199.45221451
199.45221451
199.391349456
199.391349456
199.323721617
199.323721617
199.248579575
198.428966558
198.254407286
198.254407286
198.06045254
197.844947267
197.605496963
197.339441071
197.043823412
196.715359346
196.350399274
196.350399274
195.944888082
195.494320091
195.494320091
194.99368899
194.437432211
194.437432211
193.819369123
193.819369123
193.819369123
193.132632359
193.132632359
193.132632359
193.132632359
192.36959151
192.119593161
190.836992506
186.656653371
180.640009095
172.816553159
167.867783419
160.989456911
154.106622679
147.713144549
136.642633189
130.380758852
122.58081361
116.509938615
114.927283719
108.913130768
106.256504951
103.633294862
102.047538301
105.737574812
86.7881001265
199.943228145
199.937833713
199.937833713
199.937833713
199.922704381
199.922704381
199.922704381
199.915304611
199.915304611
199.898494243
199.898494243
199.887215825
199.887215825
199.887215825
199.887215825
199.87468425
199.87468425
199.85921317
199.828099109
199.80899901
199.80899901
199.80899901
199.787776678
199.787776678
199.764196308
199.764196308
199.764196308
199.737995898
199.708884331
199.708884331
199.676538146
199.676538146
199.64059794
199.64059794
199.600664378
199.600664378
199.600664378
199.556293753
199.556293753
199.556293753
199.506993059
199.506993059
199.45221451
199.45221451
199.391349456
199.391349456
199.391349456
199.323721617
199.323721617
199.248579575
198.428966558
198.254407286
198.254407286
198.06045254
197.844947267
197.605496963
197.339441071
197.043823412
196.715359346
196.350399274
195.944888082
195.494320091
194.99368899
194.99368899
194.437432211
193.819369123
193.819369123
193.132632359
193.132632359
193.132632359
192.36959151
192.36959151
192.36959151
192.36959151
192.36959151
191.227932006
190.311418251
186.990054661
182.784576175
178.053099989
172.255323384
165.692383604
165.356530398
159.390381363
148.53002946
141.533095884
130.046904237
125.257226677
122.504502895
119.515145073
113.475170004
110.241522443
106.697241668
105.06747096
111.366561243
90.8279064185
199.943228145
199.946055679
199.937833713
199.937833713
199.931839899
199.922704381
199.922704381
199.922704381
199.905154036
199.898494243
199.898494243
199.887215825
199.887215825
199.887215825
199.887215825
199.87468425
199.87468425
199.845289198
199.828099109
199.80899901
199.80899901
199.787776678
199.787776678
199.787776678
199.764196308
199.764196308
199.737995898
199.708884331
199.708884331
199.676538146
199.676538146
199.64059794
199.64059794
199.600664378
199.600664378
199.600664378
199.556293753
199.556293753
199.556293753
199.506993059
199.506993059
199.45221451
199.45221451
199.391349456
199.391349456
199.391349456
199.323721617
199.323721617
199.248579575
198.586069902
198.254407286
198.254407286
198.06045254
197.844947267
197.605496963
197.043823412
196.715359346
196.350399274
195.944888082
195.494320091
194.99368899
194.99368899
194.437432211
193.819369123
193.132632359
193.132632359
192.36959151
192.36959151
192.36959151
191.521768345
191.521768345
191.521768345
191.521768345
191.506324859
191.382386957
191.063884977
186.283552076
182.530905388
178.836823033
174.939346108
170.019319371
166.086892485
167.92986587
161.172664635
151.614702855
141.958684147
133.940743938
133.252848703
129.079961347
122.166339453
116.252271917
113.420055905
111.216493967
107.798060297
112.224124683
94.2976923811
199.943228145
199.946055679
199.946055679
199.937833713
199.931839899
199.922704381
199.922704381
199.922704381
199.905154036
199.898494243
199.887215825
199.887215825
199.887215825
199.887215825
199.87468425
199.87468425
199.860760278
199.828099109
199.828099109
199.80899901
199.80899901
199.787776678
199.787776678
199.764196308
199.764196308
199.737995898
199.737995898
199.708884331
199.676538146
199.676538146
199.64059794
199.64059794
199.600664378
199.600664378
199.600664378
199.556293753
199.556293753
199.506993059
199.506993059
199.506993059
199.45221451
199.45221451
199.391349456
199.391349456
199.323721617
199.323721617
199.323721617
199.248579575
199.165088416
198.254407286
198.254407286
198.06045254
197.844947267
197.339441071
197.043823412
196.715359346
196.350399274
195.494320091
194.99368899
194.437432211
193.819369123
193.132632359
192.36959151
192.36959151
190.909268747
191.021351609
191.521768345
191.339602012
189.812108986
190.127308341
190.196273366
190.201732163
190.10374076
189.896481135
189.454429473
188.080301731
183.100343876
178.108906354
175.019355431
171.986746596
168.766619322
171.283484988
167.39316387
160.637073923
151.711728774
141.4186749
138.736391677
137.180002963
126.197116148
121.868475731
119.94489008
115.883130874
114.195359155
110.760644791
112.844565748
96.9984792165
199.951450111
199.946055679
199.946055679
199.946055679
199.940061865
199.931839899
199.922704381
199.922704381
199.905154036
199.898494243
199.887215825
199.887215825
199.887215825
199.887215825
199.87468425
199.87468425
199.845289198
199.828099109
199.80899901
199.80899901
199.787776678
199.787776678
199.764196308
199.764196308
199.737995898
199.737995898
199.708884331
199.676538146
199.676538146
199.64059794
199.64059794
199.600664378
199.600664378
199.600664378
199.556293753
199.556293753
199.506993059
199.506993059
199.45221451
199.45221451
199.45221451
199.391349456
199.391349456
199.323721617
199.323721617
199.248579575
199.248579575
199.165088416
198.428966558
198.254407286
198.06045254
197.844947267
197.339441071
197.043823412
196.350399274
195.944888082
194.99368899
193.27589219
191.521768345
190.579742606
189.533047339
189.533047339
189.533047339
188.114682404
181.360978635
189.106438913
188.789814503
185.605971682
186.907676632
188.039130005
187.267696644
187.560162348
187.17641313
186.269408193
184.77279007
183.222494664
181.312492053
178.663825414
176.014913586
174.051272285
171.753308004
168.895308112
164.741506459
159.249330521
150.827049417
142.05438621
142.249850495
135.197315572
129.338807423
126.32231811
123.433098192
120.736194757
115.302889499
114.105776143
112.428004371
99.4319904845
199.951450111
199.946055679
199.946055679
199.946055679
199.940061865
199.940061865
199.922704381
199.915304611
199.898494243
199.898494243
199.887215825
199.887215825
199.887215825
199.87468425
199.87468425
199.860760278
199.845289198
199.828099109
199.80899901
199.80899901
199.787776678
199.787776678
199.764196308
199.737995898
199.737995898
199.708884331
199.708884331
199.676538146
199.64059794
199.64059794
199.600664378
199.600664378
199.600664378
199.556293753
199.556293753
199.506993059
199.506993059
199.45221451
199.45221451
199.391349456
199.391349456
199.391349456
199.323721617
199.323721617
199.248579575
199.248579575
199.165088416
198.586069902
198.254407286
198.06045254
197.605496963
197.339441071
196.715359346
195.944888082
187.387778334
0
0
0
0
0
0
0
0
0
140.755687743
177.510435764
168.462183231
146.853140996
184.943829941
183.727841479
176.850118822
179.971601512
176.181911863
177.383416854
179.75043112
178.836843602
177.098670031
170.336172845
172.79699834
171.339121343
168.946916115
165.760813185
162.328901707
157.807027832
150.510485815
144.558149924
147.43551455
139.427191949
134.998372598
131.472945584
127.783466395
123.278822885
118.758323804
116.604254613
112.877045556
102.245643378
199.951450111
199.946055679
199.946055679
199.946055679
199.940061865
199.940061865
199.931839899
199.915304611
199.898494243
199.898494243
199.887215825
199.887215825
199.887215825
199.87468425
199.860760278
199.845289198
199.828099109
199.828099109
199.80899901
199.787776678
199.787776678
199.764196308
199.764196308
199.737995898
199.708884331
199.708884331
199.676538146
199.64059794
199.64059794
199.600664378
199.600664378
199.600664378
199.556293753
199.556293753
199.506993059
199.506993059
199.45221451
199.45221451
199.391349456
199.391349456
199.323721617
199.323721617
199.323721617
199.248579575
199.248579575
199.165088416
199.072320463
198.254407286
198.06045254
197.605496963
197.339441071
196.350399274
0
0
0
0
0
0
0
0
0
0
0
0
0
0
0
119.118884501
162.567897546
155.245336373
155.102651816
176.367382603
168.808396056
170.891878402
169.308818182
169.126730061
168.155716999
166.356983298
170.351415449
168.502327863
166.211278082
163.196261858
160.218468436
156.493719981
151.57521587
152.768362124
149.578409626
141.52285393
139.419177263
135.856242181
131.611853964
127.474263988
124.144645897
118.623684085
116.029115296
105.130855743
199.951450111
199.946055679
199.946055679
199.946055679
199.940061865
199.940061865
199.931839899
199.915304611
199.898494243
199.898494243
199.887215825
199.887215825
199.87468425
199.87468425
199.860760278
199.845289198
199.828099109
199.80899901
199.80899901
199.787776678
199.764196308
199.764196308
199.737995898
199.708884331
199.708884331
199.676538146
199.64059794
199.64059794
199.600664378
199.600664378
199.556293753
199.556293753
199.506993059
199.506993059
199.45221451
199.45221451
199.45221451
199.391349456
199.391349456
199.323721617
199.323721617
199.248579575
199.248579575
199.165088416
199.165088416
199.072320463
198.254407286
198.06045254
197.605496963
197.043823412
1.67495096754
0
0
0
0
0
0
0
0
0
0
0
0
0
0
0
0
0
0
11.4834710218
147.005584474
158.070792531
141.346082678
166.71182952
159.5279496
166.040928521
165.392756518
163.324857829
162.881089221
166.260122885
163.26024464
160.161979294
158.136262502
155.073877306
151.683628256
153.861718999
149.754885794
144.679589786
142.705285472
138.797056279
134.806203975
130.475246732
128.443276955
121.982363922
119.321867068
107.581385055
199.951450111
199.946055679
199.946055679
199.946055679
199.940061865
199.940061865
199.931839899
199.908644819
199.898494243
199.898494243
199.887215825
199.887215825
199.87468425
199.860760278
199.845289198
199.828099109
199.828099109
199.80899901
199.787776678
199.787776678
199.764196308
199.737995898
199.737995898
199.708884331
199.676538146
199.64059794
199.64059794
199.600664378
199.600664378
199.556293753
199.556293753
199.506993059
199.506993059
199.45221451
199.45221451
199.391349456
199.391349456
199.323721617
199.323721617
199.323721617
199.248579575
199.248579575
199.165088416
199.165088416
199.072320463
198.428966558
198.06045254
197.605496963
196.715359346
0
0
0
0
0
0
0
0
0
0
0
0
0
0
0
0
0
0
0
0
0
0
0
114.193444478
150.036557992
144.420734376
160.768302791
156.573047434
159.566087539
159.661135249
157.894982588
155.26788328
158.342691281
156.259470862
153.17149825
150.439467699
153.599134053
149.494246376
149.639560817
141.094173821
138.614339273
136.567769413
132.290285846
130.306687511
125.589471125
120.985703273
108.694753989
199.951450111
199.946055679
199.946055679
199.946055679
199.940061865
199.940061865
199.931839899
199.908644819
199.898494243
199.898494243
199.887215825
199.887215825
199.87468425
199.860760278
199.845289198
199.828099109
199.80899901
199.787776678
199.787776678
199.764196308
199.737995898
199.737995898
199.708884331
199.676538146
199.64059794
199.64059794
199.600664378
199.600664378
199.556293753
199.556293753
199.506993059
199.45221451
199.45221451
199.45221451
199.391349456
199.391349456
199.323721617
199.323721617
199.248579575
199.248579575
199.165088416
199.165088416
199.072320463
198.969244959
198.727462912
198.06045254
197.605496963
196.350399274
0
0
0
0
0
0
0
0
0
0
0
0
0
0
0
0
0
0
0
0
0
0
0
0
0
0
88.7499942232
147.542116312
136.886274277
148.523604069
152.274785938
155.459704863
152.15644732
150.329122712
154.526871195
150.522397246
148.523130769
151.346296503
146.457461391
142.125490624
139.251247942
138.022141188
136.681386295
133.534439461
131.488391964
127.851885033
121.55790274
108.41258908
199.951450111
199.946055679
199.946055679
199.946055679
199.940061865
199.940061865
199.917780337
199.908644819
199.898494243
199.898494243
199.887215825
199.87468425
199.860760278
199.845289198
199.828099109
199.80899901
199.80899901
199.787776678
199.764196308
199.737995898
199.737995898
199.708884331
199.676538146
199.64059794
199.64059794
199.600664378
199.556293753
199.556293753
199.506993059
199.506993059
199.45221451
199.45221451
199.391349456
199.391349456
199.323721617
199.323721617
199.248579575
199.248579575
199.165088416
199.165088416
199.072320463
199.072320463
198.969244959
198.727462912
198.06045254
197.605496963
195.944888082
0
0
0
0
0
0
0
0
0
0
0
0
0
0
0
0
0
0
0
0
0
0
0
0
0
0
0
0
0
84.5973057855
144.122005919
133.529040778
145.048127235
144.066754685
148.792384572
146.074176604
147.143398294
144.942521072
142.167184564
145.055555642
140.095947269
139.78369818
138.834848355
137.191271278
134.702862689
132.558438153
129.418052621
122.42202336
107.553501243
199.951450111
199.946055679
199.946055679
199.946055679
199.940061865
199.940061865
199.908644819
199.908644819
199.898494243
199.887215825
199.887215825
199.87468425
199.860760278
199.845289198
199.828099109
199.80899901
199.787776678
199.764196308
199.737995898
199.737995898
199.708884331
199.676538146
199.64059794
199.600664378
199.600664378
199.556293753
199.556293753
199.506993059
199.45221451
199.45221451
199.391349456
199.391349456
199.323721617
199.323721617
199.248579575
199.248579575
199.165088416
199.165088416
199.072320463
199.072320463
198.969244959
198.854716621
198.586069902
198.254407286
197.605496963
195.494320091
0
0
0
0
0
0
0
0
0
0
0
0
0
0
0
0
0
0
0
0
0
0
0
0
0
0
0
0
0
0
0
0
106.260342449
138.586328063
125.867990006
140.253899338
136.594047667
139.217911388
141.539308368
140.228670452
143.096497855
137.347162338
139.237220785
139.78078117
137.695154572
134.932821754
133.230701373
129.336700788
123.599122537
106.419753272
199.951450111
199.946055679
199.946055679
199.946055679
199.940061865
199.940061865
199.908644819
199.898494243
199.898494243
199.887215825
199.87468425
199.860760278
199.845289198
199.828099109
199.80899901
199.787776678
199.764196308
199.737995898
199.708884331
199.676538146
199.676538146
199.64059794
199.600664378
199.556293753
199.556293753
199.506993059
199.45221451
199.45221451
199.391349456
199.391349456
199.323721617
199.323721617
199.248579575
199.248579575
199.165088416
199.165088416
199.072320463
199.072320463
198.969244959
198.854716621
198.727462912
198.586069902
198.254407286
197.605496963
195.944888082
0
0
0
0
0
0
0
0
0
0
0
0
0
0
0
0
0
0
0
0
0
0
0
0
0
0
0
0
0
0
0
0
0
0
0
119.503210428
127.401520583
134.823299779
132.128302618
133.570009596
139.222470631
133.530141964
136.669460944
139.743838672
139.686417294
137.114401647
133.556177062
132.174806533
128.902996956
123.956718492
105.297835983
199.951450111
199.946055679
199.946055679
199.946055679
199.940061865
199.933402073
199.908644819
199.898494243
199.887215825
199.887215825
199.860760278
199.845289198
199.828099109
199.80899901
199.787776678
199.764196308
199.737995898
199.708884331
199.676538146
199.64059794
199.600664378
199.556293753
199.556293753
199.506993059
199.45221451
199.391349456
199.391349456
199.323721617
199.323721617
199.248579575
199.248579575
199.165088416
199.165088416
199.072320463
199.072320463
198.969244959
198.969244959
198.854716621
198.727462912
198.586069902
198.428966558
198.06045254
197.605496963
195.944888082
0
0
0
0
0
0
0
0
0
0
0
0
0
0
0
0
0
0
0
0
0
0
0
0
0
0
0
0
0
0
0
0
0
0
0
0
0
54.0743469864
122.519509021
119.098496237
128.171638606
130.483071515
130.846171458
133.214813184
134.960872
133.035920878
132.295139206
129.465938539
129.74453321
127.955286459
124.08341612
104.1147435
199.951450111
199.946055679
199.946055679
199.946055679
199.940061865
199.917780337
199.898494243
199.898494243
199.887215825
199.87468425
199.845289198
199.80899901
199.787776678
199.764196308
199.737995898
199.708884331
199.676538146
199.64059794
199.600664378
199.556293753
199.506993059
199.506993059
199.45221451
199.391349456
199.323721617
199.323721617
199.248579575
199.248579575
199.165088416
199.165088416
199.072320463
199.072320463
198.969244959
198.854716621
198.854716621
198.727462912
198.727462912
198.586069902
198.428966558
198.254407286
197.844947267
197.339441071
196.350399274
192.36959151
0
0
0
0
0
0
0
0
0
0
0
0
0
0
0
0
0
0
0
0
0
0
0
0
0
0
0
0
0
0
0
0
0
0
0
0
0
0
0
108.222222028
120.751701068
117.273870799
125.810483787
123.449930612
122.344872404
122.361871998
127.302750721
123.794043659
126.518029079
125.698306991
124.053449092
102.135272987
199.951450111
199.946055679
199.946055679
199.940061865
199.931839899
199.908644819
199.898494243
199.887215825
199.860760278
199.828099109
199.80899901
199.764196308
199.737995898
199.676538146
199.64059794
199.600664378
199.556293753
199.506993059
199.45221451
199.391349456
199.323721617
199.323721617
199.248579575
199.248579575
199.165088416
199.072320463
199.072320463
198.969244959
198.969244959
198.854716621
198.854716621
198.727462912
198.727462912
198.586069902
198.586069902
198.428966558
198.254407286
198.254407286
197.844947267
197.605496963
197.043823412
195.944888082
193.819369123
122.5159022
0
0
0
0
0
0
0
0
0
0
0
0
0
0
0
0
0
0
0
0
0
0
0
0
0
0
0
0
0
0
0
0
0
0
0
0
0
0
0
0
78.7737155742
120.153207943
113.077129452
119.899409858
119.20683574
125.09795377
119.885407945
123.681882108
125.35512469
122.896190628
122.629045507
100.095419439
199.951450111
199.946055679
199.946055679
199.931839899
199.908644819
199.898494243
199.87468425
199.80899901
199.764196308
199.556293753
193.132632359
190.579742606
191.521768345
193.132632359
195.494320091
196.715359346
197.605496963
198.06045254
198.727462912
198.854716621
198.969244959
198.854716621
198.854716621
198.854716621
198.854716621
198.727462912
198.727462912
198.586069902
198.586069902
198.586069902
198.428966558
198.428966558
198.254407286
198.254407286
198.06045254
197.844947267
197.844947267
197.605496963
197.339441071
196.715359346
195.944888082
194.437432211
189.533047339
0
0
0
0
0
0
0
0
0
0
0
0
79.9996775891
122.5159022
113.906558
81.902
0
0
0
0
0
0
0
0
0
0
0
0
0
0
0
0
0
0
0
0
0
0
0
0
0
0
35.9362399686
116.45559671
114.042513544
117.055861503
113.994561637
116.016851192
119.775247076
121.331423767
118.384828593
119.986543535
98.4425866184
199.951450111
199.946055679
199.928698194
0.101636765026
0
0
0
0
0
0
0
0
0
0
0
0
0
0
0
0
0
0
0
0
162.939596223
185.642040246
193.132632359
197.043823412
197.605496963
197.605496963
197.605496963
197.605496963
197.605496963
197.339441071
197.339441071
197.043823412
196.715359346
196.350399274
195.944888082
194.99368899
193.819369123
190.579742606
182.274123761
0
0
0
0
0
0
0
0
0
0
143.514092704
158.821773581
162.939596223
162.939596223
162.85538543
158.821773581
149.162683433
137.237880782
93.7118
0
0
0
0
0
0
0
0
0
0
0
0
0
0
0
0
0
0
0
0
0
0
0
0
6.34233003503
110.611978783
102.149253468
105.414858934
108.089834072
113.373628171
112.197224933
116.204489472
116.743877543
97.3681650798
0.0126536061882
0.00665979273063
0
0
0
0
0
0
0
0
0
0
0
0
0
0
0
0
0
0
0
0
0
0
0
0
0
0
0
0
122.5159022
172.982965647
187.077836222
193.132632359
194.99368899
194.99368899
194.99368899
194.437432211
193.819369123
192.36959151
190.579742606
185.642040246
166.645636601
0
0
0
0
0
0
0
0
69.3391959391
162.939596223
175.684669082
180.304581956
182.274123761
182.274123761
182.274123761
182.274123761
178.116202174
172.982965647
162.939596223
143.514092704
93.7118
0
0
0
0
0
0
0
0
0
0
0
0
0
0
0
0
0
0
0
0
0
0
0
0.249232549261
108.748690087
101.948154839
111.091039471
113.057830984
113.119660108
116.77238973
114.519351632
96.9049119488
0
0
0
0
0
0
0
0
0
0
0
0
0
0
0
0
0
0
0
0
0
0
0
0
0
0
0
0
0
0
0
0
0
0
0
137.237880782
169.981072941
182.274123761
185.642040246
185.642040246
182.274123761
172.982965647
149.162683433
0
0
0
0
0
0
0
158.821773581
180.304581956
185.642040246
188.370052599
190.579742606
190.579742606
191.521768345
190.579742606
190.579742606
189.533047339
187.077836222
184.046711385
175.684669082
162.939596223
137.237880782
0
0
0
0
0
0
0
0
0
0
0
0
0
0
0
0
0
0
0
0
0
0
0
24.0125181694
104.269187618
106.916438745
105.812113563
112.239322049
113.055569847
111.690829169
96.2011928912
0
0
0
0
0
0
0
0
0
0
0
0
0
0
0
0
0
0
0
0
0
0
0
0
0
0
0
0
0
0
0
0
0
0
0
0
0
0
0
137.237880782
154.24641509
149.162683433
113.906558
0
0
0
0
0
0
185.642040246
191.521768345
193.348137633
196.143230414
198.254407286
198.254407286
198.06045254
196.715359346
195.944888082
195.494320091
194.437432211
193.132632359
190.579742606
188.370052599
183.720436169
172.982965647
154.24641509
113.906558
0
0
0
0
0
0
0
0
0
0
0
0
0
0
0
0
0
0
0
0
0
0
62.224124436
105.767044985
101.933342914
104.400987045
105.942405498
110.381088375
95.8646038681
0
0
0
0
0
0
0
0
0
0
0
0
0
0
0
0
0
0
0
0
0
0
0
0
0
0
0
0
0
0
0
0
0
0
0
0
0
0
0
0
0
0
0
0
0
0.980572938482
1.68363950006
105.142916621
198.969244959
198.969244959
199.072320463
199.072320463
199.072320463
199.165088416
199.165088416
199.165088416
199.072320463
198.727462912
198.586069902
198.003963388
196.184338386
194.99368899
193.132632359
190.579742606
187.077836222
180.304581956
162.939596223
137.237880782
0
0
0
0
0
0
0
0
0
0
0
0
0
0
0
0
0
0
0
0
0
0
86.902711637
102.270404309
104.080246503
105.733601711
109.971636891
96.1602759505
0
0
0
0
0
0
0
0
0
0
0
0
0
0
0
0
0
0
0
0
0
0
0
0
0
0
0
0
0
0
0
0
0
0
0
0
0
0
0
0
0
0
0
0
1.24662883143
8.14772030627
198.854716621
198.969244959
199.072320463
199.072320463
199.165088416
199.165088416
199.165088416
199.165088416
199.248579575
199.248579575
199.248579575
199.248579575
199.248579575
199.135682507
197.061243859
195.707659123
195.055915445
194.864372061
196.197701177
197.26781814
186.79495272
169.981072941
143.514092704
0
0
0
0
0
0
0
0
0
0
0
0
0
0
0
0
0
0
0
0
0
0
98.1185645764
95.7958715768
106.10217885
107.713530882
95.2319570737
0
0
0
0
0
0
0
0
0
0
0
0
0
0
0
0
0
0
0
0
0
0
0
0
0
0
0
0
0
0
0
0
0
0
0
0
0
0
0
0
0
0
0
0
0
161.711157575
198.969244959
199.072320463
199.072320463
199.165088416
199.165088416
199.248579575
199.248579575
199.248579575
199.248579575
199.248579575
199.323721617
199.323721617
199.323721617
199.248579575
198.599830315
196.446407149
193.95589804
193.353443933
193.714702035
196.810075127
197.291799472
188.481150205
172.982965647
149.162683433
0
0
0
0
0
0
0
0
0
0
0
0
0
0
0
0
0
0
0
0
0
69.1506283636
97.2647353693
95.8130948635
101.972687813
93.9529452326
0
0
0
0
0
0
0
0
0
0
0
0
0
0
0
0
0
0
0
0
0
0
0
0
0
0
0
0
0
0
0
0
0
0
0
0
0
0
0
0
0
0
0
0
0
0
0
0.34485755091
199.165088416
199.165088416
199.248579575
199.248579575
199.323721617
199.323721617
199.323721617
199.323721617
199.323721617
199.323721617
199.323721617
199.323721617
199.132106981
198.376313187
196.686518337
194.436255774
192.982289976
192.326679731
193.188723935
197.411966319
185.642040246
169.981072941
143.514092704
0
0
0
0
0
0
0
0
0
0
0
0
0
0
0
0
0
0
0
0
0
90.756130456
95.7427306441
100.116667964
92.8974425892
0
0
0
0
0
0
0
0
0
0
0
0
0
0
0
0
0
0
0
0
0
0
0
0
0
0
0
0
0
0
0
0
0
0
0
0
0
0
0
0
0
0
0
0
0
0
0
0
0.0927679537318
3.75425948376
56.1694661683
199.323721617
199.323721617
199.323721617
199.323721617
199.391349456
199.391349456
199.391349456
199.391349456
199.391349456
199.391349456
199.155324612
198.433700921
197.924195949
196.697252101
193.90788344
190.634755993
190.978263195
192.666808457
182.274123761
166.645636601
137.237880782
0
0
0
0
0
0
0
0
0
0
0
0
0
0
0
0
0
0
0
0
81.2984032055
94.7033131242
100.600152205
92.2619189609
0
0
0
0
0
0
0
0
0
0
0
0
0
0
0
0
0
0
0
0
0
0
0
0
0
0
0
0
0
0
0
0
0
0
0
0
0
0
0
0
0
0
0
0
0
0
0
0
0
0.0834911583586
1.11791531959
8.74397901179
192.016134251
199.391349456
199.391349456
199.391349456
199.391349456
199.391349456
199.391349456
199.391349456
199.391349456
199.391349456
199.36876206
199.211216128
198.99948484
197.414294458
192.180923251
190.018982222
196.68284414
188.370052599
178.116202174
158.821773581
117.898835807
0
0
0
0
0
0
0
0
0
0
0
0
0
0
0
0
0
0
0
45.1709713416
92.5111579522
101.233558524
91.3011108031
0
0
0
0
0
0
0
0
0
0
0
0
0
0
0
0
0
0
0
0
0
0
0
0
0
0
0
0
0
0
0
0
0
0
0
0
0
0
0
0
0
0
0
0
0
0
0
0
0
0
0.0751420425227
0.42210449703
5.19086285408
25.7682203896
199.391349456
199.45221451
199.45221451
199.45221451
199.45221451
199.45221451
199.45221451
199.45221451
199.45221451
199.391349456
199.391349456
199.192903795
196.022259452
190.396024765
190.884412395
191.521768345
184.046711385
169.981072941
149.162683433
0
0
0
0
0
0
0
0
0
0
0
0
0
0
0
0
0
0
0
0
87.8333313629
97.6752606448
90.3955397326
0
0
0
0
0
0
0
0
0
0
0
0
0
0
0
0
0
0
0
0
0
0
0
0
0
0
0
0
0
0
0
0
0
0
0
0
0
0
0
0
0
0
0
0
0
0
0
0
0
0
0
0.142769880793
0.319028992884
4.45852552
12.7964157357
110.863137539
199.45221451
199.45221451
199.45221451
199.45221451
199.45221451
199.45221451
199.45221451
199.45221451
199.45221451
199.391349456
198.772998557
192.889290471
190.697714869
193.132632359
187.077836222
178.116202174
158.821773581
130.26431198
0
0
0
0
0
0
0
0
0
0
0
0
0
0
0
0
0
0
0
83.6996930198
92.9359359876
90.5930630506
0
0
0
0
0
0
0
0
0
0
0
0
0
0
0
0
0
0
0
0
0
0
0
0
0
0
0
0
0
0
0
0
0
0
0
0
0
0
0
0
0
0
0
0
0
0
0
0
0
0
0
0
0.128492892714
0.287126093595
3.957894419
8.71993109381
36.4132374354
199.506993059
199.506993059
199.506993059
199.506993059
199.506993059
199.506993059
199.45221451
199.45221451
199.45221451
199.45221451
196.106783066
191.227872968
194.382295995
188.370052599
182.274123761
166.645636601
143.514092704
0
0
0
0
0
0
0
0
0
0
0
0
0
0
0
0
0
0
0
80.5854588423
95.6306417269
90.7333244385
0
0
0
0
0
0
0
0
0
0
0
0
0
0
0
0
0
0
0
0
0
0
0
0
0
0
0
0
0
0
0
0
0
0
0
0
0
0
0
0
0
0
0
0
0
0
0
0
0
0
0
0
0
0.183271441713
0.626927501555
3.03813452417
4.71349494386
10.1814424395
198.964244042
199.23472838
199.330733947
199.423501901
199.423501901
199.423501901
199.423501901
199.275955398
199.275955398
199.140881154
195.456605693
194.094323507
190.579742606
184.046711385
172.982965647
149.162683433
92.4740929249
0
0
0
0
0
0
0
0
0
0
0
0
0
0
0
0
0
0
70.1987761148
97.604182991
90.9181631674
0
0
0
0
0
0
0
0
0
0
0
0
0
0
0
0
0
0
0
0
0
0
0
0
0
0
0
0
0
0
0
0
0
0
0
0
0
0
0
0
0
0
0
0
0
0
0
0
0
0
0
0
0
0.0547785489991
0.115643603442
0.959208377712
2.55487588786
4.22081364832
4.10282710369
193.772303941
198.560760661
199.330032714
199.330032714
199.28073202
199.187964066
199.255591904
199.255591904
199.200813355
198.936952483
195.061316828
190.647370444
185.642040246
172.982965647
154.24641509
113.906558
0
0
0
0
0
0
0
0
0
0
0
0
0
0
0
0
0
0
67.452123754
95.7847255811
91.3420208892
0
0
0
0
0
0
0
0
0
0
0
0
0
0
0
0
0
0
0
0
0
0
0
0
0
0
0
0
0
0
0
0
0
0
0
0
0
0
0
0
0
0
0
0
0
0
0
0
0
0
0
0
0
0.0547785489991
0.104079243098
0.104079243098
1.01287166121
2.46104035943
3.7108675353
3.53739914502
187.661065934
197.481844088
199.211751185
199.26916766
199.26916766
199.28073202
199.187964066
199.187964066
198.915581675
195.054554044
191.582633399
185.642040246
175.684669082
154.24641509
113.906558
0
0
0
0
0
0
0
0
0
0
0
0
0
0
0
0
0
0
66.2699789267
97.9195469747
92.33572464
0
0
0
0
0
0
0
0
0
0
0
0
0
0
0
0
0
0
0
0
0
0
0
0
0
0
0
0
0
0
0
0
0
0
0
0
0
0
0
0
0
0
0
0
0
0
0
0
0
0
0
0
0
0
0.104079243098
0.104079243098
0.104079243098
1.2283769345
2.82600043206
3.04879216205
2.97911600504
190.290283298
197.753855717
199.109307843
198.982209895
198.882639256
198.496340389
198.836613205
198.383877808
195.048467539
191.582633399
185.642040246
175.684669082
154.24641509
113.906558
0
0
0
0
0
0
0
0
0
0
0
0
0
0
0
0
0
0
67.0253922768
97.6806755072
93.8795450137
0
0
0
0
0
0
0
0
0
0
0
0
0
0
0
0
0
0
0
0
0
0
0
0
0
0
0
0
0
0
0
0
0
0
0
0
0
0
0
0
0
0
0
0
0
0
0
0
0
0
0
0
0
0
0
0.104079243098
0.104079243098
0.104079243098
1.46782723815
2.20681177303
2.13275809321
64.923486337
193.960742217
196.323080805
196.526708154
196.456710214
196.535217886
196.176221034
195.54909864
193.874147672
190.634521155
185.642040246
175.684669082
154.24641509
104.34062
0
0
0
0
0
0
0
0
0
0
0
0
0
0
0
0
0
0
76.9543196849
96.4685536521
95.7645907729
0
0
0
0
0
0
0
0
0
0
0
0
0
0
0
0
0
0
0
0
0
0
0
0
0
0
0
0
0
0
0
0
0
0
0
0
0
0
0
0
0
0
0
0
0
0
0
0
0
0
0
0
0
0
0
0
0
0.0547785489991
0.164944297542
1.39231749309
1.83695863524
1.32226790933
194.248579525
195.359424631
195.584018794
195.33955028
195.33955028
195.097768233
194.541511454
193.187410908
190.634521155
184.101489934
172.982965647
149.162683433
81.902
0
0
0
0
0
0
0
0
0
0
0
0
0
0
0
0
0
0
83.154667329
102.165665652
97.6399980628
0
0
0
0
0
0
0
0
0
0
0
0
0
0
0
0
0
0
0
0
0
0
0
0
0
0
0
0
0
0
0
0
0
0
0
0
0
0
0
0
0
0
0
0
0
0
0
0
0
0
0
0
0
0
0
0
0
0
0.287126093595
0.379894047327
0.341904642594
0.690889234901
88.829913406
194.409698927
194.037976705
194.541511454
194.541511454
194.486732905
193.181933054
191.571069039
189.392654768
182.832282373
170.03585149
137.237880782
38
0
0
0
0
0
0
0
0
0
0
0
0
0
0
0
0
0
0
86.9943873804
103.081139213
99.7817908748
0
0
0
0
0
0
0
0
0
0
0
0
0
0
0
0
0
0
0
0
0
0
0
0
0
0
0
0
0
0
0
0
0
0
0
0
0
0
0
0
0
0
0
0
0
0
0
0
0
0
0
0
0
0
0
0
0
0
0.0751420425227
0.319028992884
0.482969551473
0.379894047327
18.9186967457
193.419758453
193.132632359
193.187410908
193.236711603
193.181933054
192.418892205
190.6290433
187.127136916
180.35388265
162.994374772
122.570680749
0
0
0
0
0
0
0
0
0
0
0
0
0
0
0
0
0
0
0
93.3136086252
101.809299004
99.42774085
0
0
0
0
0
0
0
0
0
0
0
0
0
0
0
0
0
0
0
0
0
0
0
0
0
0
0
0
0
0
0
0
0
0
0
0
0
0
0
0
0
0
0
0
0
0
0
0
0
0
0
0
0
0
0
0
0
0
0
0
0.354476658759
0.53663283497
7.68102807579
161.334617229
191.748029384
191.748029384
192.36959151
192.36959151
191.521768345
189.582348034
185.69134094
173.032266341
149.211984128
81.956778549
0.0547785489991
0.0547785489991
0
0
0
0
0
0
0
0
0
0
0
0
0
0
0
0
28.3202721387
96.5419842678
105.247686689
98.0320476816
0
0
0
0
0
0
0
0
0
0
0
0
0
0
0
0
0
0
0
0
0
0
0
0
0
0
0
0
0
0
0
0
0
0
0
0
0
0
0
0
0
0
0
0
0
0
0
0
0
0
0
0
0
0
0
0
0
0
0
0
0
0.393862954177
8.66172934859
60.6699072843
190.83114376
189.784448494
189.533047339
190.579742606
189.533047339
188.370052599
182.274123761
161.659578356
113.955858694
0.0493006940992
0
0.0547785489991
0.0547785489991
0
0
0
0
0
0
0
0
0
0
0
0
0
0
0
72.516683953
99.2904306892
110.764917339
124.635522382
0
0
0
0
0
0
0
0
0
0
0
0
0
0
0
0
0
0
0
0
0
0
0
0
0
0
0
0
0
0
0
0
0
0
0
0
0
0
0
0
0
0
0
0
0
0
0
0
0
0
0
0
0
0
0
0
0
0
0
0
0
0
3.7421294283
20.1309929133
189.843419135
188.462820553
184.046711385
182.274123761
187.077836222
185.642040246
166.645636601
122.5159022
38
0
0.0493006940992
0.0547785489991
0.0547785489991
0.0547785489991
0
0
0
0
0
0
0
0
0
0
0
0
0
0
93.607755232
100.944418394
112.424021066
167.190329633
0
0
0
0
0
0
0
0
0
0
0
0
0
0
0
0
0
0
0
0
0
0
0
0
0
0
0
0
0
0
0
0
0
0
0
0
0
0
0
0
0
0
0
0
0
0
0
0
0
0
0
0
0
0
0
0
0
0
0
0
0
0
0
18.9964036455
188.370052599
189.533047339
179.408418552
178.116202174
175.684669082
166.645636601
122.5159022
44.0669080601
0
0
0
0.0493006940992
0.0547785489991
0.0547785489991
0.0547785489991
0
0
0
0
0
0
0
0
0
0
0
0
2.45135028246
94.2892253916
107.917083823
110.191125212
177.881881051
0
0
0
0
0
0
0
0
0
0
0
0
0
0
0
0
0
0
0
0
0
0
0
0
0
0
0
0
0
0
0
0
0
0
0
0
0
0
0
0
0
0
0
0
0
0
0
0
0
0
0
0
0
0
0
0
0
0
0
0
0
0
0
17.3649857334
185.642040246
184.376132786
176.077001779
171.416868916
162.939596223
130.26431198
54.2
0
0
0
0
0
0.0493006940992
0.0547785489991
0.0547785489991
0
0
0
0
0
0
0
0
0
0
0
0
67.2393644054
90.3562478032
104.955146515
106.599778046
179.888998628
0
0
0
0
0
0
0
0
0
0
0
0
0
0
0
0
0
0
0
0
0
0
0
0
0
0
0
0
0
0
0
0
0
0
0
0
0
0
0
0
0
0
0
0
0
0
0
0
0
0
0
0
0
0
0
0
0
0
0
0
0
0
0
0
180.304581956
184.046711385
170.465434295
163.625486042
137.237880782
54.2
0
0
0
0
0
0
0
0.0547785489991
0.0547785489991
0.0547785489991
0
0
0
0
0
0
0
0
0
0
0
84.8376786006
99.0788953653
105.766608982
124.693908103
177.887485931
0
0
0
0
0
0
0
0
0
0
0
0
0
0
0
0
0
0
0
0
0
0
0
0
0
0
0
0
0
0
0
0
0
0
0
0
0
0
0
0
0
0
0
0
0
0
0
0
0
0
0
0
0
0
0
0
0
0
0
0
0
0
0
0
175.684669082
180.304581956
170.871919594
141.395802369
54.2
0
0
0
0
0
0
0
0
0
0.0547785489991
0.0547785489991
0
0
0
0
0
0
0
0
0
0
38.3751943375
85.476345411
94.4589207991
100.108586818
146.482983372
179.953052955
0
0
0
0
0
0
0
0
0
0
0
0
0
0
0
0
0
0
0
0
0
0
0
0
0
0
0
0
0
0
0
0
0
0
0
0
0
0
0
0
0
0
0
0
0
0
0
0
0
0
0
0
0
0
0
0
0
0
0
0
0
0
0
0
166.645636601
175.684669082
145.440917931
71.2115330918
0
0
0
0
0
0
0
0
0
0
0
0.0547785489991
0
0
0
0
0
0
0
0
0
0
79.4522838125
90.1420541355
95.1198071333
90.0341830453
140.167711546
179.592147354
0
0
0
0
0
0
0
0
0
0
0
0
0
0
0
0
0
0
0
0
0
0
0
0
0
0
0
0
0
0
0
0
0
0
0
0
0
0
0
0
0
0
0
0
0
0
0
0
0
0
0
0
0
0
0
0
0
0
0
0
0
0
0
0
149.162683433
166.645636601
69.9346578505
0
0
0
0
0
0
0
0
0
0
0
0
0
0
0
0
0
0
0
0
0
0
42.4893074485
75.7024474174
86.8246481075
85.926511911
104.758121449
140.823921074
178.08369124
0
0
0
0
0
0
0
0
0
0
0
0
0
0
0
0
0
0
0
0
0
0
0
0
0
0
0
0
0
0
0
0
0
0
0
0
0
0
0
0
0
0
0
0
0
0
0
0
0
0
0
0
0
0
0
0
0
0
0
0
0
0
0
0
113.906558
94.9626834334
0
0
0
0
0
0
0
0
0
0
0
0
0
0
0
0
0
0
0
0
0
0
0
81.0170331327
85.9981468595
86.4273417366
65.0071405378
103.068192592
151.170071526
175.553706582
0
0
0
0
0
0
0
0
0
0
0
0
0
0
0
0
0
0
0
0
0
0
0
0
0
0
0
0
0
0
0
0
0
0
0
0
0
0
0
0
0
0
0
0
0
0
0
0
0
0
0
0
0
0
0
0
0
0
0
0
0
0
0
0
0
0
0
0
0
0
0
0
0
0
0
0
0
0
0
0
0
0
0
0
0
0
0
0
63.1787111852
85.0067326058
94.5732558218
93.8115363243
53.9537239946
106.771071025
173.93109616
169.876030735
0
0
0
0
0
0
0
0
0
0
0
0
0
0
0
0
0
0
0
0
0
0
0
0
0
0
0
0
0
0
0
0
0
0
0
0
0
0
0
0
0
0
0
0
0
0
0
0
0
0
0
0
0
0
0
0
0
0
0
0
0
0
0
0
0
0
0
0
0
0
0
0
0
0
0
0
0
0
0
0
0
0
0
0
0
0
0
44.2139632731
75.591160851
90.6476189702
97.1389627108
95.2749714204
131.589120235
153.327574565
179.140579562
170.344882714
0
0
0
0
0
0
0
0
0
0
0
0
0
0
0
0
0
0
0
0
0
0
0
0
0
0
0
0
0
0
0
0
0
0
0
0
0
0
0
0
0
0
0
0
0
0
0
0
0
0
0
0
0
0
0
0
0
0
0
0
0
0
0
0
0
0
0
0
0
0
0
0
0
0
0
0
0
0
0
0
0
0
0
0
0
0
29.8361982581
82.9263803883
91.1325848554
99.6637142812
103.513382891
191.29562838
196.467250271
195.220154526
196.060417756
196.559349704
0.0126536061882
0
0
0
0
0
0
0
0
0
0
0
0
0
0
0
0
0
0
0
0
0
0
0
0
0
0
0
0
0
0
0
0
0
0
0
0
0
0
0
0
0
0
0
0
0
0
0
0
0
0
0
0
0
0
0
0
0
0
0
0
0
0
0
0
0
0
0
0
0
0
0
0
0
0
0
0
0
0
0
0
0
0
0
0
26.5215566878
84.2197337422
97.0444487421
107.003868754
136.131649578
194.89010846
197.146438189
196.750168547
196.227252885
197.155647449
197.549769605
199.951450111
199.937833713
0.0304697851629
0
0
0
0
0
0
0
0
0
0
0
0
0
0
0
0
0
0
0
0
0
0
0
0
0
0
0
0
0
0
0
0
0
0
0
0
0
0
0
0
0
0
0
0
0
0
0
0
0
0
0
0
0
0
0
0
0
0
0
0
0
0
0
0
0
0
0
0
0
0
0
0
0
0
0
0
0
0
0
0
0
42.1018217718
86.2883752128
96.7633498491
128.441270568
191.275971941
195.463272308
197.465253713
197.410588556
196.982703293
197.003684665
197.415409824
197.783650477
199.951450111
199.946055679
199.946055679
199.915304611
0.149219927048
0
0
0
0
0
0
0
0
0
0
0
0
0
0
0
0
0
0
0
0
0
0
0
0
0
0
0
0
0
0
0
0
0
0
0
0
0
0
0
0
0
0
0
0
0
0
0
0
0
0
0
0
0
0
0
0
0
0
0
0
0
0
0
0
0
0
0
0
0
0
0
0
0
0
0.183271441713
0.203634935237
0.128492892714
20.4899538781
77.2573332731
91.6445236016
110.659356538
187.206752833
194.909636289
197.08813753
197.380021493
197.418516362
197.393391563
197.207676886
197.310655458
197.603725628
197.959849122
199.951450111
199.951450111
199.946055679
199.940061865
199.908644819
199.887215825
0.208334632044
0
0
0
0
0
0
0
0
0
0
0
0
0
0
0
0
0
0
0
0
0
0
0
0
0
0
0
0
0
0
0
0
0
0
0
0
0
0
0
0
0
0
0
0
0
0
0
0
0
0
0
0
0
0
0
0
0
0
0
0
0
0
0
0
0
0
0
38
18
16.2
61.1006441501
82.1345721358
94.0195141783
104.076476966
96.8519672832
92.0927066567
95.2477324134
194.032861533
194.787803554
196.106636077
196.680443433
197.139272137
197.313809117
197.385576322
197.452721431
197.395803805
197.479529977
197.684092772
198.069011431
199.951450111
199.951450111
199.946055679
199.946055679
199.915304611
199.898494243
199.887215825
199.828099109
0.0553119770314
0
0
0
0
0
0
0
0
0
0
0
0
0
0
0
0
0
0
0
0
0
0
0
0
0
0
0
0
0
0
0
0
0
0
0
0
0
0
0
0
0
0
0
0
0
0
0
0
0
0
0
0
0
0
0
0
0
0
0
0
0
0
0
20
54.2
81.902
93.7118
93.7118
93.7118
104.732638365
114.41800773
123.019764553
137.481095886
179.608567881
193.70019446
193.216382472
194.815353462
196.125794252
196.80412041
197.193454453
197.452009237
197.537835326
197.541702145
197.493345653
197.686342734
197.899401432
198.177892885
199.951450111
199.951450111
199.946055679
199.946055679
199.931839899
199.908644819
199.898494243
199.887215825
199.828099109
5.96840755413
0
0
0
0
0
0
0
0
0
0
0
0
0
0
0
0
0
0
0
0
0
0
0
0
0
0
0
0
0
0
0
0
0
0
0
0
0
0
0
0
0
0
0
0
0
0
0
0
0
0
0
0
0
0
0
0
0
0
0
0
0
0
20
68.78
81.902
93.7118
104.34062
104.489069868
114.41800773
123.059698115
135.376978845
194.198303933
199.057119031
197.184483758
196.238520931
196.498690268
196.912375187
197.276423211
197.592454457
197.73595504
197.849920149
197.843042182
197.793085927
197.912017403
198.138943357
198.346997885
199.951450111
199.951450111
199.946055679
199.946055679
199.940061865
199.908644819
199.898494243
179.887215825
106.16288425
199.828099109
199.787776678
0.249248484451
0
0
0
0
0
0
0
0
0
0
0
0
0
0
0
0
0
0
0
0
0
0
0
0
0
0
0
0
0
0
0
0
0
0
0
0
0
0
0
0
0
0
0
0
0
0
0
0
0
0
0
0
0
0
0
0
0
0
0
0
0
54.2
81.902
93.7118
104.34062
114.223434323
122.943860771
130.808107895
186.937352458
197.895154754
198.773333125
199.668950769
199.436327096
198.487945233
198.195253406
198.092260203
198.112962541
198.146310636
198.122827267
198.082638392
198.08972086
198.227999449
198.333522889
198.473953226
199.951450111
199.951450111
199.946055679
199.946055679
199.946055679
199.915304611
199.908644819
142.115906962
117.985215825
145.645289198
117.926099109
199.787776678
2.96117879967
0
0
0
0
0
0
0
0
0
0
0
0
0
0
0
0
0
0
0
0
0
0
0
0
0
0
0
0
0
0
0
0
0
0
0
0
0
0
0
0
0
0
0
0
0
0
0
0
0
0
0
0
0
0
0
0
0
0
0
0
54.2
81.902
93.7118
104.34062
114.334516571
122.976206957
155.027231012
196.925736025
198.005116506
199.016726148
199.708884331
199.708884331
199.676538146
199.307959892
198.980259333
198.738460717
198.631920489
198.518960346
198.476870896
198.446554923
198.519695514
198.659118877
198.711304165
199.951450111
199.946055679
199.946055679
199.946055679
199.937833713
199.924440129
140.269686563
106.186694243
95.5465958253
95.5340642504
88.2017047799
77.2930968098
179.787776678
47.6209123031
0
0
0
0
0
0
0
0
0
0
0
0
0
0
0
0
0
0
0
0
0
0
0
0
0
0
0
0
0
0
0
0
0
0
0
0
0
0
0
0
0
0
0
0
0
0
0
0
0
0
0
0
0
0
0
0
0
0
0
38
68.78
93.7118
104.34062
123.02735193
136.121852038
196.434304405
197.65497007
198.485618049
199.514414243
199.737995898
199.708884331
199.708884331
199.676538146
199.593780978
199.352387414
199.166226151
199.074923209
198.969217507
198.936343504
198.952246372
199.04305828
199.043586085
199.951450111
199.946055679
199.946055679
199.946055679
173.115690036
119.262529746
95.5680248185
85.9919362428
77.3713136253
77.3587820504
77.329386998
85.9215411089
121.237132856
199.764196308
150.752556874
0
0
0
0
0
0
0
0
0
0
0
0
0
0
0
0
0
0
0
0
0
0
0
0
0
0
0
0
0
0
0
0
0
0
0
0
0
0
0
0
0
0
0
0
0
0
0
0
0
0
0
0
0
0
0
0
0
0
20
68.78
93.7118
104.474224881
128.442761617
197.15126734
197.974806326
198.462115724
198.978421493
199.737995898
199.737995898
199.708884331
199.708884331
199.708884331
199.676538146
199.676538146
199.572008704
199.412595199
199.307107927
199.237086493
199.317904881
199.36042761
199.357156866
199.951450111
199.946055679
162.68093061
127.600266883
102.117801356
85.9086668493
73.2943385576
68.78672407
62.6606134608
62.6493350433
67.4540442914
76.4596230025
100.97602351
199.787776678
199.708884331
199.600664378
0
0
0
0
0
0
0
0
0
0
0
0
0
0
0
0
0
0
0
0
0
0
0
0
0
0
0
0
0
0
0
0
0
0
0
0
0
0
0
0
0
0
0
0
0
0
0
0
0
0
0
0
0
0
0
0
0
0
68.78
93.7118
105.933323212
199.141737193
198.94986275
198.944583291
199.185177794
199.586573596
199.764196308
199.737995898
199.737995898
199.708884331
199.708884331
199.676538146
199.676538146
199.676538146
199.64059794
199.64059794
199.611087017
199.655397283
199.685716363
199.596455926
110.037429426
101.621280077
91.6705825784
80.6196121469
69.8246753065
62.6774238292
56.3945521147
54.7158647288
51.4483136865
52.3611434585
56.3605915466
62.607408416
85.8717441318
199.80899901
199.764196308
199.676538146
199.556293753
0
0
0
0
0
0
0
0
0
0
0
0
0
0
0
0
0
0
0
0
0
0
0
0
0
0
0
0
0
0
0
0
0
0
0
0
0
0
0
0
0
0
0
0
0
0
0
0
0
0
0
0
0
0
0
0
0
54.2
94.1056629542
171.607278644
199.295191312
199.28801459
199.385196561
199.553958696
199.764196308
199.764196308
199.764196308
199.737995898
199.737995898
199.708884331
199.708884331
199.676538146
199.676538146
199.676538146
199.676538146
199.732464701
199.787776678
199.821737246
199.780033746
69.9204188391
67.0187119932
63.0206175765
58.0657682024
53.432237241
50.0474840433
45.6622297284
45.2790833612
43.6844270595
44.7708135981
45.6282691603
51.6938996732
71.7112584276
199.828099109
199.787776678
199.737995898
199.64059794
199.45221451
0
0
0
0
0
0
0
0
0
0
0
0
0
0
0
0
0
0
0
0
0
0
0
0
0
0
0
0
0
0
0
0
0
0
0
0
0
0
0
0
0
0
0
0
0
0
0
0
0
0
0
0
0
0
0
0
54.2
109.651131454
199.561422459
199.386894513
199.454522351
199.689303255
199.787776678
199.787776678
199.764196308
199.764196308
199.764196308
199.737995898
199.708884331
199.708884331
199.676538146
199.676538146
199.676538146
199.708884331
199.828099109
199.797927253
199.786878459
199.783492267
51.0488707846
49.4997817932
47.5794970552
45.4228419662
42.4312043111
40.7748023539
37.89152179
36.9588980198
36.9588980198
36.9476196024
38.4264179703
43.3646857835
59.1904047981
199.86909919
199.832809002
199.764196308
199.708884331
199.600664378
54.3796887026
0
0
0
0
0
0
0
0
0
0
0
0
0
0
0
0
0
0
0
0
0
0
0
0
0
0
0
0
0
0
0
0
0
0
0
0
0
0
0
0
0
0
0
0
0
0
0
0
0
0
0
0
0
0
0
56.590863272
199.787776678
199.582737971
199.648973088
199.80899901
199.80899901
199.787776678
199.787776678
199.787776678
199.764196308
199.764196308
199.737995898
199.708884331
199.708884331
199.708884331
199.708884331
199.708884331
199.828099109
199.838249685
199.855439774
199.822095644
199.838249786
40.1598535181
39.5636229685
38.4440190621
36.9908377199
35.3899800524
33.2696680106
32.5304709835
31.1003772068
30.3402298299
30.7785894051
32.9914275674
36.3649443107
47.9996593802
199.86909919
199.851909101
199.81158667
199.750527473
199.64059794
199.506993059
0.141393009803
0
0
0
0
0
0
0
0
0
0
0
0
0
0
0
0
0
0
0
0
0
0
0
0
0
0
0
0
0
0
0
0
0
0
0
0
0
0
0
0
0
0
0
0
0
0
0
0
0
0
0
0
0
0
199.556293753
199.80899901
199.685329228
199.828099109
199.828099109
199.828099109
199.80899901
199.80899901
199.787776678
199.787776678
199.764196308
199.764196308
199.737995898
199.737995898
199.737995898
199.80899901
199.838249685
199.838249685
199.855439774
199.866718191
199.864575292
199.874825794
33.7947662117
32.8035035009
32.161355826
31.1729657049
29.7306856429
28.5098818331
27.1695739888
26.5677378639
26.1327605509
26.3840857849
26.9155285962
29.9174213022
38.7556154468
199.898494243
199.86909919
199.832809002
199.788006301
199.721415906
199.600664378
199.391349456
0
0
0
0
0
0
0
0
0
0
0
0
0
0
0
0
0
0
0
0
0
0
0
0
0
0
0
0
0
0
0
0
0
0
0
0
0
0
0
0
0
0
0
0
0
0
0
0
0
0
0
0
0
199.391349456
199.80899901
199.828099109
199.845289198
199.845289198
199.845289198
199.845289198
199.828099109
199.80899901
199.80899901
199.80899901
199.787776678
199.787776678
199.799055095
199.809205671
199.849528102
199.849528102
199.866718191
199.866718191
199.866718191
199.866718191
199.864575292
199.881153415
28.4989115828
28.1072691917
27.1913243364
26.0443965633
25.2713275157
23.7703848368
23.0328218192
22.3251784692
21.8566356436
21.8882474865
22.740811368
24.8384993443
31.2377765256
199.898494243
199.883023163
199.865833073
199.846732974
199.776727883
199.689069721
199.506993059
199.072320463
0
0
0
0
0
0
0
0
0
0
0
0
0
0
0
0
0
0
0
0
0
0
0
0
0
0
0
0
0
0
0
0
0
0
0
0
0
0
0
0
0
0
0
0
0
0
0
0
0
0
0
75.1361390568
199.624244747
199.828099109
199.845289198
199.860760278
199.860760278
199.860760278
199.845289198
199.845289198
199.828099109
199.828099109
199.80899901
199.820277427
199.820277427
199.849528102
199.849528102
199.849528102
199.866718191
199.866718191
199.866718191
199.866718191
199.866718191
199.854424716
199.881153415
23.9536846795
23.2486921426
22.8068513867
22.0196996707
20.9742237498
20.4389353304
19.4242798815
18.8751773253
18.5808526537
18.5567072491
18.9846170204
20.4164594785
24.5032960465
199.898494243
199.883023163
199.883023163
199.883023163
199.846732974
199.790651856
199.600664378
199.391349456
192.36959151
0
0
0
0
0
0
0
0
0
0
0
0
0
0
0
0
0
0
0
0
0
0
0
0
0
0
0
0
0
0
0
0
0
0
0
0
0
0
0
0
0
0
0
0
0
0
0
0
0
3.9111910523
199.506993059
199.828099109
199.845289198
199.860760278
199.87468425
199.87468425
199.887215825
199.887215825
199.87468425
199.845289198
199.857820773
199.86909919
199.86909919
199.866718191
199.866718191
199.866718191
199.866718191
199.866718191
199.866718191
199.866718191
199.866718191
199.875853709
199.854424716
199.857343423
20.1087620901
19.7293927969
19.3250235578
18.7184872852
18.1463274441
17.3378989745
16.8193154322
16.4277675875
16.0537962447
15.8444375631
16.1357415897
16.8271320769
19.0617037189
199.908644819
199.883023163
199.883023163
199.883023163
199.898494243
199.887215825
199.87468425
199.570895859
199.072320463
36.9600358083
0
0
0
0
0
0
0
0
0
0
0
0
0
0
0
0
0
0
0
0
0
0
0
0
0
0
0
0
0
0
0
0
0
0
0
0
0
0
0
0
0
0
0
0
0
0
0
0
198.854716621
199.624244747
199.845289198
199.87468425
199.887215825
199.887215825
199.887215825
199.887215825
199.898494243
199.898494243
199.898494243
199.898494243
199.898494243
199.894720846
199.894720846
199.879249766
199.879249766
199.879249766
199.866718191
199.866718191
199.866718191
199.866718191
199.875853709
199.854424716
199.865565389
17.6610737985
17.2812414882
16.8663251192
16.426906784
15.8985989699
15.2514262219
14.9464565021
14.4414158866
13.9393238612
13.7866680365
13.7885226521
14.1030595973
15.2868046401
29.304157123
199.898494243
199.883023163
199.898494243
199.898494243
199.887215825
199.887215825
199.860760278
199.462352567
198.254407286
0
0
0
0
0
0
0
0
0
0
0
0
0
0
0
0
0
0
0
0
0
0
0
0
0
0
0
0
0
0
0
0
0
0
0
0
0
0
0
0
0
0
0
0
0
0
0
197.043823412
199.506993059
199.828099109
199.887215825
199.898494243
199.898494243
199.904488056
199.904488056
199.904488056
199.914638632
199.914638632
199.914638632
199.908644819
199.908644819
199.908644819
199.908644819
199.908644819
199.894720846
199.894720846
199.879249766
199.867756361
199.866718191
199.875853709
199.875853709
199.854424716
199.865565389
15.908290894
15.5645424564
15.2186131146
14.8002931534
14.3684338849
13.8135667785
13.4696817691
12.8882974194
12.3848693856
12.1729731968
12.0555409903
12.1459878818
12.6899689899
15.1861775053
199.908644819
199.898494243
199.898494243
199.898494243
199.898494243
199.887215825
199.887215825
199.845289198
199.143323574
195.494320091
0
0
0
0
0
0
0
0
0
0
0
0
0
0
0
0
0
0
0
0
0
0
0
0
0
0
0
0
0
0
0
0
0
0
0
0
0
0
0
0
0
0
0
0
0
0
198.854716621
199.755430492
199.887215825
199.898494243
199.904488056
199.914638632
199.914638632
199.914638632
199.914638632
199.914638632
199.914638632
199.914638632
199.914638632
199.914638632
199.908644819
199.908644819
199.908644819
199.908644819
199.908644819
199.894720846
199.903856364
199.903856364
199.903856364
199.864575292
199.854424716
199.865565389
14.7131652247
14.3447658134
14.0814225446
13.6455747821
13.1606924839
12.7142943739
12.158861925
11.6236952614
11.0720808007
10.8001543229
10.4775258953
10.3569614824
10.6949215174
11.7590030722
199.908644819
199.898494243
199.898494243
199.898494243
199.898494243
199.898494243
199.887215825
199.887215825
199.828099109
198.428966558
194.437432211
0
0
0
0
0
0
0
0
0
0
0
0
0
0
0
0
0
0
0
0
0
0
0
0
0
0
0
0
0
0
0
0
0
0
0
0
0
0
0
0
0
0
0
0
195.944888082
199.506993059
199.871744745
199.904488056
199.914638632
199.914638632
199.914638632
199.914638632
199.914638632
199.914638632
199.914638632
199.914638632
199.914638632
199.914638632
199.914638632
199.914638632
199.914638632
199.908644819
199.908644819
199.908644819
199.917780337
199.917780337
199.903856364
199.903856364
199.892577947
199.876555589
199.881036469
13.8586142506
13.4704920142
13.1779640502
12.7707237911
12.2593717309
11.7314197197
11.1234736463
10.5188769544
9.93037649305
9.47907112667
9.05718549863
8.86419188486
8.84786842293
9.27994498665
12.3559255662
199.908644819
199.908644819
199.904488056
199.904488056
199.904488056
199.904488056
199.898494243
199.887215825
199.80899901
197.605496963
0
0
0
0
0
0
0
0
0
0
0
0
0
0
0
0
0
0
0
0
0
0
0
0
0
0
0
0
0
0
0
0
0
0
0
0
0
0
0
0
0
0
0
0
198.727462912
199.787776678
199.904488056
199.914638632
199.914638632
199.914638632
199.914638632
199.914638632
199.914638632
199.914638632
199.914638632
199.914638632
199.914638632
199.914638632
199.914638632
199.914638632
199.914638632
199.914638632
199.908644819
199.908644819
199.917780337
199.917780337
199.917780337
199.905037683
199.892577947
199.889087164
199.875642037
13.3458822459
12.8534815371
12.5307992992
12.0988935551
11.4660542591
10.8956442288
10.2228741826
9.53323713181
8.92809895713
8.38593640022
7.93486548184
7.59060566418
7.32677911986
7.3398239257
7.98566380225
199.914638632
199.914638632
199.914638632
199.914638632
199.914638632
199.914638632
199.904488056
199.904488056
199.887215825
199.787776678
197.043823412
0
0
0
0
0
0
0
0
0
0
0
0
0
0
0
0
0
0
0
0
0
0
0
0
0
0
0
0
0
0
0
0
0
0
0
0
0
0
0
0
0
0
0
199.64059794
199.904488056
199.914638632
199.914638632
199.914638632
199.914638632
199.914638632
199.914638632
199.914638632
199.914638632
199.914638632
199.914638632
199.914638632
199.914638632
199.914638632
199.914638632
199.914638632
199.914638632
199.914638632
199.914638632
199.917780337
199.917780337
199.917780337
199.917780337
199.906501919
199.889087164
199.880070427
13.1908688974
12.5498415967
12.136813803
11.5922106483
10.9327293046
10.2122226755
9.47012837713
8.76757327025
8.08982899164
7.50865555276
7.04433519055
6.63127108781
6.3752741569
6.15030168855
6.15189661999
6.95717253899
199.914638632
199.914638632
199.914638632
199.914638632
199.914638632
199.914638632
199.914638632
199.904488056
199.904488056
199.737995898
125.039369123
0
0
0
0
0
0
0
0
0
0
0
0
0
0
0
0
0
0
0
0
0
0
0
0
0
0
0
0
0
0
0
0
0
0
0
0
0
0
0
0
0
198.06045254
199.852726788
199.914638632
199.930433943
199.930433943
199.92377415
199.92377415
199.92377415
199.92377415
199.914638632
199.914638632
199.914638632
199.914638632
199.914638632
199.914638632
199.914638632
199.914638632
199.914638632
199.914638632
199.914638632
199.914638632
199.914638632
199.917780337
199.917780337
199.917780337
199.906501919
199.90172109
199.888173612
13.5847192097
12.6203824413
12.057801885
11.4038496916
10.5610482784
9.74685256638
8.9322734907
8.14027565429
7.46138954405
6.84437389151
6.34642279579
5.96465904809
5.60203946345
5.26064625449
5.11744578719
5.1281002031
9.89487785052
199.914638632
199.914638632
199.914638632
199.914638632
199.914638632
199.914638632
199.914638632
199.914638632
199.889016976
199.708884331
0
0
0
0
0
0
0
0
0
0
0
0
0
0
0
0
0
0
0
0
0
0
0
0
0
0
0
0
0
0
0
0
0
0
0
0
0
0
0
0
0
199.682531959
199.921298425
199.930433943
199.930433943
199.935828375
199.935828375
199.935042183
199.929168582
199.929168582
199.929168582
199.929168582
199.92377415
199.92377415
199.914638632
199.914638632
199.914638632
199.914638632
199.914638632
199.914638632
199.914638632
199.914638632
199.914638632
199.92377415
199.92377415
199.917780337
199.906501919
199.908405568
199.902097584
15.0523523378
13.4253500995
12.4481427505
11.4001910353
10.4196403401
9.4469245191
8.5603008785
7.73446951198
7.02789418507
6.39518774969
5.90426941735
5.41936119416
5.0019103083
4.62589496226
4.24328215639
4.03634971097
4.05674768343
55.9606335314
199.914638632
199.914638632
199.914638632
199.921298425
199.921298425
199.921298425
199.914638632
199.914638632
199.851283011
199.45221451
0
0
0
0
0
0
0
0
0
0
0
0
0
0
0
0
0
0
0
0
0
0
0
0
0
0
0
0
0
0
0
0
0
0
0
0
0
0
0
195.950881895
199.911147849
199.921298425
199.935828375
199.935828375
199.935828375
199.935828375
199.935828375
199.935828375
199.929168582
199.929168582
199.929168582
199.929168582
199.929168582
199.929168582
199.92377415
199.92377415
199.914638632
199.914638632
199.914638632
199.914638632
199.914638632
199.92377415
199.92377415
199.92377415
199.917780337
199.917780337
199.908405568
199.911233103
19.5621851018
15.6468550297
13.6821999279
11.9474793437
10.5588195701
9.35917458441
8.32126182043
7.43045021801
6.62456920677
6.06213767531
5.49905562833
5.0021040128
4.50846848434
4.03416939161
3.59394103287
3.23375055165
2.99983425563
3.07871091897
50.5914816324
158.633814076
199.921298425
199.930433943
199.930433943
199.930433943
199.930433943
199.930433943
199.921298425
199.851283011
0
0
0
0
0
0
0
0
0
0
0
0
0
0
0
0
0
0
0
0
0
0
0
0
0
0
0
0
0
0
0
0
0
0
0
0
0
0
0
199.840752715
199.921298425
199.943228145
199.935828375
199.935828375
199.935828375
199.935828375
199.935828375
199.935828375
199.935828375
199.929168582
199.929168582
199.929168582
199.929168582
199.929168582
199.929168582
199.929168582
199.929168582
199.92377415
199.92377415
199.92377415
199.929168582
199.929168582
199.929168582
199.929168582
199.929168582
199.923174769
199.928628818
199.908024492
38.5347046772
22.2670661433
16.7568289613
13.2242509639
11.0062706132
9.43151307934
8.23095985499
7.21307660258
6.44616889843
5.77843274731
5.21042372732
4.68419721001
4.14669319676
3.6055041596
3.12335932571
2.73059175531
2.39408729913
2.14708618673
2.76308065184
17.7857201873
33.0088148353
57.2264119579
82.603715743
76.9346016009
54.9858317472
16.362956109
14.2937881288
6.22386193184
96.9156349634
0
0
0
0
0
0
0
0
0
0
0
0
0
0
0
0
0
0
0
0
0
0
0
0
0
0
0
0
0
0
0
0
0
0
0
0
0
0.0126536061882
199.918547619
199.943228145
199.951450111
199.951450111
199.951450111
199.935828375
199.935828375
199.935828375
199.935828375
199.935828375
199.929168582
199.929168582
199.929168582
199.929168582
199.929168582
199.929168582
199.929168582
199.929168582
199.929168582
199.929168582
199.929168582
199.929168582
199.929168582
199.929168582
199.929168582
199.929168582
199.929168582
199.929834562
199.924440129
131.673921817
67.0959670705
25.2325100579
15.5992950558
11.7343887538
9.65276199223
8.21115838474
7.10937798406
6.31088629396
5.63618199661
5.00883382816
4.46527704718
3.91141212127
3.3587292576
2.86845599185
2.42284312326
1.91958211747
1.24292373972
1.3479551521
2.39467075934
4.39616550631
6.17164600276
5.9041625977
3.36752354872
4.38610900976
6.13284102488
10.4184027715
17.6773263503
118.010663633
130.941537938
0
0
0
0
0
0
0
0
0
0
0
0
0
0
0
0
0
0
0
0
0
0
0
0
0
0
0
0
0
0
0
0
0
0
0
0.0126536061882
199.865342574
199.951450111
199.951450111
199.951450111
199.951450111
199.951450111
199.951450111
199.935828375
199.935828375
199.935828375
199.935828375
199.935828375
199.929168582
199.929168582
199.929168582
199.929168582
199.929168582
199.929168582
199.929168582
199.929168582
199.929168582
199.929168582
199.929168582
199.929168582
199.929168582
199.929168582
199.929168582
199.929168582
199.929834562
199.933113708
95.537980157
128.734152658
65.0709178614
19.7519657665
12.7213440531
9.91255102959
8.18554110623
7.04459342059
6.22038402938
5.52458336101
4.92054811541
4.34530046798
3.74287534465
3.193479956
2.66249200081
2.10154103205
1.49201256017
0.797489173489
0.141391904628
0.252630436213
0.295230434942
0.335163997162
0.749571016087
1.08851152406
1.79514897226
3.73838009283
9.37170750549
35.9392632294
199.951450111
179.951450111
0.00599381345757
0
0
0
0
0
0
0
0
0
0
0
0
0
0
0
0
0
0
0
0
0
0
0
0
0
0
0
0
0
0
0
0
0
0
0.0200533758889
199.951450111
199.951450111
199.951450111
199.951450111
199.951450111
199.951450111
199.951450111
199.935828375
199.935828375
199.935828375
199.935828375
199.929168582
199.929168582
199.929168582
199.929168582
199.929168582
199.929168582
199.929168582
199.929168582
199.929168582
199.929168582
199.929168582
199.929168582
199.929168582
199.929168582
199.929168582
199.929168582
199.923174769
199.933939378
199.916901168
35.1946354513
92.3087244324
130.090953868
33.7772690974
15.4720132978
10.8747846511
8.6773749367
7.31329747625
6.30662354693
5.56507867385
4.91904212608
4.32634825815
3.64017748376
3.11579361374
2.57028692289
2.11877346527
1.5668575217
0.751081589179
0.141391904628
0.228273460732
0.288570642211
0.328504204431
0.414671847476
0.971438405324
1.37023519792
2.91248168818
8.43453675494
17.6821813392
33.3106684992
1.36538020902
199.90549418
0
0
0
0
0
0
0
0
0
0
0
0
0
0
0
0
0
0
0
0
0
0
0
0
0
0
0
0
0
0
0
0
0
0
199.951450111
199.951450111
199.9563051
199.9563051
199.9563051
199.9563051
199.94890533
199.940683364
199.934023571
199.934023571
199.934023571
199.934023571
199.928029758
199.929168582
199.929168582
199.929168582
199.929168582
199.929168582
199.929168582
199.929168582
199.929168582
199.934023571
199.934023571
199.934023571
199.934023571
199.934023571
199.934023571
199.934023571
199.936710264
199.913191207
124.926241908
)
;

boundaryField
{
    frontAndBack
    {
        type            empty;
    }
    leftWall
    {
        type            calculated;
        value           uniform 0;
    }
    outlet
    {
        type            calculated;
        value           uniform 0;
    }
    rightWall
    {
        type            calculated;
        value           uniform 0;
    }
    inlet
    {
        type            calculated;
        value           uniform 8958.81998729;
    }
}


// ************************************************************************* //
