/*--------------------------------*- C++ -*----------------------------------*\
| =========                 |                                                 |
| \\      /  F ield         | OpenFOAM: The Open Source CFD Toolbox           |
|  \\    /   O peration     | Version:  v1906                                 |
|   \\  /    A nd           | Web:      www.OpenFOAM.com                      |
|    \\/     M anipulation  |                                                 |
\*---------------------------------------------------------------------------*/
FoamFile
{
    version     2.0;
    format      ascii;
    class       volScalarField;
    location    "860";
    object      alpha;
}
// * * * * * * * * * * * * * * * * * * * * * * * * * * * * * * * * * * * * * //

dimensions      [0 0 -1 0 0 0 0];


internalField   nonuniform List<scalar> 
9216
(
200
200
200
200
200
200
200
200
200
200
200
200
200
200
200
200
200
200
200
200
200
200
200
200
200
200
200
200
200
200
200
200
200
200
200
200
200
200
200
200
200
200
200
200
200
200
200
200
200
200
200
200
200
200
200
200
200
200
200
200
200
200
200
200
200
200
200
200
200
200
200
200
200
200
200
200
200
200
200
200
200
200
200
200
200
184.261331964
164.365471905
139.82018167
112.38548664
88.3568348929
66.8530769107
49.644299513
35.6705500162
22.9621611075
13.0834119411
1.58652666549
200
200
200
200
200
200
200
200
200
200
200
200
200
200
200
200
200
200
200
200
200
200
200
200
200
200
200
200
200
200
200
200
200
200
200
200
200
200
200
200
200
200
200
200
200
200
200
200
200
200
200
200
200
200
200
200
200
200
200
200
200
200
200
200
200
200
200
200
200
200
200
200
200
200
200
200
200
200
200
200
200
200
200
200
200
197.377577654
177.577738453
152.047920528
128.153880147
101.051968325
77.3253103853
61.2731707862
48.1538303934
31.4406973252
20.7356768089
15.4683787016
200
200
200
200
200
200
200
200
200
200
200
200
200
200
200
200
200
200
200
200
200
200
200
200
200
200
200
200
200
200
200
200
200
200
200
200
200
200
200
200
200
200
200
200
200
200
200
200
200
200
200
200
200
200
200
200
200
200
200
200
200
200
200
200
200
200
200
200
200
200
200
200
200
200
200
200
200
200
200
200
200
200
200
200
200
194.091750923
168.422324406
152.050791674
133.056338067
102.802292271
74.6966103447
65.1147496493
47.7365914466
36.7420948961
32.1484164065
21.8799070717
200
200
200
200
200
200
200
200
200
200
200
200
200
200
200
200
200
200
200
200
200
200
200
200
200
200
200
200
200
200
200
200
200
200
200
200
200
200
200
200
200
200
200
200
200
200
200
200
200
200
200
200
200
200
200
200
200
200
200
200
200
200
200
200
200
200
200
200
200
200
200
200
200
200
200
200
200
200
200
200
200
200
200
200
200
187.227234679
165.910891961
150.103474763
125.868767309
107.183537013
86.7197423793
63.0100851686
56.4449646631
47.1365291383
41.0687481136
28.6768946816
200
200
200
200
200
200
200
200
200
200
200
200
200
200
200
200
200
200
200
200
200
200
200
200
200
200
200
200
200
200
200
200
200
200
200
200
200
200
200
200
200
200
200
200
200
200
200
200
200
200
200
200
200
200
200
200
200
200
200
200
200
200
200
200
200
200
200
200
200
200
200
200
200
200
200
200
200
200
200
200
200
200
200
200
199.999999999
178.4012127
157.574586539
143.393459592
132.788430294
108.906008054
93.3106049294
72.6749937744
58.5888035009
57.2671651409
53.6698092488
41.2940194881
200
200
200
200
200
200
200
200
200
200
200
200
200
200
200
200
200
200
200
200
200
200
200
200
200
200
200
200
200
200
200
200
200
200
200
200
200
200
200
200
200
200
200
200
200
200
200
200
200
200
200
200
200
200
200
200
200
200
200
200
200
200
200
200
200
200
200
200
200
200
200
200
200
200
200
200
200
200
200
200
200
200
200
200
198.123227254
175.991267921
162.182581614
143.046809857
122.469173346
103.289311434
99.9582170901
87.410874132
69.7107103525
66.5109659618
65.5991781911
52.7669569316
200
200
200
200
200
200
200
200
200
200
200
200
200
200
200
200
200
200
200
200
200
200
200
200
200
200
200
200
200
200
200
200
200
200
200
200
200
200
200
200
200
200
200
200
200
200
200
200
200
200
200
200
200
200
200
200
200
200
200
200
200
200
200
200
200
200
200
200
200
200
200
200
200
200
200
200
200
200
200
200
200
200
200
200
193.119666308
173.899342797
157.603298254
142.28683809
122.22998373
112.747183335
98.5873568503
96.89372583
87.6570754853
77.2418585793
77.0038103593
63.7302623389
200
200
200
200
200
200
200
200
200
200
200
200
200
200
200
200
200
200
200
200
200
200
200
200
200
200
200
200
200
200
200
200
200
200
200
200
200
200
200
200
200
200
200
200
200
200
200
200
200
200
200
200
200
200
200
200
200
200
200
200
200
200
200
200
200
200
200
200
200
200
200
200
200
200
200
200
200
200
200
200
200
200
200
200
188.810410781
172.219796034
153.2274003
138.181164816
125.579784718
118.355166993
109.391013856
99.7372601547
100.018619478
87.1187695125
87.7375384124
74.5181568263
200
200
200
200
200
200
200
200
200
200
200
200
200
200
200
200
200
200
200
200
200
200
200
200
200
200
200
200
200
200
200
200
200
200
200
200
200
200
200
200
200
200
200
200
200
200
200
200
200
200
200
200
200
200
200
200
200
200
200
200
200
200
200
200
200
200
200
200
200
200
200
200
200
200
200
200
200
200
200
200
200
200
200
200
187.848411953
172.335843844
156.324897144
139.639340232
127.967185034
115.533150754
116.935131832
110.941789662
104.71961725
100.257325985
96.7332607134
84.2048753184
200
200
200
200
200
200
200
200
200
200
200
200
200
200
200
200
200
200
200
200
200
200
200
200
200
200
200
200
200
200
200
200
200
200
200
200
200
200
200
200
200
200
200
200
200
200
200
200
200
200
200
200
200
200
200
200
200
200
200
200
200
200
200
200
200
200
190.59200623
143.423981218
59.2997905064
22.819976246
16.6816441336
23.9430999347
55.236538737
123.191953805
162.784630539
185.015473029
196.138469221
199.681702126
199.901678375
199.021450048
199.824140961
200
199.998809104
199.999999955
186.313144869
171.472482657
155.62139882
142.370294003
131.834410472
124.136561647
117.520129591
118.289803576
113.704781146
111.549177622
105.2794229
94.2481672032
200
200
200
200
200
200
200
200
200
200
200
200
200
200
200
200
200
200
200
200
200
200
200
200
200
200
200
200
200
200
200
200
200
200
200
200
200
200
200
200
200
200
200
200
200
200
200
200
200
200
200
200
200
200
200
200
200
200
200
200
200
200
36.4163664811
0.951355728743
0.0672242289821
0.00993638160433
0.002056935192
0.000508976839665
0.000166314298649
8.86965557327e-05
9.31192138183e-05
0.000169080910597
0.000423572028384
0.00134642355266
0.00537012079242
0.0267658535199
0.174109922891
1.59139475612
22.3102828427
162.080420634
196.501372655
199.884013664
199.262025793
199.094377406
184.653101251
167.718624636
154.800119141
144.955456369
139.047482142
132.078212516
126.797707415
119.709386008
121.370585464
123.489379276
113.809256612
102.149397054
200
200
200
200
200
200
200
200
200
200
200
200
200
200
200
200
200
200
200
200
200
200
200
200
200
200
200
200
200
200
200
200
200
200
200
200
200
200
200
200
200
200
200
200
200
200
200
200
200
200
200
200
200
200
200
200
200
200
200
200
0.540050155035
0.00119556929443
1.3851522223e-05
7.65245095905e-07
9.36223185679e-08
1.64740997657e-08
3.64263366689e-09
1.1170420064e-09
6.06509539407e-10
6.32909007915e-10
1.06721977428e-09
2.41632187874e-09
6.8009729954e-09
2.32832099003e-08
9.69475515451e-08
4.96143986079e-07
3.31731141622e-06
3.09857558178e-05
0.000433470639478
0.00843677381442
0.240822743921
10.8510528398
164.479326763
195.397080475
181.771225524
167.421396212
158.016818568
149.96118727
142.341175118
137.256012329
132.500681145
128.898477111
124.259971261
129.36534874
121.458374663
108.347543893
200
200
200
200
200
200
200
200
200
200
200
200
200
200
200
200
200
200
200
200
200
200
200
200
200
200
200
200
200
200
200
200
200
200
200
200
200
200
200
200
200
200
200
200
200
200
200
200
200
200
200
200
200
200
200
200
200
200
0.0540376458146
6.2668464071e-05
4.15523954059e-08
6.48764898613e-11
3.80773023895e-12
6.26453029655e-13
1.51580373387e-13
4.46000473664e-14
1.77485499082e-14
1.21437020568e-14
1.4246912385e-14
2.4256254912e-14
5.245355272e-14
1.3686150935e-13
4.23402991511e-13
1.53749602268e-12
6.53204555525e-12
3.41428126769e-11
2.29178896576e-10
2.07997623846e-09
2.58756030676e-08
4.40508808393e-07
1.06300501832e-05
0.000407964090553
0.0218673952243
1.58152852154
98.6817640994
165.839158983
161.730228715
153.295816094
145.983759417
141.181874094
136.546438693
133.124111999
130.994271927
133.156452103
127.887342201
113.842382197
200
200
200
200
200
200
200
200
200
200
200
200
200
200
200
200
200
200
200
200
200
200
200
200
200
200
200
200
200
200
200
200
200
200
200
200
200
200
200
200
200
200
200
200
200
200
200
200
200
200
200
200
200
200
200
200
0.594660291748
3.52176410012e-05
1.30045506598e-09
3.34694987498e-14
6.84038230088e-16
5.95630838866e-17
1.19513176611e-17
3.5236306954e-18
1.2848438964e-18
7.06574767748e-19
6.38775944472e-19
8.60629705239e-19
1.50935620347e-18
3.19417583378e-18
7.83932552022e-18
2.21099515492e-17
7.18597381387e-17
2.75058872272e-16
1.2666518946e-15
7.21443117526e-15
5.23562638158e-14
4.89710107027e-13
5.56390900331e-12
7.9162769867e-11
1.5739221646e-09
4.48431002761e-08
1.81577346603e-06
9.51702752102e-05
0.00601940993235
0.553794929592
96.6724395774
152.854370118
148.882478626
146.296054528
140.760325226
137.801305575
135.135424919
133.211231425
135.609930047
118.514296973
200
200
200
200
200
200
200
200
200
200
200
200
200
200
200
200
200
200
200
200
200
200
200
200
200
200
200
200
200
200
200
200
200
200
200
200
200
200
200
200
200
200
200
200
200
200
200
200
200
200
200
200
200
200
200
0.000302418171423
9.67975930957e-09
1.3052147908e-15
2.60035643497e-19
2.09575848812e-20
3.75559963443e-21
9.84953450225e-22
3.52518024447e-22
1.6764013795e-22
1.20728861704e-22
1.3022577728e-22
1.8606879688e-22
3.19831352231e-22
6.37505560821e-22
1.46944875856e-21
3.8503323203e-21
1.15501043319e-20
3.99538665656e-20
1.61981731528e-19
7.78993924516e-19
4.55403931553e-18
3.13110797643e-17
2.62711073552e-16
2.75209296123e-15
3.78805921999e-14
6.96168773767e-13
1.54615038181e-11
4.57626037993e-10
1.8038386817e-08
7.584942623e-07
5.90389476922e-05
0.00739113059956
2.49046289084
138.116816037
150.172834362
144.891300534
141.617757809
138.295876263
136.469034487
140.705792516
122.422691921
200
200
200
200
200
200
200
200
200
200
200
200
200
200
200
200
200
200
200
200
200
200
200
200
200
200
200
200
200
200
200
200
200
200
200
200
200
200
200
200
200
200
200
200
200
200
200
200
200
200
200
200
200
200
9.03401053186e-06
9.72170317035e-16
2.78551873852e-21
2.43744524668e-23
3.19594534771e-24
7.66536722937e-25
2.62050842368e-25
1.1507256165e-25
6.61238693121e-26
5.550857171e-26
6.50705800037e-26
9.57760102803e-26
1.65366690781e-25
3.26271206841e-25
7.19994274748e-25
1.80934821072e-24
5.13001029326e-24
1.6499058292e-23
6.03053158644e-23
2.49364441494e-22
1.19422747125e-21
6.71939223002e-21
4.44743722027e-20
3.50385800887e-19
3.37199956748e-18
3.9522534554e-17
5.79611978754e-16
1.11772967743e-14
2.89189074155e-13
8.64726847384e-12
2.76804530744e-10
1.4219198482e-08
1.3030301999e-06
0.000302440116481
0.154453381216
108.463221581
146.780243757
144.096724446
141.874211908
138.89256937
141.676063672
125.212355301
200
200
200
200
200
200
200
200
200
200
200
200
200
200
200
200
200
200
200
200
200
200
200
200
200
200
200
200
200
200
200
200
200
200
200
200
200
200
200
200
200
200
200
200
200
200
200
200
200
200
200
200
200
1.30404689523e-06
5.10055254234e-22
2.19429286331e-25
1.11346527711e-26
2.02696311078e-27
5.6792448446e-28
2.19089045029e-28
1.08495010051e-28
6.81123120857e-29
5.97371500287e-29
7.04617134706e-29
1.0291373395e-28
1.74132056235e-28
3.3178811142e-28
7.14622525747e-28
1.73237637278e-27
4.63359647121e-27
1.40432692884e-26
4.82847872971e-26
1.85852250843e-25
7.95996796677e-25
3.86878369418e-24
2.15239151974e-23
1.34095966135e-22
9.60407544448e-22
8.28453841334e-21
8.56658808667e-20
1.08140105928e-18
1.68125740071e-17
3.3278175136e-16
7.30845643931e-15
2.10694751592e-13
8.34852637602e-12
5.67895311278e-10
7.75801650699e-08
1.90419647296e-05
0.0158995426931
59.305018459
145.150145383
143.669868581
140.701593918
141.806610888
126.765873327
200
200
200
200
200
200
200
200
200
200
200
200
200
200
200
200
200
200
200
200
200
200
200
200
200
200
200
200
200
200
200
200
200
200
200
200
200
200
200
200
200
200
200
200
200
200
200
200
200
200
200
200
3.44144696859e-07
3.19076225431e-26
2.18983363488e-28
2.22222656001e-29
4.61695453349e-30
1.34143907348e-30
5.14781435902e-31
2.40341423222e-31
1.46611365117e-31
1.20591575276e-31
1.3484884318e-31
1.92083178489e-31
3.44758876313e-31
6.67970559685e-31
1.43549022253e-30
3.36682131989e-30
8.83918274684e-30
2.58956804141e-29
8.37670429011e-29
2.94027581908e-28
1.14738965168e-27
4.87574021618e-27
2.36745542762e-26
1.27143397464e-25
7.53988988483e-25
5.08695208382e-24
3.98168031138e-23
3.52049303424e-22
3.70750372807e-21
4.84308357112e-20
7.10118230331e-19
1.24982197134e-17
2.71735353373e-16
8.73463155751e-15
5.31798867781e-13
4.26356663803e-11
6.91196320183e-09
3.04088566537e-06
0.00424990843621
39.8731925715
143.220302299
142.225954087
140.62692619
127.60635046
200
200
200
200
200
200
200
200
200
200
200
200
200
200
200
200
200
200
200
200
200
200
200
200
200
200
200
200
200
200
200
200
200
200
200
200
200
200
200
200
200
200
200
200
200
200
200
200
200
200
200
1.28455406306e-07
4.13321484069e-29
9.65149193363e-31
2.29947257802e-32
0
0
0
0
0
0
0
0
0
4.89916758957e-34
1.61238036663e-33
8.17633674707e-33
2.43773965444e-32
8.25549311527e-32
2.79408598251e-31
9.79093793005e-31
3.5682117255e-30
1.40353142577e-29
5.9555604805e-29
2.70232903465e-28
1.35051245162e-27
7.45877830003e-27
4.71985804857e-26
3.27617175479e-25
2.56170844435e-24
2.35631512958e-23
2.30871615513e-22
2.66591535261e-21
3.90458857588e-20
7.20873015485e-19
1.81268546711e-17
7.96285940341e-16
4.93615625583e-14
6.17826251127e-12
1.42593678068e-09
9.18278406462e-07
0.00270772794587
76.0491802153
142.608708328
139.548158152
128.338669458
200
200
200
200
200
200
200
200
200
200
200
200
200
200
200
200
200
200
200
200
200
200
200
200
200
200
200
200
200
200
200
200
200
200
200
200
200
200
200
200
200
200
200
200
200
200
200
200
200
200
5.56942787499e-08
4.84958232581e-31
0
0
0
0
0
0
0
0
0
0
0
0
0
0
0
3.7005549198e-34
1.01662540316e-33
4.51590273602e-33
1.9031777697e-32
7.7399418476e-32
3.19456978042e-31
1.32495394399e-30
5.63301929791e-30
2.67394831148e-29
1.32534456604e-28
7.26818691257e-28
4.46300188519e-27
3.18280150499e-26
2.3028532671e-25
1.88798134048e-24
1.83120335431e-23
2.14742794574e-22
3.22264616595e-21
7.51345978455e-20
2.22710734355e-18
9.32260524768e-17
8.12740796102e-15
1.42573463368e-12
4.72815685627e-10
5.80179099318e-07
0.00640189132159
117.133521171
139.839916889
128.746330645
200
200
200
200
200
200
200
200
200
200
200
200
200
200
200
200
200
200
200
200
200
200
200
200
200
200
200
200
200
200
200
200
200
200
200
200
200
200
200
200
200
200
200
200
200
200
200
200
200
4.0341287562e-08
5.20222848738e-36
0
0
0
0
0
0
0
0
0
0
0
0
0
0
0
0
0
0
3.56665008357e-35
5.75065815712e-34
1.62798343485e-33
7.28999870725e-33
4.0155231449e-32
1.60628643824e-31
8.16042985406e-31
3.70469302849e-30
1.94022082293e-29
9.89626727123e-29
5.85783085314e-28
3.63018177879e-27
2.66462308039e-26
2.14342706823e-25
2.05767089809e-24
2.52280079616e-23
4.41090209327e-22
9.83738123029e-21
3.27812319922e-19
1.87833234592e-17
1.94732254494e-15
4.83361787497e-13
2.85311725975e-10
1.14302680865e-06
0.058038228661
135.164317091
128.938019075
200
200
200
200
200
200
200
200
200
200
200
200
200
200
200
200
200
200
200
200
200
200
200
200
200
200
200
200
200
200
200
200
200
200
200
200
200
200
200
200
200
200
200
200
200
200
200
200
9.37230452886e-08
0
0
0
0
0
0
0
0
0
0
0
0
0
0
0
0
0
0
0
0
0
0
0
3.57388649013e-34
1.05213540478e-33
5.63136722376e-33
2.80536512005e-32
1.15965158625e-31
6.18770601049e-31
2.95996360112e-30
1.58454049001e-29
8.45732529979e-29
5.63398175411e-28
3.95601939678e-27
3.28240395467e-26
3.22458772871e-25
4.42158831312e-24
7.32826840101e-23
1.91851897761e-21
6.96157894738e-20
4.80140341208e-18
6.79724498441e-16
2.65590042323e-13
4.38066311585e-10
7.07406362592e-06
10.6629504757
126.883339596
200
200
200
200
200
200
200
200
200
200
200
200
200
200
200
200
200
200
200
200
200
200
200
200
200
200
200
200
200
200
200
200
200
200
200
200
200
200
200
200
200
200
200
200
200
200
200
3.57465320911e-07
0
0
0
0
0
0
0
0
0
0
0
0
0
0
0
0
0
0
0
0
0
0
0
0
0
0
2.75648515778e-34
1.04389302369e-33
4.991896449e-33
2.54782994492e-32
1.17804675473e-31
6.51773600409e-31
3.23118166256e-30
1.85568141018e-29
1.19142988271e-28
8.06337236299e-28
6.6595772947e-27
7.38446827537e-26
8.96445244864e-25
1.56741298604e-23
4.19621395627e-22
2.01138140349e-20
1.78477794976e-18
3.62336572948e-16
3.43900278656e-13
1.99303642588e-09
0.00040901313073
119.745400625
200
200
200
200
200
200
200
200
200
200
200
200
200
200
200
200
200
200
200
200
200
200
200
200
200
200
200
200
200
200
200
200
200
200
200
200
200
200
200
200
200
200
200
200
200
200
6.05813827294e-06
0
0
0
0
0
0
0
0
0
0
0
0
0
0
0
0
0
0
0
0
0
0
0
0
0
0
0
0
0
2.6275068503e-34
1.17044281813e-33
6.17718626878e-33
3.29397628859e-32
1.6055761901e-31
9.64641162886e-31
5.24677682027e-30
3.31212001873e-29
2.23766527397e-28
1.7609131625e-27
1.95506762671e-26
2.41799243042e-25
4.84007968982e-24
1.49272309201e-22
8.24644869304e-21
1.00937097e-18
4.04922034389e-16
1.26903884064e-12
5.29835903626e-08
51.4580431717
200
200
200
200
200
200
200
200
200
200
200
200
200
200
200
200
200
200
200
200
200
200
200
200
200
200
200
200
200
200
200
200
200
200
200
200
200
200
200
200
200
200
200
200
200
200
0
0
0
0
0
0
0
0
0
0
0
0
0
0
0
0
0
0
0
0
0
0
0
0
0
0
0
0
0
0
0
0
3.43690613961e-34
1.61507717115e-33
8.96562242499e-33
5.08571679376e-32
2.97534454032e-31
1.68714951239e-30
1.13607362714e-29
7.5898049735e-29
6.50347867588e-28
6.3499660163e-27
9.4719358217e-26
1.9917432622e-24
6.98044383291e-23
4.87758288438e-21
1.04147245205e-18
1.09990159214e-15
1.93802943874e-11
0.000586801986538
200
200
200
200
200
200
200
200
200
200
200
200
200
200
200
200
200
200
200
200
200
200
200
200
200
200
200
200
200
200
200
200
200
200
200
200
200
200
200
200
200
200
200
200
200
0
0
0
0
0
0
0
0
0
0
0
0
0
0
0
0
0
0
0
0
0
0
0
0
0
0
0
0
0
0
0
0
0
0
0
5.53190290264e-34
2.84936457828e-33
2.22162969834e-32
1.15531654906e-31
7.31240638967e-31
4.9928920351e-30
3.12175157208e-29
2.61509324309e-28
2.96464960449e-27
4.61488178404e-26
1.0287176655e-24
4.24891110146e-23
4.70091677087e-21
2.21712929637e-18
1.19867003255e-14
2.7883928553e-08
200
200
200
200
200
200
200
200
200
200
200
200
200
200
200
200
200
200
200
200
200
200
200
200
200
200
200
200
200
200
200
200
200
200
200
200
200
200
200
200
200
200
200
200
200
0
0
0
0
0
0
0
0
0
0
0
0
0
0
0
0
0
0
0
0
0
0
0
0
0
0
0
0
0
0
0
0
0
0
0
0
1.67949458689e-34
1.23737749082e-33
9.07231283689e-33
5.51585173282e-32
3.71833103762e-31
2.46125866614e-30
1.70905699557e-29
1.43027859954e-28
1.5602638747e-27
2.56050121454e-26
6.35541929624e-25
3.93746504186e-23
8.52140822248e-21
1.58568378967e-17
4.90632481495e-12
200
200
200
200
200
200
200
200
200
200
200
200
200
200
200
200
200
200
200
200
200
200
200
200
200
200
200
200
200
200
200
200
200
200
200
200
200
200
200
200
200
200
200
200
200
0
0
0
0
0
0
0
0
0
0
0
0
0
0
0
0
0
0
0
0
0
0
0
0
0
0
0
0
0
0
0
0
0
0
0
0
0
0
5.86404470149e-34
4.92881839041e-33
2.96335547261e-32
2.21676882599e-31
1.39008437449e-30
9.07832353466e-30
7.54203148783e-29
9.6116629796e-28
1.67535919188e-26
5.98343693896e-25
6.12277234031e-23
4.66554145647e-20
1.55377650822e-15
200
200
200
200
200
200
200
200
200
200
200
200
200
200
200
200
200
200
200
200
200
200
200
200
200
200
200
200
200
200
200
200
200
200
200
200
200
200
200
200
200
200
200
200
0
0
0
0
0
0
0
0
0
0
0
0
0
0
0
0
0
0
0
0
0
0
0
0
0
0
0
0
0
0
0
0
0
0
0
0
0
0
0
0
2.63460312924e-34
3.07591205874e-33
2.13910936433e-32
1.50901465032e-31
9.27469441128e-31
7.43715948933e-30
5.79336616803e-29
7.82681631137e-28
1.8236120498e-26
8.65892869141e-25
2.48814109017e-22
1.54396188509e-18
200
200
200
200
200
200
200
200
200
200
200
200
200
200
200
200
200
200
200
200
200
200
200
200
200
200
200
200
200
200
200
200
200
200
200
200
200
200
200
200
200
200
200
200
0
0
0
0
0
0
0
0
0
0
0
2.48470916344e-34
1.2431398605e-33
1.91696211973e-33
3.28915613572e-33
0
0
0
0
0
0
0
0
0
0
0
0
0
0
0
0
0
0
0
0
0
0
0
0
0
0
1.11614330758e-34
2.11858734966e-33
1.89604802055e-32
1.2591869415e-31
8.36030949299e-31
6.50296268243e-30
6.26917779114e-29
9.15352200836e-28
2.49870453517e-26
2.84586406627e-24
4.03156455612e-21
200
200
200
3.15673523961e-37
0
0
0
0
0
0
0
0
0
0
0
0
0
0
0
0
0
0
0
3.94530151214e-32
5.72410733625e-30
200
200
200
200
200
200
200
200
200
200
200
200
200
200
200
200
200
200
200
0
0
0
0
0
0
0
0
0
8.62071747767e-34
1.42949239882e-32
8.81429738565e-32
6.30547094068e-31
4.15173229996e-30
7.88856264181e-30
1.10577019545e-29
2.97376375888e-31
2.01932919777e-32
0
0
0
0
0
0
0
0
0
0
0
0
0
0
0
0
0
0
0
0
0
0
0
0
1.96986363327e-35
1.78033985027e-33
1.42460481985e-32
1.00598409932e-31
8.08714326954e-31
6.52001967423e-30
6.35005747035e-29
1.29163882342e-27
6.82799445039e-26
2.70102532002e-23
3.93008224456e-38
2.06846433924e-38
0
0
0
0
0
0
0
0
0
0
0
0
0
0
0
0
0
0
0
0
0
0
0
0
0
0
0
0
2.26556074025e-31
3.10225330874e-29
200
200
200
200
200
200
200
200
200
200
200
0
0
0
0
0
0
0
0
2.15360537352e-34
1.85988041286e-32
9.41183217424e-31
8.26034223804e-29
200
200
200
200
200
200
200
200
200
200
200
199.999364321
0
0
0
0
0
0
0
0
0
0
0
0
0
0
0
0
0
0
0
0
7.74091118412e-37
2.06874831019e-33
1.63678119157e-32
1.45552930425e-31
1.10158643902e-30
9.2606753917e-30
1.19998857998e-28
3.23559847042e-27
4.44047321447e-25
0
0
0
0
0
0
0
0
0
0
0
0
0
0
0
0
0
0
0
0
0
0
0
0
0
0
0
0
0
0
0
0
0
0
0
3.10911695188e-31
1.52203873969e-29
200
200
200
200
200
200
0
0
0
0
0
0
0
2.32760010216e-33
5.42530280324e-31
4.14032862163e-28
200
200
200
200
200
200
200
200
200
200
200
200
200
200
199.99963994
0
0
0
0
0
0
0
0
0
0
0
0
0
0
0
0
0
0
0
0
7.45804554854e-35
2.97224296703e-33
2.61990700139e-32
1.86352844322e-31
1.75213047763e-30
1.73850487487e-29
2.77058776718e-28
1.68727858476e-26
0
0
0
0
0
0
0
0
0
0
0
0
0
0
0
0
0
0
0
0
0
0
0
0
0
0
0
0
0
0
0
0
0
0
0
0
0
0
2.55768021867e-33
2.26601799003e-31
2.84311782957e-30
6.60489788925e-30
1.4886324916e-31
0
0
0
0
0
0
2.36441685482e-32
1.51145253746e-29
200
200
200
200
200
200
200
200
200
200
200
200
200
200
200
200
200
199.999624347
0
0
0
0
0
0
0
0
0
0
0
0
0
0
0
0
0
0
0
0
2.33931141709e-34
5.78553522363e-33
4.01474068293e-32
3.26972681737e-31
2.91143335804e-30
3.99837189182e-29
1.16993300982e-27
0
0
0
0
0
0
0
0
0
0
0
0
0
0
0
0
0
0
0
0
0
0
0
0
0
0
0
0
0
0
0
0
0
0
0
0
0
0
0
0
0
0
1.7143992505e-32
0
0
3.04556048111e-36
5.2292141916e-36
3.26563276592e-34
1.88790062622e-31
9.34283211226e-28
200
200
200
200
200
200
200
200
200
200
200
200
200
200
200
200
200
200
200
199.999529176
0
0
0
0
0
0
0
0
0
0
0
0
0
0
0
0
0
0
0
0
6.90115070137e-34
1.07137271888e-32
8.98362119432e-32
7.89591845976e-31
8.51665693729e-30
1.37817864237e-28
0
0
0
0
0
0
0
0
0
0
0
0
0
0
0
0
0
0
0
0
0
0
0
0
0
0
0
0
0
0
0
0
0
0
0
0
0
0
0
0
0
0
0
0
3.87190320537e-36
2.53059961193e-35
1.97591647808e-33
3.84079055356e-31
1.42113885765e-25
200
200
200
200
200
200
200
200
200
200
200
200
200
200
200
200
200
200
200
200
200
199.999418736
0
0
0
0
0
0
0
0
0
0
0
0
0
0
0
0
0
0
0
0
2.30519243714e-33
2.13602568512e-32
2.45377851442e-31
2.4169428993e-30
2.67304510408e-29
0
0
0
0
0
0
0
0
0
0
0
0
0
0
0
0
0
0
0
0
0
0
0
0
0
0
0
0
0
0
0
0
0
0
0
0
0
0
0
0
0
0
0
0
0
1.32411498724e-33
1.48766494442e-31
200
200
200
200
200
200
200
200
200
200
200
200
200
200
200
200
200
200
200
200
200
200
200
200
199.999114061
0
0
0
0
0
0
0
0
0
0
0
0
0
0
0
0
0
0
0
3.32512871655e-34
7.68314218471e-33
6.39561368365e-32
7.18661904992e-31
7.23997688463e-30
0
0
0
0
0
0
0
0
0
0
0
0
0
0
0
0
0
0
0
0
0
0
0
0
0
0
0
0
0
0
0
0
0
0
0
0
0
0
0
0
0
0
0
0
0
0
1.37894299726e-29
200
200
200
200
200
200
200
200
200
200
200
200
200
200
200
200
200
200
200
200
200
200
200
200
200
193.819369123
0
0
0
0
0
0
0
0
0
0
0
0
0
0
0
0
0
0
0
2.08957895971e-33
2.46891087398e-32
2.72673362465e-31
2.43846735903e-30
0
0
0
0
0
0
0
0
0
0
0
0
0
0
0
0
0
0
0
0
0
0
0
0
0
0
0
0
0
0
0
0
0
0
0
0
0
0
0
0
0
0
0
0
0
0
0
0
2.88127892083e-37
200
200
200
200
200
200
200
200
200
200
200
200
200
200
200
200
200
200
200
200
200
200
200
200
0
0
0
0
0
0
0
0
0
0
0
0
0
0
0
0
0
0
0
5.75441000456e-34
1.06475722974e-32
1.18724901759e-31
9.96630424051e-31
0
0
0
0
0
0
0
0
0
0
0
0
0
0
0
0
0
0
0
0
0
0
0
0
0
0
0
0
0
0
0
0
0
0
0
0
0
0
0
0
0
0
0
0
0
0
0
0
0
2.59315102875e-37
3.47213204135e-36
1.99581299494e-30
200
200
200
200
200
200
200
200
200
200
200
200
200
200
200
200
200
200
200
200
200
195.332438829
0
0
0
0
0
0
0
0
0
0
0
0
0
0
0
0
0
0
1.43519410551e-34
5.21205571524e-33
5.84397222297e-32
4.80317781696e-31
0
0
0
0
0
0
0
0
0
0
0
0
0
0
0
0
0
0
0
0
0
0
0
0
0
0
0
0
0
0
0
0
0
0
0
0
0
0
0
0
0
0
0
0
0
0
0
0
0
0
2.33383592587e-37
1.31101392319e-36
1.61222955997e-35
7.35266881132e-30
200
200
200
200
200
200
200
200
200
200
200
200
200
200
200
200
200
200
200
200
0
0
0
0
0
0
0
0
0
0
0
0
0
0
0
0
0
0
0
2.37694471083e-33
2.93130397906e-32
2.65151920918e-31
0
0
0
0
0
0
0
0
0
0
0
0
0
0
0
0
0
0
0
0
0
0
0
0
0
0
0
0
0
0
0
0
0
0
0
0
0
0
0
0
0
0
0
0
0
0
0
0
0
0
0
4.43428825916e-37
9.90871820874e-37
1.38477298269e-35
3.97443744723e-35
1.50956027278e-28
200
200
200
200
200
200
200
200
200
200
200
200
200
200
200
200
200
200
147.24377215
0
0
0
0
0
0
0
0
0
0
0
0
0
0
0
0
0
0
1.16693873389e-33
1.60223653646e-32
1.63606145283e-31
0
0
0
0
0
0
0
0
0
0
0
0
0
0
0
0
0
0
0
0
0
0
0
0
0
0
0
0
0
0
0
0
0
0
0
0
0
0
0
0
0
0
0
0
0
0
0
0
0
0
0
0
3.99085943324e-37
8.91784638787e-37
1.22928202052e-35
2.70832250158e-35
3.0246931362e-30
200
200
200
200
200
200
200
200
200
200
200
200
200
200
200
200
200
200
0
0
0
0
0
0
0
0
0
0
0
0
0
0
0
0
0
0
7.1350884671e-34
1.20589911283e-32
1.10593494826e-31
0
0
0
0
0
0
0
0
0
0
0
0
0
0
0
0
0
0
0
0
0
0
0
0
0
0
0
0
0
0
0
0
0
0
0
0
0
0
0
0
0
0
0
0
0
0
0
0
0
0
0
0
0
5.69222582321e-37
1.94717348228e-36
9.43613889389e-36
1.46396390983e-35
2.94135736436e-31
200
200
200
200
200
200
200
200
200
200
200
200
200
200
200
200
200
0
0
0
0
0
0
0
0
0
0
0
0
0
0
0
0
0
0
4.22886349059e-34
9.68800777614e-33
8.2534111793e-32
0
0
0
0
0
0
0
0
0
0
0
0
0
0
0
0
0
0
0
0
0
0
0
0
0
0
0
0
0
0
0
0
0
0
0
0
0
0
0
0
0
0
0
0
0
0
0
0
0
0
0
0
0
1.70136638996e-37
3.59177348992e-37
2.97920431379e-36
7.93518639239e-36
1.31094207692e-35
1.27429664816e-35
200
200
200
200
200
200
200
200
200
200
200
200
200
200
200
200
0
0
0
0
0
0
0
0
0
0
0
0
0
0
0
0
0
0
3.4978388782e-34
7.81380300581e-33
6.78349260624e-32
0
0
0
0
0
0
0
0
0
0
0
0
0
0
0
0
0
0
0
0
0
0
0
0
0
0
0
0
0
0
0
0
0
0
0
0
0
0
0
0
0
0
0
0
0
0
0
0
0
0
0
0
0
1.70136638996e-37
3.23259614093e-37
3.23259614093e-37
3.14587705081e-36
7.64374272117e-36
1.15255796612e-35
1.09868043663e-35
200
200
200
200
200
200
200
200
200
200
200
200
200
200
200
0
0
0
0
0
0
0
0
0
0
0
0
0
0
0
0
0
0
3.22494694003e-34
7.65227893231e-33
6.28989644059e-32
0
0
0
0
0
0
0
0
0
0
0
0
0
0
0
0
0
0
0
0
0
0
0
0
0
0
0
0
0
0
0
0
0
0
0
0
0
0
0
0
0
0
0
0
0
0
0
0
0
0
0
0
0
0
3.23259614093e-37
3.23259614093e-37
3.23259614093e-37
3.81521465746e-36
8.77727183538e-36
9.4692404404e-36
4.84475130594e-32
200
200
200
200
200
200
200
200
200
200
200
200
200
200
0
0
0
0
0
0
0
0
0
0
0
0
0
0
0
0
0
0
3.30114759386e-34
7.57399307393e-33
6.43968280536e-32
0
0
0
0
0
0
0
0
0
0
0
0
0
0
0
0
0
0
0
0
0
0
0
0
0
0
0
0
0
0
0
0
0
0
0
0
0
0
0
0
0
0
0
0
0
0
0
0
0
0
0
0
0
0
0
3.23259614093e-37
3.23259614093e-37
3.23259614093e-37
4.55892310929e-36
6.85413441614e-36
6.62413116815e-36
1.03506188976e-30
200
200
200
200
200
200
200
200
200
200
200
200
200
0
0
0
0
0
0
0
0
0
0
0
0
0
0
0
0
0
0
4.58895871468e-34
7.92070595755e-33
7.10521378969e-32
0
0
0
0
0
0
0
0
0
0
0
0
0
0
0
0
0
0
0
0
0
0
0
0
0
0
0
0
0
0
0
0
0
0
0
0
0
0
0
0
0
0
0
0
0
0
0
0
0
0
0
0
0
0
0
0
0
1.70136638996e-37
5.12300324089e-37
4.32439746977e-36
5.70540793587e-36
4.10683053962e-36
200
200
200
200
200
200
200
200
200
200
200
200
200
0
0
0
0
0
0
0
0
0
0
0
0
0
0
0
0
0
0
6.3008214194e-34
1.07267301644e-32
8.37161563779e-32
0
0
0
0
0
0
0
0
0
0
0
0
0
0
0
0
0
0
0
0
0
0
0
0
0
0
0
0
0
0
0
0
0
0
0
0
0
0
0
0
0
0
0
0
0
0
0
0
0
0
0
0
0
0
0
0
0
0
8.91784638787e-37
1.17991253087e-36
1.06192127778e-36
2.1458321641e-36
2.75896736686e-34
200
200
200
200
200
200
200
200
200
200
200
200
0
0
0
0
0
0
0
0
0
0
0
0
0
0
0
0
0
0
9.26654935278e-34
1.38450357953e-32
1.04985828046e-31
0
0
0
0
0
0
0
0
0
0
0
0
0
0
0
0
0
0
0
0
0
0
0
0
0
0
0
0
0
0
0
0
0
0
0
0
0
0
0
0
0
0
0
0
0
0
0
0
0
0
0
0
0
0
0
0
0
0
2.33383592587e-37
9.90871820874e-37
1.50005463318e-36
1.17991253087e-36
5.87595607646e-35
200
200
200
200
200
200
200
200
200
200
200
200
0
0
0
0
0
0
0
0
0
0
0
0
0
0
0
0
0
0
1.58221312531e-33
1.76494499018e-32
1.29664621548e-31
0
0
0
0
0
0
0
0
0
0
0
0
0
0
0
0
0
0
0
0
0
0
0
0
0
0
0
0
0
0
0
0
0
0
0
0
0
0
0
0
0
0
0
0
0
0
0
0
0
0
0
0
0
0
0
0
0
0
0
0
1.10096868986e-36
1.6667273702e-36
2.38564972006e-35
5.01089021717e-34
200
200
200
200
200
200
200
200
200
200
200
1.70136638996e-37
0
0
0
0
0
0
0
0
0
0
0
0
0
0
0
0
8.7959904108e-35
2.76352109531e-33
2.53613903318e-32
1.53803560698e-31
0
0
0
0
0
0
0
0
0
0
0
0
0
0
0
0
0
0
0
0
0
0
0
0
0
0
0
0
0
0
0
0
0
0
0
0
0
0
0
0
0
0
0
0
0
0
0
0
0
0
0
0
0
0
0
0
0
0
0
0
0
1.22329854429e-36
2.69024562751e-35
1.88434602635e-34
200
200
200
200
200
200
200
200
200
200
200
1.70136638996e-37
1.70136638996e-37
0
0
0
0
0
0
0
0
0
0
0
0
0
0
0
2.77883377796e-34
4.59686173864e-33
3.82024611285e-32
3.97174743917e-31
0
0
0
0
0
0
0
0
0
0
0
0
0
0
0
0
0
0
0
0
0
0
0
0
0
0
0
0
0
0
0
0
0
0
0
0
0
0
0
0
0
0
0
0
0
0
0
0
0
0
0
0
0
0
0
0
0
0
0
0
0
0
1.16226759426e-35
6.25248301846e-35
200
200
200
200
200
200
200
200
200
200
200
1.70136638996e-37
1.70136638996e-37
1.70136638996e-37
0
0
0
0
0
0
0
0
0
0
0
0
0
0
7.04937795343e-34
7.3040098162e-33
5.2040905583e-32
1.28945608476e-30
0
0
0
0
0
0
0
0
0
0
0
0
0
0
0
0
0
0
0
0
0
0
0
0
0
0
0
0
0
0
0
0
0
0
0
0
0
0
0
0
0
0
0
0
0
0
0
0
0
0
0
0
0
0
0
0
0
0
0
0
0
0
0
5.90009105447e-35
200
200
200
200
200
200
200
200
200
200
0
1.53122975097e-37
1.70136638996e-37
1.70136638996e-37
1.70136638996e-37
0
0
0
0
0
0
0
0
0
0
0
0
7.61364632108e-36
1.28866963214e-33
1.31779072127e-32
6.58678785294e-32
2.32921667629e-30
0
0
0
0
0
0
0
0
0
0
0
0
0
0
0
0
0
0
0
0
0
0
0
0
0
0
0
0
0
0
0
0
0
0
0
0
0
0
0
0
0
0
0
0
0
0
0
0
0
0
0
0
0
0
0
0
0
0
0
0
0
0
0
5.39338913293e-35
200
200
200
200
200
200
200
200
200
200
0
0
1.53122975097e-37
1.70136638996e-37
1.70136638996e-37
0
0
0
0
0
0
0
0
0
0
0
0
2.25350637502e-34
2.18679150216e-33
1.69610839693e-32
7.16122948429e-32
3.86514056528e-30
0
0
0
0
0
0
0
0
0
0
0
0
0
0
0
0
0
0
0
0
0
0
0
0
0
0
0
0
0
0
0
0
0
0
0
0
0
0
0
0
0
0
0
0
0
0
0
0
0
0
0
0
0
0
0
0
0
0
0
0
0
0
0
0
200
200
200
200
200
200
200
200
200
0
0
0
0
1.70136638996e-37
1.70136638996e-37
1.70136638996e-37
0
0
0
0
0
0
0
0
0
0
0
4.60992493085e-34
4.61055062776e-33
2.24914838885e-32
1.4953048221e-31
5.41835529141e-30
0
0
0
0
0
0
0
0
0
0
0
0
0
0
0
0
0
0
0
0
0
0
0
0
0
0
0
0
0
0
0
0
0
0
0
0
0
0
0
0
0
0
0
0
0
0
0
0
0
0
0
0
0
0
0
0
0
0
0
0
0
0
0
0
200
200
200
200
200
200
200
200
0
0
0
0
0
0
1.70136638996e-37
1.70136638996e-37
0
0
0
0
0
0
0
0
0
0
1.19189476624e-34
8.68305899982e-34
5.30301374291e-33
2.14891723742e-32
3.32208989591e-31
8.39798011518e-30
0
0
0
0
0
0
0
0
0
0
0
0
0
0
0
0
0
0
0
0
0
0
0
0
0
0
0
0
0
0
0
0
0
0
0
0
0
0
0
0
0
0
0
0
0
0
0
0
0
0
0
0
0
0
0
0
0
0
0
0
0
0
0
0
200
200
200
200
200
200
200
0
0
0
0
0
0
0
0
1.70136638996e-37
0
0
0
0
0
0
0
0
0
0
3.34416110558e-34
1.78032665598e-33
6.17318708478e-33
1.5014159798e-32
3.92146612201e-31
1.25191318645e-29
0
0
0
0
0
0
0
0
0
0
0
0
0
0
0
0
0
0
0
0
0
0
0
0
0
0
0
0
0
0
0
0
0
0
0
0
0
0
0
0
0
0
0
0
0
0
0
0
0
0
0
0
0
0
0
0
0
0
0
0
0
0
0
13.3842001358
200
200
200
200
200
200
0
0
0
0
0
0
0
0
0
0
0
0
0
0
0
0
0
0
0
1.31967496304e-34
4.91884815632e-34
1.97739646375e-33
3.66042893809e-33
3.36365749092e-32
6.00369514235e-31
1.77356783441e-29
0
0
0
0
0
0
0
0
0
0
0
0
0
0
0
0
0
0
0
0
0
0
0
0
0
0
0
0
0
0
0
0
0
0
0
0
0
0
0
0
0
0
0
0
0
0
0
0
0
0
0
0
0
0
0
0
0
0
0
0
0
0
0
200
200
200
200
200
200
0
0
0
0
0
0
0
0
0
0
0
0
0
0
0
0
0
0
0
0
3.63630123626e-34
1.35334053379e-33
2.27335202308e-33
6.50278378017e-34
3.26302591446e-32
1.01822193896e-30
1.91047940701e-29
0
0
0
0
0
0
0
0
0
0
0
0
0
0
0
0
0
0
0
0
0
0
0
0
0
0
0
0
0
0
0
0
0
0
0
0
0
0
0
0
0
0
0
0
0
0
0
0
0
0
0
0
0
0
0
0
0
0
0
0
0
0
0
200
200
200
200
0
0
0
0
0
0
0
0
0
0
0
0
0
0
0
0
0
0
0
0
0
2.05331682954e-34
7.55206230957e-34
2.45595701945e-33
4.15027276249e-33
2.717834057e-34
8.39065149026e-33
1.70214852123e-30
1.76195755256e-29
0
0
0
0
0
0
0
0
0
0
0
0
0
0
0
0
0
0
0
0
0
0
0
0
0
0
0
0
0
0
0
0
0
0
0
0
0
0
0
0
0
0
0
0
0
0
0
0
0
0
0
0
0
0
0
0
0
0
0
0
0
0
0
200
0
0
0
0
0
0
0
0
0
0
0
0
0
0
0
0
0
0
0
0
0
0
0
1.37324103056e-34
3.56330582171e-34
9.72303427489e-34
2.32479757161e-33
2.63213513008e-33
8.20376440305e-33
3.29580004239e-32
8.61466713071e-31
9.50826322087e-30
0
0
0
0
0
0
0
0
0
0
0
0
0
0
0
0
0
0
0
0
0
0
0
0
0
0
0
0
0
0
0
0
0
0
0
0
0
0
0
0
0
0
0
0
0
0
0
0
0
0
0
0
0
0
0
0
0
0
0
0
0
0
0
0
0
0
0
0
0
0
0
0
0
0
0
0
0
0
0
0
0
0
0
0
0
0
9.26682174831e-35
4.57369935592e-34
7.07762994623e-34
9.90101551278e-34
1.0299129705e-33
4.82188811922e-32
5.9999754837e-32
1.12105428344e-31
6.42896469265e-31
1.52094128063e-29
3.93008224456e-38
0
0
0
0
0
0
0
0
0
0
0
0
0
0
0
0
0
0
0
0
0
0
0
0
0
0
0
0
0
0
0
0
0
0
0
0
0
0
0
0
0
0
0
0
0
0
0
0
0
0
0
0
0
0
0
0
0
0
0
0
0
0
0
0
0
0
0
0
0
0
0
0
0
0
0
0
0
0
0
0
0
0
0
0
8.23732756391e-35
5.0079011502e-34
7.54762111184e-34
8.23737283097e-34
1.63895791091e-33
1.19558617243e-32
1.33507007763e-32
2.01433080917e-32
4.74119230143e-32
2.78109377205e-31
8.88552887208e-30
200
200
9.46360743992e-38
0
0
0
0
0
0
0
0
0
0
0
0
0
0
0
0
0
0
0
0
0
0
0
0
0
0
0
0
0
0
0
0
0
0
0
0
0
0
0
0
0
0
0
0
0
0
0
0
0
0
0
0
0
0
0
0
0
0
0
0
0
0
0
0
0
0
0
0
0
0
0
0
0
0
0
0
0
0
0
0
0
1.30764004939e-34
5.5867464864e-34
5.53886439633e-34
1.02659211171e-33
4.9684174832e-33
4.41955248286e-33
4.77615205038e-33
7.59141362488e-33
1.33530065066e-32
3.24624921219e-32
1.81648280426e-31
8.15917096928e-30
200
200
200
200
200
0
0
0
0
0
0
0
0
0
0
0
0
0
0
0
0
0
0
0
0
0
0
0
0
0
0
0
0
0
0
0
0
0
0
0
0
0
0
0
0
0
0
0
0
0
0
0
0
0
0
0
0
0
0
0
0
0
0
0
0
0
0
0
0
0
0
0
0
0
0
0
0
0
0
5.69222582321e-37
6.32469535912e-37
3.99085943324e-37
6.3639726676e-35
4.4041957967e-34
5.73086737931e-34
5.59317269071e-34
2.8949900362e-33
2.76255259022e-33
2.81308479691e-33
3.27068010733e-33
4.15136736098e-33
5.56383447483e-33
7.82120041344e-33
1.41157367607e-32
7.09036959393e-32
5.78475660947e-30
200
200
200
200
200
37.0577406668
6.47066319392e-37
0
0
0
0
0
0
0
0
0
0
0
0
0
0
0
0
0
0
0
0
0
0
0
0
0
0
0
0
0
0
0
0
0
0
0
0
0
0
0
0
0
0
0
0
0
0
0
0
0
0
0
0
0
0
0
0
0
0
0
0
0
0
0
0
0
0
2.46121083863e-34
3.1385824823e-34
2.06353632815e-33
3.14924864185e-33
6.99131941123e-33
9.22427886856e-33
1.06434704954e-32
1.14206801438e-32
7.79880000339e-33
1.45960338412e-33
4.96108959182e-34
2.78483268825e-33
2.05172651355e-33
1.94754046424e-33
2.18688808449e-33
2.57450174626e-33
3.00095365413e-33
3.58686100587e-33
4.45744588042e-33
5.62364608168e-33
7.69293355701e-33
1.65811726967e-32
3.43749843804e-30
200
200
200
200
7.68472547251e-27
4.74175310384e-31
3.51019710104e-30
9.91382905231e-31
1.71793412573e-37
0
0
0
0
0
0
0
0
0
0
0
0
0
0
0
0
0
0
0
0
0
0
0
0
0
0
0
0
0
0
0
0
0
0
0
0
0
0
0
0
0
0
0
0
0
0
0
0
0
0
0
0
0
0
0
0
0
0
0
0
0
0
2.67275539087e-33
1.41459876247e-32
2.88558376025e-32
4.41237541463e-32
5.26069334708e-32
5.66209641551e-32
6.32888874865e-32
5.65033598342e-32
5.07142390008e-32
3.56859019376e-32
1.39354028314e-32
5.78144699125e-33
2.56213721312e-33
1.75733434729e-33
1.754448726e-33
1.93642294517e-33
2.14646093932e-33
2.42162365989e-33
2.7555286788e-33
3.18043214456e-33
3.74027838926e-33
4.44204297156e-33
5.41174319803e-33
7.45517233083e-33
1.62309700644e-30
200
200
200
5.04194838252e-27
7.33895066032e-30
8.03020301962e-31
1.24646042342e-31
8.51748187011e-34
1.78099234449e-33
1.85372708838e-35
0
0
0
0
0
0
0
0
0
0
0
0
0
0
0
0
0
0
0
0
0
0
0
0
0
0
0
0
0
0
0
0
0
0
0
0
0
0
0
0
0
0
0
0
0
0
0
0
0
0
0
0
0
0
0
0
0
0
0
0
0
1.2987040304e-32
3.75612005018e-32
4.06248497713e-32
4.20813314534e-32
4.57223101529e-32
4.89378612713e-32
5.1987629261e-32
5.30116499792e-32
5.04934982114e-32
4.52737608315e-32
3.62870710573e-32
7.74404590461e-33
2.97711575469e-33
2.21688710203e-33
1.99978284264e-33
2.02432102984e-33
2.14545726972e-33
2.34480524635e-33
2.59728359686e-33
2.91163755482e-33
3.29488999326e-33
3.75693461359e-33
4.31808558759e-33
5.1557781118e-33
6.52815150133e-31
200
48.6675899427
1.95335410777e-27
1.24285775764e-29
1.15443765081e-30
4.0106637105e-32
2.19909985843e-33
5.58711518617e-34
3.29731193004e-34
7.66354728136e-34
1.05131429193e-33
7.74140611504e-37
0
0
0
0
0
0
0
0
0
0
0
0
0
0
0
0
0
0
0
0
0
0
0
0
0
0
0
0
0
0
0
0
0
0
0
0
0
0
0
0
0
0
0
0
0
0
0
0
0
0
0
0
0
0
0
0
0
0
0
2.97898880058e-32
4.355065495e-32
4.54687882741e-32
4.69517573501e-32
4.92658713932e-32
5.12982342025e-32
5.35312971075e-32
5.50136948561e-32
5.70148557963e-32
5.77494101154e-32
5.37286335161e-32
2.39323141197e-32
4.8774253133e-33
2.9239641589e-33
2.32847638958e-33
2.18964726271e-33
2.21766545391e-33
2.33127696737e-33
2.51162414402e-33
2.74523839296e-33
3.0187173564e-33
3.3394269311e-33
3.69965251612e-33
4.17636212452e-33
2.42621404119e-31
4.12651100923e-26
7.24434484279e-28
1.70488033221e-29
1.35992224554e-30
8.42671161808e-32
3.08663430932e-33
7.64011177305e-34
4.41397649265e-34
3.66450160483e-34
4.52359553923e-34
3.66266549935e-34
6.205206501e-34
9.1971221883e-36
0
0
0
0
0
0
0
0
0
0
0
0
0
0
0
0
0
0
0
0
0
0
0
0
0
0
0
0
0
0
0
0
0
0
0
0
0
0
0
0
0
0
0
0
0
0
0
0
0
0
0
0
0
0
0
0
0
0
2.70679484972e-32
4.78183469696e-32
4.83937242917e-32
5.1782022648e-32
5.36137925344e-32
5.48267806834e-32
5.63906891301e-32
5.80013686869e-32
6.04910558573e-32
6.4745263436e-32
6.80256225317e-32
4.4234185388e-32
7.66916618238e-33
3.7496116696e-33
2.76855492671e-33
2.43326316353e-33
2.35138265055e-33
2.38529582113e-33
2.49877515755e-33
2.6609387659e-33
2.86094368895e-33
3.09296203332e-33
3.34089090775e-33
3.65181632103e-33
7.20396127586e-32
2.10289844425e-28
1.83848502122e-29
1.74972907554e-30
1.34317624796e-31
3.99011456079e-33
6.87598716613e-34
4.35663475227e-34
3.29805144435e-34
2.96758073704e-34
2.96719151898e-34
2.7394558416e-34
2.40064549885e-34
5.5840267067e-34
1.47905742544e-34
0
0
0
0
0
0
0
0
0
0
0
0
0
0
0
0
0
0
0
0
0
0
0
0
0
0
0
0
0
0
0
0
0
0
0
0
0
0
0
0
0
0
0
0
0
0
0
0
0
0
0
0
0
0
0
0
0
0
7.30106203718e-32
5.669013438e-32
5.97956870609e-32
6.06125309227e-32
6.06524117647e-32
6.14711153374e-32
6.25067054674e-32
6.50476423192e-32
6.80714840191e-32
7.39891286428e-32
6.41028592598e-32
1.64524797752e-32
4.88759069768e-33
3.28648784742e-33
2.73529890743e-33
2.53962595676e-33
2.49900095058e-33
2.54430479577e-33
2.66198583935e-33
2.81056811254e-33
2.98202523738e-33
3.15905331248e-33
200
200
2.20762582169e-29
2.19043879332e-30
1.97811205986e-31
1.38753874915e-33
5.37679843633e-34
3.70417368475e-34
2.96824629992e-34
2.67082266333e-34
2.40307483412e-34
2.40268561606e-34
2.40177263543e-34
2.66863626159e-34
3.76550286246e-34
9.16170426894e-34
4.68222211346e-34
0
0
0
0
0
0
0
0
0
0
0
0
0
0
0
0
0
0
0
0
0
0
0
0
0
0
0
0
0
0
0
0
0
0
0
0
0
0
0
0
0
0
0
0
0
0
0
0
0
0
0
0
0
0
0
0
0
1.22294062388e-31
7.86646545629e-32
7.54718998016e-32
7.17501377228e-32
6.92592269223e-32
6.82865232045e-32
6.88072230047e-32
6.97743185732e-32
7.22695965436e-32
7.5972611682e-32
8.11687545931e-32
3.03759474573e-32
6.40436491704e-33
3.89547974214e-33
3.09720458555e-33
2.77511291379e-33
2.64915090238e-33
2.65182019533e-33
2.71264376344e-33
2.82106485159e-33
200
200
200
200
3.61266949203e-30
2.54488062887e-31
5.05270535064e-34
3.96313537676e-34
3.17167574203e-34
2.6682364001e-34
2.27644810742e-34
2.13644615542e-34
1.94617534901e-34
1.94582505276e-34
2.09505446788e-34
2.37475864445e-34
3.13621327564e-34
7.05216309268e-34
1.7299697768e-32
2.19932381953e-33
0
0
0
0
0
0
0
0
0
0
0
0
0
0
0
0
0
0
0
0
0
0
0
0
0
0
0
0
0
0
0
0
0
0
0
0
0
0
0
0
0
0
0
0
0
0
0
0
0
0
0
0
0
0
0
0
1.30177384398e-31
1.06990016822e-31
9.42030619997e-32
8.64112870665e-32
8.0292484015e-32
7.75748826297e-32
7.58752736047e-32
7.55190354e-32
7.66969585337e-32
7.91705505876e-32
9.13100206543e-32
4.42729238654e-32
8.16502191879e-33
4.5679758433e-33
3.50160915833e-33
3.05020672102e-33
2.86289479438e-33
2.80621942294e-33
200
200
200
200
200
200
3.54489181442e-31
3.15625429272e-34
2.84719568147e-34
2.50396370449e-34
2.1686838722e-34
1.94669746207e-34
1.75155781411e-34
1.69941947986e-34
1.59793264564e-34
1.62628421614e-34
1.75050303317e-34
1.94452285407e-34
2.6670896178e-34
4.33018210854e-30
1.54252439516e-30
4.84540788726e-31
3.76790838559e-33
0
0
0
0
0
0
0
0
0
0
0
0
0
0
0
0
0
0
0
0
0
0
0
0
0
0
0
0
0
0
0
0
0
0
0
0
0
0
0
0
0
0
0
0
0
0
0
0
0
0
0
0
0
0
0
1.37229389862e-31
1.3236501851e-31
1.13723334921e-31
1.02769493656e-31
9.48273298389e-32
8.83501610454e-32
8.40795098501e-32
8.18203912823e-32
8.12563982842e-32
8.21454629208e-32
9.17610517407e-32
5.11847093705e-32
9.79570800578e-33
5.27642097914e-33
3.94114494055e-33
3.36953586467e-33
200
200
200
200
200
200
200
200
2.17165756959e-34
2.0815334865e-34
1.95735671314e-34
1.80346409739e-34
1.65955130692e-34
1.55442429216e-34
1.4182227235e-34
1.40632258442e-34
1.35679417075e-34
1.39053623907e-34
1.41716794256e-34
1.60556029828e-34
6.83210367922e-25
2.93009142091e-24
4.2508985748e-26
3.13196511911e-28
1.23978220132e-29
1.03492945847e-33
0
0
0
0
0
0
0
0
0
0
0
0
0
0
0
0
0
0
0
0
0
0
0
0
0
0
0
0
0
0
0
0
0
0
0
0
0
0
0
0
0
0
0
0
0
0
0
0
0
0
0
0
0
0
1.18303848286e-31
1.54128559369e-31
1.30545716964e-31
1.18252184928e-31
1.0890542554e-31
9.98166527648e-32
9.29523246904e-32
8.80784684217e-32
8.52405385148e-32
8.40069441583e-32
9.09642999541e-32
4.9552650438e-32
200
200
200
200
200
200
200
200
200
200
200
200
1.58552635266e-34
1.53741321361e-34
1.47777110968e-34
1.41078758145e-34
1.31787033829e-34
1.26642416694e-34
1.17687238556e-34
1.14790603347e-34
1.14790603347e-34
1.14755573722e-34
1.19348572052e-34
2.50571447323e-19
200
200
200
1.38847238198e-22
6.59887622857e-27
6.70720027169e-29
1.68897819212e-34
0
0
0
0
0
0
0
0
0
0
0
0
0
0
0
0
0
0
0
0
0
0
0
0
0
0
0
0
0
0
0
0
0
0
0
0
0
0
0
0
0
0
0
0
0
0
0
0
0
0
0
0
0
8.38554083258e-32
1.6856616865e-31
200
200
200
200
200
200
200
200
200
200
200
200
200
200
200
200
200
200
200
200
200
200
1.24732447737e-34
1.22880615886e-34
1.19403239265e-34
1.14889804829e-34
1.09917702646e-34
1.03332227656e-34
1.0103635637e-34
9.65946295799e-35
9.42336886237e-35
9.55951891773e-35
1.0246804095e-34
200
200
200
200
200
200
1.19109653044e-25
5.43283216741e-29
4.39152403724e-37
0
0
0
0
0
0
0
0
0
0
0
0
0
0
0
0
0
0
0
0
0
0
0
0
0
0
0
0
0
0
0
0
0
0
0
0
0
0
0
0
0
0
0
0
0
0
0
0
0
0
0
0
200
200
200
200
200
200
200
200
200
200
200
200
200
200
200
200
200
200
200
200
200
200
200
200
1.04963129619e-34
1.01884367785e-34
9.98899219819e-35
9.68200821212e-35
9.23405059601e-35
8.8548812663e-35
8.43859519076e-35
8.25167097064e-35
8.11657141173e-35
8.1946304903e-35
8.35969125843e-35
9.29204880523e-35
200
200
200
200
200
200
9.6441063709e-26
1.13682681763e-30
0
0
0
0
0
0
0
0
0
0
0
0
0
0
0
0
0
0
0
0
0
0
0
0
0
0
0
0
0
0
0
0
0
0
0
0
0
0
0
0
0
0
0
0
0
0
0
0
0
0
0
200
200
200
200
200
200
200
200
200
200
200
200
200
200
200
200
200
200
200
200
200
200
200
200
200
8.85147401737e-35
8.72983384741e-35
8.44535062901e-35
8.08912644991e-35
7.84901901392e-35
7.38284138167e-35
7.15376175989e-35
6.93397488458e-35
6.78845021657e-35
6.79826853561e-35
7.0630662639e-35
7.71458695668e-35
9.70213779827e-35
200
200
200
200
200
200
5.50989077727e-27
7.17903149159e-31
0
0
0
0
0
0
0
0
0
0
0
0
0
0
0
0
0
0
0
0
0
0
0
0
0
0
0
0
0
0
0
0
0
0
0
0
0
0
0
0
0
0
0
0
0
0
0
0
0
200
200
200
200
200
200
200
200
200
200
200
200
200
200
200
200
200
200
200
200
200
200
200
200
200
200
7.43977246095e-35
7.22080890143e-35
7.08357762649e-35
6.83909625599e-35
6.51438199724e-35
6.34812682212e-35
6.03298509059e-35
5.86243938416e-35
5.77102511465e-35
5.76352579594e-35
5.89643024779e-35
6.34114604958e-35
7.61047619889e-35
9.62571782997e-33
200
200
200
200
200
8.79174587268e-20
2.7382540208e-28
1.27503335931e-33
0
0
0
0
0
0
0
0
0
0
0
0
0
0
0
0
0
0
0
0
0
0
0
0
0
0
0
0
0
0
0
0
0
0
0
0
0
0
0
0
0
0
0
0
0
0
0
0
200
200
200
200
200
200
200
200
200
200
200
200
200
200
200
200
200
200
200
200
200
200
200
200
200
200
6.24557834938e-35
6.1277500796e-35
6.00215707922e-35
5.81377304072e-35
5.63606597449e-35
5.38497625928e-35
5.22390945022e-35
5.10229864539e-35
4.98614692451e-35
4.92112223311e-35
5.01159832079e-35
5.2263372211e-35
5.92037259754e-35
3.23205095467e-33
1.30454381704e-31
200
200
200
200
200
2.1045941138e-25
6.07990887917e-31
1.14794137203e-34
0
0
0
0
0
0
0
0
0
0
0
0
0
0
0
0
0
0
0
0
0
0
0
0
0
0
0
0
0
0
0
0
0
0
0
0
0
0
0
0
0
0
0
0
0
0
200
200
200
200
200
200
200
200
200
200
200
200
200
200
200
200
200
200
200
200
200
200
200
200
200
200
200
5.48535109463e-35
5.36737901644e-35
5.23851018406e-35
5.10203128854e-35
4.93794421887e-35
4.73693890163e-35
4.64221838774e-35
4.48535787492e-35
4.32941316439e-35
4.2819998075e-35
4.28257583235e-35
4.38026782981e-35
4.74792708092e-35
9.10157514688e-35
6.27971083685e-32
1.16142327612e-31
200
200
200
200
2.10877985866e-17
8.07140895323e-31
8.26332157034e-31
0
0
0
0
0
0
0
0
0
0
0
0
0
0
0
0
0
0
0
0
0
0
0
0
0
0
0
0
0
0
0
0
0
0
0
0
0
0
0
0
0
0
0
0
0
0
200
200
200
200
200
200
200
200
200
200
200
200
200
200
200
200
200
200
200
200
200
200
200
200
200
200
200
4.9409544326e-35
4.83418964072e-35
4.72674748203e-35
4.5968215283e-35
4.4626904025e-35
4.29035428502e-35
4.1835470753e-35
4.00297496992e-35
3.84661530869e-35
3.78080249319e-35
3.74432923625e-35
3.772421127e-35
3.9413761634e-35
4.71667330946e-35
1.61523999018e-32
1.64757253682e-31
1.03695589056e-31
1.50622047481e-31
200
200
200
6.21930115709e-31
1.24344988364e-30
8.40251919426e-31
0
0
0
0
0
0
0
0
0
0
0
0
0
0
0
0
0
0
0
0
0
0
0
0
0
0
0
0
0
0
0
0
0
0
0
0
0
0
0
0
0
0
0
0
200
200
200
200
200
200
200
200
200
200
200
200
200
200
200
200
200
200
200
200
200
200
200
200
200
200
200
200
4.56976047389e-35
4.45533933862e-35
4.37354757985e-35
4.23817766811e-35
4.08757812498e-35
3.94893138193e-35
3.77641967473e-35
3.61020231574e-35
3.43887643712e-35
3.35441882035e-35
3.25421369022e-35
3.21676760159e-35
3.3217345741e-35
3.65222755478e-35
2.86042524013e-33
8.31832801672e-32
9.91815757681e-32
1.51626594461e-31
2.20964746724e-31
2.95238843405e-31
4.44475762711e-31
6.08833191519e-31
9.71321829176e-31
2.19949060921e-30
1.15096913302e-29
0
0
0
0
0
0
0
0
0
0
0
0
0
0
0
0
0
0
0
0
0
0
0
0
0
0
0
0
0
0
0
0
0
0
0
0
0
0
0
0
0
0
0
200
200
200
200
200
200
200
200
200
200
200
200
200
200
200
200
200
200
200
200
200
200
200
200
200
200
200
200
4.30434557474e-35
4.18379872924e-35
4.09294249899e-35
3.96645778879e-35
3.80763700503e-35
3.64366044416e-35
3.45483853576e-35
3.26705691138e-35
3.08427461363e-35
2.94410372631e-35
2.81307031248e-35
2.75312844583e-35
2.74805854347e-35
2.88225715896e-35
3.83762565079e-35
1.56599158139e-32
9.13868523694e-32
1.20024989478e-31
2.50289620712e-31
3.78593440958e-31
5.67861291103e-31
7.72097123149e-31
1.18682583232e-30
2.96827289158e-30
8.45139981641e-30
6.00243764179e-31
0
0
0
0
0
0
0
0
0
0
0
0
0
0
0
0
0
0
0
0
0
0
0
0
0
0
0
0
0
0
0
0
0
0
0
0
0
0
0
0
0
0
200
200
200
200
200
200
200
200
200
200
200
200
200
200
200
200
200
200
200
200
200
200
200
200
200
200
200
200
4.14509619413e-35
3.99216150861e-35
3.89193966554e-35
3.7577941049e-35
3.56124061306e-35
3.38407702041e-35
3.17512144094e-35
2.96092714027e-35
2.77297733683e-35
2.60458712405e-35
2.4644890539e-35
2.35756543254e-35
2.27562357328e-35
2.27967515818e-35
2.48026649901e-35
1.34710530564e-33
2.61212184408e-32
5.97724898838e-32
1.34808560717e-31
2.55756283622e-31
4.9852490923e-31
8.6754334403e-31
1.56984008297e-30
2.02254056431e-30
2.08848923037e-30
5.2196647238e-30
0
0
0
0
0
0
0
0
0
0
0
0
0
0
0
0
0
0
0
0
0
0
0
0
0
0
0
0
0
0
0
0
0
0
0
0
0
0
0
0
0
0
200
200
200
200
200
200
200
200
200
200
200
200
200
200
200
200
200
200
200
200
200
200
200
200
200
200
200
200
4.09695061415e-35
3.89785401077e-35
3.7695717508e-35
3.60042351299e-35
3.39559527028e-35
3.17181319047e-35
2.94132619865e-35
2.72311968026e-35
2.51261915447e-35
2.33211255586e-35
2.18789934232e-35
2.05960580513e-35
1.98009574469e-35
1.91022156889e-35
1.91071693848e-35
2.16082750334e-35
3.53748659775e-33
1.73778452109e-32
3.9088552416e-32
8.9483287693e-32
1.71352410793e-31
3.53070939678e-31
6.62443916322e-31
1.08818931069e-30
1.35992211643e-30
2.1395067248e-30
1.38003050101e-29
2.48089588865e-23
0
0
0
0
0
0
0
0
0
0
0
0
0
0
0
0
0
0
0
0
0
0
0
0
0
0
0
0
0
0
0
0
0
0
0
0
0
0
0
200
200
200
200
200
200
200
200
200
200
200
200
200
200
200
200
200
200
200
200
200
200
200
200
200
200
200
200
200
4.21927654214e-35
3.91976328444e-35
3.74503144732e-35
3.54192050284e-35
3.28015489856e-35
3.02727393612e-35
2.77427390479e-35
2.52828737823e-35
2.31743221108e-35
2.12579338302e-35
1.97113480341e-35
1.85256284028e-35
1.73993686078e-35
1.63390357912e-35
1.58942696071e-35
1.59273611465e-35
3.0732490939e-35
2.95778780647e-33
7.57787443814e-33
1.73793080386e-32
3.72756157754e-32
7.90788655416e-32
1.60466423281e-31
3.38778344088e-31
6.36602450751e-31
1.33273673889e-30
1.72574291555e-23
115.379072763
0
0
0
0
0
0
0
0
0
0
0
0
0
0
0
0
0
0
0
0
0
0
0
0
0
0
0
0
0
0
0
0
0
0
0
0
0
0
0
200
200
200
200
200
200
200
200
200
200
200
200
200
200
200
200
200
200
200
200
200
200
200
200
200
200
200
200
200
200
4.1697781066e-35
3.86626737657e-35
3.54078416115e-35
3.23623502155e-35
2.93411931477e-35
2.65874296942e-35
2.40224809023e-35
2.18279293212e-35
1.98628070543e-35
1.83380643108e-35
1.68319883591e-35
1.55354280821e-35
1.43675624055e-35
1.31792056853e-35
1.25364944159e-35
1.25998484576e-35
1.73808074129e-34
1.47680335327e-33
3.0675548582e-33
5.93953417169e-33
1.05590354898e-32
2.01006095581e-32
5.18835731904e-32
2.13447642591e-31
6.09767406938e-29
5.95682792959e-23
5.8540030561e-31
63.4276697295
0
0
0
0
0
0
0
0
0
0
0
0
0
0
0
0
0
0
0
0
0
0
0
0
0
0
0
0
0
0
0
0
0
0
0
0
0
0
200
200
200
200
200
200
200
200
200
200
200
200
200
200
200
200
200
200
200
200
200
200
200
200
200
200
200
200
200
1.00352750709e-20
4.85975509439e-35
4.24955306837e-35
3.71076638056e-35
3.2794626843e-35
2.90686507157e-35
2.58449985296e-35
2.30782276899e-35
2.05752426859e-35
1.88283871708e-35
1.70795112202e-35
1.55360297087e-35
1.40028476285e-35
1.25297225642e-35
1.11624177576e-35
1.00437025124e-35
9.3171821292e-36
9.56216507676e-36
1.57132030769e-34
4.92700599983e-34
9.0340504248e-34
1.49816202544e-33
2.1791631666e-33
3.01681428473e-33
5.4137209819e-33
2.61317156048e-32
1.83705108322e-31
2.23338203192e-32
200
0
0
0
0
0
0
0
0
0
0
0
0
0
0
0
0
0
0
0
0
0
0
0
0
0
0
0
0
0
0
0
0
0
0
0
0
0
200
200
200
200
200
200
200
200
200
200
200
200
200
200
200
200
200
200
200
200
200
200
200
200
200
200
200
200
200
200
2.34033791256e-29
6.91592578326e-35
5.20450178365e-35
4.10731874674e-35
3.41843645775e-35
2.92933267728e-35
2.5564529748e-35
2.24030872013e-35
2.00211493517e-35
1.79472283267e-35
1.61830496957e-35
1.45486432968e-35
1.28792101349e-35
1.1198331661e-35
9.70083851733e-36
8.48094212439e-36
7.43579328002e-36
6.66863277907e-36
8.58184935471e-36
5.5240650037e-35
1.02522044047e-34
1.77739454042e-34
2.56558795768e-34
2.38951099985e-34
1.7078043827e-34
5.08216885496e-35
4.4395061848e-35
1.93306863728e-35
3.01010170955e-34
200
0
0
0
0
0
0
0
0
0
0
0
0
0
0
0
0
0
0
0
0
0
0
0
0
0
0
0
0
0
0
0
0
0
0
0
0
200
200
200
200
200
200
200
200
200
200
200
200
200
200
200
200
200
200
200
200
200
200
200
200
200
200
200
200
200
200
1.73244430423e-28
2.09025253168e-26
183.653175805
4.84498344698e-35
3.64458259617e-35
2.99805035438e-35
2.5503028382e-35
2.20810097687e-35
1.96009752496e-35
1.75054118664e-35
1.55569318353e-35
1.38686993883e-35
1.21484508845e-35
1.04318737467e-35
8.90913451486e-36
7.52510596462e-36
5.96202812434e-36
3.86039556483e-36
4.18661252051e-36
7.43760544851e-36
1.36540459246e-35
1.91685089724e-35
1.83377325397e-35
1.04591879265e-35
1.36228114623e-35
1.90479846315e-35
3.23585064527e-35
5.49039897302e-35
3.66529198804e-34
5.09854790899e-33
0
0
0
0
0
0
0
0
0
0
0
0
0
0
0
0
0
0
0
0
0
0
0
0
0
0
0
0
0
0
0
0
0
0
0
3.93008224456e-38
200
200
200
200
200
200
200
200
200
200
200
200
200
200
200
200
200
200
200
200
200
200
200
200
200
200
200
200
200
200
6.29322767136e-28
2.03816279904e-29
2.2694757093e-23
200
1.29560652618e-18
3.07873820477e-35
2.5423463703e-35
2.18797954596e-35
1.93198843592e-35
1.71587977789e-35
1.52827253308e-35
1.34960642543e-35
1.16249926834e-35
9.91862611083e-36
8.26943116693e-36
6.52717412999e-36
4.63404027609e-36
2.47692080372e-36
4.3914897116e-37
7.84644612002e-37
9.1695590424e-37
1.04098551407e-36
2.32809184793e-36
3.38080682305e-36
5.57555134662e-36
1.16110308854e-35
2.91075767024e-35
1.116237207e-34
6.21029003249e-34
5.58911023819e-34
1.86161790532e-38
0
0
0
0
0
0
0
0
0
0
0
0
0
0
0
0
0
0
0
0
0
0
0
0
0
0
0
0
0
0
0
0
0
0
200
200
200
200
200
200
200
200
200
200
200
200
200
200
200
200
200
200
200
200
200
200
200
200
200
200
200
200
200
200
200
5.00263754391e-28
5.31401260464e-28
5.47883384472e-28
1.06345543362e-27
2.22442717786e-22
200
200
2.27143631097e-35
1.9587735588e-35
1.72845721294e-35
1.52780478801e-35
1.34372006053e-35
1.13060235029e-35
9.6773401803e-36
7.98305151025e-36
6.58069632662e-36
4.86650116513e-36
2.33278353534e-36
4.3914897116e-37
7.08994306908e-37
8.96271260847e-37
1.02030087068e-36
1.28792886458e-36
3.01718954397e-36
4.25581209194e-36
9.04587387982e-36
2.61968190322e-35
5.49190688352e-35
1.03459571032e-34
4.24073298691e-36
3.01673682434e-33
0
0
0
0
0
0
0
0
0
0
0
0
0
0
0
0
0
0
0
0
0
0
0
0
0
0
0
0
0
0
0
0
0
0
200
200
200
200
200
200
200
200
200
200
200
200
200
200
200
200
200
200
200
200
200
200
200
200
200
200
200
200
200
200
199.999900585
)
;

boundaryField
{
    frontAndBack
    {
        type            empty;
    }
    leftWall
    {
        type            calculated;
        value           uniform 0;
    }
    outlet
    {
        type            calculated;
        value           uniform 0;
    }
    rightWall
    {
        type            calculated;
        value           uniform 0;
    }
    inlet
    {
        type            calculated;
        value           uniform 2.78251897843e-32;
    }
}


// ************************************************************************* //
