/*--------------------------------*- C++ -*----------------------------------*\
| =========                 |                                                 |
| \\      /  F ield         | OpenFOAM: The Open Source CFD Toolbox           |
|  \\    /   O peration     | Version:  v1906                                 |
|   \\  /    A nd           | Web:      www.OpenFOAM.com                      |
|    \\/     M anipulation  |                                                 |
\*---------------------------------------------------------------------------*/
FoamFile
{
    version     2.0;
    format      ascii;
    class       volScalarField;
    location    "841";
    object      alpha;
}
// * * * * * * * * * * * * * * * * * * * * * * * * * * * * * * * * * * * * * //

dimensions      [0 0 -1 0 0 0 0];


internalField   nonuniform List<scalar> 
9216
(
200
200
200
200
200
200
200
200
200
200
200
200
200
200
200
200
200
200
200
200
200
200
200
200
200
200
200
200
200
200
200
200
200
200
200
200
200
200
200
200
200
200
200
200
200
200
200
200
200
200
200
200
200
200
200
200
200
200
200
200
200
200
200
200
200
200
200
200
200
200
200
200
200
200
200
200
200
200
200
200
200
200
200
200
200
184.109744134
164.24156432
139.718088166
112.300022644
88.2882485227
66.7995028779
49.6046438536
35.6435878574
22.9462499515
13.0768784687
1.58525547717
200
200
200
200
200
200
200
200
200
200
200
200
200
200
200
200
200
200
200
200
200
200
200
200
200
200
200
200
200
200
200
200
200
200
200
200
200
200
200
200
200
200
200
200
200
200
200
200
200
200
200
200
200
200
200
200
200
200
200
200
200
200
200
200
200
200
200
200
200
200
200
200
200
200
200
200
200
200
200
200
200
200
200
200
200
197.228625414
177.457129115
151.948731123
128.073328851
100.984694622
77.2706959894
61.2326597157
48.1256046539
31.4203522465
20.7224147804
15.462269659
200
200
200
200
200
200
200
200
200
200
200
200
200
200
200
200
200
200
200
200
200
200
200
200
200
200
200
200
200
200
200
200
200
200
200
200
200
200
200
200
200
200
200
200
200
200
200
200
200
200
200
200
200
200
200
200
200
200
200
200
200
200
200
200
200
200
200
200
200
200
200
200
200
200
200
200
200
200
200
200
200
200
200
200
200
193.946411243
168.300449414
151.957628219
132.984038926
102.740699947
74.6419610607
65.0769921107
47.706839792
36.719029264
32.1292536677
21.8650572827
200
200
200
200
200
200
200
200
200
200
200
200
200
200
200
200
200
200
200
200
200
200
200
200
200
200
200
200
200
200
200
200
200
200
200
200
200
200
200
200
200
200
200
200
200
200
200
200
200
200
200
200
200
200
200
200
200
200
200
200
200
200
200
200
200
200
200
200
200
200
200
200
200
200
200
200
200
200
200
200
200
200
200
200
200
187.085984859
165.797057076
150.016600172
125.797418515
107.129100672
86.6757520377
62.9694451315
56.4149132588
47.1090617864
41.0404911018
28.6509512352
200
200
200
200
200
200
200
200
200
200
200
200
200
200
200
200
200
200
200
200
200
200
200
200
200
200
200
200
200
200
200
200
200
200
200
200
200
200
200
200
200
200
200
200
200
200
200
200
200
200
200
200
200
200
200
200
200
200
200
200
200
200
200
200
200
200
200
200
200
200
200
200
200
200
200
200
200
200
200
200
200
200
200
200
199.999999993
178.26609423
157.464685806
143.308121419
132.726440566
108.855164127
93.2709524024
72.6361259978
58.5495206384
57.2320094658
53.6340168396
41.2597300792
200
200
200
200
200
200
200
200
200
200
200
200
200
200
200
200
200
200
200
200
200
200
200
200
200
200
200
200
200
200
200
200
200
200
200
200
200
200
200
200
200
200
200
200
200
200
200
200
200
200
200
200
200
200
200
200
200
200
200
200
200
200
200
200
200
200
200
200
200
200
200
200
200
200
200
200
200
200
200
200
200
200
200
200
197.981388168
175.87201616
162.088640473
142.968296908
122.404243272
103.234531415
99.9176611267
87.3730269513
69.6661060243
66.4659298258
65.5550348117
52.7238083794
200
200
200
200
200
200
200
200
200
200
200
200
200
200
200
200
200
200
200
200
200
200
200
200
200
200
200
200
200
200
200
200
200
200
200
200
200
200
200
200
200
200
200
200
200
200
200
200
200
200
200
200
200
200
200
200
200
200
200
200
200
200
200
200
200
200
200
200
200
200
200
200
200
200
200
200
200
200
200
200
200
200
200
200
192.995356094
173.796061153
157.517730727
142.216769887
122.168104688
112.694619176
98.5374800168
96.8506013644
87.6110463671
77.1892741975
76.952273527
63.6794322683
200
200
200
200
200
200
200
200
200
200
200
200
200
200
200
200
200
200
200
200
200
200
200
200
200
200
200
200
200
200
200
200
200
200
200
200
200
200
200
200
200
200
200
200
200
200
200
200
200
200
200
200
200
200
200
200
200
200
200
200
200
200
200
200
200
200
200
200
200
200
200
200
200
200
200
200
200
200
200
200
200
200
200
200
188.706343747
172.134936778
153.151545941
138.115173912
125.520000674
118.301362368
109.339172296
99.6839242859
99.9679016255
87.0598177072
87.6799264565
74.4614346356
200
200
200
200
200
200
200
200
200
200
200
200
200
200
200
200
200
200
200
200
200
200
200
200
200
200
200
200
200
200
200
200
200
200
200
200
200
200
200
200
200
200
200
200
200
200
200
200
200
200
200
200
200
200
200
200
200
200
200
200
200
200
200
200
200
200
200
200
200
200
200
200
200
200
200
200
200
200
200
200
200
200
200
200
187.76678196
172.274249958
156.265255958
139.582727886
127.909840122
115.472229873
116.87921019
110.88494939
104.660814909
100.196598627
96.6704449515
84.143451098
200
200
200
200
200
200
200
200
200
200
200
200
200
200
200
200
200
200
200
200
200
200
200
200
200
200
200
200
200
200
200
200
200
200
200
200
200
200
200
200
200
200
200
200
200
200
200
200
200
200
200
200
200
200
200
200
200
200
200
200
200
200
200
200
200
200
199.749927669
181.447205119
148.138582468
115.221829178
101.59431077
115.787302774
141.647527911
165.98519614
184.319150272
195.289499073
199.492784501
199.964958214
199.331528199
199.465983537
200
200
199.99544943
199.999999667
186.244691207
171.445372098
155.57754454
142.329123239
131.783734897
124.077089152
117.455747242
118.22796344
113.642219578
111.486926113
105.213486116
94.1848836922
200
200
200
200
200
200
200
200
200
200
200
200
200
200
200
200
200
200
200
200
200
200
200
200
200
200
200
200
200
200
200
200
200
200
200
200
200
200
200
200
200
200
200
200
200
200
200
200
200
200
200
200
200
200
200
200
200
200
200
200
200
200
165.640694209
7.04263625901
0.497643287584
0.0735564198078
0.0152269502647
0.00376782168617
0.00123118101323
0.000656597275425
0.0006893370501
0.00125166151388
0.00313559232922
0.00996721945895
0.0397535919166
0.198140574348
1.28888996929
11.7806768522
128.475653578
190.157740052
199.607770771
199.778948557
199.338765086
199.289873964
184.572997186
167.770238242
154.770074706
144.940168612
139.009059463
132.021007486
126.732407392
119.639874441
121.305308896
123.4286716
113.743371636
102.085766283
200
200
200
200
200
200
200
200
200
200
200
200
200
200
200
200
200
200
200
200
200
200
200
200
200
200
200
200
200
200
200
200
200
200
200
200
200
200
200
200
200
200
200
200
200
200
200
200
200
200
200
200
200
200
200
200
200
200
200
200
3.99784926776
0.00885048505908
0.000102539176149
5.66490819009e-06
6.93061402247e-07
1.21953427975e-07
2.69654590451e-08
8.26916819798e-09
4.48983061185e-09
4.6852589343e-09
7.90034731655e-09
1.78873953901e-08
5.03458144697e-08
1.72359479547e-07
7.17677227462e-07
3.67282344604e-06
2.45571839812e-05
0.00022937940125
0.00320886914387
0.062455217727
1.7827474383
80.327490411
188.379427711
197.190101237
181.542527623
167.816290699
157.99062926
150.003687931
142.325591264
137.201444806
132.432780425
128.829221097
124.191745373
129.30504638
121.395619255
108.286267148
200
200
200
200
200
200
200
200
200
200
200
200
200
200
200
200
200
200
200
200
200
200
200
200
200
200
200
200
200
200
200
200
200
200
200
200
200
200
200
200
200
200
200
200
200
200
200
200
200
200
200
200
200
200
200
200
200
200
0.400026480387
0.000463918158086
3.07601455158e-07
4.80263592314e-10
2.81876255486e-11
4.63746702513e-12
1.12210963945e-12
3.30162421108e-13
1.31387847208e-13
8.98966326055e-14
1.05466145533e-13
1.79562675863e-13
3.88299855815e-13
1.01314975996e-12
3.1343409937e-12
1.13816787036e-11
4.83550153565e-11
2.52750262891e-10
1.69655109867e-09
1.5397517072e-08
1.91550284381e-07
3.26097085735e-06
7.86914658665e-05
0.00302005087025
0.161878575851
11.7076397124
152.359722155
170.488198292
161.599963782
153.532443625
146.032866996
141.132498988
136.47468621
133.053005575
130.929359135
133.099229239
127.830603068
113.7868578
200
200
200
200
200
200
200
200
200
200
200
200
200
200
200
200
200
200
200
200
200
200
200
200
200
200
200
200
200
200
200
200
200
200
200
200
200
200
200
200
200
200
200
200
200
200
200
200
200
200
200
200
200
200
200
200
4.40211374771
0.000260706934302
9.62692684157e-09
2.47765896967e-13
5.06375511937e-15
4.40929845277e-16
8.84724615199e-17
2.60845113442e-17
9.5113614588e-18
5.23058718069e-18
4.72869032267e-18
6.37101536741e-18
1.11733670226e-17
2.36456436483e-17
5.80324651304e-17
1.63674156534e-16
5.31958742759e-16
2.03618849259e-15
9.37669085385e-15
5.34065366381e-14
3.87579651644e-13
3.62519513149e-12
4.11881550767e-11
5.8602116599e-10
1.16513318524e-08
3.31961677877e-07
1.34416934315e-05
0.000704520518167
0.0445601086603
4.09959821901
140.515188333
155.370316274
149.026930671
146.254365913
140.679605393
137.729974313
135.074968329
133.158602909
135.563179131
118.467629145
200
200
200
200
200
200
200
200
200
200
200
200
200
200
200
200
200
200
200
200
200
200
200
200
200
200
200
200
200
200
200
200
200
200
200
200
200
200
200
200
200
200
200
200
200
200
200
200
200
200
200
200
200
200
200
0.00223872218887
7.16567124499e-08
9.6621618326e-15
1.92497548099e-18
1.55143489156e-19
2.78017163934e-20
7.29135135514e-21
2.60959822484e-21
1.24099585289e-21
8.93724012227e-22
9.640271806e-22
1.37741836832e-21
2.36762738683e-21
4.7192860066e-21
1.08779427034e-20
2.85029975528e-20
8.55023847604e-20
2.95767966557e-19
1.19910815828e-18
5.76668715244e-18
3.37123553677e-17
2.31787688868e-16
1.94478098606e-15
2.0373020408e-14
2.80420061687e-13
5.15355434397e-12
1.14457446482e-10
3.38768520635e-09
1.33533433618e-07
5.61493354435e-06
0.000437049802874
0.0547145960054
18.436241804
147.522569783
150.024577386
144.776132191
141.543808373
138.242063329
136.426783761
140.67066982
122.387678167
200
200
200
200
200
200
200
200
200
200
200
200
200
200
200
200
200
200
200
200
200
200
200
200
200
200
200
200
200
200
200
200
200
200
200
200
200
200
200
200
200
200
200
200
200
200
200
200
200
200
200
200
200
200
6.68764040765e-05
7.19672118202e-15
2.06204626465e-20
1.80437661277e-22
2.36587428946e-23
5.67446976532e-24
1.93989346824e-24
8.51851910496e-25
4.89497614335e-25
4.10915357947e-25
4.81700390593e-25
7.09004615586e-25
1.2241661214e-24
2.41529993687e-24
5.32992826177e-24
1.33941289562e-23
3.79761170389e-23
1.22138189382e-22
4.46424393406e-22
1.84597937902e-21
8.840551895e-21
4.97418935188e-20
3.29232080922e-19
2.59381393459e-18
2.49620259823e-17
2.92574929113e-16
4.29071504422e-15
8.27425884579e-14
2.14079066097e-12
6.40134543319e-11
2.04911114316e-09
1.05260986798e-07
9.64598988069e-06
0.00223888464236
1.14337776083
133.040879214
146.863995972
144.021503838
141.830790618
138.863459467
141.653958468
125.19124407
200
200
200
200
200
200
200
200
200
200
200
200
200
200
200
200
200
200
200
200
200
200
200
200
200
200
200
200
200
200
200
200
200
200
200
200
200
200
200
200
200
200
200
200
200
200
200
200
200
200
200
200
200
9.65351620886e-06
3.77580490561e-21
1.62437729812e-24
8.24269061176e-26
1.50050748299e-26
4.20419559771e-27
1.62185858124e-27
8.03160025868e-28
5.04217533239e-28
4.42218411149e-28
5.21609533813e-28
7.61843306731e-28
1.28905381662e-27
2.45614013055e-27
5.29016261665e-27
1.2824326683e-26
3.43012960681e-26
1.03958629246e-25
3.5743958175e-25
1.37581533496e-24
5.8925549434e-24
2.8639588221e-23
1.59335883546e-22
9.92677170862e-22
7.1096444701e-21
6.13282590899e-20
6.34161986441e-19
8.00532763986e-18
1.24459063768e-16
2.46349578571e-15
5.41025809398e-14
1.55971783458e-12
6.18019451491e-11
4.20397963631e-09
5.74305558892e-07
0.000140962656971
0.117700133072
110.350680943
145.373519223
143.634951054
140.687812052
141.800918899
126.761285424
200
200
200
200
200
200
200
200
200
200
200
200
200
200
200
200
200
200
200
200
200
200
200
200
200
200
200
200
200
200
200
200
200
200
200
200
200
200
200
200
200
200
200
200
200
200
200
200
200
200
200
200
2.54761268285e-06
2.36203738173e-25
1.62107624858e-27
1.64505587914e-28
3.417810018e-29
9.93032067052e-30
3.81079158554e-30
1.77918434775e-30
1.08532537805e-30
8.92707716905e-31
9.98250521618e-31
1.42194125363e-30
2.55215929182e-30
4.94481038108e-30
1.0626556592e-29
2.49236927772e-29
6.54341452226e-29
1.91698911696e-28
6.20105388365e-28
2.17660886137e-27
8.49382383475e-27
3.60938225298e-26
1.75256499041e-25
9.41209133471e-25
5.58158218714e-24
3.76573684385e-23
2.9475332187e-22
2.60612840638e-21
2.74456750476e-20
3.5852073975e-19
5.25681850229e-18
9.25210335811e-17
2.01158535625e-15
6.46601802643e-14
3.93676715826e-12
3.15620625288e-10
5.11674457781e-08
2.2510876846e-05
0.0314609544527
99.7983299889
143.446096477
142.22061205
140.644820892
127.624699032
200
200
200
200
200
200
200
200
200
200
200
200
200
200
200
200
200
200
200
200
200
200
200
200
200
200
200
200
200
200
200
200
200
200
200
200
200
200
200
200
200
200
200
200
200
200
200
200
200
200
200
9.50921589882e-07
3.05971024548e-28
7.14474564999e-30
1.70223907475e-31
0
0
0
0
0
0
0
0
0
3.62672492138e-33
1.19360278077e-32
6.05272706108e-32
1.80459455509e-31
6.1113244387e-31
2.06838837006e-30
7.2479738538e-30
2.64145329855e-29
1.03899740246e-28
4.40874479603e-28
2.00046311471e-27
9.99748850265e-27
5.5215374141e-26
3.49398678391e-25
2.42526378871e-24
1.89636538995e-23
1.74431812074e-22
1.70908185179e-21
1.97350702356e-20
2.89046423438e-19
5.33643334833e-18
1.34188337875e-16
5.8946953979e-15
3.65410665823e-13
4.57360525248e-11
1.05558349745e-08
6.7977735413e-06
0.020044597867
109.324796508
142.746066059
139.619178294
128.400451978
200
200
200
200
200
200
200
200
200
200
200
200
200
200
200
200
200
200
200
200
200
200
200
200
200
200
200
200
200
200
200
200
200
200
200
200
200
200
200
200
200
200
200
200
200
200
200
200
200
200
4.12290098323e-07
3.59001825468e-30
0
0
0
0
0
0
0
0
0
0
0
0
0
0
0
2.73942348475e-33
7.52581049315e-33
3.34300402993e-32
1.40887245047e-31
5.72967539393e-31
2.36485599317e-30
9.80828559237e-30
4.1699760412e-29
1.97945361175e-28
9.81117726467e-28
5.3804476224e-27
3.30384292132e-26
2.35614424836e-25
1.70474170997e-24
1.39762293357e-23
1.35559168364e-22
1.58968443216e-21
2.38564020299e-20
5.562016679e-19
1.64866899484e-17
6.90127948591e-16
6.01650636757e-14
1.05543385335e-11
3.500130173e-09
4.29491328862e-06
0.0473915177946
127.904153719
140.08713648
128.929280579
200
200
200
200
200
200
200
200
200
200
200
200
200
200
200
200
200
200
200
200
200
200
200
200
200
200
200
200
200
200
200
200
200
200
200
200
200
200
200
200
200
200
200
200
200
200
200
200
200
2.98635942304e-07
3.85107293371e-35
0
0
0
0
0
0
0
0
0
0
0
0
0
0
0
0
0
0
2.6402972561e-34
4.25706099484e-33
1.20515332183e-32
5.39659432037e-32
2.97258617831e-31
1.18909160586e-30
6.04095160653e-30
2.74248681778e-29
1.43629444857e-28
7.32594639497e-28
4.33639812313e-27
2.68732809922e-26
1.97255038842e-25
1.58672268776e-24
1.52323965034e-23
1.86756308125e-22
3.26527481556e-21
7.28235460754e-20
2.4267083917e-18
1.39048003666e-16
1.4415516666e-14
3.57820019157e-12
2.11208767211e-09
8.46152685523e-06
0.42964174307
137.481296866
129.063551866
200
200
200
200
200
200
200
200
200
200
200
200
200
200
200
200
200
200
200
200
200
200
200
200
200
200
200
200
200
200
200
200
200
200
200
200
200
200
200
200
200
200
200
200
200
200
200
200
6.9380705567e-07
0
0
0
0
0
0
0
0
0
0
0
0
0
0
0
0
0
0
0
0
0
0
0
2.64565417756e-33
7.78868169627e-33
4.16875305416e-32
2.07673801895e-31
8.58459571155e-31
4.5805960266e-30
2.19118320863e-29
1.17299365229e-28
6.26073549683e-28
4.17068852221e-27
2.92853711849e-26
2.42987732238e-25
2.38707749083e-24
3.27318554307e-23
5.42492436819e-22
1.42022914322e-20
5.15347380937e-19
3.55435267192e-17
5.03182169847e-15
1.96609323472e-12
3.24288969584e-09
5.23674325862e-05
63.1285856901
126.86219584
200
200
200
200
200
200
200
200
200
200
200
200
200
200
200
200
200
200
200
200
200
200
200
200
200
200
200
200
200
200
200
200
200
200
200
200
200
200
200
200
200
200
200
200
200
200
200
2.64622175946e-06
0
0
0
0
0
0
0
0
0
0
0
0
0
0
0
0
0
0
0
0
0
0
0
0
0
0
2.04055346839e-33
7.72766551677e-33
3.6953696573e-32
1.88609150182e-31
8.72077030599e-31
4.82490855127e-30
2.39195880665e-29
1.37371214465e-28
8.81984208275e-28
5.96910249844e-27
4.92990992836e-26
5.46652765715e-25
6.63614838799e-24
1.16031461154e-22
3.10634683391e-21
1.48897275487e-19
1.32122417762e-17
2.68228235718e-15
2.54580331917e-12
1.47539245041e-08
0.00302781663878
121.396431947
200
200
200
200
200
200
200
200
200
200
200
200
200
200
200
200
200
200
200
200
200
200
200
200
200
200
200
200
200
200
200
200
200
200
200
200
200
200
200
200
200
200
200
200
200
200
4.48468043804e-05
0
0
0
0
0
0
0
0
0
0
0
0
0
0
0
0
0
0
0
0
0
0
0
0
0
0
0
0
0
1.94507421942e-33
8.66448036317e-33
4.57280853847e-32
2.43844401684e-31
1.18856582783e-30
7.14098483398e-30
3.88405089295e-29
2.45187534309e-28
1.65648475306e-27
1.30355770324e-26
1.44728514694e-25
1.78997620448e-24
3.58298370317e-23
1.10502364729e-21
6.10462909078e-20
7.47210783237e-18
2.99753132851e-15
9.39436078762e-12
3.92223585087e-07
74.5824599602
200
200
200
200
200
200
200
200
200
200
200
200
200
200
200
200
200
200
200
200
200
200
200
200
200
200
200
200
200
200
200
200
200
200
200
200
200
200
200
200
200
200
200
200
200
200
0
0
0
0
0
0
0
0
0
0
0
0
0
0
0
0
0
0
0
0
0
0
0
0
0
0
0
0
0
0
0
0
2.54425122657e-33
1.19559915424e-32
6.63701449071e-32
3.76482239111e-31
2.20256931341e-30
1.248952413e-29
8.41005428115e-29
5.61853301454e-28
4.81435422615e-27
4.70071284155e-26
7.01182498255e-25
1.47443515535e-23
5.167438988e-22
3.61074633179e-20
7.70974666151e-18
8.14228221904e-15
1.43467222448e-10
0.00434394078093
200
200
200
200
200
200
200
200
200
200
200
200
200
200
200
200
200
200
200
200
200
200
200
200
200
200
200
200
200
200
200
200
200
200
200
200
200
200
200
200
200
200
200
200
200
0
0
0
0
0
0
0
0
0
0
0
0
0
0
0
0
0
0
0
0
0
0
0
0
0
0
0
0
0
0
0
0
0
0
0
4.09512223308e-33
2.10930966071e-32
1.64461403815e-31
8.55250457132e-31
5.41318213835e-30
3.69610666351e-29
2.31095058861e-28
1.93588475247e-27
2.19465213369e-26
3.41627561609e-25
7.6153263311e-24
3.14535714458e-22
3.47996505417e-20
1.64128250893e-17
8.87343900788e-14
2.06417389771e-07
200
200
200
200
200
200
200
200
200
200
200
200
200
200
200
200
200
200
200
200
200
200
200
200
200
200
200
200
200
200
200
200
200
200
200
200
200
200
200
200
200
200
200
200
200
0
0
0
0
0
0
0
0
0
0
0
0
0
0
0
0
0
0
0
0
0
0
0
0
0
0
0
0
0
0
0
0
0
0
0
0
1.24328567297e-33
9.15998014168e-33
6.71599459674e-32
4.0832399742e-31
2.75258267727e-30
1.82200506091e-29
1.26516994664e-28
1.05879763177e-27
1.15502231243e-26
1.89547170947e-25
4.70474976127e-24
2.91480181751e-22
6.30817439916e-20
1.17384000696e-16
3.6320232271e-11
200
200
200
200
200
200
200
200
200
200
200
200
200
200
200
200
200
200
200
200
200
200
200
200
200
200
200
200
200
200
200
200
200
200
200
200
200
200
200
200
200
200
200
200
200
0
0
0
0
0
0
0
0
0
0
0
0
0
0
0
0
0
0
0
0
0
0
0
0
0
0
0
0
0
0
0
0
0
0
0
0
0
0
4.34099807164e-33
3.64867462944e-32
2.19369412189e-31
1.64101566218e-30
1.02904290405e-29
6.72044415823e-29
5.58316755952e-28
7.1152613228e-27
1.24022434881e-25
4.4293810051e-24
4.53252733827e-22
3.45377763927e-19
1.15021988564e-14
200
200
200
200
200
200
200
200
200
200
200
200
200
200
200
200
200
200
200
200
200
200
200
200
200
200
200
200
200
200
200
200
200
200
200
200
200
200
200
200
200
200
200
200
0
0
0
0
0
0
0
0
0
0
0
0
0
0
0
0
0
0
0
0
0
0
0
0
0
0
0
0
0
0
0
0
0
0
0
0
0
0
0
0
1.95032740809e-33
2.27701680243e-32
1.58352640512e-31
1.11708385945e-30
6.86581235375e-30
5.5055335771e-29
4.28867661212e-28
5.79398627471e-27
1.34997204056e-25
6.4099771856e-24
1.84190541243e-21
1.14295437826e-17
200
200
200
200
200
200
200
200
200
200
200
200
200
200
200
200
200
200
200
200
200
200
200
200
200
200
200
200
200
200
200
200
200
200
200
200
200
200
200
200
200
200
200
200
0
0
0
0
0
0
0
0
0
0
0
1.83936484733e-33
9.20263744894e-33
1.41907664228e-32
2.43487578443e-32
0
0
0
0
0
0
0
0
0
0
0
0
0
0
0
0
0
0
0
0
0
0
0
0
0
0
8.26251536697e-34
1.56833449737e-32
1.40359448468e-31
9.32142976927e-31
6.18891724651e-30
4.81397224977e-29
4.64090744315e-28
6.77611161063e-27
1.84972525295e-25
2.10671832374e-23
2.98446121315e-20
200
200
200
2.33684807763e-36
0
0
0
0
0
0
0
0
0
0
0
0
0
0
0
0
0
0
0
2.92060295037e-31
4.23740612042e-29
200
200
200
200
200
200
200
200
200
200
200
200
200
200
200
200
200
200
200
0
0
0
0
0
0
0
0
0
6.381690429e-33
1.05821562805e-31
6.52499254384e-31
4.66777430726e-30
3.07341823358e-29
5.83969545924e-29
8.18572594594e-29
2.20139910249e-30
1.49485629796e-31
0
0
0
0
0
0
0
0
0
0
0
0
0
0
0
0
0
0
0
0
0
0
0
0
1.45823824147e-34
1.31793876928e-32
1.05459748188e-31
7.44703571948e-31
5.9866994754e-30
4.82659909221e-29
4.70078054258e-28
9.56166251647e-27
5.05458471945e-25
1.99949800906e-22
2.90933652683e-37
1.53122975097e-37
0
0
0
0
0
0
0
0
0
0
0
0
0
0
0
0
0
0
0
0
0
0
0
0
0
0
0
0
1.67713503311e-30
2.29651653705e-28
200
200
200
200
200
200
200
200
200
200
200
0
0
0
0
0
0
0
0
1.59425741948e-33
1.3768205559e-31
6.96733183303e-30
6.11491411675e-28
200
200
200
200
200
200
200
200
200
200
200
199.995294233
0
0
0
0
0
0
0
0
0
0
0
0
0
0
0
0
0
0
0
0
5.73039296826e-36
1.53143996719e-32
1.21166606975e-31
1.07749006439e-30
8.15475469739e-30
6.85543444224e-29
8.88319986778e-28
2.39522845334e-26
3.28716553888e-24
0
0
0
0
0
0
0
0
0
0
0
0
0
0
0
0
0
0
0
0
0
0
0
0
0
0
0
0
0
0
0
0
0
0
0
2.30159751156e-30
1.12672525028e-28
200
200
200
200
200
200
0
0
0
0
0
0
0
1.72306114114e-32
4.01620898301e-30
3.06497639043e-27
200
200
200
200
200
200
200
200
200
200
200
200
200
200
199.997334569
0
0
0
0
0
0
0
0
0
0
0
0
0
0
0
0
0
0
0
0
5.52099497744e-34
2.20027330028e-32
1.93944825114e-31
1.37952109683e-30
1.2970561126e-29
1.28696943723e-28
2.05099325924e-27
1.24904796188e-25
0
0
0
0
0
0
0
0
0
0
0
0
0
0
0
0
0
0
0
0
0
0
0
0
0
0
0
0
0
0
0
0
0
0
0
0
0
0
1.89338340042e-32
1.6774735231e-30
2.10468535693e-29
4.88943220254e-29
1.10199548338e-30
0
0
0
0
0
0
1.75031561487e-31
1.11888856319e-28
200
200
200
200
200
200
200
200
200
200
200
200
200
200
200
200
200
199.997219137
0
0
0
0
0
0
0
0
0
0
0
0
0
0
0
0
0
0
0
0
1.73173071958e-33
4.28287956993e-32
2.97200694229e-31
2.42049277103e-30
2.155257546e-29
2.95988955672e-28
8.66070638631e-27
0
0
0
0
0
0
0
0
0
0
0
0
0
0
0
0
0
0
0
0
0
0
0
0
0
0
0
0
0
0
0
0
0
0
0
0
0
0
0
0
0
0
1.26912467747e-31
0
0
2.25454832774e-35
3.87104974083e-35
2.41746205242e-33
1.39756318293e-30
6.9162529018e-27
200
200
200
200
200
200
200
200
200
200
200
200
200
200
200
200
200
200
200
199.996514613
0
0
0
0
0
0
0
0
0
0
0
0
0
0
0
0
0
0
0
0
5.10874036808e-33
7.93109047321e-32
6.65033850629e-31
5.84514077782e-30
6.30465714768e-29
1.02022940367e-27
0
0
0
0
0
0
0
0
0
0
0
0
0
0
0
0
0
0
0
0
0
0
0
0
0
0
0
0
0
0
0
0
0
0
0
0
0
0
0
0
0
0
0
0
2.86626811419e-35
1.87333633945e-34
1.4627190033e-32
2.84323623631e-30
1.05203172122e-24
200
200
200
200
200
200
200
200
200
200
200
200
200
200
200
200
200
200
200
200
200
199.995697053
0
0
0
0
0
0
0
0
0
0
0
0
0
0
0
0
0
0
0
0
1.70647333603e-32
1.58124363849e-31
1.81646770131e-30
1.78919926419e-29
1.97878499106e-28
0
0
0
0
0
0
0
0
0
0
0
0
0
0
0
0
0
0
0
0
0
0
0
0
0
0
0
0
0
0
0
0
0
0
0
0
0
0
0
0
0
0
0
0
0
9.80207501622e-33
1.10127923366e-30
200
200
200
200
200
200
200
200
200
200
200
200
200
200
200
200
200
200
200
200
200
200
200
200
199.99344163
0
0
0
0
0
0
0
0
0
0
0
0
0
0
0
0
0
0
0
2.46150533996e-33
5.68762809729e-32
4.73450460918e-31
5.32006507887e-30
5.35956448063e-29
0
0
0
0
0
0
0
0
0
0
0
0
0
0
0
0
0
0
0
0
0
0
0
0
0
0
0
0
0
0
0
0
0
0
0
0
0
0
0
0
0
0
0
0
0
0
1.02079523549e-28
200
200
200
200
200
200
200
200
200
200
200
200
200
200
200
200
200
200
200
200
200
200
200
200
200
154.24641509
0
0
0
0
0
0
0
0
0
0
0
0
0
0
0
0
0
0
0
1.54686034919e-32
1.82766978913e-31
2.01852919086e-30
1.80513325565e-29
0
0
0
0
0
0
0
0
0
0
0
0
0
0
0
0
0
0
0
0
0
0
0
0
0
0
0
0
0
0
0
0
0
0
0
0
0
0
0
0
0
0
0
0
0
0
0
0
2.13293500918e-36
200
200
200
200
200
200
200
200
200
200
200
200
200
200
200
200
200
200
200
200
200
200
200
200
0
0
0
0
0
0
0
0
0
0
0
0
0
0
0
0
0
0
0
4.25983838883e-33
7.88211774696e-32
8.78889223782e-31
7.3777929214e-30
0
0
0
0
0
0
0
0
0
0
0
0
0
0
0
0
0
0
0
0
0
0
0
0
0
0
0
0
0
0
0
0
0
0
0
0
0
0
0
0
0
0
0
0
0
0
0
0
0
1.91964150826e-36
2.57032803521e-35
1.47744787146e-29
200
200
200
200
200
200
200
200
200
200
200
200
200
200
200
200
200
200
200
200
200
165.447272194
0
0
0
0
0
0
0
0
0
0
0
0
0
0
0
0
0
0
1.06243645156e-33
3.85834777204e-32
4.32613894368e-31
3.55566621719e-30
0
0
0
0
0
0
0
0
0
0
0
0
0
0
0
0
0
0
0
0
0
0
0
0
0
0
0
0
0
0
0
0
0
0
0
0
0
0
0
0
0
0
0
0
0
0
0
0
0
0
1.72767735743e-36
9.70509128453e-36
1.19349114257e-34
5.44298735023e-29
200
200
200
200
200
200
200
200
200
200
200
200
200
200
200
200
200
200
200
200
0
0
0
0
0
0
0
0
0
0
0
0
0
0
0
0
0
0
0
1.7595896572e-32
2.16996724415e-31
1.96284993719e-30
0
0
0
0
0
0
0
0
0
0
0
0
0
0
0
0
0
0
0
0
0
0
0
0
0
0
0
0
0
0
0
0
0
0
0
0
0
0
0
0
0
0
0
0
0
0
0
0
0
0
0
3.28258697912e-36
7.33516349656e-36
1.02511102039e-34
2.94217151685e-34
1.11748776941e-27
200
200
200
200
200
200
200
200
200
200
200
200
200
200
200
200
200
200
0
0
0
0
0
0
0
0
0
0
0
0
0
0
0
0
0
0
0
8.63854054903e-33
1.18609357008e-31
1.21113326609e-30
0
0
0
0
0
0
0
0
0
0
0
0
0
0
0
0
0
0
0
0
0
0
0
0
0
0
0
0
0
0
0
0
0
0
0
0
0
0
0
0
0
0
0
0
0
0
0
0
0
0
0
0
2.95432828121e-36
6.6016471469e-36
9.10005150412e-35
2.00489992065e-34
2.23910078111e-29
200
200
200
200
200
200
200
200
200
200
200
200
200
200
200
200
200
200
0
0
0
0
0
0
0
0
0
0
0
0
0
0
0
0
0
0
5.28191834363e-33
8.92695398803e-32
8.18694556765e-31
0
0
0
0
0
0
0
0
0
0
0
0
0
0
0
0
0
0
0
0
0
0
0
0
0
0
0
0
0
0
0
0
0
0
0
0
0
0
0
0
0
0
0
0
0
0
0
0
0
0
0
0
0
4.21380507478e-36
1.44144131943e-35
6.98532545833e-35
1.08373398107e-34
2.17740950089e-30
200
200
200
200
200
200
200
200
200
200
200
200
200
200
200
200
200
0
0
0
0
0
0
0
0
0
0
0
0
0
0
0
0
0
0
3.1305164255e-33
7.17177736786e-32
6.10978323625e-31
0
0
0
0
0
0
0
0
0
0
0
0
0
0
0
0
0
0
0
0
0
0
0
0
0
0
0
0
0
0
0
0
0
0
0
0
0
0
0
0
0
0
0
0
0
0
0
0
0
0
0
0
0
1.25947679357e-36
2.65889545309e-36
2.2054266022e-35
5.87420979563e-35
9.7045594255e-35
9.43328295389e-35
200
200
200
200
200
200
200
200
200
200
200
200
200
200
200
200
0
0
0
0
0
0
0
0
0
0
0
0
0
0
0
0
0
0
2.58935813046e-33
5.78435286685e-32
5.0216411746e-31
0
0
0
0
0
0
0
0
0
0
0
0
0
0
0
0
0
0
0
0
0
0
0
0
0
0
0
0
0
0
0
0
0
0
0
0
0
0
0
0
0
0
0
0
0
0
0
0
0
0
0
0
0
1.25947679357e-36
2.39300590778e-36
2.39300590778e-36
2.32881004602e-35
5.65846171061e-35
8.53208350736e-35
8.13324232597e-35
200
200
200
200
200
200
200
200
200
200
200
200
200
200
200
0
0
0
0
0
0
0
0
0
0
0
0
0
0
0
0
0
0
2.38734340552e-33
5.66478084322e-32
4.65624491445e-31
0
0
0
0
0
0
0
0
0
0
0
0
0
0
0
0
0
0
0
0
0
0
0
0
0
0
0
0
0
0
0
0
0
0
0
0
0
0
0
0
0
0
0
0
0
0
0
0
0
0
0
0
0
0
2.39300590778e-36
2.39300590778e-36
2.39300590778e-36
2.82430307305e-35
6.49758350273e-35
7.00982966266e-35
3.58644197772e-31
200
200
200
200
200
200
200
200
200
200
200
200
200
200
0
0
0
0
0
0
0
0
0
0
0
0
0
0
0
0
0
0
2.44375274552e-33
5.60682788114e-32
4.767127821e-31
0
0
0
0
0
0
0
0
0
0
0
0
0
0
0
0
0
0
0
0
0
0
0
0
0
0
0
0
0
0
0
0
0
0
0
0
0
0
0
0
0
0
0
0
0
0
0
0
0
0
0
0
0
0
0
2.39300590778e-36
2.39300590778e-36
2.39300590778e-36
3.37485088085e-35
5.07393544863e-35
4.90367009309e-35
7.66229095481e-30
200
200
200
200
200
200
200
200
200
200
200
200
200
0
0
0
0
0
0
0
0
0
0
0
0
0
0
0
0
0
0
3.3970854496e-33
5.86349031054e-32
5.25980290563e-31
0
0
0
0
0
0
0
0
0
0
0
0
0
0
0
0
0
0
0
0
0
0
0
0
0
0
0
0
0
0
0
0
0
0
0
0
0
0
0
0
0
0
0
0
0
0
0
0
0
0
0
0
0
0
0
0
0
1.25947679357e-36
3.7924245673e-36
3.2012377178e-35
4.2235634461e-35
3.04017864129e-35
200
200
200
200
200
200
200
200
200
200
200
200
200
0
0
0
0
0
0
0
0
0
0
0
0
0
0
0
0
0
0
4.66433238894e-33
7.9407162341e-32
6.19728688816e-31
0
0
0
0
0
0
0
0
0
0
0
0
0
0
0
0
0
0
0
0
0
0
0
0
0
0
0
0
0
0
0
0
0
0
0
0
0
0
0
0
0
0
0
0
0
0
0
0
0
0
0
0
0
0
0
0
0
0
6.6016471469e-36
8.73458215608e-36
7.86112394047e-36
1.58850311698e-35
2.04239098249e-33
200
200
200
200
200
200
200
200
200
200
200
200
0
0
0
0
0
0
0
0
0
0
0
0
0
0
0
0
0
0
6.85978278115e-33
1.02491158831e-31
7.77182474378e-31
0
0
0
0
0
0
0
0
0
0
0
0
0
0
0
0
0
0
0
0
0
0
0
0
0
0
0
0
0
0
0
0
0
0
0
0
0
0
0
0
0
0
0
0
0
0
0
0
0
0
0
0
0
0
0
0
0
0
1.72767735743e-36
7.33516349656e-36
1.11045099441e-35
8.73458215608e-36
4.34981574927e-34
200
200
200
200
200
200
200
200
200
200
200
200
0
0
0
0
0
0
0
0
0
0
0
0
0
0
0
0
0
0
1.17127076541e-32
1.30654235923e-31
9.59873092299e-31
0
0
0
0
0
0
0
0
0
0
0
0
0
0
0
0
0
0
0
0
0
0
0
0
0
0
0
0
0
0
0
0
0
0
0
0
0
0
0
0
0
0
0
0
0
0
0
0
0
0
0
0
0
0
0
0
0
0
0
0
8.15018166284e-36
1.23383443823e-35
1.7660337466e-34
3.70943024435e-33
200
200
200
200
200
200
200
200
200
200
200
1.25947679357e-36
0
0
0
0
0
0
0
0
0
0
0
0
0
0
0
0
6.51144037182e-34
2.0457619879e-32
1.87743702732e-31
1.13856731043e-30
0
0
0
0
0
0
0
0
0
0
0
0
0
0
0
0
0
0
0
0
0
0
0
0
0
0
0
0
0
0
0
0
0
0
0
0
0
0
0
0
0
0
0
0
0
0
0
0
0
0
0
0
0
0
0
0
0
0
0
0
0
9.05575740316e-36
1.9915180862e-34
1.39493180613e-33
200
200
200
200
200
200
200
200
200
200
200
1.25947679357e-36
1.25947679357e-36
0
0
0
0
0
0
0
0
0
0
0
0
0
0
0
2.05709756416e-33
3.4029358504e-32
2.82802772715e-31
2.94018017463e-30
0
0
0
0
0
0
0
0
0
0
0
0
0
0
0
0
0
0
0
0
0
0
0
0
0
0
0
0
0
0
0
0
0
0
0
0
0
0
0
0
0
0
0
0
0
0
0
0
0
0
0
0
0
0
0
0
0
0
0
0
0
0
8.60396133084e-35
4.628548742e-34
200
200
200
200
200
200
200
200
200
200
200
1.25947679357e-36
1.25947679357e-36
1.25947679357e-36
0
0
0
0
0
0
0
0
0
0
0
0
0
0
5.21846910449e-33
5.40696637584e-32
3.85245137583e-31
9.54550427626e-30
0
0
0
0
0
0
0
0
0
0
0
0
0
0
0
0
0
0
0
0
0
0
0
0
0
0
0
0
0
0
0
0
0
0
0
0
0
0
0
0
0
0
0
0
0
0
0
0
0
0
0
0
0
0
0
0
0
0
0
0
0
0
0
4.36768223875e-34
200
200
200
200
200
200
200
200
200
200
0
1.13352911421e-36
1.25947679357e-36
1.25947679357e-36
1.25947679357e-36
0
0
0
0
0
0
0
0
0
0
0
0
5.63618213714e-35
9.53968237433e-33
9.75525813846e-32
4.87602581895e-31
1.72425784845e-29
0
0
0
0
0
0
0
0
0
0
0
0
0
0
0
0
0
0
0
0
0
0
0
0
0
0
0
0
0
0
0
0
0
0
0
0
0
0
0
0
0
0
0
0
0
0
0
0
0
0
0
0
0
0
0
0
0
0
0
0
0
0
0
3.99258413219e-34
200
200
200
200
200
200
200
200
200
200
0
0
1.13352911421e-36
1.25947679357e-36
1.25947679357e-36
0
0
0
0
0
0
0
0
0
0
0
0
1.66821150356e-33
1.61882423774e-32
1.25558443961e-31
5.30126985116e-31
2.86126190959e-29
0
0
0
0
0
0
0
0
0
0
0
0
0
0
0
0
0
0
0
0
0
0
0
0
0
0
0
0
0
0
0
0
0
0
0
0
0
0
0
0
0
0
0
0
0
0
0
0
0
0
0
0
0
0
0
0
0
0
0
0
0
0
0
0
200
200
200
200
200
200
200
200
200
0
0
0
0
1.25947679357e-36
1.25947679357e-36
1.25947679357e-36
0
0
0
0
0
0
0
0
0
0
0
3.41260618804e-33
3.413069375e-32
1.66498540101e-31
1.10693483418e-30
4.01106592272e-29
0
0
0
0
0
0
0
0
0
0
0
0
0
0
0
0
0
0
0
0
0
0
0
0
0
0
0
0
0
0
0
0
0
0
0
0
0
0
0
0
0
0
0
0
0
0
0
0
0
0
0
0
0
0
0
0
0
0
0
0
0
0
0
0
200
200
200
200
200
200
200
200
0
0
0
0
0
0
1.25947679357e-36
1.25947679357e-36
0
0
0
0
0
0
0
0
0
0
8.82328349324e-34
6.4278402183e-33
3.92568160778e-32
1.59078691562e-31
2.45925578096e-30
6.21680381741e-29
0
0
0
0
0
0
0
0
0
0
0
0
0
0
0
0
0
0
0
0
0
0
0
0
0
0
0
0
0
0
0
0
0
0
0
0
0
0
0
0
0
0
0
0
0
0
0
0
0
0
0
0
0
0
0
0
0
0
0
0
0
0
0
0
200
200
200
200
200
200
200
0
0
0
0
0
0
0
0
1.25947679357e-36
0
0
0
0
0
0
0
0
0
0
2.47559451702e-33
1.3179290019e-32
4.56984804773e-32
1.1114587635e-31
2.90295823791e-30
9.26758407363e-29
0
0
0
0
0
0
0
0
0
0
0
0
0
0
0
0
0
0
0
0
0
0
0
0
0
0
0
0
0
0
0
0
0
0
0
0
0
0
0
0
0
0
0
0
0
0
0
0
0
0
0
0
0
0
0
0
0
0
0
0
0
0
0
20.3973544965
200
200
200
200
200
200
0
0
0
0
0
0
0
0
0
0
0
0
0
0
0
0
0
0
0
9.76920668475e-34
3.64129392735e-33
1.46381459777e-32
2.70971927577e-32
2.49002717834e-31
4.44437762029e-30
1.31292562404e-28
0
0
0
0
0
0
0
0
0
0
0
0
0
0
0
0
0
0
0
0
0
0
0
0
0
0
0
0
0
0
0
0
0
0
0
0
0
0
0
0
0
0
0
0
0
0
0
0
0
0
0
0
0
0
0
0
0
0
0
0
0
0
0
200
200
200
200
200
200
0
0
0
0
0
0
0
0
0
0
0
0
0
0
0
0
0
0
0
0
2.69185817265e-33
1.00184240512e-32
1.68290271489e-32
4.81383981313e-33
2.41553226885e-31
7.5376292278e-30
1.41427766054e-28
0
0
0
0
0
0
0
0
0
0
0
0
0
0
0
0
0
0
0
0
0
0
0
0
0
0
0
0
0
0
0
0
0
0
0
0
0
0
0
0
0
0
0
0
0
0
0
0
0
0
0
0
0
0
0
0
0
0
0
0
0
0
0
200
200
200
200
0
0
0
0
0
0
0
0
0
0
0
0
0
0
0
0
0
0
0
0
0
1.5200164479e-33
5.59059311305e-33
1.81808039129e-32
3.07233777637e-32
2.01194107498e-33
6.21137862911e-32
1.26005578478e-29
1.30433083773e-28
0
0
0
0
0
0
0
0
0
0
0
0
0
0
0
0
0
0
0
0
0
0
0
0
0
0
0
0
0
0
0
0
0
0
0
0
0
0
0
0
0
0
0
0
0
0
0
0
0
0
0
0
0
0
0
0
0
0
0
0
0
0
0
200
0
0
0
0
0
0
0
0
0
0
0
0
0
0
0
0
0
0
0
0
0
0
0
1.0165742195e-33
2.637821587e-33
7.19770656371e-33
1.72098650147e-32
1.94850041321e-32
6.07303103347e-32
2.43979409381e-31
6.37721151626e-30
7.03871720077e-29
0
0
0
0
0
0
0
0
0
0
0
0
0
0
0
0
0
0
0
0
0
0
0
0
0
0
0
0
0
0
0
0
0
0
0
0
0
0
0
0
0
0
0
0
0
0
0
0
0
0
0
0
0
0
0
0
0
0
0
0
0
0
0
0
0
0
0
0
0
0
0
0
0
0
0
0
0
0
0
0
0
0
0
0
0
0
6.8599844284e-34
3.38578934763e-33
5.23938331175e-33
7.32946139332e-33
7.62417485967e-33
3.56951696188e-31
4.44162405481e-31
8.29887002971e-31
4.75919348403e-30
1.1259128302e-28
2.90933652683e-37
0
0
0
0
0
0
0
0
0
0
0
0
0
0
0
0
0
0
0
0
0
0
0
0
0
0
0
0
0
0
0
0
0
0
0
0
0
0
0
0
0
0
0
0
0
0
0
0
0
0
0
0
0
0
0
0
0
0
0
0
0
0
0
0
0
0
0
0
0
0
0
0
0
0
0
0
0
0
0
0
0
0
0
0
6.09787695876e-34
3.70721751668e-33
5.58730541117e-33
6.09791046878e-33
1.21327743783e-32
8.85061000245e-32
9.88317266924e-32
1.49115612233e-31
3.50977997022e-31
2.05877057834e-30
6.5777233399e-29
200
200
7.00565970055e-37
0
0
0
0
0
0
0
0
0
0
0
0
0
0
0
0
0
0
0
0
0
0
0
0
0
0
0
0
0
0
0
0
0
0
0
0
0
0
0
0
0
0
0
0
0
0
0
0
0
0
0
0
0
0
0
0
0
0
0
0
0
0
0
0
0
0
0
0
0
0
0
0
0
0
0
0
0
0
0
0
0
9.68011538413e-34
4.13572149579e-33
4.10027564378e-33
7.59959141542e-33
3.6779887964e-32
3.27167847147e-32
3.53565975295e-32
5.61972385685e-32
9.88487954076e-32
2.40311291737e-31
1.34469444758e-30
6.04001968724e-29
200
200
200
200
200
0
0
0
0
0
0
0
0
0
0
0
0
0
0
0
0
0
0
0
0
0
0
0
0
0
0
0
0
0
0
0
0
0
0
0
0
0
0
0
0
0
0
0
0
0
0
0
0
0
0
0
0
0
0
0
0
0
0
0
0
0
0
0
0
0
0
0
0
0
0
0
0
0
0
4.21380507478e-36
4.68200563864e-36
2.95432828121e-36
4.71108159714e-34
3.26031032058e-33
4.24241040251e-33
4.14047864583e-33
2.14308498729e-32
2.04504502906e-32
2.08245269271e-32
2.42119846652e-32
3.07314807885e-32
4.11876033619e-32
5.78982897317e-32
1.04495086885e-31
5.2488141379e-31
4.28230318235e-29
200
200
200
200
200
32.6317903918
4.79006178788e-36
0
0
0
0
0
0
0
0
0
0
0
0
0
0
0
0
0
0
0
0
0
0
0
0
0
0
0
0
0
0
0
0
0
0
0
0
0
0
0
0
0
0
0
0
0
0
0
0
0
0
0
0
0
0
0
0
0
0
0
0
0
0
0
0
0
0
1.82196965546e-33
2.3234100688e-33
1.52758167395e-32
2.33130594621e-32
5.17548989261e-32
6.82849105337e-32
7.87908129084e-32
8.45442915339e-32
5.77324653873e-32
1.08050599857e-32
3.67256415113e-33
2.06153839968e-32
1.5188391788e-32
1.44171298653e-32
1.6188957351e-32
1.9058359349e-32
2.22152706687e-32
2.65525887035e-32
3.29972995711e-32
4.16303729574e-32
5.6948763927e-32
1.22746060724e-31
2.54468968953e-29
200
200
200
200
5.68880016361e-26
3.5101951175e-30
2.59850659781e-29
7.33894691964e-30
1.27174145264e-36
0
0
0
0
0
0
0
0
0
0
0
0
0
0
0
0
0
0
0
0
0
0
0
0
0
0
0
0
0
0
0
0
0
0
0
0
0
0
0
0
0
0
0
0
0
0
0
0
0
0
0
0
0
0
0
0
0
0
0
0
0
0
1.97857052399e-32
1.04719026076e-31
2.13612176859e-31
3.26636547661e-31
3.89435293175e-31
4.19150106665e-31
4.68510989463e-31
4.18279512806e-31
3.75424173781e-31
2.64173346865e-31
1.03160122233e-31
4.27985315902e-32
1.89668279619e-32
1.30090840045e-32
1.2987722509e-32
1.43348297954e-32
1.58896858274e-32
1.79266430816e-32
2.03984541215e-32
2.35439027315e-32
2.76882972448e-32
3.28832758877e-32
4.00617116389e-32
5.51886800993e-32
1.20153602739e-29
200
200
200
3.73242178735e-26
5.43283216381e-29
5.94454810588e-30
9.22721870294e-31
6.30526782376e-33
1.31842179359e-32
1.37226541161e-34
0
0
0
0
0
0
0
0
0
0
0
0
0
0
0
0
0
0
0
0
0
0
0
0
0
0
0
0
0
0
0
0
0
0
0
0
0
0
0
0
0
0
0
0
0
0
0
0
0
0
0
0
0
0
0
0
0
0
0
0
0
9.61396438564e-32
2.78055688943e-31
3.00735078764e-31
3.1151702961e-31
3.38470237367e-31
3.62274116626e-31
3.84850746983e-31
3.92431303048e-31
3.73790087771e-31
3.35149744707e-31
2.68623643754e-31
5.7327135194e-32
2.20388049683e-32
1.64110321883e-32
1.48038664531e-32
1.49855161995e-32
1.58822559253e-32
1.7357976569e-32
1.92270073975e-32
2.15540870751e-32
2.43912040837e-32
2.78115988931e-32
3.19656519742e-32
3.81668694228e-32
4.83261886995e-30
200
65.4979929517
1.44601667393e-26
9.20054911563e-29
8.54599831873e-30
2.96898886683e-31
1.62793579018e-32
4.13599443453e-33
2.44091330448e-33
5.67312250568e-33
7.78260321377e-33
5.7307593526e-36
0
0
0
0
0
0
0
0
0
0
0
0
0
0
0
0
0
0
0
0
0
0
0
0
0
0
0
0
0
0
0
0
0
0
0
0
0
0
0
0
0
0
0
0
0
0
0
0
0
0
0
0
0
0
0
0
0
0
0
2.20526706344e-31
3.22394045033e-31
3.36593481573e-31
3.47571511631e-31
3.64702289294e-31
3.79747336672e-31
3.96278114076e-31
4.07251914747e-31
4.22065982894e-31
4.27503695334e-31
3.9773894361e-31
1.77164627373e-31
3.61062968606e-32
2.16453376832e-32
1.72370983367e-32
1.62093828217e-32
1.64167941225e-32
1.72578302775e-32
1.85928929961e-32
2.03222778418e-32
2.23467706848e-32
2.47208993216e-32
2.73875545903e-32
3.09165104495e-32
1.79606244671e-30
3.05474757536e-25
5.36279796517e-27
1.2620780726e-28
1.00671467323e-29
6.23807299338e-31
2.28495420255e-32
5.65577381521e-33
3.26755071257e-33
2.71273416386e-33
3.34869880983e-33
2.71137494325e-33
4.59355117947e-33
6.80838767718e-35
0
0
0
0
0
0
0
0
0
0
0
0
0
0
0
0
0
0
0
0
0
0
0
0
0
0
0
0
0
0
0
0
0
0
0
0
0
0
0
0
0
0
0
0
0
0
0
0
0
0
0
0
0
0
0
0
0
0
2.00376904016e-31
3.53986646676e-31
3.58246013671e-31
3.833286953e-31
3.96888806025e-31
4.05868238284e-31
4.17445441216e-31
4.29368878376e-31
4.47799377725e-31
4.79292157599e-31
5.03575793269e-31
3.27454041101e-31
5.67728203033e-32
2.77573890646e-32
2.0494884009e-32
1.80128072659e-32
1.74066673624e-32
1.76577176453e-32
1.84977753284e-32
1.9698229873e-32
2.11788137182e-32
2.28963845022e-32
2.47317367557e-32
2.70334358187e-32
5.33290307264e-31
1.5567204133e-27
1.36098211015e-28
1.29527841779e-29
9.94318051634e-31
2.95377687172e-32
5.09011246473e-33
3.22510213022e-33
2.44146074747e-33
2.19682197403e-33
2.19653384614e-33
2.02794711348e-33
1.77713472726e-33
4.13370811441e-33
1.09490731372e-33
0
0
0
0
0
0
0
0
0
0
0
0
0
0
0
0
0
0
0
0
0
0
0
0
0
0
0
0
0
0
0
0
0
0
0
0
0
0
0
0
0
0
0
0
0
0
0
0
0
0
0
0
0
0
0
0
0
0
5.40478421256e-31
4.19662155648e-31
4.42651745403e-31
4.48698625687e-31
4.48993853072e-31
4.55054500307e-31
4.62720701685e-31
4.81530588947e-31
5.03915293799e-31
5.47722060644e-31
4.74536608431e-31
1.21793380872e-31
3.61815485278e-32
2.43290052078e-32
2.02486984444e-32
1.88001830514e-32
1.84994468148e-32
1.88348192661e-32
1.97059810824e-32
2.08058965745e-32
2.20751485775e-32
2.33856408601e-32
200
200
1.63424733655e-28
1.62152423146e-29
1.46434433475e-30
1.02715844456e-32
3.98030247583e-33
2.74210236126e-33
2.19731467272e-33
1.97713977662e-33
1.77893310027e-33
1.77864497237e-33
1.77796911683e-33
1.97552124092e-33
2.7875027386e-33
6.78216872295e-33
3.46612589095e-33
0
0
0
0
0
0
0
0
0
0
0
0
0
0
0
0
0
0
0
0
0
0
0
0
0
0
0
0
0
0
0
0
0
0
0
0
0
0
0
0
0
0
0
0
0
0
0
0
0
0
0
0
0
0
0
0
0
9.05310781252e-31
5.82333749395e-31
5.58698625572e-31
5.31147399704e-31
5.12707842143e-31
5.05507172335e-31
5.09361776015e-31
5.16520930168e-31
5.3499281674e-31
5.62405263939e-31
6.00870943355e-31
2.24865150334e-31
4.74098291711e-32
2.88372120431e-32
2.29277910005e-32
2.05434310627e-32
1.96109674195e-32
1.96307274932e-32
2.00809883717e-32
2.08836011731e-32
200
200
200
200
2.6743642139e-29
1.88390820071e-30
3.74038488795e-33
2.93380489132e-33
2.34790813865e-33
1.97522523397e-33
1.6851946647e-33
1.5815549016e-33
1.44070242762e-33
1.44044311252e-33
1.55091372389e-33
1.75797136975e-33
2.32165620742e-33
5.22053086983e-33
1.28065112859e-31
1.6281015827e-32
0
0
0
0
0
0
0
0
0
0
0
0
0
0
0
0
0
0
0
0
0
0
0
0
0
0
0
0
0
0
0
0
0
0
0
0
0
0
0
0
0
0
0
0
0
0
0
0
0
0
0
0
0
0
0
0
9.63668940821e-31
7.92018956801e-31
6.97360493141e-31
6.39680032501e-31
5.9438414272e-31
5.74266454377e-31
5.61684695752e-31
5.59047558011e-31
5.67767413183e-31
5.86078764618e-31
6.75944068913e-31
3.27740811861e-31
6.04435099128e-32
3.38155238176e-32
2.59214916968e-32
2.25798781695e-32
2.11932572385e-32
2.07737043691e-32
200
200
200
200
200
200
2.62419018168e-30
2.3364920453e-33
2.10770408344e-33
1.85361847769e-33
1.6054196355e-33
1.44108893419e-33
1.29663218486e-33
1.25803554722e-33
1.18290751289e-33
1.20389543491e-33
1.29585135827e-33
1.43947912908e-33
1.97437630119e-33
3.20551993375e-29
1.14189024226e-29
3.5869280276e-30
2.78928348411e-32
0
0
0
0
0
0
0
0
0
0
0
0
0
0
0
0
0
0
0
0
0
0
0
0
0
0
0
0
0
0
0
0
0
0
0
0
0
0
0
0
0
0
0
0
0
0
0
0
0
0
0
0
0
0
0
1.01587308264e-30
9.79863420823e-31
8.41863939864e-31
7.60775533774e-31
7.01981783776e-31
6.54033006654e-31
6.22418499012e-31
6.05694838389e-31
6.01519746551e-31
6.08101258237e-31
6.79282933428e-31
3.78906942197e-31
7.25150501541e-32
3.90599568413e-32
2.91752594973e-32
2.49437878384e-32
200
200
200
200
200
200
200
200
1.60762098547e-33
1.54090449697e-33
1.44897969742e-33
1.33505704127e-33
1.2285221873e-33
1.15069942306e-33
1.04987298379e-33
1.0410636238e-33
1.00439904173e-33
1.02937740751e-33
1.04909215721e-33
1.18855406354e-33
5.05762667348e-24
2.16906961925e-23
3.14682841883e-25
2.31851140887e-27
9.17778158102e-29
7.6613106008e-33
0
0
0
0
0
0
0
0
0
0
0
0
0
0
0
0
0
0
0
0
0
0
0
0
0
0
0
0
0
0
0
0
0
0
0
0
0
0
0
0
0
0
0
0
0
0
0
0
0
0
0
0
0
0
8.75772275655e-31
1.14097319011e-30
9.66395609939e-31
8.75389825401e-31
8.06198223798e-31
7.38916429234e-31
6.88101613777e-31
6.52021737615e-31
6.31013288872e-31
6.21881314279e-31
6.73384789493e-31
3.66825239141e-31
200
200
200
200
200
200
200
200
200
200
200
200
1.17372346048e-33
1.13810656898e-33
1.093955088e-33
1.04436894368e-33
9.75584752235e-34
9.37500504585e-34
8.71207675989e-34
8.49764647338e-34
8.49764647338e-34
8.49505332235e-34
8.83506090941e-34
1.85491452574e-18
200
200
200
1.02784958839e-21
4.88497452551e-26
4.96516396577e-28
1.25030613651e-33
0
0
0
0
0
0
0
0
0
0
0
0
0
0
0
0
0
0
0
0
0
0
0
0
0
0
0
0
0
0
0
0
0
0
0
0
0
0
0
0
0
0
0
0
0
0
0
0
0
0
0
0
0
6.20759534364e-31
1.24785101462e-30
200
200
200
200
200
200
200
200
200
200
200
200
200
200
200
200
200
200
200
200
200
200
9.23361506711e-34
9.09652882539e-34
8.83910777941e-34
8.50499009816e-34
8.13691844989e-34
7.64941305579e-34
7.47945574247e-34
7.15064638969e-34
6.97587213984e-34
7.07666044516e-34
7.58543958669e-34
200
200
200
200
200
200
8.81737436361e-25
4.02178277329e-28
3.25092975031e-36
0
0
0
0
0
0
0
0
0
0
0
0
0
0
0
0
0
0
0
0
0
0
0
0
0
0
0
0
0
0
0
0
0
0
0
0
0
0
0
0
0
0
0
0
0
0
0
0
0
0
0
0
200
200
200
200
200
200
200
200
200
200
200
200
200
200
200
200
200
200
200
200
200
200
200
200
7.77014443893e-34
7.54223179732e-34
7.39458821979e-34
7.1673360484e-34
6.83572480621e-34
6.55503572335e-34
6.24687008971e-34
6.10849500555e-34
6.00848435512e-34
6.06626943808e-34
6.18845958373e-34
6.87865935517e-34
200
200
200
200
200
200
7.13927831214e-25
8.41562995228e-30
0
0
0
0
0
0
0
0
0
0
0
0
0
0
0
0
0
0
0
0
0
0
0
0
0
0
0
0
0
0
0
0
0
0
0
0
0
0
0
0
0
0
0
0
0
0
0
0
0
0
0
200
200
200
200
200
200
200
200
200
200
200
200
200
200
200
200
200
200
200
200
200
200
200
200
200
6.55251342658e-34
6.46246640782e-34
6.25187096298e-34
5.98816757167e-34
5.81042235149e-34
5.46532331053e-34
5.29574169118e-34
5.13303924766e-34
5.02531116314e-34
5.03257940651e-34
5.22860220074e-34
5.710905835e-34
7.18223745163e-34
200
200
200
200
200
200
4.07882723558e-26
5.31444820898e-30
0
0
0
0
0
0
0
0
0
0
0
0
0
0
0
0
0
0
0
0
0
0
0
0
0
0
0
0
0
0
0
0
0
0
0
0
0
0
0
0
0
0
0
0
0
0
0
0
0
200
200
200
200
200
200
200
200
200
200
200
200
200
200
200
200
200
200
200
200
200
200
200
200
200
200
5.50746789127e-34
5.34537492677e-34
5.24378622303e-34
5.06280309416e-34
4.8224256682e-34
4.69935133447e-34
4.46606019866e-34
4.33980969744e-34
4.27213811786e-34
4.26658656945e-34
4.36497223985e-34
4.69418365215e-34
5.63383537906e-34
7.1256657589e-32
200
200
200
200
200
6.50829825188e-19
2.02705743715e-27
9.43873663285e-33
0
0
0
0
0
0
0
0
0
0
0
0
0
0
0
0
0
0
0
0
0
0
0
0
0
0
0
0
0
0
0
0
0
0
0
0
0
0
0
0
0
0
0
0
0
0
0
0
200
200
200
200
200
200
200
200
200
200
200
200
200
200
200
200
200
200
200
200
200
200
200
200
200
200
4.62343739707e-34
4.53621222776e-34
4.4432390326e-34
4.30378328329e-34
4.17223141575e-34
3.98635630309e-34
3.8671227803e-34
3.77709749977e-34
3.69111343553e-34
3.6429773666e-34
3.70995443484e-34
3.86891999523e-34
4.3826961317e-34
2.39260232074e-32
9.65719479032e-31
200
200
200
200
200
1.55797567288e-24
4.50079664528e-30
8.49790807544e-34
0
0
0
0
0
0
0
0
0
0
0
0
0
0
0
0
0
0
0
0
0
0
0
0
0
0
0
0
0
0
0
0
0
0
0
0
0
0
0
0
0
0
0
0
0
0
200
200
200
200
200
200
200
200
200
200
200
200
200
200
200
200
200
200
200
200
200
200
200
200
200
200
200
4.0606611539e-34
3.97332952701e-34
3.87793131957e-34
3.77689958253e-34
3.65543024025e-34
3.50663129022e-34
3.43651218487e-34
3.32039247257e-34
3.20495070461e-34
3.16985184346e-34
3.1702782595e-34
3.24259707598e-34
3.51476555036e-34
6.73765671525e-34
4.64870477987e-31
8.5977110657e-31
200
200
200
200
1.56107426971e-16
5.97505177484e-30
6.1171196381e-30
0
0
0
0
0
0
0
0
0
0
0
0
0
0
0
0
0
0
0
0
0
0
0
0
0
0
0
0
0
0
0
0
0
0
0
0
0
0
0
0
0
0
0
0
0
0
200
200
200
200
200
200
200
200
200
200
200
200
200
200
200
200
200
200
200
200
200
200
200
200
200
200
200
3.65765862231e-34
3.57862345472e-34
3.49908685031e-34
3.40290608374e-34
3.30361233888e-34
3.17603644344e-34
3.09696987505e-34
2.96329709438e-34
2.84754814934e-34
2.79882865286e-34
2.77182845997e-34
2.7926241479e-34
2.91769711792e-34
3.4916292053e-34
1.19571968488e-31
1.21965461883e-30
7.67631174465e-31
1.1150154048e-30
200
200
200
4.60398508269e-30
9.20493246871e-30
6.22016397828e-30
0
0
0
0
0
0
0
0
0
0
0
0
0
0
0
0
0
0
0
0
0
0
0
0
0
0
0
0
0
0
0
0
0
0
0
0
0
0
0
0
0
0
0
0
200
200
200
200
200
200
200
200
200
200
200
200
200
200
200
200
200
200
200
200
200
200
200
200
200
200
200
200
3.38287349685e-34
3.29817053961e-34
3.23762225167e-34
3.13741146616e-34
3.02592658506e-34
2.92329004751e-34
2.79558416762e-34
2.67253782818e-34
2.54570978601e-34
2.48318803349e-34
2.40900881099e-34
2.38128845639e-34
2.45899274557e-34
2.7036480074e-34
2.11749757779e-32
6.15783946372e-31
7.34215121249e-31
1.1224518019e-30
1.63574390759e-30
2.18557551167e-30
3.29033717688e-30
4.50703199732e-30
7.19044004955e-30
1.62822505271e-29
8.52032179373e-29
0
0
0
0
0
0
0
0
0
0
0
0
0
0
0
0
0
0
0
0
0
0
0
0
0
0
0
0
0
0
0
0
0
0
0
0
0
0
0
0
0
0
0
200
200
200
200
200
200
200
200
200
200
200
200
200
200
200
200
200
200
200
200
200
200
200
200
200
200
200
200
3.18639382726e-34
3.09715616785e-34
3.02989769006e-34
2.93626438557e-34
2.81869353624e-34
2.69730600072e-34
2.55752610784e-34
2.41851630985e-34
2.28320738189e-34
2.17944256041e-34
2.08244197026e-34
2.03806858282e-34
2.03431546743e-34
2.13365917313e-34
2.84089334201e-34
1.15926238306e-31
6.76512833894e-31
8.88513431251e-31
1.85282823746e-30
2.8026276756e-30
4.20372779391e-30
5.71563194574e-30
8.78575950854e-30
2.19733435783e-29
6.25634901732e-29
4.44344672569e-30
0
0
0
0
0
0
0
0
0
0
0
0
0
0
0
0
0
0
0
0
0
0
0
0
0
0
0
0
0
0
0
0
0
0
0
0
0
0
0
0
0
0
200
200
200
200
200
200
200
200
200
200
200
200
200
200
200
200
200
200
200
200
200
200
200
200
200
200
200
200
3.06850569896e-34
2.95529217336e-34
2.88110057871e-34
2.78179614812e-34
2.63629276735e-34
2.50514321901e-34
2.35045889893e-34
2.19189649133e-34
2.05276219481e-34
1.92810734885e-34
1.82439643201e-34
1.74524368715e-34
1.68458428376e-34
1.6875835655e-34
1.83607605969e-34
9.97226629702e-33
1.93368510393e-31
4.42480022802e-31
9.97952321139e-31
1.89329650528e-30
3.69044879396e-30
6.42219521714e-30
1.16211132757e-29
1.49723358815e-29
1.54605365122e-29
3.86398052096e-29
0
0
0
0
0
0
0
0
0
0
0
0
0
0
0
0
0
0
0
0
0
0
0
0
0
0
0
0
0
0
0
0
0
0
0
0
0
0
0
0
0
0
200
200
200
200
200
200
200
200
200
200
200
200
200
200
200
200
200
200
200
200
200
200
200
200
200
200
200
200
3.0328647923e-34
2.88547881294e-34
2.79051482963e-34
2.66529883768e-34
2.51366987646e-34
2.34800988811e-34
2.17738642974e-34
2.01585388287e-34
1.86002587967e-34
1.72640159194e-34
1.61964434267e-34
1.52467201114e-34
1.46581280446e-34
1.41408678976e-34
1.41445349884e-34
1.59960377225e-34
2.61870829453e-32
1.28643617827e-31
2.8936227348e-31
6.62421245221e-31
1.26847683244e-30
2.61369131089e-30
4.90389809374e-30
8.05557927974e-30
1.00671457766e-29
1.58382056062e-29
1.02160028592e-28
1.83654198029e-22
0
0
0
0
0
0
0
0
0
0
0
0
0
0
0
0
0
0
0
0
0
0
0
0
0
0
0
0
0
0
0
0
0
0
0
0
0
0
0
200
200
200
200
200
200
200
200
200
200
200
200
200
200
200
200
200
200
200
200
200
200
200
200
200
200
200
200
200
3.1234194597e-34
2.90169767204e-34
2.77234828836e-34
2.62199059786e-34
2.42821240529e-34
2.24101127941e-34
2.05372200997e-34
1.87162465366e-34
1.71553411878e-34
1.57366893435e-34
1.4591792553e-34
1.37140354936e-34
1.28802949874e-34
1.20953584894e-34
1.17661097804e-34
1.17906065767e-34
2.2750454796e-34
2.18957252507e-32
5.60970115298e-32
1.28654446755e-31
2.75941580321e-31
5.85400044335e-31
1.18789072984e-30
2.5078869846e-30
4.71260052027e-30
9.86589957619e-30
1.27752209438e-22
118.498702335
0
0
0
0
0
0
0
0
0
0
0
0
0
0
0
0
0
0
0
0
0
0
0
0
0
0
0
0
0
0
0
0
0
0
0
0
0
0
0
200
200
200
200
200
200
200
200
200
200
200
200
200
200
200
200
200
200
200
200
200
200
200
200
200
200
200
200
200
200
3.08677706964e-34
2.86209605835e-34
2.62114939399e-34
2.39569967541e-34
2.17205136314e-34
1.96819749691e-34
1.77832108351e-34
1.6158642015e-34
1.47039136823e-34
1.35751867291e-34
1.2460278311e-34
1.15004688367e-34
1.06359285905e-34
9.75621936358e-35
9.28043711378e-35
9.32733644467e-35
1.28665546229e-33
1.09323868338e-32
2.27083018666e-32
4.3968809411e-32
7.81657627675e-32
1.48799526218e-31
3.84080447259e-31
1.58009676265e-30
4.51394774838e-28
4.40968305526e-22
4.33356450565e-30
61.8209376942
0
0
0
0
0
0
0
0
0
0
0
0
0
0
0
0
0
0
0
0
0
0
0
0
0
0
0
0
0
0
0
0
0
0
0
0
0
0
200
200
200
200
200
200
200
200
200
200
200
200
200
200
200
200
200
200
200
200
200
200
200
200
200
200
200
200
200
7.42885021325e-20
3.59754888772e-34
3.14583237581e-34
2.74698276059e-34
2.42769997728e-34
2.15187576367e-34
1.91323727034e-34
1.70842050152e-34
1.52313110438e-34
1.39381598472e-34
1.26435129754e-34
1.1500914205e-34
1.03659398329e-34
9.27542409008e-35
8.26324430104e-35
7.43508882658e-35
6.89726489392e-35
7.0786193271e-35
1.16320709899e-33
3.64733296436e-33
6.68766993935e-33
1.10904994667e-32
1.61317718155e-32
2.23326827457e-32
4.00763526527e-32
1.93446218137e-31
1.35992060357e-30
1.65331398162e-31
200
0
0
0
0
0
0
0
0
0
0
0
0
0
0
0
0
0
0
0
0
0
0
0
0
0
0
0
0
0
0
0
0
0
0
0
0
0
200
200
200
200
200
200
200
200
200
200
200
200
200
200
200
200
200
200
200
200
200
200
200
200
200
200
200
200
200
200
1.73249060718e-28
5.11967797263e-34
3.85275579514e-34
3.04054004819e-34
2.53057860684e-34
2.16850794129e-34
1.89247490406e-34
1.65844162673e-34
1.48211303208e-34
1.32858611289e-34
1.19798860852e-34
1.0769978012e-34
9.53414054735e-35
8.28983041921e-35
7.18127562812e-35
6.27821841098e-35
5.50452220828e-35
4.93661346528e-35
6.35291737978e-35
4.08932004263e-34
7.58943729396e-34
1.31575843386e-33
1.89923729164e-33
1.76889215047e-33
1.26424267028e-33
3.76219594532e-34
3.28644967225e-34
1.43099987363e-34
2.2282991317e-33
200
0
0
0
0
0
0
0
0
0
0
0
0
0
0
0
0
0
0
0
0
0
0
0
0
0
0
0
0
0
0
0
0
0
0
0
0
200
200
200
200
200
200
200
200
200
200
200
200
200
200
200
200
200
200
200
200
200
200
200
200
200
200
200
200
200
200
1.28248295617e-27
1.54735897681e-25
180.466524987
3.58661382563e-34
2.6979886456e-34
2.21937783041e-34
1.88792211968e-34
1.63459908144e-34
1.45100864834e-34
1.29587960229e-34
1.15163874996e-34
1.02666334186e-34
8.99317869282e-35
7.72244178264e-35
6.59519797643e-35
5.57063803981e-35
4.41353262267e-35
2.85774931055e-35
3.09923914353e-35
5.50586370895e-35
1.01077311047e-34
1.41899430719e-34
1.35749411277e-34
7.74266175157e-35
1.00846090537e-34
1.41007220721e-34
2.39541513176e-34
4.06439796551e-34
2.71331926376e-33
3.77432092826e-32
0
0
0
0
0
0
0
0
0
0
0
0
0
0
0
0
0
0
0
0
0
0
0
0
0
0
0
0
0
0
0
0
0
0
0
2.90933652683e-37
200
200
200
200
200
200
200
200
200
200
200
200
200
200
200
200
200
200
200
200
200
200
200
200
200
200
200
200
200
200
4.65871093698e-27
1.50879831766e-28
1.68003318174e-22
200
9.59103437651e-18
2.27910892401e-34
1.88203215574e-34
1.61970371532e-34
1.43020022897e-34
1.27022067296e-34
1.13133996359e-34
9.99078142906e-35
8.60567635315e-35
7.3424980559e-35
6.12164241178e-35
4.83189534765e-35
3.4304581439e-35
1.83359932946e-35
3.25090433994e-36
5.8085177058e-36
6.78798340516e-36
7.70614198767e-36
1.7234251676e-35
2.5027223779e-35
4.12743402824e-35
8.59534080126e-35
2.15475735209e-34
8.26321047973e-34
4.59731438413e-33
4.13747131907e-33
1.37810677587e-37
0
0
0
0
0
0
0
0
0
0
0
0
0
0
0
0
0
0
0
0
0
0
0
0
0
0
0
0
0
0
0
0
0
0
200
200
200
200
200
200
200
200
200
200
200
200
200
200
200
200
200
200
200
200
200
200
200
200
200
200
200
200
200
200
200
3.70332100737e-27
3.93382377586e-27
4.05583660519e-27
7.87248089269e-27
1.64668493867e-21
200
200
1.68148456359e-34
1.45002855101e-34
1.27953141735e-34
1.13099370421e-34
9.94720621778e-35
8.36955185751e-35
7.16388042721e-35
5.90964308355e-35
4.87151642222e-35
3.60254282647e-35
1.7268983004e-35
3.25090433994e-36
5.24849839277e-36
6.63486043006e-36
7.55301901258e-36
9.53419866691e-36
2.23354606911e-35
3.15046576635e-35
6.69642253215e-35
1.93928161688e-34
4.065514232e-34
7.65883995097e-34
3.13930310146e-35
2.23321093268e-32
0
0
0
0
0
0
0
0
0
0
0
0
0
0
0
0
0
0
0
0
0
0
0
0
0
0
0
0
0
0
0
0
0
0
200
200
200
200
200
200
200
200
200
200
200
200
200
200
200
200
200
200
200
200
200
200
200
200
200
200
200
200
200
200
199.999264054
)
;

boundaryField
{
    frontAndBack
    {
        type            empty;
    }
    leftWall
    {
        type            calculated;
        value           uniform 0;
    }
    outlet
    {
        type            calculated;
        value           uniform 0;
    }
    rightWall
    {
        type            calculated;
        value           uniform 0;
    }
    inlet
    {
        type            calculated;
        value           uniform 2.05982562115e-31;
    }
}


// ************************************************************************* //
