/*--------------------------------*- C++ -*----------------------------------*\
| =========                 |                                                 |
| \\      /  F ield         | OpenFOAM: The Open Source CFD Toolbox           |
|  \\    /   O peration     | Version:  v1906                                 |
|   \\  /    A nd           | Web:      www.OpenFOAM.com                      |
|    \\/     M anipulation  |                                                 |
\*---------------------------------------------------------------------------*/
FoamFile
{
    version     2.0;
    format      ascii;
    class       volScalarField;
    location    "443";
    object      alpha;
}
// * * * * * * * * * * * * * * * * * * * * * * * * * * * * * * * * * * * * * //

dimensions      [0 0 -1 0 0 0 0];


internalField   nonuniform List<scalar> 
9216
(
199.999968274
200
200
200
200
200
200
200
200
200
200
200
200
200
200
200
200
200
200
200
200
200
200
200
200
200
200
200
200
200
200
200
200
200
200
200
200
200
200
200
200
200
200
200
200
200
200
200
200
200
200
200
200
200
200
200
200
200
200
200
200
200
200
200
200
200
200
200
200
200
200
200
200
200
200
200
200
200
200
200
200
200
200
199.999999984
192.638186451
174.796481164
156.626140135
133.395692576
106.976700706
84.0038143656
63.4465008566
47.120489696
33.9543522442
21.9501654953
12.6693870356
1.50636408139
200
200
200
200
200
200
200
200
200
200
200
200
200
200
200
200
200
200
200
200
200
200
200
200
200
200
200
200
200
200
200
200
200
200
200
200
200
200
200
200
200
200
200
200
200
200
200
200
200
200
200
200
200
200
200
200
200
200
200
200
200
200
200
200
200
200
200
200
200
200
200
200
200
200
200
200
200
200
200
200
200
200
200
200
199.999998137
188.023342741
170.027992538
145.787811452
123.049573205
96.7711571526
73.8386027255
58.6850559197
46.3484013291
30.1342533203
19.8843160176
15.080275543
200
200
200
200
200
200
200
200
200
200
200
200
200
200
200
200
200
200
200
200
200
200
200
200
200
200
200
200
200
200
200
200
200
200
200
200
200
200
200
200
200
200
200
200
200
200
200
200
200
200
200
200
200
200
200
200
200
200
200
200
200
200
200
200
200
200
200
200
200
200
200
200
200
200
200
200
200
200
200
200
200
200
200
200
199.999970848
184.860404415
160.697316494
146.126894562
128.455307769
98.8702749535
71.1872505874
62.6961522878
45.8241725032
35.2560047492
30.91466686
20.9307346771
200
200
200
200
200
200
200
200
200
200
200
200
200
200
200
200
200
200
200
200
200
200
200
200
200
200
200
200
200
200
200
200
200
200
200
200
200
200
200
200
200
200
200
200
200
200
200
200
200
200
200
200
200
200
200
200
200
200
200
200
200
200
200
200
200
200
200
200
200
200
200
200
200
200
200
200
200
200
200
200
200
200
200
199.999999999
199.783876197
178.093265024
158.571577389
144.500013484
121.265870955
103.683789214
83.8932732959
60.3855091685
54.5105087566
45.3672439691
39.2444668637
27.0072107872
200
200
200
200
200
200
200
200
200
200
200
200
200
200
200
200
200
200
200
200
200
200
200
200
200
200
200
200
200
200
200
200
200
200
200
200
200
200
200
200
200
200
200
200
200
200
200
200
200
200
200
200
200
200
200
200
200
200
200
200
200
200
200
200
200
200
200
200
200
200
200
200
200
200
200
200
200
200
200
200
200
200
200
199.999999925
191.561215089
169.400783898
150.262637873
137.743222411
128.722586156
105.587147156
90.7391628469
70.1557584441
56.0414155559
54.9972602142
51.3565462765
39.0803520339
200
200
200
200
200
200
200
200
200
200
200
200
200
200
200
200
200
200
200
200
200
200
200
200
200
200
200
200
200
200
200
200
200
200
200
200
200
200
200
200
200
200
200
200
200
200
200
200
200
200
200
200
200
200
200
200
200
200
200
200
200
200
200
200
200
200
200
200
200
200
200
200
200
200
200
200
200
200
200
200
200
200
200
199.999997188
188.184511319
167.68215191
155.685217607
137.666139851
118.0695506
99.6209632734
97.2887750266
84.9482131104
66.8118824923
63.5873501147
62.7336534333
49.9654224994
200
200
200
200
200
200
200
200
200
200
200
200
200
200
200
200
200
200
200
200
200
200
200
200
200
200
200
200
200
200
200
200
200
200
200
200
200
200
200
200
200
200
200
200
200
200
200
200
200
200
200
200
200
200
200
200
200
200
200
200
200
200
200
200
200
200
200
200
200
200
200
200
200
200
200
200
200
200
200
200
200
200
199.999999999
199.977972822
183.80878911
166.185516115
151.308277559
137.226480811
117.857270686
109.137452306
95.243486019
94.0662652598
84.664556662
73.8104281837
73.6361470252
60.4034193929
200
200
200
200
200
200
200
200
200
200
200
200
200
200
200
200
200
200
200
200
200
200
200
200
200
200
200
200
200
200
200
200
200
200
200
200
200
200
200
200
200
200
200
200
200
200
200
200
200
200
200
200
200
200
200
200
200
200
200
200
200
200
200
200
200
200
200
200
200
200
200
200
200
200
200
200
200
200
200
200
200
200
199.999999997
199.530844686
180.20877716
165.113351969
147.086601228
132.997552977
121.111862029
114.538989152
105.86610451
96.2036920524
96.7036990214
83.2405207005
83.9320253016
70.7602798727
200
200
200
200
200
200
200
200
200
200
200
200
200
200
200
200
200
200
200
200
200
200
200
200
200
200
200
200
200
200
200
200
200
200
200
200
200
200
200
200
200
200
200
200
200
200
200
200
200
200
200
200
200
200
200
200
200
200
200
200
200
200
200
200
200
200
200
200
200
200
200
200
200
200
200
200
200
200
200
200
200
200
199.999999958
195.431489989
180.124510649
165.84541411
150.68294882
134.516980158
123.308654338
111.038637433
113.080406374
107.151871256
100.835108654
96.2192597583
92.5086073932
80.0532038634
200
200
200
200
200
200
200
200
200
200
200
200
200
200
200
200
200
200
200
200
200
200
200
200
200
200
200
200
200
200
200
200
200
200
200
200
200
200
200
200
200
200
200
200
200
200
200
200
200
200
200
200
200
200
200
200
200
200
200
200
200
200
200
200
200
200
200
200
200
200
200
200
200
200
200
200
200
200
200
200
200
200
199.999998071
192.32973881
179.345302245
165.48873555
150.203813311
137.359442899
127.090180801
119.565146895
113.029574851
114.140378893
109.521126053
107.327271017
100.71805515
89.8361268479
200
200
200
200
200
200
200
200
200
200
200
200
200
200
200
200
200
200
200
200
200
200
200
200
200
200
200
200
200
200
200
200
200
200
200
200
200
200
200
200
200
200
200
200
200
200
200
200
200
200
200
200
200
200
200
200
200
200
200
200
200
200
200
200
200
200
200
200
200
200
200
200
200
200
200
200
200
200
200
200
200
200
199.999989322
191.889576909
178.563108003
162.22573796
149.620151972
140.02514372
134.371729536
127.458726855
122.233322442
115.005821555
116.916355113
119.24081279
109.051644258
97.4904028071
200
200
200
200
200
200
200
200
200
200
200
200
200
200
200
200
200
200
200
200
200
200
200
200
200
200
200
200
200
200
200
200
200
200
200
200
200
200
200
200
200
200
200
200
200
200
200
200
200
200
200
200
200
200
200
200
200
200
200
200
200
200
200
200
200
200
200
200
200
200
200
200
200
200
200
200
200
200
200
200
200
200
199.999929352
191.36594996
177.12184741
163.116160174
153.365293677
145.324847809
137.667412228
132.59204318
127.807210101
124.19843637
119.439142506
124.910134401
116.617231057
103.510554406
200
200
200
200
200
200
200
200
200
200
200
200
200
200
200
200
200
200
200
200
200
200
200
200
200
200
200
200
200
200
200
200
200
200
200
200
200
200
200
200
200
200
200
200
200
200
200
200
200
200
200
200
200
200
200
200
200
200
200
200
200
200
200
200
200
200
200
200
200
200
200
200
200
200
200
200
200
200
200
200
200
200
199.998373485
191.320466589
177.050954705
167.194368437
157.899306202
149.175721494
141.574394908
136.587788161
131.800896588
128.301432673
126.174195201
128.553748235
123.039156553
108.929773113
200
200
200
200
200
200
200
200
200
200
200
200
200
200
200
200
200
200
200
200
200
200
200
200
200
200
200
200
200
200
200
200
200
200
200
200
200
200
200
200
200
200
200
200
200
200
200
200
200
200
200
200
200
200
200
200
200
200
200
200
200
200
140.081691504
42.4486564046
15.4783238673
8.51200143632
7.69523906743
10.3678784207
18.1829903335
38.4797625475
94.4391919069
168.248436807
193.79853541
199.984682074
200
200
200
200
200
200
200
200
199.999894183
191.589161984
181.640872691
169.218658771
160.942711697
152.002453807
145.069443696
142.010518574
136.113337413
133.043865076
130.311279216
128.384092383
130.930491418
113.611252397
200
200
200
200
200
200
200
200
200
200
200
200
200
200
200
200
200
200
200
200
200
200
200
200
200
200
200
200
200
200
200
200
200
200
200
200
200
200
200
200
200
200
200
200
200
200
200
200
200
200
200
200
200
200
200
200
200
200
3.13261083182
0.252472916885
0.0452431518103
0.0118655881383
0.00424673235924
0.00201953587949
0.00145440269189
0.00156881062536
0.0022415432005
0.00385296086676
0.007679934944
0.0177022312633
0.0463843824273
0.139142393912
0.481318305035
1.95136989653
9.38442427756
54.8618362334
179.32262313
199.824887009
200
200
200
199.999999999
199.999997949
194.530809432
181.851704302
172.849448601
160.941548636
154.588107066
150.452089514
146.440047842
140.503335593
137.016194251
133.574934789
131.725351313
136.19320668
117.637147249
200
200
200
200
200
200
200
200
200
200
200
200
200
200
200
200
200
200
200
200
200
200
200
200
200
200
200
200
200
200
200
200
200
200
200
200
200
200
200
200
200
200
200
200
200
200
200
200
200
200
200
200
200
200
200
200
0.033556731128
0.00029363541394
3.85010796194e-05
9.23435421764e-06
3.15688763375e-06
1.386262084e-06
7.96584446899e-07
6.68703531022e-07
7.83895626813e-07
1.15379939149e-06
1.99214799863e-06
3.93054084017e-06
8.67366424693e-06
2.17969495537e-05
6.1800473181e-05
0.0001987617083
0.000726489196453
0.00300405644392
0.0143866812326
0.080947521655
0.535776166018
4.22104577825
40.6219786947
180.832184114
199.976557024
199.967264666
199.977692045
194.22359959
183.100453669
172.631373731
163.639720976
160.697197286
155.599253805
148.676132122
142.916766581
139.763582117
137.430675789
134.350330717
137.300863605
120.660848411
200
200
200
200
200
200
200
200
200
200
200
200
200
200
200
200
200
200
200
200
200
200
200
200
200
200
200
200
200
200
200
200
200
200
200
200
200
200
200
200
200
200
200
200
200
200
200
200
200
200
200
200
200
200
0.00614456000245
2.6434320693e-06
1.34137510575e-07
2.44185239806e-08
6.84170203651e-09
2.63933323279e-09
1.3070232954e-09
8.20538922091e-10
7.19644586895e-10
8.4884181214e-10
1.23978648995e-09
2.09774305628e-09
3.99700217142e-09
8.60895158339e-09
2.08696812375e-08
5.58202494889e-08
1.69177182387e-07
5.81679671545e-07
2.23893450251e-06
9.58925535683e-06
4.66066633919e-05
0.000259295414213
0.00161543421652
0.0115698872518
0.0998026056017
1.03200416186
13.0274781807
151.394950528
198.675502864
191.087325546
181.261968689
170.932097439
166.400575465
163.041501124
152.822789716
148.040714853
145.428887699
141.439777413
139.575737931
136.525346142
137.712511815
122.570626482
200
200
200
200
200
200
200
200
200
200
200
200
200
200
200
200
200
200
200
200
200
200
200
200
200
200
200
200
200
200
200
200
200
200
200
200
200
200
200
200
200
200
200
200
200
200
200
200
200
200
200
200
200
3.84386396619e-07
2.63806010294e-09
2.67708337943e-10
5.56197665334e-11
1.6160117572e-11
6.20149561208e-12
2.89535748098e-12
1.76620537192e-12
1.45274882265e-12
1.62450401461e-12
2.31399756377e-12
4.15325905243e-12
8.04694226711e-12
1.7293137816e-11
4.05595971139e-11
1.06484323629e-10
3.1196142141e-10
1.0091291425e-09
3.54210667259e-09
1.38224329666e-08
5.87373192727e-08
2.85203844238e-07
1.53167765286e-06
9.08319352161e-06
6.12817573177e-05
0.000479667121958
0.0042410857466
0.0446637475594
0.583439095129
8.55468900454
130.421389522
177.864781705
169.695543047
167.812352848
160.291844224
154.277160139
150.696671643
147.471194575
144.605667321
139.830109993
138.579801408
136.949652648
123.908410356
200
200
200
200
200
200
200
200
200
200
200
200
200
200
200
200
200
200
200
200
200
200
200
200
200
200
200
200
200
200
200
200
200
200
200
200
200
200
200
200
200
200
200
200
200
200
200
200
200
200
200
200
4.97922261967e-10
1.1627009193e-11
2.77014051171e-13
0
0
0
0
0
0
0
0
0
5.90195453655e-15
1.94241071477e-14
9.84991161752e-14
2.93670880806e-13
9.94527012035e-13
3.36599394458e-12
1.17949977168e-11
4.29857174625e-11
1.69081349312e-10
7.17457538509e-10
3.25545571033e-09
1.62694232128e-08
8.98547959835e-08
5.68594299181e-07
3.94675552473e-06
3.08605217071e-05
0.000283861789055
0.00278127611196
0.0321158868762
0.470379994916
8.68425030626
136.806429272
170.359198432
162.028254856
157.640161187
153.901880156
150.086109169
145.827969146
141.684319021
139.702472443
136.560468351
125.315553616
200
200
200
200
200
200
200
200
200
200
200
200
200
200
200
200
200
200
200
200
200
200
200
200
200
200
200
200
200
200
200
200
200
200
200
200
200
200
200
200
200
200
200
200
200
200
200
200
200
200
200
5.84221990469e-12
0
0
0
0
0
0
0
0
0
0
0
0
0
0
0
4.45800362967e-15
1.22471354581e-14
5.4402410516e-14
2.2927300335e-13
9.32419315422e-13
3.84845083643e-12
1.59615236619e-11
6.78601480597e-11
3.22126587403e-10
1.59662294278e-09
8.7558769805e-09
5.37651218117e-08
3.83427376954e-07
2.7742131777e-06
2.27442312059e-05
0.000220602352271
0.00258697459814
0.0388227404168
0.905135357178
26.8296318698
155.333729087
159.780573894
156.287024018
152.10814833
148.141068249
144.957557034
140.238268447
138.064138666
126.618858704
200
200
200
200
200
200
200
200
200
200
200
200
200
200
200
200
200
200
200
200
200
200
200
200
200
200
200
200
200
200
200
200
200
200
200
200
200
200
200
200
200
200
200
200
200
200
200
200
200
200
6.26704750551e-17
0
0
0
0
0
0
0
0
0
0
0
0
0
0
0
0
0
0
4.29669045937e-16
6.92773259498e-15
1.96120749965e-14
8.78215332607e-14
4.83744117921e-13
1.93506944963e-12
9.83074881943e-12
4.46298874784e-11
2.33735525034e-10
1.1921886412e-09
7.05684195242e-09
4.37322615038e-08
3.21003190644e-07
2.58215480034e-06
2.47884561401e-05
0.000303918070397
0.00531374833453
0.118509472718
3.94910640088
129.356087319
157.081988315
153.245972428
149.176296694
147.122503363
141.576781556
139.387753166
127.30846106
200
200
200
200
200
200
200
200
200
200
200
200
200
200
200
200
200
200
200
200
200
200
200
200
200
200
200
200
200
200
200
200
200
200
200
200
200
200
200
200
200
200
200
200
200
200
200
200
200
0
0
0
0
0
0
0
0
0
0
0
0
0
0
0
0
0
0
0
0
0
0
0
4.30540805104e-15
1.26749191812e-14
6.78402457675e-14
3.3795817543e-13
1.39701506738e-12
7.45423766217e-12
3.56582425162e-11
1.90887242831e-10
1.01884143597e-09
6.78717426268e-09
4.76575789634e-08
3.95426336349e-07
3.88461301354e-06
5.32662186509e-05
0.000882825625857
0.0231121135914
0.838651091207
57.8417948185
151.981717236
148.77224569
146.857681728
142.770521012
138.949997339
126.497540962
200
200
200
200
200
200
200
200
200
200
200
200
200
200
200
200
200
200
200
200
200
200
200
200
200
200
200
200
200
200
200
200
200
200
200
200
200
200
200
200
200
200
200
200
200
200
200
200
0
0
0
0
0
0
0
0
0
0
0
0
0
0
0
0
0
0
0
0
0
0
0
0
0
0
3.32069678868e-15
1.25756244387e-14
6.01366361826e-14
3.06933294827e-13
1.41917545404e-12
7.85181990085e-12
3.89255662786e-11
2.23551187359e-10
1.43529790983e-09
9.71382509938e-09
8.02269400002e-08
8.89595941372e-07
1.07993429148e-05
0.000188823917828
0.00505511671989
0.242308134637
21.5009552638
145.56824093
145.683173811
142.519431215
137.188747493
124.091987782
200
200
200
200
200
200
200
200
200
200
200
200
200
200
200
200
200
200
200
200
200
200
200
200
200
200
200
200
200
200
200
200
200
200
200
200
200
200
200
200
200
200
200
200
200
200
200
0
0
0
0
0
0
0
0
0
0
0
0
0
0
0
0
0
0
0
0
0
0
0
0
0
0
0
0
0
3.16531853452e-15
1.41001510439e-14
7.44156468535e-14
3.96820438254e-13
1.93421382422e-12
1.16208890252e-11
6.32071422144e-11
3.99006186516e-10
2.69568216917e-09
2.12134597111e-08
2.35524097466e-07
2.91291962015e-06
5.83077222005e-05
0.00179826137066
0.0993437443902
12.1597423777
141.582260573
141.454193471
135.381728629
120.827970678
200
200
200
200
200
200
200
200
200
200
200
200
200
200
200
200
200
200
200
200
200
200
200
200
200
200
200
200
200
200
200
200
200
200
200
200
200
200
200
200
200
200
200
200
200
200
0
0
0
0
0
0
0
0
0
0
0
0
0
0
0
0
0
0
0
0
0
0
0
0
0
0
0
0
0
0
0
0
4.1403898543e-15
1.94565951519e-14
1.0800752368e-13
6.12668759616e-13
3.58435344096e-12
2.03248399579e-11
1.36861104973e-10
9.14332548865e-10
7.834644309e-09
7.64970988472e-08
1.1410700608e-06
2.39942356882e-05
0.000840923715989
0.0587595176233
12.5464641711
136.617127822
133.606234584
116.993184883
200
200
200
200
200
200
200
200
200
200
200
200
200
200
200
200
200
200
200
200
200
200
200
200
200
200
200
200
200
200
200
200
200
200
200
200
200
200
200
200
200
200
200
200
200
0
0
0
0
0
0
0
0
0
0
0
0
0
0
0
0
0
0
0
0
0
0
0
0
0
0
0
0
0
0
0
0
0
0
0
6.66420138422e-15
3.43258724907e-14
2.67636434903e-13
1.39179271237e-12
8.80914752875e-12
6.01486298607e-11
3.76072782079e-10
3.150364046e-09
3.57146941038e-08
5.55947964282e-07
1.23928091492e-05
0.000511860018914
0.0566312471548
26.7094278152
130.155056857
112.778607781
200
200
200
200
200
200
200
200
200
200
200
200
200
200
200
200
200
200
200
200
200
200
200
200
200
200
200
200
200
200
200
200
200
200
200
200
200
200
200
200
200
200
200
200
200
0
0
0
0
0
0
0
0
0
0
0
0
0
0
0
0
0
0
0
0
0
0
0
0
0
0
0
0
0
0
0
0
0
0
0
0
2.02326222057e-15
1.49065031189e-14
1.09292807249e-13
6.644864778e-13
4.47941825517e-12
2.96504181264e-11
2.05887561586e-10
1.72303541668e-09
1.87962674988e-08
3.08459783886e-07
7.65627937018e-06
0.000474340574014
0.102656141063
93.4137398939
107.895374485
200
200
200
200
200
200
200
200
200
200
200
200
200
200
200
200
200
200
200
200
200
200
200
200
200
200
200
200
200
200
200
200
200
200
200
200
200
200
200
200
200
200
200
200
199.999988215
0
0
0
0
0
0
0
0
0
0
0
0
0
0
0
0
0
0
0
0
0
0
0
0
0
0
0
0
0
0
0
0
0
0
0
0
0
0
7.06432768337e-15
5.93767441658e-14
3.5699103889e-13
2.6705085282e-12
1.67461402988e-11
1.09365217233e-10
9.08577347898e-10
1.15790278428e-08
2.01828037153e-07
7.20815774117e-06
0.000737601303272
0.562050859887
98.1334374545
200
200
200
200
200
200
200
200
200
200
200
200
200
200
200
200
200
200
200
200
200
200
200
200
200
200
200
200
200
200
200
200
200
200
200
200
200
200
200
200
200
200
200
200
0
0
0
0
0
0
0
0
0
0
0
0
0
0
0
0
0
0
0
0
0
0
0
0
0
0
0
0
0
0
0
0
0
0
0
0
0
0
0
0
3.17386731651e-15
3.7055056389e-14
2.57695332649e-13
1.81788756933e-12
1.11730868061e-11
8.95943573773e-11
6.97918230233e-10
9.42884953231e-09
2.19687839076e-07
1.04312829756e-05
0.00299742667018
18.5998798477
199.999999973
200
200
200
200
200
200
200
200
200
200
200
200
200
200
200
200
200
200
200
200
200
200
200
200
200
200
200
200
200
200
200
200
200
200
200
200
200
200
200
200
200
200
200
0
0
0
0
0
0
0
0
0
0
0
2.99329227896e-15
1.49759215318e-14
2.30933583554e-14
3.96239761587e-14
0
0
0
0
0
0
0
0
0
0
0
0
0
0
0
0
0
0
0
0
0
0
0
0
0
0
1.34460128933e-15
2.55223075978e-14
2.28414093043e-13
1.51692383367e-12
1.00715408561e-11
7.83402269934e-11
7.55238550802e-10
1.10271122094e-08
3.01015229572e-07
3.42837023418e-05
0.048567660294
200
200
200
3.80287212623e-18
0
0
0
0
0
0
0
0
0
0
0
0
0
0
0
0
0
0
0
4.75284621968e-13
6.89574721485e-11
200
200
200
200
200
200
200
200
200
200
200
200
200
200
200
200
200
200
199.999999992
0
0
0
0
0
0
0
0
0
1.03852504932e-14
1.72208829233e-13
1.06184533373e-12
7.59610732701e-12
5.00153032822e-11
9.50323442084e-11
1.33210495499e-10
3.58244909701e-12
2.43265593628e-13
0
0
0
0
0
0
0
0
0
0
0
0
0
0
0
0
0
0
0
0
0
0
0
0
2.37306550433e-16
2.14474901374e-14
1.71620029844e-13
1.2118941249e-12
9.74246155795e-12
7.8545710044e-11
7.64982005806e-10
1.55601813453e-08
8.22558364972e-07
0.000325388514464
4.73451179374e-19
2.49184831249e-19
0
0
0
0
0
0
0
0
0
0
0
0
0
0
0
0
0
0
0
0
0
0
0
0
0
0
0
0
2.72928742368e-12
3.73723855212e-10
200
200
200
200
200
200
200
200
200
200
200
0
0
0
0
0
0
0
0
2.59441645377e-15
2.24057034985e-13
1.13382946352e-11
9.95111178663e-10
200
200
200
200
200
200
200
200
199.998906249
124.712881661
0
0
0
0
0
0
0
0
0
0
0
0
0
0
0
0
0
0
0
0
0
0
9.32536089955e-18
2.49219040808e-14
1.9718060267e-13
1.75345456616e-12
1.32706484567e-11
1.11561983011e-10
1.44560844551e-09
3.89787749078e-08
5.34937222567e-06
0
0
0
0
0
0
0
0
0
0
0
0
0
0
0
0
0
0
0
0
0
0
0
0
0
0
0
0
0
0
0
0
0
0
0
3.74550708122e-12
1.83357749664e-10
200
200
200
200
200
200
0
0
0
0
0
0
0
2.80402532288e-14
6.53578182544e-12
4.98779248607e-09
200
200
200
200
200
200
200
200
200
200
200
200
199.99912091
0
0
0
0
0
0
0
0
0
0
0
0
0
0
0
0
0
0
0
0
0
0
8.9845968635e-16
3.58061702162e-14
3.15616310924e-13
2.24496507792e-12
2.11076560089e-11
2.09435103933e-10
3.33768599308e-09
2.03263948736e-07
0
0
0
0
0
0
0
0
0
0
0
0
0
0
0
0
0
0
0
0
0
0
0
0
0
0
0
0
0
0
0
0
0
0
0
0
0
0
3.08119942698e-14
2.72983826571e-12
3.42506188355e-11
7.95682253121e-11
1.793333485e-12
0
0
0
0
0
0
2.84837791879e-13
1.82082445582e-10
200
200
200
200
200
200
200
200
200
200
200
200
200
200
200
199.99999499
0
0
0
0
0
0
0
0
0
0
0
0
0
0
0
0
0
0
0
0
0
0
2.81813377029e-15
6.96974847975e-14
4.83649855888e-13
3.9389914042e-12
3.50736058753e-11
4.81677931899e-10
1.40940094588e-08
0
0
0
0
0
0
0
0
0
0
0
0
0
0
0
0
0
0
0
0
0
0
0
0
0
0
0
0
0
0
0
0
0
0
0
0
0
0
0
0
0
0
2.06531135115e-13
0
0
3.66894154347e-17
6.29955678316e-17
3.93405936113e-15
2.27432588532e-12
1.12551712839e-08
200
200
200
200
200
200
200
200
200
200
200
200
200
200
200
200
200
200
0
0
0
0
0
0
0
0
0
0
0
0
0
0
0
0
0
0
0
0
0
0
8.3137139003e-15
1.29066682511e-13
1.08224352185e-12
9.51209586563e-12
1.02598903035e-10
1.66027137096e-09
0
0
0
0
0
0
0
0
0
0
0
0
0
0
0
0
0
0
0
0
0
0
0
0
0
0
0
0
0
0
0
0
0
0
0
0
0
0
0
0
0
0
0
0
4.66442436806e-17
3.04857582165e-16
2.38035727671e-14
4.62694341786e-12
1.71202490518e-06
200
200
200
200
200
200
200
200
200
200
200
200
200
200
200
200
200
200
200
200
0
0
0
0
0
0
0
0
0
0
0
0
0
0
0
0
0
0
0
0
0
0
2.77703114116e-14
2.57323846388e-13
2.9560305848e-12
2.91165526557e-11
3.22017779346e-10
0
0
0
0
0
0
0
0
0
0
0
0
0
0
0
0
0
0
0
0
0
0
0
0
0
0
0
0
0
0
0
0
0
0
0
0
0
0
0
0
0
0
0
0
0
1.59514168744e-14
1.79216789528e-12
200
200
200
200
200
200
200
200
200
200
200
200
200
200
200
200
200
200
200
200
200
200
200
0
0
0
0
0
0
0
0
0
0
0
0
0
0
0
0
0
0
0
0
0
4.00573325049e-15
9.25576744272e-14
7.70470095258e-13
8.65761338608e-12
8.72189277822e-11
0
0
0
0
0
0
0
0
0
0
0
0
0
0
0
0
0
0
0
0
0
0
0
0
0
0
0
0
0
0
0
0
0
0
0
0
0
0
0
0
0
0
0
0
0
0
1.66119217796e-10
200
200
200
200
200
200
200
200
200
200
200
200
200
200
200
200
200
200
200
200
200
200
200
200
0
0
0
0
0
0
0
0
0
0
0
0
0
0
0
0
0
0
0
0
0
2.51728478262e-14
2.97426031395e-13
3.28485555795e-12
2.93758546298e-11
0
0
0
0
0
0
0
0
0
0
0
0
0
0
0
0
0
0
0
0
0
0
0
0
0
0
0
0
0
0
0
0
0
0
0
0
0
0
0
0
0
0
0
0
0
0
0
0
3.47103398424e-18
200
200
200
200
200
200
200
200
200
200
200
200
200
200
200
200
200
200
200
200
200
200
199.99999968
0
0
0
0
0
0
0
0
0
0
0
0
0
0
0
0
0
0
0
0
6.93225238995e-15
1.28269724346e-13
1.43026128363e-12
1.20062589102e-11
0
0
0
0
0
0
0
0
0
0
0
0
0
0
0
0
0
0
0
0
0
0
0
0
0
0
0
0
0
0
0
0
0
0
0
0
0
0
0
0
0
0
0
0
0
0
0
0
0
3.12393058581e-18
4.18282597569e-17
2.40432631549e-11
200
200
200
200
200
200
200
200
200
200
200
200
200
200
200
200
200
200
200
200
197.844947267
0
0
0
0
0
0
0
0
0
0
0
0
0
0
0
0
0
0
0
1.72895705382e-15
6.27888622116e-14
7.04014666619e-13
5.7863170811e-12
0
0
0
0
0
0
0
0
0
0
0
0
0
0
0
0
0
0
0
0
0
0
0
0
0
0
0
0
0
0
0
0
0
0
0
0
0
0
0
0
0
0
0
0
0
0
0
0
0
0
2.81153752723e-18
1.57935902987e-17
1.94222904023e-16
8.85765107099e-11
200
200
200
200
200
200
200
200
200
200
200
200
200
200
200
200
200
200
200
0
0
0
0
0
0
0
0
0
0
0
0
0
0
0
0
0
0
0
0
2.86347004113e-14
3.53129842997e-13
3.19424586713e-12
0
0
0
0
0
0
0
0
0
0
0
0
0
0
0
0
0
0
0
0
0
0
0
0
0
0
0
0
0
0
0
0
0
0
0
0
0
0
0
0
0
0
0
0
0
0
0
0
0
0
0
5.34192130174e-18
1.19368858718e-17
1.66821547495e-16
4.78794584856e-16
1.81854487263e-09
200
200
200
200
200
200
200
200
200
200
200
200
200
200
200
200
200
198.40929506
0
0
0
0
0
0
0
0
0
0
0
0
0
0
0
0
0
0
0
1.40579378607e-14
1.93019059301e-13
1.97093896812e-12
0
0
0
0
0
0
0
0
0
0
0
0
0
0
0
0
0
0
0
0
0
0
0
0
0
0
0
0
0
0
0
0
0
0
0
0
0
0
0
0
0
0
0
0
0
0
0
0
0
0
0
0
4.80772917157e-18
1.07431972846e-17
1.48089781888e-16
3.26267595104e-16
3.64380296255e-11
200
200
200
200
200
200
200
200
200
200
200
200
200
200
200
200
200
0
0
0
0
0
0
0
0
0
0
0
0
0
0
0
0
0
0
0
8.5955352572e-15
1.45272877677e-13
1.33230343026e-12
0
0
0
0
0
0
0
0
0
0
0
0
0
0
0
0
0
0
0
0
0
0
0
0
0
0
0
0
0
0
0
0
0
0
0
0
0
0
0
0
0
0
0
0
0
0
0
0
0
0
0
0
0
6.85734002892e-18
2.34573101595e-17
1.13675765799e-16
1.7636156104e-16
3.54340959414e-12
200
200
200
200
200
200
200
200
200
200
200
200
200
200
200
200
195.962070048
0
0
0
0
0
0
0
0
0
0
0
0
0
0
0
0
0
0
5.09444912966e-15
1.1670999287e-13
9.94276204295e-13
0
0
0
0
0
0
0
0
0
0
0
0
0
0
0
0
0
0
0
0
0
0
0
0
0
0
0
0
0
0
0
0
0
0
0
0
0
0
0
0
0
0
0
0
0
0
0
0
0
0
0
0
0
2.04961085735e-18
4.32695625441e-18
3.58900325281e-17
9.5594013617e-17
1.57927247774e-16
1.53512627319e-16
200
200
200
200
200
200
200
200
200
200
200
200
200
200
200
200
0
0
0
0
0
0
0
0
0
0
0
0
0
0
0
0
0
0
4.2137946208e-15
9.4131725961e-14
8.17197293807e-13
0
0
0
0
0
0
0
0
0
0
0
0
0
0
0
0
0
0
0
0
0
0
0
0
0
0
0
0
0
0
0
0
0
0
0
0
0
0
0
0
0
0
0
0
0
0
0
0
0
0
0
0
0
2.04961085735e-18
3.89426062897e-18
3.89426062897e-18
3.78979142721e-17
9.20830349332e-17
1.38846948843e-16
1.32356402769e-16
200
200
200
200
200
200
200
200
200
200
200
200
200
200
200
0
0
0
0
0
0
0
0
0
0
0
0
0
0
0
0
0
0
3.88504575008e-15
9.21858694028e-14
7.57734495774e-13
0
0
0
0
0
0
0
0
0
0
0
0
0
0
0
0
0
0
0
0
0
0
0
0
0
0
0
0
0
0
0
0
0
0
0
0
0
0
0
0
0
0
0
0
0
0
0
0
0
0
0
0
0
0
3.89426062897e-18
3.89426062897e-18
3.89426062897e-18
4.59613251513e-17
1.05738492061e-16
1.14074535221e-16
5.83640004669e-13
200
200
200
200
200
200
200
200
200
200
200
200
200
200
0
0
0
0
0
0
0
0
0
0
0
0
0
0
0
0
0
0
3.97684354764e-15
9.12427712774e-14
7.75779036992e-13
0
0
0
0
0
0
0
0
0
0
0
0
0
0
0
0
0
0
0
0
0
0
0
0
0
0
0
0
0
0
0
0
0
0
0
0
0
0
0
0
0
0
0
0
0
0
0
0
0
0
0
0
0
0
0
3.89426062897e-18
3.89426062897e-18
3.89426062897e-18
5.49206705726e-17
8.25707407879e-17
7.97999257706e-17
1.24692370779e-11
200
200
200
200
200
200
200
200
200
200
200
200
200
0
0
0
0
0
0
0
0
0
0
0
0
0
0
0
0
0
0
5.52825050561e-15
9.5419569966e-14
8.55954567639e-13
0
0
0
0
0
0
0
0
0
0
0
0
0
0
0
0
0
0
0
0
0
0
0
0
0
0
0
0
0
0
0
0
0
0
0
0
0
0
0
0
0
0
0
0
0
0
0
0
0
0
0
0
0
0
0
0
0
2.04961085735e-18
6.17160602602e-18
5.20953749753e-17
6.87322032454e-17
4.94743784347e-17
200
200
200
200
200
200
200
200
200
200
200
200
200
0
0
0
0
0
0
0
0
0
0
0
0
0
0
0
0
0
0
7.59050611769e-15
1.2922332743e-13
1.0085161201e-12
0
0
0
0
0
0
0
0
0
0
0
0
0
0
0
0
0
0
0
0
0
0
0
0
0
0
0
0
0
0
0
0
0
0
0
0
0
0
0
0
0
0
0
0
0
0
0
0
0
0
0
0
0
0
0
0
0
0
1.07431972846e-17
1.42142312688e-17
1.2792808142e-17
2.58505218366e-17
3.32368706914e-15
200
200
200
200
200
200
200
200
200
200
200
200
0
0
0
0
0
0
0
0
0
0
0
0
0
0
0
0
0
0
1.11632745749e-14
1.66789092896e-13
1.26474870022e-12
0
0
0
0
0
0
0
0
0
0
0
0
0
0
0
0
0
0
0
0
0
0
0
0
0
0
0
0
0
0
0
0
0
0
0
0
0
0
0
0
0
0
0
0
0
0
0
0
0
0
0
0
0
0
0
0
0
0
2.81153752723e-18
1.19368858718e-17
1.80709356958e-17
1.42142312688e-17
7.07867714015e-16
200
200
200
200
200
200
200
200
200
200
200
200
0
0
0
0
0
0
0
0
0
0
0
0
0
0
0
0
0
0
1.90606868657e-14
2.12620305412e-13
1.56205046548e-12
0
0
0
0
0
0
0
0
0
0
0
0
0
0
0
0
0
0
0
0
0
0
0
0
0
0
0
0
0
0
0
0
0
0
0
0
0
0
0
0
0
0
0
0
0
0
0
0
0
0
0
0
0
0
0
0
0
0
0
0
1.32632065242e-17
2.00788174397e-17
2.87395683665e-16
6.03654512908e-15
200
200
200
200
200
200
200
200
200
200
200
2.04961085735e-18
0
0
0
0
0
0
0
0
0
0
0
0
0
0
0
0
1.05963991963e-15
3.32917287827e-14
3.05524908028e-13
1.85284868542e-12
0
0
0
0
0
0
0
0
0
0
0
0
0
0
0
0
0
0
0
0
0
0
0
0
0
0
0
0
0
0
0
0
0
0
0
0
0
0
0
0
0
0
0
0
0
0
0
0
0
0
0
0
0
0
0
0
0
0
0
0
0
1.4736896138e-17
3.24089900895e-16
2.27004371157e-15
200
200
200
200
200
200
200
200
200
200
200
2.04961085735e-18
2.04961085735e-18
0
0
0
0
0
0
0
0
0
0
0
0
0
0
0
3.34761983996e-15
5.53777116137e-14
4.60219383482e-13
4.78470523575e-12
0
0
0
0
0
0
0
0
0
0
0
0
0
0
0
0
0
0
0
0
0
0
0
0
0
0
0
0
0
0
0
0
0
0
0
0
0
0
0
0
0
0
0
0
0
0
0
0
0
0
0
0
0
0
0
0
0
0
0
0
0
0
1.40016653343e-16
7.53227356297e-16
200
200
200
200
200
200
200
200
200
200
199.999999999
2.04961085735e-18
2.04961085735e-18
2.04961085735e-18
0
0
0
0
0
0
0
0
0
0
0
0
0
0
8.49228107253e-15
8.79903230122e-14
6.26929071472e-13
1.55338862164e-11
0
0
0
0
0
0
0
0
0
0
0
0
0
0
0
0
0
0
0
0
0
0
0
0
0
0
0
0
0
0
0
0
0
0
0
0
0
0
0
0
0
0
0
0
0
0
0
0
0
0
0
0
0
0
0
0
0
0
0
0
0
0
0
7.10775219021e-16
200
200
200
200
200
200
200
200
200
200
0
1.84464977162e-18
2.04961085735e-18
2.04961085735e-18
2.04961085735e-18
0
0
0
0
0
0
0
0
0
0
0
0
9.17204680649e-17
1.55244119383e-14
1.58752293801e-13
7.93500563906e-13
2.80597278576e-11
0
0
0
0
0
0
0
0
0
0
0
0
0
0
0
0
0
0
0
0
0
0
0
0
0
0
0
0
0
0
0
0
0
0
0
0
0
0
0
0
0
0
0
0
0
0
0
0
0
0
0
0
0
0
0
0
0
0
0
0
0
0
0
6.49733590013e-16
200
200
200
200
200
200
200
200
200
200
0
0
1.84464977162e-18
2.04961085735e-18
2.04961085735e-18
0
0
0
0
0
0
0
0
0
0
0
0
2.71476570867e-15
2.63439529077e-14
2.04327663113e-13
8.62702695291e-13
4.65627751584e-11
0
0
0
0
0
0
0
0
0
0
0
0
0
0
0
0
0
0
0
0
0
0
0
0
0
0
0
0
0
0
0
0
0
0
0
0
0
0
0
0
0
0
0
0
0
0
0
0
0
0
0
0
0
0
0
0
0
0
0
0
0
0
0
0
200
200
200
200
200
200
200
200
200
0
0
0
0
2.04961085735e-18
2.04961085735e-18
2.04961085735e-18
0
0
0
0
0
0
0
0
0
0
0
5.55350819529e-15
5.55426196308e-14
2.70951570737e-13
1.80137154261e-12
6.52741226098e-11
0
0
0
0
0
0
0
0
0
0
0
0
0
0
0
0
0
0
0
0
0
0
0
0
0
0
0
0
0
0
0
0
0
0
0
0
0
0
0
0
0
0
0
0
0
0
0
0
0
0
0
0
0
0
0
0
0
0
0
0
0
0
0
0
200
200
200
200
200
200
200
200
0
0
0
0
0
0
2.04961085735e-18
2.04961085735e-18
0
0
0
0
0
0
0
0
0
0
1.43585794812e-15
1.04603524003e-14
6.38846200811e-14
2.58876872574e-13
4.00207242833e-12
1.01169220959e-10
0
0
0
0
0
0
0
0
0
0
0
0
0
0
0
0
0
0
0
0
0
0
0
0
0
0
0
0
0
0
0
0
0
0
0
0
0
0
0
0
0
0
0
0
0
0
0
0
0
0
0
0
0
0
0
0
0
0
0
0
0
0
0
0
200
200
200
200
200
200
200
0
0
0
0
0
0
0
0
2.04961085735e-18
0
0
0
0
0
0
0
0
0
0
4.02866128729e-15
2.14473311878e-14
7.43674692769e-14
1.80873356365e-13
4.72413207869e-12
1.50816124884e-10
0
0
0
0
0
0
0
0
0
0
0
0
0
0
0
0
0
0
0
0
0
0
0
0
0
0
0
0
0
0
0
0
0
0
0
0
0
0
0
0
0
0
0
0
0
0
0
0
0
0
0
0
0
0
0
0
0
0
0
0
0
0
0
21.6021997675
200
200
200
200
200
200
0
0
0
0
0
0
0
0
0
0
0
0
0
0
0
0
0
0
0
1.58979285613e-15
5.92566342343e-15
2.38214019349e-14
4.4096644546e-14
4.05214829356e-13
7.23256249835e-12
2.13659086667e-10
0
0
0
0
0
0
0
0
0
0
0
0
0
0
0
0
0
0
0
0
0
0
0
0
0
0
0
0
0
0
0
0
0
0
0
0
0
0
0
0
0
0
0
0
0
0
0
0
0
0
0
0
0
0
0
0
0
0
0
0
0
0
0
200
200
200
200
200
200
0
0
0
0
0
0
0
0
0
0
0
0
0
0
0
0
0
0
0
0
4.38059817004e-15
1.63034926992e-14
2.73867346656e-14
7.83380717845e-15
3.93091892585e-13
1.22663686881e-11
2.30152620768e-10
0
0
0
0
0
0
0
0
0
0
0
0
0
0
0
0
0
0
0
0
0
0
0
0
0
0
0
0
0
0
0
0
0
0
0
0
0
0
0
0
0
0
0
0
0
0
0
0
0
0
0
0
0
0
0
0
0
0
0
0
0
0
0
200
200
200
200
0
0
0
0
0
0
0
0
0
0
0
0
0
0
0
0
0
0
0
0
0
2.47360033221e-15
9.09785746117e-15
2.95865499751e-14
4.99977204507e-14
3.27413438079e-15
1.01080934102e-13
2.05055307929e-11
2.12260413232e-10
0
0
0
0
0
0
0
0
0
0
0
0
0
0
0
0
0
0
0
0
0
0
0
0
0
0
0
0
0
0
0
0
0
0
0
0
0
0
0
0
0
0
0
0
0
0
0
0
0
0
0
0
0
0
0
0
0
0
0
0
0
0
0
200
0
0
0
0
0
0
0
0
0
0
0
0
0
0
0
0
0
0
0
0
0
0
0
1.65432310324e-15
4.29266167672e-15
1.17131951905e-14
2.80064915589e-14
3.17089415452e-14
9.88295330791e-14
3.97040143169e-13
1.03779617299e-11
1.1454463687e-10
0
0
0
0
0
0
0
0
0
0
0
0
0
0
0
0
0
0
0
0
0
0
0
0
0
0
0
0
0
0
0
0
0
0
0
0
0
0
0
0
0
0
0
0
0
0
0
0
0
0
0
0
0
0
0
0
0
0
0
0
0
0
0
0
0
0
0
0
0
0
0
0
0
0
0
0
0
0
0
0
0
0
0
0
0
0
1.11636027257e-15
5.50986778243e-15
8.52631582926e-15
1.19276065482e-14
1.24072088112e-14
5.80885710473e-13
7.22808148074e-13
1.35051746912e-12
7.7448784185e-12
1.83225540399e-10
4.73451179374e-19
0
0
0
0
0
0
0
0
0
0
0
0
0
0
0
0
0
0
0
0
0
0
0
0
0
0
0
0
0
0
0
0
0
0
0
0
0
0
0
0
0
0
0
0
0
0
0
0
0
0
0
0
0
0
0
0
0
0
0
0
0
0
0
0
0
0
0
0
0
0
0
0
0
0
0
0
0
0
0
0
0
0
0
0
9.92338635003e-16
6.03294424443e-15
9.09250721613e-15
9.92344088258e-15
1.97442828821e-14
1.44030493042e-13
1.60833912235e-13
2.42663445165e-13
5.71164404983e-13
3.35034242132e-12
1.07042648526e-10
200
200
1.14006675299e-18
0
0
0
0
0
0
0
0
0
0
0
0
0
0
0
0
0
0
0
0
0
0
0
0
0
0
0
0
0
0
0
0
0
0
0
0
0
0
0
0
0
0
0
0
0
0
0
0
0
0
0
0
0
0
0
0
0
0
0
0
0
0
0
0
0
0
0
0
0
0
0
0
0
0
0
0
0
0
0
0
0
1.57529457415e-15
6.73027063621e-15
6.67258779243e-15
1.23672029179e-14
5.98537885637e-14
5.32416933057e-14
5.7537595409e-14
9.1452634071e-14
1.60861689027e-13
3.91070828143e-13
2.18828989438e-12
9.82923225961e-11
200
200
200
200
199.999999996
0
0
0
0
0
0
0
0
0
0
0
0
0
0
0
0
0
0
0
0
0
0
0
0
0
0
0
0
0
0
0
0
0
0
0
0
0
0
0
0
0
0
0
0
0
0
0
0
0
0
0
0
0
0
0
0
0
0
0
0
0
0
0
0
0
0
0
0
0
0
0
0
0
0
6.85734002892e-18
7.6192666988e-18
4.80772917157e-18
7.66658348981e-16
5.3056693585e-15
6.90389093846e-15
6.73801218923e-15
3.48755156157e-14
3.32800613456e-14
3.38888153453e-14
3.94013981848e-14
5.00109069164e-14
6.70266887568e-14
9.42208414336e-14
1.70050187278e-13
8.5416630939e-13
6.96881049482e-11
200
200
200
200
200
25.1908601341
7.79511198456e-18
0
0
0
0
0
0
0
0
0
0
0
0
0
0
0
0
0
0
0
0
0
0
0
0
0
0
0
0
0
0
0
0
0
0
0
0
0
0
0
0
0
0
0
0
0
0
0
0
0
0
0
0
0
0
0
0
0
0
0
0
0
0
0
0
0
0
2.96498419555e-15
3.78100376871e-15
2.48591161061e-14
3.79385313294e-14
8.42233880781e-14
1.11123519495e-13
1.28220310546e-13
1.37583239913e-13
9.39509870159e-14
1.75836254976e-14
5.97655105431e-15
3.35484663822e-14
2.47168450212e-14
2.34617311368e-14
2.63451164208e-14
3.10146407178e-14
3.61520436057e-14
4.32103825773e-14
5.36981894463e-14
6.7747230314e-14
9.26756296373e-14
1.99750928356e-13
4.14110338743e-11
200
200
200
200
9.25767480606e-08
5.71231964018e-12
4.22868238857e-11
1.19430428292e-11
2.06956976292e-18
0
0
0
0
0
0
0
0
0
0
0
0
0
0
0
0
0
0
0
0
0
0
0
0
0
0
0
0
0
0
0
0
0
0
0
0
0
0
0
0
0
0
0
0
0
0
0
0
0
0
0
0
0
0
0
0
0
0
0
0
0
0
3.21982878027e-14
1.70414614951e-13
3.47621996044e-13
5.31552322292e-13
6.33747925491e-13
6.82104357831e-13
7.62431841298e-13
6.80687596019e-13
6.10946915911e-13
4.29902768136e-13
1.67877731177e-13
6.96482344683e-14
3.08656870208e-14
2.11703462549e-14
2.11355836032e-14
2.33278000333e-14
2.58580965986e-14
2.91729410844e-14
3.31954453263e-14
3.83141943618e-14
4.50585790419e-14
5.35126328876e-14
6.51944677015e-14
8.98113554073e-14
1.95532089182e-11
200
200
200
6.07396044026e-08
8.84112501793e-11
9.67386648335e-12
1.50159238608e-12
1.02608840878e-14
2.14553506386e-14
2.23315753111e-16
0
0
0
0
0
0
0
0
0
0
0
0
0
0
0
0
0
0
0
0
0
0
0
0
0
0
0
0
0
0
0
0
0
0
0
0
0
0
0
0
0
0
0
0
0
0
0
0
0
0
0
0
0
0
0
0
0
0
0
0
0
1.56452948459e-13
4.52494211816e-13
4.89401540202e-13
5.06947559018e-13
5.50809889424e-13
5.89547156856e-13
6.26287259523e-13
6.38623485244e-13
6.0828768436e-13
5.45406282273e-13
4.37144963362e-13
9.32913725084e-14
3.58648719665e-14
2.67065101359e-14
2.40910873213e-14
2.43866952233e-14
2.58460055397e-14
2.82475210492e-14
3.12890902933e-14
3.50760658036e-14
3.969305109e-14
4.52592341062e-14
5.20193366668e-14
6.21108942694e-14
7.8643672959e-12
200
54.5421613165
2.35317672381e-08
1.49725230804e-10
1.39073391669e-11
4.83158709067e-13
2.64922298503e-14
6.73071480335e-15
3.97222278033e-15
9.23216175327e-15
1.26650273565e-14
9.32595713549e-18
0
0
0
0
0
0
0
0
0
0
0
0
0
0
0
0
0
0
0
0
0
0
0
0
0
0
0
0
0
0
0
0
0
0
0
0
0
0
0
0
0
0
0
0
0
0
0
0
0
0
0
0
0
0
0
0
0
0
0
3.58874362725e-13
5.24648281269e-13
5.4775574895e-13
5.65620857473e-13
5.93498646148e-13
6.17982219496e-13
6.44883597131e-13
6.62741822957e-13
6.86849512015e-13
6.95698578957e-13
6.47260879579e-13
2.88309038845e-13
5.87576193878e-14
3.52245625747e-14
2.80508097335e-14
2.63783558315e-14
2.67158868255e-14
2.80845478787e-14
3.02571635689e-14
3.3071479779e-14
3.63660402924e-14
4.0229580975e-14
4.45691651734e-14
5.03120151259e-14
2.92282407271e-12
4.97114661334e-07
8.72715479263e-09
2.05384405146e-10
1.63827816046e-11
1.01515345114e-12
3.71842257516e-14
9.20392934397e-15
5.31745201787e-15
4.41457073583e-15
5.44950845754e-15
4.41235880678e-15
7.47532024354e-15
1.10796366995e-16
0
0
0
0
0
0
0
0
0
0
0
0
0
0
0
0
0
0
0
0
0
0
0
0
0
0
0
0
0
0
0
0
0
0
0
0
0
0
0
0
0
0
0
0
0
0
0
0
0
0
0
0
0
0
0
0
0
0
3.2608356115e-13
5.76060534096e-13
5.82992019362e-13
6.23810347149e-13
6.45877407304e-13
6.6049009564e-13
6.79330268756e-13
6.987338865e-13
7.28726778601e-13
7.79976586369e-13
8.1949458589e-13
5.32882671083e-13
9.23893075999e-14
4.51710156861e-14
3.3352370603e-14
2.93131604585e-14
2.83267580621e-14
2.87353049986e-14
3.01023737345e-14
3.20559346741e-14
3.44653643198e-14
3.72604549042e-14
4.02472172846e-14
4.39928896256e-14
8.67850530847e-13
2.5333305681e-09
2.21479563885e-10
2.10787266741e-11
1.61810450553e-12
4.80683183477e-14
8.2833997626e-15
5.24837327366e-15
3.97311366225e-15
3.57500050229e-15
3.57453161707e-15
3.30018182403e-15
2.89202202896e-15
6.72699415795e-15
1.78179854481e-15
0
0
0
0
0
0
0
0
0
0
0
0
0
0
0
0
0
0
0
0
0
0
0
0
0
0
0
0
0
0
0
0
0
0
0
0
0
0
0
0
0
0
0
0
0
0
0
0
0
0
0
0
0
0
0
0
0
0
8.79548115556e-13
6.82937641272e-13
7.2034977384e-13
7.30190170698e-13
7.30670609288e-13
7.40533409808e-13
7.53009010517e-13
7.83619299929e-13
8.20047072427e-13
8.91336059575e-13
7.72237638532e-13
1.98200583816e-13
5.88800802659e-14
3.95918316852e-14
3.29517402709e-14
3.0594497254e-14
3.01050938297e-14
3.06508625337e-14
3.20685486127e-14
3.38584972218e-14
3.59240157763e-14
3.80566467424e-14
40.8891070203
107.409502343
2.65949408651e-10
2.63878912834e-11
2.38300226151e-12
1.67154735279e-14
6.47734933399e-15
4.46236310213e-15
3.57580229602e-15
3.21750045206e-15
2.89494861313e-15
2.89447972791e-15
2.89337987368e-15
3.21486652631e-15
4.53624545296e-15
1.10369692573e-14
5.64060353896e-15
0
0
0
0
0
0
0
0
0
0
0
0
0
0
0
0
0
0
0
0
0
0
0
0
0
0
0
0
0
0
0
0
0
0
0
0
0
0
0
0
0
0
0
0
0
0
0
0
0
0
0
0
0
0
0
0
0
1.4732584324e-12
9.47661426917e-13
9.09198783818e-13
8.64363268022e-13
8.34355635031e-13
8.22637617602e-13
8.28910410871e-13
8.40560867757e-13
8.70621111396e-13
9.15230785582e-13
9.77827948603e-13
3.65934534021e-13
7.71524343366e-14
4.69282667224e-14
3.73115643017e-14
3.34313737008e-14
3.19139280306e-14
3.19460846069e-14
3.26788171112e-14
3.39849498805e-14
3.55034795326e-14
191.240045629
199.150488193
199.573311314
4.35212935824e-11
3.06577995097e-12
6.08691920023e-15
4.77433041189e-15
3.82087072791e-15
3.2143848191e-15
2.74240327345e-15
2.57374499821e-15
2.3445285796e-15
2.3441065829e-15
2.52388104611e-15
2.86083651938e-15
3.77814962059e-15
8.49563628849e-15
2.08406893326e-13
2.64949278764e-14
0
0
0
0
0
0
0
0
0
0
0
0
0
0
0
0
0
0
0
0
0
0
0
0
0
0
0
0
0
0
0
0
0
0
0
0
0
0
0
0
0
0
0
0
0
0
0
0
0
0
0
0
0
0
0
0
1.56822764348e-12
1.28889286518e-12
1.13485031684e-12
1.0409839598e-12
9.67271646906e-13
9.34533106059e-13
9.140581682e-13
9.09766619382e-13
9.23956884678e-13
9.53755881298e-13
1.09999827681e-12
5.33349347775e-13
9.8362808117e-14
5.50297275166e-14
4.21833662135e-14
3.67453879978e-14
3.44888689975e-14
3.38061092032e-14
1.37079870416
196.1648595
199.824987854
199.97700466
199.993599187
199.994792363
4.27047859522e-12
3.80229273665e-15
3.42997441126e-15
3.016487939e-15
2.6125812975e-15
2.34515756146e-15
2.11007572164e-15
2.04726544362e-15
1.92500575957e-15
1.95916047608e-15
2.10880504269e-15
2.34253784346e-15
3.21300330747e-15
5.21650616606e-11
1.85825626196e-11
5.83719102047e-12
4.539143351e-14
0
0
0
0
0
0
0
0
0
0
0
0
0
0
0
0
0
0
0
0
0
0
0
0
0
0
0
0
0
0
0
0
0
0
0
0
0
0
0
0
0
0
0
0
0
0
0
0
0
0
0
0
0
0
0
1.65318210744e-12
1.59458174719e-12
1.37000814971e-12
1.23804884853e-12
1.14237077891e-12
1.06434128707e-12
1.0128933855e-12
9.85678119154e-13
9.78883779151e-13
9.89594208972e-13
1.10543178142e-12
6.16614602681e-13
1.18007441563e-13
6.35642609999e-14
4.74783885953e-14
4.05922988324e-14
175.181736634
197.903162842
199.906327595
199.990684589
199.997997166
199.999495355
199.999792094
199.999794292
2.61616366665e-15
2.50759252037e-15
2.35799860314e-15
2.1726064513e-15
1.99923684696e-15
1.8725918914e-15
1.70851188161e-15
1.69417596055e-15
1.63450981515e-15
1.67515838444e-15
1.70724120266e-15
1.93419467958e-15
8.23053397675e-06
3.52983767915e-05
5.12099446881e-07
3.77303192942e-09
1.49354723095e-10
1.24676416978e-14
0
0
0
0
0
0
0
0
0
0
0
0
0
0
0
0
0
0
0
0
0
0
0
0
0
0
0
0
0
0
0
0
0
0
0
0
0
0
0
0
0
0
0
0
0
0
0
0
0
0
0
0
0
0
1.42518891488e-12
1.8567638962e-12
1.57266489128e-12
1.42456653407e-12
1.31196750993e-12
1.20247641224e-12
1.11978286997e-12
1.06106824633e-12
1.02688012563e-12
1.01201919737e-12
1.09583343081e-12
5.96953430768e-13
1.2994427009e-13
190.594553841
198.232387755
199.844864427
199.97647817
199.995578977
199.998919418
199.999798331
199.999936251
199.999972492
199.999983141
199.99998224
1.91006008241e-15
1.85209889736e-15
1.78024893929e-15
1.69955487626e-15
1.58761885146e-15
1.52564241182e-15
1.41776070892e-15
1.38286537415e-15
1.38286537415e-15
1.38244337745e-15
1.43777454716e-15
3.01859706413
200
200
200
0.00167267208641
7.9495683259e-08
8.08006469411e-10
2.03468697913e-15
0
0
0
0
0
0
0
0
0
0
0
0
0
0
0
0
0
0
0
0
0
0
0
0
0
0
0
0
0
0
0
0
0
0
0
0
0
0
0
0
0
0
0
0
0
0
0
0
0
0
0
0
0
1.01019366767e-12
2.03069163401e-12
192.753482473
196.350399274
197.339441071
197.844947267
198.254407286
198.727462912
199.173198122
199.556293753
199.789398347
199.908255359
199.969102705
199.990401561
199.996825309
199.998741809
199.999688282
199.999906626
199.999967775
199.999986787
199.999994326
199.999997246
199.999998013
199.999997673
1.50263329906e-15
1.4803245554e-15
1.43843311496e-15
1.38406043969e-15
1.32416226209e-15
1.24482802157e-15
1.21717000068e-15
1.16366117679e-15
1.13521927123e-15
1.15162106648e-15
1.23441729249e-15
199.999999997
200
200
200
200
200
1.4348963253e-06
6.54485233879e-10
5.29040387782e-18
0
0
0
0
0
0
0
0
0
0
0
0
0
0
0
0
0
0
0
0
0
0
0
0
0
0
0
0
0
0
0
0
0
0
0
0
0
0
0
0
0
0
0
0
0
0
0
0
0
0
0
0
199.87468425
199.99393681
199.997713238
199.998517468
199.998447282
199.997999584
199.997941914
199.997941914
199.997941914
199.998408753
199.999013423
199.999453551
199.999736188
199.999879395
199.999941129
199.999972774
199.999985971
199.999993349
199.999997432
199.999998836
199.999999353
199.999999539
199.999999597
199.999999528
1.26447525564e-15
1.22738586843e-15
1.20335907563e-15
1.16637717011e-15
1.11241238046e-15
1.06673441365e-15
1.01658504751e-15
9.9406656394e-16
9.77791320441e-16
9.87194981869e-16
1.00707960781e-15
1.11939933871e-15
199.999999998
200
200
200
200
200
1.16181119151e-06
1.36951840715e-11
0
0
0
0
0
0
0
0
0
0
0
0
0
0
0
0
0
0
0
0
0
0
0
0
0
0
0
0
0
0
0
0
0
0
0
0
0
0
0
0
0
0
0
0
0
0
0
0
0
0
0
199.98476453
199.999936399
199.999986905
199.999993041
199.999994633
199.999994969
199.999993041
199.999992268
199.999990454
199.999988215
199.999986318
199.99998545
199.999986783
199.999989395
199.99999336
199.999996562
199.999998336
199.99999912
199.999999467
199.999999653
199.999999769
199.999999839
199.99999987
199.999999877
199.999999854
1.06632394742e-15
1.05167013655e-15
1.01739886514e-15
9.74485066593e-16
9.45559679878e-16
8.89399951901e-16
8.61803069608e-16
8.35325670701e-16
8.17794529771e-16
8.18977328105e-16
8.50877117715e-16
9.29364849317e-16
1.16880215151e-15
199.999999989
199.999999999
200
200
200
200
6.63768370325e-08
8.64847276709e-12
0
0
0
0
0
0
0
0
0
0
0
0
0
0
0
0
0
0
0
0
0
0
0
0
0
0
0
0
0
0
0
0
0
0
0
0
0
0
0
0
0
0
0
0
0
0
0
0
0
199.974198598
199.999977824
199.999999315
199.999999826
199.999999886
199.99999991
199.999999908
199.999999873
199.999999859
199.999999826
199.999999775
199.99999972
199.99999966
199.9999996
199.999999595
199.999999621
199.999999689
199.999999768
199.999999833
199.99999988
199.999999912
199.999999936
199.999999951
199.999999955
199.999999954
199.999999944
8.96258354588e-16
8.69880139314e-16
8.53348091146e-16
8.23895783028e-16
7.84777937853e-16
7.64749423477e-16
7.2678476646e-16
7.06239378139e-16
6.95226836666e-16
6.94323404863e-16
7.1033420707e-16
7.63908460162e-16
9.16822780731e-16
1.15959595126e-13
199.999999636
199.999999997
199.999999999
200
200
1.05912858641
3.29873400834e-09
1.53601377819e-14
0
0
0
0
0
0
0
0
0
0
0
0
0
0
0
0
0
0
0
0
0
0
0
0
0
0
0
0
0
0
0
0
0
0
0
0
0
0
0
0
0
0
0
0
0
0
0
0
199.999972622
199.999999806
199.999999964
199.999999985
199.999999989
199.999999992
199.999999988
199.999999987
199.999999985
199.999999981
199.999999974
199.999999966
199.999999956
199.999999945
199.999999938
199.999999934
199.999999938
199.999999947
199.999999958
199.999999968
199.999999975
199.999999979
199.999999981
199.999999981
199.99999998
199.999999978
7.52395561053e-16
7.38200964141e-16
7.23070961651e-16
7.00376615921e-16
6.78968509207e-16
6.48720103601e-16
6.29316623989e-16
6.14666350689e-16
6.00673725138e-16
5.92840297002e-16
6.03739817101e-16
6.29609093946e-16
7.13218506436e-16
3.89360385117e-14
1.57156458895e-12
199.997176837
199.999999992
199.999999998
199.999999999
200
2.53537331607e-06
7.32437605679e-12
1.38290794599e-15
0
0
0
0
0
0
0
0
0
0
0
0
0
0
0
0
0
0
0
0
0
0
0
0
0
0
0
0
0
0
0
0
0
0
0
0
0
0
0
0
0
0
0
0
0
0
199.99928239
199.999999734
199.999999989
199.999999999
199.999999999
199.999999999
199.999999999
199.999999999
199.999999999
199.999999998
199.999999997
199.999999996
199.999999994
199.999999992
199.99999999
199.999999988
199.999999986
199.999999986
199.999999986
199.999999987
199.999999989
199.99999999
199.999999991
199.999999992
199.999999991
199.999999991
199.999999992
6.60812111152e-16
6.46600189855e-16
6.3107555274e-16
6.14634142607e-16
5.94866816678e-16
5.70652004217e-16
5.59241164387e-16
5.40344411044e-16
5.21557983045e-16
5.15846166259e-16
5.15915559118e-16
5.27684369166e-16
5.7197573388e-16
1.09645325958e-15
7.56507451197e-13
1.39914939589e-12
199.981190778
199.999999971
199.999999996
199.999999999
199.311859939
9.72350666045e-12
9.95470094407e-12
0
0
0
0
0
0
0
0
0
0
0
0
0
0
0
0
0
0
0
0
0
0
0
0
0
0
0
0
0
0
0
0
0
0
0
0
0
0
0
0
0
0
0
0
0
0
199.999995434
199.999999989
200
200
200
200
200
200
200
200
199.999999999
199.999999999
199.999999998
199.999999998
199.999999997
199.999999997
199.999999996
199.999999996
199.999999996
199.999999996
199.999999996
199.999999996
199.999999996
199.999999996
199.999999996
199.999999996
199.999999997
5.95229452662e-16
5.82367656524e-16
5.69424259013e-16
5.53772272058e-16
5.37613694259e-16
5.16852617775e-16
5.03985711624e-16
4.82232457892e-16
4.63396041397e-16
4.5546766912e-16
4.51073789949e-16
4.54457978365e-16
4.74811741026e-16
5.68210638384e-16
1.94585566086e-13
1.98480620028e-12
1.24920538247e-12
1.81452146754e-12
199.997459153
199.999999994
199.999999997
7.49229986669e-12
1.49796563346e-11
1.01223902572e-11
0
0
0
0
0
0
0
0
0
0
0
0
0
0
0
0
0
0
0
0
0
0
0
0
0
0
0
0
0
0
0
0
0
0
0
0
0
0
0
0
0
0
0
0
199.990004008
199.999999951
200
200
200
200
200
200
200
200
200
200
200
200
199.999999999
199.999999999
199.999999999
199.999999999
199.999999998
199.999999998
199.999999998
199.999999998
199.999999998
199.999999998
199.999999998
199.999999998
199.999999999
199.999999999
5.50512266966e-16
5.36728122496e-16
5.2687479062e-16
5.10566978117e-16
4.92424474508e-16
4.75721906997e-16
4.5493967748e-16
4.34915718756e-16
4.14276344249e-16
4.04101860414e-16
3.92030296999e-16
3.87519222237e-16
4.00164437741e-16
4.39978436977e-16
3.44591186437e-14
1.00209663942e-12
1.19482573385e-12
1.82662309602e-12
2.66192953293e-12
3.5566985602e-12
5.35453359404e-12
7.33452316335e-12
1.17013700212e-11
2.64969371669e-11
1.38655544475e-10
0
0
0
0
0
0
0
0
0
0
0
0
0
0
0
0
0
0
0
0
0
0
0
0
0
0
0
0
0
0
0
0
0
0
0
0
0
0
0
0
0
0
0
199.999982037
200
200
200
200
200
200
200
200
200
200
200
200
200
200
200
200
200
200
199.999999999
199.999999999
199.999999999
199.999999999
199.999999999
200
200
200
200
5.18538127698e-16
5.04016028001e-16
4.93070712689e-16
4.77833287239e-16
4.58700382963e-16
4.38946369866e-16
4.16199274599e-16
3.93577500806e-16
3.71557988476e-16
3.54671809565e-16
3.38886408535e-16
3.31665300758e-16
3.31054537139e-16
3.4722124532e-16
4.62313070642e-16
1.88652683318e-13
1.10092385709e-12
1.44592324757e-12
3.01520194075e-12
4.56085903476e-12
6.8409407555e-12
9.30133953435e-12
1.42975147861e-11
3.57583433061e-11
1.01812760178e-10
7.23104760607e-12
0
0
0
0
0
0
0
0
0
0
0
0
0
0
0
0
0
0
0
0
0
0
0
0
0
0
0
0
0
0
0
0
0
0
0
0
0
0
0
0
0
0
199.999999897
200
200
200
200
200
200
200
200
200
200
200
200
200
200
200
200
200
200
200
200
200
200
200
200
200
200
200
4.99353590995e-16
4.80929776245e-16
4.68856199447e-16
4.52695882705e-16
4.29017375048e-16
4.0767473979e-16
3.82502171029e-16
3.56698501295e-16
3.34056467219e-16
3.13770748021e-16
2.96893341287e-16
2.84012411198e-16
2.74140996939e-16
2.74629085364e-16
2.98794026701e-16
1.62283778305e-14
3.14678444569e-13
7.20070320888e-13
1.62401873776e-12
3.08105801808e-12
6.00565564623e-12
1.04511660019e-11
1.89116306596e-11
2.43652462192e-11
2.51597200184e-11
6.28805268092e-11
0
0
0
0
0
0
0
0
0
0
0
0
0
0
0
0
0
0
0
0
0
0
0
0
0
0
0
0
0
0
0
0
0
0
0
0
0
0
0
0
0
0
200
200
200
200
200
200
200
200
200
200
200
200
200
200
200
200
200
200
200
200
200
200
200
200
200
200
200
200
4.93553564378e-16
4.69568691845e-16
4.5411471824e-16
4.33737680891e-16
4.09062326269e-16
3.82103631001e-16
3.54337204927e-16
3.28050189274e-16
3.02691503122e-16
2.80946140894e-16
2.63572988938e-16
2.48117656783e-16
2.38539197721e-16
2.30121559391e-16
2.30181235831e-16
2.60311684646e-16
4.26155764053e-14
2.09348323981e-13
4.70893993808e-13
1.07799189574e-12
2.06425707988e-12
4.25339324704e-12
7.98036361415e-12
1.31092552386e-11
1.63827800493e-11
2.57743202076e-11
1.6625022776e-10
0.000298869848337
0
0
0
0
0
0
0
0
0
0
0
0
0
0
0
0
0
0
0
0
0
0
0
0
0
0
0
0
0
0
0
0
0
0
0
0
0
0
0
199.999958271
200
200
200
200
200
200
200
200
200
200
200
200
200
200
200
200
200
200
200
200
200
200
200
200
200
200
200
200
5.08289987505e-16
4.72208069551e-16
4.51158384275e-16
4.26689910023e-16
3.95155395896e-16
3.64691201393e-16
3.34212662838e-16
3.04579030802e-16
2.7917762153e-16
2.56091176129e-16
2.37459686415e-16
2.23175497868e-16
2.09607613152e-16
1.96833940966e-16
1.91475908709e-16
1.91874557576e-16
3.70229760466e-16
3.56320310407e-14
9.12895294964e-14
2.09365946449e-13
4.49053814971e-13
9.52651365146e-13
1.9331152028e-12
4.08121246767e-12
7.66905531092e-12
1.60552818378e-11
0.000207897689621
122.870756809
0
0
0
0
0
0
0
0
0
0
0
0
0
0
0
0
0
0
0
0
0
0
0
0
0
0
0
0
0
0
0
0
0
0
0
0
0
0
0
199.999999933
200
200
200
200
200
200
200
200
200
200
200
200
200
200
200
200
200
200
200
200
200
200
200
200
200
200
200
200
148.706755628
5.02326984385e-16
4.65763496869e-16
4.26553016625e-16
3.89864433449e-16
3.53469002314e-16
3.20294822396e-16
2.89395264702e-16
2.62957827275e-16
2.39284290768e-16
2.20915941069e-16
2.02772467443e-16
1.87152998075e-16
1.73083893474e-16
1.58767936308e-16
1.51025288965e-16
1.51788505709e-16
2.0938400919e-15
1.77908309749e-14
3.69543784336e-14
7.15526872855e-14
1.27203134555e-13
2.42149062264e-13
6.25033711472e-13
2.57137209429e-12
7.34577751796e-10
0.000717610226222
7.0522306621e-12
86.4301114176
0
0
0
0
0
0
0
0
0
0
0
0
0
0
0
0
0
0
0
0
0
0
0
0
0
0
0
0
0
0
0
0
0
0
0
0
0
0
200
200
200
200
200
200
200
200
200
200
200
200
200
200
200
200
200
200
200
200
200
200
200
200
200
200
200
200
200
0.120893470467
5.85447488812e-16
5.11937355717e-16
4.470305225e-16
3.95072005871e-16
3.50185724057e-16
3.11350864264e-16
2.78019986292e-16
2.47866897163e-16
2.26822787845e-16
2.05754338641e-16
1.87160245782e-16
1.68690228646e-16
1.50943709472e-16
1.34471991249e-16
1.20994994605e-16
1.12242711297e-16
1.15193984534e-16
1.89294627072e-15
5.93549105652e-15
1.08831865645e-14
1.8048135731e-14
2.62520554806e-14
3.63431142702e-14
6.52182937704e-14
3.14804902347e-13
2.21306819501e-12
2.690522211e-13
199.992462047
0
0
0
0
0
0
0
0
0
0
0
0
0
0
0
0
0
0
0
0
0
0
0
0
0
0
0
0
0
0
0
0
0
0
0
0
0
199.96067459
200
200
200
200
200
200
200
200
200
200
200
200
200
200
200
200
200
200
200
200
200
200
200
200
200
200
200
200
200
2.81937037416e-10
8.33151322233e-16
6.2697861118e-16
4.94802597935e-16
4.11813970248e-16
3.52892363195e-16
3.07972098449e-16
2.69886668955e-16
2.41191816942e-16
2.16207597933e-16
1.94954799608e-16
1.75265348116e-16
1.55153934405e-16
1.34904640717e-16
1.16864562906e-16
1.0216865198e-16
8.95778988563e-17
8.03360300774e-17
1.03384266419e-16
6.65475918362e-16
1.23506785979e-15
2.14120084266e-15
3.09072576288e-15
2.87860846314e-15
2.05736661173e-15
6.12241344691e-16
5.34820725937e-16
2.32873911837e-16
3.62622488726e-15
200
0
0
0
0
0
0
0
0
0
0
0
0
0
0
0
0
0
0
0
0
0
0
0
0
0
0
0
0
0
0
0
0
0
0
0
0
200
200
200
200
200
200
200
200
200
200
200
200
200
200
200
200
200
200
200
200
200
200
200
200
200
200
200
200
200
200
2.08704995976e-09
2.51809622478e-07
25.3019525734
5.83667970356e-16
4.3905746015e-16
3.61170679841e-16
3.07231200613e-16
2.66006649891e-16
2.3613004185e-16
2.10885100561e-16
1.87412050601e-16
1.67074164691e-16
1.46350586093e-16
1.25671235896e-16
1.07327022204e-16
9.06538355218e-17
7.1823668597e-17
4.65056128417e-17
5.04355001262e-17
8.95997297813e-17
1.64488266248e-16
2.30920184746e-16
2.20911944272e-16
1.26000285768e-16
1.64111989313e-16
2.29468245886e-16
3.89818128209e-16
6.61420221575e-16
4.41552289876e-15
6.14214505038e-14
0
0
0
0
0
0
0
0
0
0
0
0
0
0
0
0
0
0
0
0
0
0
0
0
0
0
0
0
0
0
0
0
0
0
0
4.73451179374e-19
200
200
200
200
200
200
200
200
200
200
200
200
200
200
200
200
200
200
200
200
200
200
200
200
200
200
200
200
200
200
7.58135804205e-09
2.4553444964e-10
0.000273400372884
199.99993359
4.75985679939e-16
3.70891025511e-16
3.06272696725e-16
2.63582650952e-16
2.3274378158e-16
2.06709492054e-16
1.84108725509e-16
1.62585084497e-16
1.40044562777e-16
1.19488217745e-16
9.96206108447e-17
7.86318987115e-17
5.58255959405e-17
2.98390975751e-17
5.29036252623e-18
9.45249727166e-18
1.10464317864e-17
1.25405981014e-17
2.80461772172e-17
4.07280783964e-17
6.71678401735e-17
1.39876367066e-16
3.50654659646e-16
1.34471440858e-15
7.48144429853e-15
6.73311821293e-15
2.24266348124e-19
0
0
0
0
0
0
0
0
0
0
0
0
0
0
0
0
0
0
0
0
0
0
0
0
0
0
0
0
0
0
0
0
0
0
199.999999999
200
200
200
200
200
200
200
200
200
200
200
200
200
200
200
200
200
200
200
200
200
200
200
200
200
200
200
200
200
200
6.02660325599e-09
6.40171217372e-09
6.6002698772e-09
1.28112898898e-08
0.00267973443112
199.99999998
199.999986251
2.7363656366e-16
2.3597054561e-16
2.08224677001e-16
1.84052376954e-16
1.61875962847e-16
1.36201988365e-16
1.16581481925e-16
9.61706375931e-17
7.92766726765e-17
5.86260177949e-17
2.81026972796e-17
5.29036252623e-18
8.54114926575e-18
1.07972469552e-17
1.22914132702e-17
1.55154880214e-17
3.63476349626e-17
5.12691371003e-17
1.08974301054e-16
3.15589193681e-16
6.61601877317e-16
1.24636210833e-15
5.10874813584e-17
3.63421811165e-14
0
0
0
0
0
0
0
0
0
0
0
0
0
0
0
0
0
0
0
0
0
0
0
0
0
0
0
0
0
0
0
0
0
0
200
200
200
200
200
200
200
200
200
200
200
200
200
200
200
200
200
200
200
200
200
200
200
200
200
200
200
200
200
200
160.121095946
)
;

boundaryField
{
    frontAndBack
    {
        type            empty;
    }
    leftWall
    {
        type            calculated;
        value           uniform 0;
    }
    outlet
    {
        type            calculated;
        value           uniform 0;
    }
    rightWall
    {
        type            calculated;
        value           uniform 0;
    }
    inlet
    {
        type            calculated;
        value           uniform 3.35205934632e-13;
    }
}


// ************************************************************************* //
