/*--------------------------------*- C++ -*----------------------------------*\
| =========                 |                                                 |
| \\      /  F ield         | OpenFOAM: The Open Source CFD Toolbox           |
|  \\    /   O peration     | Version:  v1906                                 |
|   \\  /    A nd           | Web:      www.OpenFOAM.com                      |
|    \\/     M anipulation  |                                                 |
\*---------------------------------------------------------------------------*/
FoamFile
{
    version     2.0;
    format      ascii;
    class       volScalarField;
    location    "471";
    object      alpha;
}
// * * * * * * * * * * * * * * * * * * * * * * * * * * * * * * * * * * * * * //

dimensions      [0 0 -1 0 0 0 0];


internalField   nonuniform List<scalar> 
9216
(
199.99999834
200
200
200
200
200
200
200
200
200
200
200
200
200
200
200
200
200
200
200
200
200
200
200
200
200
200
200
200
200
200
200
200
200
200
200
200
200
200
200
200
200
200
200
200
200
200
200
200
200
200
200
200
200
200
200
200
200
200
200
200
200
200
200
200
200
200
200
200
200
200
200
200
200
200
200
200
200
200
200
200
200
200
199.999999999
194.047395203
175.999647719
157.614619897
134.223292527
107.679217919
84.5724839662
63.8936395145
47.4528521003
34.1807541791
22.0836516262
12.7237824525
1.51682816953
200
200
200
200
200
200
200
200
200
200
200
200
200
200
200
200
200
200
200
200
200
200
200
200
200
200
200
200
200
200
200
200
200
200
200
200
200
200
200
200
200
200
200
200
200
200
200
200
200
200
200
200
200
200
200
200
200
200
200
200
200
200
200
200
200
200
200
200
200
200
200
200
200
200
200
200
200
200
200
200
200
200
200
200
199.999999902
189.215560265
170.990507184
146.594878445
123.712702392
97.33154889
74.297986358
59.0271678569
46.5876834799
30.3080359507
19.9974393603
15.1313528611
200
200
200
200
200
200
200
200
200
200
200
200
200
200
200
200
200
200
200
200
200
200
200
200
200
200
200
200
200
200
200
200
200
200
200
200
200
200
200
200
200
200
200
200
200
200
200
200
200
200
200
200
200
200
200
200
200
200
200
200
200
200
200
200
200
200
200
200
200
200
200
200
200
200
200
200
200
200
200
200
200
200
200
200
199.999998474
186.04179648
161.688237397
146.893063113
129.054192427
99.3860303426
71.651841776
63.0164882581
46.0786154906
35.454204831
31.0791622456
21.0565114532
200
200
200
200
200
200
200
200
200
200
200
200
200
200
200
200
200
200
200
200
200
200
200
200
200
200
200
200
200
200
200
200
200
200
200
200
200
200
200
200
200
200
200
200
200
200
200
200
200
200
200
200
200
200
200
200
200
200
200
200
200
200
200
200
200
200
200
200
200
200
200
200
200
200
200
200
200
200
200
200
200
200
200
200
199.988689212
179.268643947
159.519884551
145.22959096
121.869680091
104.144287139
84.2667518538
60.7350831433
54.7679078653
45.6031867465
39.4885553657
27.2300743431
200
200
200
200
200
200
200
200
200
200
200
200
200
200
200
200
200
200
200
200
200
200
200
200
200
200
200
200
200
200
200
200
200
200
200
200
200
200
200
200
200
200
200
200
200
200
200
200
200
200
200
200
200
200
200
200
200
200
200
200
200
200
200
200
200
200
200
200
200
200
200
200
200
200
200
200
200
200
200
200
200
200
200
199.999999996
192.950807496
170.573072453
151.22262186
138.48870896
129.259439603
106.026680455
91.079578909
70.4912094808
56.3823770078
55.3008093084
51.6666153707
39.3768334931
200
200
200
200
200
200
200
200
200
200
200
200
200
200
200
200
200
200
200
200
200
200
200
200
200
200
200
200
200
200
200
200
200
200
200
200
200
200
200
200
200
200
200
200
200
200
200
200
200
200
200
200
200
200
200
200
200
200
200
200
200
200
200
200
200
200
200
200
200
200
200
200
200
200
200
200
200
200
200
200
200
200
200
199.999999853
189.496926137
168.781501824
156.549013057
138.385084124
118.658484974
100.112193103
97.6441810434
85.2758690527
67.2005362977
63.9805247802
63.1192894389
50.3423743253
200
200
200
200
200
200
200
200
200
200
200
200
200
200
200
200
200
200
200
200
200
200
200
200
200
200
200
200
200
200
200
200
200
200
200
200
200
200
200
200
200
200
200
200
200
200
200
200
200
200
200
200
200
200
200
200
200
200
200
200
200
200
200
200
200
200
200
200
200
200
200
200
200
200
200
200
200
200
200
200
200
200
200
199.998847213
185.059473574
167.225220787
152.160443623
137.911645856
118.449420443
109.62435124
95.6936107241
94.4445511504
85.0659246591
74.2738614011
74.0913031225
60.8531046134
200
200
200
200
200
200
200
200
200
200
200
200
200
200
200
200
200
200
200
200
200
200
200
200
200
200
200
200
200
200
200
200
200
200
200
200
200
200
200
200
200
200
200
200
200
200
200
200
200
200
200
200
200
200
200
200
200
200
200
200
200
200
200
200
200
200
200
200
200
200
200
200
200
200
200
200
200
200
200
200
200
200
200
199.975446868
181.387135097
166.092425609
147.935775839
133.712602262
121.725262999
115.059104366
106.343913713
96.6815318371
97.1506268414
83.7668531444
84.4488730027
71.2706028866
200
200
200
200
200
200
200
200
200
200
200
200
200
200
200
200
200
200
200
200
200
200
200
200
200
200
200
200
200
200
200
200
200
200
200
200
200
200
200
200
200
200
200
200
200
200
200
200
200
200
200
200
200
200
200
200
200
200
200
200
200
200
200
200
200
200
200
200
200
200
200
200
200
200
200
200
200
200
200
200
200
200
199.999999998
196.729298058
181.212424503
166.76613486
151.481969861
135.238618226
123.95933582
111.661583619
113.60847294
107.668360319
101.363534737
96.7694112048
93.0858637786
80.6202696194
200
200
200
200
200
200
200
200
200
200
200
200
200
200
200
200
200
200
200
200
200
200
200
200
200
200
200
200
200
200
200
200
200
200
200
200
200
200
200
200
200
200
200
200
200
200
200
200
200
200
200
200
200
200
200
200
200
200
200
200
200
200
200
200
200
200
200
200
200
200
200
200
200
200
200
200
200
200
200
200
200
200
199.999999899
193.551806095
180.373045705
166.376292659
150.998845633
138.085145162
127.767166738
120.208278947
113.654242647
114.711666123
110.094895492
107.906000381
101.345678718
90.442583495
200
200
200
200
200
200
200
200
200
200
200
200
200
200
200
200
200
200
200
200
200
200
200
200
200
200
200
200
200
200
200
200
200
200
200
200
200
200
200
200
200
200
200
200
200
200
200
200
200
200
200
200
200
200
200
200
200
200
200
200
200
200
200
200
200
200
200
200
200
200
200
200
200
200
200
200
200
200
200
200
200
200
199.999999441
193.02054316
179.53395795
163.105119635
150.421777066
140.767905836
135.057315384
128.120527146
122.876185226
115.662112092
117.533276543
119.827269169
109.711477219
98.1363480385
200
200
200
200
200
200
200
200
200
200
200
200
200
200
200
200
200
200
200
200
200
200
200
200
200
200
200
200
200
200
200
200
200
200
200
200
200
200
200
200
200
200
200
200
200
200
200
200
200
200
200
200
200
200
200
200
200
200
200
200
200
200
200
200
200
200
200
200
200
200
200
200
200
200
200
200
200
200
200
200
200
200
199.999996303
192.412000882
178.042540005
163.963521913
154.148110814
146.062682714
138.378636835
133.27572458
128.478491808
124.861448235
120.115599127
125.532250146
117.295592193
104.188945876
200
200
200
200
200
200
200
200
200
200
200
200
200
200
200
200
200
200
200
200
200
200
200
200
200
200
200
200
200
200
200
200
200
200
200
200
200
200
200
200
200
200
200
200
200
200
200
200
200
200
200
200
200
200
200
200
200
200
200
200
200
200
200
200
200
200
200
199.74713469
199.994931271
200
200
200
200
200
200
200
200
200
200
200
200
200
199.999914877
192.275246494
177.91186574
167.986889145
158.650367537
149.902978711
142.2859173
137.282172276
132.492418443
128.992014553
126.859985847
129.206455252
123.72857923
109.629964664
200
200
200
200
200
200
200
200
200
200
200
200
200
200
200
200
200
200
200
200
200
200
200
200
200
200
200
200
200
200
200
200
200
200
200
200
200
200
200
200
200
200
200
200
200
200
200
200
200
200
200
200
200
200
200
200
200
200
200
200
195.034911564
37.5526857877
7.53493687014
2.22154038545
0.810054415916
0.445473580402
0.402728515152
0.542600463098
0.951602495239
2.01382926487
4.94245275495
13.9396419583
45.3053467186
148.502763876
192.935066827
200
200
200
200
200
200
200
199.999994462
192.433291891
182.390255139
169.952393232
161.650041806
152.7069721
145.770416138
142.692553718
136.806902278
133.738042167
131.01117906
129.084384333
131.610291488
114.326681883
200
200
200
200
200
200
200
200
200
200
200
200
200
200
200
200
200
200
200
200
200
200
200
200
200
200
200
200
200
200
200
200
200
200
200
200
200
200
200
200
200
200
200
200
200
200
200
200
200
200
200
200
200
200
200
200
200
196.264401611
0.163944446403
0.0132131103455
0.00236778964106
0.000620982746667
0.000222251732831
0.000105691932235
7.61158206268e-05
8.21033327448e-05
0.000117310632831
0.000201643794976
0.000401927577474
0.000926442083093
0.00242751567528
0.00728198425078
0.0251896795673
0.102124481651
0.491131623299
2.87118121363
19.740669276
142.594372121
196.866057488
200
199.988298572
200
199.999999893
195.209303858
182.474426256
173.491124654
161.600632419
155.26045068
151.121072772
147.104246403
141.183751611
137.705493197
134.279046712
132.435568477
136.87082065
118.359777266
200
200
200
200
200
200
200
200
200
200
200
200
200
200
200
200
200
200
200
200
200
200
200
200
200
200
200
200
200
200
200
200
200
200
200
200
200
200
200
200
200
200
200
200
200
200
200
200
200
200
200
200
200
200
200
187.599244919
0.0017561835808
1.53673398858e-05
2.01494488878e-06
4.83277742234e-07
1.65214967086e-07
7.25496980419e-08
4.16890584791e-08
3.49964410157e-08
4.10249920833e-08
6.03838180526e-08
1.04258593972e-07
2.05703924522e-07
4.53934165331e-07
1.14073819561e-06
3.23431313592e-06
1.04021469575e-05
3.80206401384e-05
0.000157216582941
0.000752923557022
0.00423636938576
0.0280397188318
0.220907431695
2.12594163988
24.9177380484
171.282756138
199.651602709
199.896911011
194.533009879
183.499967746
173.18128915
164.206611841
161.310462718
156.225180991
149.316641588
143.578509783
140.439088812
138.121588025
135.063041756
137.99170744
121.383778439
200
200
200
200
200
200
200
200
200
200
200
200
200
200
200
200
200
200
200
200
200
200
200
200
200
200
200
200
200
200
200
200
200
200
200
200
200
200
200
200
200
200
200
200
200
200
200
200
200
200
200
200
200
200
0.000321574093328
1.38343391654e-07
7.02005486597e-09
1.27793767273e-09
3.58058856669e-10
1.38128880015e-10
6.84027547959e-11
4.29427102683e-11
3.76624291172e-11
4.44239353198e-11
6.48839324977e-11
1.0978488632e-10
2.09182162562e-10
4.50547443402e-10
1.09220982777e-09
2.9213395445e-09
8.85384779647e-09
3.04420679283e-08
1.17174107239e-07
5.01851409349e-07
2.43914869695e-06
1.35701641283e-05
8.45433673527e-05
0.000605507310761
0.00522314574116
0.0540096935384
0.681789987018
10.5998089383
150.430353995
190.640825092
181.464089617
171.333073096
166.819253912
163.623594841
153.444263952
148.655567611
146.052169625
142.092899639
140.250505587
137.228259136
138.409145762
123.288961513
200
200
200
200
200
200
200
200
200
200
200
200
200
200
200
200
200
200
200
200
200
200
200
200
200
200
200
200
200
200
200
200
200
200
200
200
200
200
200
200
200
200
200
200
200
200
200
200
200
200
200
200
200
2.01167710839e-08
1.38062251066e-10
1.40104525004e-11
2.91084731648e-12
8.45735928075e-13
3.24553804981e-13
1.51527848444e-13
9.24339400832e-14
7.60292657716e-14
8.50180330891e-14
1.21102514783e-13
2.17359829444e-13
4.2113481886e-13
9.05032274363e-13
2.12267691461e-12
5.57283187258e-12
1.63264271491e-11
5.28125348147e-11
1.85375314303e-10
7.23393757576e-10
3.07400370118e-09
1.49260756813e-08
8.01599874183e-08
4.75366782986e-07
3.207166264e-06
2.51032652918e-05
0.000221956218695
0.00233746665673
0.0305341469452
0.447707624181
7.87974173226
131.517107845
169.92775089
168.021791813
160.913749744
154.874906009
151.244283778
148.041280595
145.213937212
140.488369517
139.263285336
137.651474897
124.617328816
200
200
200
200
200
200
200
200
200
200
200
200
200
200
200
200
200
200
200
200
200
200
200
200
200
200
200
200
200
200
200
200
200
200
200
200
200
200
200
200
200
200
200
200
200
200
200
200
200
200
200
200
2.60586437232e-11
6.08496774036e-13
1.44974647996e-14
0
0
0
0
0
0
0
0
0
3.08877393694e-16
1.01655604994e-15
5.15492793056e-15
1.53691960359e-14
5.2048335773e-14
1.76158496368e-13
6.17288413666e-13
2.2496473488e-12
8.84883239516e-12
3.75479704576e-11
1.70373504043e-10
8.51456412914e-10
4.70252947941e-09
2.97572480629e-08
2.065525162e-07
1.61507809894e-06
1.48558395409e-05
0.000145557426999
0.00168077733792
0.0246172256963
0.45448818424
11.4284223275
152.735290135
162.977719702
158.156506343
154.323373052
150.57296773
146.391865406
142.30838403
140.364882799
137.257736936
126.008235315
200
200
200
200
200
200
200
200
200
200
200
200
200
200
200
200
200
200
200
200
200
200
200
200
200
200
200
200
200
200
200
200
200
200
200
200
200
200
200
200
200
200
200
200
200
200
200
200
200
200
200
3.05751195874e-13
0
0
0
0
0
0
0
0
0
0
0
0
0
0
0
2.33308564762e-16
6.40950935335e-16
2.84713727745e-15
1.1998948362e-14
4.87979441715e-14
2.01407763607e-13
8.35342562795e-13
3.55144478639e-12
1.68584187053e-11
8.35588837939e-11
4.58236749282e-10
2.81378492396e-09
2.00665810167e-08
1.45187790006e-07
1.19031395666e-06
1.15451718902e-05
0.000135388703264
0.00203177893048
0.0473700446748
1.40412243341
58.77614837
158.26082255
156.396721036
152.44871887
148.638710016
145.533221592
140.874938572
138.735541044
127.287959055
200
200
200
200
200
200
200
200
200
200
200
200
200
200
200
200
200
200
200
200
200
200
200
200
200
200
200
200
200
200
200
200
200
200
200
200
200
200
200
200
200
200
200
200
200
200
200
200
200
200
3.27984447808e-18
0
0
0
0
0
0
0
0
0
0
0
0
0
0
0
0
0
0
2.24866278176e-17
3.62561245583e-16
1.02639330282e-15
4.59611915608e-15
2.53166339105e-14
1.01271401621e-13
5.14489912553e-13
2.33569459741e-12
1.22324933781e-11
6.23929103496e-11
3.69318153245e-10
2.28871755449e-09
1.67996260018e-08
1.35136460287e-07
1.29729798473e-06
1.59054802776e-05
0.000278093761338
0.00620216520385
0.206675548748
11.8423056344
147.997072896
153.507271835
149.609947046
147.64692443
142.167637242
140.017355495
127.94088672
200
200
200
200
200
200
200
200
200
200
200
200
200
200
200
200
200
200
200
200
200
200
200
200
200
200
200
200
200
200
200
200
200
200
200
200
200
200
200
200
200
200
200
200
200
200
200
200
200
0
0
0
0
0
0
0
0
0
0
0
0
0
0
0
0
0
0
0
0
0
0
0
2.25322511273e-16
6.63338895232e-16
3.55040320464e-15
1.76869611173e-14
7.31124528819e-14
3.90115763652e-13
1.86616568188e-12
9.99003867105e-12
5.33208253945e-11
3.55205158532e-10
2.49414811463e-09
2.06945437165e-08
2.03300302586e-07
2.78767494513e-06
4.62024701668e-05
0.00120956699423
0.0438906063519
3.02713664083
131.480862948
149.210823775
147.338047331
143.28984412
139.517982242
127.072571231
200
200
200
200
200
200
200
200
200
200
200
200
200
200
200
200
200
200
200
200
200
200
200
200
200
200
200
200
200
200
200
200
200
200
200
200
200
200
200
200
200
200
200
200
200
200
200
200
0
0
0
0
0
0
0
0
0
0
0
0
0
0
0
0
0
0
0
0
0
0
0
0
0
0
1.73787880436e-16
6.58142328383e-16
3.14723662044e-15
1.60632813345e-14
7.42722114721e-14
4.10923136007e-13
2.03716029762e-12
1.16994984765e-11
7.51159763801e-11
5.0837073734e-10
4.19865791541e-09
4.65567930268e-08
5.65181055272e-07
9.88205504543e-06
0.000264558337003
0.0126811388726
1.12524740452
114.115802814
145.995969699
142.936019532
137.660771478
124.577239629
200
200
200
200
200
200
200
200
200
200
200
200
200
200
200
200
200
200
200
200
200
200
200
200
200
200
200
200
200
200
200
200
200
200
200
200
200
200
200
200
200
200
200
200
200
200
200
0
0
0
0
0
0
0
0
0
0
0
0
0
0
0
0
0
0
0
0
0
0
0
0
0
0
0
0
0
1.65656196282e-16
7.37928067417e-16
3.8945252641e-15
2.07675037097e-14
1.01226622667e-13
6.08176476502e-13
3.30793082683e-12
2.08818943276e-11
1.41077888263e-10
1.11020139281e-09
1.2326097893e-08
1.5244695884e-07
3.05152084008e-06
9.411158319e-05
0.00519913134827
0.636377239161
111.521816466
141.665912081
135.704884294
121.175731138
200
200
200
200
200
200
200
200
200
200
200
200
200
200
200
200
200
200
200
200
200
200
200
200
200
200
200
200
200
200
200
200
200
200
200
200
200
200
200
200
200
200
200
200
200
200
0
0
0
0
0
0
0
0
0
0
0
0
0
0
0
0
0
0
0
0
0
0
0
0
0
0
0
0
0
0
0
0
2.16686323006e-16
1.01825630195e-15
5.6525481867e-15
3.20638745175e-14
1.87586288926e-13
1.06369568836e-12
7.16259353411e-12
4.78513775248e-11
4.10024255473e-10
4.00345756151e-09
5.97176315435e-08
1.25573264537e-06
4.4009543632e-05
0.0030751654466
0.656616232681
119.02273014
133.780758378
117.14182458
200
200
200
200
200
200
200
200
200
200
200
200
200
200
200
200
200
200
200
200
200
200
200
200
200
200
200
200
200
200
200
200
200
200
200
200
200
200
200
200
200
200
200
200
200
0
0
0
0
0
0
0
0
0
0
0
0
0
0
0
0
0
0
0
0
0
0
0
0
0
0
0
0
0
0
0
0
0
0
0
3.48769402045e-16
1.79643641196e-15
1.40066894718e-14
7.28391421685e-14
4.61024650816e-13
3.14786430674e-12
1.96816800347e-11
1.64873556665e-10
1.86912006235e-09
2.90954051193e-08
6.48574733477e-07
2.6788072934e-05
0.00296378291538
1.39783158266
123.478494034
112.784197812
200
200
200
200
200
200
200
200
200
200
200
200
200
200
200
200
200
200
200
200
200
200
200
200
200
200
200
200
200
200
200
200
200
200
200
200
200
200
200
200
200
200
200
200
200
0
0
0
0
0
0
0
0
0
0
0
0
0
0
0
0
0
0
0
0
0
0
0
0
0
0
0
0
0
0
0
0
0
0
0
0
1.05886949413e-16
7.80128312399e-16
5.71981319806e-15
3.47757425335e-14
2.34429294119e-13
1.55174761447e-12
1.07750768026e-11
9.01746506941e-11
9.83698210525e-10
1.61431697781e-08
4.00689568618e-07
2.48245016659e-05
0.00537248484409
9.99724682249
107.192235705
200
200
200
200
200
200
200
200
200
200
200
200
200
200
200
200
200
200
200
200
200
200
200
200
200
200
200
200
200
200
200
200
200
200
200
200
200
200
200
200
200
200
200
200
199.999999383
0
0
0
0
0
0
0
0
0
0
0
0
0
0
0
0
0
0
0
0
0
0
0
0
0
0
0
0
0
0
0
0
0
0
0
0
0
0
3.69709917202e-16
3.1074678516e-15
1.86830415215e-14
1.39760431721e-13
8.76405288773e-13
5.72360275747e-12
4.75501804444e-11
6.05985681429e-10
1.05626225523e-08
3.77237229233e-07
3.86021896185e-05
0.0294147987163
85.4374086118
200
200
200
200
200
200
200
200
200
200
200
200
200
200
200
200
200
200
200
200
200
200
200
200
200
200
200
200
200
200
200
200
200
200
200
200
200
200
200
200
200
200
200
200
0
0
0
0
0
0
0
0
0
0
0
0
0
0
0
0
0
0
0
0
0
0
0
0
0
0
0
0
0
0
0
0
0
0
0
0
0
0
0
0
1.66103594764e-16
1.93926760529e-15
1.34864242384e-14
9.51387156519e-14
5.84740853357e-13
4.6888994866e-12
3.65253853839e-11
4.93456608491e-10
1.14973110585e-08
5.45918725474e-07
0.000156869615301
0.973420309289
199.999999999
200
200
200
200
200
200
200
200
200
200
200
200
200
200
200
200
200
200
200
200
200
200
200
200
200
200
200
200
200
200
200
200
200
200
200
200
200
200
200
200
200
200
200
0
0
0
0
0
0
0
0
0
0
0
1.56653242915e-16
7.83761308607e-16
1.2085854434e-15
2.07371141338e-15
0
0
0
0
0
0
0
0
0
0
0
0
0
0
0
0
0
0
0
0
0
0
0
0
0
0
7.03693902138e-17
1.33570392707e-15
1.19539974944e-14
7.93878497832e-14
5.27091706796e-13
4.09991723678e-12
3.95252307933e-11
5.77101307389e-10
1.57535607901e-08
1.7942294472e-06
0.00254177700565
200
200
200
1.99022412597e-19
0
0
0
0
0
0
0
0
0
0
0
0
0
0
0
0
0
0
0
2.48739081921e-14
3.60887298284e-12
200
200
200
200
200
200
200
200
200
200
200
200
200
200
200
200
200
200
200
0
0
0
0
0
0
0
0
0
5.43509626399e-16
9.01250831655e-15
5.55714242051e-14
3.97540478981e-13
2.61753905879e-12
4.97349524025e-12
6.97153975139e-12
1.87486625536e-13
1.27312472622e-14
0
0
0
0
0
0
0
0
0
0
0
0
0
0
0
0
0
0
0
0
0
0
0
0
1.24193821471e-17
1.12244931978e-15
8.98169363988e-15
6.34241921745e-14
5.09869419622e-13
4.1106711436e-12
4.00351522047e-11
8.14338407652e-10
4.30483973335e-08
1.70291308859e-05
2.47779554079e-20
1.30410291621e-20
0
0
0
0
0
0
0
0
0
0
0
0
0
0
0
0
0
0
0
0
0
0
0
0
0
0
0
0
1.42836611304e-13
1.95587495031e-11
200
200
200
200
200
200
200
200
200
200
200
0
0
0
0
0
0
0
0
1.35778171017e-16
1.17259718922e-14
5.93386965992e-13
5.20789079952e-11
200
200
200
200
200
200
200
200
199.999942759
196.059866482
0
0
0
0
0
0
0
0
0
0
0
0
0
0
0
0
0
0
0
0
0
0
4.88040555391e-19
1.30428195112e-15
1.03194001686e-14
9.17666296821e-14
6.94516245854e-13
5.83856997446e-12
7.5655575824e-11
2.03994495863e-09
2.79958129249e-07
0
0
0
0
0
0
0
0
0
0
0
0
0
0
0
0
0
0
0
0
0
0
0
0
0
0
0
0
0
0
0
0
0
0
0
1.96020226544e-13
9.5959844284e-12
200
200
200
200
200
200
0
0
0
0
0
0
0
1.46748001568e-15
3.42048594833e-13
2.61034939162e-10
200
200
200
200
200
200
200
200
200
200
200
200
199.999953993
0
0
0
0
0
0
0
0
0
0
0
0
0
0
0
0
0
0
0
0
0
0
4.70206750222e-17
1.87390744304e-15
1.65177049267e-14
1.17489715976e-13
1.1046641811e-12
1.09607365916e-11
1.74677006426e-10
1.06377706451e-08
0
0
0
0
0
0
0
0
0
0
0
0
0
0
0
0
0
0
0
0
0
0
0
0
0
0
0
0
0
0
0
0
0
0
0
0
0
0
1.61253842699e-15
1.42865439491e-13
1.79249802973e-12
4.16418423813e-12
9.38536834606e-14
0
0
0
0
0
0
1.49069184177e-14
9.52924169114e-12
200
200
200
200
200
200
200
200
200
200
200
200
200
200
200
199.999999738
0
0
0
0
0
0
0
0
0
0
0
0
0
0
0
0
0
0
0
0
0
0
1.47486363824e-16
3.64760136967e-15
2.53117007293e-14
2.0614618279e-13
1.83556886166e-12
2.52085005541e-11
7.37606649013e-10
0
0
0
0
0
0
0
0
0
0
0
0
0
0
0
0
0
0
0
0
0
0
0
0
0
0
0
0
0
0
0
0
0
0
0
0
0
0
0
0
0
0
1.08087580709e-14
0
0
1.92013187249e-18
3.29685813159e-18
2.05888065484e-16
1.19026306881e-13
5.89036725075e-10
200
200
200
200
200
200
200
200
200
200
200
200
200
200
200
200
200
200
0
0
0
0
0
0
0
0
0
0
0
0
0
0
0
0
0
0
0
0
0
0
4.35096249139e-16
6.75467427947e-15
5.66389585517e-14
4.97813285641e-13
5.36948930544e-12
8.68899092175e-11
0
0
0
0
0
0
0
0
0
0
0
0
0
0
0
0
0
0
0
0
0
0
0
0
0
0
0
0
0
0
0
0
0
0
0
0
0
0
0
0
0
0
0
0
2.44111545246e-18
1.59546494037e-17
1.24575434652e-15
2.42149988589e-13
8.9598418181e-08
200
200
200
200
200
200
200
200
200
200
200
200
200
200
200
200
200
200
200
200
0
0
0
0
0
0
0
0
0
0
0
0
0
0
0
0
0
0
0
0
0
0
1.45335267457e-15
1.34669825929e-14
1.54703160971e-13
1.52380789143e-12
1.68527242614e-11
0
0
0
0
0
0
0
0
0
0
0
0
0
0
0
0
0
0
0
0
0
0
0
0
0
0
0
0
0
0
0
0
0
0
0
0
0
0
0
0
0
0
0
0
0
8.34813626463e-16
9.3792682598e-14
200
200
200
200
200
200
200
200
200
200
200
200
200
200
200
200
200
200
200
200
200
200
200
0
0
0
0
0
0
0
0
0
0
0
0
0
0
0
0
0
0
0
0
0
2.09639101518e-16
4.843983983e-15
4.03223700672e-14
4.53094147327e-13
4.564581941e-12
0
0
0
0
0
0
0
0
0
0
0
0
0
0
0
0
0
0
0
0
0
0
0
0
0
0
0
0
0
0
0
0
0
0
0
0
0
0
0
0
0
0
0
0
0
0
8.6938099434e-12
200
200
200
200
200
200
200
200
200
200
200
200
200
200
200
200
200
200
200
200
200
200
200
200
0
0
0
0
0
0
0
0
0
0
0
0
0
0
0
0
0
0
0
0
0
1.31741503264e-15
1.55657209531e-14
1.71912138109e-13
1.53737839887e-12
0
0
0
0
0
0
0
0
0
0
0
0
0
0
0
0
0
0
0
0
0
0
0
0
0
0
0
0
0
0
0
0
0
0
0
0
0
0
0
0
0
0
0
0
0
0
0
0
1.81655741981e-19
200
200
200
200
200
200
200
200
200
200
200
200
200
200
200
200
200
200
200
200
200
200
199.999999983
0
0
0
0
0
0
0
0
0
0
0
0
0
0
0
0
0
0
0
0
3.62797787983e-16
6.71296566254e-15
7.48523857399e-14
6.28344718217e-13
0
0
0
0
0
0
0
0
0
0
0
0
0
0
0
0
0
0
0
0
0
0
0
0
0
0
0
0
0
0
0
0
0
0
0
0
0
0
0
0
0
0
0
0
0
0
0
0
0
1.63490167783e-19
2.18907207374e-18
1.25829848624e-12
200
200
200
200
200
200
200
200
200
200
200
200
200
200
200
200
200
200
200
200
199.887215825
0
0
0
0
0
0
0
0
0
0
0
0
0
0
0
0
0
0
0
9.04845581724e-17
3.28604024189e-15
3.68444409391e-14
3.02825534834e-13
0
0
0
0
0
0
0
0
0
0
0
0
0
0
0
0
0
0
0
0
0
0
0
0
0
0
0
0
0
0
0
0
0
0
0
0
0
0
0
0
0
0
0
0
0
0
0
0
0
0
1.47141151004e-19
8.26553809984e-19
1.016460971e-17
4.63563072219e-12
200
200
200
200
200
200
200
200
200
200
200
200
200
200
200
200
200
200
200
0
0
0
0
0
0
0
0
0
0
0
0
0
0
0
0
0
0
0
0
1.49859026827e-15
1.84809667484e-14
1.67170101387e-13
0
0
0
0
0
0
0
0
0
0
0
0
0
0
0
0
0
0
0
0
0
0
0
0
0
0
0
0
0
0
0
0
0
0
0
0
0
0
0
0
0
0
0
0
0
0
0
0
0
0
0
2.79568186908e-19
6.24714096672e-19
8.73056620195e-18
2.50576012691e-17
9.51731154643e-11
200
200
200
200
200
200
200
200
200
200
200
200
200
200
200
200
200
199.916750833
0
0
0
0
0
0
0
0
0
0
0
0
0
0
0
0
0
0
0
7.35718850464e-16
1.01016067814e-14
1.03148624381e-13
0
0
0
0
0
0
0
0
0
0
0
0
0
0
0
0
0
0
0
0
0
0
0
0
0
0
0
0
0
0
0
0
0
0
0
0
0
0
0
0
0
0
0
0
0
0
0
0
0
0
0
0
2.51611368218e-19
5.62242687005e-19
7.75024368268e-18
1.70751373631e-17
1.90697565567e-12
200
200
200
200
200
200
200
200
200
200
200
200
200
200
200
200
200
0
0
0
0
0
0
0
0
0
0
0
0
0
0
0
0
0
0
0
4.49845303146e-16
7.60282166754e-15
6.97257846699e-14
0
0
0
0
0
0
0
0
0
0
0
0
0
0
0
0
0
0
0
0
0
0
0
0
0
0
0
0
0
0
0
0
0
0
0
0
0
0
0
0
0
0
0
0
0
0
0
0
0
0
0
0
0
3.588772673e-19
1.22763277492e-18
5.94919429636e-18
9.22984055275e-18
1.85443502394e-13
200
200
200
200
200
200
200
200
200
200
200
200
200
200
200
200
199.788675892
0
0
0
0
0
0
0
0
0
0
0
0
0
0
0
0
0
0
2.66616789359e-16
6.10798985189e-15
5.20352098093e-14
0
0
0
0
0
0
0
0
0
0
0
0
0
0
0
0
0
0
0
0
0
0
0
0
0
0
0
0
0
0
0
0
0
0
0
0
0
0
0
0
0
0
0
0
0
0
0
0
0
0
0
0
0
1.07265899082e-19
2.26450231396e-19
1.87829635729e-18
5.00289007581e-18
8.26508513128e-18
8.0340470147e-18
200
200
200
200
200
200
200
200
200
200
200
200
200
200
200
200
0
0
0
0
0
0
0
0
0
0
0
0
0
0
0
0
0
0
2.20527944086e-16
4.92636159745e-15
4.2767826943e-14
0
0
0
0
0
0
0
0
0
0
0
0
0
0
0
0
0
0
0
0
0
0
0
0
0
0
0
0
0
0
0
0
0
0
0
0
0
0
0
0
0
0
0
0
0
0
0
0
0
0
0
0
0
1.07265899082e-19
2.03805208256e-19
2.03805208256e-19
1.9833783731e-18
4.81914383743e-18
7.26652220299e-18
6.92684101052e-18
200
200
200
200
200
200
200
200
200
200
200
200
200
200
200
0
0
0
0
0
0
0
0
0
0
0
0
0
0
0
0
0
0
2.03322949751e-16
4.82452565505e-15
3.96558554826e-14
0
0
0
0
0
0
0
0
0
0
0
0
0
0
0
0
0
0
0
0
0
0
0
0
0
0
0
0
0
0
0
0
0
0
0
0
0
0
0
0
0
0
0
0
0
0
0
0
0
0
0
0
0
0
2.03805208256e-19
2.03805208256e-19
2.03805208256e-19
2.40537507287e-18
5.53379895398e-18
5.97006379965e-18
3.05446614984e-14
200
200
200
200
200
200
200
200
200
200
200
200
200
200
0
0
0
0
0
0
0
0
0
0
0
0
0
0
0
0
0
0
2.08127165758e-16
4.77516883789e-15
4.06002122762e-14
0
0
0
0
0
0
0
0
0
0
0
0
0
0
0
0
0
0
0
0
0
0
0
0
0
0
0
0
0
0
0
0
0
0
0
0
0
0
0
0
0
0
0
0
0
0
0
0
0
0
0
0
0
0
0
2.03805208256e-19
2.03805208256e-19
2.03805208256e-19
2.87426029484e-18
4.32132017486e-18
4.17631022678e-18
6.52574571039e-13
200
200
200
200
200
200
200
200
200
200
200
200
200
0
0
0
0
0
0
0
0
0
0
0
0
0
0
0
0
0
0
2.8931968169e-16
4.99376060862e-15
4.47961796953e-14
0
0
0
0
0
0
0
0
0
0
0
0
0
0
0
0
0
0
0
0
0
0
0
0
0
0
0
0
0
0
0
0
0
0
0
0
0
0
0
0
0
0
0
0
0
0
0
0
0
0
0
0
0
0
0
0
0
1.07265899082e-19
3.2298954057e-19
2.7263991185e-18
3.59708358812e-18
2.58922988493e-18
200
200
200
200
200
200
200
200
200
200
200
200
200
0
0
0
0
0
0
0
0
0
0
0
0
0
0
0
0
0
0
3.97247341017e-16
6.76287225423e-15
5.27804524326e-14
0
0
0
0
0
0
0
0
0
0
0
0
0
0
0
0
0
0
0
0
0
0
0
0
0
0
0
0
0
0
0
0
0
0
0
0
0
0
0
0
0
0
0
0
0
0
0
0
0
0
0
0
0
0
0
0
0
0
5.62242687005e-19
7.43898428985e-19
6.69508586087e-19
1.35288094157e-18
1.73944376056e-16
200
200
200
200
200
200
200
200
200
200
200
200
0
0
0
0
0
0
0
0
0
0
0
0
0
0
0
0
0
0
5.84227332561e-16
8.72886769818e-15
6.61903238637e-14
0
0
0
0
0
0
0
0
0
0
0
0
0
0
0
0
0
0
0
0
0
0
0
0
0
0
0
0
0
0
0
0
0
0
0
0
0
0
0
0
0
0
0
0
0
0
0
0
0
0
0
0
0
0
0
0
0
0
1.47141151004e-19
6.24714096672e-19
9.45738142297e-19
7.43898428985e-19
3.70460892626e-17
200
200
200
200
200
200
200
200
200
200
200
200
0
0
0
0
0
0
0
0
0
0
0
0
0
0
0
0
0
0
9.97536535502e-16
1.11274333571e-14
8.17495413778e-14
0
0
0
0
0
0
0
0
0
0
0
0
0
0
0
0
0
0
0
0
0
0
0
0
0
0
0
0
0
0
0
0
0
0
0
0
0
0
0
0
0
0
0
0
0
0
0
0
0
0
0
0
0
0
0
0
0
0
0
0
6.9412677408e-19
1.05082015811e-18
1.50407850788e-17
3.15921160497e-16
200
200
200
200
200
200
200
200
200
200
200
1.07265899082e-19
0
0
0
0
0
0
0
0
0
0
0
0
0
0
0
0
5.54560043797e-17
1.74231474578e-15
1.59895737447e-14
9.69683973873e-14
0
0
0
0
0
0
0
0
0
0
0
0
0
0
0
0
0
0
0
0
0
0
0
0
0
0
0
0
0
0
0
0
0
0
0
0
0
0
0
0
0
0
0
0
0
0
0
0
0
0
0
0
0
0
0
0
0
0
0
0
0
7.712519712e-19
1.69611682522e-17
1.18802200332e-16
200
200
200
200
200
200
200
200
200
200
200
1.07265899082e-19
1.07265899082e-19
0
0
0
0
0
0
0
0
0
0
0
0
0
0
0
1.75196891952e-16
2.89817942955e-15
2.40854725019e-14
2.50406415986e-13
0
0
0
0
0
0
0
0
0
0
0
0
0
0
0
0
0
0
0
0
0
0
0
0
0
0
0
0
0
0
0
0
0
0
0
0
0
0
0
0
0
0
0
0
0
0
0
0
0
0
0
0
0
0
0
0
0
0
0
0
0
0
7.32773841116e-18
3.9419975405e-17
200
200
200
200
200
200
200
200
200
200
200
1.07265899082e-19
1.07265899082e-19
1.07265899082e-19
0
0
0
0
0
0
0
0
0
0
0
0
0
0
4.44441519831e-16
4.60495272778e-15
3.28101845631e-14
8.12962258307e-13
0
0
0
0
0
0
0
0
0
0
0
0
0
0
0
0
0
0
0
0
0
0
0
0
0
0
0
0
0
0
0
0
0
0
0
0
0
0
0
0
0
0
0
0
0
0
0
0
0
0
0
0
0
0
0
0
0
0
0
0
0
0
0
3.71982528489e-17
200
200
200
200
200
200
200
200
200
200
0
9.6539309174e-20
1.07265899082e-19
1.07265899082e-19
1.07265899082e-19
0
0
0
0
0
0
0
0
0
0
0
0
4.80016898619e-18
8.12466424206e-16
8.30826371986e-15
4.15276641926e-14
1.46849921577e-12
0
0
0
0
0
0
0
0
0
0
0
0
0
0
0
0
0
0
0
0
0
0
0
0
0
0
0
0
0
0
0
0
0
0
0
0
0
0
0
0
0
0
0
0
0
0
0
0
0
0
0
0
0
0
0
0
0
0
0
0
0
0
0
3.40036536432e-17
200
200
200
200
200
200
200
200
200
200
0
0
9.6539309174e-20
1.07265899082e-19
1.07265899082e-19
0
0
0
0
0
0
0
0
0
0
0
0
1.42076620786e-16
1.37870453988e-15
1.06934398852e-14
4.51493413587e-14
2.43685181664e-12
0
0
0
0
0
0
0
0
0
0
0
0
0
0
0
0
0
0
0
0
0
0
0
0
0
0
0
0
0
0
0
0
0
0
0
0
0
0
0
0
0
0
0
0
0
0
0
0
0
0
0
0
0
0
0
0
0
0
0
0
0
0
0
0
200
200
200
200
200
200
200
200
200
0
0
0
0
1.07265899082e-19
1.07265899082e-19
1.07265899082e-19
0
0
0
0
0
0
0
0
0
0
0
2.90641536901e-16
2.90680985159e-15
1.4180186321e-14
9.42743533026e-14
3.41610575658e-12
0
0
0
0
0
0
0
0
0
0
0
0
0
0
0
0
0
0
0
0
0
0
0
0
0
0
0
0
0
0
0
0
0
0
0
0
0
0
0
0
0
0
0
0
0
0
0
0
0
0
0
0
0
0
0
0
0
0
0
0
0
0
0
0
200
200
200
200
200
200
200
200
0
0
0
0
0
0
1.07265899082e-19
1.07265899082e-19
0
0
0
0
0
0
0
0
0
0
7.51452858514e-17
5.47440066933e-16
3.34338647063e-15
1.35482598507e-14
2.09447513257e-13
5.29466723243e-12
0
0
0
0
0
0
0
0
0
0
0
0
0
0
0
0
0
0
0
0
0
0
0
0
0
0
0
0
0
0
0
0
0
0
0
0
0
0
0
0
0
0
0
0
0
0
0
0
0
0
0
0
0
0
0
0
0
0
0
0
0
0
0
0
200
200
200
200
200
200
200
0
0
0
0
0
0
0
0
1.07265899082e-19
0
0
0
0
0
0
0
0
0
0
2.10839034897e-16
1.12244100119e-15
3.89200390203e-15
9.46596429315e-15
2.47236334149e-13
7.89292619804e-12
0
0
0
0
0
0
0
0
0
0
0
0
0
0
0
0
0
0
0
0
0
0
0
0
0
0
0
0
0
0
0
0
0
0
0
0
0
0
0
0
0
0
0
0
0
0
0
0
0
0
0
0
0
0
0
0
0
0
0
0
0
0
0
5.04215231851
200
200
200
200
200
200
0
0
0
0
0
0
0
0
0
0
0
0
0
0
0
0
0
0
0
8.32014328259e-17
3.10118192677e-16
1.2466874318e-15
2.30778745476e-15
2.12068221811e-14
3.78514446423e-13
1.11817977282e-11
0
0
0
0
0
0
0
0
0
0
0
0
0
0
0
0
0
0
0
0
0
0
0
0
0
0
0
0
0
0
0
0
0
0
0
0
0
0
0
0
0
0
0
0
0
0
0
0
0
0
0
0
0
0
0
0
0
0
0
0
0
0
0
200
200
200
200
200
200
0
0
0
0
0
0
0
0
0
0
0
0
0
0
0
0
0
0
0
0
2.29257568353e-16
8.53239431423e-16
1.43327827636e-15
4.09980444443e-16
2.05723711547e-14
6.41957501874e-13
1.20449829314e-11
0
0
0
0
0
0
0
0
0
0
0
0
0
0
0
0
0
0
0
0
0
0
0
0
0
0
0
0
0
0
0
0
0
0
0
0
0
0
0
0
0
0
0
0
0
0
0
0
0
0
0
0
0
0
0
0
0
0
0
0
0
0
0
200
200
200
200
0
0
0
0
0
0
0
0
0
0
0
0
0
0
0
0
0
0
0
0
0
1.29455287892e-16
4.76134216792e-16
1.54840508989e-15
2.61661886547e-15
1.7135104784e-16
5.29004676064e-15
1.07315210045e-12
1.1108598485e-11
0
0
0
0
0
0
0
0
0
0
0
0
0
0
0
0
0
0
0
0
0
0
0
0
0
0
0
0
0
0
0
0
0
0
0
0
0
0
0
0
0
0
0
0
0
0
0
0
0
0
0
0
0
0
0
0
0
0
0
0
0
0
0
200
0
0
0
0
0
0
0
0
0
0
0
0
0
0
0
0
0
0
0
0
0
0
0
8.65786080342e-17
2.2465543279e-16
6.13007297815e-16
1.46571310668e-15
1.65947995035e-15
5.17222022101e-15
2.07790019144e-14
5.43128170699e-13
5.99466645817e-12
0
0
0
0
0
0
0
0
0
0
0
0
0
0
0
0
0
0
0
0
0
0
0
0
0
0
0
0
0
0
0
0
0
0
0
0
0
0
0
0
0
0
0
0
0
0
0
0
0
0
0
0
0
0
0
0
0
0
0
0
0
0
0
0
0
0
0
0
0
0
0
0
0
0
0
0
0
0
0
0
0
0
0
0
0
0
5.84244506258e-17
2.88357626223e-16
4.46222720769e-16
6.24228465468e-16
6.49328336384e-16
3.04005161636e-14
3.78279933427e-14
7.06790120826e-14
4.05326378841e-13
9.58906528781e-12
2.47779554079e-20
0
0
0
0
0
0
0
0
0
0
0
0
0
0
0
0
0
0
0
0
0
0
0
0
0
0
0
0
0
0
0
0
0
0
0
0
0
0
0
0
0
0
0
0
0
0
0
0
0
0
0
0
0
0
0
0
0
0
0
0
0
0
0
0
0
0
0
0
0
0
0
0
0
0
0
0
0
0
0
0
0
0
0
0
5.1933807579e-17
3.15732709051e-16
4.75854212984e-16
5.19340929739e-16
1.03331237122e-15
7.5378017617e-15
8.4172047279e-15
1.2699733965e-14
2.98917539417e-14
1.75339377603e-13
5.60205167393e-12
200
200
5.96651236672e-20
0
0
0
0
0
0
0
0
0
0
0
0
0
0
0
0
0
0
0
0
0
0
0
0
0
0
0
0
0
0
0
0
0
0
0
0
0
0
0
0
0
0
0
0
0
0
0
0
0
0
0
0
0
0
0
0
0
0
0
0
0
0
0
0
0
0
0
0
0
0
0
0
0
0
0
0
0
0
0
0
0
8.244266867e-17
3.5222712071e-16
3.49208302734e-16
6.47234637427e-16
3.13243385725e-15
2.78639141699e-15
3.01121643674e-15
4.78615195752e-15
8.41865841969e-15
2.04665992255e-14
1.1452363366e-13
5.14410543754e-12
200
200
200
200
200
0
0
0
0
0
0
0
0
0
0
0
0
0
0
0
0
0
0
0
0
0
0
0
0
0
0
0
0
0
0
0
0
0
0
0
0
0
0
0
0
0
0
0
0
0
0
0
0
0
0
0
0
0
0
0
0
0
0
0
0
0
0
0
0
0
0
0
0
0
0
0
0
0
0
3.588772673e-19
3.98752519222e-19
2.51611368218e-19
4.0122883228e-17
2.7767095004e-16
3.61313498132e-16
3.52632273054e-16
1.82520185481e-15
1.74170413322e-15
1.7735631297e-15
2.0620628478e-15
2.61730897603e-15
3.50782589105e-15
4.93102543461e-15
8.8995363008e-15
4.47025916231e-14
3.64711047748e-12
200
200
200
200
200
33.997532684
4.0795534063e-19
0
0
0
0
0
0
0
0
0
0
0
0
0
0
0
0
0
0
0
0
0
0
0
0
0
0
0
0
0
0
0
0
0
0
0
0
0
0
0
0
0
0
0
0
0
0
0
0
0
0
0
0
0
0
0
0
0
0
0
0
0
0
0
0
0
0
1.55171746071e-16
1.97877937282e-16
1.30099595733e-15
1.98550405718e-15
4.40781107962e-15
5.81562309012e-15
6.71037960302e-15
7.20038629529e-15
4.91690266753e-15
9.20234878419e-16
3.12781384794e-16
1.75575104728e-15
1.29355023377e-15
1.22786414571e-15
1.37876543206e-15
1.62314388089e-15
1.89200864501e-15
2.26140514441e-15
2.81028203446e-15
3.5455352629e-15
4.850157141e-15
1.0453917555e-14
2.16723665594e-12
200
200
200
200
4.84498219709e-09
2.98952896278e-13
2.21307091888e-12
6.25036319583e-13
1.08310443681e-19
0
0
0
0
0
0
0
0
0
0
0
0
0
0
0
0
0
0
0
0
0
0
0
0
0
0
0
0
0
0
0
0
0
0
0
0
0
0
0
0
0
0
0
0
0
0
0
0
0
0
0
0
0
0
0
0
0
0
0
0
0
0
1.68508977091e-15
8.9186085368e-15
1.81927148818e-14
2.78186649701e-14
3.31670476742e-14
3.56977701148e-14
3.99016899488e-14
3.56236242207e-14
3.19737622348e-14
2.24988596136e-14
8.78584132493e-15
3.64502386535e-15
1.61534842441e-15
1.10794506029e-15
1.10612576514e-15
1.22085489311e-15
1.35327736495e-15
1.5267589665e-15
1.73727577388e-15
2.00516429306e-15
2.35813006892e-15
2.80057097588e-15
3.4119370358e-15
4.70025602714e-15
1.02331256054e-12
200
200
200
3.17879281951e-09
4.62698185143e-12
5.06279512628e-13
7.85854821028e-14
5.37000940012e-16
1.12286069725e-15
1.16871770808e-17
0
0
0
0
0
0
0
0
0
0
0
0
0
0
0
0
0
0
0
0
0
0
0
0
0
0
0
0
0
0
0
0
0
0
0
0
0
0
0
0
0
0
0
0
0
0
0
0
0
0
0
0
0
0
0
0
0
0
0
0
0
8.18792802563e-15
2.36811774712e-14
2.56127137664e-14
2.65309805081e-14
2.88265051878e-14
3.08538109099e-14
3.27765954866e-14
3.34222089398e-14
3.18345919809e-14
2.85437086866e-14
2.28778781865e-14
4.88238189842e-15
1.87697958525e-15
1.39767888661e-15
1.26080135267e-15
1.27627192225e-15
1.35264458224e-15
1.478327328e-15
1.63750713446e-15
1.83569760142e-15
2.07732643356e-15
2.36863130421e-15
2.72241967162e-15
3.25055895011e-15
4.11579800956e-13
200
33.7679520399
1.2315294685e-09
7.8358345146e-12
7.2783730347e-13
2.52859966767e-14
1.38646457857e-15
3.52250366092e-16
2.07885338994e-16
4.8316300013e-16
6.62821208924e-16
4.88071759257e-19
0
0
0
0
0
0
0
0
0
0
0
0
0
0
0
0
0
0
0
0
0
0
0
0
0
0
0
0
0
0
0
0
0
0
0
0
0
0
0
0
0
0
0
0
0
0
0
0
0
0
0
0
0
0
0
0
0
0
0
1.87816048286e-14
2.74573436174e-14
2.8666667469e-14
2.96016336949e-14
3.10606111667e-14
3.23419531826e-14
3.37498304137e-14
3.46844364353e-14
3.59461066359e-14
3.64092204598e-14
3.38742449279e-14
1.5088585306e-14
3.07506610289e-15
1.84346914479e-15
1.46803248785e-15
1.38050500876e-15
1.39816961344e-15
1.4697981657e-15
1.58350149359e-15
1.7307880663e-15
1.90320811096e-15
2.10540559809e-15
2.33251670995e-15
2.6330674029e-15
1.52965306021e-13
2.60163781352e-08
4.56733580379e-10
1.07487442294e-11
8.57388997515e-13
5.31278155812e-14
1.94602765331e-15
4.81685463672e-16
2.78287592729e-16
2.31035514543e-16
2.85198735242e-16
2.3091975376e-16
3.91219115558e-16
5.79850164149e-18
0
0
0
0
0
0
0
0
0
0
0
0
0
0
0
0
0
0
0
0
0
0
0
0
0
0
0
0
0
0
0
0
0
0
0
0
0
0
0
0
0
0
0
0
0
0
0
0
0
0
0
0
0
0
0
0
0
0
1.70655059897e-14
3.01479917e-14
3.05107493407e-14
3.26469668638e-14
3.38018412339e-14
3.45665928191e-14
3.55525888197e-14
3.65680725616e-14
3.81377434705e-14
4.08198900293e-14
4.28880551804e-14
2.78882884592e-14
4.83517254495e-15
2.36401441407e-15
1.74548842109e-15
1.53409731425e-15
1.48247417831e-15
1.50385538553e-15
1.57540060425e-15
1.67763975362e-15
1.80373668382e-15
1.95001708797e-15
2.10632859018e-15
2.30235746556e-15
4.5418752114e-14
1.32581255649e-10
1.15910805523e-11
1.10315017121e-12
8.46831162963e-14
2.51564406309e-15
4.33509765918e-16
2.74672373001e-16
2.07931963089e-16
1.87096805095e-16
1.87072266098e-16
1.72714234617e-16
1.51353288352e-16
3.52055646995e-16
9.32500050958e-17
0
0
0
0
0
0
0
0
0
0
0
0
0
0
0
0
0
0
0
0
0
0
0
0
0
0
0
0
0
0
0
0
0
0
0
0
0
0
0
0
0
0
0
0
0
0
0
0
0
0
0
0
0
0
0
0
0
0
4.6030942441e-14
3.57413798065e-14
3.76993349091e-14
3.82143297495e-14
3.82394733894e-14
3.875564072e-14
3.94085483302e-14
4.10105305812e-14
4.29169694326e-14
4.66478617011e-14
4.0414874026e-14
1.03727806405e-14
3.08147506396e-15
2.07202913997e-15
1.72452152749e-15
1.60115577216e-15
1.57554295978e-15
1.60410563573e-15
1.67829990111e-15
1.77197643789e-15
1.88007486254e-15
1.99168559936e-15
124.572592538
173.44977457
1.39183993523e-11
1.38100404437e-12
1.24713859306e-13
8.74800350575e-16
3.38990544223e-16
2.33536716721e-16
1.8713876678e-16
1.68387124585e-16
1.51506450442e-16
1.51481911445e-16
1.51424350834e-16
1.68249278704e-16
2.37403332064e-16
5.77617173662e-16
2.95199651096e-16
0
0
0
0
0
0
0
0
0
0
0
0
0
0
0
0
0
0
0
0
0
0
0
0
0
0
0
0
0
0
0
0
0
0
0
0
0
0
0
0
0
0
0
0
0
0
0
0
0
0
0
0
0
0
0
0
0
7.71026313432e-14
4.95956364688e-14
4.75827031463e-14
4.52362470395e-14
4.36658046697e-14
4.30525450011e-14
4.33808301521e-14
4.39905540556e-14
4.55637497913e-14
4.78983865308e-14
5.11743942409e-14
1.91510972223e-14
4.03775438923e-15
2.45597973113e-15
1.95269188618e-15
1.74962302952e-15
1.67020786954e-15
1.67189077635e-15
1.71023815853e-15
1.77859430785e-15
154.191351278
199.541549861
199.955541001
199.977669349
2.27767659827e-12
1.60446868072e-13
3.18557475587e-16
2.49863452035e-16
1.99964365156e-16
1.68224068672e-16
1.43523026197e-16
1.34696335283e-16
1.2270034827e-16
1.22678263173e-16
1.32086717152e-16
1.49721202089e-16
1.97728566116e-16
4.44617114264e-16
1.09069254329e-14
1.38660577914e-15
0
0
0
0
0
0
0
0
0
0
0
0
0
0
0
0
0
0
0
0
0
0
0
0
0
0
0
0
0
0
0
0
0
0
0
0
0
0
0
0
0
0
0
0
0
0
0
0
0
0
0
0
0
0
0
0
8.20728225265e-14
6.74539030216e-14
5.93921227156e-14
5.4479649138e-14
5.06219326903e-14
4.89085689042e-14
4.78370178777e-14
4.76124206861e-14
4.83550648616e-14
4.99145882963e-14
5.75681494502e-14
2.79127118735e-14
5.1477942806e-15
2.87996776419e-15
2.2076564861e-15
1.92306118333e-15
1.80496679556e-15
1.76923472334e-15
176.145427216
199.79928883
199.990840781
199.998796544
199.999665015
199.99972746
2.2349448647e-13
1.9899209038e-16
1.79506898947e-16
1.57867182293e-16
1.36728823814e-16
1.22733265887e-16
1.10430313443e-16
1.0714315241e-16
1.00744720784e-16
1.02532199788e-16
1.10363812761e-16
1.22596163565e-16
1.68151767587e-16
2.73004615468e-12
9.72514016257e-13
3.05488010409e-13
2.37554992872e-15
0
0
0
0
0
0
0
0
0
0
0
0
0
0
0
0
0
0
0
0
0
0
0
0
0
0
0
0
0
0
0
0
0
0
0
0
0
0
0
0
0
0
0
0
0
0
0
0
0
0
0
0
0
0
0
8.65188942892e-14
8.34520583063e-14
7.16990522378e-14
6.47929934451e-14
5.97857043183e-14
5.57020493322e-14
5.30095355808e-14
5.15852310586e-14
5.12296508827e-14
5.17901786923e-14
5.78525106277e-14
3.22703792803e-14
6.17589152217e-15
3.32662055394e-15
2.48477022913e-15
2.12438835131e-15
198.701142061
199.890262524
199.995097677
199.99951248
199.999895182
199.99997359
199.999989119
199.999989234
1.36916306255e-16
1.31234261013e-16
1.23405298763e-16
1.13702844379e-16
1.04629587172e-16
9.80016533991e-17
8.9414564924e-17
8.86642978885e-17
8.55416842916e-17
8.76690175441e-17
8.93480642418e-17
1.01225620737e-16
4.30743047528e-07
1.84733219436e-06
2.680060334e-08
1.9746073296e-10
7.81644408135e-12
6.52491077199e-16
0
0
0
0
0
0
0
0
0
0
0
0
0
0
0
0
0
0
0
0
0
0
0
0
0
0
0
0
0
0
0
0
0
0
0
0
0
0
0
0
0
0
0
0
0
0
0
0
0
0
0
0
0
0
7.45869245222e-14
9.71732990169e-14
8.23050448397e-14
7.45543523696e-14
6.86615090931e-14
6.29313184118e-14
5.86035714501e-14
5.55307555197e-14
5.3741528315e-14
5.2963785152e-14
5.73501832206e-14
3.1241416502e-14
172.43957128
199.507768202
199.907492432
199.991881017
199.998768991
199.999768627
199.999943448
199.999989446
199.999996664
199.99999856
199.999999118
199.999999071
9.99625423071e-17
9.69291574064e-17
9.31689068579e-17
8.89458021689e-17
8.30876568061e-17
7.98441345071e-17
7.41981711211e-17
7.23719320359e-17
7.23719320359e-17
7.23498469385e-17
7.52455906081e-17
0.157977562858
200
200
200
8.75388977255e-05
4.16038776695e-09
4.22868273237e-11
1.06484861448e-16
0
0
0
0
0
0
0
0
0
0
0
0
0
0
0
0
0
0
0
0
0
0
0
0
0
0
0
0
0
0
0
0
0
0
0
0
0
0
0
0
0
0
0
0
0
0
0
0
0
0
0
0
0
5.28682464873e-14
1.06275766007e-13
199.62075522
199.80899901
199.860760278
199.887215825
199.908644819
199.933402073
199.956729519
199.976778739
199.988978212
199.995198566
199.998382997
199.999497668
199.999833853
199.999934153
199.999983686
199.999995113
199.999998314
199.999999309
199.999999703
199.999999856
199.999999896
199.999999878
7.86399580373e-17
7.74724352179e-17
7.52800565984e-17
7.24344755078e-17
6.92997185611e-17
6.51477798614e-17
6.37003038848e-17
6.08999322517e-17
5.94114318567e-17
6.02698159287e-17
6.4602936819e-17
200
200
200
200
200
200
7.50949595488e-08
3.42523298002e-11
2.76872034721e-19
0
0
0
0
0
0
0
0
0
0
0
0
0
0
0
0
0
0
0
0
0
0
0
0
0
0
0
0
0
0
0
0
0
0
0
0
0
0
0
0
0
0
0
0
0
0
0
0
0
0
0
0
199.99344163
199.999682684
199.999880323
199.999922412
199.999918739
199.999895309
199.999892291
199.999892291
199.999892291
199.999916722
199.999948368
199.999971402
199.999986193
199.999993688
199.999996919
199.999998575
199.999999266
199.999999652
199.999999866
199.999999939
199.999999966
199.999999976
199.999999979
199.999999975
6.61760132061e-17
6.42349489055e-17
6.29775123915e-17
6.10420731197e-17
5.82178386264e-17
5.58272930451e-17
5.32027378387e-17
5.2024238331e-17
5.11724773147e-17
5.16646157098e-17
5.27052729016e-17
5.85834994325e-17
200
200
200
200
200
200
6.08031137104e-08
7.16734216767e-13
0
0
0
0
0
0
0
0
0
0
0
0
0
0
0
0
0
0
0
0
0
0
0
0
0
0
0
0
0
0
0
0
0
0
0
0
0
0
0
0
0
0
0
0
0
0
0
0
0
0
0
199.999202655
199.999996671
199.999999315
199.999999636
199.999999719
199.999999737
199.999999636
199.999999595
199.9999995
199.999999383
199.999999284
199.999999239
199.999999308
199.999999445
199.999999653
199.99999982
199.999999913
199.999999954
199.999999972
199.999999982
199.999999988
199.999999992
199.999999993
199.999999994
199.999999992
5.58058113924e-17
5.50389076689e-17
5.32453287916e-17
5.09994453022e-17
4.9485642035e-17
4.65465359642e-17
4.51022596615e-17
4.37165712568e-17
4.27990831459e-17
4.28609846167e-17
4.45304525553e-17
4.86380894109e-17
6.11689839467e-17
199.999999999
200
200
200
200
200
3.47381605488e-09
4.52615775196e-13
0
0
0
0
0
0
0
0
0
0
0
0
0
0
0
0
0
0
0
0
0
0
0
0
0
0
0
0
0
0
0
0
0
0
0
0
0
0
0
0
0
0
0
0
0
0
0
0
0
199.99864969
199.999998839
199.999999964
199.999999991
199.999999994
199.999999995
199.999999995
199.999999993
199.999999993
199.999999991
199.999999988
199.999999985
199.999999982
199.999999979
199.999999979
199.99999998
199.999999984
199.999999988
199.999999991
199.999999994
199.999999995
199.999999997
199.999999997
199.999999998
199.999999998
199.999999997
4.69054688454e-17
4.55249711927e-17
4.4659770365e-17
4.31183907909e-17
4.10711676228e-17
4.00229800636e-17
3.80361087247e-17
3.696087069e-17
3.63845319386e-17
3.63372510491e-17
3.71751725928e-17
3.99789684475e-17
4.79817032201e-17
6.0687179636e-15
199.999999981
200
200
200
200
0.0554292438771
1.72638463525e-10
8.03869175115e-16
0
0
0
0
0
0
0
0
0
0
0
0
0
0
0
0
0
0
0
0
0
0
0
0
0
0
0
0
0
0
0
0
0
0
0
0
0
0
0
0
0
0
0
0
0
0
0
0
199.999998567
199.99999999
199.999999998
199.999999999
199.999999999
200
199.999999999
199.999999999
199.999999999
199.999999999
199.999999999
199.999999998
199.999999998
199.999999997
199.999999997
199.999999997
199.999999997
199.999999997
199.999999998
199.999999998
199.999999999
199.999999999
199.999999999
199.999999999
199.999999999
199.999999999
3.93764435978e-17
3.86335727282e-17
3.78417476291e-17
3.6654044417e-17
3.55336562194e-17
3.39506130717e-17
3.29351365589e-17
3.21684179735e-17
3.14361172273e-17
3.10261566199e-17
3.15965804244e-17
3.29504429049e-17
3.73261217175e-17
2.03770835946e-15
8.22474607777e-14
199.99985225
200
200
200
200
1.3268816238e-07
3.83319487272e-13
7.2374160023e-17
0
0
0
0
0
0
0
0
0
0
0
0
0
0
0
0
0
0
0
0
0
0
0
0
0
0
0
0
0
0
0
0
0
0
0
0
0
0
0
0
0
0
0
0
0
0
199.999962444
199.999999986
199.999999999
200
200
200
200
200
200
200
200
200
200
200
199.999999999
199.999999999
199.999999999
199.999999999
199.999999999
199.999999999
199.999999999
199.999999999
200
200
200
200
200
3.45834454247e-17
3.38396678876e-17
3.30271896788e-17
3.21667323711e-17
3.11322140475e-17
2.98649375689e-17
2.92677539673e-17
2.82787968539e-17
2.72956135913e-17
2.69966870118e-17
2.70003186706e-17
2.76162365589e-17
2.99342146475e-17
5.73826218124e-17
3.95916383952e-14
7.32241524592e-14
199.999015624
199.999999998
200
200
13.2952060673
5.08877419547e-13
5.20976917657e-13
0
0
0
0
0
0
0
0
0
0
0
0
0
0
0
0
0
0
0
0
0
0
0
0
0
0
0
0
0
0
0
0
0
0
0
0
0
0
0
0
0
0
0
0
0
0
199.999999761
199.999999999
200
200
200
200
200
200
200
200
200
200
200
200
200
200
200
200
200
200
200
200
200
200
200
200
200
3.11511925159e-17
3.04780734594e-17
2.98006838143e-17
2.89815407818e-17
2.81358854374e-17
2.70493594136e-17
2.63759729258e-17
2.52375215407e-17
2.42517221419e-17
2.38367926554e-17
2.3606840029e-17
2.37839507288e-17
2.48491600799e-17
2.97371692659e-17
1.01835895432e-14
1.03874362693e-13
6.53768680081e-14
9.49625515115e-14
199.999867025
200
200
3.92107740116e-13
7.83956768627e-13
5.29752898168e-13
0
0
0
0
0
0
0
0
0
0
0
0
0
0
0
0
0
0
0
0
0
0
0
0
0
0
0
0
0
0
0
0
0
0
0
0
0
0
0
0
0
0
0
0
199.999476862
199.999999997
200
200
200
200
200
200
200
200
200
200
200
200
200
200
200
200
200
200
200
200
200
200
200
200
200
200
2.88109291869e-17
2.80895392487e-17
2.75738674573e-17
2.672040195e-17
2.57709183178e-17
2.48967934006e-17
2.38091603379e-17
2.27612111978e-17
2.16810544182e-17
2.11485752149e-17
2.05168128009e-17
2.0280726771e-17
2.09425111314e-17
2.30261673575e-17
1.80340981784e-15
5.24444904307e-14
6.25309219691e-14
9.55958873735e-14
1.39311452034e-13
1.86138977287e-13
2.80228248241e-13
3.83850533692e-13
6.12388430378e-13
1.38671093488e-12
7.2565051007e-12
0
0
0
0
0
0
0
0
0
0
0
0
0
0
0
0
0
0
0
0
0
0
0
0
0
0
0
0
0
0
0
0
0
0
0
0
0
0
0
0
0
0
0
199.99999906
200
200
200
200
200
200
200
200
200
200
200
200
200
200
200
200
200
200
200
200
200
200
200
200
200
200
200
2.71375701765e-17
2.63775595262e-17
2.58047390401e-17
2.50072919858e-17
2.40059759692e-17
2.29721543695e-17
2.17816905229e-17
2.05977853459e-17
1.94453993801e-17
1.85616652037e-17
1.77355399772e-17
1.73576250109e-17
1.73256608415e-17
1.81717416875e-17
2.41950451238e-17
9.87309352786e-15
5.7616589475e-14
7.56720509154e-14
1.57799879879e-13
2.38691478041e-13
3.58019015207e-13
4.86783402929e-13
7.48257052147e-13
1.87140443302e-12
5.32834670509e-12
3.78435164894e-13
0
0
0
0
0
0
0
0
0
0
0
0
0
0
0
0
0
0
0
0
0
0
0
0
0
0
0
0
0
0
0
0
0
0
0
0
0
0
0
0
0
0
199.999999995
200
200
200
200
200
200
200
200
200
200
200
200
200
200
200
200
200
200
200
200
200
200
200
200
200
200
200
2.61335519891e-17
2.5169346005e-17
2.45374782211e-17
2.36917318695e-17
2.24525227759e-17
2.13355610114e-17
2.00181605836e-17
1.86677316357e-17
1.74827661417e-17
1.6421117829e-17
1.55378427424e-17
1.48637223151e-17
1.43471041864e-17
1.43726481785e-17
1.56373146636e-17
8.49308312546e-16
1.6468621913e-14
3.7684709805e-14
8.49926362397e-14
1.61246442098e-13
3.14304566723e-13
5.46959298945e-13
9.89735714241e-13
1.27514939369e-12
1.31672799193e-12
3.29083748691e-12
0
0
0
0
0
0
0
0
0
0
0
0
0
0
0
0
0
0
0
0
0
0
0
0
0
0
0
0
0
0
0
0
0
0
0
0
0
0
0
0
0
0
200
200
200
200
200
200
200
200
200
200
200
200
200
200
200
200
200
200
200
200
200
200
200
200
200
200
200
200
2.58300089689e-17
2.45747663421e-17
2.37659862914e-17
2.26995588649e-17
2.14081800214e-17
1.99973030855e-17
1.85441537492e-17
1.71684290071e-17
1.58412881697e-17
1.47032497845e-17
1.37940299891e-17
1.2985178839e-17
1.24838924512e-17
1.20433573416e-17
1.2046480494e-17
1.36233504009e-17
2.23027610418e-15
1.09561949834e-14
2.46441257066e-14
5.64164507061e-14
1.08032405672e-13
2.22600328817e-13
4.17650440816e-13
6.86069769988e-13
8.57388916119e-13
1.34889294735e-12
8.70066631885e-12
1.5641282771e-05
0
0
0
0
0
0
0
0
0
0
0
0
0
0
0
0
0
0
0
0
0
0
0
0
0
0
0
0
0
0
0
0
0
0
0
0
0
0
0
199.999997816
200
200
200
200
200
200
200
200
200
200
200
200
200
200
200
200
200
200
200
200
200
200
200
200
200
200
200
200
2.66012361852e-17
2.47128975496e-17
2.36112672531e-17
2.23307154447e-17
2.0680364112e-17
1.90860277035e-17
1.74909406024e-17
1.5940071484e-17
1.46106947422e-17
1.34024710866e-17
1.24273964825e-17
1.16798368559e-17
1.09697648207e-17
1.03012577104e-17
1.00208463604e-17
1.00417095546e-17
1.93758868816e-17
1.86479391051e-15
4.77761591821e-15
1.09571172511e-14
2.35011251167e-14
4.98567837049e-14
1.01169126575e-13
2.13589288483e-13
4.01358194452e-13
8.40249374739e-13
1.08802763775e-05
103.946331996
0
0
0
0
0
0
0
0
0
0
0
0
0
0
0
0
0
0
0
0
0
0
0
0
0
0
0
0
0
0
0
0
0
0
0
0
0
0
0
199.999999996
200
200
200
200
200
200
200
200
200
200
200
200
200
200
200
200
200
200
200
200
200
200
200
200
200
200
200
200
170.371056286
2.62891638284e-17
2.43756223637e-17
2.23235511611e-17
2.04034628447e-17
1.8498716571e-17
1.67625537172e-17
1.51454326791e-17
1.3761835649e-17
1.25228867194e-17
1.15615834856e-17
1.06120490879e-17
9.79460785568e-18
9.05830459647e-18
8.30908236675e-18
7.90387275072e-18
7.94381551838e-18
1.09580625603e-16
9.31078928033e-16
1.93399864832e-15
3.74469295276e-15
6.65714593831e-15
1.26728138576e-14
3.27109913461e-14
1.34572149918e-13
3.84439527677e-11
3.75559613329e-05
3.69076822457e-13
61.5325505735
0
0
0
0
0
0
0
0
0
0
0
0
0
0
0
0
0
0
0
0
0
0
0
0
0
0
0
0
0
0
0
0
0
0
0
0
0
0
200
200
200
200
200
200
200
200
200
200
200
200
200
200
200
200
200
200
200
200
200
200
200
200
200
200
200
200
200
0.00632693116173
3.06392557532e-17
2.67921203373e-17
2.33952365841e-17
2.06759999148e-17
1.83268869805e-17
1.62944737854e-17
1.4550110176e-17
1.29720553936e-17
1.18707169135e-17
1.07681046113e-17
9.79498716268e-18
8.82836318766e-18
7.89960330727e-18
7.03755983288e-18
6.33224440348e-18
5.8741957282e-18
6.02864991446e-18
9.9066895023e-17
3.10632519529e-16
5.69568992833e-16
9.44544911536e-16
1.37389510979e-15
1.90200828302e-15
3.41318396748e-15
1.64752400509e-14
1.15820400159e-13
1.40807843073e-14
199.999605503
0
0
0
0
0
0
0
0
0
0
0
0
0
0
0
0
0
0
0
0
0
0
0
0
0
0
0
0
0
0
0
0
0
0
0
0
0
199.997941914
200
200
200
200
200
200
200
200
200
200
200
200
200
200
200
200
200
200
200
200
200
200
200
200
200
200
200
200
200
1.47551081194e-11
4.36027772444e-17
3.2812777212e-17
2.58953768445e-17
2.15521866577e-17
1.84685382991e-17
1.61176468762e-17
1.41244549383e-17
1.26227166502e-17
1.13151734621e-17
1.02029132922e-17
9.17247050882e-18
8.11994443256e-18
7.06020244038e-18
6.11607923814e-18
5.34697221836e-18
4.6880381338e-18
4.20436711878e-18
5.41059111225e-18
3.48275246712e-17
6.4636984105e-17
1.12059239284e-16
1.61752401234e-16
1.5065129256e-16
1.07671794652e-16
3.20415058585e-17
2.79897161013e-17
1.21874010554e-17
1.89777621157e-16
200
0
0
0
0
0
0
0
0
0
0
0
0
0
0
0
0
0
0
0
0
0
0
0
0
0
0
0
0
0
0
0
0
0
0
0
0
200
200
200
200
200
200
200
200
200
200
200
200
200
200
200
200
200
200
200
200
200
200
200
200
200
200
200
200
200
200
1.09225265645e-10
1.31783969897e-08
66.0940782657
3.0546125076e-17
2.29779682533e-17
1.89017820414e-17
1.60788721633e-17
1.3921395059e-17
1.23578098489e-17
1.10366218219e-17
9.80816530828e-18
8.74378686309e-18
7.65922328238e-18
6.57697438456e-18
5.61693430304e-18
4.74434702452e-18
3.75887469556e-18
2.43386024032e-18
2.63952996116e-18
4.6891806501e-18
8.60845448017e-18
1.20851532105e-17
1.15613743142e-17
6.59419513176e-18
8.58876211584e-18
1.2009166334e-17
2.04010394709e-17
3.46152707398e-17
2.31085345764e-16
3.21447707383e-15
0
0
0
0
0
0
0
0
0
0
0
0
0
0
0
0
0
0
0
0
0
0
0
0
0
0
0
0
0
0
0
0
0
0
0
2.47779554079e-20
200
200
200
200
200
200
200
200
200
200
200
200
200
200
200
200
200
200
200
200
200
200
200
200
200
200
200
200
200
200
3.96768578644e-10
1.28499873046e-11
1.43083438017e-05
199.999996524
0.816839921766
1.94104940313e-17
1.60287090892e-17
1.37945356483e-17
1.21805907192e-17
1.08180923391e-17
9.63528657149e-18
8.5088519137e-18
7.32919904475e-18
6.25338759314e-18
5.21362108863e-18
4.11518180711e-18
2.92161934978e-18
1.56162210876e-18
2.76869870596e-19
4.94694207332e-19
5.78112392882e-19
6.56309233313e-19
1.46779004621e-18
2.13149434265e-18
3.51521301704e-18
7.32039656207e-18
1.83514286136e-17
7.03753102828e-17
3.91539616526e-16
3.52376147963e-16
1.17369262459e-20
0
0
0
0
0
0
0
0
0
0
0
0
0
0
0
0
0
0
0
0
0
0
0
0
0
0
0
0
0
0
0
0
0
0
200
200
200
200
200
200
200
200
200
200
200
200
200
200
200
200
200
200
200
200
200
200
200
200
200
200
200
200
200
200
200
3.15400854922e-10
3.35032091344e-10
3.45423561758e-10
6.70475823988e-10
0.000140243267167
199.999999999
199.99999928
1.43207047901e-17
1.23494626509e-17
1.08973891847e-17
9.6323375832e-18
8.47174020001e-18
7.12809882243e-18
6.101264262e-18
5.03306755511e-18
4.14892589995e-18
3.06817876468e-18
1.4707480103e-18
2.76869870596e-19
4.46999025156e-19
5.6507136372e-19
6.43268204151e-19
8.11999393126e-19
1.90224487238e-18
2.68315815488e-18
5.70314425175e-18
1.65162857522e-17
3.462477765e-17
6.52280659289e-17
2.67365124462e-18
1.90195944663e-15
0
0
0
0
0
0
0
0
0
0
0
0
0
0
0
0
0
0
0
0
0
0
0
0
0
0
0
0
0
0
0
0
0
0
200
200
200
200
200
200
200
200
200
200
200
200
200
200
200
200
200
200
200
200
200
200
200
200
200
200
200
200
200
200
163.890957263
)
;

boundaryField
{
    frontAndBack
    {
        type            empty;
    }
    leftWall
    {
        type            calculated;
        value           uniform 0;
    }
    outlet
    {
        type            calculated;
        value           uniform 0;
    }
    rightWall
    {
        type            calculated;
        value           uniform 0;
    }
    inlet
    {
        type            calculated;
        value           uniform 1.75429232466e-14;
    }
}


// ************************************************************************* //
