/*--------------------------------*- C++ -*----------------------------------*\
| =========                 |                                                 |
| \\      /  F ield         | OpenFOAM: The Open Source CFD Toolbox           |
|  \\    /   O peration     | Version:  v1906                                 |
|   \\  /    A nd           | Web:      www.OpenFOAM.com                      |
|    \\/     M anipulation  |                                                 |
\*---------------------------------------------------------------------------*/
FoamFile
{
    version     2.0;
    format      ascii;
    class       volScalarField;
    location    "929";
    object      alpha;
}
// * * * * * * * * * * * * * * * * * * * * * * * * * * * * * * * * * * * * * //

dimensions      [0 0 -1 0 0 0 0];


internalField   nonuniform List<scalar> 
9216
(
200
200
200
200
200
200
200
200
200
200
200
200
200
200
200
200
200
200
200
200
200
200
200
200
200
200
200
200
200
200
200
200
200
200
200
200
200
200
200
200
200
200
200
200
200
200
200
200
200
200
200
200
200
200
200
200
200
200
200
200
200
200
200
200
200
200
200
200
200
200
200
200
200
200
200
200
200
200
200
200
200
200
200
200
200
184.662131411
164.693675516
140.091288932
112.613237252
88.5403964605
66.9971439603
49.7514626428
35.7437450542
23.0055535992
13.1013194974
1.59002898666
200
200
200
200
200
200
200
200
200
200
200
200
200
200
200
200
200
200
200
200
200
200
200
200
200
200
200
200
200
200
200
200
200
200
200
200
200
200
200
200
200
200
200
200
200
200
200
200
200
200
200
200
200
200
200
200
200
200
200
200
200
200
200
200
200
200
200
200
200
200
200
200
200
200
200
200
200
200
200
200
200
200
200
200
200
197.77034943
177.896550348
152.310961442
128.368392329
101.231960508
77.4722001703
61.3827121454
48.2305398736
31.4962662327
20.772075759
15.4851997559
200
200
200
200
200
200
200
200
200
200
200
200
200
200
200
200
200
200
200
200
200
200
200
200
200
200
200
200
200
200
200
200
200
200
200
200
200
200
200
200
200
200
200
200
200
200
200
200
200
200
200
200
200
200
200
200
200
200
200
200
200
200
200
200
200
200
200
200
200
200
200
200
200
200
200
200
200
200
200
200
200
200
200
200
200
194.472802081
168.742952032
152.297036238
133.248503546
102.966938532
74.8435420616
65.2168863385
47.8175357434
36.8051969979
32.2010791369
21.9208364469
200
200
200
200
200
200
200
200
200
200
200
200
200
200
200
200
200
200
200
200
200
200
200
200
200
200
200
200
200
200
200
200
200
200
200
200
200
200
200
200
200
200
200
200
200
200
200
200
200
200
200
200
200
200
200
200
200
200
200
200
200
200
200
200
200
200
200
200
200
200
200
200
200
200
200
200
200
200
200
200
200
200
200
200
200
187.594030937
166.208027792
150.331666261
126.057450684
107.32851189
86.8377202751
63.1198216361
56.5266866075
47.2117346922
41.1465448112
28.748571567
200
200
200
200
200
200
200
200
200
200
200
200
200
200
200
200
200
200
200
200
200
200
200
200
200
200
200
200
200
200
200
200
200
200
200
200
200
200
200
200
200
200
200
200
200
200
200
200
200
200
200
200
200
200
200
200
200
200
200
200
200
200
200
200
200
200
200
200
200
200
200
200
200
200
200
200
200
200
200
200
200
200
200
200
200
178.746888184
157.857694208
143.615175162
132.950802787
109.040154347
93.4160187012
72.7793718915
58.6954086505
57.3635105052
53.7686408356
41.3891118616
200
200
200
200
200
200
200
200
200
200
200
200
200
200
200
200
200
200
200
200
200
200
200
200
200
200
200
200
200
200
200
200
200
200
200
200
200
200
200
200
200
200
200
200
200
200
200
200
200
200
200
200
200
200
200
200
200
200
200
200
200
200
200
200
200
200
200
200
200
200
200
200
200
200
200
200
200
200
200
200
200
200
200
200
198.474374829
176.289048392
162.419440795
143.247162986
122.636264878
103.431386363
100.064466929
87.511458942
69.8313830616
66.6345756087
65.7215299347
52.887196644
200
200
200
200
200
200
200
200
200
200
200
200
200
200
200
200
200
200
200
200
200
200
200
200
200
200
200
200
200
200
200
200
200
200
200
200
200
200
200
200
200
200
200
200
200
200
200
200
200
200
200
200
200
200
200
200
200
200
200
200
200
200
200
200
200
200
200
200
200
200
200
200
200
200
200
200
200
200
200
200
200
200
200
200
193.411721127
174.146931438
157.811076031
142.460192421
122.384708739
112.880129908
98.7156419655
97.0069517557
87.7809843436
77.3863368506
77.1472934201
63.8727602554
200
200
200
200
200
200
200
200
200
200
200
200
200
200
200
200
200
200
200
200
200
200
200
200
200
200
200
200
200
200
200
200
200
200
200
200
200
200
200
200
200
200
200
200
200
200
200
200
200
200
200
200
200
200
200
200
200
200
200
200
200
200
200
200
200
200
200
200
200
200
200
200
200
200
200
200
200
200
200
200
200
200
200
200
189.025985347
172.408814786
153.398408941
138.336982017
125.72361263
118.486508731
109.520732331
99.8751721946
100.154132559
87.2806534773
87.8986992628
74.6782823896
200
200
200
200
200
200
200
200
200
200
200
200
200
200
200
200
200
200
200
200
200
200
200
200
200
200
200
200
200
200
200
200
200
200
200
200
200
200
200
200
200
200
200
200
200
200
200
200
200
200
200
200
200
200
200
200
200
200
200
200
200
200
200
200
200
200
200
200
198.797415458
188.964733041
180.387692869
179.589925761
185.21697446
192.566839579
197.901135815
199.869165469
199.955046365
199.016081892
199.354999975
199.988707312
200
199.999105938
200
200
187.951958667
172.454868767
156.435920028
139.764213072
128.098247889
115.674984235
117.069694536
111.084953244
104.874649573
100.423617314
96.9097134437
84.3795546309
200
200
200
200
200
200
200
200
200
200
200
200
200
200
200
200
200
200
200
200
200
200
200
200
200
200
200
200
200
200
200
200
200
200
200
200
200
200
200
200
200
200
200
200
200
200
200
200
200
200
200
200
200
200
200
200
200
200
200
200
200
200
200
200
141.808999162
7.8012738606
0.934908082201
0.164049285304
0.0412844316723
0.0158872357229
0.0116137374438
0.0166691528728
0.0384556014419
0.120283783959
0.490777690137
2.59883578572
18.7520979936
134.887283972
187.618437282
198.157898765
199.380594135
199.022609158
199.767091609
199.996353469
186.214534944
171.515300662
155.651770428
142.453816405
131.942965404
124.265001088
117.666021608
118.439145514
113.865826379
111.718305662
105.46498973
94.4293033316
200
200
200
200
200
200
200
200
200
200
200
200
200
200
200
200
200
200
200
200
200
200
200
200
200
200
200
200
200
200
200
200
200
200
200
200
200
200
200
200
200
200
200
200
200
200
200
200
200
200
200
200
200
200
200
200
200
200
200
200
200
141.993334021
0.0253530236937
0.000662332535139
4.68014147172e-05
6.91769505273e-06
1.43203541974e-06
3.54348967855e-07
1.15787783398e-07
6.17504187358e-08
6.48294671437e-08
1.17713894788e-07
2.94890257028e-07
9.3737820466e-07
3.73867062655e-06
1.86343499928e-05
0.000121215086153
0.00110792681579
0.0155323878844
0.358099582243
13.3542709675
163.747335185
197.164968672
198.549986805
183.71373993
167.648359262
154.677909565
144.994226463
139.127753934
132.185790471
126.929440835
119.86534378
121.531912011
123.651319235
113.993949376
102.33198891
200
200
200
200
200
200
200
200
200
200
200
200
200
200
200
200
200
200
200
200
200
200
200
200
200
200
200
200
200
200
200
200
200
200
200
200
200
200
200
200
200
200
200
200
200
200
200
200
200
200
200
200
200
200
200
200
200
200
200
10.1877411458
0.000375982166796
8.32353679901e-07
9.64341050598e-09
5.32762571413e-10
6.51797279706e-11
1.14692453435e-11
2.53599649246e-12
7.77683091194e-13
4.2225109776e-13
4.40630371017e-13
7.42996922489e-13
1.68223993119e-12
4.73482794013e-12
1.62097383487e-11
6.74947505444e-11
3.45414753037e-10
2.30950759403e-09
2.15722401032e-08
3.01781656304e-07
5.87367019515e-06
0.000167660459365
0.00755448789467
0.580560791508
67.5754719609
169.647589728
167.524736201
157.46320553
149.929926868
142.383173392
137.32858975
132.607605862
129.032752163
124.415913876
129.520131801
121.631211747
108.521829391
200
200
200
200
200
200
200
200
200
200
200
200
200
200
200
200
200
200
200
200
200
200
200
200
200
200
200
200
200
200
200
200
200
200
200
200
200
200
200
200
200
200
200
200
200
200
200
200
200
200
200
200
200
200
200
200
200
189.367843554
3.76209338568e-05
4.36296975226e-08
2.89287198877e-11
4.51669220067e-14
2.6509364963e-15
4.36135727932e-16
1.05530045124e-16
3.10504909437e-17
1.23565157602e-17
8.45442848165e-18
9.91868058683e-18
1.68871709324e-17
3.65180904476e-17
9.52827924532e-17
2.94772573792e-16
1.07040259253e-15
4.54760103034e-15
2.37701786975e-14
1.59554029038e-13
1.44807656424e-12
1.80145588661e-11
3.06681619713e-10
7.40062615254e-09
2.84024032419e-07
1.52240501405e-05
0.001101057957
0.0795256478475
12.7781893701
148.625319523
153.052297752
145.862008755
141.167879907
136.599414294
133.22411252
131.120106433
133.291104576
128.035760039
113.99402158
200
200
200
200
200
200
200
200
200
200
200
200
200
200
200
200
200
200
200
200
200
200
200
200
200
200
200
200
200
200
200
200
200
200
200
200
200
200
200
200
200
200
200
200
200
200
200
200
200
200
200
200
200
200
200
200
0.000414001668021
2.45184726819e-08
9.05375008176e-13
2.33014184779e-17
4.76226464379e-19
4.14677361574e-20
8.32049073293e-21
2.45314678923e-21
8.94506533626e-22
4.91916370553e-22
4.44714924088e-22
5.99169203764e-22
1.05081168954e-21
2.22378077279e-21
5.4577275237e-21
1.53929175165e-20
5.00286497446e-20
1.91495604305e-19
8.81841287274e-19
5.02267694988e-18
3.64503580479e-17
3.4093549539e-16
3.87358570943e-15
5.51130102763e-14
1.09576242187e-12
3.12197040414e-11
1.26413896155e-09
6.62574132319e-08
4.19070482269e-06
0.000385551259726
0.0877260993227
51.0494410823
145.018283666
145.957600015
140.681107179
137.832935465
135.213166819
133.310717267
135.715106151
118.62567272
200
200
200
200
200
200
200
200
200
200
200
200
200
200
200
200
200
200
200
200
200
200
200
200
200
200
200
200
200
200
200
200
200
200
200
200
200
200
200
200
200
200
200
200
200
200
200
200
200
200
200
200
200
200
200
2.1054311032e-07
6.73903496805e-12
9.08688721972e-19
1.81036453327e-22
1.4590641445e-23
2.61464324194e-24
6.85723222105e-25
2.45422558313e-25
1.16710830875e-25
8.40512656005e-26
9.06630050152e-26
1.2954083759e-25
2.2266614258e-25
4.43830484757e-25
1.0230281819e-24
2.68059600609e-24
8.04116657117e-24
2.78158263324e-23
1.12771456195e-22
5.42334486769e-22
3.1705158374e-21
2.17987301823e-20
1.8289908401e-19
1.91600329181e-18
2.63724156026e-17
4.84671732017e-16
1.07642774532e-14
3.18598611153e-13
1.25582998129e-11
5.28062650447e-10
4.11028332678e-08
5.14569484332e-06
0.00173385680069
1.98637392103
137.788160722
144.69503161
141.538227995
138.295820501
136.501740493
140.749994696
122.472174702
200
200
200
200
200
200
200
200
200
200
200
200
200
200
200
200
200
200
200
200
200
200
200
200
200
200
200
200
200
200
200
200
200
200
200
200
200
200
200
200
200
200
200
200
200
200
200
200
200
200
200
200
200
200
6.28946556715e-09
6.76823622558e-19
1.93927427146e-24
1.69694599057e-26
2.22501270594e-27
5.33661800356e-28
1.82439431978e-28
8.01133573696e-29
4.60353458454e-29
3.86449904194e-29
4.53020472939e-29
6.66791251452e-29
1.15128060118e-28
2.27149560402e-28
5.01259012662e-28
1.25966570774e-27
3.57150603099e-27
1.14866214349e-26
4.1984477028e-26
1.73607177335e-25
8.31419504473e-25
4.67803152475e-24
3.09629960695e-23
2.43938107237e-22
2.34758140887e-21
2.75155335858e-20
4.03525053444e-19
7.78161846812e-18
2.01333031203e-16
6.02021628427e-15
1.92710929305e-13
9.89938620615e-12
9.07167812825e-10
2.10558388439e-07
0.000107530229178
0.20070660609
121.400869158
143.995591798
141.77873562
138.826155257
141.636057407
125.176747416
200
200
200
200
200
200
200
200
200
200
200
200
200
200
200
200
200
200
200
200
200
200
200
200
200
200
200
200
200
200
200
200
200
200
200
200
200
200
200
200
200
200
200
200
200
200
200
200
200
200
200
200
200
9.07875634702e-10
3.55099758578e-25
1.52766363946e-28
7.75192977243e-30
1.41116889849e-30
3.95388236173e-31
1.52529488425e-31
7.55340750952e-32
4.74196969387e-32
4.15889207634e-32
4.90553469152e-32
7.16483984362e-32
1.21230495356e-31
2.30990421697e-31
4.97519208479e-31
1.20607802122e-30
3.22590341853e-30
9.77690454625e-30
3.36158017584e-29
1.2939007854e-28
5.54171862719e-28
2.69344182691e-27
1.49849198235e-26
9.33574251135e-26
6.68634396644e-25
5.76768412066e-24
5.96404671094e-23
7.52869913386e-22
1.17048906397e-20
2.31682192441e-19
5.08813720794e-18
1.4668539301e-16
5.81223245128e-15
3.95367925844e-13
5.40112030178e-11
1.32569893599e-08
1.10692395087e-05
0.0419017299159
113.447282031
143.591771332
140.498732867
141.655511538
126.626657126
200
200
200
200
200
200
200
200
200
200
200
200
200
200
200
200
200
200
200
200
200
200
200
200
200
200
200
200
200
200
200
200
200
200
200
200
200
200
200
200
200
200
200
200
200
200
200
200
200
200
200
200
2.39593059293e-10
2.22140424352e-29
1.52455913083e-31
1.54711104025e-32
3.21431732464e-33
9.33908017191e-34
3.58390119682e-34
1.67325364563e-34
1.02070628477e-34
8.39556869801e-35
9.38815770645e-35
1.33728041701e-34
2.40020650175e-34
4.65040174593e-34
9.99386296346e-34
2.3439763201e-33
6.15382673421e-33
1.80285366868e-32
5.83184987587e-32
2.04701593571e-31
7.98811079629e-31
3.39448355699e-30
1.64821917589e-29
8.85170564745e-29
5.24926085082e-28
3.54152896547e-27
2.77204029478e-26
2.45096235389e-25
2.58115893883e-24
3.37174804612e-23
4.94383324275e-22
8.70124318108e-21
1.8918177507e-19
6.08103834161e-18
3.70237632087e-16
2.96828916333e-14
4.81209916748e-12
2.11706037076e-09
2.95878034222e-06
0.0277596612099
120.708366449
141.9339542
140.322374794
127.359974391
200
200
200
200
200
200
200
200
200
200
200
200
200
200
200
200
200
200
200
200
200
200
200
200
200
200
200
200
200
200
200
200
200
200
200
200
200
200
200
200
200
200
200
200
200
200
200
200
200
200
200
8.94304752059e-11
2.87753842333e-32
6.71935526023e-34
1.60088961055e-35
0
0
0
0
0
0
0
0
0
3.41079366176e-37
1.12253696863e-36
5.69235427109e-36
1.69715095685e-35
5.74746282454e-35
1.94523877482e-34
6.81643736899e-34
2.48418404037e-33
9.77136626492e-33
4.14625292312e-32
1.88135771534e-31
9.40224890433e-31
5.1927910783e-30
3.28595860871e-29
2.28086621896e-28
1.78345785596e-27
1.64046331588e-26
1.60732497608e-25
1.85600656055e-24
2.71836913575e-23
5.0187079074e-22
1.26198910099e-20
5.54373164136e-19
3.43654511976e-17
4.30129776719e-15
9.9273520342e-13
6.39304149374e-10
1.88511642982e-06
0.0744998159498
133.38380564
139.124609118
128.05224716
200
200
200
200
200
200
200
200
200
200
200
200
200
200
200
200
200
200
200
200
200
200
200
200
200
200
200
200
200
200
200
200
200
200
200
200
200
200
200
200
200
200
200
200
200
200
200
200
200
200
3.87742794022e-11
3.3762724701e-34
0
0
0
0
0
0
0
0
0
0
0
0
0
0
0
2.57632118818e-37
7.07773191684e-37
3.14396520378e-36
1.3249897162e-35
5.38853674905e-35
2.2240550379e-34
9.22431092967e-34
3.92170020041e-33
1.86159909534e-32
9.22703043495e-32
5.06010161944e-31
3.10713570502e-30
2.21586198091e-29
1.60324324159e-28
1.31440998331e-27
1.27488122831e-26
1.49503634903e-25
2.24360177846e-24
5.23086025176e-23
1.55050903497e-21
6.49038480691e-20
5.6582901183e-18
9.92594468961e-16
3.29173622709e-13
4.03919881992e-10
4.4569878339e-06
1.20776163297
138.009559713
128.687792182
200
200
200
200
200
200
200
200
200
200
200
200
200
200
200
200
200
200
200
200
200
200
200
200
200
200
200
200
200
200
200
200
200
200
200
200
200
200
200
200
200
200
200
200
200
200
200
200
200
2.80855482912e-11
3.6217842373e-39
0
0
0
0
0
0
0
0
0
0
0
0
0
0
0
0
0
0
2.48309682744e-38
4.00360021057e-37
1.13339980303e-36
5.07528696055e-36
2.79560162841e-35
1.11829438417e-34
5.6812799143e-34
2.57920213369e-33
1.35077903833e-32
6.88976750982e-32
4.07821369248e-31
2.52732750528e-30
1.85510688243e-29
1.49225094368e-28
1.4325476173e-27
1.7563704054e-26
3.07086390235e-25
6.84877113002e-24
2.28222481185e-22
1.30769236671e-20
1.35572324732e-18
3.36515804162e-16
1.98633626792e-13
7.95773674383e-10
4.04061340702e-05
99.1737195075
128.0536131
200
200
200
200
200
200
200
200
200
200
200
200
200
200
200
200
200
200
200
200
200
200
200
200
200
200
200
200
200
200
200
200
200
200
200
200
200
200
200
200
200
200
200
200
200
200
200
200
6.52498537734e-11
0
0
0
0
0
0
0
0
0
0
0
0
0
0
0
0
0
0
0
0
0
0
0
2.48813480362e-37
7.32495205426e-37
3.92055002869e-36
1.95309129468e-35
8.07347821422e-35
4.30787231822e-34
2.06072254218e-33
1.10315488526e-32
5.88797811068e-32
3.92237026108e-31
2.75417520173e-30
2.28520506785e-29
2.24495349175e-28
3.07830363374e-27
5.10193026812e-26
1.3356702438e-24
4.84664158052e-23
3.34273037737e-21
4.73223250407e-19
1.84903418064e-16
3.04981156832e-13
4.92495325727e-09
0.00742353129043
126.383170268
200
200
200
200
200
200
200
200
200
200
200
200
200
200
200
200
200
200
200
200
200
200
200
200
200
200
200
200
200
200
200
200
200
200
200
200
200
200
200
200
200
200
200
200
200
200
200
2.48866859231e-10
0
0
0
0
0
0
0
0
0
0
0
0
0
0
0
0
0
0
0
0
0
0
0
0
0
0
1.91906113294e-37
7.26756871177e-37
3.47535136472e-36
1.77379566395e-35
8.20154512132e-35
4.53763874073e-34
2.24954417933e-33
1.29192281676e-32
8.29471827219e-32
5.61370862402e-31
4.63638844997e-30
5.14105654248e-29
6.24103932637e-28
1.09123074081e-26
2.92139831997e-25
1.40032093554e-23
1.24255992623e-21
2.52258218124e-19
2.3942289568e-16
1.38754918764e-12
2.84754372731e-07
101.582584385
200
200
200
200
200
200
200
200
200
200
200
200
200
200
200
200
200
200
200
200
200
200
200
200
200
200
200
200
200
200
200
200
200
200
200
200
200
200
200
200
200
200
200
200
200
200
4.21766743954e-09
0
0
0
0
0
0
0
0
0
0
0
0
0
0
0
0
0
0
0
0
0
0
0
0
0
0
0
0
0
1.82926661466e-37
8.14860662051e-37
4.30054848867e-36
2.29326171063e-35
1.1177999104e-34
6.71581835911e-34
3.65279872469e-33
2.30589335032e-32
1.55785945144e-31
1.22594529454e-30
1.36111536247e-29
1.68340296695e-28
3.36965674814e-27
1.03923174048e-25
5.74116611036e-24
7.02722665411e-22
2.81906157148e-19
8.83503075787e-16
3.68871019172e-11
0.0571928585811
200
200
200
200
200
200
200
200
200
200
200
200
200
200
200
200
200
200
200
200
200
200
200
200
200
200
200
200
200
200
200
200
200
200
200
200
200
200
200
200
200
200
200
200
200
200
0
0
0
0
0
0
0
0
0
0
0
0
0
0
0
0
0
0
0
0
0
0
0
0
0
0
0
0
0
0
0
0
2.39276927411e-37
1.1244144802e-36
6.24185386227e-36
3.54066895825e-35
2.07143073066e-34
1.17459114393e-33
7.90932879086e-33
5.28401166613e-32
4.52771280866e-31
4.42083750858e-30
6.59434854484e-29
1.38664888889e-27
4.85977528759e-26
3.39576642003e-24
7.25071672567e-22
7.65749958626e-19
1.34925339971e-14
4.08530726863e-07
200
200
200
200
200
200
200
200
200
200
200
200
200
200
200
200
200
200
200
200
200
200
200
200
200
200
200
200
200
200
200
200
200
200
200
200
200
200
200
200
200
200
200
200
200
0
0
0
0
0
0
0
0
0
0
0
0
0
0
0
0
0
0
0
0
0
0
0
0
0
0
0
0
0
0
0
0
0
0
0
3.85130310666e-37
1.9837236563e-36
1.54669550599e-35
8.0432977456e-35
5.09088715789e-34
3.47604449038e-33
2.17335910254e-32
1.82062427858e-31
2.0639849312e-30
3.21287427935e-29
7.1619180791e-28
2.95808599915e-26
3.27277171752e-24
1.5435623324e-21
8.34512409466e-18
1.94127522757e-11
200
200
200
200
200
200
200
200
200
200
200
200
200
200
200
200
200
200
200
200
200
200
200
200
200
200
200
200
200
200
200
200
200
200
200
200
200
200
200
200
200
200
200
200
200
0
0
0
0
0
0
0
0
0
0
0
0
0
0
0
0
0
0
0
0
0
0
0
0
0
0
0
0
0
0
0
0
0
0
0
0
1.16926179544e-37
8.61460488082e-37
6.31613157865e-36
3.84012830456e-35
2.58869689668e-34
1.71352486008e-33
1.18984310324e-32
9.95757971668e-32
1.08625353944e-30
1.78261738424e-29
4.42463407448e-28
2.74125768564e-26
5.93259255233e-24
1.10395084889e-20
3.41577651212e-15
200
200
200
200
200
200
200
200
200
200
200
200
200
200
200
200
200
200
200
200
200
200
200
200
200
200
200
200
200
200
200
200
200
200
200
200
200
200
200
200
200
200
200
200
200
0
0
0
0
0
0
0
0
0
0
0
0
0
0
0
0
0
0
0
0
0
0
0
0
0
0
0
0
0
0
0
0
0
0
0
0
0
0
4.08253976506e-37
3.43143650806e-36
2.06308395839e-35
1.54331137342e-34
9.67774808098e-34
6.32031621807e-33
5.25075183185e-32
6.69162639783e-31
1.16638273918e-29
4.16566047473e-28
4.26266558735e-26
3.24814347284e-23
1.08173704393e-18
200
200
200
200
200
200
200
200
200
200
200
200
200
200
200
200
200
200
200
200
200
200
200
200
200
200
200
200
200
200
200
200
200
200
200
200
200
200
200
200
200
200
200
200
0
0
0
0
0
0
0
0
0
0
0
0
0
0
0
0
0
0
0
0
0
0
0
0
0
0
0
0
0
0
0
0
0
0
0
0
0
0
0
0
1.83420703419e-37
2.1414456971e-36
1.48924496423e-35
1.05057390071e-34
6.45702934925e-34
5.17774009236e-33
4.03333346837e-32
5.4490186299e-31
1.26959617267e-29
6.02833411152e-28
1.73224036629e-25
1.07490411695e-21
200
200
200
200
200
200
200
200
200
200
200
200
200
200
200
200
200
200
200
200
200
200
200
200
200
200
200
200
200
200
200
200
200
200
200
200
200
200
200
200
200
200
200
200
0
0
0
0
0
0
0
0
0
0
0
1.72985106368e-37
8.65472241836e-37
1.33458636151e-36
2.2899059269e-36
0
0
0
0
0
0
0
0
0
0
0
0
0
0
0
0
0
0
0
0
0
0
0
0
0
0
7.77057418326e-38
1.47495756616e-36
1.32002599475e-35
8.76644197308e-35
5.82043584092e-34
4.52735357473e-33
4.36459285858e-32
6.37266929087e-31
1.73959462201e-29
1.98128660471e-27
2.80676963659e-24
200
200
200
2.19771468321e-40
0
0
0
0
0
0
0
0
0
0
0
0
0
0
0
0
0
0
0
2.74671342536e-35
3.98511556601e-33
200
200
200
200
200
200
200
200
200
200
200
200
200
200
200
200
200
200
200
0
0
0
0
0
0
0
0
0
6.00173151766e-37
9.95210619819e-36
6.13650158035e-35
4.38986009881e-34
2.89043025272e-33
5.49200633927e-33
7.69835672089e-33
2.07033019282e-34
1.40585417887e-35
0
0
0
0
0
0
0
0
0
0
0
0
0
0
0
0
0
0
0
0
0
0
0
0
1.37141632166e-38
1.23947012754e-36
9.91807894143e-36
7.00364730756e-35
5.63025789609e-34
4.53922862871e-33
4.42090117876e-32
8.99237152363e-31
4.75364023952e-29
1.88045007102e-26
2.73611779244e-41
1.44006199602e-41
0
0
0
0
0
0
0
0
0
0
0
0
0
0
0
0
0
0
0
0
0
0
0
0
0
0
0
0
1.57728023626e-34
2.15978443871e-32
200
200
200
200
200
200
200
200
200
200
200
0
0
0
0
0
0
0
0
1.49933706566e-37
1.29484615658e-35
6.55250446908e-34
5.75083877707e-32
200
200
200
200
200
200
200
200
200
200
200
199.999999557
0
0
0
0
0
0
0
0
0
0
0
0
0
0
0
0
0
0
0
0
5.38921159979e-40
1.4402596962e-36
1.13952478902e-35
1.01333747717e-34
7.66922946681e-34
6.44726932731e-33
8.35430380356e-32
2.25261915481e-30
3.0914512758e-28
0
0
0
0
0
0
0
0
0
0
0
0
0
0
0
0
0
0
0
0
0
0
0
0
0
0
0
0
0
0
0
0
0
0
0
2.16456289753e-34
1.05964125362e-32
200
200
200
200
200
200
0
0
0
0
0
0
0
1.62047195374e-36
3.77708826573e-34
2.88249102773e-31
200
200
200
200
200
200
200
200
200
200
200
200
200
200
199.999999749
0
0
0
0
0
0
0
0
0
0
0
0
0
0
0
0
0
0
0
0
5.19228093773e-38
2.06927141964e-36
1.82397561042e-35
1.29738591025e-34
1.21983080154e-33
1.21034467585e-32
1.92887934999e-31
1.17468100393e-29
0
0
0
0
0
0
0
0
0
0
0
0
0
0
0
0
0
0
0
0
0
0
0
0
0
0
0
0
0
0
0
0
0
0
0
0
0
0
1.78065341084e-36
1.57759857292e-34
1.97937467854e-33
4.59832072394e-33
1.03638387016e-34
0
0
0
0
0
0
1.64610372573e-35
1.05227115435e-32
200
200
200
200
200
200
200
200
200
200
200
200
200
200
200
200
200
199.999999738
0
0
0
0
0
0
0
0
0
0
0
0
0
0
0
0
0
0
0
0
1.6286253549e-37
4.02788157577e-36
2.79505687948e-35
2.27637926249e-34
2.02693585445e-33
2.78366094987e-32
8.14505734213e-31
0
0
0
0
0
0
0
0
0
0
0
0
0
0
0
0
0
0
0
0
0
0
0
0
0
0
0
0
0
0
0
0
0
0
0
0
0
0
0
0
0
0
1.19356237369e-35
0
0
2.12031497097e-39
3.64057164704e-39
2.27352898957e-37
1.31435379015e-34
6.5044667219e-31
200
200
200
200
200
200
200
200
200
200
200
200
200
200
200
200
200
200
200
199.999999672
0
0
0
0
0
0
0
0
0
0
0
0
0
0
0
0
0
0
0
0
4.80457151969e-37
7.45888196742e-36
6.25438458045e-35
5.4971274495e-34
5.92928471418e-33
9.59486053951e-32
0
0
0
0
0
0
0
0
0
0
0
0
0
0
0
0
0
0
0
0
0
0
0
0
0
0
0
0
0
0
0
0
0
0
0
0
0
0
0
0
0
0
0
0
2.69561362627e-39
1.76179993009e-38
1.3756303038e-36
2.67395304135e-34
9.89394896081e-29
200
200
200
200
200
200
200
200
200
200
200
200
200
200
200
200
200
200
200
200
200
199.999999595
0
0
0
0
0
0
0
0
0
0
0
0
0
0
0
0
0
0
0
0
1.60487176851e-36
1.48709811105e-35
1.70831718885e-34
1.68267228484e-33
1.8609702836e-32
0
0
0
0
0
0
0
0
0
0
0
0
0
0
0
0
0
0
0
0
0
0
0
0
0
0
0
0
0
0
0
0
0
0
0
0
0
0
0
0
0
0
0
0
0
9.21847012447e-37
1.03571026516e-34
200
200
200
200
200
200
200
200
200
200
200
200
200
200
200
200
200
200
200
200
200
200
200
200
199.999999383
0
0
0
0
0
0
0
0
0
0
0
0
0
0
0
0
0
0
0
2.31494998764e-37
5.34899290275e-36
4.45261735109e-35
5.00331418691e-34
5.04046183722e-33
0
0
0
0
0
0
0
0
0
0
0
0
0
0
0
0
0
0
0
0
0
0
0
0
0
0
0
0
0
0
0
0
0
0
0
0
0
0
0
0
0
0
0
0
0
0
9.60018196763e-33
200
200
200
200
200
200
200
200
200
200
200
200
200
200
200
200
200
200
200
200
200
200
200
200
200
199.995697053
0
0
0
0
0
0
0
0
0
0
0
0
0
0
0
0
0
0
0
1.45476196542e-36
1.71885231654e-35
1.89834815695e-34
1.69765758377e-33
0
0
0
0
0
0
0
0
0
0
0
0
0
0
0
0
0
0
0
0
0
0
0
0
0
0
0
0
0
0
0
0
0
0
0
0
0
0
0
0
0
0
0
0
0
0
0
0
2.0059423772e-40
200
200
200
200
200
200
200
200
200
200
200
200
200
200
200
200
200
200
200
200
200
200
200
200
0
0
0
0
0
0
0
0
0
0
0
0
0
0
0
0
0
0
0
4.00621224155e-37
7.41282502405e-36
8.26561114738e-35
6.93852715042e-34
0
0
0
0
0
0
0
0
0
0
0
0
0
0
0
0
0
0
0
0
0
0
0
0
0
0
0
0
0
0
0
0
0
0
0
0
0
0
0
0
0
0
0
0
0
0
0
0
0
1.80534813948e-40
2.41729349791e-39
1.38948223116e-33
200
200
200
200
200
200
200
200
200
200
200
200
200
200
200
200
200
200
200
200
200
199.99675045
0
0
0
0
0
0
0
0
0
0
0
0
0
0
0
0
0
0
9.99180140089e-38
3.62862593966e-36
4.06856533343e-35
3.34396571558e-34
0
0
0
0
0
0
0
0
0
0
0
0
0
0
0
0
0
0
0
0
0
0
0
0
0
0
0
0
0
0
0
0
0
0
0
0
0
0
0
0
0
0
0
0
0
0
0
0
0
0
1.62481332553e-40
9.12726069875e-40
1.12243197725e-38
5.11891779984e-33
200
200
200
200
200
200
200
200
200
200
200
200
200
200
200
200
200
200
200
200
0
0
0
0
0
0
0
0
0
0
0
0
0
0
0
0
0
0
0
1.65482560166e-36
2.04076975316e-35
1.84598398552e-34
0
0
0
0
0
0
0
0
0
0
0
0
0
0
0
0
0
0
0
0
0
0
0
0
0
0
0
0
0
0
0
0
0
0
0
0
0
0
0
0
0
0
0
0
0
0
0
0
0
0
0
3.08714531851e-40
6.89843583519e-40
9.64077024514e-39
2.76699782284e-38
1.05095376231e-31
200
200
200
200
200
200
200
200
200
200
200
200
200
200
200
200
200
200
199.963271188
0
0
0
0
0
0
0
0
0
0
0
0
0
0
0
0
0
0
8.12421123472e-37
1.11547484818e-35
1.13902370791e-34
0
0
0
0
0
0
0
0
0
0
0
0
0
0
0
0
0
0
0
0
0
0
0
0
0
0
0
0
0
0
0
0
0
0
0
0
0
0
0
0
0
0
0
0
0
0
0
0
0
0
0
0
2.77843078666e-40
6.20859225168e-40
8.55824432919e-39
1.88553035868e-38
2.10578715447e-33
200
200
200
200
200
200
200
200
200
200
200
200
200
200
200
200
200
200
0
0
0
0
0
0
0
0
0
0
0
0
0
0
0
0
0
0
4.96743866682e-37
8.39545285106e-36
7.69950372765e-35
0
0
0
0
0
0
0
0
0
0
0
0
0
0
0
0
0
0
0
0
0
0
0
0
0
0
0
0
0
0
0
0
0
0
0
0
0
0
0
0
0
0
0
0
0
0
0
0
0
0
0
0
0
3.96291970097e-40
1.3556194701e-39
6.56942677349e-39
1.01920963784e-38
2.04776890602e-34
200
200
200
200
200
200
200
200
200
200
200
200
200
200
200
200
200
0
0
0
0
0
0
0
0
0
0
0
0
0
0
0
0
0
0
2.94412888036e-37
6.744777539e-36
5.74601338361e-35
0
0
0
0
0
0
0
0
0
0
0
0
0
0
0
0
0
0
0
0
0
0
0
0
0
0
0
0
0
0
0
0
0
0
0
0
0
0
0
0
0
0
0
0
0
0
0
0
0
0
0
0
0
1.18448891431e-40
2.500587708e-40
2.07411789957e-39
5.52446572958e-39
9.12676050602e-39
8.87163554066e-39
200
200
200
200
200
200
200
200
200
200
200
200
200
200
200
200
0
0
0
0
0
0
0
0
0
0
0
0
0
0
0
0
0
0
2.43519056197e-37
5.43995878467e-36
4.72265811752e-35
0
0
0
0
0
0
0
0
0
0
0
0
0
0
0
0
0
0
0
0
0
0
0
0
0
0
0
0
0
0
0
0
0
0
0
0
0
0
0
0
0
0
0
0
0
0
0
0
0
0
0
0
0
1.18448891431e-40
2.2505289372e-40
2.2505289372e-40
2.19015522727e-39
5.32156305103e-39
8.02409252959e-39
7.64899791861e-39
200
200
200
200
200
200
200
200
200
200
200
200
200
200
200
0
0
0
0
0
0
0
0
0
0
0
0
0
0
0
0
0
0
2.24520357417e-37
5.32750594935e-36
4.37901715351e-35
0
0
0
0
0
0
0
0
0
0
0
0
0
0
0
0
0
0
0
0
0
0
0
0
0
0
0
0
0
0
0
0
0
0
0
0
0
0
0
0
0
0
0
0
0
0
0
0
0
0
0
0
0
0
2.2505289372e-40
2.2505289372e-40
2.2505289372e-40
2.65614713806e-39
6.11072444376e-39
6.59247202413e-39
3.37290912078e-35
200
200
200
200
200
200
200
200
200
200
200
200
200
200
0
0
0
0
0
0
0
0
0
0
0
0
0
0
0
0
0
0
2.29825436338e-37
5.27300344364e-36
4.48329821233e-35
0
0
0
0
0
0
0
0
0
0
0
0
0
0
0
0
0
0
0
0
0
0
0
0
0
0
0
0
0
0
0
0
0
0
0
0
0
0
0
0
0
0
0
0
0
0
0
0
0
0
0
0
0
0
0
2.2505289372e-40
2.2505289372e-40
2.2505289372e-40
3.17391592782e-39
4.77183884731e-39
4.61171090596e-39
7.20608648016e-34
200
200
200
200
200
200
200
200
200
200
200
200
200
0
0
0
0
0
0
0
0
0
0
0
0
0
0
0
0
0
0
3.19482667452e-37
5.51438447098e-36
4.94663995796e-35
0
0
0
0
0
0
0
0
0
0
0
0
0
0
0
0
0
0
0
0
0
0
0
0
0
0
0
0
0
0
0
0
0
0
0
0
0
0
0
0
0
0
0
0
0
0
0
0
0
0
0
0
0
0
0
0
0
1.18448891431e-40
3.56662773088e-40
3.01063950378e-39
3.97209706948e-39
2.85916970962e-39
200
200
200
200
200
200
200
200
200
200
200
200
200
0
0
0
0
0
0
0
0
0
0
0
0
0
0
0
0
0
0
4.38662310857e-37
7.46793462097e-36
5.82830716321e-35
0
0
0
0
0
0
0
0
0
0
0
0
0
0
0
0
0
0
0
0
0
0
0
0
0
0
0
0
0
0
0
0
0
0
0
0
0
0
0
0
0
0
0
0
0
0
0
0
0
0
0
0
0
0
0
0
0
0
6.20859225168e-40
8.21453462888e-40
7.39308116599e-40
1.49392536807e-39
1.92078924344e-37
200
200
200
200
200
200
200
200
200
200
200
200
0
0
0
0
0
0
0
0
0
0
0
0
0
0
0
0
0
0
6.45135877085e-37
9.63889466407e-36
7.3090987464e-35
0
0
0
0
0
0
0
0
0
0
0
0
0
0
0
0
0
0
0
0
0
0
0
0
0
0
0
0
0
0
0
0
0
0
0
0
0
0
0
0
0
0
0
0
0
0
0
0
0
0
0
0
0
0
0
0
0
0
1.62481332553e-40
6.89843583519e-40
1.04433594924e-39
8.21453462888e-40
4.09083244775e-38
200
200
200
200
200
200
200
200
200
200
200
200
0
0
0
0
0
0
0
0
0
0
0
0
0
0
0
0
0
0
1.10153457719e-36
1.22875224736e-35
9.02723291752e-35
0
0
0
0
0
0
0
0
0
0
0
0
0
0
0
0
0
0
0
0
0
0
0
0
0
0
0
0
0
0
0
0
0
0
0
0
0
0
0
0
0
0
0
0
0
0
0
0
0
0
0
0
0
0
0
0
0
0
0
0
7.66492870577e-40
1.16037327694e-39
1.66088601698e-38
3.4885747997e-37
200
200
200
200
200
200
200
200
200
200
200
1.18448891431e-40
0
0
0
0
0
0
0
0
0
0
0
0
0
0
0
0
6.12375628993e-38
1.92395954286e-36
1.76565646746e-35
1.07077825037e-34
0
0
0
0
0
0
0
0
0
0
0
0
0
0
0
0
0
0
0
0
0
0
0
0
0
0
0
0
0
0
0
0
0
0
0
0
0
0
0
0
0
0
0
0
0
0
0
0
0
0
0
0
0
0
0
0
0
0
0
0
0
8.51658745086e-40
1.8729452641e-38
1.31187908267e-37
200
200
200
200
200
200
200
200
200
200
200
1.18448891431e-40
1.18448891431e-40
0
0
0
0
0
0
0
0
0
0
0
0
0
0
0
1.93462021122e-37
3.20032874881e-36
2.6596500303e-35
2.76512504297e-34
0
0
0
0
0
0
0
0
0
0
0
0
0
0
0
0
0
0
0
0
0
0
0
0
0
0
0
0
0
0
0
0
0
0
0
0
0
0
0
0
0
0
0
0
0
0
0
0
0
0
0
0
0
0
0
0
0
0
0
0
0
0
8.09169082558e-39
4.35296998107e-38
200
200
200
200
200
200
200
200
200
200
200
1.18448891431e-40
1.18448891431e-40
1.18448891431e-40
0
0
0
0
0
0
0
0
0
0
0
0
0
0
4.90776712641e-37
5.08504147512e-36
3.62308060848e-35
8.97717532748e-34
0
0
0
0
0
0
0
0
0
0
0
0
0
0
0
0
0
0
0
0
0
0
0
0
0
0
0
0
0
0
0
0
0
0
0
0
0
0
0
0
0
0
0
0
0
0
0
0
0
0
0
0
0
0
0
0
0
0
0
0
0
0
0
4.10763518586e-38
200
200
200
200
200
200
200
200
200
200
0
1.06604002288e-40
1.18448891431e-40
1.18448891431e-40
1.18448891431e-40
0
0
0
0
0
0
0
0
0
0
0
0
5.30060997915e-39
8.97170005526e-37
9.17444067273e-36
4.58571254186e-35
1.6215974104e-33
0
0
0
0
0
0
0
0
0
0
0
0
0
0
0
0
0
0
0
0
0
0
0
0
0
0
0
0
0
0
0
0
0
0
0
0
0
0
0
0
0
0
0
0
0
0
0
0
0
0
0
0
0
0
0
0
0
0
0
0
0
0
0
3.75487001285e-38
200
200
200
200
200
200
200
200
200
200
0
0
1.06604002288e-40
1.18448891431e-40
1.18448891431e-40
0
0
0
0
0
0
0
0
0
0
0
0
1.56888800396e-37
1.52244120226e-36
1.18082830688e-35
4.98563800663e-35
2.69090548565e-33
0
0
0
0
0
0
0
0
0
0
0
0
0
0
0
0
0
0
0
0
0
0
0
0
0
0
0
0
0
0
0
0
0
0
0
0
0
0
0
0
0
0
0
0
0
0
0
0
0
0
0
0
0
0
0
0
0
0
0
0
0
0
0
0
200
200
200
200
200
200
200
200
200
0
0
0
0
1.18448891431e-40
1.18448891431e-40
1.18448891431e-40
0
0
0
0
0
0
0
0
0
0
0
3.20942332506e-37
3.20985893437e-36
1.56585398005e-35
1.04102913737e-34
3.77225141766e-33
0
0
0
0
0
0
0
0
0
0
0
0
0
0
0
0
0
0
0
0
0
0
0
0
0
0
0
0
0
0
0
0
0
0
0
0
0
0
0
0
0
0
0
0
0
0
0
0
0
0
0
0
0
0
0
0
0
0
0
0
0
0
0
0
200
200
200
200
200
200
200
200
0
0
0
0
0
0
1.18448891431e-40
1.18448891431e-40
0
0
0
0
0
0
0
0
0
0
8.29795478484e-38
6.04513359867e-37
3.69195079201e-36
1.49607319183e-35
2.31283436494e-34
5.8466620757e-33
0
0
0
0
0
0
0
0
0
0
0
0
0
0
0
0
0
0
0
0
0
0
0
0
0
0
0
0
0
0
0
0
0
0
0
0
0
0
0
0
0
0
0
0
0
0
0
0
0
0
0
0
0
0
0
0
0
0
0
0
0
0
0
0
200
200
200
200
200
200
200
0
0
0
0
0
0
0
0
1.18448891431e-40
0
0
0
0
0
0
0
0
0
0
2.32820031041e-37
1.23946094169e-36
4.29776426233e-36
1.04528371686e-35
2.7301192599e-34
8.71580219162e-33
0
0
0
0
0
0
0
0
0
0
0
0
0
0
0
0
0
0
0
0
0
0
0
0
0
0
0
0
0
0
0
0
0
0
0
0
0
0
0
0
0
0
0
0
0
0
0
0
0
0
0
0
0
0
0
0
0
0
0
0
0
0
0
25.1854633463
200
200
200
200
200
200
0
0
0
0
0
0
0
0
0
0
0
0
0
0
0
0
0
0
0
9.18755873773e-38
3.42449524496e-37
1.37666066776e-36
2.54838553552e-36
2.34177366677e-35
4.17976420775e-34
1.23475545951e-32
0
0
0
0
0
0
0
0
0
0
0
0
0
0
0
0
0
0
0
0
0
0
0
0
0
0
0
0
0
0
0
0
0
0
0
0
0
0
0
0
0
0
0
0
0
0
0
0
0
0
0
0
0
0
0
0
0
0
0
0
0
0
0
200
200
200
200
200
200
0
0
0
0
0
0
0
0
0
0
0
0
0
0
0
0
0
0
0
0
2.53158786306e-37
9.42193797304e-37
1.58270451653e-36
4.52722902324e-37
2.27171410321e-35
7.08884697687e-34
1.33007310594e-32
0
0
0
0
0
0
0
0
0
0
0
0
0
0
0
0
0
0
0
0
0
0
0
0
0
0
0
0
0
0
0
0
0
0
0
0
0
0
0
0
0
0
0
0
0
0
0
0
0
0
0
0
0
0
0
0
0
0
0
0
0
0
0
200
200
200
200
0
0
0
0
0
0
0
0
0
0
0
0
0
0
0
0
0
0
0
0
0
1.42951632083e-37
5.25773527599e-37
1.70983386103e-36
2.88941412476e-36
1.89215229033e-37
5.84155989722e-36
1.18503343302e-33
1.22667239744e-32
0
0
0
0
0
0
0
0
0
0
0
0
0
0
0
0
0
0
0
0
0
0
0
0
0
0
0
0
0
0
0
0
0
0
0
0
0
0
0
0
0
0
0
0
0
0
0
0
0
0
0
0
0
0
0
0
0
0
0
0
0
0
0
200
0
0
0
0
0
0
0
0
0
0
0
0
0
0
0
0
0
0
0
0
0
0
0
9.56048495474e-38
2.48076855699e-37
6.76916293871e-37
1.61852083586e-36
1.8324888166e-36
5.71144936704e-36
2.29453140548e-35
5.99751927453e-34
6.61963962962e-33
0
0
0
0
0
0
0
0
0
0
0
0
0
0
0
0
0
0
0
0
0
0
0
0
0
0
0
0
0
0
0
0
0
0
0
0
0
0
0
0
0
0
0
0
0
0
0
0
0
0
0
0
0
0
0
0
0
0
0
0
0
0
0
0
0
0
0
0
0
0
0
0
0
0
0
0
0
0
0
0
0
0
0
0
0
0
6.45154841224e-38
3.18420313018e-37
4.92743612451e-37
6.89307322898e-37
7.1702397759e-37
3.35699180198e-35
4.17717458657e-35
7.8047643289e-35
4.47583627717e-34
1.05887720415e-32
2.73611779244e-41
0
0
0
0
0
0
0
0
0
0
0
0
0
0
0
0
0
0
0
0
0
0
0
0
0
0
0
0
0
0
0
0
0
0
0
0
0
0
0
0
0
0
0
0
0
0
0
0
0
0
0
0
0
0
0
0
0
0
0
0
0
0
0
0
0
0
0
0
0
0
0
0
0
0
0
0
0
0
0
0
0
0
0
0
5.73481599295e-38
3.48649381543e-37
5.25464332031e-37
5.73484750781e-37
1.141040218e-36
8.3236543034e-36
9.29473931138e-36
1.40237430767e-35
3.30081148588e-35
1.93619361596e-34
6.18609284214e-33
200
200
6.58855033703e-41
0
0
0
0
0
0
0
0
0
0
0
0
0
0
0
0
0
0
0
0
0
0
0
0
0
0
0
0
0
0
0
0
0
0
0
0
0
0
0
0
0
0
0
0
0
0
0
0
0
0
0
0
0
0
0
0
0
0
0
0
0
0
0
0
0
0
0
0
0
0
0
0
0
0
0
0
0
0
0
0
0
9.10377183631e-38
3.8894851334e-37
3.85614968889e-37
7.1471200032e-37
3.45900534138e-36
3.07688629155e-36
3.32515041447e-36
5.28513160698e-36
9.29634455763e-36
2.26003418642e-35
1.26463280183e-34
5.68040348048e-33
200
200
200
200
200
0
0
0
0
0
0
0
0
0
0
0
0
0
0
0
0
0
0
0
0
0
0
0
0
0
0
0
0
0
0
0
0
0
0
0
0
0
0
0
0
0
0
0
0
0
0
0
0
0
0
0
0
0
0
0
0
0
0
0
0
0
0
0
0
0
0
0
0
0
0
0
0
0
0
3.96291970097e-40
4.40324411219e-40
2.77843078666e-40
4.43058891973e-38
3.066194988e-37
3.98982189859e-37
3.8939590479e-37
2.01548803665e-36
1.92328527096e-36
1.95846572298e-36
2.27704294163e-36
2.8901761827e-36
3.87353382281e-36
5.44510884957e-36
9.82735629965e-36
4.93630544952e-35
4.02733950567e-33
200
200
200
200
200
39.3677858179
4.50486671576e-40
0
0
0
0
0
0
0
0
0
0
0
0
0
0
0
0
0
0
0
0
0
0
0
0
0
0
0
0
0
0
0
0
0
0
0
0
0
0
0
0
0
0
0
0
0
0
0
0
0
0
0
0
0
0
0
0
0
0
0
0
0
0
0
0
0
0
1.71349156263e-37
2.18507675882e-37
1.43663112155e-36
2.19250252426e-36
4.86734685009e-36
6.42193011853e-36
7.40996935523e-36
7.95106163144e-36
5.42951371525e-36
1.01617384591e-36
3.4539036736e-37
1.93879664422e-36
1.42840914505e-36
1.35587496243e-36
1.52250844275e-36
1.79236453495e-36
2.08925976007e-36
2.49716764344e-36
3.10326762223e-36
3.91517458031e-36
5.35580964253e-36
1.15437893692e-35
2.39318163145e-33
200
200
200
200
5.35009518552e-30
3.30120191574e-34
2.44379433952e-33
6.90199399738e-34
1.19602334891e-40
0
0
0
0
0
0
0
0
0
0
0
0
0
0
0
0
0
0
0
0
0
0
0
0
0
0
0
0
0
0
0
0
0
0
0
0
0
0
0
0
0
0
0
0
0
0
0
0
0
0
0
0
0
0
0
0
0
0
0
0
0
0
1.86076858567e-36
9.84841690912e-36
2.00893940042e-35
3.07188962663e-35
3.6624873913e-35
3.94194364924e-35
4.40616354416e-35
3.93375605278e-35
3.53071826555e-35
2.48444752946e-35
9.70180806887e-36
4.02503535407e-36
1.78375636418e-36
1.22345372836e-36
1.22144476283e-36
1.34813496111e-36
1.49436312051e-36
1.68593102386e-36
1.9183952336e-36
2.21421243548e-36
2.60397661236e-36
3.0925441385e-36
3.76764808744e-36
5.19028060756e-36
1.12999787837e-33
200
200
200
3.51019745122e-30
5.10936724219e-33
5.5906161733e-34
8.67784013123e-35
5.92985903127e-37
1.23992439311e-36
1.29056222064e-38
0
0
0
0
0
0
0
0
0
0
0
0
0
0
0
0
0
0
0
0
0
0
0
0
0
0
0
0
0
0
0
0
0
0
0
0
0
0
0
0
0
0
0
0
0
0
0
0
0
0
0
0
0
0
0
0
0
0
0
0
0
9.04155939636e-36
2.61500555466e-35
2.82829639069e-35
2.92969644282e-35
3.18318087347e-35
3.40704709509e-35
3.61937151835e-35
3.69066369832e-35
3.51535032249e-35
3.1519529321e-35
2.52630083995e-35
5.39139398784e-36
2.07266384764e-36
1.54339371703e-36
1.39224603361e-36
1.40932948541e-36
1.49366436713e-36
1.63245015119e-36
1.80822522765e-36
2.02707801596e-36
2.29389783054e-36
2.61557265258e-36
3.00624518019e-36
3.58944555042e-36
4.54488999542e-34
200
50.4480172936
1.35992241297e-30
8.65275842216e-33
8.03717886822e-34
2.79221849694e-35
1.53101026278e-36
3.88974182167e-37
2.29558397957e-37
5.33535095829e-37
7.319235478e-37
5.38955617001e-40
0
0
0
0
0
0
0
0
0
0
0
0
0
0
0
0
0
0
0
0
0
0
0
0
0
0
0
0
0
0
0
0
0
0
0
0
0
0
0
0
0
0
0
0
0
0
0
0
0
0
0
0
0
0
0
0
0
0
0
2.07396785958e-35
3.03199054029e-35
3.16553071553e-35
3.26877481634e-35
3.42988311416e-35
3.57137593027e-35
3.72684145912e-35
3.8300457842e-35
3.96936633052e-35
4.02050590005e-35
3.74057999244e-35
1.66616438034e-35
3.39565671926e-36
2.03565978057e-36
1.62108202382e-36
1.52442937878e-36
1.54393560453e-36
1.62303178218e-36
1.74858923573e-36
1.91123115091e-36
2.10162682488e-36
2.32490438472e-36
2.57569293599e-36
2.90757750232e-36
1.68912684093e-34
2.87287122519e-29
5.04350280361e-31
1.18693531602e-32
9.4677597587e-34
5.86666490806e-35
2.14891051304e-36
5.31903519e-37
3.07300429492e-37
2.55122092044e-37
3.14932092268e-37
2.54994262636e-37
4.32005613537e-37
6.4030236755e-39
0
0
0
0
0
0
0
0
0
0
0
0
0
0
0
0
0
0
0
0
0
0
0
0
0
0
0
0
0
0
0
0
0
0
0
0
0
0
0
0
0
0
0
0
0
0
0
0
0
0
0
0
0
0
0
0
0
0
1.88446680958e-35
3.32910666512e-35
3.36916435425e-35
3.60505721455e-35
3.73258477927e-35
3.81703284549e-35
3.92591193403e-35
4.03804722075e-35
4.21137889527e-35
4.5075562352e-35
4.73593437918e-35
3.07957783432e-35
5.33926282937e-36
2.61047442916e-36
1.92746408928e-36
1.6940344301e-36
1.63702933084e-36
1.66063963304e-36
1.73964378922e-36
1.8525418678e-36
1.99178501705e-36
2.15331586569e-36
2.32592360323e-36
2.5423894435e-36
5.01538782048e-35
1.46403497203e-31
1.27995071468e-32
1.21815894875e-33
9.3511743565e-35
2.77791220749e-36
4.78705270146e-37
3.03308305502e-37
2.2960988284e-37
2.06602558161e-37
2.06575460854e-37
1.9072053467e-37
1.67132605732e-37
3.88759162656e-37
1.02971772241e-37
0
0
0
0
0
0
0
0
0
0
0
0
0
0
0
0
0
0
0
0
0
0
0
0
0
0
0
0
0
0
0
0
0
0
0
0
0
0
0
0
0
0
0
0
0
0
0
0
0
0
0
0
0
0
0
0
0
0
5.08298923547e-35
3.94675927068e-35
4.16296741638e-35
4.21983597243e-35
4.22261247111e-35
4.27961049996e-35
4.35170814077e-35
4.52860781098e-35
4.73912724955e-35
5.15111284519e-35
4.4628321458e-35
1.14541935362e-35
3.40273384573e-36
2.2880482683e-36
1.90431129491e-36
1.76808405881e-36
1.73980098601e-36
1.77134146002e-36
1.85327083888e-36
1.95671361082e-36
2.07608182266e-36
2.19932852232e-36
200
200
1.53694602654e-32
1.5249804413e-33
1.37715886478e-34
9.66002547277e-37
3.74331959295e-37
2.5788405673e-37
2.06648894556e-37
1.85942302345e-37
1.67301735715e-37
1.67274638408e-37
1.67211076824e-37
1.8579008536e-37
2.62153785552e-37
6.37836576931e-37
3.25975652304e-37
0
0
0
0
0
0
0
0
0
0
0
0
0
0
0
0
0
0
0
0
0
0
0
0
0
0
0
0
0
0
0
0
0
0
0
0
0
0
0
0
0
0
0
0
0
0
0
0
0
0
0
0
0
0
0
0
0
8.51409561396e-35
5.47662230945e-35
5.25434316703e-35
4.99523460875e-35
4.82181774528e-35
4.75409824773e-35
4.7903492954e-35
4.85767835437e-35
5.03139925961e-35
5.2892026585e-35
5.65095740526e-35
2.11476923708e-35
4.45870994761e-36
2.71202757837e-36
2.15626952465e-36
1.93202975076e-36
1.84433517362e-36
1.84619353166e-36
1.88853881518e-36
1.96402142595e-36
200
200
200
200
2.5151354756e-33
1.77174235422e-34
3.51768643747e-37
2.7591293371e-37
2.20811624021e-37
1.85762247058e-37
1.58486000615e-37
1.48739084188e-37
1.35492457111e-37
1.35468069534e-37
1.45857400659e-37
1.65330366528e-37
2.18342732044e-37
4.90970613649e-37
1.20440255244e-35
1.53116618419e-36
0
0
0
0
0
0
0
0
0
0
0
0
0
0
0
0
0
0
0
0
0
0
0
0
0
0
0
0
0
0
0
0
0
0
0
0
0
0
0
0
0
0
0
0
0
0
0
0
0
0
0
0
0
0
0
0
9.06293139579e-35
7.44863009026e-35
6.558404074e-35
6.01594178689e-35
5.58995156949e-35
5.40075253903e-35
5.2824259951e-35
5.25762474084e-35
5.33963158557e-35
5.51184272032e-35
6.35699093792e-35
3.08227480173e-35
5.68447690338e-36
3.18021842865e-36
2.43781542575e-36
2.12354967673e-36
1.99314337393e-36
1.95368605917e-36
200
200
200
200
200
200
2.46794875072e-34
2.19737984866e-37
1.98221367336e-37
1.74325604838e-37
1.50983469547e-37
1.35528806549e-37
1.219432114e-37
1.18313347821e-37
1.11247848538e-37
1.13221680933e-37
1.21869777697e-37
1.35377410643e-37
1.85682408234e-37
3.01466676125e-33
1.07390333846e-33
3.37336623178e-34
2.62321257738e-36
0
0
0
0
0
0
0
0
0
0
0
0
0
0
0
0
0
0
0
0
0
0
0
0
0
0
0
0
0
0
0
0
0
0
0
0
0
0
0
0
0
0
0
0
0
0
0
0
0
0
0
0
0
0
0
9.55389103537e-35
9.21523417845e-35
7.91740275979e-35
7.15479785445e-35
6.60186551414e-35
6.15092592363e-35
5.85360378141e-35
5.69632426093e-35
5.65705914685e-35
5.71895570319e-35
6.38839165943e-35
3.56347234725e-35
6.81975828907e-36
3.67343694686e-36
2.743819626e-36
2.3458661824e-36
200
200
200
200
200
200
200
200
1.51190497946e-37
1.44916071816e-37
1.36270902126e-37
1.25556919622e-37
1.15537731166e-37
1.0821880302e-37
9.87364687536e-38
9.7907982726e-38
9.4459821455e-38
9.68089395588e-38
9.86630350515e-38
1.11778884654e-37
4.75650107891e-28
2.03992557186e-27
2.95946967533e-29
2.18046975977e-31
8.63134644181e-33
7.20516449537e-37
0
0
0
0
0
0
0
0
0
0
0
0
0
0
0
0
0
0
0
0
0
0
0
0
0
0
0
0
0
0
0
0
0
0
0
0
0
0
0
0
0
0
0
0
0
0
0
0
0
0
0
0
0
0
8.23629746314e-35
1.0730408866e-34
9.08857465782e-35
8.23270066733e-35
7.58198057879e-35
6.94922148229e-35
6.4713279165e-35
6.13201072096e-35
5.93443443556e-35
5.84855176803e-35
6.33292191086e-35
3.44984863137e-35
200
200
200
200
200
200
200
200
200
200
200
200
1.10384124146e-37
1.07034494097e-37
1.02882219117e-37
9.82188351985e-38
9.17499496533e-38
8.81682743592e-38
8.19336917951e-38
7.99170583917e-38
7.99170583917e-38
7.98926708154e-38
8.30903098645e-38
1.74447493114e-22
200
200
200
9.66652541154e-26
4.59412845216e-30
4.66954350031e-32
1.1758642682e-37
0
0
0
0
0
0
0
0
0
0
0
0
0
0
0
0
0
0
0
0
0
0
0
0
0
0
0
0
0
0
0
0
0
0
0
0
0
0
0
0
0
0
0
0
0
0
0
0
0
0
0
0
0
5.83800186445e-35
1.17355532161e-34
200
200
200
200
200
200
200
200
200
200
200
200
200
200
200
200
200
200
200
200
200
200
8.68385566282e-38
8.55493138692e-38
8.31283691021e-38
7.99861223252e-38
7.6524551701e-38
7.19397531725e-38
7.03413707763e-38
6.7249046763e-38
6.56053629531e-38
6.65532377448e-38
7.13381075896e-38
200
200
200
200
200
200
8.29239747836e-29
3.78233019859e-32
3.05737292669e-40
0
0
0
0
0
0
0
0
0
0
0
0
0
0
0
0
0
0
0
0
0
0
0
0
0
0
0
0
0
0
0
0
0
0
0
0
0
0
0
0
0
0
0
0
0
0
0
0
0
0
0
0
200
200
200
200
200
200
200
200
200
200
200
200
200
200
200
200
200
200
200
200
200
200
200
200
7.30751848507e-38
7.09317551441e-38
6.954322475e-38
6.74060065087e-38
6.42873318159e-38
6.16475602162e-38
5.87493823483e-38
5.74480185277e-38
5.65074572776e-38
5.70509034969e-38
5.82000542688e-38
6.46911145417e-38
200
200
200
200
200
200
6.71421344173e-29
7.9145724926e-34
0
0
0
0
0
0
0
0
0
0
0
0
0
0
0
0
0
0
0
0
0
0
0
0
0
0
0
0
0
0
0
0
0
0
0
0
0
0
0
0
0
0
0
0
0
0
0
0
0
0
0
200
200
200
200
200
200
200
200
200
200
200
200
200
200
200
200
200
200
200
200
200
200
200
200
200
6.16238389965e-38
6.07769818251e-38
5.87964136154e-38
5.63163858351e-38
5.46447612053e-38
5.13992390135e-38
4.98043898729e-38
4.82742367039e-38
4.72610959893e-38
4.73294509899e-38
4.91729690912e-38
5.37088470926e-38
6.75461484075e-38
200
200
200
200
200
200
3.8359782956e-30
4.99803173935e-34
0
0
0
0
0
0
0
0
0
0
0
0
0
0
0
0
0
0
0
0
0
0
0
0
0
0
0
0
0
0
0
0
0
0
0
0
0
0
0
0
0
0
0
0
0
0
0
0
0
200
200
200
200
200
200
200
200
200
200
200
200
200
200
200
200
200
200
200
200
200
200
200
200
200
200
5.17955923956e-38
5.02711711398e-38
4.93157689123e-38
4.76136930113e-38
4.53530368582e-38
4.41955706415e-38
4.20015582898e-38
4.08142214536e-38
4.01777965808e-38
4.01255864282e-38
4.10508653735e-38
4.41469706002e-38
5.29840294449e-38
6.70141136511e-36
200
200
200
200
200
6.12080124839e-23
1.90636864073e-31
8.8767645135e-37
0
0
0
0
0
0
0
0
0
0
0
0
0
0
0
0
0
0
0
0
0
0
0
0
0
0
0
0
0
0
0
0
0
0
0
0
0
0
0
0
0
0
0
0
0
0
0
0
200
200
200
200
200
200
200
200
200
200
200
200
200
200
200
200
200
200
200
200
200
200
200
200
200
200
4.34816296006e-38
4.26613108252e-38
4.17869341034e-38
4.04754070475e-38
3.92382129241e-38
3.74901298191e-38
3.63687849347e-38
3.55221322029e-38
3.47134855377e-38
3.42607845406e-38
3.48906778046e-38
3.63856870418e-38
4.12175516795e-38
2.25014937928e-36
9.08221590974e-35
200
200
200
200
200
1.46521549481e-28
4.23282410532e-34
7.99195186574e-38
0
0
0
0
0
0
0
0
0
0
0
0
0
0
0
0
0
0
0
0
0
0
0
0
0
0
0
0
0
0
0
0
0
0
0
0
0
0
0
0
0
0
0
0
0
0
200
200
200
200
200
200
200
200
200
200
200
200
200
200
200
200
200
200
200
200
200
200
200
200
200
200
200
3.81889380268e-38
3.73676180593e-38
3.64704350406e-38
3.55202708683e-38
3.43778989714e-38
3.29785027486e-38
3.23190598483e-38
3.12269991397e-38
3.0141314234e-38
2.98112231028e-38
2.98152333798e-38
3.04953637073e-38
3.30550022999e-38
6.33650395816e-38
4.37192595036e-35
8.08581269444e-35
200
200
200
200
1.46812960456e-20
5.61930368696e-34
5.75291298407e-34
0
0
0
0
0
0
0
0
0
0
0
0
0
0
0
0
0
0
0
0
0
0
0
0
0
0
0
0
0
0
0
0
0
0
0
0
0
0
0
0
0
0
0
0
0
0
200
200
200
200
200
200
200
200
200
200
200
200
200
200
200
200
200
200
200
200
200
200
200
200
200
200
200
3.43988560376e-38
3.36555610414e-38
3.2907550227e-38
3.20030075443e-38
3.1069188512e-38
2.98693868591e-38
2.91257965506e-38
2.78686560645e-38
2.67800822777e-38
2.63218943716e-38
2.6067968064e-38
2.62635434167e-38
2.74398060302e-38
3.28374139777e-38
1.12452783458e-35
1.14703770858e-34
7.21927248741e-35
1.04862859961e-34
200
200
200
4.32986881533e-34
8.65688079515e-34
5.84982217624e-34
0
0
0
0
0
0
0
0
0
0
0
0
0
0
0
0
0
0
0
0
0
0
0
0
0
0
0
0
0
0
0
0
0
0
0
0
0
0
0
0
0
0
0
0
200
200
200
200
200
200
200
200
200
200
200
200
200
200
200
200
200
200
200
200
200
200
200
200
200
200
200
200
3.18146088598e-38
3.10180105075e-38
3.04485774206e-38
2.95061339778e-38
2.84576620532e-38
2.74924053565e-38
2.62913812504e-38
2.5134178309e-38
2.3941409925e-38
2.33534171717e-38
2.26557904494e-38
2.23950913012e-38
2.31258699039e-38
2.54267574387e-38
1.9914240737e-36
5.79120839554e-35
6.90500751012e-35
1.05562224171e-34
1.53835349336e-34
2.0554487214e-34
3.09443407792e-34
4.23868821128e-34
6.76232906491e-34
1.53128230293e-33
8.0130310956e-33
0
0
0
0
0
0
0
0
0
0
0
0
0
0
0
0
0
0
0
0
0
0
0
0
0
0
0
0
0
0
0
0
0
0
0
0
0
0
0
0
0
0
0
200
200
200
200
200
200
200
200
200
200
200
200
200
200
200
200
200
200
200
200
200
200
200
200
200
200
200
200
2.99667940235e-38
2.91275485618e-38
2.84950087505e-38
2.76144239573e-38
2.65087158697e-38
2.53671133337e-38
2.40525378337e-38
2.27452047766e-38
2.14726769619e-38
2.04968091939e-38
1.95845563894e-38
1.91672419475e-38
1.91319453577e-38
2.00662342522e-38
2.67174964044e-38
1.09024116087e-35
6.36233995124e-35
8.35612307356e-35
1.7425128582e-34
2.63576227021e-34
3.95344241045e-34
5.3753294325e-34
8.2626649374e-34
2.06650745864e-33
5.8838527974e-33
4.17888873761e-34
0
0
0
0
0
0
0
0
0
0
0
0
0
0
0
0
0
0
0
0
0
0
0
0
0
0
0
0
0
0
0
0
0
0
0
0
0
0
0
0
0
0
200
200
200
200
200
200
200
200
200
200
200
200
200
200
200
200
200
200
200
200
200
200
200
200
200
200
200
200
2.88581020507e-38
2.77933728972e-38
2.70956298197e-38
2.61617102923e-38
2.47933076159e-38
2.3559897148e-38
2.21051513101e-38
2.06139335679e-38
1.93054296506e-38
1.81330993312e-38
1.71577385154e-38
1.64133377507e-38
1.58428596662e-38
1.58710667439e-38
1.72675808688e-38
9.37852840141e-37
1.81855559473e-35
4.16135243214e-35
9.38535324699e-35
1.78057168934e-34
3.47072348423e-34
6.03982469474e-34
1.09292048232e-33
1.40808992778e-33
1.45400329737e-33
3.63392332084e-33
0
0
0
0
0
0
0
0
0
0
0
0
0
0
0
0
0
0
0
0
0
0
0
0
0
0
0
0
0
0
0
0
0
0
0
0
0
0
0
0
0
0
200
200
200
200
200
200
200
200
200
200
200
200
200
200
200
200
200
200
200
200
200
200
200
200
200
200
200
200
2.85229131925e-38
2.71368054089e-38
2.62437060992e-38
2.50660984203e-38
2.36400870434e-38
2.20821193163e-38
2.0477472085e-38
1.89583213389e-38
1.74928196062e-38
1.62361351773e-38
1.52321247904e-38
1.43389469689e-38
1.3785399034e-38
1.32989359939e-38
1.33023847501e-38
1.50436510239e-38
2.46279324917e-36
1.20984316655e-35
2.7213395825e-35
6.22981404323e-35
1.19295310066e-34
2.45807497129e-34
4.6119253317e-34
7.57595884572e-34
9.46775885987e-34
1.48952160603e-33
9.60775315361e-33
1.72719626708e-26
0
0
0
0
0
0
0
0
0
0
0
0
0
0
0
0
0
0
0
0
0
0
0
0
0
0
0
0
0
0
0
0
0
0
0
0
0
0
0
200
200
200
200
200
200
200
200
200
200
200
200
200
200
200
200
200
200
200
200
200
200
200
200
200
200
200
200
200
2.93745446018e-38
2.72893374675e-38
2.60728568478e-38
2.46588012773e-38
2.28363927811e-38
2.10758390379e-38
1.93144563386e-38
1.76019015621e-38
1.61339308211e-38
1.47997439656e-38
1.37230130855e-38
1.28975167273e-38
1.21134162245e-38
1.13752139924e-38
1.10655683936e-38
1.10886066773e-38
2.13959174469e-38
2.05920775697e-36
5.275705644e-36
1.20994500841e-35
2.59512318573e-35
5.50545962017e-35
1.117165007e-34
2.35857011958e-34
4.43201740782e-34
9.27849463951e-34
1.20145981753e-26
127.979147608
0
0
0
0
0
0
0
0
0
0
0
0
0
0
0
0
0
0
0
0
0
0
0
0
0
0
0
0
0
0
0
0
0
0
0
0
0
0
0
200
200
200
200
200
200
200
200
200
200
200
200
200
200
200
200
200
200
200
200
200
200
200
200
200
200
200
200
200
200
2.9029937182e-38
2.6916899701e-38
2.46508900822e-38
2.25306232083e-38
2.04272978596e-38
1.85101315735e-38
1.67244177921e-38
1.51965740336e-38
1.38284586446e-38
1.27669348673e-38
1.17184068845e-38
1.0815743423e-38
1.00026769633e-38
9.17534466755e-39
8.72788997573e-39
8.77199697144e-39
1.21004939465e-37
1.0281484405e-36
2.13562742571e-36
4.13509542921e-36
7.35118582174e-36
1.3994016417e-35
3.61212714919e-35
1.48601951894e-34
4.24519220604e-32
4.14713531942e-26
4.07554878551e-34
71.9351369511
0
0
0
0
0
0
0
0
0
0
0
0
0
0
0
0
0
0
0
0
0
0
0
0
0
0
0
0
0
0
0
0
0
0
0
0
0
0
200
200
200
200
200
200
200
200
200
200
200
200
200
200
200
200
200
200
200
200
200
200
200
200
200
200
200
200
200
6.98654454661e-24
3.38335473743e-38
2.95853293563e-38
2.58343039295e-38
2.28315735951e-38
2.02375541976e-38
1.79932520293e-38
1.60670300189e-38
1.43244553404e-38
1.31082969605e-38
1.18907319562e-38
1.08161622746e-38
9.74876304286e-39
8.72317542201e-39
7.77125971738e-39
6.99241171968e-39
6.48660923937e-39
6.65716602672e-39
1.09395101271e-37
3.43017472426e-37
6.28949334057e-37
1.04301831836e-36
1.51713036566e-36
2.10030190903e-36
3.76902501782e-36
1.81928640583e-35
1.27895240904e-34
1.55487746428e-35
200
0
0
0
0
0
0
0
0
0
0
0
0
0
0
0
0
0
0
0
0
0
0
0
0
0
0
0
0
0
0
0
0
0
0
0
0
0
200
200
200
200
200
200
200
200
200
200
200
200
200
200
200
200
200
200
200
200
200
200
200
200
200
200
200
200
200
200
1.62933999962e-32
4.81485791116e-38
3.62336690299e-38
2.85950959874e-38
2.37991070729e-38
2.0393973356e-38
1.77979900537e-38
1.55969981498e-38
1.39386963319e-38
1.24948353988e-38
1.12666166897e-38
1.0128745228e-38
8.96648818264e-39
7.79626292698e-39
6.75371028317e-39
5.90442011112e-39
5.17678893934e-39
4.64269286559e-39
5.97467158452e-39
3.84584637233e-38
7.13757044709e-38
1.23741960692e-37
1.78615876774e-37
1.6635742346e-37
1.18897103591e-37
3.53819888819e-38
3.09077803109e-38
1.34579969663e-38
2.09562862353e-37
200
0
0
0
0
0
0
0
0
0
0
0
0
0
0
0
0
0
0
0
0
0
0
0
0
0
0
0
0
0
0
0
0
0
0
0
0
200
200
200
200
200
200
200
200
200
200
200
200
200
200
200
200
200
200
200
200
200
200
200
200
200
200
200
200
200
200
1.206125315e-31
1.45523090529e-29
194.512449586
3.37307073705e-38
2.53735333431e-38
2.08723848682e-38
1.77551728881e-38
1.53727682891e-38
1.36461717064e-38
1.21872433937e-38
1.08307143061e-38
9.65536922458e-39
8.45773460891e-39
7.26265599309e-39
6.20252705781e-39
5.23896830613e-39
4.15075568776e-39
2.68760202293e-39
2.91471381375e-39
5.17805056852e-39
9.50592778169e-39
1.33450892857e-38
1.27667038888e-38
7.28167208705e-39
9.48418239248e-39
1.32611804072e-38
2.2527947186e-38
3.82240812859e-38
2.55177118413e-37
3.54960196283e-36
0
0
0
0
0
0
0
0
0
0
0
0
0
0
0
0
0
0
0
0
0
0
0
0
0
0
0
0
0
0
0
0
0
0
0
2.73611779244e-41
200
200
200
200
200
200
200
200
200
200
200
200
200
200
200
200
200
200
200
200
200
200
200
200
200
200
200
200
200
200
4.38133635175e-31
1.41896610587e-32
1.58000583227e-26
200
9.01999461505e-22
2.14341325604e-38
1.76997800693e-38
1.5232683167e-38
1.34504766194e-38
1.1945931148e-38
1.06398121191e-38
9.39594116262e-39
8.09330373733e-39
6.90533370285e-39
5.75716647672e-39
4.54420955086e-39
3.22621239487e-39
1.72442881848e-39
3.05734902923e-40
5.46268487538e-40
6.38383425166e-40
7.24732667019e-40
1.62081430646e-39
2.35371300795e-39
3.88169109266e-39
8.08358355297e-39
2.02646544154e-38
7.77122790976e-38
4.32359528292e-37
3.89113077411e-37
1.29605579642e-41
0
0
0
0
0
0
0
0
0
0
0
0
0
0
0
0
0
0
0
0
0
0
0
0
0
0
0
0
0
0
0
0
0
0
200
200
200
200
200
200
200
200
200
200
200
200
200
200
200
200
200
200
200
200
200
200
200
200
200
200
200
200
200
200
200
3.48282930005e-31
3.69960818426e-31
3.81435650235e-31
7.40376193761e-31
1.54864310734e-25
200
200
1.58137080043e-38
1.36369542724e-38
1.20334950759e-38
1.06365556844e-38
9.35496037204e-39
7.8712378375e-39
6.73735077361e-39
5.55778935806e-39
4.58147162971e-39
3.3880513425e-39
1.62408065271e-39
3.05734902923e-40
4.93600850351e-40
6.23982805206e-40
7.10332047059e-40
8.96654284182e-40
2.10056316399e-39
2.96289045913e-39
6.2977248135e-39
1.82381889739e-38
3.82345793378e-38
7.20284094535e-38
2.95239240718e-39
2.10024798122e-36
0
0
0
0
0
0
0
0
0
0
0
0
0
0
0
0
0
0
0
0
0
0
0
0
0
0
0
0
0
0
0
0
0
0
200
200
200
200
200
200
200
200
200
200
200
200
200
200
200
200
200
200
200
200
200
200
200
200
200
200
200
200
200
200
199.999999931
)
;

boundaryField
{
    frontAndBack
    {
        type            empty;
    }
    leftWall
    {
        type            calculated;
        value           uniform 0;
    }
    outlet
    {
        type            calculated;
        value           uniform 0;
    }
    rightWall
    {
        type            calculated;
        value           uniform 0;
    }
    inlet
    {
        type            calculated;
        value           uniform 1.93718584267e-35;
    }
}


// ************************************************************************* //
