/*--------------------------------*- C++ -*----------------------------------*\
| =========                 |                                                 |
| \\      /  F ield         | OpenFOAM: The Open Source CFD Toolbox           |
|  \\    /   O peration     | Version:  v1906                                 |
|   \\  /    A nd           | Web:      www.OpenFOAM.com                      |
|    \\/     M anipulation  |                                                 |
\*---------------------------------------------------------------------------*/
FoamFile
{
    version     2.0;
    format      ascii;
    class       volScalarField;
    location    "720";
    object      alpha;
}
// * * * * * * * * * * * * * * * * * * * * * * * * * * * * * * * * * * * * * //

dimensions      [0 0 -1 0 0 0 0];


internalField   nonuniform List<scalar> 
9216
(
200
200
200
200
200
200
200
200
200
200
200
200
200
200
200
200
200
200
200
200
200
200
200
200
200
200
200
200
200
200
200
200
200
200
200
200
200
200
200
200
200
200
200
200
200
200
200
200
200
200
200
200
200
200
200
200
200
200
200
200
200
200
200
200
200
200
200
200
200
200
200
200
200
200
200
200
200
200
200
200
200
200
200
200
199.999989907
182.756207841
163.135866618
138.806163532
111.53619989
87.6750358526
66.3202168708
49.2495476811
35.4018694529
22.8033992215
13.0181414221
1.57381308315
200
200
200
200
200
200
200
200
200
200
200
200
200
200
200
200
200
200
200
200
200
200
200
200
200
200
200
200
200
200
200
200
200
200
200
200
200
200
200
200
200
200
200
200
200
200
200
200
200
200
200
200
200
200
200
200
200
200
200
200
200
200
200
200
200
200
200
200
200
200
200
200
200
200
200
200
200
200
200
200
200
200
200
200
200
195.895846948
176.379099104
151.06162016
127.352870767
100.382720426
76.7815816202
60.8694939898
47.872179682
31.2372317554
20.6028265279
15.4072258795
200
200
200
200
200
200
200
200
200
200
200
200
200
200
200
200
200
200
200
200
200
200
200
200
200
200
200
200
200
200
200
200
200
200
200
200
200
200
200
200
200
200
200
200
200
200
200
200
200
200
200
200
200
200
200
200
200
200
200
200
200
200
200
200
200
200
200
200
200
200
200
200
200
200
200
200
200
200
200
200
200
200
200
200
200
192.640297878
167.20663427
151.122110159
132.336217512
102.188740106
74.151634401
64.7380218494
47.4391810441
36.5110858546
31.9562706794
21.7310501519
200
200
200
200
200
200
200
200
200
200
200
200
200
200
200
200
200
200
200
200
200
200
200
200
200
200
200
200
200
200
200
200
200
200
200
200
200
200
200
200
200
200
200
200
200
200
200
200
200
200
200
200
200
200
200
200
200
200
200
200
200
200
200
200
200
200
200
200
200
200
200
200
200
200
200
200
200
200
200
200
200
200
200
200
200
185.807195222
164.769021614
149.233510479
125.155267759
106.639727533
86.280292028
62.6035702812
56.1441579807
46.8612210432
40.7850305955
28.4162289603
200
200
200
200
200
200
200
200
200
200
200
200
200
200
200
200
200
200
200
200
200
200
200
200
200
200
200
200
200
200
200
200
200
200
200
200
200
200
200
200
200
200
200
200
200
200
200
200
200
200
200
200
200
200
200
200
200
200
200
200
200
200
200
200
200
200
200
200
200
200
200
200
200
200
200
200
200
200
200
200
200
200
200
200
199.997661342
177.028926805
156.461690986
142.532112567
132.164916289
108.395399708
92.9128412917
72.2853589943
58.1948415221
56.9142813138
53.3097082346
40.9485304683
200
200
200
200
200
200
200
200
200
200
200
200
200
200
200
200
200
200
200
200
200
200
200
200
200
200
200
200
200
200
200
200
200
200
200
200
200
200
200
200
200
200
200
200
200
200
200
200
200
200
200
200
200
200
200
200
200
200
200
200
200
200
200
200
200
200
200
200
200
200
200
200
200
200
200
200
200
200
200
200
200
200
200
200
196.654445067
174.75972305
161.21715378
142.244305597
121.808935548
102.734838951
99.5496233876
87.0308730497
69.2628474683
66.057659673
65.1533833817
52.3301807142
200
200
200
200
200
200
200
200
200
200
200
200
200
200
200
200
200
200
200
200
200
200
200
200
200
200
200
200
200
200
200
200
200
200
200
200
200
200
200
200
200
200
200
200
200
200
200
200
200
200
200
200
200
200
200
200
200
200
200
200
200
200
200
200
200
200
200
200
200
200
200
200
200
200
200
200
200
200
200
200
200
200
200
200
191.797838386
172.801305576
156.701699656
141.554160911
121.590060387
112.210788892
98.0834206819
96.4604852253
87.1944744352
76.7104738035
76.4802316524
63.2119998285
200
200
200
200
200
200
200
200
200
200
200
200
200
200
200
200
200
200
200
200
200
200
200
200
200
200
200
200
200
200
200
200
200
200
200
200
200
200
200
200
200
200
200
200
200
200
200
200
200
200
200
200
200
200
200
200
200
200
200
200
200
200
200
200
200
200
200
200
200
200
200
200
200
200
200
200
200
200
200
200
200
200
200
200
187.65977299
171.266166178
152.392970134
137.463092598
124.946733763
117.800763373
108.866622921
99.2013630129
99.5078566327
86.5194027643
87.1466508156
73.9333576316
200
200
200
200
200
200
200
200
200
200
200
200
200
200
200
200
200
200
200
200
200
200
200
200
200
200
200
200
200
200
200
200
200
200
200
200
200
200
200
200
200
200
200
200
200
200
200
200
200
200
200
200
200
200
200
200
200
200
200
200
200
200
200
200
200
200
200
200
200
200
200
200
200
200
200
200
200
200
200
200
200
200
200
199.999999996
186.909226004
171.544894325
155.616032436
138.972192239
127.335335853
114.899393692
116.370663158
110.371741623
104.125225022
99.6341154891
96.0793703143
83.56068746
200
200
200
200
200
200
200
200
200
200
200
200
200
200
200
200
200
200
200
200
200
200
200
200
200
200
200
200
200
200
200
200
200
200
200
200
200
200
200
200
200
200
200
200
200
200
200
200
200
200
200
200
200
200
200
200
200
200
200
200
200
200
200
200
200
200
200
200
200
200
200
200
200
200
200
200
200
200
200
200
200
200
200
199.88536976
185.606333752
170.867019892
155.025622433
141.77679359
131.229708697
123.5126456
116.875331684
117.672325708
113.069256281
110.900750765
104.577589519
93.5673069584
200
200
200
200
200
200
200
200
200
200
200
200
200
200
200
200
200
200
200
200
200
200
200
200
200
200
200
200
200
200
200
200
200
200
200
200
200
200
200
200
200
200
200
200
200
200
200
200
200
200
200
200
200
200
200
200
200
200
200
200
200
200
200
200
200
200
198.691600897
177.479390642
147.790530325
127.509816984
128.649844167
146.029308687
167.02039497
184.549961852
195.647674288
199.82555431
200
199.975786687
199.731587138
200
200
200
200
198.680979835
184.275523255
167.387842994
154.352391914
144.450229459
138.499870518
131.475372163
126.156632297
119.020279723
120.70132574
122.842619013
113.084800275
101.438573482
200
200
200
200
200
200
200
200
200
200
200
200
200
200
200
200
200
200
200
200
200
200
200
200
200
200
200
200
200
200
200
200
200
200
200
200
200
200
200
200
200
200
200
200
200
200
200
200
200
200
200
200
200
200
200
200
200
200
200
200
200
200
35.2814301879
1.94916782381
0.238466880636
0.0419614387093
0.00927820952451
0.00284523526954
0.00154484999038
0.00161209249197
0.00271833227822
0.00615465147467
0.0173228653201
0.0593050302647
0.24693663387
1.26373615305
8.44957610137
78.9243061596
183.272705881
199.343174249
199.986334566
199.575485193
199.999032622
197.322552229
182.220512229
167.846320759
157.803213878
149.595344964
141.86577144
136.685994734
131.862633867
128.223095297
123.549707416
128.699853271
120.734911764
107.624630696
200
200
200
200
200
200
200
200
200
200
200
200
200
200
200
200
200
200
200
200
200
200
200
200
200
200
200
200
200
200
200
200
200
200
200
200
200
200
200
200
200
200
200
200
200
200
200
200
200
200
200
200
200
200
200
200
200
200
200
144.469323445
0.105838760105
0.000165247928064
9.69872960077e-06
1.59564836817e-06
3.86092753953e-07
1.13601482364e-07
4.52076107191e-08
3.09314145725e-08
3.62885346904e-08
6.17834885235e-08
1.33605269414e-07
3.48602103784e-07
1.07845642131e-06
3.91618030965e-06
1.66378760061e-05
8.69656953571e-05
0.000583745173268
0.00529794020242
0.0659081556889
1.12202691663
27.0759680701
176.071283144
199.446597013
195.833049304
181.002947327
171.225518608
161.89352099
153.221537092
145.681908659
140.68601234
135.932607397
132.453186623
130.305418397
132.491237542
127.186566195
113.134024544
200
200
200
200
200
200
200
200
200
200
200
200
200
200
200
200
200
200
200
200
200
200
200
200
200
200
200
200
200
200
200
200
200
200
200
200
200
200
200
200
200
200
200
200
200
200
200
200
200
200
200
200
200
200
200
200
200
89.7034074928
0.00331240955935
8.52506868599e-08
1.74232453821e-09
1.51714068107e-10
3.04413892513e-11
8.97509518349e-12
3.27264610369e-12
1.79972770786e-12
1.62703625838e-12
2.19212346298e-12
3.8445049334e-12
8.13593552196e-12
1.9967669373e-11
5.63166054592e-11
1.83035069622e-10
7.00606781218e-10
3.22630896968e-09
1.83759911552e-08
1.33357463316e-07
1.24734831849e-06
1.41719201624e-05
0.00020163673664
0.00400896190884
0.114220566255
4.6249851639
138.653022809
181.620074904
172.250721533
164.193230351
155.680131746
149.014371179
145.978711796
140.21007154
137.173533828
134.480749133
132.552375754
134.971428204
117.849114315
200
200
200
200
200
200
200
200
200
200
200
200
200
200
200
200
200
200
200
200
200
200
200
200
200
200
200
200
200
200
200
200
200
200
200
200
200
200
200
200
200
200
200
200
200
200
200
200
200
200
200
200
200
200
200
200
0.0246554672345
3.32453312932e-09
6.62340878837e-13
5.33813941882e-14
9.5659469178e-15
2.50879042989e-15
8.97904206431e-16
4.26998832947e-16
3.07510383141e-16
3.31700126224e-16
4.73938760056e-16
8.14647469352e-16
1.6238004442e-15
3.74285605258e-15
9.80724203246e-15
2.94194524679e-14
1.01767122146e-13
4.12586216925e-13
1.98418768148e-12
1.15996651918e-11
7.97529439024e-11
6.69155508823e-10
7.00989928177e-09
9.64862523889e-08
1.77322243687e-06
3.93822396396e-05
0.00116562648146
0.0459458588695
1.93197266932
112.836999861
161.460360959
157.70568427
154.089431694
150.241008358
144.468424346
141.062631598
137.70883316
135.881707853
140.149196958
121.836705793
200
200
200
200
200
200
200
200
200
200
200
200
200
200
200
200
200
200
200
200
200
200
200
200
200
200
200
200
200
200
200
200
200
200
200
200
200
200
200
200
200
200
200
200
200
200
200
200
200
200
200
200
200
200
23.0106703628
2.47623031022e-09
7.095038605e-15
6.20845513751e-17
8.14044267875e-18
1.95245774734e-18
6.67473823587e-19
2.93103132278e-19
1.68425147888e-19
1.4138675635e-19
1.65742298119e-19
2.43952582682e-19
4.21208099895e-19
8.31050524352e-19
1.83390874528e-18
4.60861929502e-18
1.30667299313e-17
4.20250109644e-17
1.53604618855e-16
6.35160092319e-16
3.04183558148e-15
1.7115069669e-14
1.13281373178e-13
8.92473186254e-13
8.58887315188e-12
1.00668469593e-10
1.47633879044e-09
2.84698684725e-08
7.36598040754e-07
2.2025593582e-05
0.000705053175377
0.0362179441721
3.31896872346
141.483027032
158.458256898
152.126711887
146.677916648
143.647135529
141.402058012
138.420489239
141.225666744
124.746877918
200
200
200
200
200
200
200
200
200
200
200
200
200
200
200
200
200
200
200
200
200
200
200
200
200
200
200
200
200
200
200
200
200
200
200
200
200
200
200
200
200
200
200
200
200
200
200
200
200
200
200
200
200
3.32155836414
1.29916976304e-15
5.58911787617e-19
2.83612492611e-20
5.16290963081e-21
1.44656938984e-21
5.58045153644e-22
2.76349347113e-22
1.73489941762e-22
1.52157434716e-22
1.79474138994e-22
2.62133190942e-22
4.43534500153e-22
8.45102718805e-22
1.82022627888e-21
4.41256311554e-21
1.18023064748e-20
3.57698321551e-20
1.22986941416e-19
4.73387192238e-19
2.02749596468e-18
9.85423981716e-18
5.48239030471e-17
3.4155794515e-16
2.44626916709e-15
2.11016781379e-14
2.18200912985e-13
2.75445365239e-12
4.28235717751e-11
8.4763363473e-10
1.86154843846e-08
5.36663916759e-07
2.12646628844e-05
0.00144649508237
0.197605659061
48.5020879607
149.189065594
148.752558121
145.039723269
143.32198949
140.396083541
141.514412848
126.4666228
200
200
200
200
200
200
200
200
200
200
200
200
200
200
200
200
200
200
200
200
200
200
200
200
200
200
200
200
200
200
200
200
200
200
200
200
200
200
200
200
200
200
200
200
200
200
200
200
200
200
200
200
0.87657637199
8.12724074e-20
5.57775970527e-22
5.66026823453e-23
1.17599175334e-23
3.41680056967e-24
1.31120789473e-24
6.12177420513e-25
3.73436114808e-25
3.0716069872e-25
3.43475610115e-25
4.89258086081e-25
8.78140758141e-25
1.70139832213e-24
3.65635973117e-24
8.57568355596e-24
2.25144214463e-23
6.59592950138e-23
2.13364352927e-22
7.48922279979e-22
2.92253423431e-21
1.24190746174e-20
6.03018296819e-20
3.23848948098e-19
1.92049721549e-18
1.29570556885e-17
1.01418005671e-16
8.96710319739e-16
9.443441078e-15
1.23358943629e-13
1.80875331716e-12
3.18344120734e-11
6.9214139394e-10
2.22481174669e-08
1.35455326321e-06
0.000108597976648
0.0176055702212
7.74548772221
145.391583605
147.811597661
143.280290678
142.138106641
140.558474092
127.525785699
200
200
200
200
200
200
200
200
200
200
200
200
200
200
200
200
200
200
200
200
200
200
200
200
200
200
200
200
200
200
200
200
200
200
200
200
200
200
200
200
200
200
200
200
200
200
200
200
200
200
200
0.327190786464
1.05277765509e-22
2.45834669565e-24
5.85702278236e-26
0
0
0
0
0
0
0
0
0
1.24787468487e-27
4.10691940031e-27
2.08260759713e-26
6.20920502815e-26
2.10276964022e-25
7.11686036697e-25
2.49386520479e-24
9.08864822667e-24
3.57495697712e-23
1.5169501802e-22
6.88314480141e-22
3.43991151389e-21
1.89983715611e-20
1.20220246957e-19
8.34478862247e-19
6.5249678834e-18
6.00180733976e-17
5.88056724305e-16
6.79039493897e-15
9.94543899469e-14
1.83614699964e-12
4.61711967326e-11
2.02823244705e-09
1.25729612625e-07
1.57367496485e-05
0.00363202600913
2.33896137688
141.12541959
144.781032188
142.866975353
139.847781079
128.54962485
200
200
200
200
200
200
200
200
200
200
200
200
200
200
200
200
200
200
200
200
200
200
200
200
200
200
200
200
200
200
200
200
200
200
200
200
200
200
200
200
200
200
200
200
200
200
200
200
200
200
0.141859773673
1.23524474433e-24
0
0
0
0
0
0
0
0
0
0
0
0
0
0
0
9.42574165912e-28
2.58946255951e-27
1.15025269101e-26
4.84761404096e-26
1.97145276568e-25
8.13693894966e-25
3.37481103697e-24
1.43479520811e-23
6.81085581489e-23
3.37580599654e-22
1.85129132394e-21
1.13677823207e-20
8.10696379014e-20
5.8656337887e-19
4.80890697699e-18
4.66428687511e-17
5.46974750727e-16
8.20845275298e-15
1.91376516307e-13
5.67270015509e-12
2.37457545041e-10
2.07014486906e-08
3.63151111734e-06
0.00120431627193
1.47778331215
141.105863179
142.945086389
140.855304876
129.371830818
200
200
200
200
200
200
200
200
200
200
200
200
200
200
200
200
200
200
200
200
200
200
200
200
200
200
200
200
200
200
200
200
200
200
200
200
200
200
200
200
200
200
200
200
200
200
200
200
200
0.102753928261
1.32506780298e-29
0
0
0
0
0
0
0
0
0
0
0
0
0
0
0
0
0
0
9.08467054394e-29
1.46475918703e-27
4.14666222087e-27
1.85684704049e-26
1.02280021808e-25
4.09139745945e-25
2.07855592739e-24
9.43628190087e-24
4.94196698466e-23
2.520693807e-22
1.49205731305e-21
9.24649312442e-21
6.78710337207e-20
5.45955680922e-19
5.24112591901e-18
6.42586560054e-17
1.1235078121e-15
2.50569485087e-14
8.34975917726e-13
4.78432987113e-11
4.96005589252e-09
1.23117841393e-06
0.000726721986198
2.91142156819
140.143861634
141.510075761
129.479407997
200
200
200
200
200
200
200
200
200
200
200
200
200
200
200
200
200
200
200
200
200
200
200
200
200
200
200
200
200
200
200
200
200
200
200
200
200
200
200
200
200
200
200
200
200
200
200
200
0.238723443251
0
0
0
0
0
0
0
0
0
0
0
0
0
0
0
0
0
0
0
0
0
0
0
9.10310250895e-28
2.67991064335e-27
1.43437440571e-26
7.14558963565e-26
2.95376680078e-25
1.57608033339e-24
7.53936985916e-24
4.03600801257e-23
2.15417863349e-22
1.43504035685e-21
1.00764392478e-20
8.36066275683e-20
8.21339813804e-19
1.12622971596e-17
1.8665947744e-16
4.886689873e-15
1.77319472673e-13
1.22297301741e-11
1.73133696446e-09
6.76488575478e-07
0.00111580559458
18.0184587618
139.331874342
127.874550254
200
200
200
200
200
200
200
200
200
200
200
200
200
200
200
200
200
200
200
200
200
200
200
200
200
200
200
200
200
200
200
200
200
200
200
200
200
200
200
200
200
200
200
200
200
200
200
0.910505543094
0
0
0
0
0
0
0
0
0
0
0
0
0
0
0
0
0
0
0
0
0
0
0
0
0
0
7.0210867147e-28
2.6589163448e-27
1.27149379855e-26
6.48961773913e-26
3.00062142383e-25
1.66014279232e-24
8.2301936507e-24
4.72663531634e-23
3.03470979968e-22
2.05383426113e-21
1.69627141062e-20
1.88090953281e-19
2.28334978747e-18
3.99238227772e-17
1.06882425894e-15
5.12322121901e-14
4.54603599675e-12
9.229131858e-10
8.7595381054e-07
0.0050764944379
110.074847834
124.184314225
200
200
200
200
200
200
200
200
200
200
200
200
200
200
200
200
200
200
200
200
200
200
200
200
200
200
200
200
200
200
200
200
200
200
200
200
200
200
200
200
200
200
200
200
200
200
15.4307793111
0
0
0
0
0
0
0
0
0
0
0
0
0
0
0
0
0
0
0
0
0
0
0
0
0
0
0
0
0
6.69256403844e-28
2.9812533173e-27
1.57340083343e-26
8.39013883064e-26
4.08958837522e-25
2.45705268322e-24
1.33641477894e-23
8.43635301114e-23
5.69959242576e-22
4.48524962164e-21
4.97978351215e-20
6.15890656314e-19
1.23282431296e-17
3.80213847351e-16
2.1004659212e-14
2.57098467868e-12
1.03138328466e-09
3.23238879749e-06
0.134955336633
118.847049553
200
200
200
200
200
200
200
200
200
200
200
200
200
200
200
200
200
200
200
200
200
200
200
200
200
200
200
200
200
200
200
200
200
200
200
200
200
200
200
200
200
200
200
200
200
200
0
0
0
0
0
0
0
0
0
0
0
0
0
0
0
0
0
0
0
0
0
0
0
0
0
0
0
0
0
0
0
0
8.75419770296e-28
4.11378847356e-27
2.28364779398e-26
1.29539092618e-25
7.5785468914e-25
4.29736506788e-24
2.89371101017e-23
1.93321116626e-22
1.65651128582e-21
1.61740983477e-20
2.41261167587e-19
5.07320060036e-18
1.7779998314e-16
1.24237681065e-14
2.65275086869e-12
2.8015766507e-09
4.93638527552e-05
85.3375980192
200
200
200
200
200
200
200
200
200
200
200
200
200
200
200
200
200
200
200
200
200
200
200
200
200
200
200
200
200
200
200
200
200
200
200
200
200
200
200
200
200
200
200
200
200
0
0
0
0
0
0
0
0
0
0
0
0
0
0
0
0
0
0
0
0
0
0
0
0
0
0
0
0
0
0
0
0
0
0
0
1.40903969198e-27
7.25766134797e-27
5.65874795878e-26
2.94272495934e-25
1.86255453653e-24
1.27174738586e-23
7.9514625455e-23
6.66094514418e-22
7.55130565207e-21
1.17546380006e-19
2.62026295119e-18
1.0822468317e-16
1.19737790692e-14
5.64728491412e-12
3.05315129924e-08
0.0710235931306
200
200
200
200
200
200
200
200
200
200
200
200
200
200
200
200
200
200
200
200
200
200
200
200
200
200
200
200
200
200
200
200
200
200
200
200
200
200
200
200
200
200
200
200
200
0
0
0
0
0
0
0
0
0
0
0
0
0
0
0
0
0
0
0
0
0
0
0
0
0
0
0
0
0
0
0
0
0
0
0
0
4.2778670867e-28
3.15174367523e-27
2.31082307666e-26
1.40495127326e-25
9.4710194885e-25
6.26911067287e-24
4.35316596295e-23
3.64308512425e-22
3.97417266375e-21
6.52189292934e-20
1.61879884828e-18
1.00291791584e-16
2.17050129555e-14
4.03892012912e-11
1.24969771301e-05
200
200
200
200
200
200
200
200
200
200
200
200
200
200
200
200
200
200
200
200
200
200
200
200
200
200
200
200
200
200
200
200
200
200
200
200
200
200
200
200
200
200
200
200
200
0
0
0
0
0
0
0
0
0
0
0
0
0
0
0
0
0
0
0
0
0
0
0
0
0
0
0
0
0
0
0
0
0
0
0
0
0
0
1.49364005214e-27
1.25542708701e-26
7.5480093484e-26
5.64636675433e-25
3.54070578125e-24
2.31235407095e-23
1.92104270656e-22
2.4482018001e-21
4.26733375701e-20
1.5240506368e-18
1.5595409761e-16
1.18836740493e-13
3.95764859053e-09
200
200
200
200
200
200
200
200
200
200
200
200
200
200
200
200
200
200
200
200
200
200
200
200
200
200
200
200
200
200
200
200
200
200
200
200
200
200
200
200
200
200
200
200
0
0
0
0
0
0
0
0
0
0
0
0
0
0
0
0
0
0
0
0
0
0
0
0
0
0
0
0
0
0
0
0
0
0
0
0
0
0
0
0
6.71063908217e-28
7.83470399984e-27
5.44855911769e-26
3.84363495799e-25
2.36237200589e-24
1.89433059483e-23
1.47563741168e-22
1.99358069704e-21
4.64495094395e-20
2.20552935056e-18
6.33758331807e-16
3.93264960953e-12
200
200
200
200
200
200
200
200
200
200
200
200
200
200
200
200
200
200
200
200
200
200
200
200
200
200
200
200
200
200
200
200
200
200
200
200
200
200
200
200
200
200
200
200
0
0
0
0
0
0
0
0
0
0
0
6.32884180351e-28
3.1664210977e-27
4.88272437579e-27
8.37786134342e-27
0
0
0
0
0
0
0
0
0
0
0
0
0
0
0
0
0
0
0
0
0
0
0
0
0
0
2.84294617963e-28
5.39628717123e-27
4.82945374471e-26
3.20729487018e-25
2.1294675847e-24
1.65637985631e-23
1.59683213883e-22
2.3315079925e-21
6.36448963504e-20
7.24874513876e-18
1.02688615117e-14
200
200
200
8.04056999549e-31
0
0
0
0
0
0
0
0
0
0
0
0
0
0
0
0
0
0
0
1.00491395552e-25
1.45799638567e-23
200
200
200
200
200
200
200
200
200
200
200
200
200
200
200
200
200
200
200
0
0
0
0
0
0
0
0
0
2.19579651219e-27
3.64108258003e-26
2.24510355512e-25
1.60607642405e-24
1.05749426627e-23
2.00930820201e-23
2.81652466252e-23
7.57452045813e-25
5.14346517088e-26
0
0
0
0
0
0
0
0
0
0
0
0
0
0
0
0
0
0
0
0
0
0
0
0
5.01747065326e-29
4.5347316437e-27
3.62863335075e-26
2.56235792709e-25
2.05988898614e-24
1.66072446953e-23
1.61743312917e-22
3.2899535692e-21
1.73916920932e-19
6.87982408935e-17
1.00103743193e-31
5.26861806279e-32
0
0
0
0
0
0
0
0
0
0
0
0
0
0
0
0
0
0
0
0
0
0
0
0
0
0
0
0
5.77064540681e-25
7.90179821216e-23
200
200
200
200
200
200
200
200
200
200
200
0
0
0
0
0
0
0
0
5.48548213076e-28
4.73733066214e-26
2.39730258126e-24
2.10400476791e-22
200
200
200
200
200
200
200
200
200
200
199.999986469
0
0
0
0
0
0
0
0
0
0
0
0
0
0
0
0
0
0
0
0
0
1.97169966691e-30
5.26934136966e-27
4.16907112543e-26
3.70740159151e-25
2.80586815069e-24
2.35880119936e-23
3.05650979216e-22
8.24144377147e-21
1.1310399189e-18
0
0
0
0
0
0
0
0
0
0
0
0
0
0
0
0
0
0
0
0
0
0
0
0
0
0
0
0
0
0
0
0
0
0
0
7.91928070561e-25
3.87680882095e-23
200
200
200
200
200
200
0
0
0
0
0
0
0
5.92866684164e-27
1.38188741294e-24
1.05458961743e-21
200
200
200
200
200
200
200
200
200
200
200
200
200
199.999995891
0
0
0
0
0
0
0
0
0
0
0
0
0
0
0
0
0
0
0
0
0
1.89965051583e-28
7.57064682527e-27
6.6732063437e-26
4.74662261767e-25
4.46287910682e-24
4.42817311966e-23
7.057007693e-22
4.29769383014e-20
0
0
0
0
0
0
0
0
0
0
0
0
0
0
0
0
0
0
0
0
0
0
0
0
0
0
0
0
0
0
0
0
0
0
0
0
0
0
6.51470752639e-27
5.77181007493e-25
7.24175015606e-24
1.68234393322e-23
3.79171924083e-25
0
0
0
0
0
0
6.0224433716e-26
3.8498445387e-23
200
200
200
200
200
200
200
200
200
200
200
200
200
200
200
200
199.999996365
0
0
0
0
0
0
0
0
0
0
0
0
0
0
0
0
0
0
0
0
0
5.95849691616e-28
1.47364277952e-26
1.02260091596e-25
8.32837262095e-25
7.41575771348e-24
1.01843159543e-22
2.97995477652e-21
0
0
0
0
0
0
0
0
0
0
0
0
0
0
0
0
0
0
0
0
0
0
0
0
0
0
0
0
0
0
0
0
0
0
0
0
0
0
0
0
0
0
4.36677330454e-26
0
0
7.75739501893e-30
1.33194137416e-29
8.31794459809e-28
4.80870138844e-25
2.37972746691e-21
200
200
200
200
200
200
200
200
200
200
200
200
200
200
200
200
200
200
199.999996177
0
0
0
0
0
0
0
0
0
0
0
0
0
0
0
0
0
0
0
0
0
1.75780295311e-27
2.72891030875e-26
2.28823228884e-25
2.01118181397e-24
2.16929108823e-23
3.51038050363e-22
0
0
0
0
0
0
0
0
0
0
0
0
0
0
0
0
0
0
0
0
0
0
0
0
0
0
0
0
0
0
0
0
0
0
0
0
0
0
0
0
0
0
0
0
9.8621855732e-30
6.44573008687e-29
5.03288794951e-27
9.78293804828e-25
3.6198051439e-19
200
200
200
200
200
200
200
200
200
200
200
200
200
200
200
200
200
200
200
200
199.999995434
0
0
0
0
0
0
0
0
0
0
0
0
0
0
0
0
0
0
0
0
0
5.87159192551e-27
5.44070462985e-26
6.25005786074e-25
6.15623328591e-24
6.8085552411e-23
0
0
0
0
0
0
0
0
0
0
0
0
0
0
0
0
0
0
0
0
0
0
0
0
0
0
0
0
0
0
0
0
0
0
0
0
0
0
0
0
0
0
0
0
0
3.37267411704e-27
3.7892547862e-25
200
200
200
200
200
200
200
200
200
200
200
200
200
200
200
200
200
200
200
200
200
200
200
199.999994363
0
0
0
0
0
0
0
0
0
0
0
0
0
0
0
0
0
0
0
0
8.46948767002e-28
1.95698523418e-26
1.62903682394e-25
1.83051504531e-24
1.84410590334e-23
0
0
0
0
0
0
0
0
0
0
0
0
0
0
0
0
0
0
0
0
0
0
0
0
0
0
0
0
0
0
0
0
0
0
0
0
0
0
0
0
0
0
0
0
0
0
3.512327404e-23
200
200
200
200
200
200
200
200
200
200
200
200
200
200
200
200
200
200
200
200
200
200
200
200
199.999991408
0
0
0
0
0
0
0
0
0
0
0
0
0
0
0
0
0
0
0
0
5.32239944478e-27
6.28860173188e-26
6.94530611656e-25
6.21105857594e-24
0
0
0
0
0
0
0
0
0
0
0
0
0
0
0
0
0
0
0
0
0
0
0
0
0
0
0
0
0
0
0
0
0
0
0
0
0
0
0
0
0
0
0
0
0
0
0
0
7.33895087202e-31
200
200
200
200
200
200
200
200
200
200
200
200
200
200
200
200
200
200
200
200
200
200
200
199.999971034
0
0
0
0
0
0
0
0
0
0
0
0
0
0
0
0
0
0
0
1.465714826e-27
2.71205989228e-26
3.02406065235e-25
2.53853303364e-24
0
0
0
0
0
0
0
0
0
0
0
0
0
0
0
0
0
0
0
0
0
0
0
0
0
0
0
0
0
0
0
0
0
0
0
0
0
0
0
0
0
0
0
0
0
0
0
0
0
6.60505578481e-31
8.8439221515e-30
5.08356668065e-24
200
200
200
200
200
200
200
200
200
200
200
200
200
200
200
200
200
200
200
200
200
0
0
0
0
0
0
0
0
0
0
0
0
0
0
0
0
0
0
0
3.65560548685e-28
1.32757091165e-26
1.48852735956e-25
1.22342497887e-24
0
0
0
0
0
0
0
0
0
0
0
0
0
0
0
0
0
0
0
0
0
0
0
0
0
0
0
0
0
0
0
0
0
0
0
0
0
0
0
0
0
0
0
0
0
0
0
0
0
0
5.94455020633e-31
3.33930419067e-30
4.10653527829e-29
1.8728098413e-23
200
200
200
200
200
200
200
200
200
200
200
200
200
200
200
200
200
200
200
199.999982433
0
0
0
0
0
0
0
0
0
0
0
0
0
0
0
0
0
0
0
6.05435327075e-27
7.4663704849e-26
6.75372629553e-25
0
0
0
0
0
0
0
0
0
0
0
0
0
0
0
0
0
0
0
0
0
0
0
0
0
0
0
0
0
0
0
0
0
0
0
0
0
0
0
0
0
0
0
0
0
0
0
0
0
0
0
1.1294645392e-30
2.52386520489e-30
3.52717705162e-29
1.01233521539e-28
3.84502472156e-22
200
200
200
200
200
200
200
200
200
200
200
200
200
200
200
200
200
200
0
0
0
0
0
0
0
0
0
0
0
0
0
0
0
0
0
0
0
2.97232800918e-27
4.0810818909e-26
4.16723786758e-25
0
0
0
0
0
0
0
0
0
0
0
0
0
0
0
0
0
0
0
0
0
0
0
0
0
0
0
0
0
0
0
0
0
0
0
0
0
0
0
0
0
0
0
0
0
0
0
0
0
0
0
0
1.01651808528e-30
2.2714786844e-30
3.13112357546e-29
6.89841085531e-29
7.70424347641e-24
200
200
200
200
200
200
200
200
200
200
200
200
200
200
200
200
200
199.999949859
0
0
0
0
0
0
0
0
0
0
0
0
0
0
0
0
0
0
1.81738960949e-27
3.07156460338e-26
2.81694430699e-25
0
0
0
0
0
0
0
0
0
0
0
0
0
0
0
0
0
0
0
0
0
0
0
0
0
0
0
0
0
0
0
0
0
0
0
0
0
0
0
0
0
0
0
0
0
0
0
0
0
0
0
0
0
1.44987579532e-30
4.95967621268e-30
2.40349378407e-29
3.72888550808e-29
7.49197762077e-25
200
200
200
200
200
200
200
200
200
200
200
200
200
200
200
200
200
0
0
0
0
0
0
0
0
0
0
0
0
0
0
0
0
0
0
1.0771404732e-27
2.46764770334e-26
2.10223934703e-25
0
0
0
0
0
0
0
0
0
0
0
0
0
0
0
0
0
0
0
0
0
0
0
0
0
0
0
0
0
0
0
0
0
0
0
0
0
0
0
0
0
0
0
0
0
0
0
0
0
0
0
0
0
4.33357710042e-31
9.14866276755e-31
7.58837818112e-30
2.02118381088e-29
3.3391211899e-29
3.24578104174e-29
200
200
200
200
200
200
200
200
200
200
200
200
200
200
200
200
0
0
0
0
0
0
0
0
0
0
0
0
0
0
0
0
0
0
8.90940044012e-28
1.9902660575e-26
1.72783407458e-25
0
0
0
0
0
0
0
0
0
0
0
0
0
0
0
0
0
0
0
0
0
0
0
0
0
0
0
0
0
0
0
0
0
0
0
0
0
0
0
0
0
0
0
0
0
0
0
0
0
0
0
0
0
4.33357710042e-31
8.23379649079e-31
8.23379649079e-31
8.01291293194e-30
1.94694973484e-29
2.93569852935e-29
2.79846622629e-29
200
200
200
200
200
200
200
200
200
200
200
200
200
200
200
0
0
0
0
0
0
0
0
0
0
0
0
0
0
0
0
0
0
8.21431309083e-28
1.9491240066e-26
1.60210941863e-25
0
0
0
0
0
0
0
0
0
0
0
0
0
0
0
0
0
0
0
0
0
0
0
0
0
0
0
0
0
0
0
0
0
0
0
0
0
0
0
0
0
0
0
0
0
0
0
0
0
0
0
0
0
0
8.23379649079e-31
8.23379649079e-31
8.23379649079e-31
9.71779328091e-30
2.23567271896e-29
2.41192513106e-29
1.23401422765e-25
200
200
200
200
200
200
200
200
200
200
200
200
200
200
0
0
0
0
0
0
0
0
0
0
0
0
0
0
0
0
0
0
8.40840497511e-28
1.92918369245e-26
1.64026173926e-25
0
0
0
0
0
0
0
0
0
0
0
0
0
0
0
0
0
0
0
0
0
0
0
0
0
0
0
0
0
0
0
0
0
0
0
0
0
0
0
0
0
0
0
0
0
0
0
0
0
0
0
0
0
0
0
8.23379649079e-31
8.23379649079e-31
8.23379649079e-31
1.16121047798e-29
1.74582736113e-29
1.68724287195e-29
2.63642242462e-24
200
200
200
200
200
200
200
200
200
200
200
200
200
0
0
0
0
0
0
0
0
0
0
0
0
0
0
0
0
0
0
1.16886089428e-27
2.01749547654e-26
1.8097801834e-25
0
0
0
0
0
0
0
0
0
0
0
0
0
0
0
0
0
0
0
0
0
0
0
0
0
0
0
0
0
0
0
0
0
0
0
0
0
0
0
0
0
0
0
0
0
0
0
0
0
0
0
0
0
0
0
0
0
4.33357710042e-31
1.30488821579e-30
1.10147408334e-29
1.45323343198e-29
1.04605726825e-29
200
200
200
200
200
200
200
200
200
200
200
200
200
0
0
0
0
0
0
0
0
0
0
0
0
0
0
0
0
0
0
1.60489213717e-27
2.73222231713e-26
2.13234739063e-25
0
0
0
0
0
0
0
0
0
0
0
0
0
0
0
0
0
0
0
0
0
0
0
0
0
0
0
0
0
0
0
0
0
0
0
0
0
0
0
0
0
0
0
0
0
0
0
0
0
0
0
0
0
0
0
0
0
0
2.2714786844e-30
3.0053737716e-30
2.70483639444e-30
5.46568286674e-30
7.02740918849e-28
200
200
200
200
200
200
200
200
200
200
200
200
0
0
0
0
0
0
0
0
0
0
0
0
0
0
0
0
0
0
2.36029736523e-27
3.52649085059e-26
2.67411054416e-25
0
0
0
0
0
0
0
0
0
0
0
0
0
0
0
0
0
0
0
0
0
0
0
0
0
0
0
0
0
0
0
0
0
0
0
0
0
0
0
0
0
0
0
0
0
0
0
0
0
0
0
0
0
0
0
0
0
0
5.94455020633e-31
2.52386520489e-30
3.82081275738e-30
3.0053737716e-30
1.4966740172e-28
200
200
200
200
200
200
200
200
200
200
200
200
0
0
0
0
0
0
0
0
0
0
0
0
0
0
0
0
0
0
4.03007994532e-27
4.49551915336e-26
3.30270797631e-25
0
0
0
0
0
0
0
0
0
0
0
0
0
0
0
0
0
0
0
0
0
0
0
0
0
0
0
0
0
0
0
0
0
0
0
0
0
0
0
0
0
0
0
0
0
0
0
0
0
0
0
0
0
0
0
0
0
0
0
0
2.8042946721e-30
4.2453475082e-30
6.07652593672e-29
1.27633173113e-27
200
200
200
200
200
200
200
200
200
200
200
4.33357710042e-31
0
0
0
0
0
0
0
0
0
0
0
0
0
0
0
0
2.24044055676e-28
7.03900806188e-27
6.45983963389e-26
3.91755469331e-25
0
0
0
0
0
0
0
0
0
0
0
0
0
0
0
0
0
0
0
0
0
0
0
0
0
0
0
0
0
0
0
0
0
0
0
0
0
0
0
0
0
0
0
0
0
0
0
0
0
0
0
0
0
0
0
0
0
0
0
0
0
3.115882969e-30
6.85236696497e-29
4.79964741118e-28
200
200
200
200
200
200
200
200
200
200
200
4.33357710042e-31
4.33357710042e-31
0
0
0
0
0
0
0
0
0
0
0
0
0
0
0
7.07801123678e-28
1.17087388595e-26
9.7306089801e-26
1.0116500392e-24
0
0
0
0
0
0
0
0
0
0
0
0
0
0
0
0
0
0
0
0
0
0
0
0
0
0
0
0
0
0
0
0
0
0
0
0
0
0
0
0
0
0
0
0
0
0
0
0
0
0
0
0
0
0
0
0
0
0
0
0
0
0
2.96043007593e-29
1.59257978701e-28
200
200
200
200
200
200
200
200
200
200
200
4.33357710042e-31
4.33357710042e-31
4.33357710042e-31
0
0
0
0
0
0
0
0
0
0
0
0
0
0
1.7955581497e-27
1.86041583209e-26
1.32554209399e-25
3.28439388123e-24
0
0
0
0
0
0
0
0
0
0
0
0
0
0
0
0
0
0
0
0
0
0
0
0
0
0
0
0
0
0
0
0
0
0
0
0
0
0
0
0
0
0
0
0
0
0
0
0
0
0
0
0
0
0
0
0
0
0
0
0
0
0
0
1.50282147542e-28
200
200
200
200
200
200
200
200
200
200
0
3.90021939038e-31
4.33357710042e-31
4.33357710042e-31
4.33357710042e-31
0
0
0
0
0
0
0
0
0
0
0
0
1.93928383342e-29
3.28239069538e-27
3.35656547968e-26
1.67773109738e-25
5.93278444304e-24
0
0
0
0
0
0
0
0
0
0
0
0
0
0
0
0
0
0
0
0
0
0
0
0
0
0
0
0
0
0
0
0
0
0
0
0
0
0
0
0
0
0
0
0
0
0
0
0
0
0
0
0
0
0
0
0
0
0
0
0
0
0
0
1.37375863177e-28
200
200
200
200
200
200
200
200
200
200
0
0
3.90021939038e-31
4.33357710042e-31
4.33357710042e-31
0
0
0
0
0
0
0
0
0
0
0
0
5.73994154349e-28
5.57001104115e-27
4.32018438364e-26
1.8240480291e-25
9.84496034624e-24
0
0
0
0
0
0
0
0
0
0
0
0
0
0
0
0
0
0
0
0
0
0
0
0
0
0
0
0
0
0
0
0
0
0
0
0
0
0
0
0
0
0
0
0
0
0
0
0
0
0
0
0
0
0
0
0
0
0
0
0
0
0
0
0
200
200
200
200
200
200
200
200
200
0
0
0
0
4.33357710042e-31
4.33357710042e-31
4.33357710042e-31
0
0
0
0
0
0
0
0
0
0
0
1.17420123219e-27
1.17436060443e-26
5.72884124836e-26
3.80871443883e-25
1.38011780127e-23
0
0
0
0
0
0
0
0
0
0
0
0
0
0
0
0
0
0
0
0
0
0
0
0
0
0
0
0
0
0
0
0
0
0
0
0
0
0
0
0
0
0
0
0
0
0
0
0
0
0
0
0
0
0
0
0
0
0
0
0
0
0
0
0
200
200
200
200
200
200
200
200
0
0
0
0
0
0
4.33357710042e-31
4.33357710042e-31
0
0
0
0
0
0
0
0
0
0
3.03589391182e-28
2.21167561938e-27
1.35073897398e-26
5.47354090554e-26
8.46174744216e-25
2.13906272815e-23
0
0
0
0
0
0
0
0
0
0
0
0
0
0
0
0
0
0
0
0
0
0
0
0
0
0
0
0
0
0
0
0
0
0
0
0
0
0
0
0
0
0
0
0
0
0
0
0
0
0
0
0
0
0
0
0
0
0
0
0
0
0
0
0
200
200
200
200
200
200
200
0
0
0
0
0
0
0
0
4.33357710042e-31
0
0
0
0
0
0
0
0
0
0
8.51796536757e-28
4.53469803632e-27
1.57238219498e-26
3.82428026476e-26
9.98842805799e-25
3.18876777427e-23
0
0
0
0
0
0
0
0
0
0
0
0
0
0
0
0
0
0
0
0
0
0
0
0
0
0
0
0
0
0
0
0
0
0
0
0
0
0
0
0
0
0
0
0
0
0
0
0
0
0
0
0
0
0
0
0
0
0
0
0
0
0
0
7.70352644977
200
200
200
200
200
200
0
0
0
0
0
0
0
0
0
0
0
0
0
0
0
0
0
0
0
3.36136486154e-28
1.25288755299e-27
5.03665764429e-27
9.32353613977e-27
8.56762491742e-26
1.52921063566e-24
4.51748253555e-23
0
0
0
0
0
0
0
0
0
0
0
0
0
0
0
0
0
0
0
0
0
0
0
0
0
0
0
0
0
0
0
0
0
0
0
0
0
0
0
0
0
0
0
0
0
0
0
0
0
0
0
0
0
0
0
0
0
0
0
0
0
0
0
200
200
200
200
200
200
0
0
0
0
0
0
0
0
0
0
0
0
0
0
0
0
0
0
0
0
9.26208009082e-28
3.44711496647e-27
5.7904907059e-27
1.65633428784e-27
8.31130464574e-26
2.59352912097e-24
4.86621215624e-23
0
0
0
0
0
0
0
0
0
0
0
0
0
0
0
0
0
0
0
0
0
0
0
0
0
0
0
0
0
0
0
0
0
0
0
0
0
0
0
0
0
0
0
0
0
0
0
0
0
0
0
0
0
0
0
0
0
0
0
0
0
0
0
200
200
200
200
0
0
0
0
0
0
0
0
0
0
0
0
0
0
0
0
0
0
0
0
0
5.2300356025e-28
1.92359767295e-27
6.25560676518e-27
1.05712250519e-26
6.92263788777e-28
2.13719604256e-26
4.33556927928e-24
4.48790980399e-23
0
0
0
0
0
0
0
0
0
0
0
0
0
0
0
0
0
0
0
0
0
0
0
0
0
0
0
0
0
0
0
0
0
0
0
0
0
0
0
0
0
0
0
0
0
0
0
0
0
0
0
0
0
0
0
0
0
0
0
0
0
0
0
200
0
0
0
0
0
0
0
0
0
0
0
0
0
0
0
0
0
0
0
0
0
0
0
3.49780383489e-28
9.07615232196e-28
2.47656935795e-27
5.92152847197e-27
6.70435280267e-27
2.08959373854e-26
8.39478414262e-26
2.1942554188e-24
2.42186468487e-23
0
0
0
0
0
0
0
0
0
0
0
0
0
0
0
0
0
0
0
0
0
0
0
0
0
0
0
0
0
0
0
0
0
0
0
0
0
0
0
0
0
0
0
0
0
0
0
0
0
0
0
0
0
0
0
0
0
0
0
0
0
0
0
0
0
0
0
0
0
0
0
0
0
0
0
0
0
0
0
0
0
0
0
0
0
0
2.36036674752e-28
1.164974159e-27
1.80275425923e-27
2.52190323908e-27
2.62330753136e-27
1.22819070939e-25
1.52826319555e-25
2.85545500352e-25
1.63753171191e-24
3.87401346571e-23
1.00103743193e-31
0
0
0
0
0
0
0
0
0
0
0
0
0
0
0
0
0
0
0
0
0
0
0
0
0
0
0
0
0
0
0
0
0
0
0
0
0
0
0
0
0
0
0
0
0
0
0
0
0
0
0
0
0
0
0
0
0
0
0
0
0
0
0
0
0
0
0
0
0
0
0
0
0
0
0
0
0
0
0
0
0
0
0
0
2.09814266405e-28
1.27557038118e-27
1.92246644849e-27
2.09815419409e-27
4.17461548152e-27
3.04529635061e-26
3.40057800013e-26
5.13073369662e-26
1.20763655068e-25
7.08376770328e-25
2.26324703911e-23
200
200
2.41049034064e-31
0
0
0
0
0
0
0
0
0
0
0
0
0
0
0
0
0
0
0
0
0
0
0
0
0
0
0
0
0
0
0
0
0
0
0
0
0
0
0
0
0
0
0
0
0
0
0
0
0
0
0
0
0
0
0
0
0
0
0
0
0
0
0
0
0
0
0
0
0
0
0
0
0
0
0
0
0
0
0
0
0
3.33071054364e-28
1.42300898749e-27
1.41081286499e-27
2.61484891969e-27
1.26551343423e-26
1.12571116644e-26
1.21654120334e-26
1.93362090839e-26
3.40116529633e-26
8.26857244342e-26
4.62679193046e-25
2.07823527486e-23
200
200
200
200
200
0
0
0
0
0
0
0
0
0
0
0
0
0
0
0
0
0
0
0
0
0
0
0
0
0
0
0
0
0
0
0
0
0
0
0
0
0
0
0
0
0
0
0
0
0
0
0
0
0
0
0
0
0
0
0
0
0
0
0
0
0
0
0
0
0
0
0
0
0
0
0
0
0
0
1.44987579532e-30
1.61097310592e-30
1.01651808528e-30
1.62097749096e-28
1.12179964074e-27
1.45971824688e-27
1.4246458161e-27
7.37387466969e-27
7.03654116733e-27
7.16525254605e-27
8.33080076081e-27
1.05740131209e-26
1.41717303298e-26
1.99215026284e-26
3.59544151939e-26
1.80599919494e-25
1.47344445748e-23
200
200
200
200
200
27.9469295416
1.64815280278e-30
0
0
0
0
0
0
0
0
0
0
0
0
0
0
0
0
0
0
0
0
0
0
0
0
0
0
0
0
0
0
0
0
0
0
0
0
0
0
0
0
0
0
0
0
0
0
0
0
0
0
0
0
0
0
0
0
0
0
0
0
0
0
0
0
0
0
6.26898885067e-28
7.99433282172e-28
5.25606584819e-27
8.02150076454e-27
1.78076996707e-26
2.34953058368e-26
2.71101511585e-26
2.90897940822e-26
1.98644461915e-26
3.71777874445e-27
1.26364693549e-27
7.09329115557e-27
5.22598488362e-27
4.96061095821e-27
5.57025704754e-27
6.55755390397e-27
7.64377626811e-27
9.13615010214e-27
1.13536305335e-26
1.43240774146e-26
1.95947921003e-26
4.22341658566e-26
8.75570635561e-24
200
200
200
200
1.95738851591e-20
1.20777939354e-24
8.94087826395e-24
2.52516699589e-24
4.37577704086e-31
0
0
0
0
0
0
0
0
0
0
0
0
0
0
0
0
0
0
0
0
0
0
0
0
0
0
0
0
0
0
0
0
0
0
0
0
0
0
0
0
0
0
0
0
0
0
0
0
0
0
0
0
0
0
0
0
0
0
0
0
0
0
6.80781730805e-27
3.60314676457e-26
7.34991579624e-26
1.1238830841e-25
1.33995947938e-25
1.44220148649e-25
1.61204121076e-25
1.43920596833e-25
1.29175036074e-25
9.08961222915e-26
3.54950838052e-26
1.47260145941e-26
6.52606000707e-27
4.47613396509e-27
4.4687839537e-27
4.93229335045e-27
5.46728443002e-27
6.16815572487e-27
7.01865045203e-27
8.10092875492e-27
9.52692193316e-27
1.1314397542e-26
1.37843362457e-26
1.89891867402e-26
4.13421592219e-24
200
200
200
1.28424260529e-20
1.86931566947e-23
2.04538564549e-24
3.17487895575e-25
2.16950120816e-27
4.53639362201e-27
4.72165743254e-29
0
0
0
0
0
0
0
0
0
0
0
0
0
0
0
0
0
0
0
0
0
0
0
0
0
0
0
0
0
0
0
0
0
0
0
0
0
0
0
0
0
0
0
0
0
0
0
0
0
0
0
0
0
0
0
0
0
0
0
0
0
3.30794946906e-26
9.56727247693e-26
1.03476194026e-25
1.07186021434e-25
1.16460015565e-25
1.24650396411e-25
1.32418508441e-25
1.35026807724e-25
1.28612783737e-25
1.15317508531e-25
9.24273696146e-26
1.9724981165e-26
7.5830583794e-27
5.6466680171e-27
5.09367834218e-27
5.15617994487e-27
5.46472796739e-27
5.9724903351e-27
6.61558191408e-27
7.4162778263e-27
8.39246614216e-27
9.56934726422e-27
1.0998663739e-26
1.31323635473e-26
1.66279574001e-24
200
68.9711794645
4.9754189811e-21
3.16570254906e-23
2.94048630379e-24
1.0215624639e-25
5.60136184907e-27
1.42310289959e-27
8.39863509545e-28
1.95199418552e-27
2.67781917389e-27
1.97182573155e-30
0
0
0
0
0
0
0
0
0
0
0
0
0
0
0
0
0
0
0
0
0
0
0
0
0
0
0
0
0
0
0
0
0
0
0
0
0
0
0
0
0
0
0
0
0
0
0
0
0
0
0
0
0
0
0
0
0
0
0
7.58782924405e-26
1.1092855843e-25
1.15814265999e-25
1.19591559865e-25
1.25485876153e-25
1.30662539441e-25
1.363504091e-25
1.40126247729e-25
1.45223436245e-25
1.47094431109e-25
1.36853047771e-25
6.09583738348e-26
1.24233667547e-26
7.44767511348e-27
5.93089884713e-27
5.57728499378e-27
5.64865056941e-27
5.93803224286e-27
6.39739737403e-27
6.99243990307e-27
7.68902247365e-27
8.50590687726e-27
9.4234431325e-27
1.06376776764e-26
6.17984795729e-25
1.05107011163e-19
1.84521847284e-21
4.342527518e-23
3.46387934802e-24
2.14638097446e-25
7.862014813e-27
1.94602489033e-27
1.1242908972e-27
9.33390969332e-28
1.15221213702e-27
9.32923292014e-28
1.58053791087e-27
2.34261346293e-29
0
0
0
0
0
0
0
0
0
0
0
0
0
0
0
0
0
0
0
0
0
0
0
0
0
0
0
0
0
0
0
0
0
0
0
0
0
0
0
0
0
0
0
0
0
0
0
0
0
0
0
0
0
0
0
0
0
0
6.89451974922e-26
1.21798863919e-25
1.23264416549e-25
1.31894804602e-25
1.365605345e-25
1.39650155699e-25
1.43633611509e-25
1.4773619875e-25
1.54077720114e-25
1.64913679171e-25
1.73269133435e-25
1.12669589563e-25
1.95342538464e-26
9.55069487837e-27
7.05182981303e-27
6.19780288771e-27
5.98924374482e-27
6.0756245152e-27
6.36466951842e-27
6.77771899666e-27
7.28715468295e-27
7.87813225837e-27
8.50963579522e-27
9.30159880735e-27
1.83493231097e-25
5.35632571341e-22
4.68283412347e-23
4.45676245777e-24
3.42122535413e-25
1.01632835765e-26
1.75139350946e-27
1.10968529229e-27
8.40051872399e-28
7.55877158591e-28
7.55778020247e-28
6.97771107552e-28
6.11472192082e-28
1.42231622812e-27
3.76733043917e-28
0
0
0
0
0
0
0
0
0
0
0
0
0
0
0
0
0
0
0
0
0
0
0
0
0
0
0
0
0
0
0
0
0
0
0
0
0
0
0
0
0
0
0
0
0
0
0
0
0
0
0
0
0
0
0
0
0
0
1.85966499866e-25
1.44396333217e-25
1.52306535312e-25
1.54387131164e-25
1.54488712284e-25
1.56574045035e-25
1.59211812949e-25
1.65683873182e-25
1.73385947952e-25
1.88458873678e-25
1.63277401387e-25
4.19063700914e-26
1.24492591653e-26
8.37106490431e-27
6.96712288309e-27
6.46872123181e-27
6.3652446394e-27
6.48063877626e-27
6.78038601392e-27
7.15884225967e-27
7.5955634e-27
8.04647439536e-27
199.999999999
200
5.62307846422e-23
5.57930111386e-24
5.0384803504e-25
3.53422177889e-27
1.36953278933e-27
9.43495907224e-28
7.56046685159e-28
6.80289442732e-28
6.1209097189e-28
6.11991833547e-28
6.11759286814e-28
6.79732540904e-28
9.59117158572e-28
2.33359210896e-27
1.19261616132e-27
0
0
0
0
0
0
0
0
0
0
0
0
0
0
0
0
0
0
0
0
0
0
0
0
0
0
0
0
0
0
0
0
0
0
0
0
0
0
0
0
0
0
0
0
0
0
0
0
0
0
0
0
0
0
0
0
0
3.1149713043e-25
2.00367979312e-25
1.92235663426e-25
1.82755904679e-25
1.76411266588e-25
1.73933677644e-25
1.75259960298e-25
1.77723264636e-25
1.84079026414e-25
1.93511034535e-25
2.06746211897e-25
7.73710536903e-26
1.63126586436e-26
9.92223774094e-27
7.88893852989e-27
7.06853376511e-27
6.74769394403e-27
6.7544929421e-27
6.9094176094e-27
7.18557866888e-27
200
200
200
200
9.20188730329e-24
6.48210548982e-25
1.28698252957e-27
1.00945644724e-27
8.07862518426e-28
6.79630691554e-28
5.79837679105e-28
5.44177561636e-28
4.95713385173e-28
4.95624160663e-28
5.33634619779e-28
6.04878510667e-28
7.98829817817e-28
1.7962675569e-27
4.40643323706e-26
5.60193230391e-27
0
0
0
0
0
0
0
0
0
0
0
0
0
0
0
0
0
0
0
0
0
0
0
0
0
0
0
0
0
0
0
0
0
0
0
0
0
0
0
0
0
0
0
0
0
0
0
0
0
0
0
0
0
0
0
0
3.31576863953e-25
2.72515955182e-25
2.39946101369e-25
2.20099548844e-25
2.04514249321e-25
1.97592204075e-25
1.93263103186e-25
1.9235572325e-25
1.95356029797e-25
2.01656555036e-25
2.3257719024e-25
1.12768260948e-25
2.07972557942e-26
1.1635163141e-26
8.91900377994e-27
7.7692295297e-27
7.29212437427e-27
7.147765644e-27
200
200
200
200
200
200
9.02924971426e-25
8.0393449681e-28
7.25213691678e-28
6.37788534797e-28
5.52388881198e-28
4.95846373412e-28
4.46142046655e-28
4.32861809506e-28
4.07011938287e-28
4.14233411417e-28
4.45873381743e-28
4.95292475587e-28
6.79338592829e-28
1.10294749778e-23
3.9289881563e-24
1.23418146651e-24
9.59729873153e-27
0
0
0
0
0
0
0
0
0
0
0
0
0
0
0
0
0
0
0
0
0
0
0
0
0
0
0
0
0
0
0
0
0
0
0
0
0
0
0
0
0
0
0
0
0
0
0
0
0
0
0
0
0
0
0
3.49539138023e-25
3.3714902122e-25
2.8966649565e-25
2.61765794221e-25
2.41536183804e-25
2.25038085261e-25
2.14160242409e-25
2.08406005961e-25
2.06969450522e-25
2.09234001046e-25
2.33726018617e-25
1.30373378555e-25
2.49508019828e-26
1.34396548928e-26
1.00385522863e-26
8.5825978157e-27
200
200
200
200
200
200
200
200
5.53146316339e-28
5.3019066934e-28
4.98561408022e-28
4.59363177737e-28
4.22706924449e-28
3.95929857119e-28
3.61237741271e-28
3.58206638122e-28
3.4559117795e-28
3.54185673262e-28
3.60969076359e-28
4.08954789691e-28
1.74021587746e-18
7.46328195896e-18
1.08275306416e-19
7.97747763184e-22
3.15786875115e-23
2.6360851068e-27
0
0
0
0
0
0
0
0
0
0
0
0
0
0
0
0
0
0
0
0
0
0
0
0
0
0
0
0
0
0
0
0
0
0
0
0
0
0
0
0
0
0
0
0
0
0
0
0
0
0
0
0
0
0
3.01333593309e-25
3.92583278558e-25
3.32515049627e-25
3.01202000757e-25
2.77394722863e-25
2.54244566728e-25
2.3676032869e-25
2.24346052705e-25
2.17117516788e-25
2.13975409194e-25
2.31696599605e-25
1.2621633557e-25
200
200
200
200
200
200
200
200
200
200
200
200
4.03851911883e-28
3.91596938536e-28
3.76405404406e-28
3.59343924542e-28
3.35676827345e-28
3.22572892096e-28
2.99763016965e-28
2.92384951851e-28
2.92384951851e-28
2.92295727341e-28
3.03994625652e-28
6.38234475856e-13
200
200
200
3.53659984976e-16
1.68081014656e-20
1.70840153401e-22
4.30202292677e-28
0
0
0
0
0
0
0
0
0
0
0
0
0
0
0
0
0
0
0
0
0
0
0
0
0
0
0
0
0
0
0
0
0
0
0
0
0
0
0
0
0
0
0
0
0
0
0
0
0
0
0
0
0
2.1358942989e-25
4.29357540314e-25
200
200
200
200
200
200
200
200
200
200
200
200
200
200
200
200
200
200
200
200
200
200
3.17707980117e-28
3.12991150073e-28
3.0413386937e-28
2.92637629505e-28
2.79973109806e-28
2.63199142846e-28
2.57351292971e-28
2.4603770078e-28
2.40024110924e-28
2.43492010406e-28
2.6099795929e-28
200
200
200
200
200
200
3.03386071288e-19
1.38380522914e-22
1.11857199695e-30
0
0
0
0
0
0
0
0
0
0
0
0
0
0
0
0
0
0
0
0
0
0
0
0
0
0
0
0
0
0
0
0
0
0
0
0
0
0
0
0
0
0
0
0
0
0
0
0
0
0
0
0
200
200
200
200
200
200
200
200
200
200
200
200
200
200
200
200
200
200
200
200
200
200
200
200
2.67353238896e-28
2.59511276189e-28
2.54431191904e-28
2.46611954495e-28
2.35201955576e-28
2.25544073922e-28
2.14940785795e-28
2.10179609575e-28
2.06738467454e-28
2.08726722525e-28
2.1293101132e-28
2.36679237088e-28
200
200
200
200
200
200
2.45646550734e-19
2.89562947353e-24
0
0
0
0
0
0
0
0
0
0
0
0
0
0
0
0
0
0
0
0
0
0
0
0
0
0
0
0
0
0
0
0
0
0
0
0
0
0
0
0
0
0
0
0
0
0
0
0
0
0
0
200
200
200
200
200
200
200
200
200
200
200
200
200
200
200
200
200
200
200
200
200
200
200
200
200
2.25457287348e-28
2.22358971441e-28
2.15112854626e-28
2.06039412513e-28
1.99923598233e-28
1.88049514416e-28
1.82214591327e-28
1.76616365246e-28
1.72909683531e-28
1.7315976748e-28
1.79904472079e-28
1.96499458153e-28
2.47124678351e-28
200
200
200
200
200
200
1.4034329489e-20
1.82858240639e-24
0
0
0
0
0
0
0
0
0
0
0
0
0
0
0
0
0
0
0
0
0
0
0
0
0
0
0
0
0
0
0
0
0
0
0
0
0
0
0
0
0
0
0
0
0
0
0
0
0
200
200
200
200
200
200
200
200
200
200
200
200
200
200
200
200
200
200
200
200
200
200
200
200
200
200
1.89499614894e-28
1.83922359618e-28
1.80426920223e-28
1.74199696769e-28
1.65928848796e-28
1.61694137072e-28
1.53667112446e-28
1.49323115924e-28
1.46994688683e-28
1.46803672356e-28
1.5018890256e-28
1.61516328717e-28
1.93847636661e-28
2.45178173315e-26
200
200
200
200
200
2.23935942377e-13
6.97464989886e-22
3.24765753032e-27
0
0
0
0
0
0
0
0
0
0
0
0
0
0
0
0
0
0
0
0
0
0
0
0
0
0
0
0
0
0
0
0
0
0
0
0
0
0
0
0
0
0
0
0
0
0
0
0
200
200
200
200
200
200
200
200
200
200
200
200
200
200
200
200
200
200
200
200
200
200
200
200
200
200
1.59082108789e-28
1.5608088639e-28
1.52881887318e-28
1.48083527833e-28
1.4355712319e-28
1.37161577548e-28
1.33059019513e-28
1.2996145157e-28
1.27002932813e-28
1.25346678667e-28
1.27651209332e-28
1.33120857647e-28
1.50798741917e-28
8.23240783831e-27
3.3228240815e-25
200
200
200
200
200
5.36064478001e-19
1.54862315647e-24
2.92393952991e-28
0
0
0
0
0
0
0
0
0
0
0
0
0
0
0
0
0
0
0
0
0
0
0
0
0
0
0
0
0
0
0
0
0
0
0
0
0
0
0
0
0
0
0
0
0
0
200
200
200
200
200
200
200
200
200
200
200
200
200
200
200
200
200
200
200
200
200
200
200
200
200
200
200
1.39718240772e-28
1.36713355407e-28
1.33430917102e-28
1.29954641681e-28
1.25775154113e-28
1.20655316052e-28
1.1824267494e-28
1.14247256138e-28
1.10275163881e-28
1.09067490808e-28
1.09082162827e-28
1.11570491065e-28
1.20935197696e-28
2.31827652568e-28
1.59951502747e-25
2.95827949991e-25
200
200
200
200
5.37130635659e-11
2.05588127367e-24
2.10476363833e-24
0
0
0
0
0
0
0
0
0
0
0
0
0
0
0
0
0
0
0
0
0
0
0
0
0
0
0
0
0
0
0
0
0
0
0
0
0
0
0
0
0
0
0
0
0
0
200
200
200
200
200
200
200
200
200
200
200
200
200
200
200
200
200
200
200
200
200
200
200
200
200
200
200
1.25851827741e-28
1.23132404929e-28
1.203957288e-28
1.17086364391e-28
1.13669889382e-28
1.09280289019e-28
1.06559785776e-28
1.01960405269e-28
9.79777437369e-29
9.63014151588e-29
9.53723990927e-29
9.60879320618e-29
1.00391412377e-28
1.20139127966e-28
4.11420319246e-26
4.19655793071e-25
2.64124666386e-25
3.8365178696e-25
200
200
200
1.58412798289e-24
3.16721076251e-24
2.14021888412e-24
0
0
0
0
0
0
0
0
0
0
0
0
0
0
0
0
0
0
0
0
0
0
0
0
0
0
0
0
0
0
0
0
0
0
0
0
0
0
0
0
0
0
0
0
200
200
200
200
200
200
200
200
200
200
200
200
200
200
200
200
200
200
200
200
200
200
200
200
200
200
200
200
1.16397088016e-28
1.13482649277e-28
1.11399318521e-28
1.079512902e-28
1.04115345543e-28
1.00583852537e-28
9.61897797002e-29
9.19560311975e-29
8.75921627875e-29
8.54409295425e-29
8.28885889071e-29
8.19347936919e-29
8.46084239638e-29
9.30264626732e-29
7.2858341338e-27
2.11877441683e-25
2.52626952118e-25
3.86210484376e-25
5.62822782941e-25
7.52007503193e-25
1.13213120839e-24
1.55076860123e-24
2.47406911344e-24
5.60235713652e-24
2.93165158755e-23
0
0
0
0
0
0
0
0
0
0
0
0
0
0
0
0
0
0
0
0
0
0
0
0
0
0
0
0
0
0
0
0
0
0
0
0
0
0
0
0
0
0
0
200
200
200
200
200
200
200
200
200
200
200
200
200
200
200
200
200
200
200
200
200
200
200
200
200
200
200
200
1.09636663361e-28
1.06566195693e-28
1.04251982357e-28
1.01030270403e-28
9.69849212317e-29
9.28082484507e-29
8.79987359134e-29
8.32157206141e-29
7.85600439499e-29
7.4989729225e-29
7.16521565253e-29
7.01253678088e-29
6.99962315281e-29
7.34144255774e-29
9.77487667462e-29
3.98876179557e-26
2.3277288951e-25
3.0571753912e-25
6.37516630861e-25
9.64321310086e-25
1.44640842905e-24
1.96662073021e-24
3.02298275049e-24
7.56053458364e-24
2.1526693443e-23
1.52889033571e-24
0
0
0
0
0
0
0
0
0
0
0
0
0
0
0
0
0
0
0
0
0
0
0
0
0
0
0
0
0
0
0
0
0
0
0
0
0
0
0
0
0
0
200
200
200
200
200
200
200
200
200
200
200
200
200
200
200
200
200
200
200
200
200
200
200
200
200
200
200
200
1.05580397332e-28
1.01684973895e-28
9.91322075614e-29
9.57153648805e-29
9.0708919965e-29
8.61963582226e-29
8.08740177818e-29
7.5418241049e-29
7.06309420345e-29
6.63418484308e-29
6.27733884437e-29
6.00499200611e-29
5.79627660714e-29
5.80659646279e-29
6.31752582304e-29
3.43123311876e-27
6.65337664703e-26
1.52247449417e-25
3.4337300602e-25
6.51440853971e-25
1.26980063987e-24
2.20973330112e-24
3.99856437451e-24
5.15164489311e-24
5.31962377803e-24
1.32950901419e-23
0
0
0
0
0
0
0
0
0
0
0
0
0
0
0
0
0
0
0
0
0
0
0
0
0
0
0
0
0
0
0
0
0
0
0
0
0
0
0
0
0
0
200
200
200
200
200
200
200
200
200
200
200
200
200
200
200
200
200
200
200
200
200
200
200
200
200
200
200
200
1.04354073689e-28
9.92828527793e-29
9.60153551523e-29
9.1706953774e-29
8.64897413773e-29
8.07897528134e-29
7.49189823809e-29
6.93610098194e-29
6.39993178079e-29
5.94016058346e-29
5.57283283826e-29
5.24605435118e-29
5.04353302526e-29
4.86555541269e-29
4.86681717637e-29
5.50387773125e-29
9.01038777038e-27
4.4263382952e-26
9.95630668609e-26
2.27924289973e-25
4.36454421515e-25
8.99312545516e-25
1.68732132186e-24
2.77174411434e-24
3.46387901918e-24
5.4495712408e-24
3.51509740191e-23
6.31912895129e-17
0
0
0
0
0
0
0
0
0
0
0
0
0
0
0
0
0
0
0
0
0
0
0
0
0
0
0
0
0
0
0
0
0
0
0
0
0
0
0
200
200
200
200
200
200
200
200
200
200
200
200
200
200
200
200
200
200
200
200
200
200
200
200
200
200
200
200
200
1.07469856647e-28
9.98409073362e-29
9.53902852214e-29
9.02168143978e-29
8.35493415064e-29
7.71081707248e-29
7.06639671208e-29
6.43984056005e-29
5.90276804629e-29
5.41464177218e-29
5.02070847073e-29
4.71869195787e-29
4.43182055349e-29
4.1617415135e-29
4.04845441897e-29
4.05688321704e-29
7.82792112021e-29
7.53382785837e-27
1.93017232083e-26
4.42671089433e-26
9.49453074194e-26
2.01423022613e-25
4.08726551446e-25
8.62907650414e-25
1.62150011833e-24
3.39463471631e-24
4.39566693228e-17
115.273901221
0
0
0
0
0
0
0
0
0
0
0
0
0
0
0
0
0
0
0
0
0
0
0
0
0
0
0
0
0
0
0
0
0
0
0
0
0
0
0
200
200
200
200
200
200
200
200
200
200
200
200
200
200
200
200
200
200
200
200
200
200
200
200
200
200
200
200
200
200
1.06209074208e-28
9.84783046501e-29
9.01878704598e-29
8.24306514089e-29
7.47354147077e-29
6.7721260489e-29
6.11880390653e-29
5.5598262205e-29
5.05928683606e-29
4.67091721289e-29
4.28730223765e-29
3.95705332954e-29
3.6595844256e-29
3.35689621568e-29
3.19319021704e-29
3.20932722468e-29
4.42709280234e-28
3.76158905647e-27
7.81341724286e-27
1.51286809387e-26
2.68950854272e-26
5.11985788595e-26
1.32153465586e-25
5.43675848734e-25
1.55314815602e-22
1.51727301416e-16
1.49108232885e-24
69.0592300843
0
0
0
0
0
0
0
0
0
0
0
0
0
0
0
0
0
0
0
0
0
0
0
0
0
0
0
0
0
0
0
0
0
0
0
0
0
0
200
200
200
200
200
200
200
200
200
200
200
200
200
200
200
200
200
200
200
200
200
200
200
200
200
200
200
200
200
2.55610070237e-14
1.23783586621e-28
1.0824103481e-28
9.45175143147e-29
8.35317100081e-29
7.40412175914e-29
6.58302023885e-29
5.87829168514e-29
5.2407524367e-29
4.79580812003e-29
4.35034917505e-29
3.9572065708e-29
3.56668735092e-29
3.19146534804e-29
2.84319698949e-29
2.55824726926e-29
2.37319411937e-29
2.43559411139e-29
4.00233467816e-28
1.25496545015e-27
2.30107719748e-27
3.81599206642e-27
5.55058078764e-27
7.68417512985e-27
1.37893738901e-26
6.65605039618e-26
4.67918171743e-25
5.68868251255e-26
200
0
0
0
0
0
0
0
0
0
0
0
0
0
0
0
0
0
0
0
0
0
0
0
0
0
0
0
0
0
0
0
0
0
0
0
0
0
200
200
200
200
200
200
200
200
200
200
200
200
200
200
200
200
200
200
200
200
200
200
200
200
200
200
200
200
200
200
5.96111151892e-23
1.76156633746e-28
1.32564683784e-28
1.04618162026e-28
8.7071532857e-29
7.46134935111e-29
6.51158159422e-29
5.70632558906e-29
5.09961845177e-29
4.57136676447e-29
4.1220100497e-29
3.70570782433e-29
3.28048387705e-29
2.85234467633e-29
2.47091584162e-29
2.16019411204e-29
1.8939826055e-29
1.69857794729e-29
2.18589635144e-29
1.40704328841e-28
2.61135511429e-28
4.52722959865e-28
6.53484945283e-28
6.08636106322e-28
4.34997541302e-28
1.29448722511e-28
1.13079360525e-28
4.92374954007e-29
7.66707742399e-28
200
0
0
0
0
0
0
0
0
0
0
0
0
0
0
0
0
0
0
0
0
0
0
0
0
0
0
0
0
0
0
0
0
0
0
0
0
200
200
200
200
200
200
200
200
200
200
200
200
200
200
200
200
200
200
200
200
200
200
200
200
200
200
200
200
200
200
4.41273614482e-22
5.32411511055e-20
156.944429889
1.23407335666e-28
9.28317367294e-29
7.63638122762e-29
6.4959164845e-29
5.62428873946e-29
4.99259524514e-29
4.45883099874e-29
3.96253058435e-29
3.53251824159e-29
3.09435103863e-29
2.65711897507e-29
2.26925966952e-29
1.91673157992e-29
1.51859756394e-29
9.83287428094e-30
1.06637866213e-29
1.89444418579e-29
3.47784352011e-29
4.88244107924e-29
4.67083270697e-29
2.66407621277e-29
3.46988774108e-29
4.85174213475e-29
8.24208609002e-29
1.39846816077e-28
9.33592289082e-28
1.29865915973e-26
0
0
0
0
0
0
0
0
0
0
0
0
0
0
0
0
0
0
0
0
0
0
0
0
0
0
0
0
0
0
0
0
0
0
0
1.00103743193e-31
200
200
200
200
200
200
200
200
200
200
200
200
200
200
200
200
200
200
200
200
200
200
200
200
200
200
200
200
200
200
1.60295792166e-21
5.19143653298e-23
5.78061728608e-17
200
3.30005976732e-12
7.84190252087e-29
6.47565043994e-29
5.57303712622e-29
4.92099814217e-29
4.37054437916e-29
3.89268701418e-29
3.43760376033e-29
2.96102017663e-29
2.52638886222e-29
2.10631982329e-29
1.66254679222e-29
1.18034368972e-29
6.30900394993e-30
1.11856325382e-30
1.99858063648e-30
2.33559281067e-30
2.65151058129e-30
5.92991937502e-30
8.61130625111e-30
1.42015745582e-29
2.95746394509e-29
7.41403665845e-29
2.84318535234e-28
1.58183274517e-27
1.42361106243e-27
4.74175625651e-32
0
0
0
0
0
0
0
0
0
0
0
0
0
0
0
0
0
0
0
0
0
0
0
0
0
0
0
0
0
0
0
0
0
0
200
200
200
200
200
200
200
200
200
200
200
200
200
200
200
200
200
200
200
200
200
200
200
200
200
200
200
200
200
200
200
1.27422967974e-21
1.35354051136e-21
1.39552238874e-21
2.70874406692e-21
5.66587346289e-16
200
200
5.78561116545e-29
4.9892229501e-29
4.40258056186e-29
3.89149561335e-29
3.42261050768e-29
2.87977503481e-29
2.46493054322e-29
2.03337561036e-29
1.67617951513e-29
1.23955416851e-29
5.94186964585e-30
1.11856325382e-30
1.80589055413e-30
2.28290663004e-30
2.59882440066e-30
3.28050387468e-30
7.68513095856e-30
1.08400459384e-29
2.30408876831e-29
6.67263299261e-29
1.39885224302e-28
2.63523501162e-28
1.08016377128e-29
7.68397782928e-27
0
0
0
0
0
0
0
0
0
0
0
0
0
0
0
0
0
0
0
0
0
0
0
0
0
0
0
0
0
0
0
0
0
0
200
200
200
200
200
200
200
200
200
200
200
200
200
200
200
200
200
200
200
200
200
200
200
200
200
200
200
200
200
200
193.441400425
)
;

boundaryField
{
    frontAndBack
    {
        type            empty;
    }
    leftWall
    {
        type            calculated;
        value           uniform 0;
    }
    outlet
    {
        type            calculated;
        value           uniform 0;
    }
    rightWall
    {
        type            calculated;
        value           uniform 0;
    }
    inlet
    {
        type            calculated;
        value           uniform 7.08739786889e-26;
    }
}


// ************************************************************************* //
