/*--------------------------------*- C++ -*----------------------------------*\
| =========                 |                                                 |
| \\      /  F ield         | OpenFOAM: The Open Source CFD Toolbox           |
|  \\    /   O peration     | Version:  v1906                                 |
|   \\  /    A nd           | Web:      www.OpenFOAM.com                      |
|    \\/     M anipulation  |                                                 |
\*---------------------------------------------------------------------------*/
FoamFile
{
    version     2.0;
    format      ascii;
    class       volScalarField;
    location    "96";
    object      alpha;
}
// * * * * * * * * * * * * * * * * * * * * * * * * * * * * * * * * * * * * * //

dimensions      [0 0 -1 0 0 0 0];


internalField   nonuniform List<scalar> 
9216
(
99.9859897471
99.9901385608
99.989931132
99.989931132
99.9888861753
99.9896479488
99.9896479488
99.9896479488
99.9896479488
99.9896479488
99.9888015338
99.9873681226
99.9857754435
99.9857754435
99.9857754435
99.9857754435
99.9857754435
99.9857754435
99.9857754435
99.9857754435
99.9857754435
99.9857754435
99.9857754435
99.9857754435
99.9857754435
99.9857754435
99.9835906985
99.9835906985
99.9851833776
99.9866167888
99.9866167888
99.979748486
99.9789563955
99.9828881865
99.9846505183
99.9846505183
99.9846505183
99.9837100572
99.9837100572
99.9837100572
99.9837100572
99.9812825627
99.9812825627
99.9812825627
99.9812825627
99.9812825627
99.9812825627
99.9812825627
99.9812825627
99.9812825627
99.9812825627
99.9812825627
99.9812825627
99.9812825627
99.9812825627
99.9812825627
99.9812825627
99.9832170623
99.9837100572
99.9837100572
99.9837100572
99.9837100572
99.9837100572
99.9834335905
99.9803496848
99.9740895114
99.9701328782
99.9693407273
99.9671186278
99.9656827365
99.9643292046
99.9632797888
99.9623334589
99.9620269387
99.9617166226
99.9614995819
99.9608650703
99.9594782061
99.9574138802
99.9543749034
99.9493974004
99.939982611
99.9269203124
99.9062188904
99.876199057
99.8312401543
99.8094977993
99.7622369797
99.3251430584
95.4207453131
86.5024462371
66.0518329993
46.2915002473
28.6369746117
16.2463399368
2.43974853808
99.9888861753
99.989931132
99.9906929055
99.9906929055
99.9906929055
99.9906929055
99.9896479488
99.9888861753
99.9888861753
99.9888861753
99.9888861753
99.9888861753
99.9888861753
99.9888861753
99.985860085
99.985860085
99.985860085
99.9888861753
99.9888861753
99.9888861753
99.9880397603
99.9866063491
99.985665888
99.985665888
99.985665888
99.985665888
99.985665888
99.983481143
99.983481143
99.983481143
99.9810536486
99.9810536486
99.9790873781
99.9790873781
99.9790873781
99.9790873781
99.9790873781
99.9790873781
99.9790873781
99.9773177346
99.9757250555
99.9757250555
99.9757250555
99.9757250555
99.9757250555
99.9730278394
99.9730278394
99.9730278394
99.9730278394
99.9730278394
99.9730278394
99.9730278394
99.9730278394
99.9730278394
99.9730278394
99.9730278394
99.9730278394
99.9719144521
99.9689168563
99.9689168563
99.9689168563
99.9689168563
99.9689168563
99.9689168563
99.9733508922
99.9656985519
99.9610846368
99.9569303737
99.9531894423
99.9540471952
99.9520623662
99.9499988967
99.9485433169
99.9481277111
99.9478901926
99.9479383329
99.9480934835
99.9463681175
99.9512622328
99.947324988
99.9408748781
99.9463074382
99.9354638296
99.9290698269
99.9056897182
99.8736202452
99.8422541641
99.7922267435
99.6870933849
98.1644575676
92.2121476014
78.0516789523
58.5975006521
41.3281174552
27.3448751473
16.3910190899
99.9888861753
99.9906929055
99.9906929055
99.989931132
99.989931132
99.989931132
99.989931132
99.9888861753
99.9888861753
99.9888861753
99.9880397603
99.9880397603
99.9880397603
99.9880397603
99.9880397603
99.9870992992
99.9870992992
99.985665888
99.985665888
99.985665888
99.985665888
99.985665888
99.985665888
99.985665888
99.985665888
99.985665888
99.9818884639
99.9794609695
99.9794609695
99.977494699
99.977494699
99.9757250555
99.9757250555
99.9757250555
99.9730278394
99.9730278394
99.9730278394
99.9730278394
99.9730278394
99.9730278394
99.9730278394
99.9730278394
99.9730278394
99.9730278394
99.9700309327
99.9700309327
99.9700309327
99.9659199495
99.9622200647
99.9622200647
99.9588901683
99.9543224093
99.9543224093
99.9543224093
99.9543224093
99.9543224093
99.9543224093
99.9543224093
99.9543224093
99.9543224093
99.9543224093
99.9543224093
99.9543224093
99.9543224093
99.9507404524
99.9407920113
99.9299232806
99.9214866287
99.9139827454
99.9085304045
99.9143104315
99.9104584516
99.9074882908
99.9214223158
99.9199748415
99.915319387
99.9111664979
99.905860798
99.8995973699
99.9292529374
99.9204107217
99.9207648137
99.9021902152
99.8748097451
99.8408260041
99.8121924828
99.7338210161
99.6441733723
99.6599893835
99.2551648155
92.5062556804
77.7536313944
62.9824751988
50.5606573224
42.2755564769
30.0673229879
99.9896479488
99.989931132
99.989931132
99.989931132
99.989931132
99.989931132
99.9888861753
99.9888861753
99.9880397603
99.9880397603
99.9880397603
99.9880397603
99.9880397603
99.9870992992
99.985665888
99.985665888
99.985665888
99.985665888
99.985665888
99.985665888
99.985665888
99.985665888
99.9840732089
99.9840732089
99.9818884639
99.9794609695
99.977494699
99.9757250555
99.9757250555
99.9757250555
99.9730278394
99.9730278394
99.9730278394
99.9730278394
99.9730278394
99.9730278394
99.9730278394
99.9700309327
99.9700309327
99.9700309327
99.9700309327
99.9700309327
99.9625900532
99.9588901683
99.9588901683
99.9543224093
99.9543224093
99.9543224093
99.9543224093
99.9543224093
99.9543224093
99.9543224093
99.9543224093
99.9492471214
99.9492471214
99.9492471214
99.9492471214
99.9492471214
99.9492471214
99.9492471214
99.9492471214
99.9492471214
99.9492471214
99.9492471214
99.9467139754
99.9340661313
99.9204653186
99.9107596412
99.9023503257
99.8968890593
99.893323443
99.8907305929
99.8981005656
99.8961241117
99.8939295022
99.8915517831
99.8884490872
99.8828340936
99.8741790928
99.8580351641
99.8357498509
99.8088351883
99.8000710369
99.7561398069
99.7692850703
99.6944190341
99.5764356407
99.6581619844
99.5343412572
98.85576854
93.6024991018
84.3294976176
69.4611742803
64.0181256768
57.898381692
44.8001520263
99.9896479488
99.989931132
99.989931132
99.989931132
99.989931132
99.989931132
99.989931132
99.9880397603
99.9880397603
99.9880397603
99.9880397603
99.9880397603
99.9870992992
99.985665888
99.985665888
99.985665888
99.985665888
99.985665888
99.985665888
99.985665888
99.9840732089
99.9840732089
99.9840732089
99.9818884639
99.9794609695
99.9757250555
99.9757250555
99.9730278394
99.9730278394
99.9730278394
99.9730278394
99.9730278394
99.9730278394
99.9700309327
99.9700309327
99.9700309327
99.9700309327
99.9700309327
99.9667010363
99.9667010363
99.9588901683
99.9588901683
99.9543224093
99.9543224093
99.9543224093
99.9543224093
99.9543224093
99.9492471214
99.9492471214
99.9492471214
99.9492471214
99.9492471214
99.9492471214
99.9492471214
99.9436079127
99.9436079127
99.9436079127
99.9436079127
99.9436079127
99.9436079127
99.9436079127
99.9436079127
99.9436079127
99.9436079127
99.9294633512
99.900308125
99.8852134266
99.8721464698
99.8631146266
99.8618419473
99.8618419473
99.8618419473
99.8618419473
99.8641770552
99.867736517
99.8775191821
99.8799288306
99.877554856
99.8742999696
99.8652907582
99.8582830803
99.8552332608
99.8069336248
99.7582032117
99.6961172927
99.612172308
99.5016113988
99.4416330432
99.3675742946
97.4328643582
95.3700324742
90.8335243373
83.9566061522
76.768017615
76.0078145763
61.7131887675
99.9906929055
99.989931132
99.989931132
99.989931132
99.989931132
99.989931132
99.9890847171
99.9890847171
99.9880397603
99.9880397603
99.9880397603
99.9880397603
99.985665888
99.985665888
99.985665888
99.985665888
99.985665888
99.985665888
99.9840732089
99.9840732089
99.9840732089
99.9840732089
99.9840732089
99.9794609695
99.9757250555
99.9757250555
99.9730278394
99.9730278394
99.9730278394
99.9730278394
99.9730278394
99.9700309327
99.9700309327
99.9700309327
99.9700309327
99.9700309327
99.9667010363
99.9667010363
99.9588901683
99.9588901683
99.9543224093
99.9543224093
99.9543224093
99.9543224093
99.9492471214
99.9492471214
99.9492471214
99.9492471214
99.9492471214
99.9436079127
99.9436079127
99.9436079127
99.9436079127
99.9436079127
99.9373421252
99.9373421252
99.9373421252
99.9373421252
99.9303801391
99.9303801391
99.922644599
99.922644599
99.922644599
99.8653505753
99.8322835891
99.8100982768
99.8035744459
99.7758978802
99.7641076956
99.7641076956
99.7535458359
99.7367184211
99.7489525119
99.7736577451
99.7736577451
99.7736577451
99.7822527897
99.8146386768
99.8216006629
99.8159202616
99.8318309859
99.8102990485
99.7823322719
99.7669744852
99.7242070162
99.6380947064
99.5821156383
99.4423127582
99.1908296643
97.0492685824
95.2638402641
94.4125801656
92.163866043
87.888546673
88.304390751
78.3712345176
99.9906929055
99.989931132
99.989931132
99.989931132
99.989931132
99.9890847171
99.9890847171
99.9890847171
99.9880397603
99.9880397603
99.9880397603
99.985665888
99.985665888
99.985665888
99.985665888
99.985665888
99.985665888
99.9840732089
99.9840732089
99.9840732089
99.9840732089
99.9840732089
99.9818884639
99.9757250555
99.9730278394
99.9730278394
99.9730278394
99.9730278394
99.9730278394
99.9730278394
99.9700309327
99.9700309327
99.9700309327
99.9700309327
99.9700309327
99.9667010363
99.9630011515
99.9588901683
99.9543224093
99.9543224093
99.9543224093
99.9543224093
99.9492471214
99.9492471214
99.9492471214
99.9492471214
99.9436079127
99.9436079127
99.9436079127
99.9436079127
99.9436079127
99.9373421252
99.9373421252
99.9373421252
99.9303801391
99.9303801391
99.922644599
99.922644599
99.9140495544
99.9140495544
99.9140495544
99.8358337447
99.8005482273
99.7534965295
99.726107255
99.726107255
99.6956747278
99.6618608086
99.6618608086
99.6618608086
99.6465698505
99.6242897874
99.6242897874
99.6242897874
99.6618608086
99.6618608086
99.6618608086
99.6618608086
99.6956747278
99.6948180768
99.7141463859
99.7154960453
99.686684257
99.6869672751
99.6750446894
99.6658362201
99.5795943101
99.4550909237
99.2339202413
98.5067916903
96.5348084023
95.5348687381
95.8538071709
92.9588099254
92.2996632986
87.6812500764
99.9906929055
99.989931132
99.989931132
99.989931132
99.989931132
99.9890847171
99.9890847171
99.9890847171
99.9880397603
99.9880397603
99.9866063491
99.985665888
99.985665888
99.985665888
99.985665888
99.985665888
99.9840732089
99.9840732089
99.9840732089
99.9840732089
99.9840732089
99.9840732089
99.9757250555
99.9757250555
99.9730278394
99.9730278394
99.9730278394
99.9730278394
99.9700309327
99.9700309327
99.9700309327
99.9700309327
99.9700309327
99.9667010363
99.9667010363
99.9630011515
99.9588901683
99.9543224093
99.9543224093
99.9543224093
99.9492471214
99.9492471214
99.9492471214
99.9492471214
99.9436079127
99.9436079127
99.9436079127
99.9436079127
99.9436079127
99.9373421252
99.9373421252
99.9303801391
99.9303801391
99.922644599
99.922644599
99.9140495544
99.9140495544
99.9140495544
99.9044995049
99.8558005258
99.7899370611
99.7534965295
99.726107255
99.6956747278
99.6618608086
99.6242897874
99.6242897874
99.5825442082
99.5825442082
99.5825442082
99.5361602313
99.5361602313
99.5361602313
99.5361602313
99.5361602313
99.5361602313
99.5361602313
99.5825442082
99.5825442082
99.5825442082
99.6242897874
99.6242897874
99.6377378393
99.6283511344
99.6016552203
99.5561343867
99.4237441723
99.4218992159
99.3748890605
99.2015336578
98.3652900955
96.8173409726
96.5691661476
96.9735977185
94.8604362317
91.6095481019
99.9906929055
99.989931132
99.989931132
99.989931132
99.9890847171
99.9890847171
99.9890847171
99.9890847171
99.9880397603
99.9880397603
99.9866063491
99.985665888
99.985665888
99.9840732089
99.9840732089
99.9840732089
99.9840732089
99.9840732089
99.9840732089
99.9840732089
99.9840732089
99.977691326
99.9757250555
99.9730278394
99.9730278394
99.9730278394
99.9730278394
99.9700309327
99.9700309327
99.9700309327
99.9700309327
99.9700309327
99.9667010363
99.9667010363
99.9630011515
99.9588901683
99.9543224093
99.9543224093
99.9543224093
99.9492471214
99.9492471214
99.9492471214
99.9492471214
99.9436079127
99.9436079127
99.9436079127
99.9436079127
99.9373421252
99.9373421252
99.9373421252
99.9303801391
99.9303801391
99.922644599
99.922644599
99.9140495544
99.9140495544
99.9044995049
99.9044995049
99.7899370611
99.7534965295
99.726107255
99.6956747278
99.6618608086
99.6242897874
99.5825442082
99.5825442082
99.5361602313
99.4846224793
99.4846224793
99.4846224793
99.4273583103
99.4273583103
99.4273583103
99.4273583103
99.4273583103
99.4273583103
99.4273583103
99.4273583103
99.4273583103
99.4846224793
99.4846224793
99.5361602313
99.5361602313
99.5771716735
99.5611413875
99.5273775789
99.4758241633
99.3803496479
99.2617739665
99.2082615836
99.1016405192
98.7504541348
97.5176159251
98.7268270356
97.3682268663
94.4535312539
99.9906929055
99.989931132
99.989931132
99.989931132
99.9890847171
99.9890847171
99.9890847171
99.9890847171
99.9880397603
99.9880397603
99.9866063491
99.985665888
99.9840732089
99.9840732089
99.9840732089
99.9840732089
99.9840732089
99.9840732089
99.9840732089
99.9840732089
99.9818884639
99.9757250555
99.9730278394
99.9730278394
99.9730278394
99.9730278394
99.9700309327
99.9700309327
99.9700309327
99.9700309327
99.9700309327
99.9667010363
99.9667010363
99.9630011515
99.9588901683
99.9543224093
99.9543224093
99.9492471214
99.9492471214
99.9492471214
99.9492471214
99.9436079127
99.9436079127
99.9436079127
99.9436079127
99.9373421252
99.9373421252
99.9373421252
99.9303801391
99.9303801391
99.922644599
99.922644599
99.9140495544
99.9140495544
99.9044995049
99.9044995049
99.8938883388
99.7781468766
99.726107255
99.6956747278
99.6618608086
99.6242897874
99.5825442082
99.5361602313
99.4846224793
99.4846224793
99.4273583103
99.4273583103
99.3637314559
99.3637314559
99.318502758
99.293034951
99.293034951
99.293034951
99.293034951
99.293034951
99.293034951
99.293034951
99.293034951
99.293034951
99.3637314559
99.3637314559
99.4273583103
99.4273583103
99.484128917
99.4915412268
99.4535383944
99.3573408152
99.2811611743
99.2369447365
99.1386692559
99.1360472254
99.0064515583
99.0165914189
98.9760390871
96.498881677
99.9906929055
99.989931132
99.989931132
99.989931132
99.9890847171
99.9890847171
99.9890847171
99.9890847171
99.9880397603
99.9866063491
99.9866063491
99.985665888
99.9840732089
99.9840732089
99.9840732089
99.9840732089
99.9840732089
99.9840732089
99.9840732089
99.9840732089
99.977691326
99.9757250555
99.9730278394
99.9730278394
99.9730278394
99.9700309327
99.9700309327
99.9700309327
99.9700309327
99.9700309327
99.9667010363
99.9667010363
99.9630011515
99.9588901683
99.9543224093
99.9543224093
99.9492471214
99.9492471214
99.9492471214
99.9492471214
99.9436079127
99.9436079127
99.9436079127
99.9436079127
99.9373421252
99.9373421252
99.9373421252
99.9303801391
99.9303801391
99.922644599
99.922644599
99.9140495544
99.9140495544
99.9044995049
99.9044995049
99.8631594627
99.7534965295
99.6956747278
99.6618608086
99.6242897874
99.5825442082
99.5361602313
99.4846224793
99.4846224793
99.4273583103
99.3637314559
99.3637314559
99.293034951
99.293034951
99.2144832789
99.2144832789
99.2144832789
99.2144832789
99.1427686245
99.1272036432
99.1272036432
99.1272036432
99.1272036432
99.2144832789
99.2144832789
99.2144832789
99.2144832789
99.293034951
99.293034951
99.3637314559
99.4273583103
99.404423574
99.3639605435
99.3009656641
99.3067511602
99.179360307
99.1176930967
99.1450272262
99.0376263863
99.1683513221
97.8697566026
99.9919829756
99.989931132
99.989931132
99.989931132
99.9890847171
99.9890847171
99.9890847171
99.9890847171
99.9880397603
99.9866063491
99.985665888
99.9840732089
99.9840732089
99.9840732089
99.9840732089
99.9840732089
99.9840732089
99.9840732089
99.9840732089
99.9823035655
99.9757250555
99.9730278394
99.9730278394
99.9730278394
99.9700309327
99.9700309327
99.9700309327
99.9700309327
99.9667010363
99.9667010363
99.9667010363
99.9630011515
99.9588901683
99.9543224093
99.9543224093
99.9492471214
99.9492471214
99.9492471214
99.9492471214
99.9436079127
99.9436079127
99.9436079127
99.9373421252
99.9373421252
99.9373421252
99.9303801391
99.9303801391
99.922644599
99.922644599
99.9140495544
99.9140495544
99.9044995049
99.9044995049
99.8938883388
99.8659250615
99.7534965295
99.6956747278
99.6618608086
99.6242897874
99.5361602313
99.4846224793
99.4846224793
99.4273583103
99.3637314559
99.293034951
99.293034951
99.2144832789
99.2144832789
99.1272036432
99.1272036432
99.1272036432
99.1272036432
99.0302262702
99.0302262702
99.0302262702
99.0302262702
99.0302262702
99.0302262702
99.0302262702
99.0302262702
99.1272036432
99.1272036432
99.1272036432
99.2144832789
99.2144832789
99.293034951
99.292489174
99.2885898472
99.3467128641
99.2970378969
99.2496798986
99.1742860557
99.1347279488
99.2086706151
99.0817691004
98.5597978122
99.9919829756
99.9912212021
99.9912212021
99.989931132
99.9890847171
99.9890847171
99.9890847171
99.9890847171
99.9880397603
99.9866063491
99.985665888
99.9840732089
99.9840732089
99.9840732089
99.9840732089
99.9840732089
99.9840732089
99.9840732089
99.9823035655
99.9757250555
99.9757250555
99.9730278394
99.9730278394
99.9700309327
99.9700309327
99.9700309327
99.9700309327
99.9667010363
99.9667010363
99.9667010363
99.9630011515
99.9588901683
99.9543224093
99.9543224093
99.9492471214
99.9492471214
99.9492471214
99.9436079127
99.9436079127
99.9436079127
99.9436079127
99.9373421252
99.9373421252
99.9373421252
99.9303801391
99.9303801391
99.922644599
99.922644599
99.9140495544
99.9140495544
99.9044995049
99.9044995049
99.8938883388
99.8659250615
99.726107255
99.6956747278
99.6242897874
99.5825442082
99.5361602313
99.4846224793
99.4273583103
99.3637314559
99.293034951
99.2144832789
99.2144832789
99.1272036432
99.1272036432
99.0302262702
99.0302262702
99.0302262702
99.0302262702
98.9224736336
98.9224736336
98.9224736336
98.9224736336
98.9224736336
98.9224736336
98.9224736336
98.9224736336
98.9224736336
98.9224736336
99.0302262702
99.0302262702
99.0302262702
99.1272036432
99.1272036432
99.2144832789
99.293034951
99.3177310562
99.2774425614
99.2108752228
99.2111270612
99.1001836013
99.1224396556
99.1478247178
98.6998200231
99.9919829756
99.9923822652
99.9912212021
99.989931132
99.9890847171
99.9890847171
99.9890847171
99.9890847171
99.9880397603
99.9866063491
99.985665888
99.9840732089
99.9840732089
99.9840732089
99.9840732089
99.9840732089
99.9840732089
99.9823035655
99.9823035655
99.9757250555
99.9730278394
99.9730278394
99.9730278394
99.9700309327
99.9700309327
99.9700309327
99.9667010363
99.9667010363
99.9667010363
99.9630011515
99.9588901683
99.9543224093
99.9543224093
99.9492471214
99.9492471214
99.9492471214
99.9436079127
99.9436079127
99.9436079127
99.9373421252
99.9373421252
99.9373421252
99.9303801391
99.9303801391
99.9303801391
99.922644599
99.922644599
99.9140495544
99.9140495544
99.9044995049
99.9044995049
99.8938883388
99.8820981542
99.726107255
99.6618608086
99.6242897874
99.5361602313
99.4846224793
99.4273583103
99.3637314559
99.293034951
99.2144832789
99.1272036432
99.1272036432
99.0302262702
99.0302262702
98.9224736336
98.9224736336
98.9224736336
98.9224736336
98.8027484817
98.8027484817
98.8027484817
98.8027484817
98.8027484817
98.8027484817
98.8027484817
98.8027484817
98.8027484817
98.8027484817
98.8027484817
98.8027484817
98.9224736336
98.9224736336
98.9224736336
99.0302262702
99.0302262702
99.1272036432
99.2144832789
99.2449569039
99.1762352226
99.1517437247
99.1443870089
99.0501091444
99.1903918484
98.6586739706
99.9919829756
99.9923822652
99.9923822652
99.9912212021
99.9890847171
99.9890847171
99.9890847171
99.9890847171
99.9880397603
99.9866063491
99.985665888
99.9840732089
99.9840732089
99.9840732089
99.9840732089
99.9840732089
99.9823035655
99.9823035655
99.9781525499
99.9757250555
99.9730278394
99.9730278394
99.9700309327
99.9700309327
99.9700309327
99.9667010363
99.9667010363
99.9630011515
99.9630011515
99.9588901683
99.9588901683
99.9543224093
99.9543224093
99.9492471214
99.9492471214
99.9436079127
99.9436079127
99.9436079127
99.9373421252
99.9373421252
99.9373421252
99.9303801391
99.9303801391
99.922644599
99.922644599
99.9140495544
99.9140495544
99.9140495544
99.9044995049
99.9044995049
99.8938883388
99.8820981542
99.726107255
99.6618608086
99.5825442082
99.5361602313
99.4273583103
99.3637314559
99.293034951
99.1272036432
99.1272036432
99.0302262702
98.9224736336
98.9224736336
98.8027484817
98.8027484817
98.8027484817
98.8027484817
98.8027484817
98.6697205353
98.6697205353
98.6697205353
98.6697205353
98.6697205353
98.6697205353
98.6697205353
98.6697205353
98.6697205353
98.6697205353
98.6697205353
98.6697205353
98.6697205353
98.8027484817
98.8027484817
98.8027484817
98.9224736336
98.9224736336
99.0302262702
99.1272036432
99.1728693889
99.1939672037
99.1159498404
99.1217877397
99.1000812968
99.0843309778
98.6310299213
99.9931440387
99.9923822652
99.9923822652
99.9923822652
99.9903747871
99.9890847171
99.9890847171
99.9890847171
99.9866063491
99.985665888
99.985665888
99.9840732089
99.9840732089
99.9840732089
99.9840732089
99.9823035655
99.9823035655
99.980337295
99.9757250555
99.9730278394
99.9730278394
99.9730278394
99.9700309327
99.9700309327
99.9667010363
99.9667010363
99.9630011515
99.9630011515
99.9588901683
99.9588901683
99.9543224093
99.9543224093
99.9492471214
99.9492471214
99.9436079127
99.9436079127
99.9436079127
99.9373421252
99.9373421252
99.9303801391
99.9303801391
99.9303801391
99.922644599
99.922644599
99.9140495544
99.9140495544
99.9044995049
99.9044995049
99.8938883388
99.8938883388
99.8820981542
99.726107255
99.6618608086
99.5825442082
99.4846224793
99.3637314559
99.2144832789
99.1272036432
98.9224736336
98.8027484817
98.8027484817
98.6697205353
98.6697205353
98.6697205353
98.6697205353
98.5219117059
98.5219117059
98.5219117059
98.5219117059
98.5219117059
98.5219117059
98.5219117059
98.5219117059
98.5219117059
98.5219117059
98.5219117059
98.5219117059
98.5219117059
98.5219117059
98.5219117059
98.5219117059
98.6697205353
98.6697205353
98.6697205353
98.6697205353
98.8027484817
98.8027484817
98.9224736336
98.9224736336
99.0302262702
99.1063649941
99.1525098731
99.0978352047
99.0940904346
99.0248054722
98.6762029332
99.9931440387
99.9923822652
99.9923822652
99.9923822652
99.9915358502
99.9903747871
99.9890847171
99.9890847171
99.9866063491
99.985665888
99.9840732089
99.9840732089
99.9840732089
99.9840732089
99.9823035655
99.9823035655
99.9823035655
99.9781525499
99.9757250555
99.9730278394
99.9730278394
99.9700309327
99.9700309327
99.9667010363
99.9667010363
99.9630011515
99.9630011515
99.9588901683
99.9588901683
99.9543224093
99.9543224093
99.9492471214
99.9492471214
99.9436079127
99.9436079127
99.9373421252
99.9373421252
99.9373421252
99.9303801391
99.9303801391
99.922644599
99.922644599
99.922644599
99.9140495544
99.9140495544
99.9044995049
99.9044995049
99.8938883388
99.8938883388
99.8820981542
99.726107255
99.6618608086
99.5361602313
99.4273583103
99.2144832789
98.8027484817
98.3576796732
97.972444041
97.972444041
97.972444041
97.972444041
98.1751996369
98.1751996369
98.1751996369
98.1751996369
98.1751996369
98.3576796732
98.3576796732
98.3576796732
98.3576796732
98.3576796732
98.3576796732
98.3576796732
98.3576796732
98.3576796732
98.3576796732
98.3576796732
98.3576796732
98.3576796732
98.5219117059
98.5219117059
98.5219117059
98.5219117059
98.5219117059
98.5219117059
98.6697205353
98.6697205353
98.8027484817
98.8027484817
98.9224736336
99.0302262702
99.0696057259
99.0529570681
99.0176699988
98.9953322395
98.700880887
99.9931440387
99.9923822652
99.9923822652
99.9923822652
99.9915358502
99.9903747871
99.9890847171
99.9890847171
99.9866063491
99.985665888
99.9840732089
99.9840732089
99.9840732089
99.9840732089
99.9823035655
99.9823035655
99.980337295
99.9757250555
99.9757250555
99.9730278394
99.9700309327
99.9700309327
99.9700309327
99.9667010363
99.9667010363
99.9630011515
99.9588901683
99.9588901683
99.9543224093
99.9543224093
99.9492471214
99.9492471214
99.9436079127
99.9436079127
99.9373421252
99.9373421252
99.9373421252
99.9303801391
99.9303801391
99.922644599
99.922644599
99.9140495544
99.9140495544
99.9140495544
99.9044995049
99.9044995049
99.8938883388
99.8938883388
99.8820981542
99.7534965295
99.6242897874
99.5361602313
99.2144832789
96.9096845617
94.1850262997
92.8210201231
92.7030829783
92.8210201231
92.8210201231
93.5389181108
94.7665236697
95.7608841725
96.5663161797
97.2187161056
97.496844495
97.7471600455
97.7471600455
97.972444041
97.972444041
97.972444041
98.1751996369
98.1751996369
98.1751996369
98.1751996369
98.1751996369
98.1751996369
98.1751996369
98.3576796732
98.3576796732
98.3576796732
98.3576796732
98.3576796732
98.3576796732
98.3576796732
98.5219117059
98.5219117059
98.5219117059
98.6697205353
98.6697205353
98.8027484817
98.9224736336
99.0278932402
99.0813833673
99.0659587588
98.9858170154
98.7329078966
99.9931440387
99.9923822652
99.9923822652
99.9923822652
99.9915358502
99.9915358502
99.9903747871
99.9890847171
99.9866063491
99.985665888
99.9840732089
99.9840732089
99.9840732089
99.9823035655
99.9823035655
99.980337295
99.9781525499
99.9757250555
99.9730278394
99.9730278394
99.9700309327
99.9700309327
99.9667010363
99.9667010363
99.9630011515
99.9588901683
99.9588901683
99.9543224093
99.9543224093
99.9492471214
99.9492471214
99.9436079127
99.9436079127
99.9373421252
99.9373421252
99.9303801391
99.9303801391
99.9303801391
99.922644599
99.922644599
99.9140495544
99.9140495544
99.9044995049
99.9044995049
99.9044995049
99.8938883388
99.8820981542
99.8689979491
99.7781468766
99.6242897874
99.4273583103
92.8210201231
89.0581010868
87.8423345409
86.4914828233
86.4914828233
86.4914828233
87.8423345409
87.8423345409
89.0581010868
90.1522909782
91.1370618803
92.8210201231
93.5389181108
95.2898713028
96.1847957552
96.5663161797
97.2187161056
97.2187161056
97.496844495
97.7471600455
97.7471600455
97.7471600455
97.972444041
97.972444041
97.972444041
97.972444041
98.1751996369
98.1751996369
98.1751996369
98.1751996369
98.1751996369
98.1751996369
98.3576796732
98.3576796732
98.3576796732
98.3576796732
98.5219117059
98.5945331343
98.6697205353
98.8027484817
98.9224736336
99.0808450477
99.1066984462
99.0082508546
98.6850314674
99.9931440387
99.9923822652
99.9923822652
99.9923822652
99.9915358502
99.9915358502
99.9903747871
99.9890847171
99.985665888
99.985665888
99.9840732089
99.9840732089
99.9840732089
99.9823035655
99.980337295
99.9781525499
99.9757250555
99.9757250555
99.9730278394
99.9700309327
99.9700309327
99.9667010363
99.9667010363
99.9630011515
99.9588901683
99.9588901683
99.9543224093
99.9543224093
99.9492471214
99.9492471214
99.9436079127
99.9436079127
99.9373421252
99.9373421252
99.9303801391
99.9303801391
99.922644599
99.922644599
99.9140495544
99.9140495544
99.9140495544
99.9044995049
99.9044995049
99.8938883388
99.8938883388
99.8820981542
99.8689979491
99.838269073
99.6242897874
94.1850262997
86.4914828233
83.3228183003
83.3228183003
83.3228183003
83.3228183003
83.3228183003
83.3228183003
83.3228183003
84.9905364703
84.9905364703
86.4914828233
86.4914828233
87.8423345409
89.0581010868
91.1342420069
92.0233556923
93.5389181108
94.7665236697
95.7608841725
96.5663161797
96.9096845617
97.2187161056
97.496844495
97.496844495
97.496844495
97.7471600455
97.7471600455
97.7471600455
97.972444041
97.972444041
97.972444041
97.972444041
97.972444041
98.1751996369
98.1751996369
98.1751996369
98.3576796732
98.3576796732
98.5219117059
98.5219117059
98.6697205353
98.8027484817
99.0302262702
99.0713159241
99.0365494534
98.631992924
99.9931440387
99.9923822652
99.9923822652
99.9923822652
99.9915358502
99.9915358502
99.9903747871
99.9880397603
99.985665888
99.985665888
99.9840732089
99.9840732089
99.9823035655
99.9823035655
99.980337295
99.9781525499
99.9757250555
99.9730278394
99.9730278394
99.9700309327
99.9667010363
99.9667010363
99.9630011515
99.9588901683
99.9588901683
99.9543224093
99.9543224093
99.9492471214
99.9436079127
99.9436079127
99.9436079127
99.9373421252
99.9373421252
99.9303801391
99.9303801391
99.922644599
99.922644599
99.9140495544
99.9140495544
99.9044995049
99.9044995049
99.8938883388
99.8938883388
99.8938883388
99.8820981542
99.8689979491
99.838269073
99.6242897874
89.0581010868
81.4697981115
79.4108867905
79.4108867905
81.4697981115
81.4697981115
81.4697981115
81.4697981115
81.4697981115
81.4697981115
83.3228183003
83.3228183003
83.3228183003
83.3228183003
84.9905364703
84.9905364703
86.4914828233
87.8423345409
89.0581010868
90.1522909782
92.0233556923
93.5389181108
95.2898713028
95.7608841725
96.5663161797
96.9096845617
97.2187161056
97.2187161056
97.496844495
97.496844495
97.496844495
97.7471600455
97.7471600455
97.7471600455
97.972444041
97.972444041
97.972444041
97.972444041
98.1751996369
98.1751996369
98.3576796732
98.5219117059
98.5219117059
98.8027484817
98.9224736336
99.0524291167
99.0690137956
98.5798382637
99.9931440387
99.9923822652
99.9923822652
99.9923822652
99.9915358502
99.9915358502
99.9903747871
99.9870992992
99.985665888
99.985665888
99.9840732089
99.9840732089
99.9823035655
99.980337295
99.9781525499
99.9757250555
99.9730278394
99.9730278394
99.9700309327
99.9700309327
99.9667010363
99.9630011515
99.9588901683
99.9588901683
99.9543224093
99.9492471214
99.9492471214
99.9436079127
99.9436079127
99.9373421252
99.9373421252
99.9303801391
99.9303801391
99.922644599
99.922644599
99.9140495544
99.9140495544
99.9044995049
99.9044995049
99.9044995049
99.8938883388
99.8938883388
99.8820981542
99.8820981542
99.8689979491
99.838269073
99.6242897874
84.9905364703
62.3194401931
67.9564513548
77.123207545
79.4108867905
79.4108867905
81.4697981115
81.4697981115
81.4697981115
81.4697981115
81.4697981115
81.4697981115
81.4697981115
81.4697981115
81.4697981115
81.4697981115
83.3228183003
83.3228183003
83.3228183003
84.9905364703
86.4914828233
87.8423345409
89.0581010868
91.1370618803
92.8210201231
94.1850262997
95.2898713028
96.1847957552
96.5663161797
96.9096845617
97.1957501746
97.2187161056
97.2187161056
97.496844495
97.496844495
97.7471600455
97.7471600455
97.7471600455
97.972444041
97.972444041
98.1751996369
98.1751996369
98.3576796732
98.5219117059
98.6697205353
98.8027484817
99.0287767297
99.0600947963
98.5538075425
99.9931440387
99.9923822652
99.9923822652
99.9923822652
99.9915358502
99.9915358502
99.9903747871
99.9870992992
99.985665888
99.985665888
99.9840732089
99.9840732089
99.9823035655
99.980337295
99.9781525499
99.9757250555
99.9730278394
99.9700309327
99.9700309327
99.9667010363
99.9630011515
99.9588901683
99.9588901683
99.9543224093
99.9492471214
99.9492471214
99.9436079127
99.9436079127
99.9373421252
99.9373421252
99.9303801391
99.922644599
99.922644599
99.9140495544
99.9140495544
99.9044995049
99.9044995049
99.9044995049
99.8938883388
99.8938883388
99.8820981542
99.8820981542
99.8689979491
99.8544421657
99.838269073
99.6618608086
83.3228183003
65.13215599
46.8559
71.7570463519
77.123207545
79.4108867905
79.4108867905
81.4697981115
81.4697981115
81.4697981115
81.4697981115
81.4697981115
81.4697981115
81.4697981115
81.4697981115
81.4697981115
81.4697981115
81.4697981115
81.4697981115
81.4697981115
81.4697981115
83.3228183003
83.3228183003
84.9905364703
86.4914828233
87.8423345409
90.1522909782
92.0233556923
93.5389181108
94.7665236697
95.7608841725
96.1847957552
96.5663161797
96.9096845617
97.2187161056
97.2187161056
97.2187161056
97.496844495
97.496844495
97.7471600455
97.7471600455
97.972444041
97.972444041
98.1751996369
98.3576796732
98.5219117059
98.6697205353
98.9224736336
99.0200882174
98.5814599327
99.9931440387
99.9923822652
99.9923822652
99.9923822652
99.9915358502
99.9915358502
99.9870992992
99.9870992992
99.985665888
99.9840732089
99.9840732089
99.9823035655
99.980337295
99.9781525499
99.9757250555
99.9730278394
99.9700309327
99.9700309327
99.9667010363
99.9630011515
99.9588901683
99.9588901683
99.9543224093
99.9492471214
99.9492471214
99.9436079127
99.9373421252
99.9373421252
99.9303801391
99.9303801391
99.922644599
99.922644599
99.9140495544
99.9140495544
99.9044995049
99.9044995049
99.8938883388
99.8938883388
99.8820981542
99.8820981542
99.8689979491
99.8689979491
99.8544421657
99.82029897
99.6618608086
86.4914828233
68.618940391
52.17031
46.8559
71.7570463519
79.4108867905
81.4697981115
81.4697981115
83.3228183003
83.3228183003
83.3228183003
83.3228183003
83.3228183003
83.3228183003
83.3228183003
81.4697981115
81.4697981115
81.4697981115
81.4697981115
81.4697981115
79.4108867905
79.4108867905
79.4108867905
81.4697981115
81.4697981115
81.4697981115
83.3228183003
84.9905364703
86.9645939122
89.0581010868
92.0233556923
93.5389181108
94.7665236697
95.7608841725
96.1847957552
96.5663161797
96.9096845617
96.9096845617
97.2187161056
97.2187161056
97.496844495
97.496844495
97.7471600455
97.972444041
97.972444041
98.1751996369
98.3576796732
98.6697205353
98.8027484817
98.9617663504
98.6592065258
99.9931440387
99.9923822652
99.9923822652
99.9923822652
99.9915358502
99.9915358502
99.9870992992
99.985665888
99.985665888
99.9840732089
99.9840732089
99.9823035655
99.9781525499
99.9757250555
99.9730278394
99.9730278394
99.9700309327
99.9667010363
99.9630011515
99.9588901683
99.9588901683
99.9543224093
99.9492471214
99.9436079127
99.9436079127
99.9373421252
99.9303801391
99.9303801391
99.922644599
99.922644599
99.9140495544
99.9044995049
99.9044995049
99.8938883388
99.8938883388
99.8938883388
99.8820981542
99.8820981542
99.8689979491
99.8544421657
99.8544421657
99.838269073
99.82029897
99.6956747278
92.0233556923
74.5813417167
56.953279
40.951
52.17031
74.5813417167
79.4108867905
83.3228183003
83.5988041794
84.9905364703
84.9905364703
86.4914828233
84.9905364703
84.9905364703
84.9905364703
83.3228183003
83.3228183003
83.3228183003
81.4697981115
81.4697981115
81.1384422996
79.4108867905
79.4108867905
79.4108867905
79.4108867905
79.4108867905
79.4108867905
79.4108867905
81.4697981115
81.4697981115
84.9905364703
86.4914828233
89.0581010868
92.0233556923
93.5389181108
94.7665236697
95.7608841725
96.1847957552
96.5663161797
96.5663161797
96.9096845617
97.2187161056
97.2187161056
97.496844495
97.7471600455
97.7471600455
97.972444041
98.2194835859
98.5219117059
98.6697205353
98.9624747272
98.7833647959
99.9931440387
99.9923822652
99.9923822652
99.9923822652
99.9915358502
99.9915358502
99.9870992992
99.985665888
99.985665888
99.9840732089
99.9823035655
99.980337295
99.9781525499
99.9730278394
99.9730278394
99.9700309327
99.9667010363
99.9630011515
99.9588901683
99.9543224093
99.9492471214
99.9492471214
99.9436079127
99.9373421252
99.9373421252
99.9303801391
99.922644599
99.922644599
99.9140495544
99.9044995049
99.9044995049
99.8938883388
99.8938883388
99.8820981542
99.8820981542
99.8689979491
99.8689979491
99.8544421657
99.8544421657
99.838269073
99.82029897
99.8003321889
99.6956747278
98.5219117059
81.4697981115
65.13215599
46.8559
34.39
56.953279
77.123207545
83.3228183003
84.9905364703
87.8423345409
87.8423345409
89.0581010868
89.0581010868
89.0581010868
87.8423345409
87.8423345409
86.4914828233
84.9905364703
84.9905364703
83.3228183003
81.4697981115
81.4697981115
79.4108867905
79.4108867905
79.4108867905
77.123207545
77.123207545
77.123207545
77.123207545
77.123207545
77.123207545
79.4108867905
81.4697981115
83.3228183003
86.4914828233
90.1522909782
92.0233556923
93.5389181108
94.7665236697
95.7608841725
96.1847957552
96.5663161797
96.5663161797
96.9096845617
97.2187161056
97.496844495
97.7471600455
97.972444041
98.1751996369
98.3576796732
98.6697205353
98.9290433549
98.826422189
99.9931440387
99.9923822652
99.9923822652
99.9923822652
99.9915358502
99.9894343261
99.9870992992
99.985665888
99.9840732089
99.9823035655
99.980337295
99.9781525499
99.9730278394
99.9730278394
99.9700309327
99.9667010363
99.9630011515
99.9588901683
99.9543224093
99.9492471214
99.9436079127
99.9373421252
99.9373421252
99.9303801391
99.922644599
99.922644599
99.9140495544
99.9044995049
99.9044995049
99.8938883388
99.8938883388
99.8820981542
99.8689979491
99.8689979491
99.8544421657
99.8544421657
99.838269073
99.838269073
99.82029897
99.8003321889
99.7781468766
99.6956747278
99.4273583103
91.1370618803
74.5813417167
56.953279
40.951
40.951
61.2579511
81.4697981115
86.4914828233
89.0581010868
90.1522909782
91.1370618803
92.0233556923
92.0233556923
92.0233556923
91.1370618803
90.1522909782
89.0581010868
87.8423345409
86.4914828233
84.9905364703
84.9905364703
83.3228183003
81.4697981115
79.4108867905
79.4108867905
77.123207545
77.123207545
77.123207545
74.5813417167
74.5813417167
74.5813417167
74.5813417167
77.123207545
79.4108867905
81.4697981115
84.9905364703
87.8423345409
91.1370618803
92.8210201231
94.1850262997
95.2898713028
95.7608841725
96.1847957552
96.5663161797
96.9096845617
97.2187161056
97.496844495
97.7471600455
97.972444041
98.1751996369
98.5219117059
98.8093182031
98.8088454225
99.9931440387
99.9923822652
99.9923822652
99.9923822652
99.9915358502
99.9870992992
99.985665888
99.9840732089
99.9840732089
99.980337295
99.9781525499
99.9730278394
99.9700309327
99.9667010363
99.9630011515
99.9588901683
99.9543224093
99.9492471214
99.9492471214
99.9436079127
99.9373421252
99.9303801391
99.922644599
99.9140495544
99.9140495544
99.9044995049
99.8938883388
99.8938883388
99.8820981542
99.8820981542
99.8689979491
99.8689979491
99.8544421657
99.838269073
99.838269073
99.82029897
99.82029897
99.8003321889
99.7781468766
99.7534965295
99.6618608086
99.4846224793
98.1751996369
84.9905364703
68.618940391
52.17031
34.39
40.951
68.618940391
84.9905364703
90.1522909782
92.0233556923
93.5389181108
94.1850262997
94.7665236697
94.7665236697
94.7665236697
94.1850262997
93.5389181108
92.8210201231
91.1370618803
90.1522909782
89.0581010868
86.4914828233
84.9905364703
83.3228183003
81.4697981115
81.4697981115
79.4108867905
77.123207545
77.123207545
74.5813417167
74.5813417167
71.7570463519
71.7570463519
71.7570463519
74.5813417167
77.123207545
79.4108867905
83.3228183003
86.4914828233
90.1522909782
92.0233556923
93.5389181108
94.7665236697
95.2898713028
96.1847957552
96.5663161797
96.9096845617
97.2187161056
97.496844495
97.7471600455
98.1751996369
98.3576796732
98.8093182031
98.772556752
99.9931440387
99.9923822652
99.9923822652
99.9915358502
99.9903747871
99.9870992992
99.985665888
99.9840732089
99.980337295
99.9757250555
99.9730278394
99.9700309327
99.9667010363
99.9630011515
99.9543224093
99.9492471214
99.9436079127
99.9373421252
99.9373421252
99.9303801391
99.922644599
99.9140495544
99.9044995049
99.9044995049
99.8938883388
99.8820981542
99.8820981542
99.8689979491
99.8689979491
99.8544421657
99.838269073
99.838269073
99.82029897
99.82029897
99.8003321889
99.7781468766
99.7534965295
99.7534965295
99.6956747278
99.6618608086
99.5361602313
99.1272036432
95.7608841725
79.4108867905
61.2579511
46.8559
34.39
46.8559
77.123207545
89.0581010868
92.8210201231
94.1850262997
95.2898713028
96.1847957552
96.5663161797
96.5663161797
96.5663161797
96.5663161797
96.1847957552
95.2898713028
94.7417707599
88.7093730369
84.0415898863
79.3603445786
77.0503881414
77.9872156692
79.0281351446
73.8736325736
74.8449077496
77.8979765489
77.123207545
74.5813417167
74.5813417167
71.7570463519
71.7570463519
68.618940391
68.618940391
68.618940391
71.7570463519
77.123207545
81.4697981115
84.9905364703
89.0581010868
91.1370618803
92.8210201231
94.1850262997
95.2898713028
95.7608841725
96.217740892
96.9096845617
97.2187161056
97.496844495
97.972444041
98.3576796732
98.6735930406
98.7591337763
99.9931440387
99.9923822652
99.9923822652
99.9903747871
99.9870992992
99.9840732089
99.9823035655
99.9757250555
99.9700309327
99.9667010363
99.9588901683
99.9436079127
99.8938883388
99.8767334892
99.8853285338
99.8871430432
99.9140495544
99.9044995049
99.9044995049
99.9044995049
99.8938883388
99.8938883388
99.8820981542
99.8689979491
99.8689979491
99.8544421657
99.8544421657
99.838269073
99.82029897
99.82029897
99.8003321889
99.8003321889
99.7781468766
99.7534965295
99.7534965295
99.726107255
99.6956747278
99.6618608086
99.5825442082
99.4846224793
99.293034951
98.5219117059
92.8210201231
77.123207545
56.953279
40.951
40.951
56.953279
83.3228183003
92.0233556923
94.7665236697
96.1847957552
96.9096845617
97.496844495
97.7471600455
97.7471600455
97.7471600455
97.7471600455
97.496844495
97.2187161056
96.7178039334
88.5309553166
82.4227974752
78.9054064216
77.7446248918
75.8735601776
74.7457803142
70.6262263782
69.9994276836
63.8417353948
59.8241504386
52.2220611931
53.0331032527
58.7952003619
68.618940391
65.13215599
65.13215599
61.2579511
62.3230887368
68.618940391
74.5813417167
79.4108867905
84.9905364703
87.8423345409
91.1370618803
92.8210201231
94.1850262997
95.2898713028
95.7608841725
96.5663161797
96.9096845617
97.496844495
97.7471600455
98.1751996369
98.5257842111
98.6994424893
99.9931440387
99.9923822652
99.989931132
99.9810536486
0
0
0
0
0
0
0
0
0
0
0
0
0
0
0
0
0
0
87.8423345409
96.9096845617
98.5219117059
99.2144832789
99.7117509503
99.7781468766
99.7534965295
99.7534965295
99.7534965295
99.726107255
99.6956747278
99.6956747278
99.6618608086
99.6242897874
99.5825442082
99.5361602313
99.4273583103
99.293034951
98.9224736336
97.496844495
91.1370618803
74.5813417167
52.17031
40.951
40.951
65.5259675289
89.0581010868
94.7665236697
96.5663161797
97.496844495
98.1751996369
98.3576796732
98.5219117059
98.5219117059
98.6697205353
98.5219117059
98.5219117059
98.3576796732
97.2120768553
86.955213646
82.6309537612
81.9060649547
76.6135879792
74.6680844325
68.6794540898
61.8175242963
56.2241752782
34.9673289253
24.9500208771
7.65384043864
5.36616119314
3.1381059609
0
0
0
0
19
34.39
48.4109299161
71.7570463519
79.4108867905
83.3228183003
87.8423345409
91.1370618803
92.8210201231
94.1850262997
95.2898713028
95.7608841725
96.5663161797
97.2187161056
97.496844495
98.1751996369
98.5257842111
98.6938689243
0.00283183282859
0.000940461086986
0
0
0
0
0
0
0
0
0
0
0
0
0
0
0
0
0
0
0
0
0
0
0
0
0
0
0
91.1370618803
96.9096845617
98.3576796732
99.0302262702
99.4846224793
99.4846224793
99.4846224793
99.4273583103
99.293034951
99.1272036432
98.8027484817
98.1751996369
96.5663161797
90.1522909782
71.7570463519
46.8559
40.951
52.17031
74.5813417167
93.5389181108
96.9096845617
98.1751996369
98.6697205353
99.0302262702
99.1272036432
99.2144832789
99.2144832789
99.2144832789
99.1272036432
99.0302262702
99.0302262702
98.8027484817
86.6786689802
80.0566951538
79.594224355
69.6691077712
63.2058973819
49.1641395092
30.1480765829
10.7414041876
8.43144775041
7.86732892526
8.74147658362
7.65384043864
5.36616119314
0
0
0
0
0
0
0
12.1520054559
51.9872596769
79.0610849025
84.9905364703
87.8423345409
91.1370618803
92.8210201231
94.1850262997
95.2898713028
96.1847957552
96.9096845617
97.496844495
97.972444041
98.3615521785
98.5134936468
0
0
0
0
0
0
0
0
0
0
0
0
0
0
0
0
0
0
0
0
0
0
0
0
0
0
0
0
0
0
0
0
0
0
92.8210201231
96.5663161797
97.7471600455
98.1751996369
98.3576796732
97.972444041
96.9096845617
94.7665236697
89.0581010868
71.7570463519
40.951
40.951
59.8826137219
90.1522909782
97.972444041
99.0302262702
99.6242897874
99.6956747278
99.6956747278
99.6956747278
99.6956747278
99.6956747278
99.6956747278
99.6618608086
99.6618608086
99.6242897874
99.5189173538
83.4007645859
78.7525450885
71.4291437447
59.7153128463
37.0859577045
17.1554293892
15.3556368792
13.4101333325
11.7261750898
11.0521765478
9.36827527823
8.74147658362
7.65384043864
2.82429536481
0
0
0
0
0
0
0
0
27.1
79.4108867905
84.9905364703
89.0581010868
91.1370618803
93.5389181108
94.7665236697
95.7608841725
96.5663161797
97.2187161056
97.7471600455
98.3615521785
98.4107495987
0
0
0
0
0
0
0
0
0
0
0
0
0
0
0
0
0
0
0
0
0
0
0
0
0
0
0
0
0
0
0
0
0
0
0
0
0
0
92.8210201231
94.7665236697
94.7665236697
92.8210201231
86.4914828233
71.7570463519
34.39
46.8559
74.6859991778
99.82029897
99.838269073
99.8544421657
99.8544421657
99.8544421657
99.8689979491
99.8689979491
99.8544421657
99.82029897
99.8003321889
99.8003321889
99.7781468766
99.7781468766
99.7534965295
85.1221548507
74.6964108122
63.357635875
39.0179959014
20.0746532174
19.7172692064
18.3136997152
16.3499973819
14.2363624401
12.6124689018
9.90176288274
9.36827527823
8.74147658362
7.65384043864
0.477480421855
0
0
0
0
0
0
0
0
12.950595896
81.4697981115
86.4914828233
90.1522909782
92.0233556923
93.5344152071
94.9280068064
96.1847957552
96.9096845617
97.5897270368
98.1773359655
98.0709589685
0
0
0
0
0
0
0
0
0
0
0
0
0
0
0
0
0
0
0
0
0
0
0
0
0
0
0
0
0
0
0
0
0
0
0
0
0
0
0
0
0
84.9905364703
81.4697981115
65.2146281388
19.2377547618
69.4269831938
99.838269073
99.8544421657
99.8689979491
99.8689979491
99.8689979491
99.8820981542
99.8820981542
99.8820981542
99.8820981542
99.8820981542
99.8820981542
99.8820981542
99.8689979491
99.838269073
99.5343681507
77.210072406
69.189162379
49.3810480934
22.259727667
21.803003531
20.2847879372
20.2134029969
19.1597053766
16.7739089647
14.7741395092
12.6124689018
13.0290834331
9.36827527823
8.74147658362
7.65384043864
0
0
0
0
0
0
0
0
0
19.0736981515
83.3228183003
87.8423345409
90.9552625004
92.2936925303
93.756533489
95.6971135032
96.5663161797
97.496844495
98.1636183036
98.0005871971
0
0
0
0
0
0
0
0
0
0
0
0
0
0
0
0
0
0
0
0
0
0
0
0
0
0
0
0
0
0
0
0
0
0
0
0
0
0
0
0
0
0
0.153857089167
0.456567514122
70.7853987633
99.8544421657
99.8544421657
99.8689979491
99.8689979491
99.8820981542
99.8820981542
99.8938883388
99.8938883388
99.8938883388
99.8938883388
99.8938883388
99.8938883388
99.8938883388
99.8938883388
99.8938883388
88.2282269478
68.3171586467
57.7317009857
22.24175086
22.2856421038
22.5222763569
22.6302889845
22.3001468724
21.8670263932
19.3968861441
17.6574406137
15.3602756442
14.0812276299
11.9348935418
11.9101411066
7.52164431116
5.36616119314
0
0
0
0
0
0
0
0
0
64.5865376271
84.9905364703
88.3155161291
90.6581465071
92.0711279013
94.5236331391
95.7708017953
97.1543002981
97.9034363531
97.9954376342
0
0
0
0
0
0
0
0
0
0
0
0
0
0
0
0
0
0
0
0
0
0
0
0
0
0
0
0
0
0
0
0
0
0
0
0
0
0
0
0
0
0
0
0.846191652692
8.70120719266
72.7544421657
99.8689979491
99.8820981542
99.8820981542
99.8938883388
99.8938883388
99.8938883388
99.8938883388
99.9044995049
99.9044995049
99.9044995049
99.9044995049
99.9044995049
99.9044995049
99.9044995049
79.030017966
60.4534499645
35.3125466221
22.7588906092
22.7022858084
22.697091425
22.6771246439
22.3721304033
22.006202064
22.4593366632
20.0955085605
18.6376766274
16.9874677479
14.9001481473
11.9348935418
10.4091947536
7.65384043864
0
0
0
0
0
0
0
0
0
0
80.9711136488
86.7049488904
88.6410218424
89.8688766053
92.6748188489
95.0985224722
96.7551352427
97.7012284669
96.6217822397
0
0
0
0
0
0
0
0
0
0
0
0
0
0
0
0
0
0
0
0
0
0
0
0
0
0
0
0
0
0
0
0
0
0
0
0
0
0
0
0
0
0
0
0
0
0.681873997524
3.30268176943
42.9288191542
99.8938883388
99.8938883388
99.9044995049
99.9044995049
99.9044995049
99.9044995049
99.9140495544
99.9140495544
99.9140495544
99.9140495544
99.9140495544
99.9140495544
72.2461091634
54.9275757516
25.3231577882
25.3231577882
22.7706807938
22.7312346207
22.697091425
22.4621413758
21.9623677585
22.5010822423
21.2344721281
19.7864770167
18.1666637577
16.4157105657
14.0138543353
13.0414969825
8.74147658362
2.54186582833
0
0
0
0
0
0
0
0
0
14.0482702074
84.2938475286
86.5094666121
86.9222919904
90.014122414
92.9338814348
95.315855498
96.4559043047
95.5665781548
0
0
0
0
0
0
0
0
0
0
0
0
0
0
0
0
0
0
0
0
0
0
0
0
0
0
0
0
0
0
0
0
0
0
0
0
0
0
0
0
0
0
0
0
0
0
0
0.167323296634
1.92144429784
9.39257098833
99.9044995049
99.9044995049
99.9140495544
99.9140495544
99.9140495544
99.9140495544
99.9140495544
99.9140495544
99.9140495544
92.5800692717
58.3951091634
28.1570032025
25.3327078377
25.3327078377
24.202722376
22.7812919599
22.7706807938
22.6879653032
21.9358271121
22.3842712289
21.6795409367
20.6239525005
19.0615882102
17.6433161247
14.9001481473
13.0290834331
11.9101411066
7.65384043864
0
0
0
0
0
0
0
0
0
1.88085979557
71.2731297042
83.0973827401
85.1009956584
86.3083560706
89.7515694831
94.0419647119
95.3967624781
94.2035669351
0
0
0
0
0
0
0
0
0
0
0
0
0
0
0
0
0
0
0
0
0
0
0
0
0
0
0
0
0
0
0
0
0
0
0
0
0
0
0
0
0
0
0
0
0
0
0
0
0.0248903896641
0.647864132593
1.94160551347
26.8754823654
99.9140495544
99.9140495544
99.922644599
99.922644599
99.922644599
99.922644599
99.922644599
75.1988933627
31.303704208
28.1655982471
26.5786481002
25.3327078377
25.3327078377
23.0267770154
22.7812919599
22.7812919599
21.9673566902
21.9776702895
21.9070187252
21.0519920918
19.7864770167
18.1666637577
16.4157105657
14.0138543353
13.2609928242
11.5657719484
0
0
0
0
0
0
0
0
0
0
24.7646745708
76.3074140096
79.9635643937
83.3313311851
87.0364969973
90.1587810422
93.9802626824
92.6238437617
0
0
0
0
0
0
0
0
0
0
0
0
0
0
0
0
0
0
0
0
0
0
0
0
0
0
0
0
0
0
0
0
0
0
0
0
0
0
0
0
0
0
0
0
0
0
0
0
0
0.0224013506977
0.301092164458
0.991575920859
3.35632841928
99.922644599
99.922644599
99.922644599
99.922644599
99.922644599
99.922644599
38.5726798779
31.303704208
28.1655982471
28.1655982471
25.3413028823
25.3413028823
25.3327078377
23.1402804723
22.7908420094
22.3314650652
21.9765044179
22.0039960982
21.2344721281
20.37363695
19.0615882102
17.0618187547
14.9001481473
12.2570455376
11.2716839753
5.36616119314
0
0
0
0
0
0
0
0
0
11.6061394422
66.588709347
73.0976811192
76.7932322952
80.6159697154
86.596463052
91.4702957691
90.3344039106
0
0
0
0
0
0
0
0
0
0
0
0
0
0
0
0
0
0
0
0
0
0
0
0
0
0
0
0
0
0
0
0
0
0
0
0
0
0
0
0
0
0
0
0
0
0
0
0
0
0
0.0201612156279
0.0536466498492
0.708161320113
1.74744496213
8.79331825874
99.9303801391
99.9303801391
99.9303801391
72.2808212394
36.3835779117
31.3114397481
31.271672827
28.1733337872
25.3413028823
25.3413028823
25.3413028823
25.3413028823
24.6155378631
22.6868907317
22.2397472936
22.0912757338
21.3987041608
20.6239525005
19.4431086347
17.6433161247
14.9001481473
11.9348935418
10.4091947536
5.36616119314
0
0
0
0
0
0
0
0
0
6.03383800577
56.0075927679
70.8437520496
74.4671110077
77.966358301
84.1252584896
86.8300727497
88.9689546097
0
0
0
0
0
0
0
0
0
0
0
0
0
0
0
0
0
0
0
0
0
0
0
0
0
0
0
0
0
0
0
0
0
0
0
0
0
0
0
0
0
0
0
0
0
0
0
0
0
0
0
0.0287562601851
0.0482819848643
0.550475590501
1.26065960382
4.16949596661
54.9822644467
99.9373421252
42.9840631252
37.6885766416
33.8038597259
31.3114397481
28.1733337872
28.1733337872
25.3490384224
25.3282026772
25.3136468938
25.2856836165
25.2169663755
23.5693783557
22.1562821699
21.5465129902
20.7490874643
19.4431086347
18.1666637577
15.697812578
13.0290834331
11.9101411066
7.65384043864
0
0
0
0
0
0
0
0
0
0
43.3204680483
65.2137847996
73.0739982523
76.5082025058
82.6035163491
85.6352853181
88.3546103317
0
0
0
0
0
0
0
0
0
0
0
0
0
0
0
0
0
0
0
0
0
0
0
0
0
0
0
0
0
0
0
0
0
0
0
0
0
0
0
0
0
0
0
0
0
0
0
0
0
0
0
0.00773554010145
0.0258806341666
0.0434537863779
0.466154733666
1.01486849161
2.44049763017
28.1802957733
42.9840631252
38.6793910252
34.8051861352
31.3184017342
28.1802957733
28.1554053836
26.2156257311
25.3095922493
25.3095922493
25.2781999487
25.22556142
25.1430892713
24.7318544499
23.2860748435
21.0235877285
19.7864770167
18.1666637577
15.697812578
13.0290834331
11.9101411066
7.65384043864
0
0
0
0
0
0
0
0
0
0
23.0544277111
63.4118634781
72.0231219007
75.5040369504
81.6423166575
85.0935860563
88.2893322041
0
0
0
0
0
0
0
0
0
0
0
0
0
0
0
0
0
0
0
0
0
0
0
0
0
0
0
0
0
0
0
0
0
0
0
0
0
0
0
0
0
0
0
0
0
0
0
0
0
0
0
0
0.0146975261928
0.0232925707499
0.09869486253
0.402662306697
0.791513879805
1.59146708242
22.8204003676
38.6856568127
34.7827847845
31.2960003835
28.1447942175
28.1447942175
28.1447942175
25.3059430693
25.2828079905
25.2648378875
25.198035447
25.1324781051
24.7298383283
24.0979288681
23.3911023242
22.328342845
19.5535342203
15.697812578
13.0290834331
11.9101411066
5.52395819781
0
0
0
0
0
0
0
0
0
0
18.359292195
61.7399198777
71.5932145299
75.0749866756
81.0890712511
87.2282843861
88.3771991353
0
0
0
0
0
0
0
0
0
0
0
0
0
0
0
0
0
0
0
0
0
0
0
0
0
0
0
0
0
0
0
0
0
0
0
0
0
0
0
0
0
0
0
0
0
0
0
0
0
0
0
0
0.0146975261928
0.0146975261928
0.0146975261928
0.157893268934
0.4139338281
0.697173233583
1.24193597718
22.800239152
34.7795005225
31.2927161215
28.1546101606
28.1483443731
28.135244168
28.1206883846
25.280219927
25.2131357445
25.1884853975
25.1306635957
24.6417366067
24.1065239126
23.3911023242
22.328342845
20.708529586
18.2396784064
15.2937736816
11.9101411066
2.54186582833
0
0
0
0
0
0
0
0
0
0
15.936012179
60.9599782162
71.5662670793
74.7469329239
80.6839512125
86.8579679176
90.9038734409
0
0
0
0
0
0
0
0
0
0
0
0
0
0
0
0
0
0
0
0
0
0
0
0
0
0
0
0
0
0
0
0
0
0
0
0
0
0
0
0
0
0
0
0
0
0
0
0
0
0
0
0
0.00696198609131
0.0146975261928
0.0209633136749
0.0209633136749
0.163854007807
0.41843898863
0.62181670149
0.884625382263
25.3335099358
31.2959112615
28.146015116
28.146015116
28.1329149109
28.1266491234
28.0291178068
28.0111477038
25.1594630645
25.0968496766
24.6494721468
24.0969738631
23.3996973688
22.328342845
20.185181953
18.2396784064
15.5709492615
11.6970542602
0
0
0
0
0
0
0
0
0
0
0
14.0231514146
61.0753658565
71.8994428508
74.7985941711
80.6190673589
86.7323321365
91.511241788
0
0
0
0
0
0
0
0
0
0
0
0
0
0
0
0
0
0
0
0
0
0
0
0
0
0
0
0
0
0
0
0
0
0
0
0
0
0
0
0
0
0
0
0
0
0
0
0
0
0
0
0
0
0
0.00696198609131
0.0209633136749
0.0209633136749
0.207386740115
0.430229173207
0.551120196589
5.33450529815
28.1578053006
28.146015116
28.146015116
28.1251793708
27.9859993452
27.9518561495
27.9837584293
27.9533259021
27.7938114056
27.3778928314
24.3253928052
23.1744133734
21.984974463
20.185181953
17.4420139756
14.4767593701
13.2334901184
0
0
0
0
0
0
0
0
0
0
0
10.2222523859
65.1285940672
73.1476144185
78.7375389455
82.0681480327
87.3215382171
93.2012062622
0
0
0
0
0
0
0
0
0
0
0
0
0
0
0
0
0
0
0
0
0
0
0
0
0
0
0
0
0
0
0
0
0
0
0
0
0
0
0
0
0
0
0
0
0
0
0
0
0
0
0
0
0
0
0
0.00696198609131
0.0146975261928
0.0295583582321
0.215981784672
0.366901236556
0.4757031576
14.9243151822
27.8488764956
27.7759037768
27.6540560733
27.683539732
27.7408039009
27.792341653
27.7860758655
27.6136470901
27.2878774445
26.7726008941
25.9978492337
24.4277494033
21.5345710819
16.5557201636
13.2609928242
11.5657719484
0
0
0
0
0
0
0
0
0
0
0
6.01845794878
67.7391191781
78.6896924696
80.5173338133
85.561477256
90.4946251028
94.4935201712
0
0
0
0
0
0
0
0
0
0
0
0
0
0
0
0
0
0
0
0
0
0
0
0
0
0
0
0
0
0
0
0
0
0
0
0
0
0
0
0
0
0
0
0
0
0
0
0
0
0
0
0
0
0
0
0
0
0.0287562601851
0.068344176042
0.190111383156
0.914777151971
3.96224693178
22.0319333165
28.4929767572
30.2947825517
30.4245136528
30.6087706614
28.4513489151
27.5492163727
27.4706647005
27.1723892678
26.6075953074
25.7397981431
24.0115733607
21.7818717589
16.8574345674
11.9101411066
10.5144972748
0
0
0
0
0
0
0
0
0
0
0
0
69.5951924205
82.641540676
83.4671341197
87.7353611712
91.8679754065
94.9875805162
0
0
0
0
0
0
0
0
0
0
0
0
0
0
0
0
0
0
0
0
0
0
0
0
0
0
0
0
0
0
0
0
0
0
0
0
0
0
0
0
0
0
0
0
0
0
0
0
0
0
0
0
0
0
0
0
0
0
0.0536466498492
0.0843755259778
0.686457601048
2.79906006829
10.0098816763
27.1801248079
29.7519670557
29.3667314235
29.3667314235
30.4245136528
30.4245136528
30.4245136528
28.2341004743
26.4251152711
25.4686317398
23.5328249509
20.2663093404
17.3010547349
13.2334901184
0
0
0
0
0
0
0
0
0
0
0
0
12.9135163704
74.3868378233
86.0215719319
86.7635873912
87.8056746901
91.2254032993
95.3125106114
0
0
0
0
0
0
0
0
0
0
0
0
0
0
0
0
0
0
0
0
0
0
0
0
0
0
0
0
0
0
0
0
0
0
0
0
0
0
0
0
0
0
0
0
0
0
0
0
0
0
0
0
0
0
0
0
0
0
0
0.0355015557841
0.0757804814206
2.03997105213
4.68592461533
21.7200873815
43.0430436469
42.6150040555
29.1282196545
29.3597694374
30.1900738782
30.1900738782
29.9092371023
29.3624806558
27.9606035623
23.4261217424
19.3800155284
16.085288189
12.8508577205
0
0
0
0
0
0
0
0
0
0
0
0
28.4786620548
70.1662077722
85.6732311258
86.226674564
88.1152710304
90.3078692732
94.5851715481
0
0
0
0
0
0
0
0
0
0
0
0
0
0
0
0
0
0
0
0
0
0
0
0
0
0
0
0
0
0
0
0
0
0
0
0
0
0
0
0
0
0
0
0
0
0
0
0
0
0
0
0
0
0
0
0
0
0
0
0
0
1.24707429771
3.29827083502
12.2137392678
31.9836278546
51.0865601156
42.364688505
32.6150040555
33.2255236832
29.9092371023
29.7450050697
29.134485442
27.148209569
24.2083455196
17.3010547349
14.6987415851
4.47111189605
0
0
0
0
0
0
0
0
0
0
7.70774635358
12.4845413403
40.6409056225
64.562567444
75.3025025482
83.9989630438
84.4176060197
86.0430204922
90.9894930915
0
0
0
0
0
0
0
0
0
0
0
0
0
0
0
0
0
0
0
0
0
0
0
0
0
0
0
0
0
0
0
0
0
0
0
0
0
0
0
0
0
0
0
0
0
0
0
0
0
0
0
0
0
0
0
0
0
0
0
0
0
0
2.45728874275
4.17265337348
28.1670109923
62.8015963156
55.2362935016
32.364688505
32.840288051
33.0430436469
32.840288051
30.2807615408
25.5723516962
22.5243872768
17.8788082198
10.7919463995
0
0
0
0
0
0
0
0
0
0
0
15.9348220564
49.5570611366
52.9273599379
60.686791048
65.1611613569
70.5715311755
74.9667214891
75.2957788233
73.30191429
0
0
0
0
0
0
0
0
0
0
0
0
0
0
0
0
0
0
0
0
0
0
0
0
0
0
0
0
0
0
0
0
0
0
0
0
0
0
0
0
0
0
0
0
0
0
0
0
0
0
0
0
0
0
0
0
0
0
0
0
0
0
0
3.31181819531
23.3911023242
55.5390717994
64.3639606059
55.9172485369
36.4892089455
36.3424087179
32.364688505
30.1577153128
26.8911997023
19.2296599374
12.857123508
0
0
0
0
0
0
0
0
0
0
0
0
21.3201502301
83.1751492015
69.8397479719
65.507847094
68.4444984308
66.656112432
65.4831931582
66.0689362548
53.356818127
0
0
0
0
0
0
0
0
0
0
0
0
0
0
0
0
0
0
0
0
0
0
0
0
0
0
0
0
0
0
0
0
0
0
0
0
0
0
0
0
0
0
0
0
0
0
0
0
0
0
0
0
0
0
0
0
0
0
0
0
0
0
0
3.37076645096
20.37363695
55.714492941
77.4590216601
68.9375067561
51.351127379
36.238893395
34.5029330725
27.6888641331
22.7101785509
18.1906623103
0.00626578748218
0
0
0
0
0
0
0
0
0
0
0
0
48.2539884017
91.1370618803
85.6836966861
73.3191092746
71.5699152286
69.6271582993
68.1094767917
67.5169235836
52.9348986244
0
0
0
0
0
0
0
0
0
0
0
0
0
0
0
0
0
0
0
0
0
0
0
0
0
0
0
0
0
0
0
0
0
0
0
0
0
0
0
0
0
0
0
0
0
0
0
0
0
0
0
0
0
0
0
0
0
0
0
0
0
0
0
0.523347633027
13.5868662614
36.4892089455
98.5219117059
98.8807727838
85.9560261195
54.5157151677
35.8677411231
27.8001499868
22.0648672003
0
0
0.00563920873396
0
0
0
0
0
0
0
0
0
0
0
88.0596066677
94.2568513971
93.1677317488
77.123207545
74.178396829
72.9937199834
72.8406378701
72.7243543221
63.414637088
0
0
0
0
0
0
0
0
0
0
0
0
0
0
0
0
0
0
0
0
0
0
0
0
0
0
0
0
0
0
0
0
0
0
0
0
0
0
0
0
0
0
0
0
0
0
0
0
0
0
0
0
0
0
0
0
0
0
0
0
0
0
0
0
10.0748333564
35.9607650056
97.972444041
98.5219117059
96.8998477401
93.5389181108
49.4955477614
30.7182626066
0
0
0
0.00563920873396
0.00563920873396
0
0
0
0
0
0
0
0.00859504455717
0.0181450940651
18.0693844066
93.720092858
95.8083723022
92.9333426831
77.123207545
77.123207545
76.0422381709
76.8099719229
77.0240301292
70.561346336
0
0
0
0
0
0
0
0
0
0
0
0
0
0
0
0
0
0
0
0
0
0
0
0
0
0
0
0
0
0
0
0
0
0
0
0
0
0
0
0
0
0
0
0
0
0
0
0
0
0
0
0
0
0
0
0
0
0
0
0
0
0
0
0
10.2993348325
35.6517334617
97.496844495
97.7471600455
94.945045972
91.1370618803
83.3228183003
0
0
0
0
0
0.00563920873396
0
0
0
0
0.00696198609131
0.00696198609131
0.0146975261928
0.0163305846586
0.0364918002866
86.9643503427
97.4660724849
96.7536903376
93.5389181108
77.8727652911
77.123207545
77.123207545
77.123207545
77.123207545
74.6490248492
0
0
0
0
0
0
0
0
0
0
0
0
0
0
0
0
0
0
0
0
0
0
0
0
0
0
0
0
0
0
0
0
0
0
0
0
0
0
0
0
0
0
0
0
0
0
0
0
0
0
0
0
0
0
0
0
0
0
0
0
0
0
0
0
10.2160998104
31.0526397652
96.9096845617
97.2187161056
92.4491106201
84.9905364703
0
0
0
0
0
0
0
0.00507528786056
0.00563920873396
0.00563920873396
0.00626578748218
0.0132277735735
0.0132277735735
0.0146975261928
0.0232925707499
33.170639235
96.9013207013
99.8084314961
94.8020252255
93.5389181108
77.5786513901
77.123207545
77.123207545
77.123207545
77.123207545
75.565531581
0
0
0
0
0
0
0
0
0
0
0
0
0
0
0
0
0
0
0
0
0
0
0
0
0
0
0
0
0
0
0
0
0
0
0
0
0
0
0
0
0
0
0
0
0
0
0
0
0
0
0
0
0
0
0
0
0
0
0
0
0
0
0
0
9.64721429631
29.6343676797
96.1847957552
93.8975870348
88.1112960823
68.618940391
0
0
0
0
0
0
0
0.00507528786056
0.00507528786056
0.00563920873396
0.00563920873396
0.00626578748218
0.0132277735735
0.0209633136749
6.12599535227
96.0868454959
97.4156472621
95.3304177475
94.675374603
92.137391971
77.123207545
77.123207545
77.123207545
77.123207545
77.123207545
75.8627690382
0
0
0
0
0
0
0
0
0
0
0
0
0
0
0
0
0
0
0
0
0
0
0
0
0
0
0
0
0
0
0
0
0
0
0
0
0
0
0
0
0
0
0
0
0
0
0
0
0
0
0
0
0
0
0
0
0
0
0
0
0
0
0
0
0
35.8677411231
94.7665236697
90.5991296646
73.1753184374
0
0
0
0
0
0
0
0
0.00507528786056
0.00507528786056
0.00507528786056
0.00563920873396
0.0119049962161
0.0132277735735
4.09785497667
94.118876406
95.4236595592
95.326363103
94.7846687638
94.1850262997
89.2988621834
77.123207545
77.123207545
77.123207545
77.123207545
77.9633769316
77.9128568821
0
0
0
0
0
0
0
0
0
0
0
0
0
0
0
0
0
0
0
0
0
0
0
0
0
0
0
0
0
0
0
0
0
0
0
0
0
0
0
0
0
0
0
0
0
0
0
0
0
0
0
0
0
0
0
0
0
0
0
0
0
0
0
0
0
42.2022010868
93.5389181108
66.9663736829
0
0
0
0
0
0
0
0
0
0.00507528786056
0.00507528786056
0.00507528786056
0.0107144965945
0.0119049962161
3.6796751372
93.5598814244
95.3108346164
95.3131638735
95.3062018874
94.7665236697
94.1850262997
81.3710461963
77.123207545
77.123207545
77.123207545
78.5408829969
85.2175311275
87.2451608709
0
0
0
0
0
0
0
0
0
0
0
0
0
0
0
0
0
0
0
0
0
0
0
0
0
0
0
0
0
0
0
0
0
0
0
0
0
0
0
0
0
0
0
0
0
0
0
0
0
0
0
0
0
0
0
0
0
0
0
0
0
0
0
0
0
24.5165191115
25.0201349882
2.96525460546
0
0
0
0
0
0
0
0
0
0
0.00507528786056
0.0146253373685
0.0426658968002
5.17873479194
92.8398871054
94.7874869834
95.7818474862
95.7755816987
95.2898713028
94.7665236697
93.7414260942
77.123207545
77.123207545
77.123207545
80.0194496597
94.0800481029
99.6545517742
99.8610836389
0.00283183282859
0
0
0
0
0
0
0
0
0
0
0
0
0
0
0
0
0
0
0
0
0
0
0
0
0
0
0
0
0
0
0
0
0
0
0
0
0
0
0
0
0
0
0
0
0
0
0
0
0
0
0
0
0
0
0
0
0
0
0
0
0
0
0
0
0
0
0
0
0
0
0
0
0
0
0
0
0.0163305846586
0.0277881410002
0.0277881410002
22.8474625482
92.0340701889
94.203893282
95.7797511548
96.1980235288
95.7608841725
95.7608841725
95.2898713028
79.3843798302
77.123207545
77.8720128301
93.2196219716
99.2499848347
99.8833184068
99.8809029454
99.9305802026
99.9931440387
99.9923822652
0.0163380300682
0
0
0
0
0
0
0
0
0
0
0
0
0
0
0
0
0
0
0
0
0
0
0
0
0
0
0
0
0
0
0
0
0
0
0
0
0
0
0
0
0
0
0
0
0
0
0
0
0
0
0
0
0
0
0
0
0
0
0
0
0
0
0
0
0
0
0
0
0
0
0
0
0
0
0.0328426202579
5.77777590134
83.9516850444
92.0284309802
93.5496326074
95.301776299
96.1980235288
96.1917577413
96.1847957552
95.7608841725
93.036168167
79.7514076265
84.1011365258
98.8462022681
99.9303801391
99.922644599
99.9140495544
99.9164045011
99.9453833902
99.9931440387
99.9923822652
99.9923822652
99.9880397603
0.0700236544832
0
0
0
0
0
0
0
0
0
0
0
0
0
0
0
0
0
0
0
0
0
0
0
0
0
0
0
0
0
0
0
0
0
0
0
0
0
0
0
0
0
0
0
0
0
0
0
0
0
0
0
0
0
0
0
0
0
0
0
0
0
0
0
0
0
0
0
0
0
0
9.36827527823
16.085288189
24.8570950471
82.6706615967
88.6970039055
91.9961776518
94.7772381663
95.7727891687
96.1910615427
96.5663161797
96.9096845617
97.2187161056
98.1751996369
99.2592308953
99.9436079127
99.9436079127
99.9373421252
99.9303801391
99.922644599
99.9396248831
99.9539784348
99.9931440387
99.9931440387
99.9923822652
99.9903747871
99.985665888
99.9840732089
0.106727106361
0
0
0
0
0
0
0
0
0
0
0
0
0
0
0
0
0
0
0
0
0
0
0
0
0
0
0
0
0
0
0
0
0
0
0
0
0
0
0
0
0
0
0
0
0
0
0
0
0
0
0
0
0
0
0
0
0
0
0
0
0
0
0
0
0
25.6432722054
38.1346364703
53.4523345409
58.0982120993
55.8286931038
54.8884717658
82.6397613843
90.6614703246
94.2383835724
95.3062018874
96.5795439533
98.5428750195
99.0511895839
99.3861960064
99.7610163818
99.9543224093
99.9543224093
99.9492471214
99.9492471214
99.9436079127
99.9373421252
99.9373421252
99.9410946357
99.9686309115
99.9931440387
99.9931440387
99.9923822652
99.9923822652
99.9880397603
13.4941830648
99.9840732089
99.9781525499
0.0761425939118
0
0
0
0
0
0
0
0
0
0
0
0
0
0
0
0
0
0
0
0
0
0
0
0
0
0
0
0
0
0
0
0
0
0
0
0
0
0
0
0
0
0
0
0
0
0
0
0
0
0
0
0
0
0
0
0
0
0
0
0
0
0
40.1913417167
68.9253686063
67.4914828233
68.1865676041
65.4925791524
66.4123758805
85.5755327981
92.3633498147
93.62881033
94.882577006
98.6006874008
99.6803730712
99.9436079127
99.9436079127
99.9588901683
99.9588901683
99.9543224093
99.9543224093
99.9543224093
99.9492471214
99.9492471214
99.9436079127
99.9436079127
99.9480566218
99.977538869
99.9931440387
99.9931440387
99.9923822652
99.9923822652
57.8200647871
9.83480832105
9.83337490986
6.44515509814
10.9176239686
3.78523517748
0.0316778102695
0
0
0
0
0
0
0
0
0
0
0
0
0
0
0
0
0
0
0
0
0
0
0
0
0
0
0
0
0
0
0
0
0
0
0
0
0
0
0
0
0
0
0
0
0
0
0
0
0
0
0
0
0
0
0
0
0
0
0
0
61.7570463519
83.3228183003
80.7878109535
79.0581010868
79.1465626294
87.5004442928
92.1001477064
93.6157101249
94.8564158889
99.3351043742
99.7369861111
99.9492471214
99.9543224093
99.9588901683
99.9588901683
99.9588901683
99.9588901683
99.9588901683
99.9543224093
99.9543224093
99.9492471214
99.9492471214
99.9492471214
99.9606492123
99.9747092292
99.9931440387
99.9931440387
99.9923822652
99.9923822652
13.4988919639
7.96374360691
7.16464576494
5.79904690922
5.79727726576
5.20920138577
6.43111282194
0.180743291776
0
0
0
0
0
0
0
0
0
0
0
0
0
0
0
0
0
0
0
0
0
0
0
0
0
0
0
0
0
0
0
0
0
0
0
0
0
0
0
0
0
0
0
0
0
0
0
0
0
0
0
0
0
0
0
0
0
0
0
55.13215599
81.4697981115
86.4914828233
89.0581010868
90.1522909782
92.0837897628
92.9019231204
96.0680507943
99.4577346582
99.6995453309
99.9588901683
99.9630011515
99.9630011515
99.9630011515
99.9630011515
99.9630011515
99.9588901683
99.9588901683
99.9588901683
99.9543224093
99.9543224093
99.9492471214
99.9492471214
99.9606492123
99.9778017091
99.9931440387
99.9931440387
86.4537913873
12.1500477243
7.96701909483
5.80301346061
5.21914221829
4.69579458527
4.69420190616
3.79335679472
3.40671165973
5.20350726299
1.60121049516
0
0
0
0
0
0
0
0
0
0
0
0
0
0
0
0
0
0
0
0
0
0
0
0
0
0
0
0
0
0
0
0
0
0
0
0
0
0
0
0
0
0
0
0
0
0
0
0
0
0
0
0
0
0
0
0
0
0
42.17031
79.4108867905
86.4914828233
89.0581010868
91.1370618803
92.1001477064
99.0033766308
99.5692253614
99.725322771
99.9062253989
99.9700309327
99.9700309327
99.9700309327
99.9667010363
99.9630011515
99.9630011515
99.9588901683
99.9588901683
99.9588901683
99.9588901683
99.9543224093
99.9543224093
99.9543224093
99.9606492123
99.9713697618
88.3357175325
10.9342811783
8.85532038485
6.45346415442
5.39471838326
4.69816845755
4.22621512674
3.80087013279
3.4177570292
3.41402111524
3.06604049376
3.40671165973
4.20914676023
3.76952665402
0.0482819848643
0
0
0
0
0
0
0
0
0
0
0
0
0
0
0
0
0
0
0
0
0
0
0
0
0
0
0
0
0
0
0
0
0
0
0
0
0
0
0
0
0
0
0
0
0
0
0
0
0
0
0
0
0
0
0
0
0
77.123207545
86.4914828233
89.0581010868
91.1370618803
99.8343995268
99.7346735062
99.8140400335
99.8963020173
99.9730278394
99.9730278394
99.9730278394
99.9700309327
99.9700309327
99.9667010363
99.9630011515
99.9630011515
99.9588901683
99.9588901683
99.9588901683
99.9588901683
99.9588901683
99.9588901683
99.9679141875
99.9730409523
6.4542259279
5.8073559655
5.22585859547
4.70251096244
4.23033702965
3.79086908004
3.42078311951
3.07598132628
3.07438864717
2.76358745989
2.75943644438
3.06604049376
3.0633432777
3.78190528112
4.6644511065
0.0843755259778
0
0
0
0
0
0
0
0
0
0
0
0
0
0
0
0
0
0
0
0
0
0
0
0
0
0
0
0
0
0
0
0
0
0
0
0
0
0
0
0
0
0
0
0
0
0
0
0
0
0
0
0
0
0
0
0
77.123207545
84.9905364703
89.0581010868
96.6156140607
99.9049018521
99.8764747828
99.8912618741
99.9538604662
99.9730278394
99.9730278394
99.9730278394
99.9700309327
99.9700309327
99.9700309327
99.9667010363
99.9630011515
99.9630011515
99.9588901683
99.9588901683
99.9588901683
99.9588901683
99.9588901683
99.9693475987
99.9734520506
4.2322598662
4.23149809272
3.80758650996
3.42606608549
3.08153664039
2.76932365474
2.76838319366
2.48882139301
2.4872287139
2.4872287139
2.48130805494
2.47888056049
2.75700894993
3.0633432777
4.20211697902
9.79695614323
0.11371736553
0
0
0
0
0
0
0
0
0
0
0
0
0
0
0
0
0
0
0
0
0
0
0
0
0
0
0
0
0
0
0
0
0
0
0
0
0
0
0
0
0
0
0
0
0
0
0
0
0
0
0
0
0
0
0
77.123207545
86.4914828233
91.5840882032
99.9630011515
99.9082317485
99.9112286552
99.9422989633
99.9730278394
99.9730278394
99.9730278394
99.9730278394
99.9730278394
99.9700309327
99.9700309327
99.9700309327
99.9667010363
99.9630011515
99.9630011515
99.9630011515
99.9630011515
99.9630011515
99.9663310479
99.9744612506
99.9745028518
3.08345947694
3.08269770346
2.77366615963
2.77250509656
2.49437670712
2.27016994277
2.2408797148
2.23850584251
2.01322184706
2.01162916796
2.007893254
2.23099250444
2.22856500999
2.47888056049
3.403714753
99.9588901683
42.9903289127
0.104167316022
0
0
0
0
0
0
0
0
0
0
0
0
0
0
0
0
0
0
0
0
0
0
0
0
0
0
0
0
0
0
0
0
0
0
0
0
0
0
0
0
0
0
0
0
0
0
0
0
0
0
0
0
0
21.951
79.4108867905
87.9091369814
99.8938883388
99.9667010363
99.9174085736
99.9431399685
99.9757250555
99.9757250555
99.9757250555
99.9730278394
99.9730278394
99.9730278394
99.9730278394
99.9730278394
99.9730278394
99.9730278394
99.9696979431
99.9696979431
99.9723951591
99.9757250555
99.9757250555
99.9757250555
99.973057023
99.9754450988
2.33433438583
2.24406115662
2.24406115662
2.24406115662
2.01773220441
2.01559571935
1.81284012345
1.81046625116
1.81046625116
1.80887357205
1.8071039286
1.80513765809
2.00747815245
2.234354827
3.20230376547
99.9684706798
99.9560920527
53.0814421252
0
0
0
0
0
0
0
0
0
0
0
0
0
0
0
0
0
0
0
0
0
0
0
0
0
0
0
0
0
0
0
0
0
0
0
0
0
0
0
0
0
0
0
0
0
0
0
0
0
0
0
0
0
65.13215599
81.4697981115
99.8689979491
99.922644599
99.9730278394
99.9362788824
99.9757250555
99.9757250555
99.9757250555
99.9757250555
99.9730278394
99.9730278394
99.9730278394
99.9730278394
99.9730278394
99.9730278394
99.9730278394
99.9757250555
99.9757250555
99.9757250555
99.9757250555
99.9757250555
99.9757250555
99.9754845175
99.9721152025
1.96894675284
1.81602156527
1.81602156527
1.8149766085
1.81368653842
1.63036008713
1.63036008713
1.62798621485
1.46375418216
1.46216150305
1.46216150305
1.62639353574
1.62798621485
1.81046625116
2.76476503745
99.9783564325
99.9663634741
99.9510167648
28.1655982471
0
0
0
0
0
0
0
0
0
0
0
0
0
0
0
0
0
0
0
0
0
0
0
0
0
0
0
0
0
0
0
0
0
0
0
0
0
0
0
0
0
0
0
0
0
0
0
0
0
0
0
0
71.7570463519
99.82029897
99.8938883388
99.9667010363
99.9757250555
99.9757250555
99.9781525499
99.9781525499
99.9781525499
99.9757250555
99.9757250555
99.9730278394
99.9730278394
99.9730278394
99.9730278394
99.9730278394
99.9757250555
99.9757250555
99.9757250555
99.9757250555
99.9757250555
99.9781525499
99.9781525499
99.9754845175
99.9754450988
1.63325834567
1.63354152895
1.63249657219
1.46826453951
1.46697446943
1.46612805445
1.31831922503
1.31594535275
1.31594535275
1.31435267364
1.31435267364
1.31594535275
1.46375418216
1.62798621485
2.3118402399
99.985665888
99.9810536486
99.9642187614
99.9453775561
16.5816812046
0
0
0
0
0
0
0
0
0
0
0
0
0
0
0
0
0
0
0
0
0
0
0
0
0
0
0
0
0
0
0
0
0
0
0
0
0
0
0
0
0
0
0
0
0
0
0
0
0
0
42.2579511
99.0302262702
99.8544421657
99.922644599
99.9730278394
99.9757250555
99.9781525499
99.9781525499
99.9781525499
99.9781525499
99.9781525499
99.9757250555
99.9757250555
99.9730278394
99.9730278394
99.9730278394
99.9757250555
99.9757250555
99.9757250555
99.9781525499
99.9781525499
99.9781525499
99.9781525499
99.9795859611
99.98111519
99.9778725933
1.32121748357
1.32045571009
1.32045571009
1.32045571009
1.31916564001
1.18529127856
1.18435081747
1.18291740628
1.18291740628
1.18132472717
1.18291740628
1.18291740628
1.18291740628
1.31594535275
1.81046625116
99.985665888
99.985665888
99.985665888
99.9732427805
99.9367069422
7.96182001758
0
0
0
0
0
0
0
0
0
0
0
0
0
0
0
0
0
0
0
0
0
0
0
0
0
0
0
0
0
0
0
0
0
0
0
0
0
0
0
0
0
0
0
0
0
0
0
0
0
84.9905364703
99.7781468766
99.8938883388
99.9436079127
99.9757250555
99.9781525499
99.980337295
99.980337295
99.980337295
99.980337295
99.980337295
99.9781525499
99.9797452291
99.9773177346
99.9773177346
99.9773177346
99.9773177346
99.9797452291
99.9797452291
99.9797452291
99.9781525499
99.9781525499
99.9795859611
99.9811786403
99.9813556046
99.9845071772
1.1881895371
1.18742776362
1.18742776362
1.18742776362
1.09495334185
1.06556612674
1.06462566565
1.06319225445
0.955439617808
0.955439617808
0.955439617808
0.955439617808
1.06462566565
1.06462566565
1.35475930828
65.4796821174
99.985665888
99.985665888
99.985665888
99.9799221934
99.9145261929
2.33711595063
0
0
0
0
0
0
0
0
0
0
0
0
0
0
0
0
0
0
0
0
0
0
0
0
0
0
0
0
0
0
0
0
0
0
0
0
0
0
0
0
0
0
0
0
0
0
0
27.667940391
99.1272036432
99.838269073
99.922644599
99.9730278394
99.9781525499
99.980337295
99.980337295
99.9823035655
99.9840732089
99.9840732089
99.985665888
99.9836996175
99.9815148725
99.9797452291
99.9797452291
99.9811786403
99.9811786403
99.9811786403
99.9811786403
99.9811786403
99.9811786403
99.9811786403
99.9811786403
99.9811786403
99.9808760312
99.9845071772
1.06846438527
1.06770261179
1.06770261179
1.0424993089
0.957813490093
0.957813490093
0.956873029006
0.894107158295
0.858462244829
0.858462244829
0.858462244829
0.859895656027
0.859895656027
0.956873029006
1.06462566565
16.6628475877
99.985665888
99.985665888
99.985665888
99.985665888
99.9781525499
99.8790246371
0
0
0
0
0
0
0
0
0
0
0
0
0
0
0
0
0
0
0
0
0
0
0
0
0
0
0
0
0
0
0
0
0
0
0
0
0
0
0
0
0
0
0
0
0
0
0
77.123207545
99.6956747278
99.8820981542
99.9373421252
99.9757250555
99.980337295
99.9823035655
99.9840732089
99.9840732089
99.985665888
99.985665888
99.985665888
99.985665888
99.985665888
99.9851330287
99.9851330287
99.9851330287
99.9833633853
99.9811786403
99.9811786403
99.9811786403
99.9811786403
99.9811786403
99.9811786403
99.9811786403
99.9808760312
99.9845071772
0.96071174863
0.959949975149
0.959949975149
0.890499750874
0.860836117114
0.859895656027
0.859895656027
0.771182609148
0.771182609148
0.771182609148
0.772616020346
0.772616020346
0.772616020346
0.772616020346
0.859895656027
5.22057562949
99.985665888
99.985665888
99.985665888
99.985665888
99.9840732089
99.9757250555
34.5635187378
0
0
0
0
0
0
0
0
0
0
0
0
0
0
0
0
0
0
0
0
0
0
0
0
0
0
0
0
0
0
0
0
0
0
0
0
0
0
0
0
0
0
0
0
0
0
92.8210201231
99.7781468766
99.922644599
99.9492471214
99.9781525499
99.9840732089
99.985665888
99.985665888
99.985665888
99.985665888
99.985665888
99.9870992992
99.9870992992
99.9870992992
99.9870992992
99.9870992992
99.9870992992
99.9851330287
99.9851330287
99.9833633853
99.9833633853
99.9833633853
99.9811786403
99.9811786403
99.9811786403
99.9808760312
99.9850992431
0.863734375651
0.862972602171
0.862972602171
0.809251989376
0.773556481433
0.772616020346
0.772616020346
0.692630937035
0.692630937035
0.694064348233
0.694064348233
0.623367843332
0.623367843332
0.623367843332
0.694064348233
1.34474829373
99.9870992992
99.985665888
99.985665888
99.985665888
99.9840732089
99.9781525499
99.9730278394
12.935875487
0
0
0
0
0
0
0
0
0
0
0
0
0
0
0
0
0
0
0
0
0
0
0
0
0
0
0
0
0
0
0
0
0
0
0
0
0
0
0
0
0
0
0
0
0
99.4846224793
99.8544421657
99.9373421252
99.9730278394
99.9840732089
99.985665888
99.985665888
99.986512303
99.9879457142
99.9879457142
99.9879457142
99.9879457142
99.9879457142
99.9870992992
99.9870992992
99.9870992992
99.9870992992
99.9870992992
99.9851330287
99.9851330287
99.9851330287
99.9833633853
99.9833633853
99.9833633853
99.9846534553
99.9812122635
99.9850992431
0.77645473997
0.77569296649
0.77569296649
0.765680867024
0.69500480932
0.694064348233
0.694064348233
0.652705721178
0.623367843332
0.623367843332
0.596587373477
0.559740988921
0.559740988921
0.559740988921
0.559740988921
0.623367843332
22.8638917542
99.985665888
99.985665888
99.985665888
99.985665888
99.980337295
99.9757250555
99.9667010363
1.70375752801
0
0
0
0
0
0
0
0
0
0
0
0
0
0
0
0
0
0
0
0
0
0
0
0
0
0
0
0
0
0
0
0
0
0
0
0
0
0
0
0
0
0
0
65.13215599
99.6618608086
99.9140495544
99.9492471214
99.9799221934
99.985665888
99.9879457142
99.9879457142
99.9879457142
99.9879457142
99.9879457142
99.9879457142
99.9879457142
99.9879457142
99.9879457142
99.9879457142
99.9870992992
99.9870992992
99.9870992992
99.9870992992
99.9870992992
99.9851330287
99.9851330287
99.9833633853
99.9833633853
99.9846534553
99.9833970085
99.9850992431
0.697903067857
0.697141294377
0.697141294377
0.697141294377
0.683378394191
0.623367843332
0.623367843332
0.623367843332
0.559740988921
0.559740988921
0.559740988921
0.50247681995
0.50247681995
0.50247681995
0.495988061789
0.50247681995
4.46955510669
99.9870992992
99.985665888
99.985665888
99.985665888
99.985665888
99.9781525499
99.9730278394
99.9543224093
0
0
0
0
0
0
0
0
0
0
0
0
0
0
0
0
0
0
0
0
0
0
0
0
0
0
0
0
0
0
0
0
0
0
0
0
0
0
0
0
0
0
0
81.4697981115
99.8003321889
99.9303801391
99.9730278394
99.985665888
99.9879457142
99.9879457142
99.9879457142
99.9879457142
99.9879457142
99.9879457142
99.9879457142
99.9879457142
99.9879457142
99.9879457142
99.9879457142
99.9879457142
99.9879457142
99.9870992992
99.9870992992
99.9870992992
99.9870992992
99.9851330287
99.9851330287
99.9846534553
99.9846534553
99.9833970085
99.9833295996
0.662141047546
0.651547306222
0.629870790445
0.626444789475
0.623367843332
0.623367843332
0.559740988921
0.559740988921
0.559740988921
0.50247681995
0.50247681995
0.450939067877
0.450939067877
0.404555091011
0.404555091011
0.404555091011
0.490243691123
22.8647381692
99.9879457142
99.9879457142
99.986512303
99.985665888
99.9840732089
99.9757250555
99.9667010363
66.9012417271
0
0
0
0
0
0
0
0
0
0
0
0
0
0
0
0
0
0
0
0
0
0
0
0
0
0
0
0
0
0
0
0
0
0
0
0
0
0
0
0
0
0
99.293034951
99.8820981542
99.9588901683
99.986512303
99.9879457142
99.9879457142
99.9879457142
99.9879457142
99.9879457142
99.9879457142
99.9879457142
99.9879457142
99.9879457142
99.9879457142
99.9879457142
99.9879457142
99.9879457142
99.9879457142
99.9879457142
99.9879457142
99.9870992992
99.9870992992
99.9870992992
99.9864230988
99.9864230988
99.9830607762
99.9825678261
99.9837288892
0.625773151758
0.626444789475
0.626444789475
0.609648963764
0.567790065938
0.559740988921
0.559740988921
0.503083922895
0.497864580495
0.471291248821
0.450939067877
0.404555091011
0.404555091011
0.362809511832
0.325238490571
0.326084905549
0.36365592681
4.22706154172
38.7299946142
99.9879457142
99.9879457142
99.9879457142
99.986512303
99.9818884639
99.9730278394
99.9588901683
0
0
0
0
0
0
0
0
0
0
0
0
0
0
0
0
0
0
0
0
0
0
0
0
0
0
0
0
0
0
0
0
0
0
0
0
0
0
0
0
0
0
99.6242897874
99.9373421252
99.9742396703
99.9879457142
99.9879457142
99.9879457142
99.9879457142
99.9892357843
99.9892357843
99.9879457142
99.9879457142
99.9879457142
99.9879457142
99.9879457142
99.9879457142
99.9879457142
99.9879457142
99.9879457142
99.9879457142
99.9879457142
99.9879457142
99.9870992992
99.9883893693
99.9883893693
99.9864230988
99.9848304197
99.9825678261
99.9837288892
0.593686250654
0.588860684432
0.571899422034
0.560633190059
0.557556243915
0.547857325011
0.497864580495
0.497864580495
0.450894667315
0.448754322872
0.404555091011
0.390157116067
0.362809511832
0.326084905549
0.292270986414
0.261838459192
0.269509494156
0.36365592681
9.83565473603
25.4066039975
53.1320457142
99.9879457142
99.9879457142
99.986512303
99.9783411139
99.9667010363
99.9492471214
0
0
0
0
0
0
0
0
0
0
0
0
0
0
0
0
0
0
0
0
0
0
0
0
0
0
0
0
0
0
0
0
0
0
0
0
0
0
0
0
0
99.82029897
99.9597365833
99.9879457142
99.9879457142
99.9892357843
99.9901762454
99.9901762454
99.9892357843
99.9892357843
99.9892357843
99.9892357843
99.9892357843
99.9892357843
99.9879457142
99.9879457142
99.9879457142
99.9879457142
99.9879457142
99.9879457142
99.9879457142
99.9879457142
99.9879457142
99.9879457142
99.9883893693
99.9864230988
99.9848304197
99.9829081012
99.9837288892
0.57262371067
0.559199778861
0.55677228441
0.552379939076
0.530381060366
0.497864580495
0.496431169297
0.456295185971
0.443300738115
0.396916761249
0.400777666897
0.36365592681
0.326084905549
0.292270986414
0.234449184692
0.209798837643
0.209798837643
0.261838459192
1.8949154653
7.96459002188
14.9974092439
25.4066039975
47.8176357142
99.9879457142
99.986512303
99.9765714705
99.9588901683
46.8559
0
0
0
0
0
0
0
0
0
0
0
0
0
0
0
0
0
0
0
0
0
0
0
0
0
0
0
0
0
0
0
0
0
0
0
0
0
0
0
98.8027484817
99.9312265541
99.9792028475
99.9888861753
99.9901762454
99.9909380188
99.9909380188
99.9909380188
99.9909380188
99.9899975578
99.9899975578
99.9899975578
99.9892357843
99.9892357843
99.9892357843
99.9892357843
99.9879457142
99.9879457142
99.9879457142
99.9879457142
99.9879457142
99.9879457142
99.9879457142
99.9892357843
99.9892357843
99.9883893693
99.9848304197
99.9850992431
99.9837288892
0.559006527702
0.548973195931
0.540938533318
0.527264253091
0.503367531571
0.498567654353
0.468585816738
0.444147153093
0.418623816556
0.397763176227
0.357451008246
0.32198741253
0.290086241408
0.259653714187
0.207614092638
0.161911009811
0.149676641189
0.187613525298
0.304620334061
2.20168034481
4.48922473539
7.46391920366
10.9307850884
16.666067875
25.4066039975
99.986512303
99.9738742544
99.9492471214
0
0
0
0
0
0
0
0
0
0
0
0
0
0
0
0
0
0
0
0
0
0
0
0
0
0
0
0
0
0
0
0
0
0
0
0
0
0
0
99.5833906232
99.9606770444
99.9888861753
99.9896479488
99.9909380188
99.9909380188
99.9909380188
99.9909380188
99.9909380188
99.9909380188
99.9909380188
99.9899975578
99.9899975578
99.9899975578
99.9899975578
99.9892357843
99.9892357843
99.9892357843
99.9892357843
99.9892357843
99.9879457142
99.9879457142
99.9892357843
99.9892357843
99.9892357843
99.9892357843
99.9867966902
99.9850992431
99.9837288892
0.55948410132
0.540144882604
0.531750583209
0.517621803499
0.49950811544
0.480292429399
0.445437223171
0.43923716057
0.397763176227
0.37854732752
0.356017597048
0.31791371648
0.284099797344
0.255259949232
0.183638895237
0.071711414763
0.0834462092763
0.127841500197
0.209798837643
0.43501171751
1.06770261179
1.8149766085
2.7714601398
3.80538049013
5.22236250556
7.1678660522
16.6636940027
16.6510559541
19.7559
0
0
0
0
0
0
0
0
0
0
0
0
0
0
0
0
0
0
0
0
0
0
0
0
0
0
0
0
0
0
0
0
0
0
0
0
0
0
99.9244314751
99.9874527641
99.9896479488
99.9909380188
99.9909380188
99.9909380188
99.9909380188
99.9909380188
99.9909380188
99.9909380188
99.9909380188
99.9909380188
99.9899975578
99.9899975578
99.9899975578
99.9899975578
99.9899975578
99.9899975578
99.9892357843
99.9892357843
99.9892357843
99.9899975578
99.9899975578
99.9899975578
99.9899975578
99.9899975578
99.9899975578
99.9884989248
99.9833332695
0.578210866654
0.551727348175
0.530832704303
0.518026138284
0.486556544051
0.463148609012
0.444418979365
0.418677887699
0.397763176227
0.356017597048
0.339224974999
0.31791371648
0.284099797344
0.253667270123
0.215679655311
0.0453794814425
0.0179147814844
0.0192048515626
0.0225347479279
0.0242369824954
0.0982782824254
0.177298613556
0.26866076865
0.506315539574
0.697903067857
0.96071174863
1.06717431519
0.856886798331
1.98823300344
0
0
0
0
0
0
0
0
0
0
0
0
0
0
0
0
0
0
0
0
0
0
0
0
0
0
0
0
0
0
0
0
0
0
0
0
0
98.1769865129
99.9809843828
99.9906929055
99.9919829756
99.9931440387
99.9931440387
99.9931440387
99.9909380188
99.9909380188
99.9909380188
99.9909380188
99.9909380188
99.9909380188
99.9899975578
99.9899975578
99.9899975578
99.9899975578
99.9899975578
99.9899975578
99.9899975578
99.9899975578
99.9899975578
99.9899975578
99.9899975578
99.9899975578
99.9899975578
99.9899975578
99.9899975578
99.9900916039
99.9867568278
0.653541800814
0.583721235195
0.544077796741
0.511124750167
0.480360332926
0.458593968524
0.438424935719
0.404587091705
0.393751314527
0.355341396621
0.322015986687
0.315710881279
0.280564821904
0.247927558985
0.213452221353
0.145101786241
0.0192048515626
0.0199666250431
0.02090708613
0.0242369824954
0.0242369824954
0.0279368673457
0.0366156095873
0.0427358542112
0.0558019134977
0.0992556998755
0.12414608954
0.171684005597
1.31421036599
21.1070723816
0
0
0
0
0
0
0
0
0
0
0
0
0
0
0
0
0
0
0
0
0
0
0
0
0
0
0
0
0
0
0
0
0
0
0
0.00178687606527
99.9728627655
99.9904205574
99.9931440387
99.9931440387
99.9931440387
99.9931440387
99.9931440387
99.9931440387
99.9920990819
99.9909380188
99.9909380188
99.9909380188
99.9909380188
99.9899975578
99.9899975578
99.9899975578
99.9899975578
99.9899975578
99.9899975578
99.9899975578
99.9899975578
99.9899975578
99.9899975578
99.9899975578
99.9899975578
99.9899975578
99.9899975578
99.9909380188
99.9900916039
99.9878122404
1.22796786251
0.689948684865
0.567328748193
0.513736660377
0.478502876706
0.45792431539
0.431469500872
0.397986083762
0.383497817838
0.356103170102
0.317169917082
0.295018138292
0.27393600114
0.237013683495
0.192644124919
0.14712870157
0.0169697183143
0.0199666250431
0.02090708613
0.02090708613
0.0242369824954
0.0242369824954
0.0320478505128
0.0388216294209
0.0495361260155
0.0704994396904
0.0992556998755
0.154874965668
1.19039555693
2.23677085576
0.00178687606527
0
0
0
0
0
0
0
0
0
0
0
0
0
0
0
0
0
0
0
0
0
0
0
0
0
0
0
0
0
0
0
0
0
0
0.00283183282859
99.9931440387
99.9931440387
99.9931440387
99.9931440387
99.9931440387
99.9931440387
99.9931440387
99.9931440387
99.9909380188
99.9909380188
99.9909380188
99.9909380188
99.9899975578
99.9899975578
99.9899975578
99.9899975578
99.9899975578
99.9899975578
99.9899975578
99.9899975578
99.9899975578
99.9899975578
99.9899975578
99.9899975578
99.9899975578
99.9899975578
99.9899975578
99.9900916039
99.9907772
99.9875960501
31.8505030983
1.21546516923
0.625186675481
0.532001958042
0.488470106386
0.46073985904
0.427128510767
0.399448654746
0.37686410887
0.354813100024
0.315014002363
0.285417814413
0.271470708377
0.235580272297
0.191210713721
0.14712870157
0.0153770392054
0.0169697183143
0.0199666250431
0.0199666250431
0.0199666250431
0.0232965214084
0.0320478505128
0.03846226879
0.0445825134139
0.0564875096301
0.089330129888
0.111731480586
0.1735306648
0.214997162122
18.5119480448
0
0
0
0
0
0
0
0
0
0
0
0
0
0
0
0
0
0
0
0
0
0
0
0
0
0
0
0
0
0
0
0
0
0
99.9829072193
99.9931440387
99.9938296348
99.9938296348
99.9938296348
99.9938296348
99.9938296348
99.992784678
99.9906831539
99.9906831539
99.9906831539
99.9906831539
99.9906831539
99.9899975578
99.9899975578
99.9899975578
99.9899975578
99.9899975578
99.9899975578
99.9899975578
99.9899975578
99.9906831539
99.9906831539
99.9906831539
99.9906831539
99.9906831539
99.9906831539
99.9906831539
99.9907772
99.9880289226
99.9857565514
)
;

boundaryField
{
    frontAndBack
    {
        type            empty;
    }
    leftWall
    {
        type            calculated;
        value           uniform 0;
    }
    outlet
    {
        type            calculated;
        value           uniform 0;
    }
    rightWall
    {
        type            calculated;
        value           uniform 0;
    }
    inlet
    {
        type            calculated;
        value           uniform 2530.23537643;
    }
}


// ************************************************************************* //
