/*--------------------------------*- C++ -*----------------------------------*\
| =========                 |                                                 |
| \\      /  F ield         | OpenFOAM: The Open Source CFD Toolbox           |
|  \\    /   O peration     | Version:  v1906                                 |
|   \\  /    A nd           | Web:      www.OpenFOAM.com                      |
|    \\/     M anipulation  |                                                 |
\*---------------------------------------------------------------------------*/
FoamFile
{
    version     2.0;
    format      ascii;
    class       volScalarField;
    location    "702";
    object      alpha;
}
// * * * * * * * * * * * * * * * * * * * * * * * * * * * * * * * * * * * * * //

dimensions      [0 0 -1 0 0 0 0];


internalField   nonuniform List<scalar> 
9216
(
200
200
200
200
200
200
200
200
200
200
200
200
200
200
200
200
200
200
200
200
200
200
200
200
200
200
200
200
200
200
200
200
200
200
200
200
200
200
200
200
200
200
200
200
200
200
200
200
200
200
200
200
200
200
200
200
200
200
200
200
200
200
200
200
200
200
200
200
200
200
200
200
200
200
200
200
200
200
200
200
200
200
200
200
199.999932752
182.459462743
162.893858043
138.606605955
111.369230283
87.5412308792
66.2158601411
49.1724085889
35.3494705021
22.7724858191
13.0054498993
1.57134240299
200
200
200
200
200
200
200
200
200
200
200
200
200
200
200
200
200
200
200
200
200
200
200
200
200
200
200
200
200
200
200
200
200
200
200
200
200
200
200
200
200
200
200
200
200
200
200
200
200
200
200
200
200
200
200
200
200
200
200
200
200
200
200
200
200
200
200
200
200
200
200
200
200
200
200
200
200
200
200
200
200
200
200
200
200
195.6031533
176.142848289
150.867331751
127.19535225
100.251349414
76.6750736431
60.7906120092
47.817245126
31.1975687812
20.576946088
15.3953409566
200
200
200
200
200
200
200
200
200
200
200
200
200
200
200
200
200
200
200
200
200
200
200
200
200
200
200
200
200
200
200
200
200
200
200
200
200
200
200
200
200
200
200
200
200
200
200
200
200
200
200
200
200
200
200
200
200
200
200
200
200
200
200
200
200
200
200
200
200
200
200
200
200
200
200
200
200
200
200
200
200
200
200
200
200
192.352349246
166.966031742
150.93871056
132.194435808
102.06824569
74.0448062972
64.6644046202
47.3811439649
36.4660482907
31.9188640173
21.7021345388
200
200
200
200
200
200
200
200
200
200
200
200
200
200
200
200
200
200
200
200
200
200
200
200
200
200
200
200
200
200
200
200
200
200
200
200
200
200
200
200
200
200
200
200
200
200
200
200
200
200
200
200
200
200
200
200
200
200
200
200
200
200
200
200
200
200
200
200
200
200
200
200
200
200
200
200
200
200
200
200
200
200
200
200
200
185.523447279
164.541662791
149.060885924
125.014234647
106.532716472
86.1941194393
62.5240045793
56.085448963
46.8075963412
40.7298646733
28.3656332455
200
200
200
200
200
200
200
200
200
200
200
200
200
200
200
200
200
200
200
200
200
200
200
200
200
200
200
200
200
200
200
200
200
200
200
200
200
200
200
200
200
200
200
200
200
200
200
200
200
200
200
200
200
200
200
200
200
200
200
200
200
200
200
200
200
200
200
200
200
200
200
200
200
200
200
200
200
200
200
200
200
200
200
200
199.984418774
176.751840129
156.237854841
142.359743081
132.040923908
108.294386958
92.8345372451
72.2089663759
58.117873875
56.8456290081
53.239840837
40.88160618
200
200
200
200
200
200
200
200
200
200
200
200
200
200
200
200
200
200
200
200
200
200
200
200
200
200
200
200
200
200
200
200
200
200
200
200
200
200
200
200
200
200
200
200
200
200
200
200
200
200
200
200
200
200
200
200
200
200
200
200
200
200
200
200
200
200
200
200
200
200
200
200
200
200
200
200
200
200
200
200
200
200
200
200
196.351872979
174.506954258
161.020085147
142.081654788
121.676080387
102.624085494
99.4686816673
86.9561677295
69.1753884995
65.9696043817
65.0670701911
52.245737822
200
200
200
200
200
200
200
200
200
200
200
200
200
200
200
200
200
200
200
200
200
200
200
200
200
200
200
200
200
200
200
200
200
200
200
200
200
200
200
200
200
200
200
200
200
200
200
200
200
200
200
200
200
200
200
200
200
200
200
200
200
200
200
200
200
200
200
200
200
200
200
200
200
200
200
200
200
200
200
200
200
200
200
200
191.518276857
172.569878523
156.513255357
141.402574989
121.459056692
112.102375319
97.9829005379
96.3751173804
87.1042496881
76.6074415305
76.379064929
63.1119878895
200
200
200
200
200
200
200
200
200
200
200
200
200
200
200
200
200
200
200
200
200
200
200
200
200
200
200
200
200
200
200
200
200
200
200
200
200
200
200
200
200
200
200
200
200
200
200
200
200
200
200
200
200
200
200
200
200
200
200
200
200
200
200
200
200
200
200
200
200
200
200
200
200
200
200
200
200
200
200
200
200
200
200
200
187.405776052
171.056277774
152.211897191
137.309761577
124.814088109
117.687005126
108.761282528
99.0956282086
99.4083599909
86.4033619471
87.0326492603
73.8206405284
200
200
200
200
200
200
200
200
200
200
200
200
200
200
200
200
200
200
200
200
200
200
200
200
200
200
200
200
200
200
200
200
200
200
200
200
200
200
200
200
200
200
200
200
200
200
200
200
200
200
200
200
200
200
200
200
200
200
200
200
200
200
200
200
200
200
200
200
200
200
200
200
200
200
200
200
200
200
200
200
200
200
200
199.999999973
186.68622644
171.356695919
155.452396281
138.82268015
127.198467486
114.767042221
116.25652382
110.259193721
104.009537666
99.5136253601
95.9532162815
83.4364517539
200
200
200
200
200
200
200
200
200
200
200
200
200
200
200
200
200
200
200
200
200
200
200
200
200
200
200
200
200
200
200
200
200
200
200
200
200
200
200
200
200
200
200
200
200
200
200
200
200
200
200
200
200
200
200
200
200
200
200
200
200
200
200
200
200
200
200
200
200
200
200
200
200
200
200
200
200
200
200
200
200
200
200
199.645854359
185.414057801
170.697361931
154.872785498
141.632937894
131.091736751
123.379369629
116.744231929
117.550458875
112.945685004
110.775344203
104.441822474
93.4355087888
200
200
200
200
200
200
200
200
200
200
200
200
200
200
200
200
200
200
200
200
200
200
200
200
200
200
200
200
200
200
200
200
200
200
200
200
200
200
200
200
200
200
200
200
200
200
200
200
200
200
200
200
200
200
200
200
200
200
200
200
200
200
200
200
200
200
200
194.854782747
179.94653444
169.4604442
169.768722094
178.285691854
188.8410733
196.78268997
199.92923942
200
200
199.838679691
200
200
200
200
200
198.468878036
184.125803348
167.23417537
154.214138246
144.311857251
138.364714857
131.342131302
126.025315762
118.884421253
120.571239198
122.717108464
112.943630204
101.299667187
200
200
200
200
200
200
200
200
200
200
200
200
200
200
200
200
200
200
200
200
200
200
200
200
200
200
200
200
200
200
200
200
200
200
200
200
200
200
200
200
200
200
200
200
200
200
200
200
200
200
200
200
200
200
200
200
200
200
200
200
200
200
164.017898456
12.9862591021
1.58877684179
0.279566545642
0.0618157304966
0.0189562755784
0.0102925063732
0.0107405070726
0.0181107890555
0.0410051396074
0.115412954539
0.395117587963
1.64520626191
8.41959574739
56.2949907214
173.416028902
197.643530294
199.998691031
199.908954546
199.861371524
200
197.117365815
182.153262715
167.70733959
157.695807969
149.468463641
141.729164709
136.55283444
131.730696989
128.090225968
123.41129731
128.569465176
120.591787097
107.480700963
200
200
200
200
200
200
200
200
200
200
200
200
200
200
200
200
200
200
200
200
200
200
200
200
200
200
200
200
200
200
200
200
200
200
200
200
200
200
200
200
200
200
200
200
200
200
200
200
200
200
200
200
200
200
200
200
200
200
200
198.303346173
0.705146855489
0.00110095825701
6.46174300739e-05
1.06309487012e-05
2.57232880568e-06
7.56865707689e-07
3.0119404754e-07
2.06079414573e-07
2.4177103078e-07
4.11630225166e-07
8.90140204876e-07
2.32254872464e-06
7.18517633345e-06
2.60914076103e-05
0.00011084923837
0.000579405754143
0.00388918079659
0.0352973321927
0.439110668802
7.47546315968
133.900167832
194.895684543
199.987677197
195.452349086
181.295849002
171.082096785
161.854849234
153.109472907
145.542698539
140.555389574
135.804525321
132.321961454
130.170329983
132.358317404
127.043995086
112.988246363
200
200
200
200
200
200
200
200
200
200
200
200
200
200
200
200
200
200
200
200
200
200
200
200
200
200
200
200
200
200
200
200
200
200
200
200
200
200
200
200
200
200
200
200
200
200
200
200
200
200
200
200
200
200
200
200
200
196.745115769
0.0220688071416
5.67979572962e-07
1.16081733019e-08
1.01078941167e-09
2.02814638851e-10
5.97962423223e-11
2.18038845773e-11
1.19906198133e-11
1.0840069368e-11
1.4604942133e-11
2.56138730461e-11
5.42053718699e-11
1.33033864492e-10
3.75207317355e-10
1.21946443496e-09
4.66776697137e-09
2.14951651223e-08
1.22429366771e-07
8.88489205838e-07
8.31041240097e-06
9.44198980487e-05
0.00134339735888
0.0267095616103
0.760990331392
30.8137939424
177.780015715
184.718036767
171.85474786
164.402398216
155.596963238
148.856493961
145.855540402
140.094823488
137.052887473
134.350874065
132.415847533
134.834990712
117.704483652
200
200
200
200
200
200
200
200
200
200
200
200
200
200
200
200
200
200
200
200
200
200
200
200
200
200
200
200
200
200
200
200
200
200
200
200
200
200
200
200
200
200
200
200
200
200
200
200
200
200
200
200
200
200
200
200
0.164266145726
2.21495799816e-08
4.4128218009e-12
3.55651579968e-13
6.3732770321e-14
1.671472418e-14
5.98225382709e-15
2.84486405595e-15
2.0487766437e-15
2.20993991936e-15
3.15759959787e-15
5.42755887138e-15
1.08185108747e-14
2.49366411076e-14
6.53403901682e-14
1.96006022532e-13
6.78019716989e-13
2.74884053057e-12
1.32195776188e-11
7.72823436952e-11
5.31351062245e-10
4.45822402313e-09
4.67031967392e-08
6.42836116014e-07
1.18140294179e-05
0.000262382726482
0.00776594366048
0.306112598752
12.8716970163
156.550998
163.986047405
157.576596623
153.862047685
150.133117043
144.381951982
140.961848233
137.590319527
135.751700444
140.019906251
121.697576513
200
200
200
200
200
200
200
200
200
200
200
200
200
200
200
200
200
200
200
200
200
200
200
200
200
200
200
200
200
200
200
200
200
200
200
200
200
200
200
200
200
200
200
200
200
200
200
200
200
200
200
200
200
200
153.307746924
1.64977935775e-08
4.7270434356e-14
4.13636045367e-16
5.42354006367e-17
1.3008178097e-17
4.44701985695e-18
1.9527888635e-18
1.12212636751e-18
9.41984076048e-19
1.10425197937e-18
1.62532513037e-18
2.80628350948e-18
5.53684362341e-18
1.22183497208e-17
3.07047569415e-17
8.70566086883e-17
2.79990093458e-16
1.02338513666e-15
4.23173080811e-15
2.02661179426e-14
1.14028523639e-13
7.54732991978e-13
5.94606985445e-12
5.7223052209e-11
6.70699984669e-10
9.83605301762e-09
1.89679454007e-07
4.90755741733e-06
0.000146744709019
0.00469739090929
0.241300724043
22.1125073318
156.340424665
158.384086036
152.166951434
146.664822723
143.583673751
141.304569615
138.30274505
141.104998942
124.619231979
200
200
200
200
200
200
200
200
200
200
200
200
200
200
200
200
200
200
200
200
200
200
200
200
200
200
200
200
200
200
200
200
200
200
200
200
200
200
200
200
200
200
200
200
200
200
200
200
200
200
200
200
200
22.1297607178
8.65567087373e-15
3.72372927594e-18
1.88955782497e-19
3.43976959642e-20
9.6377154785e-21
3.71795535889e-21
1.84116738461e-21
1.15587037084e-21
1.01374332544e-21
1.19573986531e-21
1.74645276577e-21
2.95503233194e-21
5.63046585331e-21
1.21271907906e-20
2.939853984e-20
7.86324338069e-20
2.38315194173e-19
8.19395984224e-19
3.15392479752e-18
1.35081174665e-17
6.56535111842e-17
3.65262242309e-16
2.27561727622e-15
1.62981785608e-14
1.40589156275e-13
1.45375557596e-12
1.83514463854e-11
2.85310475557e-10
5.64732798779e-09
1.24024981624e-07
3.57550365272e-06
0.000141675036168
0.00963722040769
1.31654045243
123.399831148
151.135312718
148.88603648
145.050508134
143.258341036
140.2996572
141.410742064
126.358811471
200
200
200
200
200
200
200
200
200
200
200
200
200
200
200
200
200
200
200
200
200
200
200
200
200
200
200
200
200
200
200
200
200
200
200
200
200
200
200
200
200
200
200
200
200
200
200
200
200
200
200
200
5.84015791274
5.41474432042e-19
3.71616193626e-21
3.77113294111e-22
7.83500190403e-23
2.27643084172e-23
8.73587448435e-24
4.07860960055e-24
2.48800441181e-24
2.04644688408e-24
2.28839364868e-24
3.25966404537e-24
5.85058057807e-24
1.1335503889e-23
2.43603625402e-23
5.71351770101e-23
1.50001506728e-22
4.39451382678e-22
1.42153217205e-21
4.98966720894e-21
1.94712770948e-20
8.27416289249e-20
4.01758727503e-19
2.15763173319e-18
1.27952422263e-17
8.63259080706e-17
6.75693741287e-16
5.97429960081e-15
6.29165796586e-14
8.2187443532e-13
1.20507526041e-11
2.12095602287e-10
4.61136663926e-09
1.48227266237e-07
9.02466141134e-06
0.000723530034455
0.117296465569
51.6040277315
149.719622393
147.814293773
143.257986784
142.074253806
140.481773239
127.448654427
200
200
200
200
200
200
200
200
200
200
200
200
200
200
200
200
200
200
200
200
200
200
200
200
200
200
200
200
200
200
200
200
200
200
200
200
200
200
200
200
200
200
200
200
200
200
200
200
200
200
200
2.17989660867
7.01409249575e-22
1.63786446516e-23
3.90221993662e-25
0
0
0
0
0
0
0
0
0
8.31391929767e-27
2.73621998027e-26
1.38752966954e-25
4.13686006556e-25
1.40096255676e-24
4.74158210444e-24
1.66152854155e-23
6.05527853057e-23
2.38180196783e-22
1.01066249117e-21
4.5858699665e-21
2.2918284235e-20
1.26575953388e-19
8.00962983912e-19
5.55968479883e-18
4.34723590919e-17
3.99868211671e-16
3.91790634716e-15
4.52407571099e-14
6.6261122358e-13
1.22332620084e-11
3.07613903996e-10
1.35130242533e-08
8.37668930515e-07
0.000104845517079
0.02419824001
15.5832443462
147.233384417
144.720380998
142.847658549
139.808115549
128.512914109
200
200
200
200
200
200
200
200
200
200
200
200
200
200
200
200
200
200
200
200
200
200
200
200
200
200
200
200
200
200
200
200
200
200
200
200
200
200
200
200
200
200
200
200
200
200
200
200
200
200
0.945135536604
8.22977278223e-24
0
0
0
0
0
0
0
0
0
0
0
0
0
0
0
6.27986579299e-27
1.72521992834e-26
7.66351634578e-26
3.22970506665e-25
1.31347317097e-24
5.42120571702e-24
2.24845546964e-23
9.55927042478e-23
4.53770769449e-22
2.2491183578e-21
1.23341605133e-20
7.57374325749e-20
5.40123487698e-19
3.907956988e-18
3.20391662732e-17
3.10756401511e-16
3.64419920568e-15
5.46885152607e-14
1.2750390174e-12
3.77941566257e-11
1.58205218042e-09
1.37922642269e-07
2.41948095623e-05
0.00802371296982
9.84567709053
146.009207719
142.949559541
140.853128333
129.374646595
200
200
200
200
200
200
200
200
200
200
200
200
200
200
200
200
200
200
200
200
200
200
200
200
200
200
200
200
200
200
200
200
200
200
200
200
200
200
200
200
200
200
200
200
200
200
200
200
200
0.684594276523
8.82821561447e-29
0
0
0
0
0
0
0
0
0
0
0
0
0
0
0
0
0
0
6.05262841404e-28
9.7589043348e-27
2.76269848863e-26
1.23711752709e-25
6.81436892171e-25
2.72587854413e-24
1.38483025944e-23
6.28688819037e-23
3.29256736916e-22
1.67940299932e-21
9.94077709775e-21
6.16044211448e-20
4.52188271662e-19
3.6374096905e-18
3.49188091142e-17
4.28120937689e-16
7.48532957139e-15
1.66940999984e-13
5.56299641272e-12
3.18754222072e-10
3.30461903765e-08
8.2026810052e-06
0.00484175856626
19.3972393646
142.756973318
141.525597113
129.493074669
200
200
200
200
200
200
200
200
200
200
200
200
200
200
200
200
200
200
200
200
200
200
200
200
200
200
200
200
200
200
200
200
200
200
200
200
200
200
200
200
200
200
200
200
200
200
200
200
1.59048618079
0
0
0
0
0
0
0
0
0
0
0
0
0
0
0
0
0
0
0
0
0
0
0
6.06490864309e-27
1.7854806323e-26
9.5564668442e-26
4.76072287428e-25
1.96793629228e-24
1.05005773876e-23
5.02307750323e-23
2.6889755284e-22
1.43521360988e-21
9.56090371923e-21
6.71339067373e-20
5.5702608826e-19
5.47214637071e-18
7.50346415604e-17
1.24361191904e-15
3.25573919636e-14
1.18138448001e-12
8.14801285193e-11
1.1534968995e-08
4.50708031063e-06
0.00743401382981
84.8485606449
140.053354862
127.88044468
200
200
200
200
200
200
200
200
200
200
200
200
200
200
200
200
200
200
200
200
200
200
200
200
200
200
200
200
200
200
200
200
200
200
200
200
200
200
200
200
200
200
200
200
200
200
200
6.06620977021
0
0
0
0
0
0
0
0
0
0
0
0
0
0
0
0
0
0
0
0
0
0
0
0
0
0
4.67777326005e-27
1.77149325793e-26
8.47128077588e-26
4.32368400528e-25
1.99915301296e-24
1.10606404355e-23
5.48333631939e-23
3.1491034353e-22
2.02186426828e-21
1.36835954001e-20
1.13013460292e-19
1.25314907431e-18
1.52127341723e-17
2.65991004263e-16
7.12100240508e-15
3.4133273377e-13
3.02877980132e-11
6.14887523444e-09
5.83601011993e-06
0.0338219579124
122.748495283
124.497423889
200
200
200
200
200
200
200
200
200
200
200
200
200
200
200
200
200
200
200
200
200
200
200
200
200
200
200
200
200
200
200
200
200
200
200
200
200
200
200
200
200
200
200
200
200
200
102.807000933
0
0
0
0
0
0
0
0
0
0
0
0
0
0
0
0
0
0
0
0
0
0
0
0
0
0
0
0
0
4.4588962325e-27
1.98624908305e-26
1.04827253174e-25
5.58989920861e-25
2.7246732484e-24
1.63700233413e-23
8.90381442542e-23
5.62068923679e-22
3.79733253922e-21
2.98828110196e-20
3.31776249184e-19
4.10334889781e-18
8.21364674708e-17
2.53316080617e-15
1.39942771242e-13
1.71290910804e-11
6.87155328781e-09
2.1535671752e-05
0.899134978182
119.711190621
200
200
200
200
200
200
200
200
200
200
200
200
200
200
200
200
200
200
200
200
200
200
200
200
200
200
200
200
200
200
200
200
200
200
200
200
200
200
200
200
200
200
200
200
200
200
0
0
0
0
0
0
0
0
0
0
0
0
0
0
0
0
0
0
0
0
0
0
0
0
0
0
0
0
0
0
0
0
5.8324520964e-27
2.74079647512e-26
1.52147196298e-25
8.63049451179e-25
5.0491790572e-24
2.86310370746e-23
1.92792434216e-22
1.28799484568e-21
1.10364456567e-20
1.07759336739e-19
1.60739367606e-18
3.38000128407e-17
1.18458586337e-15
8.27728991243e-14
1.76738553209e-11
1.86654016325e-08
0.000328884857593
97.3091380232
200
200
200
200
200
200
200
200
200
200
200
200
200
200
200
200
200
200
200
200
200
200
200
200
200
200
200
200
200
200
200
200
200
200
200
200
200
200
200
200
200
200
200
200
200
0
0
0
0
0
0
0
0
0
0
0
0
0
0
0
0
0
0
0
0
0
0
0
0
0
0
0
0
0
0
0
0
0
0
0
9.38767524364e-27
4.83539024137e-26
3.77012006297e-25
1.96057970594e-24
1.24092012539e-23
8.47297029197e-23
5.29763274335e-22
4.43783026023e-21
5.03102968146e-20
7.83148443472e-19
1.74574057627e-17
7.21042980356e-16
7.97748636753e-14
3.76248285153e-11
2.0341508497e-07
0.473192083049
200
200
200
200
200
200
200
200
200
200
200
200
200
200
200
200
200
200
200
200
200
200
200
200
200
200
200
200
200
200
200
200
200
200
200
200
200
200
200
200
200
200
200
200
200
0
0
0
0
0
0
0
0
0
0
0
0
0
0
0
0
0
0
0
0
0
0
0
0
0
0
0
0
0
0
0
0
0
0
0
0
2.85011324904e-27
2.09983765842e-26
1.53957739535e-25
9.36043630396e-25
6.31003198066e-24
4.17677198153e-23
2.90028084904e-22
2.42719209587e-21
2.64777795415e-20
4.34518723233e-19
1.07851879254e-17
6.68190381261e-16
1.44608852359e-13
2.69091571536e-10
8.32606515575e-05
200
200
200
200
200
200
200
200
200
200
200
200
200
200
200
200
200
200
200
200
200
200
200
200
200
200
200
200
200
200
200
200
200
200
200
200
200
200
200
200
200
200
200
200
200
0
0
0
0
0
0
0
0
0
0
0
0
0
0
0
0
0
0
0
0
0
0
0
0
0
0
0
0
0
0
0
0
0
0
0
0
0
0
9.95132203885e-27
8.36423689975e-26
5.02883353124e-25
3.76187113094e-24
2.35898223427e-23
1.54059741467e-22
1.27988765405e-21
1.63110546573e-20
2.84309545679e-19
1.01539314432e-17
1.03903845265e-15
7.91745422867e-13
2.63676885099e-08
200
200
200
200
200
200
200
200
200
200
200
200
200
200
200
200
200
200
200
200
200
200
200
200
200
200
200
200
200
200
200
200
200
200
200
200
200
200
200
200
200
200
200
200
0
0
0
0
0
0
0
0
0
0
0
0
0
0
0
0
0
0
0
0
0
0
0
0
0
0
0
0
0
0
0
0
0
0
0
0
0
0
0
0
4.47093866406e-27
5.21984279074e-26
3.63008251887e-25
2.56080768669e-24
1.57392168029e-23
1.26209080763e-22
9.83138010738e-22
1.32821582403e-20
3.09468152194e-19
1.46942583671e-17
4.22239163014e-15
2.62011337164e-11
200
200
200
200
200
200
200
200
200
200
200
200
200
200
200
200
200
200
200
200
200
200
200
200
200
200
200
200
200
200
200
200
200
200
200
200
200
200
200
200
200
200
200
200
0
0
0
0
0
0
0
0
0
0
0
4.21656762814e-27
2.10961643728e-26
3.2530971984e-26
5.58171937781e-26
0
0
0
0
0
0
0
0
0
0
0
0
0
0
0
0
0
0
0
0
0
0
0
0
0
0
1.8941024601e-27
3.59525652636e-26
3.21760583591e-25
2.13684843821e-24
1.4187499643e-23
1.10355700125e-22
1.06388355298e-21
1.55335864462e-20
4.24031786509e-19
4.8294498497e-17
6.84159130099e-14
200
200
200
5.35700025492e-30
0
0
0
0
0
0
0
0
0
0
0
0
0
0
0
0
0
0
0
6.69520235372e-25
9.71384741891e-23
200
200
200
200
200
200
200
200
200
200
200
200
200
200
200
200
200
200
200
0
0
0
0
0
0
0
0
0
1.46294136886e-26
2.42585790813e-25
1.49579200528e-24
1.07004252409e-23
7.0455167447e-23
1.33869421651e-22
1.87649922127e-22
5.04649646081e-24
3.42681479635e-25
0
0
0
0
0
0
0
0
0
0
0
0
0
0
0
0
0
0
0
0
0
0
0
0
3.34287141132e-28
3.02124831759e-26
2.4175636548e-25
1.70716156645e-24
1.37239347833e-23
1.10645158386e-22
1.0776088872e-21
2.19191949312e-20
1.1587151039e-18
4.58365755427e-16
6.66937515754e-31
3.51019745134e-31
0
0
0
0
0
0
0
0
0
0
0
0
0
0
0
0
0
0
0
0
0
0
0
0
0
0
0
0
3.84467132712e-24
5.2645440635e-22
200
200
200
200
200
200
200
200
200
200
200
0
0
0
0
0
0
0
0
3.65468234085e-27
3.15622917019e-25
1.59719404795e-23
1.40178545605e-21
200
200
200
200
200
200
200
200
200
200
199.99990985
0
0
0
0
0
0
0
0
0
0
0
0
0
0
0
0
0
0
0
0
0
1.313637668e-29
3.51067935188e-26
2.77762833907e-25
2.47004270618e-24
1.86939935937e-23
1.57154264354e-22
2.03638843328e-21
5.49083167107e-20
7.5355119566e-18
0
0
0
0
0
0
0
0
0
0
0
0
0
0
0
0
0
0
0
0
0
0
0
0
0
0
0
0
0
0
0
0
0
0
0
5.27619171061e-24
2.58290965115e-22
200
200
200
200
200
200
0
0
0
0
0
0
0
3.94995252822e-26
9.2067741809e-24
7.02616462833e-21
200
200
200
200
200
200
200
200
200
200
200
200
200
199.999972622
0
0
0
0
0
0
0
0
0
0
0
0
0
0
0
0
0
0
0
0
0
1.26563518547e-27
5.04391566713e-26
4.44599923941e-25
3.16241990147e-24
2.97337682855e-23
2.95025409196e-22
4.70170548003e-21
2.8633227441e-19
0
0
0
0
0
0
0
0
0
0
0
0
0
0
0
0
0
0
0
0
0
0
0
0
0
0
0
0
0
0
0
0
0
0
0
0
0
0
4.34039998398e-26
3.84544728298e-24
4.82478946814e-23
1.12085547221e-22
2.52621903063e-24
0
0
0
0
0
0
4.0124307972e-25
2.56494479705e-22
200
200
200
200
200
200
200
200
200
200
200
200
200
200
200
200
199.99997578
0
0
0
0
0
0
0
0
0
0
0
0
0
0
0
0
0
0
0
0
0
3.96982670591e-27
9.81809094375e-26
6.81304107865e-25
5.54874769806e-24
4.94072136476e-23
6.78526313356e-22
1.98538393502e-20
0
0
0
0
0
0
0
0
0
0
0
0
0
0
0
0
0
0
0
0
0
0
0
0
0
0
0
0
0
0
0
0
0
0
0
0
0
0
0
0
0
0
2.90934669044e-25
0
0
5.16833596589e-29
8.87401053023e-29
5.54180006609e-27
3.2037796547e-24
1.58548469251e-20
200
200
200
200
200
200
200
200
200
200
200
200
200
200
200
200
200
200
199.99997453
0
0
0
0
0
0
0
0
0
0
0
0
0
0
0
0
0
0
0
0
0
1.17112976732e-26
1.81812647957e-25
1.52452636586e-24
1.3399425036e-23
1.4452822274e-22
2.33877812933e-21
0
0
0
0
0
0
0
0
0
0
0
0
0
0
0
0
0
0
0
0
0
0
0
0
0
0
0
0
0
0
0
0
0
0
0
0
0
0
0
0
0
0
0
0
6.57064494923e-29
4.29444401801e-28
3.35314312837e-26
6.51784657654e-24
2.41168189438e-18
200
200
200
200
200
200
200
200
200
200
200
200
200
200
200
200
200
200
200
200
199.99996958
0
0
0
0
0
0
0
0
0
0
0
0
0
0
0
0
0
0
0
0
0
3.91192657479e-26
3.62484949518e-25
4.16407811536e-24
4.10156783667e-23
4.53617494564e-22
0
0
0
0
0
0
0
0
0
0
0
0
0
0
0
0
0
0
0
0
0
0
0
0
0
0
0
0
0
0
0
0
0
0
0
0
0
0
0
0
0
0
0
0
0
2.24703175458e-26
2.52457709678e-24
200
200
200
200
200
200
200
200
200
200
200
200
200
200
200
200
200
200
200
200
200
200
200
199.999962444
0
0
0
0
0
0
0
0
0
0
0
0
0
0
0
0
0
0
0
0
5.64276508169e-27
1.30383423119e-25
1.08533980626e-24
1.21957393193e-23
1.22862879123e-22
0
0
0
0
0
0
0
0
0
0
0
0
0
0
0
0
0
0
0
0
0
0
0
0
0
0
0
0
0
0
0
0
0
0
0
0
0
0
0
0
0
0
0
0
0
0
2.34007524456e-22
200
200
200
200
200
200
200
200
200
200
200
200
200
200
200
200
200
200
200
200
200
200
200
200
199.999942759
0
0
0
0
0
0
0
0
0
0
0
0
0
0
0
0
0
0
0
0
3.54602909974e-26
4.18975782807e-25
4.62728471462e-24
4.13809498497e-23
0
0
0
0
0
0
0
0
0
0
0
0
0
0
0
0
0
0
0
0
0
0
0
0
0
0
0
0
0
0
0
0
0
0
0
0
0
0
0
0
0
0
0
0
0
0
0
0
4.88954908848e-30
200
200
200
200
200
200
200
200
200
200
200
200
200
200
200
200
200
200
200
200
200
200
200
199.999807013
0
0
0
0
0
0
0
0
0
0
0
0
0
0
0
0
0
0
0
9.76527124434e-27
1.80689995143e-25
2.01476931295e-24
1.69128831861e-23
0
0
0
0
0
0
0
0
0
0
0
0
0
0
0
0
0
0
0
0
0
0
0
0
0
0
0
0
0
0
0
0
0
0
0
0
0
0
0
0
0
0
0
0
0
0
0
0
0
4.40059417963e-30
5.892230681e-29
3.38690764702e-23
200
200
200
200
200
200
200
200
200
200
200
200
200
200
200
200
200
200
200
200
200
0
0
0
0
0
0
0
0
0
0
0
0
0
0
0
0
0
0
0
2.43553374151e-27
8.84489248413e-26
9.91725891211e-25
8.15102402858e-24
0
0
0
0
0
0
0
0
0
0
0
0
0
0
0
0
0
0
0
0
0
0
0
0
0
0
0
0
0
0
0
0
0
0
0
0
0
0
0
0
0
0
0
0
0
0
0
0
0
0
3.96053476167e-30
2.22479916358e-29
2.73596406039e-28
1.24775268456e-22
200
200
200
200
200
200
200
200
200
200
200
200
200
200
200
200
200
200
200
199.999882959
0
0
0
0
0
0
0
0
0
0
0
0
0
0
0
0
0
0
0
4.03369065042e-26
4.974441938e-25
4.49964536185e-24
0
0
0
0
0
0
0
0
0
0
0
0
0
0
0
0
0
0
0
0
0
0
0
0
0
0
0
0
0
0
0
0
0
0
0
0
0
0
0
0
0
0
0
0
0
0
0
0
0
0
0
7.52501604717e-30
1.68151593153e-29
2.3499687678e-28
6.74464622526e-28
2.56173361157e-21
200
200
200
200
200
200
200
200
200
200
200
200
200
200
200
200
200
200
0
0
0
0
0
0
0
0
0
0
0
0
0
0
0
0
0
0
0
1.98030262927e-26
2.71900583443e-25
2.77640693775e-24
0
0
0
0
0
0
0
0
0
0
0
0
0
0
0
0
0
0
0
0
0
0
0
0
0
0
0
0
0
0
0
0
0
0
0
0
0
0
0
0
0
0
0
0
0
0
0
0
0
0
0
0
6.77251444245e-30
1.51336433837e-29
2.08609959261e-28
4.59604091889e-28
5.13292394573e-23
200
200
200
200
200
200
200
200
200
200
200
200
200
200
200
200
200
199.99966594
0
0
0
0
0
0
0
0
0
0
0
0
0
0
0
0
0
0
1.21082915848e-26
2.04641864601e-25
1.87677880786e-24
0
0
0
0
0
0
0
0
0
0
0
0
0
0
0
0
0
0
0
0
0
0
0
0
0
0
0
0
0
0
0
0
0
0
0
0
0
0
0
0
0
0
0
0
0
0
0
0
0
0
0
0
0
9.6597442837e-30
3.30436607735e-29
1.6013189141e-28
2.48435628676e-28
4.9915025983e-24
200
200
200
200
200
200
200
200
200
200
200
200
200
200
200
200
200
0
0
0
0
0
0
0
0
0
0
0
0
0
0
0
0
0
0
7.1764088774e-27
1.64406122741e-25
1.40060925087e-24
0
0
0
0
0
0
0
0
0
0
0
0
0
0
0
0
0
0
0
0
0
0
0
0
0
0
0
0
0
0
0
0
0
0
0
0
0
0
0
0
0
0
0
0
0
0
0
0
0
0
0
0
0
2.88722984125e-30
6.0952629982e-30
5.05572911791e-29
1.34660629734e-28
2.22467723999e-28
2.16248970879e-28
200
200
200
200
200
200
200
200
200
200
200
200
200
200
200
200
0
0
0
0
0
0
0
0
0
0
0
0
0
0
0
0
0
0
5.93585535052e-27
1.3260074576e-25
1.15116311197e-24
0
0
0
0
0
0
0
0
0
0
0
0
0
0
0
0
0
0
0
0
0
0
0
0
0
0
0
0
0
0
0
0
0
0
0
0
0
0
0
0
0
0
0
0
0
0
0
0
0
0
0
0
0
2.88722984125e-30
5.48573669838e-30
5.48573669838e-30
5.33857383782e-29
1.29714811658e-28
1.95589837275e-28
1.8644678544e-28
200
200
200
200
200
200
200
200
200
200
200
200
200
200
200
0
0
0
0
0
0
0
0
0
0
0
0
0
0
0
0
0
0
5.47275595465e-27
1.29859671716e-25
1.06739952128e-24
0
0
0
0
0
0
0
0
0
0
0
0
0
0
0
0
0
0
0
0
0
0
0
0
0
0
0
0
0
0
0
0
0
0
0
0
0
0
0
0
0
0
0
0
0
0
0
0
0
0
0
0
0
0
5.48573669838e-30
5.48573669838e-30
5.48573669838e-30
6.47444411433e-29
1.48950874529e-28
1.6069362681e-28
8.22157451004e-25
200
200
200
200
200
200
200
200
200
200
200
200
200
200
0
0
0
0
0
0
0
0
0
0
0
0
0
0
0
0
0
0
5.60206896034e-27
1.28531155602e-25
1.09281836491e-24
0
0
0
0
0
0
0
0
0
0
0
0
0
0
0
0
0
0
0
0
0
0
0
0
0
0
0
0
0
0
0
0
0
0
0
0
0
0
0
0
0
0
0
0
0
0
0
0
0
0
0
0
0
0
0
5.48573669838e-30
5.48573669838e-30
5.48573669838e-30
7.73652219933e-29
1.1631510731e-28
1.12411937216e-28
1.75650676615e-23
200
200
200
200
200
200
200
200
200
200
200
200
200
0
0
0
0
0
0
0
0
0
0
0
0
0
0
0
0
0
0
7.78749281723e-27
1.34414895812e-25
1.20575940627e-24
0
0
0
0
0
0
0
0
0
0
0
0
0
0
0
0
0
0
0
0
0
0
0
0
0
0
0
0
0
0
0
0
0
0
0
0
0
0
0
0
0
0
0
0
0
0
0
0
0
0
0
0
0
0
0
0
0
2.88722984125e-30
8.69376985533e-30
7.33853066207e-29
9.68211441472e-29
6.96931816505e-29
200
200
200
200
200
200
200
200
200
200
200
200
200
0
0
0
0
0
0
0
0
0
0
0
0
0
0
0
0
0
0
1.0692534973e-26
1.820333093e-25
1.42066862444e-24
0
0
0
0
0
0
0
0
0
0
0
0
0
0
0
0
0
0
0
0
0
0
0
0
0
0
0
0
0
0
0
0
0
0
0
0
0
0
0
0
0
0
0
0
0
0
0
0
0
0
0
0
0
0
0
0
0
0
1.51336433837e-29
2.00231924722e-29
1.8020873225e-29
3.64149115385e-29
4.68198558502e-27
200
200
200
200
200
200
200
200
200
200
200
200
0
0
0
0
0
0
0
0
0
0
0
0
0
0
0
0
0
0
1.57253945856e-26
2.34951158888e-25
1.7816163375e-24
0
0
0
0
0
0
0
0
0
0
0
0
0
0
0
0
0
0
0
0
0
0
0
0
0
0
0
0
0
0
0
0
0
0
0
0
0
0
0
0
0
0
0
0
0
0
0
0
0
0
0
0
0
0
0
0
0
0
3.96053476167e-30
1.68151593153e-29
2.54560247927e-29
2.00231924722e-29
9.97153571974e-28
200
200
200
200
200
200
200
200
200
200
200
200
0
0
0
0
0
0
0
0
0
0
0
0
0
0
0
0
0
0
2.68502597534e-26
2.99512313979e-25
2.20041707005e-24
0
0
0
0
0
0
0
0
0
0
0
0
0
0
0
0
0
0
0
0
0
0
0
0
0
0
0
0
0
0
0
0
0
0
0
0
0
0
0
0
0
0
0
0
0
0
0
0
0
0
0
0
0
0
0
0
0
0
0
0
1.86835103503e-29
2.82844719919e-29
4.04846310776e-28
8.50351332412e-27
200
200
200
200
200
200
200
200
200
200
200
2.88722984125e-30
0
0
0
0
0
0
0
0
0
0
0
0
0
0
0
0
1.49268529973e-27
4.68971329185e-26
4.30384445194e-25
2.6100564391e-24
0
0
0
0
0
0
0
0
0
0
0
0
0
0
0
0
0
0
0
0
0
0
0
0
0
0
0
0
0
0
0
0
0
0
0
0
0
0
0
0
0
0
0
0
0
0
0
0
0
0
0
0
0
0
0
0
0
0
0
0
0
2.07594559448e-29
4.56536434591e-28
3.19774747557e-27
200
200
200
200
200
200
200
200
200
200
200
2.88722984125e-30
2.88722984125e-30
0
0
0
0
0
0
0
0
0
0
0
0
0
0
0
4.71569901401e-27
7.80090430035e-26
6.48298252689e-25
6.74008126406e-24
0
0
0
0
0
0
0
0
0
0
0
0
0
0
0
0
0
0
0
0
0
0
0
0
0
0
0
0
0
0
0
0
0
0
0
0
0
0
0
0
0
0
0
0
0
0
0
0
0
0
0
0
0
0
0
0
0
0
0
0
0
0
1.9723756749e-28
1.06105043918e-27
200
200
200
200
200
200
200
200
200
200
200
2.88722984125e-30
2.88722984125e-30
2.88722984125e-30
0
0
0
0
0
0
0
0
0
0
0
0
0
0
1.1962840285e-26
1.2394952214e-25
8.83137556094e-25
2.18821537141e-23
0
0
0
0
0
0
0
0
0
0
0
0
0
0
0
0
0
0
0
0
0
0
0
0
0
0
0
0
0
0
0
0
0
0
0
0
0
0
0
0
0
0
0
0
0
0
0
0
0
0
0
0
0
0
0
0
0
0
0
0
0
0
0
1.00124929345e-27
200
200
200
200
200
200
200
200
200
200
0
2.59850685713e-30
2.88722984125e-30
2.88722984125e-30
2.88722984125e-30
0
0
0
0
0
0
0
0
0
0
0
0
1.29204073788e-28
2.18688075619e-26
2.23629943404e-25
1.11778218726e-24
3.95269586505e-23
0
0
0
0
0
0
0
0
0
0
0
0
0
0
0
0
0
0
0
0
0
0
0
0
0
0
0
0
0
0
0
0
0
0
0
0
0
0
0
0
0
0
0
0
0
0
0
0
0
0
0
0
0
0
0
0
0
0
0
0
0
0
0
9.15261647459e-28
200
200
200
200
200
200
200
200
200
200
0
0
2.59850685713e-30
2.88722984125e-30
2.88722984125e-30
0
0
0
0
0
0
0
0
0
0
0
0
3.82421499085e-27
3.71099941722e-26
2.87830699285e-25
1.21526530612e-24
6.55916870497e-23
0
0
0
0
0
0
0
0
0
0
0
0
0
0
0
0
0
0
0
0
0
0
0
0
0
0
0
0
0
0
0
0
0
0
0
0
0
0
0
0
0
0
0
0
0
0
0
0
0
0
0
0
0
0
0
0
0
0
0
0
0
0
0
0
200
200
200
200
200
200
200
200
200
0
0
0
0
2.88722984125e-30
2.88722984125e-30
2.88722984125e-30
0
0
0
0
0
0
0
0
0
0
0
7.82307262259e-27
7.82413443431e-26
3.81681945995e-25
2.53754201894e-24
9.19498420809e-23
0
0
0
0
0
0
0
0
0
0
0
0
0
0
0
0
0
0
0
0
0
0
0
0
0
0
0
0
0
0
0
0
0
0
0
0
0
0
0
0
0
0
0
0
0
0
0
0
0
0
0
0
0
0
0
0
0
0
0
0
0
0
0
0
200
200
200
200
200
200
200
200
0
0
0
0
0
0
2.88722984125e-30
2.88722984125e-30
0
0
0
0
0
0
0
0
0
0
2.02265317865e-27
1.47352076575e-26
8.9992488493e-26
3.64672654336e-25
5.63760818328e-24
1.42514269342e-22
0
0
0
0
0
0
0
0
0
0
0
0
0
0
0
0
0
0
0
0
0
0
0
0
0
0
0
0
0
0
0
0
0
0
0
0
0
0
0
0
0
0
0
0
0
0
0
0
0
0
0
0
0
0
0
0
0
0
0
0
0
0
0
0
200
200
200
200
200
200
200
0
0
0
0
0
0
0
0
2.88722984125e-30
0
0
0
0
0
0
0
0
0
0
5.67506316979e-27
3.02122592679e-26
1.04759386761e-25
2.54791269334e-25
6.65475354148e-24
2.12450482854e-22
0
0
0
0
0
0
0
0
0
0
0
0
0
0
0
0
0
0
0
0
0
0
0
0
0
0
0
0
0
0
0
0
0
0
0
0
0
0
0
0
0
0
0
0
0
0
0
0
0
0
0
0
0
0
0
0
0
0
0
0
0
0
0
9.5094306678
200
200
200
200
200
200
0
0
0
0
0
0
0
0
0
0
0
0
0
0
0
0
0
0
0
2.2394970046e-27
8.34731734758e-27
3.35565467368e-26
6.21177174076e-26
5.70814866265e-25
1.01883097462e-23
3.00975616258e-22
0
0
0
0
0
0
0
0
0
0
0
0
0
0
0
0
0
0
0
0
0
0
0
0
0
0
0
0
0
0
0
0
0
0
0
0
0
0
0
0
0
0
0
0
0
0
0
0
0
0
0
0
0
0
0
0
0
0
0
0
0
0
0
200
200
200
200
200
200
0
0
0
0
0
0
0
0
0
0
0
0
0
0
0
0
0
0
0
0
6.17082687365e-27
2.29662769735e-26
3.85789318482e-26
1.10352664142e-26
5.5373762222e-25
1.72792925999e-23
3.24209599271e-22
0
0
0
0
0
0
0
0
0
0
0
0
0
0
0
0
0
0
0
0
0
0
0
0
0
0
0
0
0
0
0
0
0
0
0
0
0
0
0
0
0
0
0
0
0
0
0
0
0
0
0
0
0
0
0
0
0
0
0
0
0
0
0
200
200
200
200
0
0
0
0
0
0
0
0
0
0
0
0
0
0
0
0
0
0
0
0
0
3.48449202875e-27
1.28158989103e-26
4.16777505258e-26
7.0430399001e-26
4.61218209037e-27
1.423899021e-25
2.88855712311e-23
2.99005343869e-22
0
0
0
0
0
0
0
0
0
0
0
0
0
0
0
0
0
0
0
0
0
0
0
0
0
0
0
0
0
0
0
0
0
0
0
0
0
0
0
0
0
0
0
0
0
0
0
0
0
0
0
0
0
0
0
0
0
0
0
0
0
0
0
200
0
0
0
0
0
0
0
0
0
0
0
0
0
0
0
0
0
0
0
0
0
0
0
2.33039896994e-27
6.04695317991e-27
1.65000524705e-26
3.94519661563e-26
4.46675045341e-26
1.39218416062e-25
5.59299413068e-25
1.46191462104e-23
1.61355845935e-22
0
0
0
0
0
0
0
0
0
0
0
0
0
0
0
0
0
0
0
0
0
0
0
0
0
0
0
0
0
0
0
0
0
0
0
0
0
0
0
0
0
0
0
0
0
0
0
0
0
0
0
0
0
0
0
0
0
0
0
0
0
0
0
0
0
0
0
0
0
0
0
0
0
0
0
0
0
0
0
0
0
0
0
0
0
0
1.57258568426e-27
7.76159758607e-27
1.20107841008e-26
1.68020877901e-26
1.74776901664e-26
8.18277553332e-25
1.01819974613e-24
1.90243641811e-24
1.0909994942e-23
2.58104725598e-22
6.66937515754e-31
0
0
0
0
0
0
0
0
0
0
0
0
0
0
0
0
0
0
0
0
0
0
0
0
0
0
0
0
0
0
0
0
0
0
0
0
0
0
0
0
0
0
0
0
0
0
0
0
0
0
0
0
0
0
0
0
0
0
0
0
0
0
0
0
0
0
0
0
0
0
0
0
0
0
0
0
0
0
0
0
0
0
0
0
1.39787985087e-27
8.49844085801e-27
1.28083621689e-26
1.39788753272e-26
2.78132224597e-26
2.02891751899e-25
2.2656226143e-25
3.41833249834e-25
8.04583420513e-25
4.71953423869e-24
1.5078800349e-22
200
200
1.60598034425e-30
0
0
0
0
0
0
0
0
0
0
0
0
0
0
0
0
0
0
0
0
0
0
0
0
0
0
0
0
0
0
0
0
0
0
0
0
0
0
0
0
0
0
0
0
0
0
0
0
0
0
0
0
0
0
0
0
0
0
0
0
0
0
0
0
0
0
0
0
0
0
0
0
0
0
0
0
0
0
0
0
0
2.21907367778e-27
9.48074516238e-27
9.39948894377e-27
1.74213349765e-26
8.43143681804e-26
7.50000933884e-26
8.10516112672e-26
1.28826783486e-25
2.26601389823e-25
5.50890604921e-25
3.08258314583e-24
1.38461662587e-22
200
200
200
200
200
0
0
0
0
0
0
0
0
0
0
0
0
0
0
0
0
0
0
0
0
0
0
0
0
0
0
0
0
0
0
0
0
0
0
0
0
0
0
0
0
0
0
0
0
0
0
0
0
0
0
0
0
0
0
0
0
0
0
0
0
0
0
0
0
0
0
0
0
0
0
0
0
0
0
9.6597442837e-30
1.07330492041e-29
6.77251444245e-30
1.07997030523e-27
7.47394894243e-27
9.725319256e-27
9.49165047292e-27
4.91281694052e-26
4.68806973241e-26
4.77382321618e-26
5.55036543733e-26
7.04489744087e-26
9.44186332956e-26
1.3272628025e-25
2.39544971896e-25
1.20324033658e-24
9.81676963045e-23
200
200
200
200
200
20.3733091036
1.09807575702e-29
0
0
0
0
0
0
0
0
0
0
0
0
0
0
0
0
0
0
0
0
0
0
0
0
0
0
0
0
0
0
0
0
0
0
0
0
0
0
0
0
0
0
0
0
0
0
0
0
0
0
0
0
0
0
0
0
0
0
0
0
0
0
0
0
0
0
4.17669081794e-27
5.32619490757e-27
3.50183458442e-26
5.34429544978e-26
1.18643145609e-25
1.56536612986e-25
1.80620387297e-25
1.93809685633e-25
1.32346143832e-25
2.47695644624e-26
8.41900133866e-27
4.72587920384e-26
3.48179325216e-26
3.30498884813e-26
3.71116331808e-26
4.36894622582e-26
5.09263789008e-26
6.08692648079e-26
7.56431468123e-26
9.54336401582e-26
1.30549583345e-25
2.81383580253e-25
5.83345723069e-23
200
200
200
200
1.30410291616e-19
8.04678589048e-24
5.95682733514e-23
1.68238324501e-23
2.91534539673e-30
0
0
0
0
0
0
0
0
0
0
0
0
0
0
0
0
0
0
0
0
0
0
0
0
0
0
0
0
0
0
0
0
0
0
0
0
0
0
0
0
0
0
0
0
0
0
0
0
0
0
0
0
0
0
0
0
0
0
0
0
0
0
4.53568330046e-26
2.40058331028e-25
4.89685442901e-25
7.48782980732e-25
8.92743086204e-25
9.60861448267e-25
1.07401654135e-24
9.58865695284e-25
8.60623937815e-25
6.05592079368e-25
2.36484693373e-25
9.81115318678e-26
4.34796353258e-26
2.98220782924e-26
2.97731091112e-26
3.28612234587e-26
3.6425581895e-26
4.10951111788e-26
4.67615010899e-26
5.39721405691e-26
6.34727677929e-26
7.5381758446e-26
9.18376344257e-26
1.26514759856e-25
2.75440618781e-23
200
200
200
8.55621923295e-20
1.2454247054e-22
1.36273068084e-23
2.11525145417e-24
1.44542221904e-26
3.02235560454e-26
3.14578693849e-28
0
0
0
0
0
0
0
0
0
0
0
0
0
0
0
0
0
0
0
0
0
0
0
0
0
0
0
0
0
0
0
0
0
0
0
0
0
0
0
0
0
0
0
0
0
0
0
0
0
0
0
0
0
0
0
0
0
0
0
0
0
2.20390919537e-25
6.37416018101e-25
6.89406345677e-25
7.14122934652e-25
7.75910580245e-25
8.30478692088e-25
8.82233453441e-25
8.99611151701e-25
8.56877952247e-25
7.68298669056e-25
6.1579395847e-25
1.31416963211e-25
5.05218481952e-26
3.76207184616e-26
3.39364450442e-26
3.43528596786e-26
3.64085495566e-26
3.97914976993e-26
4.40760717463e-26
4.94106788802e-26
5.59144977138e-26
6.37554250043e-26
7.32781935693e-26
8.74938902467e-26
1.10783156021e-23
200
48.3568621705
3.31485463904e-20
2.10913770688e-22
1.95908820989e-23
6.8061224299e-25
3.73188677796e-26
9.48137084828e-27
5.59555981387e-27
1.30050896333e-26
1.78408719844e-26
1.3137216581e-29
0
0
0
0
0
0
0
0
0
0
0
0
0
0
0
0
0
0
0
0
0
0
0
0
0
0
0
0
0
0
0
0
0
0
0
0
0
0
0
0
0
0
0
0
0
0
0
0
0
0
0
0
0
0
0
0
0
0
0
5.05536339059e-25
7.39057450057e-25
7.71608297455e-25
7.96774379231e-25
8.36045045213e-25
8.70534374413e-25
9.08429597304e-25
9.33585983616e-25
9.67545815065e-25
9.80011249686e-25
9.11778409006e-25
4.06132928829e-25
8.27702251327e-26
4.96198621539e-26
3.95143959369e-26
3.71584566147e-26
3.76339271436e-26
3.95619219242e-26
4.26224252544e-26
4.65868742692e-26
5.12278300849e-26
5.66702924487e-26
6.27833440806e-26
7.08731371734e-26
4.11730102482e-24
7.00271605012e-19
1.22937003657e-20
2.89319302412e-22
2.30779690505e-23
1.43001844817e-24
5.23803851979e-26
1.29653194231e-26
7.49054684715e-27
6.21868308274e-27
7.67657108292e-27
6.21556719977e-27
1.05302758339e-26
1.56075762354e-28
0
0
0
0
0
0
0
0
0
0
0
0
0
0
0
0
0
0
0
0
0
0
0
0
0
0
0
0
0
0
0
0
0
0
0
0
0
0
0
0
0
0
0
0
0
0
0
0
0
0
0
0
0
0
0
0
0
0
4.59344848374e-25
8.11480461496e-25
8.21244652115e-25
8.78744295831e-25
9.09829550069e-25
9.30414037935e-25
9.56953666099e-25
9.84287003049e-25
1.02653715643e-24
1.09873133603e-24
1.15439924347e-24
7.50657006094e-25
1.3014624945e-25
6.3631154168e-26
4.69825573651e-26
4.12926343133e-26
3.99031166768e-26
4.04786253897e-26
4.24043771173e-26
4.51563041094e-26
4.85504006757e-26
5.24877670863e-26
5.66951362278e-26
6.19715607353e-26
1.22251691897e-24
3.56863235172e-21
3.11992105128e-22
2.96930163356e-23
2.27937883813e-24
6.77125038904e-26
1.166859499e-26
7.39323754038e-27
5.59681477447e-27
5.03600383248e-27
5.0353433269e-27
4.64887439962e-27
4.07391104201e-27
9.47612967852e-27
2.50997008102e-27
0
0
0
0
0
0
0
0
0
0
0
0
0
0
0
0
0
0
0
0
0
0
0
0
0
0
0
0
0
0
0
0
0
0
0
0
0
0
0
0
0
0
0
0
0
0
0
0
0
0
0
0
0
0
0
0
0
0
1.23899498139e-24
9.62035271488e-25
1.01473670268e-24
1.0285985962e-24
1.02927537669e-24
1.04316882962e-24
1.06074286155e-24
1.10386272537e-24
1.15517751589e-24
1.25560033045e-24
1.08782969534e-24
2.79199652995e-25
8.29427323676e-26
5.57719127519e-26
4.64182005526e-26
4.30976178396e-26
4.24082088397e-26
4.31770180423e-26
4.5174073014e-26
4.7695523864e-26
5.06051624361e-26
5.36093403968e-26
199.999999993
199.999999999
3.74635539311e-22
3.71718889407e-23
3.35686904494e-24
2.35466229149e-26
9.12446195444e-27
6.28600686065e-27
5.03713329702e-27
4.53240344923e-27
4.07803363977e-27
4.07737313419e-27
4.07582380012e-27
4.52869311124e-27
6.39008287454e-27
1.55474717957e-26
7.9457614122e-27
0
0
0
0
0
0
0
0
0
0
0
0
0
0
0
0
0
0
0
0
0
0
0
0
0
0
0
0
0
0
0
0
0
0
0
0
0
0
0
0
0
0
0
0
0
0
0
0
0
0
0
0
0
0
0
0
0
2.07533820122e-24
1.33494430974e-24
1.28076305356e-24
1.21760450876e-24
1.1753335903e-24
1.15882674487e-24
1.16766305438e-24
1.18407472915e-24
1.22641975877e-24
1.28926016677e-24
1.37743905029e-24
5.1548180611e-25
1.08682489626e-25
6.61065448563e-26
5.25597634738e-26
4.70938468329e-26
4.4956263298e-26
4.50015613732e-26
4.60337412841e-26
4.78736542093e-26
199.999999999
200
200
200
6.13072364983e-23
4.31867899675e-24
8.57447387789e-27
6.72546653808e-27
5.3823543848e-27
4.52801454368e-27
3.86314726011e-27
3.62556303601e-27
3.3026722387e-27
3.30207778368e-27
3.55532107276e-27
4.02998088153e-27
5.32217434845e-27
1.19675666845e-26
2.93576997495e-25
3.7322668414e-26
0
0
0
0
0
0
0
0
0
0
0
0
0
0
0
0
0
0
0
0
0
0
0
0
0
0
0
0
0
0
0
0
0
0
0
0
0
0
0
0
0
0
0
0
0
0
0
0
0
0
0
0
0
0
0
0
2.209118689e-24
1.81562755153e-24
1.59863209564e-24
1.4664051677e-24
1.36256868153e-24
1.31645080908e-24
1.28760833326e-24
1.28156294774e-24
1.30155238001e-24
1.34352939822e-24
1.54953699564e-24
7.51314400578e-25
1.38560953581e-25
7.75188474788e-26
5.94225354044e-26
5.17622066527e-26
4.85835110618e-26
4.76217263185e-26
199.999999999
200
200
200
200
200
6.01570448963e-24
5.35618408492e-27
4.83170960936e-27
4.24924270967e-27
3.68027065128e-27
3.30355826796e-27
2.97240501483e-27
2.88392592213e-27
2.71170210369e-27
2.75981490342e-27
2.97061504471e-27
3.29986794402e-27
4.52606844665e-27
7.34834723173e-23
2.61767394186e-23
8.22268873282e-24
6.39416506296e-26
0
0
0
0
0
0
0
0
0
0
0
0
0
0
0
0
0
0
0
0
0
0
0
0
0
0
0
0
0
0
0
0
0
0
0
0
0
0
0
0
0
0
0
0
0
0
0
0
0
0
0
0
0
0
0
2.32879168087e-24
2.24624298232e-24
1.92989239807e-24
1.7440049986e-24
1.60922596151e-24
1.49930798536e-24
1.42683475652e-24
1.38849736733e-24
1.37892636944e-24
1.39401385421e-24
1.55719102254e-24
8.68607850621e-25
1.6623380265e-25
8.95412075604e-26
6.68814862466e-26
5.71812430119e-26
200
200
200
200
200
200
200
200
3.68531703512e-27
3.53237587933e-27
3.32164708642e-27
3.06049031551e-27
2.81626937307e-27
2.63786814456e-27
2.40673319573e-27
2.38653858223e-27
2.30248854176e-27
2.3597490514e-27
2.40494322562e-27
2.72464627988e-27
1.1594124427e-17
4.97238421893e-17
7.21380255877e-19
5.31496519916e-21
2.10391846778e-22
1.75628202939e-26
0
0
0
0
0
0
0
0
0
0
0
0
0
0
0
0
0
0
0
0
0
0
0
0
0
0
0
0
0
0
0
0
0
0
0
0
0
0
0
0
0
0
0
0
0
0
0
0
0
0
0
0
0
0
2.0076240081e-24
2.6155716877e-24
2.21536931662e-24
2.00674727755e-24
1.84813216218e-24
1.69389509642e-24
1.57740700206e-24
1.49469734385e-24
1.44653748855e-24
1.425603312e-24
1.54367009285e-24
8.40911704274e-25
199.999999999
200
200
200
200
200
200
200
200
200
200
200
2.69064854372e-27
2.60900023349e-27
2.5077871948e-27
2.39411571127e-27
2.23643454465e-27
2.1491300569e-27
1.99716010084e-27
1.94800401275e-27
1.94800401275e-27
1.94740955773e-27
2.02535303844e-27
4.25221377561e-12
200
200
200
2.35624667248e-15
1.11983359247e-19
1.13821625312e-21
2.86620698885e-27
0
0
0
0
0
0
0
0
0
0
0
0
0
0
0
0
0
0
0
0
0
0
0
0
0
0
0
0
0
0
0
0
0
0
0
0
0
0
0
0
0
0
0
0
0
0
0
0
0
0
0
0
0
1.42303173906e-24
2.86057885723e-24
200
200
200
200
200
200
200
200
200
200
200
200
200
200
200
200
200
200
200
200
200
200
2.11671775935e-27
2.08529205227e-27
2.0262807446e-27
1.94968746835e-27
1.86531057058e-27
1.75355463122e-27
1.71459354601e-27
1.63921715319e-27
1.59915183144e-27
1.62225658448e-27
1.73888932655e-27
200
200
200
200
200
200
2.02129856732e-18
9.21955156092e-22
7.45244488413e-30
0
0
0
0
0
0
0
0
0
0
0
0
0
0
0
0
0
0
0
0
0
0
0
0
0
0
0
0
0
0
0
0
0
0
0
0
0
0
0
0
0
0
0
0
0
0
0
0
0
0
0
0
200
200
200
200
200
200
200
200
200
200
200
200
200
200
200
200
200
200
200
200
200
200
200
200
1.78123114372e-27
1.72898435494e-27
1.6951384798e-27
1.64304309749e-27
1.56702439837e-27
1.50267911625e-27
1.43203509819e-27
1.40031393633e-27
1.37738745322e-27
1.39063412968e-27
1.4186450495e-27
1.57686673224e-27
200
200
200
200
200
200
1.63661113036e-18
1.92920251133e-23
0
0
0
0
0
0
0
0
0
0
0
0
0
0
0
0
0
0
0
0
0
0
0
0
0
0
0
0
0
0
0
0
0
0
0
0
0
0
0
0
0
0
0
0
0
0
0
0
0
0
0
200
200
200
200
200
200
200
200
200
200
200
200
200
200
200
200
200
200
200
200
200
200
200
200
200
1.50210090389e-27
1.48145848784e-27
1.43318150046e-27
1.37273002533e-27
1.33198363711e-27
1.25287298939e-27
1.21399802842e-27
1.17670005258e-27
1.15200442167e-27
1.1536705968e-27
1.1986069437e-27
1.30917042947e-27
1.64645910137e-27
200
200
200
200
200
200
9.35032052358e-20
1.21828631834e-23
0
0
0
0
0
0
0
0
0
0
0
0
0
0
0
0
0
0
0
0
0
0
0
0
0
0
0
0
0
0
0
0
0
0
0
0
0
0
0
0
0
0
0
0
0
0
0
0
0
200
200
200
200
200
200
200
200
200
200
200
200
200
200
200
200
200
200
200
200
200
200
200
200
200
200
1.26253423061e-27
1.225375972e-27
1.20208773529e-27
1.16059908753e-27
1.1054948664e-27
1.07728125494e-27
1.02380149791e-27
9.94859780489e-28
9.79346719434e-28
9.78074080166e-28
1.00062805218e-27
1.07609661329e-27
1.29150276608e-27
1.63349058299e-25
200
200
200
200
200
1.49196499884e-12
4.6468349019e-21
2.16373991242e-26
0
0
0
0
0
0
0
0
0
0
0
0
0
0
0
0
0
0
0
0
0
0
0
0
0
0
0
0
0
0
0
0
0
0
0
0
0
0
0
0
0
0
0
0
0
0
0
0
200
200
200
200
200
200
200
200
200
200
200
200
200
200
200
200
200
200
200
200
200
200
200
200
200
200
1.05987871235e-27
1.03988317825e-27
1.01856996431e-27
9.86601070321e-28
9.56444065478e-28
9.13833977324e-28
8.86500834957e-28
8.65863402197e-28
8.46152379538e-28
8.35117647071e-28
8.50471498058e-28
8.86912829255e-28
1.00469108452e-27
5.48481151376e-26
2.21381935132e-24
200
200
200
200
200
3.571509914e-18
1.03176449539e-23
1.94806398251e-27
0
0
0
0
0
0
0
0
0
0
0
0
0
0
0
0
0
0
0
0
0
0
0
0
0
0
0
0
0
0
0
0
0
0
0
0
0
0
0
0
0
0
0
0
0
0
200
200
200
200
200
200
200
200
200
200
200
200
200
200
200
200
200
200
200
200
200
200
200
200
200
200
200
9.30867652237e-28
9.10847713757e-28
8.88978588996e-28
8.65818031566e-28
8.37972349007e-28
8.03861615798e-28
7.87787482919e-28
7.61168151762e-28
7.3470423285e-28
7.26658155316e-28
7.26755907108e-28
7.43334302683e-28
8.05726316978e-28
1.5445432284e-27
1.06567101769e-24
1.97094286152e-24
200
200
200
200
3.57861315027e-10
1.36972335461e-23
1.40229105068e-23
0
0
0
0
0
0
0
0
0
0
0
0
0
0
0
0
0
0
0
0
0
0
0
0
0
0
0
0
0
0
0
0
0
0
0
0
0
0
0
0
0
0
0
0
0
0
200
200
200
200
200
200
200
200
200
200
200
200
200
200
200
200
200
200
200
200
200
200
200
200
200
200
200
8.38483184237e-28
8.2036512954e-28
8.02132125257e-28
7.80083606314e-28
7.57321466933e-28
7.2807591559e-28
7.09950662559e-28
6.79307458708e-28
6.52773122391e-28
6.41604644751e-28
6.35415109301e-28
6.40182321451e-28
6.68854101134e-28
8.00422531612e-28
2.74107278006e-25
2.79594132222e-24
1.75972089784e-24
2.55606595266e-24
200
200
200
1.05541945571e-23
2.11014254856e-23
1.42591297809e-23
0
0
0
0
0
0
0
0
0
0
0
0
0
0
0
0
0
0
0
0
0
0
0
0
0
0
0
0
0
0
0
0
0
0
0
0
0
0
0
0
0
0
0
0
200
200
200
200
200
200
200
200
200
200
200
200
200
200
200
200
200
200
200
200
200
200
200
200
200
200
200
200
7.75491327761e-28
7.56073986607e-28
7.42193871889e-28
7.19221509728e-28
6.93664669205e-28
6.70136226638e-28
6.40860877605e-28
6.12653683562e-28
5.8357957041e-28
5.69247057854e-28
5.52242182028e-28
5.45887556406e-28
5.63700519985e-28
6.19785393989e-28
4.85416025655e-26
1.41162568045e-24
1.68311779843e-24
2.57311318031e-24
3.74978613878e-24
5.01022239539e-24
7.54278263275e-24
1.03319389008e-23
1.64833946833e-23
3.73254988457e-23
1.95320211262e-22
0
0
0
0
0
0
0
0
0
0
0
0
0
0
0
0
0
0
0
0
0
0
0
0
0
0
0
0
0
0
0
0
0
0
0
0
0
0
0
0
0
0
0
200
200
200
200
200
200
200
200
200
200
200
200
200
200
200
200
200
200
200
200
200
200
200
200
200
200
200
200
7.30450246566e-28
7.09993368397e-28
6.94575006967e-28
6.73110469294e-28
6.46158478881e-28
6.18331549739e-28
5.86288348943e-28
5.54421685022e-28
5.23403410085e-28
4.99616319241e-28
4.77379863601e-28
4.67207689802e-28
4.6634732407e-28
4.89120916494e-28
6.51247571592e-28
2.65749790969e-25
1.55084083485e-24
2.03683188619e-24
4.24743115968e-24
6.42475534304e-24
9.6366430831e-24
1.31025384506e-23
2.01405116479e-23
5.03717842325e-23
1.4342080515e-22
1.01861757596e-23
0
0
0
0
0
0
0
0
0
0
0
0
0
0
0
0
0
0
0
0
0
0
0
0
0
0
0
0
0
0
0
0
0
0
0
0
0
0
0
0
0
0
200
200
200
200
200
200
200
200
200
200
200
200
200
200
200
200
200
200
200
200
200
200
200
200
200
200
200
200
7.03425522989e-28
6.77472407283e-28
6.60464695259e-28
6.37700106277e-28
6.04344850737e-28
5.74280073715e-28
5.38820175829e-28
5.02471263545e-28
4.70576059529e-28
4.42000130781e-28
4.1822539706e-28
4.00080388898e-28
3.86174802029e-28
3.86862358625e-28
4.20902839768e-28
2.28604647459e-26
4.43278777677e-25
1.01434304508e-24
2.28771005266e-24
4.3402007852e-24
8.46000016828e-24
1.47222670334e-23
2.66402884194e-23
3.43226450627e-23
3.54417982195e-23
8.8578050212e-23
0
0
0
0
0
0
0
0
0
0
0
0
0
0
0
0
0
0
0
0
0
0
0
0
0
0
0
0
0
0
0
0
0
0
0
0
0
0
0
0
0
0
200
200
200
200
200
200
200
200
200
200
200
200
200
200
200
200
200
200
200
200
200
200
200
200
200
200
200
200
6.95255186719e-28
6.61468363495e-28
6.39698780455e-28
6.10994214367e-28
5.76234728217e-28
5.3825876357e-28
4.99144970989e-28
4.62115182745e-28
4.26393106464e-28
3.95761019154e-28
3.71287942919e-28
3.49516446128e-28
3.36023537102e-28
3.24165843973e-28
3.24249908516e-28
3.66693834217e-28
6.00313778874e-26
2.94903164689e-25
6.63335279531e-25
1.51853721835e-24
2.90786156781e-24
5.99163683457e-24
1.12417163913e-23
1.84666434537e-23
2.30779668595e-23
3.63075684218e-23
2.3419207455e-22
4.21009647599e-16
0
0
0
0
0
0
0
0
0
0
0
0
0
0
0
0
0
0
0
0
0
0
0
0
0
0
0
0
0
0
0
0
0
0
0
0
0
0
0
200
200
200
200
200
200
200
200
200
200
200
200
200
200
200
200
200
200
200
200
200
200
200
200
200
200
200
200
200
7.16013976346e-28
6.65186381503e-28
6.35534274977e-28
6.01066215453e-28
5.56644421974e-28
5.13730357999e-28
4.70796087955e-28
4.29052014238e-28
3.93269755085e-28
3.60748521189e-28
3.34502859533e-28
3.14381120187e-28
2.95268418136e-28
2.77274501201e-28
2.69726790099e-28
2.70288355677e-28
5.21532372208e-28
5.01938516554e-26
1.28597022606e-25
2.9492798897e-25
6.325696267e-25
1.34197349702e-24
2.72312565094e-24
5.74909055681e-24
1.0803185038e-23
2.26166292326e-23
2.9285969639e-16
114.824193866
0
0
0
0
0
0
0
0
0
0
0
0
0
0
0
0
0
0
0
0
0
0
0
0
0
0
0
0
0
0
0
0
0
0
0
0
0
0
0
200
200
200
200
200
200
200
200
200
200
200
200
200
200
200
200
200
200
200
200
200
200
200
200
200
200
200
200
200
199.999999997
7.07614059606e-28
6.56108091107e-28
6.00873377529e-28
5.4919119025e-28
4.97921958102e-28
4.51190413002e-28
4.07663065001e-28
3.70421381783e-28
3.37073128966e-28
3.11198145334e-28
2.85639938374e-28
2.63637226055e-28
2.43818469485e-28
2.23651978569e-28
2.12745126481e-28
2.13820248694e-28
2.94953433451e-27
2.50614490587e-26
5.20566056702e-26
1.00794281613e-25
1.79187519753e-25
3.41108652939e-25
8.80467615148e-25
3.62222039221e-24
1.03477925973e-21
1.01087757811e-15
9.93428130125e-24
62.0746874329
0
0
0
0
0
0
0
0
0
0
0
0
0
0
0
0
0
0
0
0
0
0
0
0
0
0
0
0
0
0
0
0
0
0
0
0
0
0
200
200
200
200
200
200
200
200
200
200
200
200
200
200
200
200
200
200
200
200
200
200
200
200
200
200
200
200
200
1.70299271344e-13
8.24703603673e-28
7.2115192256e-28
6.29719470837e-28
5.56526952764e-28
4.93296895288e-28
4.38591307799e-28
3.91639026506e-28
3.49163208021e-28
3.19518956193e-28
2.89840417444e-28
2.63647435697e-28
2.37629235973e-28
2.12630207717e-28
1.89426956125e-28
1.70442285575e-28
1.58113187368e-28
1.62270563939e-28
2.66654079291e-27
8.36116126114e-27
1.5330842391e-26
2.54239071161e-26
3.69805408212e-26
5.11955348347e-26
9.18711975468e-26
4.43456915233e-25
3.11748764916e-24
3.79006384958e-25
200
0
0
0
0
0
0
0
0
0
0
0
0
0
0
0
0
0
0
0
0
0
0
0
0
0
0
0
0
0
0
0
0
0
0
0
0
0
200
200
200
200
200
200
200
200
200
200
200
200
200
200
200
200
200
200
200
200
200
200
200
200
200
200
200
200
200
200
3.9715686754e-22
1.17363710833e-27
8.83207341303e-28
6.97014665572e-28
5.80110892603e-28
4.97109662604e-28
4.33831734315e-28
3.80181848457e-28
3.39760208063e-28
3.04565633237e-28
2.74627407005e-28
2.46891424e-28
2.18561034547e-28
1.90036417404e-28
1.64623861254e-28
1.4392214004e-28
1.26185896102e-28
1.13167132451e-28
1.45634542308e-28
9.37437427812e-28
1.73980576263e-27
3.0162501076e-27
4.35381946856e-27
4.0550157247e-27
2.89815515685e-27
8.62447363655e-28
7.53387090095e-28
3.28043006356e-28
5.10816219968e-27
200
0
0
0
0
0
0
0
0
0
0
0
0
0
0
0
0
0
0
0
0
0
0
0
0
0
0
0
0
0
0
0
0
0
0
0
0
200
200
200
200
200
200
200
200
200
200
200
200
200
200
200
200
200
200
200
200
200
200
200
200
200
200
200
200
200
200
2.93996926412e-21
3.54717215576e-19
152.830000828
8.22196845491e-28
6.18488039534e-28
5.08771097149e-28
4.32788052128e-28
3.74716173455e-28
3.32629826193e-28
2.9706797914e-28
2.64002146146e-28
2.35352731601e-28
2.06160002488e-28
1.77029576694e-28
1.51188592785e-28
1.27701538174e-28
1.01176005454e-28
6.55111640831e-29
7.10470870608e-29
1.26216648719e-28
2.31710048346e-28
3.25290845311e-28
3.11192515157e-28
1.77493100103e-28
2.31179997487e-28
3.23245539399e-28
5.49125961345e-28
9.31724280485e-28
6.22002436819e-27
8.65226899788e-26
0
0
0
0
0
0
0
0
0
0
0
0
0
0
0
0
0
0
0
0
0
0
0
0
0
0
0
0
0
0
0
0
0
0
0
6.66937515754e-31
200
200
200
200
200
200
200
200
200
200
200
200
200
200
200
200
200
200
200
200
200
200
200
200
200
200
200
200
200
200
1.06796483331e-20
3.45877554031e-22
3.85131505509e-16
200
2.19865271053e-11
5.22463877896e-28
4.31437834345e-28
3.71301553529e-28
3.2785969548e-28
2.91185915506e-28
2.59348843913e-28
2.29029089116e-28
1.97276882733e-28
1.68319730896e-28
1.4033278532e-28
1.10766569966e-28
7.86399652046e-29
4.20335073099e-29
7.4523866333e-30
1.33154701534e-29
1.55608013974e-29
1.76655919516e-29
3.95078702399e-29
5.73725119094e-29
9.46174693728e-29
1.97039950112e-28
4.93957471816e-28
1.89426180804e-27
1.05389026199e-26
9.48475646455e-27
3.1591777062e-31
0
0
0
0
0
0
0
0
0
0
0
0
0
0
0
0
0
0
0
0
0
0
0
0
0
0
0
0
0
0
0
0
0
0
200
200
200
200
200
200
200
200
200
200
200
200
200
200
200
200
200
200
200
200
200
200
200
200
200
200
200
200
200
200
200
8.48950848386e-21
9.01791398928e-21
9.29761670682e-21
1.80469079495e-20
3.77486740394e-15
200
200
3.8546422089e-28
3.32405148274e-28
2.93320314423e-28
2.5926946727e-28
2.2803016916e-28
1.91863954972e-28
1.64225092945e-28
1.354729039e-28
1.11674845128e-28
8.2584841627e-29
3.95874884808e-29
7.4523866333e-30
1.20316795504e-29
1.52097816522e-29
1.73145722065e-29
2.18562366882e-29
5.12019030084e-29
7.22214082935e-29
1.53509068712e-28
4.44561724635e-28
9.31980173879e-28
1.75571565659e-27
7.19655148993e-29
5.11942203269e-26
0
0
0
0
0
0
0
0
0
0
0
0
0
0
0
0
0
0
0
0
0
0
0
0
0
0
0
0
0
0
0
0
0
0
200
200
200
200
200
200
200
200
200
200
200
200
200
200
200
200
200
200
200
200
200
200
200
200
200
200
200
200
200
200
191.492237394
)
;

boundaryField
{
    frontAndBack
    {
        type            empty;
    }
    leftWall
    {
        type            calculated;
        value           uniform 0;
    }
    outlet
    {
        type            calculated;
        value           uniform 0;
    }
    rightWall
    {
        type            calculated;
        value           uniform 0;
    }
    inlet
    {
        type            calculated;
        value           uniform 4.72195282321e-25;
    }
}


// ************************************************************************* //
