/*--------------------------------*- C++ -*----------------------------------*\
| =========                 |                                                 |
| \\      /  F ield         | OpenFOAM: The Open Source CFD Toolbox           |
|  \\    /   O peration     | Version:  v1906                                 |
|   \\  /    A nd           | Web:      www.OpenFOAM.com                      |
|    \\/     M anipulation  |                                                 |
\*---------------------------------------------------------------------------*/
FoamFile
{
    version     2.0;
    format      ascii;
    class       volScalarField;
    location    "483";
    object      alpha;
}
// * * * * * * * * * * * * * * * * * * * * * * * * * * * * * * * * * * * * * //

dimensions      [0 0 -1 0 0 0 0];


internalField   nonuniform List<scalar> 
9216
(
199.999999531
200
200
200
200
200
200
200
200
200
200
200
200
200
200
200
200
200
200
200
200
200
200
200
200
200
200
200
200
200
200
200
200
200
200
200
200
200
200
200
200
200
200
200
200
200
200
200
200
200
200
200
200
200
200
200
200
200
200
200
200
200
200
200
200
200
200
200
200
200
200
200
200
200
200
200
200
200
200
200
200
200
200
200
194.607301418
176.477742363
158.006935994
134.551166373
107.957043936
84.7970910722
64.0700632331
47.5838928627
34.269982025
22.1362627616
12.7452456286
1.52096597694
200
200
200
200
200
200
200
200
200
200
200
200
200
200
200
200
200
200
200
200
200
200
200
200
200
200
200
200
200
200
200
200
200
200
200
200
200
200
200
200
200
200
200
200
200
200
200
200
200
200
200
200
200
200
200
200
200
200
200
200
200
200
200
200
200
200
200
200
200
200
200
200
200
200
200
200
200
200
200
200
200
200
200
200
199.999999972
189.689039021
171.372686453
146.914555873
123.974918201
97.5527647959
74.479067315
59.1619196065
46.6818729139
30.376388687
20.041945062
15.1514960914
200
200
200
200
200
200
200
200
200
200
200
200
200
200
200
200
200
200
200
200
200
200
200
200
200
200
200
200
200
200
200
200
200
200
200
200
200
200
200
200
200
200
200
200
200
200
200
200
200
200
200
200
200
200
200
200
200
200
200
200
200
200
200
200
200
200
200
200
200
200
200
200
200
200
200
200
200
200
200
200
200
200
200
200
199.999999569
186.51064776
162.081248881
147.196371624
129.290930603
99.5895614532
71.8348094793
63.1426232149
46.1787047814
35.5321171103
31.1438105881
21.1060235949
200
200
200
200
200
200
200
200
200
200
200
200
200
200
200
200
200
200
200
200
200
200
200
200
200
200
200
200
200
200
200
200
200
200
200
200
200
200
200
200
200
200
200
200
200
200
200
200
200
200
200
200
200
200
200
200
200
200
200
200
200
200
200
200
200
200
200
200
200
200
200
200
200
200
200
200
200
200
200
200
200
200
200
200
199.996805499
179.734654489
159.895471584
145.518052537
122.108013029
104.325923907
84.4139234185
60.8725878843
54.8691592375
45.6959275863
39.5843980703
27.3176545914
200
200
200
200
200
200
200
200
200
200
200
200
200
200
200
200
200
200
200
200
200
200
200
200
200
200
200
200
200
200
200
200
200
200
200
200
200
200
200
200
200
200
200
200
200
200
200
200
200
200
200
200
200
200
200
200
200
200
200
200
200
200
200
200
200
200
200
200
200
200
200
200
200
200
200
200
200
200
200
200
200
200
200
199.999999999
193.500202679
171.036778383
151.601651671
138.782701549
129.471097311
106.199853053
91.2137060071
70.6231832364
56.5163222084
55.4200365233
51.7883129597
39.4932496902
200
200
200
200
200
200
200
200
200
200
200
200
200
200
200
200
200
200
200
200
200
200
200
200
200
200
200
200
200
200
200
200
200
200
200
200
200
200
200
200
200
200
200
200
200
200
200
200
200
200
200
200
200
200
200
200
200
200
200
200
200
200
200
200
200
200
200
200
200
200
200
200
200
200
200
200
200
200
200
200
200
200
200
199.999999958
190.014847308
169.215149505
156.889320829
138.667954189
118.890080078
100.305333023
97.7840707804
85.4048123098
67.3531588504
64.1347609715
63.2705173074
50.4902417319
200
200
200
200
200
200
200
200
200
200
200
200
200
200
200
200
200
200
200
200
200
200
200
200
200
200
200
200
200
200
200
200
200
200
200
200
200
200
200
200
200
200
200
200
200
200
200
200
200
200
200
200
200
200
200
200
200
200
200
200
200
200
200
200
200
200
200
200
200
200
200
200
200
200
200
200
200
200
200
200
200
200
200
199.999674419
185.551728741
167.63406704
152.495105112
138.180630212
118.681823815
109.815552182
95.8703876069
94.5932512593
85.2235364418
74.455506915
74.2696466556
61.0293443527
200
200
200
200
200
200
200
200
200
200
200
200
200
200
200
200
200
200
200
200
200
200
200
200
200
200
200
200
200
200
200
200
200
200
200
200
200
200
200
200
200
200
200
200
200
200
200
200
200
200
200
200
200
200
200
200
200
200
200
200
200
200
200
200
200
200
200
200
200
200
200
200
200
200
200
200
200
200
200
200
200
200
200
199.99306547
181.849669048
166.47610162
148.268080389
133.992429223
121.965441174
115.262981528
106.531329145
96.8689586339
97.3259617715
83.9729794681
84.6512187021
71.4704450249
200
200
200
200
200
200
200
200
200
200
200
200
200
200
200
200
200
200
200
200
200
200
200
200
200
200
200
200
200
200
200
200
200
200
200
200
200
200
200
200
200
200
200
200
200
200
200
200
200
200
200
200
200
200
200
200
200
200
200
200
200
200
200
200
200
200
200
200
200
200
200
200
200
200
200
200
200
200
200
200
200
200
199.999999999
197.237755869
181.637769783
167.12540677
151.793571431
135.520097351
124.213373775
111.904996058
113.81520321
107.870676713
101.570519396
96.9847702253
93.3116511733
80.8421321215
200
200
200
200
200
200
200
200
200
200
200
200
200
200
200
200
200
200
200
200
200
200
200
200
200
200
200
200
200
200
200
200
200
200
200
200
200
200
200
200
200
200
200
200
200
200
200
200
200
200
200
200
200
200
200
200
200
200
200
200
200
200
200
200
200
200
200
200
200
200
200
200
200
200
200
200
200
200
200
200
200
200
199.999999971
194.028358312
180.772414952
166.72060709
151.307354122
138.367065397
128.030571496
120.458940396
113.898108439
114.935088514
110.319396746
108.132402172
101.590951561
90.679667955
200
200
200
200
200
200
200
200
200
200
200
200
200
200
200
200
200
200
200
200
200
200
200
200
200
200
200
200
200
200
200
200
200
200
200
200
200
200
200
200
200
200
200
200
200
200
200
200
200
200
200
200
200
200
200
200
200
200
200
200
200
200
200
200
200
200
200
200
200
200
200
200
200
200
200
200
200
200
200
200
200
200
199.999999842
193.458385799
179.908244342
163.443392322
150.730564378
141.054689347
135.322870866
128.377716696
123.126739277
115.918328251
117.774438508
120.056611777
109.969150273
98.3886170958
200
200
200
200
200
200
200
200
200
200
200
200
200
200
200
200
200
200
200
200
200
200
200
200
200
200
200
200
200
200
200
200
200
200
200
200
200
200
200
200
200
200
200
200
200
200
200
200
200
200
200
200
200
200
200
200
200
200
200
200
200
200
200
200
200
200
200
200
200
200
200
200
200
200
200
200
200
200
200
200
200
200
199.999998956
192.811966605
178.393535226
164.285147227
154.446462843
146.345212608
138.652457316
133.540518894
128.739738735
125.120230822
120.379851688
125.775378273
117.560302187
104.453553885
200
200
200
200
200
200
200
200
200
200
200
200
200
200
200
200
200
200
200
200
200
200
200
200
200
200
200
200
200
200
200
200
200
200
200
200
200
200
200
200
200
200
200
200
200
200
200
200
200
200
200
200
200
200
200
200
200
200
200
200
200
200
200
200
200
199.994646751
194.649288603
191.101037041
193.315200763
197.720507137
200
200
200
200
200
200
200
200
200
200
200
200
199.999975959
192.629887984
178.234731409
168.280459475
158.932332343
150.178362286
142.557757162
137.550166875
132.761387853
129.261713656
127.128050961
129.461425951
123.997318708
109.902573775
200
200
200
200
200
200
200
200
200
200
200
200
200
200
200
200
200
200
200
200
200
200
200
200
200
200
200
200
200
200
200
200
200
200
200
200
200
200
200
200
200
200
200
200
200
200
200
200
200
200
200
200
200
200
200
200
200
200
200
200
121.801970963
10.6059876406
2.12808872765
0.627428621338
0.228783293211
0.125814896828
0.113742427862
0.153246397287
0.268760651645
0.568764865828
1.39589464066
3.93696661699
12.7955680738
48.9778367641
161.519257899
196.603469061
200
200
200
200
200
200
199.999998436
192.718337741
182.666532861
170.210493204
161.910472328
152.969719324
146.035341688
142.954914366
137.077051996
134.009905085
131.285216825
129.357779684
131.874825248
114.604367162
200
200
200
200
200
200
200
200
200
200
200
200
200
200
200
200
200
200
200
200
200
200
200
200
200
200
200
200
200
200
200
200
200
200
200
200
200
200
200
200
200
200
200
200
200
200
200
200
200
200
200
200
200
200
200
200
200
165.383184181
0.0463027540063
0.00373177263035
0.000668733730809
0.000175383869304
6.27704538856e-05
2.98505234308e-05
2.14973559385e-05
2.31884062107e-05
3.31319876548e-05
5.69501635495e-05
0.000113516219405
0.000261654608105
0.000685602126969
0.00205664743661
0.00711430952429
0.028842970016
0.138710076719
0.810906379318
5.57534807345
46.7791493882
180.420707037
199.944157109
199.996695171
199.930409771
199.99999997
195.343512898
182.712427956
173.68672433
161.839581562
155.506125838
151.369545055
147.358980837
141.450153257
137.977165914
134.555711308
132.712719614
137.133595529
118.638777864
200
200
200
200
200
200
200
200
200
200
200
200
200
200
200
200
200
200
200
200
200
200
200
200
200
200
200
200
200
200
200
200
200
200
200
200
200
200
200
200
200
200
200
200
200
200
200
200
200
200
200
200
200
200
200
145.867407182
0.000495998114701
4.34019068091e-06
5.69079950973e-07
1.36491908731e-07
4.66615865738e-08
2.04901775898e-08
1.17742214626e-08
9.88402861456e-09
1.15866694982e-08
1.70541737435e-08
2.94457063697e-08
5.8096864055e-08
1.28204415907e-07
3.22178159833e-07
9.13465559813e-07
2.93787354362e-06
1.0738151771e-05
4.4402606647e-05
0.000212647851215
0.00119647584198
0.00791924479272
0.0623907835387
0.600428711936
7.03750520717
103.207508442
194.902403027
199.970884625
194.119916815
183.708221625
173.26245099
164.421157004
161.528405575
156.449419679
149.56157899
143.840890648
140.708710295
138.394777422
135.340854649
138.257868681
121.660366858
200
200
200
200
200
200
200
200
200
200
200
200
200
200
200
200
200
200
200
200
200
200
200
200
200
200
200
200
200
200
200
200
200
200
200
200
200
200
200
200
200
200
200
200
200
200
200
200
200
200
200
200
200
200
9.08220221229e-05
3.90722599799e-08
1.98267084187e-09
3.6092734456e-10
1.01126396922e-10
3.90116755574e-11
1.9318958331e-11
1.21282897563e-11
1.06369823983e-11
1.2546631461e-11
1.83251389804e-11
3.1006494556e-11
5.90792212124e-11
1.27247905603e-10
3.08472315396e-10
8.25072573457e-10
2.50058812923e-09
8.59773913451e-09
3.30934287952e-08
1.41737660925e-07
6.88887635887e-07
3.83261516474e-06
2.3877544054e-05
0.000171013149114
0.00147517063065
0.0152539327115
0.192557630011
2.99369912522
59.2561518252
183.33714504
182.162854553
171.071965898
167.031197477
163.817978694
153.645556053
148.890417141
146.306641319
142.35987512
140.51998057
137.50150684
138.674507617
123.559642888
200
200
200
200
200
200
200
200
200
200
200
200
200
200
200
200
200
200
200
200
200
200
200
200
200
200
200
200
200
200
200
200
200
200
200
200
200
200
200
200
200
200
200
200
200
200
200
200
200
200
200
200
200
5.68157033271e-09
3.8992857574e-11
3.95696560558e-12
8.22109258359e-13
2.38860806151e-13
9.16635807039e-14
4.279594e-14
2.61060748528e-14
2.14729102909e-14
2.40116036779e-14
3.42029271169e-14
6.13888358794e-14
1.18940911687e-13
2.55607845749e-13
5.99506657093e-13
1.57393232266e-12
4.61106525211e-12
1.49158197281e-11
5.23554640936e-11
2.04307763646e-10
8.68189440464e-10
4.21556463614e-09
2.26395480909e-08
1.34257620177e-07
9.05798481358e-07
7.08990358052e-06
6.26869919651e-05
0.000660169624401
0.00862374496856
0.126445856776
2.22547180503
48.3860406705
164.837047928
168.530180198
161.087875411
155.014896743
151.456990528
148.290585733
145.47376805
140.755171361
139.527272125
137.913788498
124.878076724
200
200
200
200
200
200
200
200
200
200
200
200
200
200
200
200
200
200
200
200
200
200
200
200
200
200
200
200
200
200
200
200
200
200
200
200
200
200
200
200
200
200
200
200
200
200
200
200
200
200
200
200
7.35973066807e-12
1.71857461841e-13
4.09451226349e-15
0
0
0
0
0
0
0
0
0
8.72360991304e-17
2.87105453992e-16
1.45590390602e-15
4.34071491251e-15
1.4699987347e-14
4.97523624765e-14
1.74340480547e-13
6.35366857966e-13
2.49917163176e-12
1.06046558922e-11
4.81185097754e-11
2.40476440033e-10
1.32813322116e-09
8.40432577736e-09
5.83365314095e-08
4.56145758865e-07
4.19572787556e-06
4.11097166387e-05
0.000474701164477
0.00695263164285
0.128360887211
3.22772402066
117.748018154
162.216546381
158.1708961
154.501789053
150.8223165
146.651747789
142.56632082
140.617273782
137.510654167
126.253999967
200
200
200
200
200
200
200
200
200
200
200
200
200
200
200
200
200
200
200
200
200
200
200
200
200
200
200
200
200
200
200
200
200
200
200
200
200
200
200
200
200
200
200
200
200
200
200
200
200
200
200
8.63531685293e-14
0
0
0
0
0
0
0
0
0
0
0
0
0
0
0
6.58932298027e-17
1.81023475574e-16
8.04115661569e-16
3.38885742415e-15
1.37819807536e-14
5.68835013191e-14
2.35925412813e-13
1.00303290486e-12
4.76131538073e-12
2.35994968188e-11
1.29419592698e-10
7.94695971831e-10
5.6673951753e-09
4.10053202342e-08
3.36179819047e-07
3.26069754553e-06
3.82377687076e-05
0.000573834381567
0.0133786997606
0.396565648029
16.6001203403
152.183910122
156.66177966
152.726487343
148.900192802
145.77647901
141.111555911
138.968535292
127.514040475
200
200
200
200
200
200
200
200
200
200
200
200
200
200
200
200
200
200
200
200
200
200
200
200
200
200
200
200
200
200
200
200
200
200
200
200
200
200
200
200
200
200
200
200
200
200
200
200
200
200
9.26324955673e-19
0
0
0
0
0
0
0
0
0
0
0
0
0
0
0
0
0
0
6.35088787156e-18
1.02398004536e-16
2.89883784762e-16
1.29807980286e-15
7.1501651806e-15
2.86020350185e-14
1.45307147527e-13
6.59669142508e-13
3.45481743479e-12
1.76216007497e-11
1.04306354835e-10
6.46401438052e-10
4.74471058474e-09
3.81665278406e-08
3.66395268506e-07
4.49217742232e-06
7.85418921129e-05
0.0017516746437
0.0583712794347
3.34461689118
131.960361135
153.811861294
149.876706498
147.870257226
142.377936428
140.222994898
128.142475681
200
200
200
200
200
200
200
200
200
200
200
200
200
200
200
200
200
200
200
200
200
200
200
200
200
200
200
200
200
200
200
200
200
200
200
200
200
200
200
200
200
200
200
200
200
200
200
200
200
0
0
0
0
0
0
0
0
0
0
0
0
0
0
0
0
0
0
0
0
0
0
0
6.36377324175e-17
1.8734649671e-16
1.00273873141e-15
4.99532023013e-15
2.06491161784e-14
1.10180214302e-13
5.27060308529e-13
2.82148199129e-12
1.5059376001e-11
1.0032042828e-10
7.04421095931e-10
5.84475038954e-09
5.74180102259e-08
7.87321742612e-07
1.30489422335e-05
0.000341617445524
0.0123960036078
0.854952798334
98.793783524
149.211158136
147.529730315
143.462353258
139.690020689
127.245913611
200
200
200
200
200
200
200
200
200
200
200
200
200
200
200
200
200
200
200
200
200
200
200
200
200
200
200
200
200
200
200
200
200
200
200
200
200
200
200
200
200
200
200
200
200
200
200
200
0
0
0
0
0
0
0
0
0
0
0
0
0
0
0
0
0
0
0
0
0
0
0
0
0
0
4.90828305175e-17
1.85878832744e-16
8.88872579907e-16
4.53674510167e-15
2.09766662595e-14
1.16056830832e-13
5.75354238593e-13
3.30428393178e-12
2.12149703913e-11
1.43578911707e-10
1.18582500889e-09
1.31490134746e-08
1.59623823468e-07
2.79098422596e-06
7.47190884919e-05
0.00358152817383
0.317803102884
64.5187751152
145.802066002
143.057383787
137.790906452
124.719104311
200
200
200
200
200
200
200
200
200
200
200
200
200
200
200
200
200
200
200
200
200
200
200
200
200
200
200
200
200
200
200
200
200
200
200
200
200
200
200
200
200
200
200
200
200
200
200
0
0
0
0
0
0
0
0
0
0
0
0
0
0
0
0
0
0
0
0
0
0
0
0
0
0
0
0
0
4.6786202731e-17
2.08412682037e-16
1.09992896515e-15
5.86535644661e-15
2.85893881195e-14
1.71767000357e-13
9.34257370134e-13
5.8976637358e-12
3.98445625898e-11
3.13553664772e-10
3.48125411454e-09
4.30555239232e-08
8.61839616427e-07
2.65798908179e-05
0.00146838825679
0.179731728683
70.5174987425
141.463177985
135.775598693
121.277725195
200
200
200
200
200
200
200
200
200
200
200
200
200
200
200
200
200
200
200
200
200
200
200
200
200
200
200
200
200
200
200
200
200
200
200
200
200
200
200
200
200
200
200
200
200
200
0
0
0
0
0
0
0
0
0
0
0
0
0
0
0
0
0
0
0
0
0
0
0
0
0
0
0
0
0
0
0
0
6.11986177683e-17
2.8758565538e-16
1.59644656431e-15
9.05578521776e-15
5.29799086316e-14
3.00419080222e-13
2.02292797184e-12
1.35146423743e-11
1.15802960419e-10
1.13069466342e-09
1.68660229966e-08
3.54655988976e-07
1.24295950087e-05
0.000868517551685
0.185447818242
99.0294035053
133.731288427
117.160037244
200
200
200
200
200
200
200
200
200
200
200
200
200
200
200
200
200
200
200
200
200
200
200
200
200
200
200
200
200
200
200
200
200
200
200
200
200
200
200
200
200
200
200
200
200
0
0
0
0
0
0
0
0
0
0
0
0
0
0
0
0
0
0
0
0
0
0
0
0
0
0
0
0
0
0
0
0
0
0
0
9.85027805584e-17
5.07366703148e-16
3.95590281516e-15
2.05719251603e-14
1.30206978436e-13
8.89049857058e-13
5.55868776937e-12
4.65651621869e-11
5.27894712838e-10
8.21740178158e-09
1.83176661349e-07
7.56574302197e-06
0.000837059835022
0.39478892597
117.090665145
112.614395166
200
200
200
200
200
200
200
200
200
200
200
200
200
200
200
200
200
200
200
200
200
200
200
200
200
200
200
200
200
200
200
200
200
200
200
200
200
200
200
200
200
200
200
200
200
0
0
0
0
0
0
0
0
0
0
0
0
0
0
0
0
0
0
0
0
0
0
0
0
0
0
0
0
0
0
0
0
0
0
0
0
2.99056020421e-17
2.20331277667e-16
1.61544419029e-15
9.82169684453e-15
6.62097568755e-14
4.38259359492e-13
3.04319994691e-12
2.54679847979e-11
2.77825429636e-10
4.55930795775e-09
1.13166569138e-07
7.01117249888e-06
0.00151734840427
2.82351778616
106.348624179
200
200
200
200
200
200
200
200
200
200
200
200
200
200
200
200
200
200
200
200
200
200
200
200
200
200
200
200
200
200
200
200
200
200
200
200
200
200
200
200
200
200
200
200
199.999999826
0
0
0
0
0
0
0
0
0
0
0
0
0
0
0
0
0
0
0
0
0
0
0
0
0
0
0
0
0
0
0
0
0
0
0
0
0
0
1.04417000548e-16
8.77640704958e-16
5.27664275697e-15
3.94724739494e-14
2.47522739478e-13
1.61651447379e-12
1.34295754225e-11
1.7114825512e-10
2.98319659147e-09
1.06542935796e-07
1.09023985211e-05
0.00830760796712
73.2848282387
200
200
200
200
200
200
200
200
200
200
200
200
200
200
200
200
200
200
200
200
200
200
200
200
200
200
200
200
200
200
200
200
200
200
200
200
200
200
200
200
200
200
200
200
0
0
0
0
0
0
0
0
0
0
0
0
0
0
0
0
0
0
0
0
0
0
0
0
0
0
0
0
0
0
0
0
0
0
0
0
0
0
0
0
4.6912561277e-17
5.47706450875e-16
3.80896454644e-15
2.6869983363e-14
1.65148088175e-13
1.32428370861e-12
1.03158476638e-11
1.39366721209e-10
3.24718023304e-09
1.54183572592e-07
4.43046127375e-05
0.274922646754
200
200
200
200
200
200
200
200
200
200
200
200
200
200
200
200
200
200
200
200
200
200
200
200
200
200
200
200
200
200
200
200
200
200
200
200
200
200
200
200
200
200
200
200
0
0
0
0
0
0
0
0
0
0
0
4.42435027847e-17
2.21357343102e-16
3.41340226576e-16
5.85677353275e-16
0
0
0
0
0
0
0
0
0
0
0
0
0
0
0
0
0
0
0
0
0
0
0
0
0
0
1.98743942605e-17
3.77242240998e-16
3.37616197144e-15
2.24214736165e-14
1.48866266433e-13
1.15793772479e-12
1.11630926123e-11
1.62990454749e-10
4.44927087189e-09
5.06743391113e-07
0.000717872901545
200
200
200
5.6209807739e-20
0
0
0
0
0
0
0
0
0
0
0
0
0
0
0
0
0
0
0
7.02512636117e-15
1.01925232376e-12
200
200
200
200
200
200
200
200
200
200
200
200
200
200
200
200
200
200
200
0
0
0
0
0
0
0
0
0
1.53503171857e-16
2.54539854637e-15
1.56950115798e-14
1.12277173211e-13
7.39270343095e-13
1.40466195539e-12
1.96896874054e-12
5.29517607465e-14
3.59568026309e-15
0
0
0
0
0
0
0
0
0
0
0
0
0
0
0
0
0
0
0
0
0
0
0
0
3.50760034319e-18
3.17012841109e-16
2.53669557153e-15
1.79128651975e-14
1.4400218385e-13
1.16097494571e-12
1.13071094801e-11
2.29993219012e-10
1.21581389052e-08
4.80952954278e-06
6.99802646081e-21
3.68317182148e-21
0
0
0
0
0
0
0
0
0
0
0
0
0
0
0
0
0
0
0
0
0
0
0
0
0
0
0
0
4.0341277923e-14
5.52396855631e-12
200
200
200
200
200
200
200
200
200
200
200
0
0
0
0
0
0
0
0
3.83477659045e-17
3.31176080632e-15
1.67590005759e-13
1.47086218455e-11
200
200
200
200
200
200
200
200
199.999983833
198.887189917
0
0
0
0
0
0
0
0
0
0
0
0
0
0
0
0
0
0
0
0
0
0
1.37837067843e-19
3.68367746896e-16
2.91450340638e-15
2.59176066855e-14
1.96151901395e-13
1.6489846116e-12
2.13673692122e-11
5.76140709112e-10
7.90684446779e-08
0
0
0
0
0
0
0
0
0
0
0
0
0
0
0
0
0
0
0
0
0
0
0
0
0
0
0
0
0
0
0
0
0
0
0
5.53619017238e-14
2.71018943419e-12
200
200
200
200
200
200
0
0
0
0
0
0
0
4.14459700624e-16
9.66046260927e-14
7.37239768727e-11
200
200
200
200
200
200
200
200
200
200
200
200
199.999987006
0
0
0
0
0
0
0
0
0
0
0
0
0
0
0
0
0
0
0
0
0
0
1.32800274515e-17
5.29246810546e-16
4.66508774618e-15
3.31825660244e-14
3.11989792636e-13
3.09563575506e-12
4.93339459589e-11
3.00442063248e-09
0
0
0
0
0
0
0
0
0
0
0
0
0
0
0
0
0
0
0
0
0
0
0
0
0
0
0
0
0
0
0
0
0
0
0
0
0
0
4.55428480493e-16
4.03494198546e-14
5.0625438768e-13
1.1760886242e-12
2.65070523168e-14
0
0
0
0
0
0
4.21015405906e-15
2.69133931384e-12
200
200
200
200
200
200
200
200
200
200
200
200
200
200
200
199.999999926
0
0
0
0
0
0
0
0
0
0
0
0
0
0
0
0
0
0
0
0
0
0
4.1654505372e-17
1.0301903641e-15
7.14877190453e-15
5.82217708527e-14
5.18418862777e-13
7.11962512687e-12
2.08321903986e-10
0
0
0
0
0
0
0
0
0
0
0
0
0
0
0
0
0
0
0
0
0
0
0
0
0
0
0
0
0
0
0
0
0
0
0
0
0
0
0
0
0
0
3.0527125319e-15
0
0
5.4230195473e-19
9.31130113948e-19
5.81488709016e-17
3.36165446816e-14
1.66361369233e-10
200
200
200
200
200
200
200
200
200
200
200
200
200
200
200
200
200
200
0
0
0
0
0
0
0
0
0
0
0
0
0
0
0
0
0
0
0
0
0
0
1.22884031969e-16
1.90771952583e-15
1.59965148105e-14
1.40597175518e-13
1.51650237567e-12
2.45402767852e-11
0
0
0
0
0
0
0
0
0
0
0
0
0
0
0
0
0
0
0
0
0
0
0
0
0
0
0
0
0
0
0
0
0
0
0
0
0
0
0
0
0
0
0
0
6.89443105735e-19
4.5060642358e-18
3.51837822658e-16
6.8390309036e-14
2.53052397163e-08
200
200
200
200
200
200
200
200
200
200
200
200
200
200
200
200
200
200
200
200
0
0
0
0
0
0
0
0
0
0
0
0
0
0
0
0
0
0
0
0
0
0
4.10469722222e-16
3.8034736515e-15
4.36927420453e-14
4.30368356462e-13
4.75970710158e-12
0
0
0
0
0
0
0
0
0
0
0
0
0
0
0
0
0
0
0
0
0
0
0
0
0
0
0
0
0
0
0
0
0
0
0
0
0
0
0
0
0
0
0
0
0
2.3577602557e-16
2.64898238715e-14
200
200
200
200
200
200
200
200
200
200
200
200
200
200
200
200
200
200
200
200
200
200
200
0
0
0
0
0
0
0
0
0
0
0
0
0
0
0
0
0
0
0
0
0
5.920827427e-17
1.36808415104e-15
1.13882282879e-14
1.27967170012e-13
1.28917276183e-12
0
0
0
0
0
0
0
0
0
0
0
0
0
0
0
0
0
0
0
0
0
0
0
0
0
0
0
0
0
0
0
0
0
0
0
0
0
0
0
0
0
0
0
0
0
0
2.45538871257e-12
200
200
200
200
200
200
200
200
200
200
200
200
200
200
200
200
200
200
200
200
200
200
200
200
0
0
0
0
0
0
0
0
0
0
0
0
0
0
0
0
0
0
0
0
0
3.72076917022e-16
4.39621935378e-15
4.85530654816e-14
4.34201068588e-13
0
0
0
0
0
0
0
0
0
0
0
0
0
0
0
0
0
0
0
0
0
0
0
0
0
0
0
0
0
0
0
0
0
0
0
0
0
0
0
0
0
0
0
0
0
0
0
0
5.13049470067e-20
200
200
200
200
200
200
200
200
200
200
200
200
200
200
200
200
200
200
200
200
200
200
199.999999995
0
0
0
0
0
0
0
0
0
0
0
0
0
0
0
0
0
0
0
0
1.02464811096e-16
1.89593978048e-15
2.1140524609e-14
1.77463107516e-13
0
0
0
0
0
0
0
0
0
0
0
0
0
0
0
0
0
0
0
0
0
0
0
0
0
0
0
0
0
0
0
0
0
0
0
0
0
0
0
0
0
0
0
0
0
0
0
0
0
4.61744523061e-20
6.18258611111e-19
3.55380658222e-13
200
200
200
200
200
200
200
200
200
200
200
200
200
200
200
200
200
200
200
200
199.968146418
0
0
0
0
0
0
0
0
0
0
0
0
0
0
0
0
0
0
0
2.55555118233e-17
9.28074822376e-16
1.04059583763e-14
8.55268754377e-14
0
0
0
0
0
0
0
0
0
0
0
0
0
0
0
0
0
0
0
0
0
0
0
0
0
0
0
0
0
0
0
0
0
0
0
0
0
0
0
0
0
0
0
0
0
0
0
0
0
0
4.15570070755e-20
2.3344320943e-19
2.8707860089e-18
1.30923903616e-12
200
200
200
200
200
200
200
200
200
200
200
200
200
200
200
200
200
200
200
0
0
0
0
0
0
0
0
0
0
0
0
0
0
0
0
0
0
0
0
4.23246154842e-16
5.21957087246e-15
4.72137742482e-14
0
0
0
0
0
0
0
0
0
0
0
0
0
0
0
0
0
0
0
0
0
0
0
0
0
0
0
0
0
0
0
0
0
0
0
0
0
0
0
0
0
0
0
0
0
0
0
0
0
0
0
7.89583134434e-20
1.76437712756e-19
2.46576976563e-18
7.07700671175e-18
2.6879698886e-11
200
200
200
200
200
200
200
200
200
200
200
200
200
200
200
200
200
199.976487976
0
0
0
0
0
0
0
0
0
0
0
0
0
0
0
0
0
0
0
2.07788733917e-16
2.852992121e-15
2.91322181724e-14
0
0
0
0
0
0
0
0
0
0
0
0
0
0
0
0
0
0
0
0
0
0
0
0
0
0
0
0
0
0
0
0
0
0
0
0
0
0
0
0
0
0
0
0
0
0
0
0
0
0
0
0
7.1062482099e-20
1.58793941481e-19
2.18889773091e-18
4.82252313082e-18
5.38586250511e-13
200
200
200
200
200
200
200
200
200
200
200
200
200
200
200
200
200
0
0
0
0
0
0
0
0
0
0
0
0
0
0
0
0
0
0
0
1.27049600456e-16
2.14726139951e-15
1.96926210451e-14
0
0
0
0
0
0
0
0
0
0
0
0
0
0
0
0
0
0
0
0
0
0
0
0
0
0
0
0
0
0
0
0
0
0
0
0
0
0
0
0
0
0
0
0
0
0
0
0
0
0
0
0
0
1.01357540257e-19
3.46719755589e-19
1.68022818756e-18
2.60677958911e-18
5.23747224245e-14
200
200
200
200
200
200
200
200
200
200
200
200
200
200
200
200
199.94031583
0
0
0
0
0
0
0
0
0
0
0
0
0
0
0
0
0
0
7.53004562366e-17
1.7250767427e-15
1.46962801871e-14
0
0
0
0
0
0
0
0
0
0
0
0
0
0
0
0
0
0
0
0
0
0
0
0
0
0
0
0
0
0
0
0
0
0
0
0
0
0
0
0
0
0
0
0
0
0
0
0
0
0
0
0
0
3.0295058158e-20
6.39562338891e-20
5.30486369563e-19
1.41296392518e-18
2.3343041626e-18
2.26905217443e-18
200
200
200
200
200
200
200
200
200
200
200
200
200
200
200
200
0
0
0
0
0
0
0
0
0
0
0
0
0
0
0
0
0
0
6.22836050293e-17
1.39135002251e-15
1.20788975398e-14
0
0
0
0
0
0
0
0
0
0
0
0
0
0
0
0
0
0
0
0
0
0
0
0
0
0
0
0
0
0
0
0
0
0
0
0
0
0
0
0
0
0
0
0
0
0
0
0
0
0
0
0
0
3.0295058158e-20
5.75606105002e-20
5.75606105002e-20
5.60164634581e-19
1.36106856024e-18
2.05228049762e-18
1.95634449588e-18
200
200
200
200
200
200
200
200
200
200
200
200
200
200
200
0
0
0
0
0
0
0
0
0
0
0
0
0
0
0
0
0
0
5.74244064541e-17
1.3625885445e-15
1.11999848827e-14
0
0
0
0
0
0
0
0
0
0
0
0
0
0
0
0
0
0
0
0
0
0
0
0
0
0
0
0
0
0
0
0
0
0
0
0
0
0
0
0
0
0
0
0
0
0
0
0
0
0
0
0
0
0
5.75606105002e-20
5.75606105002e-20
5.75606105002e-20
6.79348966894e-19
1.56290827355e-18
1.6861223517e-18
8.62671458895e-15
200
200
200
200
200
200
200
200
200
200
200
200
200
200
0
0
0
0
0
0
0
0
0
0
0
0
0
0
0
0
0
0
5.8781258954e-17
1.3486487215e-15
1.14666991342e-14
0
0
0
0
0
0
0
0
0
0
0
0
0
0
0
0
0
0
0
0
0
0
0
0
0
0
0
0
0
0
0
0
0
0
0
0
0
0
0
0
0
0
0
0
0
0
0
0
0
0
0
0
0
0
0
5.75606105002e-20
5.75606105002e-20
5.75606105002e-20
8.11776002798e-19
1.22046845397e-18
1.17951336155e-18
1.84306333618e-13
200
200
200
200
200
200
200
200
200
200
200
200
200
0
0
0
0
0
0
0
0
0
0
0
0
0
0
0
0
0
0
8.17124235944e-17
1.41038549399e-15
1.26517642675e-14
0
0
0
0
0
0
0
0
0
0
0
0
0
0
0
0
0
0
0
0
0
0
0
0
0
0
0
0
0
0
0
0
0
0
0
0
0
0
0
0
0
0
0
0
0
0
0
0
0
0
0
0
0
0
0
0
0
3.0295058158e-20
9.12217862313e-20
7.700156393e-19
1.01592265048e-18
7.31274996244e-19
200
200
200
200
200
200
200
200
200
200
200
200
200
0
0
0
0
0
0
0
0
0
0
0
0
0
0
0
0
0
0
1.12194382392e-16
1.91003487604e-15
1.49067587158e-14
0
0
0
0
0
0
0
0
0
0
0
0
0
0
0
0
0
0
0
0
0
0
0
0
0
0
0
0
0
0
0
0
0
0
0
0
0
0
0
0
0
0
0
0
0
0
0
0
0
0
0
0
0
0
0
0
0
0
1.58793941481e-19
2.10098888487e-19
1.89088999639e-19
3.82093537242e-19
4.91270295029e-17
200
200
200
200
200
200
200
200
200
200
200
200
0
0
0
0
0
0
0
0
0
0
0
0
0
0
0
0
0
0
1.65003054735e-16
2.465290058e-15
1.86941024883e-14
0
0
0
0
0
0
0
0
0
0
0
0
0
0
0
0
0
0
0
0
0
0
0
0
0
0
0
0
0
0
0
0
0
0
0
0
0
0
0
0
0
0
0
0
0
0
0
0
0
0
0
0
0
0
0
0
0
0
4.15570070755e-20
1.76437712756e-19
2.67104385161e-19
2.10098888487e-19
1.04629098189e-17
200
200
200
200
200
200
200
200
200
200
200
200
0
0
0
0
0
0
0
0
0
0
0
0
0
0
0
0
0
0
2.81733781345e-16
3.14271584526e-15
2.30884850789e-14
0
0
0
0
0
0
0
0
0
0
0
0
0
0
0
0
0
0
0
0
0
0
0
0
0
0
0
0
0
0
0
0
0
0
0
0
0
0
0
0
0
0
0
0
0
0
0
0
0
0
0
0
0
0
0
0
0
0
0
0
1.96041903062e-19
2.96782650179e-19
4.24796195812e-18
8.92254669236e-17
200
200
200
200
200
200
200
200
200
200
200
3.0295058158e-20
0
0
0
0
0
0
0
0
0
0
0
0
0
0
0
0
1.56624136121e-17
4.92081146055e-16
4.51592790125e-15
2.73867395274e-14
0
0
0
0
0
0
0
0
0
0
0
0
0
0
0
0
0
0
0
0
0
0
0
0
0
0
0
0
0
0
0
0
0
0
0
0
0
0
0
0
0
0
0
0
0
0
0
0
0
0
0
0
0
0
0
0
0
0
0
0
0
2.17824336736e-19
4.79033488764e-18
3.35532503727e-17
200
200
200
200
200
200
200
200
200
200
200
3.0295058158e-20
3.0295058158e-20
0
0
0
0
0
0
0
0
0
0
0
0
0
0
0
4.94807769869e-17
8.18531472927e-16
6.80244883463e-15
7.07221679988e-14
0
0
0
0
0
0
0
0
0
0
0
0
0
0
0
0
0
0
0
0
0
0
0
0
0
0
0
0
0
0
0
0
0
0
0
0
0
0
0
0
0
0
0
0
0
0
0
0
0
0
0
0
0
0
0
0
0
0
0
0
0
0
2.06956976292e-18
1.11333653817e-17
200
200
200
200
200
200
200
200
200
200
200
3.0295058158e-20
3.0295058158e-20
3.0295058158e-20
0
0
0
0
0
0
0
0
0
0
0
0
0
0
1.25523412439e-16
1.30057466442e-15
9.26656521801e-15
2.2960455379e-13
0
0
0
0
0
0
0
0
0
0
0
0
0
0
0
0
0
0
0
0
0
0
0
0
0
0
0
0
0
0
0
0
0
0
0
0
0
0
0
0
0
0
0
0
0
0
0
0
0
0
0
0
0
0
0
0
0
0
0
0
0
0
0
1.050588531e-17
200
200
200
200
200
200
200
200
200
200
0
2.72655523422e-20
3.0295058158e-20
3.0295058158e-20
3.0295058158e-20
0
0
0
0
0
0
0
0
0
0
0
0
1.3557095018e-18
2.29464515595e-16
2.34649907136e-15
1.17286389491e-14
4.14747552832e-13
0
0
0
0
0
0
0
0
0
0
0
0
0
0
0
0
0
0
0
0
0
0
0
0
0
0
0
0
0
0
0
0
0
0
0
0
0
0
0
0
0
0
0
0
0
0
0
0
0
0
0
0
0
0
0
0
0
0
0
0
0
0
0
9.6036361371e-18
200
200
200
200
200
200
200
200
200
200
0
0
2.72655523422e-20
3.0295058158e-20
3.0295058158e-20
0
0
0
0
0
0
0
0
0
0
0
0
4.01266341533e-17
3.89386884143e-16
3.02014327017e-15
1.27515075524e-14
6.88238929045e-13
0
0
0
0
0
0
0
0
0
0
0
0
0
0
0
0
0
0
0
0
0
0
0
0
0
0
0
0
0
0
0
0
0
0
0
0
0
0
0
0
0
0
0
0
0
0
0
0
0
0
0
0
0
0
0
0
0
0
0
0
0
0
0
0
200
200
200
200
200
200
200
200
200
0
0
0
0
3.0295058158e-20
3.0295058158e-20
3.0295058158e-20
0
0
0
0
0
0
0
0
0
0
0
8.20857545489e-17
8.20968959023e-16
4.00490344986e-15
2.66258619053e-14
9.648091654e-13
0
0
0
0
0
0
0
0
0
0
0
0
0
0
0
0
0
0
0
0
0
0
0
0
0
0
0
0
0
0
0
0
0
0
0
0
0
0
0
0
0
0
0
0
0
0
0
0
0
0
0
0
0
0
0
0
0
0
0
0
0
0
0
0
200
200
200
200
200
200
200
200
0
0
0
0
0
0
3.0295058158e-20
3.0295058158e-20
0
0
0
0
0
0
0
0
0
0
2.12232482517e-17
1.54613244355e-16
9.44271091177e-16
3.82642874976e-15
5.91541640863e-14
1.49537041228e-12
0
0
0
0
0
0
0
0
0
0
0
0
0
0
0
0
0
0
0
0
0
0
0
0
0
0
0
0
0
0
0
0
0
0
0
0
0
0
0
0
0
0
0
0
0
0
0
0
0
0
0
0
0
0
0
0
0
0
0
0
0
0
0
0
200
200
200
200
200
200
200
0
0
0
0
0
0
0
0
3.0295058158e-20
0
0
0
0
0
0
0
0
0
0
5.95471708981e-17
3.17010491693e-16
1.09921685803e-15
2.67346790766e-15
6.98268432549e-14
2.22919548759e-12
0
0
0
0
0
0
0
0
0
0
0
0
0
0
0
0
0
0
0
0
0
0
0
0
0
0
0
0
0
0
0
0
0
0
0
0
0
0
0
0
0
0
0
0
0
0
0
0
0
0
0
0
0
0
0
0
0
0
0
0
0
0
0
9.17246252218
200
200
200
200
200
200
0
0
0
0
0
0
0
0
0
0
0
0
0
0
0
0
0
0
0
2.34985421076e-17
8.75865374121e-17
3.52101353501e-16
6.51787341145e-16
5.98943295884e-15
1.06903659655e-13
3.1580699494e-12
0
0
0
0
0
0
0
0
0
0
0
0
0
0
0
0
0
0
0
0
0
0
0
0
0
0
0
0
0
0
0
0
0
0
0
0
0
0
0
0
0
0
0
0
0
0
0
0
0
0
0
0
0
0
0
0
0
0
0
0
0
0
0
200
200
200
200
200
200
0
0
0
0
0
0
0
0
0
0
0
0
0
0
0
0
0
0
0
0
6.47491087648e-17
2.40980017124e-16
4.04800119241e-16
1.1579058689e-16
5.81024524953e-15
1.81307759695e-13
3.40185894623e-12
0
0
0
0
0
0
0
0
0
0
0
0
0
0
0
0
0
0
0
0
0
0
0
0
0
0
0
0
0
0
0
0
0
0
0
0
0
0
0
0
0
0
0
0
0
0
0
0
0
0
0
0
0
0
0
0
0
0
0
0
0
0
0
200
200
200
200
0
0
0
0
0
0
0
0
0
0
0
0
0
0
0
0
0
0
0
0
0
3.65619969542e-17
1.34474366151e-16
4.37315331822e-16
7.39010453321e-16
4.8394597017e-17
1.49406545457e-15
3.03089850303e-13
3.13739632108e-12
0
0
0
0
0
0
0
0
0
0
0
0
0
0
0
0
0
0
0
0
0
0
0
0
0
0
0
0
0
0
0
0
0
0
0
0
0
0
0
0
0
0
0
0
0
0
0
0
0
0
0
0
0
0
0
0
0
0
0
0
0
0
0
200
0
0
0
0
0
0
0
0
0
0
0
0
0
0
0
0
0
0
0
0
0
0
0
2.44523561363e-17
6.34493297508e-17
1.73131366981e-16
4.13960673332e-16
4.68686153176e-16
1.4607877596e-15
5.86860387923e-15
1.533954375e-13
1.69307086914e-12
0
0
0
0
0
0
0
0
0
0
0
0
0
0
0
0
0
0
0
0
0
0
0
0
0
0
0
0
0
0
0
0
0
0
0
0
0
0
0
0
0
0
0
0
0
0
0
0
0
0
0
0
0
0
0
0
0
0
0
0
0
0
0
0
0
0
0
0
0
0
0
0
0
0
0
0
0
0
0
0
0
0
0
0
0
0
1.65007905094e-17
8.14407107149e-17
1.26026476194e-16
1.7630055616e-16
1.83389501069e-16
8.58600368886e-15
1.06837426258e-14
1.99618406214e-14
1.14476141299e-13
2.70823526452e-12
6.99802646081e-21
0
0
0
0
0
0
0
0
0
0
0
0
0
0
0
0
0
0
0
0
0
0
0
0
0
0
0
0
0
0
0
0
0
0
0
0
0
0
0
0
0
0
0
0
0
0
0
0
0
0
0
0
0
0
0
0
0
0
0
0
0
0
0
0
0
0
0
0
0
0
0
0
0
0
0
0
0
0
0
0
0
0
0
0
1.46676412022e-17
8.91722426691e-17
1.34395284806e-16
1.46677218062e-16
2.91837934043e-16
2.12889785764e-15
2.37726722977e-15
3.58677997716e-15
8.44231421037e-15
4.95210191433e-14
1.58218485761e-12
200
200
1.68511932214e-20
0
0
0
0
0
0
0
0
0
0
0
0
0
0
0
0
0
0
0
0
0
0
0
0
0
0
0
0
0
0
0
0
0
0
0
0
0
0
0
0
0
0
0
0
0
0
0
0
0
0
0
0
0
0
0
0
0
0
0
0
0
0
0
0
0
0
0
0
0
0
0
0
0
0
0
0
0
0
0
0
0
2.32842446987e-17
9.94793424381e-17
9.86267390764e-17
1.82798178643e-16
8.84691842362e-16
7.86959236356e-16
8.50456462473e-16
1.35175067889e-15
2.37767779527e-15
5.7803721326e-15
3.23448567708e-14
1.45284731433e-12
200
200
200
200
200
0
0
0
0
0
0
0
0
0
0
0
0
0
0
0
0
0
0
0
0
0
0
0
0
0
0
0
0
0
0
0
0
0
0
0
0
0
0
0
0
0
0
0
0
0
0
0
0
0
0
0
0
0
0
0
0
0
0
0
0
0
0
0
0
0
0
0
0
0
0
0
0
0
0
1.01357540257e-19
1.12619489174e-19
7.1062482099e-20
1.13318873124e-17
7.8422477714e-17
1.02045603802e-16
9.9593769427e-17
5.15490913838e-16
4.91908691032e-16
5.00906612642e-16
5.82387454298e-16
7.39205360927e-16
9.90713640466e-16
1.39266722787e-15
2.51349191233e-15
1.26253322316e-14
1.03005172165e-12
200
200
200
200
200
25.8019073974
1.15218637759e-19
0
0
0
0
0
0
0
0
0
0
0
0
0
0
0
0
0
0
0
0
0
0
0
0
0
0
0
0
0
0
0
0
0
0
0
0
0
0
0
0
0
0
0
0
0
0
0
0
0
0
0
0
0
0
0
0
0
0
0
0
0
0
0
0
0
0
4.38250843177e-17
5.58865741064e-17
3.67439685192e-16
5.6076499055e-16
1.24489604011e-15
1.64250373369e-15
1.89520940089e-15
2.03360176386e-15
1.38867854131e-15
2.59901510166e-16
8.83387015272e-17
4.95875954461e-16
3.6533679294e-16
3.46785101536e-16
3.89404081894e-16
4.58423773921e-16
5.34359124629e-16
6.3868760673e-16
7.93706652373e-16
1.00136388088e-15
1.36982763319e-15
2.95249508947e-15
6.1209164418e-13
200
200
200
200
1.36836607618e-09
8.44331279255e-14
6.2503659382e-13
1.76528718024e-13
3.05900684048e-20
0
0
0
0
0
0
0
0
0
0
0
0
0
0
0
0
0
0
0
0
0
0
0
0
0
0
0
0
0
0
0
0
0
0
0
0
0
0
0
0
0
0
0
0
0
0
0
0
0
0
0
0
0
0
0
0
0
0
0
0
0
0
4.75919122926e-16
2.5188784751e-15
5.1381600314e-15
7.85681265304e-15
9.36735390105e-15
1.00821046669e-14
1.1269415797e-14
1.00611636764e-14
9.03033484752e-15
6.35434249201e-15
2.481381093e-15
1.02946240075e-15
4.56222106762e-16
3.12916409823e-16
3.12402587137e-16
3.44805481573e-16
3.82205498912e-16
4.31201827226e-16
4.90657991557e-16
5.66317621857e-16
6.66005582326e-16
7.90963962599e-16
9.63631795525e-16
1.32749113109e-15
2.89013692149e-13
200
200
200
8.97784982584e-10
1.30679633961e-12
1.42988288081e-13
2.21948612844e-14
1.51664926577e-16
3.17129026257e-16
3.30080400571e-18
0
0
0
0
0
0
0
0
0
0
0
0
0
0
0
0
0
0
0
0
0
0
0
0
0
0
0
0
0
0
0
0
0
0
0
0
0
0
0
0
0
0
0
0
0
0
0
0
0
0
0
0
0
0
0
0
0
0
0
0
0
2.31251271702e-15
6.68826397652e-15
7.23378687708e-15
7.49313252729e-15
8.14145649856e-15
8.71402751395e-15
9.25707867071e-15
9.43941897904e-15
8.99102905724e-15
8.0615864138e-15
6.46138853188e-15
1.37892885649e-15
5.30114474246e-16
3.94745800094e-16
3.56087541629e-16
3.60456887424e-16
3.82026782387e-16
4.17523302015e-16
4.62480380969e-16
5.18455222689e-16
5.8669834175e-16
6.68971441343e-16
7.68891725963e-16
9.18053857584e-16
1.16242292409e-13
200
17.2854768225
3.47820296951e-10
2.2130711099e-12
2.05562752253e-13
7.14151232085e-15
3.91578548274e-16
9.94859076206e-17
5.87129599333e-17
1.36459502171e-16
1.87200286806e-16
1.37845880736e-19
0
0
0
0
0
0
0
0
0
0
0
0
0
0
0
0
0
0
0
0
0
0
0
0
0
0
0
0
0
0
0
0
0
0
0
0
0
0
0
0
0
0
0
0
0
0
0
0
0
0
0
0
0
0
0
0
0
0
0
5.30447994612e-15
7.75476483087e-15
8.09631360572e-15
8.36037568354e-15
8.77243401462e-15
9.13432284626e-15
9.53194896005e-15
9.79590930553e-15
1.01522422355e-14
1.02830392581e-14
9.56708729363e-15
4.26146215413e-15
8.68489494088e-16
5.20650136081e-16
4.14615735083e-16
3.89895389732e-16
3.94884395845e-16
4.15114414658e-16
4.47227592852e-16
4.88825671313e-16
5.37522184606e-16
5.94628727174e-16
6.58771613225e-16
7.43656006124e-16
4.32019204771e-14
7.34779361765e-09
1.28995053402e-10
3.03576285046e-12
2.42151977152e-13
1.50048643289e-14
5.49615688102e-16
1.36042202234e-16
7.85966358228e-17
6.5251253283e-17
8.05485465993e-17
6.52185590186e-17
1.1049183347e-16
1.63766813089e-18
0
0
0
0
0
0
0
0
0
0
0
0
0
0
0
0
0
0
0
0
0
0
0
0
0
0
0
0
0
0
0
0
0
0
0
0
0
0
0
0
0
0
0
0
0
0
0
0
0
0
0
0
0
0
0
0
0
0
4.81980294649e-15
8.51468332165e-15
8.61713679399e-15
9.22046771886e-15
9.54663835188e-15
9.76262678763e-15
1.00411011811e-14
1.03279037836e-14
1.07712252108e-14
1.15287426202e-14
1.21128535452e-14
7.87647638279e-15
1.36559554067e-15
6.67667495201e-16
4.92977485702e-16
4.33274393381e-16
4.18694495026e-16
4.24733179471e-16
4.44939662429e-16
4.73815017997e-16
5.09428515545e-16
5.50742422284e-16
5.94889407402e-16
6.50253751812e-16
1.28275971071e-14
3.74448625791e-11
3.27366350771e-12
3.11562191524e-13
2.39170132833e-14
7.10492186688e-16
1.22435962248e-16
7.75755909909e-17
5.87261279547e-17
5.284166394e-17
5.28347334024e-17
4.87796012265e-17
4.27466390741e-17
9.94309131963e-17
2.63365557161e-17
0
0
0
0
0
0
0
0
0
0
0
0
0
0
0
0
0
0
0
0
0
0
0
0
0
0
0
0
0
0
0
0
0
0
0
0
0
0
0
0
0
0
0
0
0
0
0
0
0
0
0
0
0
0
0
0
0
0
1.30004977374e-14
1.00944213319e-14
1.0647405684e-14
1.07928554381e-14
1.07999567446e-14
1.09457376446e-14
1.11301380383e-14
1.15825851429e-14
1.2121019784e-14
1.31747339581e-14
1.14143541381e-14
2.92957962831e-15
8.70299573992e-16
5.85202229576e-16
4.87055815661e-16
4.52213682564e-16
4.44979867837e-16
4.53046811165e-16
4.74001463146e-16
5.00458484008e-16
5.30988671976e-16
5.62510840643e-16
154.649170894
192.318417941
3.93096707762e-12
3.90036332131e-13
3.52228774766e-14
2.47069457526e-16
9.57409422765e-17
6.59576666547e-17
5.28535151592e-17
4.7557497546e-17
4.27898965721e-17
4.27829660345e-17
4.2766709218e-17
4.75185657978e-17
6.70497130338e-17
1.63136150621e-16
8.33731006284e-17
0
0
0
0
0
0
0
0
0
0
0
0
0
0
0
0
0
0
0
0
0
0
0
0
0
0
0
0
0
0
0
0
0
0
0
0
0
0
0
0
0
0
0
0
0
0
0
0
0
0
0
0
0
0
0
0
0
2.17760604317e-14
1.40072726194e-14
1.34387607941e-14
1.27760522835e-14
1.23325129729e-14
1.2159310329e-14
1.2252027752e-14
1.24242317915e-14
1.28685487339e-14
1.35279191061e-14
1.44531604452e-14
5.40883551159e-15
1.14038110058e-15
6.93641217069e-16
5.51497864305e-16
4.94145221243e-16
4.71716034421e-16
4.72191337011e-16
4.83021770386e-16
5.02327565954e-16
186.870091303
199.87052014
199.987443465
199.993693164
6.43283145902e-13
4.53149345794e-14
8.99700401725e-17
7.05688189418e-17
5.64758429636e-17
4.75114457398e-17
4.05351417631e-17
3.80422235396e-17
3.4654202488e-17
3.46479650041e-17
3.73051903006e-17
4.22856897075e-17
5.58443872772e-17
1.25573005493e-16
3.08043789444e-15
3.91618427483e-16
0
0
0
0
0
0
0
0
0
0
0
0
0
0
0
0
0
0
0
0
0
0
0
0
0
0
0
0
0
0
0
0
0
0
0
0
0
0
0
0
0
0
0
0
0
0
0
0
0
0
0
0
0
0
0
0
2.31797892238e-14
1.90509745642e-14
1.67740896892e-14
1.53866620537e-14
1.42971289855e-14
1.38132244456e-14
1.35105867858e-14
1.34471539051e-14
1.36568985554e-14
1.40973540362e-14
1.62589457653e-14
7.88337427635e-15
1.45388915257e-15
8.13387960722e-16
6.23507398077e-16
5.43129278634e-16
5.09775935434e-16
4.99684142838e-16
193.262764066
199.943313237
199.997413166
199.999660109
199.99990539
199.999923027
6.31214442199e-14
5.62012438495e-17
5.06980502649e-17
4.45863551206e-17
3.86162583334e-17
3.46634993952e-17
3.11887822392e-17
3.02603908722e-17
2.84532847938e-17
2.89581216604e-17
3.11700004823e-17
3.462477765e-17
4.74910257781e-17
7.71045670038e-13
2.74666682833e-13
8.62788371804e-14
6.70925465255e-16
0
0
0
0
0
0
0
0
0
0
0
0
0
0
0
0
0
0
0
0
0
0
0
0
0
0
0
0
0
0
0
0
0
0
0
0
0
0
0
0
0
0
0
0
0
0
0
0
0
0
0
0
0
0
0
2.44354912109e-14
2.35693261458e-14
2.02499300897e-14
1.82994551059e-14
1.68852487588e-14
1.57319039739e-14
1.49714585632e-14
1.45691928971e-14
1.44687665529e-14
1.46270761623e-14
1.63392577609e-14
9.11410826221e-15
1.74425417996e-15
9.39535901098e-16
7.01772504074e-16
5.99990017365e-16
199.633164154
199.969006895
199.998615439
199.99986231
199.999970396
199.999992541
199.999996927
199.999996959
3.86692089124e-17
3.70644315084e-17
3.48533013291e-17
3.21130416345e-17
2.95504858071e-17
2.76785615439e-17
2.52533141261e-17
2.50414165551e-17
2.41594982443e-17
2.47603199887e-17
2.52345323693e-17
2.85891051448e-17
1.21654559256e-07
5.21741175378e-07
7.56928197872e-09
5.57687432831e-11
2.20759467882e-12
1.84282752491e-16
0
0
0
0
0
0
0
0
0
0
0
0
0
0
0
0
0
0
0
0
0
0
0
0
0
0
0
0
0
0
0
0
0
0
0
0
0
0
0
0
0
0
0
0
0
0
0
0
0
0
0
0
0
0
2.10655505203e-14
2.74446097997e-14
2.32453756641e-14
2.10563511824e-14
1.93920381872e-14
1.77736630892e-14
1.65513795208e-14
1.56835255419e-14
1.51781949318e-14
1.49585372908e-14
1.61973856641e-14
8.82349878168e-15
192.216120891
199.860979201
199.97387313
199.997706959
199.999652327
199.999934653
199.999984028
199.999997019
199.999999058
199.999999593
199.999999751
199.999999737
2.82323744893e-17
2.73756569978e-17
2.63136511783e-17
2.51209216785e-17
2.3466408399e-17
2.25503418996e-17
2.09557550775e-17
2.04399712191e-17
2.04399712191e-17
2.04337337353e-17
2.12515772777e-17
0.0446175298523
200
200
200
2.47235703087e-05
1.1750163886e-09
1.19430490403e-11
3.0074470061e-17
0
0
0
0
0
0
0
0
0
0
0
0
0
0
0
0
0
0
0
0
0
0
0
0
0
0
0
0
0
0
0
0
0
0
0
0
0
0
0
0
0
0
0
0
0
0
0
0
0
0
0
0
0
1.493155435e-14
3.00154153324e-14
199.892890073
199.946055679
199.96067459
199.968146418
199.974198598
199.981190778
199.987779138
199.99344163
199.996887122
199.998643933
199.999543311
199.999858127
199.999953075
199.999981403
199.999995393
199.99999862
199.999999524
199.999999805
199.999999916
199.999999959
199.999999971
199.999999966
2.22102468974e-17
2.18805039686e-17
2.12613114914e-17
2.04576353429e-17
1.95722873915e-17
1.8399657269e-17
1.79908472999e-17
1.71999396376e-17
1.6779543161e-17
1.70219761765e-17
1.82457775011e-17
200
200
200
200
200
200
2.12090346174e-08
9.67386962887e-12
7.81968404309e-20
0
0
0
0
0
0
0
0
0
0
0
0
0
0
0
0
0
0
0
0
0
0
0
0
0
0
0
0
0
0
0
0
0
0
0
0
0
0
0
0
0
0
0
0
0
0
0
0
0
0
0
0
199.998147723
199.999910381
199.9999662
199.999978087
199.999977049
199.999970432
199.99996958
199.99996958
199.99996958
199.99997648
199.999985418
199.999991923
199.999996101
199.999998217
199.99999913
199.999999598
199.999999793
199.999999902
199.999999962
199.999999983
199.99999999
199.999999993
199.999999994
199.999999993
1.8690060736e-17
1.81418468453e-17
1.77867096335e-17
1.7240084417e-17
1.64424371782e-17
1.57672764977e-17
1.50260245873e-17
1.46931815176e-17
1.44526190486e-17
1.45916134674e-17
1.48855257957e-17
1.65457105902e-17
200
200
200
200
200
200
1.71725952218e-08
2.02426912622e-13
0
0
0
0
0
0
0
0
0
0
0
0
0
0
0
0
0
0
0
0
0
0
0
0
0
0
0
0
0
0
0
0
0
0
0
0
0
0
0
0
0
0
0
0
0
0
0
0
0
0
0
199.999774806
199.99999906
199.999999806
199.999999897
199.999999921
199.999999926
199.999999897
199.999999886
199.999999859
199.999999826
199.999999798
199.999999785
199.999999805
199.999999843
199.999999902
199.999999949
199.999999975
199.999999987
199.999999992
199.999999995
199.999999997
199.999999998
199.999999998
199.999999998
199.999999998
1.57612094445e-17
1.55446131813e-17
1.50380535304e-17
1.44037496975e-17
1.39762069424e-17
1.31461165772e-17
1.27382102904e-17
1.23468509566e-17
1.20877252147e-17
1.21052080184e-17
1.25767150745e-17
1.37368330476e-17
1.72759277831e-17
200
200
200
200
200
200
9.811082582e-10
1.27832063593e-13
0
0
0
0
0
0
0
0
0
0
0
0
0
0
0
0
0
0
0
0
0
0
0
0
0
0
0
0
0
0
0
0
0
0
0
0
0
0
0
0
0
0
0
0
0
0
0
0
0
199.999618633
199.999999672
199.99999999
199.999999997
199.999999998
199.999999999
199.999999999
199.999999998
199.999999998
199.999999997
199.999999997
199.999999996
199.999999995
199.999999994
199.999999994
199.999999994
199.999999995
199.999999997
199.999999998
199.999999998
199.999999999
199.999999999
199.999999999
199.999999999
199.999999999
199.999999999
1.32474898244e-17
1.28575965123e-17
1.26132382435e-17
1.21779071249e-17
1.15997108344e-17
1.13036717079e-17
1.07425205567e-17
1.04388415769e-17
1.02760664905e-17
1.02627129708e-17
1.0499366764e-17
1.12912415276e-17
1.35514502e-17
1.71398520149e-15
199.999999995
200
200
200
200
0.0156548556557
4.87582012323e-11
2.27036398519e-16
0
0
0
0
0
0
0
0
0
0
0
0
0
0
0
0
0
0
0
0
0
0
0
0
0
0
0
0
0
0
0
0
0
0
0
0
0
0
0
0
0
0
0
0
0
0
0
0
199.999999595
199.999999997
199.999999999
200
200
200
200
200
200
200
200
199.999999999
199.999999999
199.999999999
199.999999999
199.999999999
199.999999999
199.999999999
199.999999999
200
200
200
200
200
200
200
1.11210707136e-17
1.09112620382e-17
1.06876272425e-17
1.03521847748e-17
1.00357540555e-17
9.58865591309e-18
9.30185535228e-18
9.08531137758e-18
8.87848801726e-18
8.76270303295e-18
8.92380756365e-18
9.30617831648e-18
1.05419992553e-17
5.75509027445e-16
2.32291122242e-14
199.999958271
200
200
200
200
3.74750561976e-08
1.08260745114e-13
2.04406004685e-17
0
0
0
0
0
0
0
0
0
0
0
0
0
0
0
0
0
0
0
0
0
0
0
0
0
0
0
0
0
0
0
0
0
0
0
0
0
0
0
0
0
0
0
0
0
0
199.999989393
199.999999996
200
200
200
200
200
200
200
200
200
200
200
200
200
200
200
200
200
200
200
200
200
200
200
200
200
9.76738646123e-18
9.55732171616e-18
9.32785387226e-18
9.08483531368e-18
8.79265678306e-18
8.43474047463e-18
8.26607818684e-18
7.9867674877e-18
7.70908749455e-18
7.62466179926e-18
7.62568748699e-18
7.79964089067e-18
8.45430636782e-18
1.62065472805e-17
1.11818480805e-14
2.06806634383e-14
199.999721983
200
200
200
3.75495888701
1.43722013728e-13
1.47139269371e-13
0
0
0
0
0
0
0
0
0
0
0
0
0
0
0
0
0
0
0
0
0
0
0
0
0
0
0
0
0
0
0
0
0
0
0
0
0
0
0
0
0
0
0
0
0
0
199.999999933
200
200
200
200
200
200
200
200
200
200
200
200
200
200
200
200
200
200
200
200
200
200
200
200
200
200
8.79801686309e-18
8.60790815996e-18
8.41659331648e-18
8.1852431295e-18
7.94640508255e-18
7.6395380413e-18
7.44935380766e-18
7.12782151066e-18
6.84940264341e-18
6.73221430087e-18
6.66726888718e-18
6.71729018001e-18
7.01813676332e-18
8.39865493203e-18
2.87614647441e-15
2.93371881077e-14
1.84643585281e-14
2.68202294064e-14
199.999962444
200
200
1.10742807292e-13
2.21412546784e-13
1.49617865479e-13
0
0
0
0
0
0
0
0
0
0
0
0
0
0
0
0
0
0
0
0
0
0
0
0
0
0
0
0
0
0
0
0
0
0
0
0
0
0
0
0
0
0
0
0
199.99985225
199.999999999
200
200
200
200
200
200
200
200
200
200
200
200
200
200
200
200
200
200
200
200
200
200
200
200
200
200
8.13705737585e-18
7.93331554998e-18
7.78767460495e-18
7.54663073732e-18
7.2784685152e-18
7.03158982001e-18
6.72441011824e-18
6.42843832833e-18
6.12337014975e-18
5.97298229519e-18
5.79455392944e-18
5.72787626144e-18
5.91478371158e-18
6.50326977371e-18
5.09336198938e-16
1.48118731233e-14
1.76605793075e-14
2.69991021604e-14
3.93456688245e-14
5.25711450762e-14
7.91447342595e-14
1.08410728309e-13
1.72956580538e-13
3.91648126571e-13
2.04945137206e-12
0
0
0
0
0
0
0
0
0
0
0
0
0
0
0
0
0
0
0
0
0
0
0
0
0
0
0
0
0
0
0
0
0
0
0
0
0
0
0
0
0
0
0
199.999999734
200
200
200
200
200
200
200
200
200
200
200
200
200
200
200
200
200
200
200
200
200
200
200
200
200
200
200
7.66445136617e-18
7.44980191049e-18
7.2880204861e-18
7.0627978842e-18
6.77999666576e-18
6.48801491056e-18
6.15179275816e-18
5.81742296779e-18
5.49195513362e-18
5.2423624998e-18
5.009040335e-18
4.90230598624e-18
4.89327836069e-18
5.13223658185e-18
6.83339537945e-18
2.78845322871e-15
1.6272626659e-14
2.13720222646e-14
4.4567346931e-14
6.74135235052e-14
1.01115144516e-13
1.37482010856e-13
2.11329892407e-13
5.28539886587e-13
1.50488249013e-12
1.06881268209e-13
0
0
0
0
0
0
0
0
0
0
0
0
0
0
0
0
0
0
0
0
0
0
0
0
0
0
0
0
0
0
0
0
0
0
0
0
0
0
0
0
0
0
199.999999998
200
200
200
200
200
200
200
200
200
200
200
200
200
200
200
200
200
200
200
200
200
200
200
200
200
200
200
7.38088697488e-18
7.10856672573e-18
6.93010860039e-18
6.69124485034e-18
6.34125560043e-18
6.02579260701e-18
5.65371981482e-18
5.27231879302e-18
4.9376495378e-18
4.63780869695e-18
4.38834572366e-18
4.19795420384e-18
4.05204598521e-18
4.05926036307e-18
4.41643953226e-18
2.39869753042e-16
4.65122525337e-15
1.06432751226e-14
2.40044308575e-14
4.5540757901e-14
8.87688930935e-14
1.54477461275e-13
2.79530599012e-13
3.60139852205e-13
3.71882876432e-13
9.29429706063e-13
0
0
0
0
0
0
0
0
0
0
0
0
0
0
0
0
0
0
0
0
0
0
0
0
0
0
0
0
0
0
0
0
0
0
0
0
0
0
0
0
0
0
200
200
200
200
200
200
200
200
200
200
200
200
200
200
200
200
200
200
200
200
200
200
200
200
200
200
200
200
7.2951574604e-18
6.94063986713e-18
6.71221649228e-18
6.41102588855e-18
6.04630236034e-18
5.64782904132e-18
5.23741674782e-18
4.84887144658e-18
4.47404767502e-18
4.1526320214e-18
3.89584149602e-18
3.66739804061e-18
3.52581995846e-18
3.40139983166e-18
3.40228190214e-18
3.84763653903e-18
6.29895846329e-16
3.09435307075e-15
6.96022900031e-15
1.59336720228e-14
3.05115422588e-14
6.28689076883e-14
1.17956820411e-13
1.93766367131e-13
2.42151954163e-13
3.80967209883e-13
2.45732515551e-12
4.41756024299e-06
0
0
0
0
0
0
0
0
0
0
0
0
0
0
0
0
0
0
0
0
0
0
0
0
0
0
0
0
0
0
0
0
0
0
0
0
0
0
0
199.999999383
200
200
200
200
200
200
200
200
200
200
200
200
200
200
200
200
200
200
200
200
200
200
200
200
200
200
200
200
7.51297480561e-18
6.97965220004e-18
6.66851926602e-18
6.30685361234e-18
5.84074565041e-18
5.39045795756e-18
4.93995824695e-18
4.5019470007e-18
4.1264917437e-18
3.7852536967e-18
3.50986382821e-18
3.29873090939e-18
3.09818559363e-18
2.90937944032e-18
2.83018299273e-18
2.83607537497e-18
5.47232275088e-18
5.26672879778e-16
1.34933984926e-15
3.09461354638e-15
6.6374118735e-15
1.40810283122e-14
2.85731495249e-14
6.03239237437e-14
1.13355408822e-13
2.37311241436e-13
3.07291141408e-06
106.067504868
0
0
0
0
0
0
0
0
0
0
0
0
0
0
0
0
0
0
0
0
0
0
0
0
0
0
0
0
0
0
0
0
0
0
0
0
0
0
0
199.999999999
200
200
200
200
200
200
200
200
200
200
200
200
200
200
200
200
200
200
200
200
200
200
200
200
200
200
200
200
181.079547417
7.42483635452e-18
6.88439572562e-18
6.30483020705e-18
5.76254055384e-18
5.22458394663e-18
4.73424027659e-18
4.27751753137e-18
3.88674886348e-18
3.53683309157e-18
3.26533266484e-18
2.99715610501e-18
2.76628655669e-18
2.55833276849e-18
2.34673028142e-18
2.23228711739e-18
2.24356813475e-18
3.09488052964e-17
2.62964190072e-16
5.462183418e-16
1.05761189491e-15
1.88017464164e-15
3.5791769437e-15
9.23855012372e-15
3.80071499245e-14
1.08577077607e-11
1.06069127514e-05
1.04238195892e-13
75.5601904608
0
0
0
0
0
0
0
0
0
0
0
0
0
0
0
0
0
0
0
0
0
0
0
0
0
0
0
0
0
0
0
0
0
0
0
0
0
0
200
200
200
200
200
200
200
200
200
200
200
200
200
200
200
200
200
200
200
200
200
200
200
200
200
200
200
200
200
0.00178691223536
8.65343080049e-18
7.5668861282e-18
6.60750582432e-18
5.83951307221e-18
5.17605419505e-18
4.60204067841e-18
4.10938087277e-18
3.66369159202e-18
3.35264107559e-18
3.04123079414e-18
2.76639368419e-18
2.49339052298e-18
2.23108130046e-18
1.98761476156e-18
1.78841285176e-18
1.65904637671e-18
1.70266880095e-18
2.7979417242e-17
8.77317985064e-17
1.6086310664e-16
2.66767381551e-16
3.88028559031e-16
5.37183317755e-16
9.63983965861e-16
4.65309441098e-15
3.27111019319e-14
3.97682938521e-15
199.999888582
0
0
0
0
0
0
0
0
0
0
0
0
0
0
0
0
0
0
0
0
0
0
0
0
0
0
0
0
0
0
0
0
0
0
0
0
0
199.999418736
200
200
200
200
200
200
200
200
200
200
200
200
200
200
200
200
200
200
200
200
200
200
200
200
200
200
200
200
200
4.1672783469e-12
1.23147121664e-17
9.26729745863e-18
7.3136192792e-18
6.08697408789e-18
5.21606071131e-18
4.5520995364e-18
3.98916326128e-18
3.56502801266e-18
3.1957391961e-18
2.88160407187e-18
2.59057659419e-18
2.29331214234e-18
1.9940097027e-18
1.72736142431e-18
1.51014288521e-18
1.32404043713e-18
1.18743745655e-18
1.52811073992e-18
9.83632164965e-18
1.82553934603e-17
3.16488390094e-17
4.56836557052e-17
4.25483747279e-17
3.04096950555e-17
9.04946764778e-18
7.90512254473e-18
3.44208203097e-18
5.35988055778e-17
200
0
0
0
0
0
0
0
0
0
0
0
0
0
0
0
0
0
0
0
0
0
0
0
0
0
0
0
0
0
0
0
0
0
0
0
0
200
200
200
200
200
200
200
200
200
200
200
200
200
200
200
200
200
200
200
200
200
200
200
200
200
200
200
200
200
200
3.08484411482e-11
3.72196855338e-09
72.9045779515
8.6271279465e-18
6.48965692304e-18
5.33842154061e-18
4.54114841221e-18
3.93181315368e-18
3.49021050754e-18
3.11706798549e-18
2.77011558175e-18
2.46950367083e-18
2.16319088145e-18
1.85753182688e-18
1.58638815165e-18
1.33994373104e-18
1.06161723796e-18
6.87394019533e-19
7.45481223458e-19
1.32436311748e-18
2.43128180865e-18
3.41320421954e-18
3.26527358866e-18
1.86239547453e-18
2.42572010332e-18
3.39174328122e-18
5.7618561215e-18
9.7763748702e-18
6.52653270918e-17
9.0786326999e-16
0
0
0
0
0
0
0
0
0
0
0
0
0
0
0
0
0
0
0
0
0
0
0
0
0
0
0
0
0
0
0
0
0
0
0
6.99802646081e-21
200
200
200
200
200
200
200
200
200
200
200
200
200
200
200
200
200
200
200
200
200
200
200
200
200
200
200
200
200
200
1.12059165757e-10
3.62921595822e-12
4.04109890774e-06
199.999999018
0.230699720483
5.48209683211e-18
4.52698087845e-18
3.89598430911e-18
3.44015859088e-18
3.05534880494e-18
2.72128952025e-18
2.40315110197e-18
2.06998228898e-18
1.76614135937e-18
1.47248058745e-18
1.16224889032e-18
8.25151598732e-19
4.41048208335e-19
7.8196229218e-20
1.39716255677e-19
1.63276015156e-19
1.85361112553e-19
4.14547262402e-19
6.01996959206e-19
9.92799983034e-19
2.06749620788e-18
5.1829854771e-18
1.98760662629e-17
1.10582352409e-16
9.95214321362e-17
3.31485463933e-21
0
0
0
0
0
0
0
0
0
0
0
0
0
0
0
0
0
0
0
0
0
0
0
0
0
0
0
0
0
0
0
0
0
0
200
200
200
200
200
200
200
200
200
200
200
200
200
200
200
200
200
200
200
200
200
200
200
200
200
200
200
200
200
200
200
8.90785172613e-11
9.46229582646e-11
9.75578164368e-11
1.89362176191e-10
3.96088409406e-05
200
199.999999797
4.04459001595e-18
3.48785301228e-18
3.07774457627e-18
2.72045663885e-18
2.39266965788e-18
2.01318564641e-18
1.72317723747e-18
1.42148693667e-18
1.17177921882e-18
8.66544306349e-19
4.15382678829e-19
7.8196229218e-20
1.26245727482e-19
1.59592843334e-19
1.81677940731e-19
2.29332612223e-19
5.3725013758e-19
7.57803113989e-19
1.61073638751e-18
4.66468692939e-18
9.77905990245e-18
1.84223324258e-17
7.55118081731e-19
5.37169524919e-16
0
0
0
0
0
0
0
0
0
0
0
0
0
0
0
0
0
0
0
0
0
0
0
0
0
0
0
0
0
0
0
0
0
0
200
200
200
200
200
200
200
200
200
200
200
200
200
200
200
200
200
200
200
200
200
200
200
200
200
200
200
200
200
200
165.466505851
)
;

boundaryField
{
    frontAndBack
    {
        type            empty;
    }
    leftWall
    {
        type            calculated;
        value           uniform 0;
    }
    outlet
    {
        type            calculated;
        value           uniform 0;
    }
    rightWall
    {
        type            calculated;
        value           uniform 0;
    }
    inlet
    {
        type            calculated;
        value           uniform 4.95463968107e-15;
    }
}


// ************************************************************************* //
