/*--------------------------------*- C++ -*----------------------------------*\
| =========                 |                                                 |
| \\      /  F ield         | OpenFOAM: The Open Source CFD Toolbox           |
|  \\    /   O peration     | Version:  v1906                                 |
|   \\  /    A nd           | Web:      www.OpenFOAM.com                      |
|    \\/     M anipulation  |                                                 |
\*---------------------------------------------------------------------------*/
FoamFile
{
    version     2.0;
    format      ascii;
    class       volScalarField;
    location    "119";
    object      alpha;
}
// * * * * * * * * * * * * * * * * * * * * * * * * * * * * * * * * * * * * * //

dimensions      [0 0 -1 0 0 0 0];


internalField   nonuniform List<scalar> 
9216
(
138.335221051
199.99786608
199.998029977
199.998029977
199.998029977
199.998165008
199.998165008
199.998165008
199.998165008
199.998165008
199.998032263
199.997760889
199.997796214
199.997478573
199.997478573
199.997478573
199.997760889
199.997989565
199.997989565
199.997989565
199.997989565
199.997484679
199.997373624
199.997373624
199.997373624
199.997373624
199.996984339
199.996807751
199.996659008
199.99636942
199.996289246
199.995427012
199.99569687
199.996555975
199.99663436
199.997086646
199.997112465
199.997112465
199.997112465
199.997112465
199.997112465
199.996846041
199.996379359
199.996335775
199.99668217
199.99668217
199.99668217
199.99668217
199.99668217
199.996660604
199.996767375
199.996880004
199.997004402
199.997112465
199.997112465
199.997039776
199.996794596
199.996479629
199.995962282
199.995205506
199.994542408
199.993946459
199.993488407
199.992930029
199.991885432
199.990350282
199.988931617
199.988457538
199.986841492
199.984804528
199.982931628
199.980660757
199.978672783
199.976744809
199.973265014
199.967276891
199.960511034
199.953183947
199.941296716
199.919348438
199.86080194
199.272068003
191.142134408
175.502947829
159.415831943
147.108171646
133.850916203
114.147302994
90.4375388331
70.5476892751
52.8331037204
39.2360205767
28.6048084792
18.8251732545
11.4237222822
1.27317782885
199.997731881
199.998150982
199.998165008
199.998165008
199.998165008
199.998165008
199.998165008
199.998029977
199.998029977
199.998029977
199.998029977
199.998029977
199.997775892
199.997493576
199.997493576
199.997493576
199.997596871
199.997609188
199.997609188
199.997485495
199.997879943
199.997713238
199.997459153
199.99718275
199.997071888
199.997071888
199.997071888
199.997071888
199.997067138
199.996641593
199.996293055
199.996293055
199.996293055
199.996293055
199.996293055
199.996293055
199.996293055
199.99597937
199.99597937
199.995697053
199.995697053
199.995697053
199.995697053
199.995218948
199.995218948
199.995218948
199.995218948
199.995218948
199.995218948
199.995218948
199.995218948
199.995218948
199.995218948
199.994811027
199.99449024
199.994445624
199.994123143
199.993578466
199.991901155
199.990417455
199.989221444
199.98822991
199.987300204
199.986859003
199.985728459
199.983406981
199.980880243
199.980013842
199.980191142
199.980827144
199.979991828
199.977201586
199.973898287
199.970288855
199.965798157
199.959342393
199.95335588
199.952841985
199.954667754
199.942251225
199.919144878
199.812541422
198.948962622
188.962269931
175.092592643
160.773166984
148.112576173
127.110917843
107.55765467
83.4983233901
62.8338246643
50.4885094198
40.6105770209
25.9352696223
17.177507436
13.9075449315
199.998029977
199.998182203
199.998124878
199.998215205
199.998029977
199.998029977
199.998029977
199.998029977
199.998029977
199.998029977
199.997879943
199.997879943
199.997879943
199.997879943
199.997176837
199.997459153
199.997459153
199.997459153
199.997459153
199.997459153
199.997459153
199.997459153
199.997459153
199.997071888
199.997071888
199.996699382
199.996359277
199.996010738
199.996010738
199.996010738
199.995697053
199.995697053
199.995218948
199.995218948
199.995218948
199.995218948
199.995218948
199.995218948
199.995218948
199.995218948
199.995218948
199.995218948
199.99468772
199.99468772
199.993959012
199.993959012
199.993303175
199.993303175
199.992712922
199.991903247
199.991903247
199.991903247
199.991903247
199.991903247
199.991903247
199.991903247
199.991903247
199.99157604
199.990685632
199.989004495
199.98746858
199.986242071
199.985102742
199.983714393
199.981492943
199.978351271
199.974967634
199.972169633
199.96903324
199.964615248
199.959830782
199.958964428
199.952662419
199.955073189
199.947774784
199.937204447
199.929104586
199.920994054
199.908944196
199.89835492
199.879400949
199.665800488
197.049206695
186.100655516
172.948667169
157.90963015
137.911227554
128.46512653
114.598481584
86.7656568182
59.9887164452
55.044606108
39.6771361297
30.4405411784
26.9390375244
17.9808704168
199.998165008
199.998215205
199.998215205
199.998215205
199.998029977
199.998029977
199.998029977
199.998029977
199.997879943
199.997879943
199.997879943
199.997879943
199.997879943
199.997459153
199.997459153
199.997459153
199.997459153
199.997459153
199.997459153
199.997459153
199.997459153
199.997176837
199.997176837
199.996789572
199.996359277
199.996010738
199.995697053
199.995697053
199.995218948
199.995218948
199.995218948
199.995218948
199.995218948
199.995218948
199.995218948
199.995218948
199.99468772
199.99468772
199.99468772
199.99468772
199.993368759
199.992712922
199.991903247
199.991903247
199.991903247
199.991903247
199.991903247
199.991903247
199.991903247
199.991903247
199.991003608
199.991003608
199.991003608
199.991003608
199.991003608
199.991003608
199.991003608
199.991003608
199.990921886
199.989672009
199.988000227
199.986473612
199.984825602
199.983326245
199.981165578
199.978013717
199.974334797
199.971132376
199.968127143
199.963970724
199.95943135
199.953736149
199.946997911
199.945028407
199.934410743
199.923442989
199.914356935
199.905256337
199.893236155
199.871848378
199.679770983
196.523256042
187.079102812
177.904520202
167.235920471
151.004741943
136.599374545
127.63452968
107.187279605
92.9896023438
75.1492852364
51.9598048546
48.3539360206
39.6843442738
33.3045544369
21.6667617086
199.998165008
199.998215205
199.998215205
199.998121577
199.998029977
199.998029977
199.998029977
199.997879943
199.997879943
199.997879943
199.997879943
199.997879943
199.997459153
199.997459153
199.997459153
199.997459153
199.997459153
199.997459153
199.997459153
199.997176837
199.997176837
199.997176837
199.996789572
199.996359277
199.995697053
199.995697053
199.995218948
199.995218948
199.995218948
199.995218948
199.995218948
199.995218948
199.99468772
199.99468772
199.99468772
199.99468772
199.99468772
199.994097467
199.992712922
199.991903247
199.991903247
199.991903247
199.991903247
199.991903247
199.991003608
199.991003608
199.991003608
199.991003608
199.991003608
199.991003608
199.991003608
199.991003608
199.990004008
199.990004008
199.990004008
199.990004008
199.990004008
199.990004008
199.990004008
199.988304949
199.986731302
199.984440118
199.981930858
199.980043241
199.977817861
199.973995351
199.971329554
199.969409169
199.96572334
199.961277707
199.957167118
199.954135106
199.947353268
199.938343738
199.925683522
199.915242379
199.913587776
199.905364036
199.893511325
199.871704699
199.660898288
196.376088816
186.845864398
173.271083179
158.521995477
141.827645815
127.531670551
120.166699083
116.252077758
95.37833657
82.8881712127
62.2210404299
47.7791928733
47.6854013555
43.8479415792
31.9602047474
199.998165008
199.998215205
199.998215205
199.998029977
199.998029977
199.998029977
199.997879943
199.997879943
199.997879943
199.997879943
199.997879943
199.997713238
199.997459153
199.997459153
199.997459153
199.997459153
199.997459153
199.997176837
199.997176837
199.997176837
199.997176837
199.996789572
199.996359277
199.995697053
199.995218948
199.995218948
199.995218948
199.995218948
199.995218948
199.995218948
199.99468772
199.99468772
199.99468772
199.99468772
199.99468772
199.994097467
199.992712922
199.992712922
199.991903247
199.991903247
199.991903247
199.991903247
199.991003608
199.991003608
199.991003608
199.991003608
199.991003608
199.990004008
199.990004008
199.990004008
199.990004008
199.990004008
199.988893343
199.988893343
199.988893343
199.98765927
199.98765927
199.986288077
199.986288077
199.984673849
199.978429136
199.973810083
199.970455212
199.968180883
199.966488053
199.964960827
199.96067459
199.960051896
199.957540208
199.953927719
199.950013795
199.94383699
199.935774156
199.924495046
199.916038991
199.915073082
199.907482677
199.891855892
199.882315195
199.869870016
199.671212155
193.802658455
180.444867599
171.125683416
157.098628722
141.624836361
135.249329338
120.548446151
104.082456432
88.0032886465
89.0850043177
77.3644234385
57.4857196638
54.0390304693
53.3803417496
40.8698426297
199.998165008
199.998215205
199.998215205
199.998029977
199.998029977
199.997879943
199.997879943
199.997879943
199.997879943
199.997879943
199.997879943
199.997459153
199.997459153
199.997459153
199.997176837
199.997176837
199.997176837
199.997176837
199.997176837
199.997176837
199.997176837
199.996359277
199.995697053
199.995218948
199.995218948
199.995218948
199.995218948
199.995218948
199.99468772
199.99468772
199.99468772
199.99468772
199.99468772
199.994097467
199.994097467
199.992712922
199.991903247
199.991903247
199.991903247
199.991903247
199.991003608
199.991003608
199.991003608
199.991003608
199.990004008
199.990004008
199.990004008
199.990004008
199.990004008
199.988893343
199.988893343
199.988893343
199.98765927
199.98765927
199.986288077
199.986288077
199.98476453
199.98476453
199.978824552
199.968577967
199.966488053
199.96067459
199.96067459
199.96067459
199.9563051
199.9563051
199.9563051
199.9563051
199.951450111
199.951437028
199.949377567
199.943432179
199.935796536
199.926489065
199.916745407
199.91457479
199.901789446
199.889089276
199.883800218
199.84110927
199.010217277
191.267396003
176.010178835
165.022880927
153.881040002
141.177876367
130.808434802
120.871482365
103.723852792
97.6361356923
84.6253492612
85.2954820113
75.2168264237
62.5739406428
62.6032247696
49.53986876
199.998165008
199.998215205
199.998215205
199.998029977
199.998029977
199.99806517
199.99806517
199.997879943
199.997879943
199.997879943
199.997625858
199.997459153
199.997459153
199.997176837
199.997176837
199.997176837
199.997176837
199.997176837
199.997176837
199.997176837
199.996789572
199.996010738
199.995218948
199.995218948
199.995218948
199.995218948
199.995218948
199.99468772
199.99468772
199.99468772
199.99468772
199.99468772
199.994097467
199.994097467
199.992712922
199.991903247
199.991903247
199.991903247
199.991003608
199.991003608
199.991003608
199.991003608
199.991003608
199.990004008
199.990004008
199.990004008
199.990004008
199.988893343
199.988893343
199.988893343
199.98765927
199.98765927
199.986288077
199.986288077
199.98476453
199.98476453
199.9830717
199.969325935
199.964607131
199.96067459
199.96067459
199.9563051
199.9563051
199.951450111
199.951450111
199.946055679
199.946055679
199.940061865
199.940061865
199.940061865
199.933402073
199.933313385
199.928224152
199.920181839
199.910537973
199.90203402
199.895685974
199.885174752
199.881098824
199.814481808
199.105996708
187.942867126
175.946592799
165.950032808
151.615387635
141.315393519
126.333419411
115.65039537
106.354434242
102.20828341
94.6198742493
84.931385611
86.2127296674
70.5105817146
71.4313592823
58.4643893319
199.998243828
199.998215205
199.998215205
199.998215205
199.99806517
199.99806517
199.99806517
199.997879943
199.997879943
199.997879943
199.997625858
199.997459153
199.997176837
199.997176837
199.997176837
199.997176837
199.997176837
199.997176837
199.997176837
199.997176837
199.996359277
199.995697053
199.995218948
199.995218948
199.995218948
199.995218948
199.99468772
199.99468772
199.99468772
199.99468772
199.99468772
199.994097467
199.994097467
199.992712922
199.991903247
199.991903247
199.991903247
199.991003608
199.991003608
199.991003608
199.991003608
199.990004008
199.990004008
199.990004008
199.990004008
199.988893343
199.988893343
199.988893343
199.98765927
199.98765927
199.986288077
199.986288077
199.98476453
199.98476453
199.9830717
199.977624738
199.964607131
199.96067459
199.96067459
199.9563051
199.9563051
199.951450111
199.951450111
199.946055679
199.940061865
199.940061865
199.933402073
199.933402073
199.926002303
199.926002303
199.926002303
199.917780337
199.917780337
199.913716481
199.904835622
199.896234427
199.885424931
199.885746892
199.871765455
199.733208797
198.410621407
184.662140482
174.496483126
163.608485769
153.528410236
143.329858112
131.177568563
116.912160216
107.525502784
95.9435325012
100.587490081
94.9739108674
88.3308139337
83.0845978996
78.5820962261
66.4346671156
199.998350236
199.998215205
199.998215205
199.998215205
199.99806517
199.99806517
199.99806517
199.997879943
199.997879943
199.997879943
199.997625858
199.997459153
199.997176837
199.997176837
199.997176837
199.997176837
199.997176837
199.997176837
199.997176837
199.996789572
199.995697053
199.995218948
199.995218948
199.995218948
199.995218948
199.99468772
199.99468772
199.99468772
199.99468772
199.99468772
199.994097467
199.99344163
199.992712922
199.991903247
199.991903247
199.991903247
199.991003608
199.991003608
199.991003608
199.991003608
199.990004008
199.990004008
199.990004008
199.990004008
199.988893343
199.988893343
199.98765927
199.98765927
199.986288077
199.986288077
199.986288077
199.98476453
199.98476453
199.9830717
199.972558457
199.964607131
199.96067459
199.9563051
199.9563051
199.951450111
199.951450111
199.946055679
199.940061865
199.933402073
199.933402073
199.926002303
199.926002303
199.917780337
199.917780337
199.908644819
199.908644819
199.908644819
199.908644819
199.898494243
199.895013839
199.89030269
199.88395775
199.884030643
199.865725685
199.637507814
194.923082933
184.185530414
172.302627825
162.050491595
153.878497951
143.56903366
130.664245535
119.615599052
110.612890962
103.979671395
97.9780050478
100.60387635
95.9536275916
93.6417022843
85.6635277387
75.4008813707
199.998350236
199.998215205
199.998215205
199.998215205
199.99806517
199.99806517
199.99806517
199.997879943
199.997879943
199.997625858
199.997459153
199.997176837
199.997176837
199.997176837
199.997176837
199.997176837
199.997176837
199.997176837
199.997176837
199.996045592
199.995697053
199.995218948
199.995218948
199.995218948
199.99468772
199.99468772
199.99468772
199.99468772
199.994097467
199.994097467
199.994097467
199.992712922
199.992712922
199.991903247
199.991903247
199.991003608
199.991003608
199.991003608
199.990004008
199.990004008
199.990004008
199.990004008
199.988893343
199.988893343
199.988893343
199.98765927
199.98765927
199.986288077
199.986288077
199.98476453
199.98476453
199.9830717
199.9830717
199.972558457
199.96067459
199.96067459
199.9563051
199.9563051
199.951450111
199.946055679
199.940061865
199.933402073
199.933402073
199.926002303
199.917780337
199.917780337
199.908644819
199.908644819
199.898494243
199.898494243
199.898494243
199.887215825
199.887215825
199.887215825
199.887215825
199.887215825
199.885041742
199.874353699
199.84766796
199.435114016
193.601481784
184.273829086
172.749524696
163.564698956
154.188350413
140.185429181
129.66208573
121.662846589
117.616043204
111.404573707
106.78465505
99.2768682738
102.36130512
105.582106084
93.4135548498
82.2680003795
199.998350236
199.998215205
199.998215205
199.998215205
199.99806517
199.99806517
199.99806517
199.997879943
199.997879943
199.997625858
199.997459153
199.997176837
199.997176837
199.997176837
199.997176837
199.997176837
199.997176837
199.997176837
199.996863152
199.995697053
199.995218948
199.995218948
199.995218948
199.99468772
199.99468772
199.99468772
199.99468772
199.994097467
199.994097467
199.994097467
199.992712922
199.992712922
199.991903247
199.991903247
199.991003608
199.991003608
199.991003608
199.990004008
199.990004008
199.990004008
199.990004008
199.988893343
199.988893343
199.988893343
199.98765927
199.98765927
199.986288077
199.986288077
199.98476453
199.98476453
199.9830717
199.9830717
199.972558457
199.96067459
199.9563051
199.9563051
199.951450111
199.951450111
199.946055679
199.940061865
199.933402073
199.926002303
199.917780337
199.917780337
199.908644819
199.908644819
199.898494243
199.887215825
199.887215825
199.887215825
199.87468425
199.87468425
199.87468425
199.860760278
199.860760278
199.860760278
199.860760278
199.859894972
199.811708338
199.219554109
193.614466152
185.154100891
173.086981739
164.733490727
153.564321591
141.49968192
133.562771889
126.873288726
120.093922874
115.953159167
111.679388849
108.469312458
103.499849965
110.558581991
100.818672764
87.7582240401
199.998578912
199.998443881
199.998215205
199.998215205
199.99806517
199.99806517
199.99806517
199.997879943
199.997879943
199.997625858
199.997459153
199.997176837
199.997176837
199.997176837
199.997176837
199.997176837
199.997176837
199.996863152
199.996045592
199.995697053
199.995218948
199.995218948
199.995218948
199.99468772
199.99468772
199.99468772
199.994097467
199.994097467
199.994097467
199.99344163
199.992712922
199.991903247
199.991903247
199.991003608
199.991003608
199.991003608
199.990004008
199.990004008
199.990004008
199.988893343
199.988893343
199.988893343
199.98765927
199.98765927
199.98765927
199.986288077
199.986288077
199.98476453
199.98476453
199.9830717
199.9830717
199.978323956
199.96067459
199.9563051
199.9563051
199.951450111
199.946055679
199.940061865
199.940061865
199.932201986
199.926002303
199.917780337
199.908644819
199.898494243
199.898494243
199.887215825
199.887215825
199.87468425
199.87468425
199.860760278
199.860760278
199.845289198
199.845289198
199.845289198
199.845289198
199.845289198
199.845289198
199.81937774
199.772612166
199.487842729
194.651244305
182.120041578
172.692178599
166.21776068
154.165065622
146.365101022
138.445695819
130.723471057
123.889669965
119.689056345
115.257097267
112.03721666
110.289069532
113.724069019
107.346138878
93.0181999166
199.998578912
199.998443881
199.998443881
199.998215205
199.99806517
199.99806517
199.99806517
199.997879943
199.997879943
199.997625858
199.997459153
199.997176837
199.997176837
199.997176837
199.997176837
199.997176837
199.996863152
199.996863152
199.995697053
199.995697053
199.995218948
199.995218948
199.99468772
199.99468772
199.99468772
199.994097467
199.994097467
199.994097467
199.99344163
199.992712922
199.991903247
199.991903247
199.991003608
199.991003608
199.991003608
199.990004008
199.990004008
199.990004008
199.988893343
199.988893343
199.988893343
199.98765927
199.98765927
199.986288077
199.986288077
199.986288077
199.98476453
199.98476453
199.9830717
199.9830717
199.981190778
199.96067459
199.9563051
199.9563051
199.951450111
199.946055679
199.940061865
199.933402073
199.926002303
199.917780337
199.908644819
199.908644819
199.898494243
199.887215825
199.887215825
199.87468425
199.860760278
199.860760278
199.845289198
199.845289198
199.845289198
199.828099109
199.828099109
199.828099109
199.828099109
199.80899901
199.802741162
199.770635673
199.633265937
198.877452083
192.106993458
184.661632185
176.068925227
167.863520943
160.358188502
148.972911642
142.008488653
133.853868939
127.586129473
125.521384304
119.703775332
116.982171701
114.421967071
112.731663524
115.954780692
97.815981714
199.998578912
199.998443881
199.998443881
199.998443881
199.99806517
199.99806517
199.99806517
199.997879943
199.997879943
199.997459153
199.997459153
199.997176837
199.997176837
199.997176837
199.997176837
199.996863152
199.996863152
199.996475887
199.995697053
199.995218948
199.995218948
199.995218948
199.99468772
199.99468772
199.994097467
199.994097467
199.994097467
199.99344163
199.992712922
199.992712922
199.991903247
199.991903247
199.991003608
199.991003608
199.990004008
199.990004008
199.990004008
199.988893343
199.988893343
199.988893343
199.98765927
199.98765927
199.986288077
199.986288077
199.98476453
199.98476453
199.98476453
199.9830717
199.9830717
199.981190778
199.96067459
199.9563051
199.9563051
199.951450111
199.946055679
199.940061865
199.933402073
199.926002303
199.917780337
199.908644819
199.898494243
199.887215825
199.87468425
199.87468425
199.860760278
199.845289198
199.845289198
199.828099109
199.828099109
199.828099109
199.80899901
199.80899901
199.80899901
199.80899901
199.80899901
199.780421497
199.757479733
199.665446244
199.373897445
198.213468904
191.364708809
182.793828015
180.164136036
172.968215243
161.635381851
153.927737721
142.385697937
137.056499374
133.887110319
130.564034528
124.67701192
121.432086151
118.036103881
116.364576231
121.83034786
102.277984053
199.998578912
199.99864969
199.998443881
199.998443881
199.998293847
199.99806517
199.99806517
199.99806517
199.997625858
199.997459153
199.997459153
199.997176837
199.997176837
199.997176837
199.997176837
199.996863152
199.996863152
199.996127348
199.995697053
199.995218948
199.995218948
199.99468772
199.99468772
199.99468772
199.994097467
199.994097467
199.99344163
199.992712922
199.992712922
199.991903247
199.991903247
199.991003608
199.991003608
199.990004008
199.990004008
199.990004008
199.988893343
199.988893343
199.988893343
199.98765927
199.98765927
199.986288077
199.986288077
199.98476453
199.98476453
199.98476453
199.9830717
199.9830717
199.981190778
199.964607131
199.9563051
199.9563051
199.951450111
199.946055679
199.940061865
199.926002303
199.917780337
199.908644819
199.898494243
199.887215825
199.87468425
199.87468425
199.860760278
199.845289198
199.828099109
199.828099109
199.80899901
199.80899901
199.80899901
199.787776678
199.787776678
199.787776678
199.787776678
199.787390103
199.784287745
199.776315145
199.652388168
199.451047948
198.861395899
196.574660806
189.243690722
183.282929335
182.767521043
174.898630048
164.802157052
154.831417139
146.457537731
144.931530904
140.462553526
133.597368352
127.844777426
124.955344985
122.773197251
119.585042177
123.298638042
106.029410993
199.998578912
199.99864969
199.99864969
199.998443881
199.998293847
199.99806517
199.99806517
199.99806517
199.997625858
199.997459153
199.997176837
199.997176837
199.997176837
199.997176837
199.996863152
199.996863152
199.996514613
199.995697053
199.995697053
199.995218948
199.995218948
199.99468772
199.99468772
199.994097467
199.994097467
199.99344163
199.99344163
199.992712922
199.991903247
199.991903247
199.991003608
199.991003608
199.990004008
199.990004008
199.990004008
199.988893343
199.988893343
199.98765927
199.98765927
199.98765927
199.986288077
199.986288077
199.98476453
199.98476453
199.9830717
199.9830717
199.9830717
199.981190778
199.979100865
199.9563051
199.9563051
199.951450111
199.946055679
199.933402073
199.926002303
199.917780337
199.908644819
199.887215825
199.87468425
199.860760278
199.845289198
199.828099109
199.80899901
199.80899901
199.77244486
199.775250469
199.787776678
199.783216771
199.744981245
199.752871175
199.754597477
199.754734119
199.752281242
199.747093211
199.736027971
199.701631417
199.526604965
199.033208529
197.984169543
193.76507465
188.162578682
187.978097889
182.450429011
174.633433299
165.204411647
154.749998597
151.210795849
148.925767712
138.356870606
133.827486367
131.626569457
127.681541061
125.954740796
122.757333337
124.385391096
108.901840862
199.998784721
199.99864969
199.99864969
199.99864969
199.998499655
199.998293847
199.99806517
199.99806517
199.997625858
199.997459153
199.997176837
199.997176837
199.997176837
199.997176837
199.996863152
199.996863152
199.996127348
199.995697053
199.995218948
199.995218948
199.99468772
199.99468772
199.994097467
199.994097467
199.99344163
199.99344163
199.992712922
199.991903247
199.991903247
199.991003608
199.991003608
199.990004008
199.990004008
199.990004008
199.988893343
199.988893343
199.98765927
199.98765927
199.986288077
199.986288077
199.986288077
199.98476453
199.98476453
199.9830717
199.9830717
199.981190778
199.981190778
199.979100865
199.96067459
199.9563051
199.951450111
199.946055679
199.933402073
199.926002303
199.908644819
199.898494243
199.87468425
199.831685125
199.787776678
199.764196308
199.737995898
199.737995898
199.737995898
199.702492018
199.533436311
199.727317226
199.719391625
199.639695088
199.672278787
199.700600824
199.681290648
199.688611519
199.679005679
199.656301935
199.61686733
199.550912089
199.407623131
199.02169763
198.095115026
195.155072123
190.598904666
185.836571753
180.100894987
173.514603768
164.630264412
155.60292099
154.688939346
147.50077498
141.510577097
138.203630548
135.152947399
132.384608115
127.316318135
126.105056738
124.443815674
111.405781281
199.998784721
199.99864969
199.99864969
199.99864969
199.998499655
199.998499655
199.99806517
199.997879943
199.997459153
199.997459153
199.997176837
199.997176837
199.997176837
199.996863152
199.996863152
199.996514613
199.996127348
199.995697053
199.995218948
199.995218948
199.99468772
199.99468772
199.994097467
199.99344163
199.99344163
199.992712922
199.992712922
199.991903247
199.991003608
199.991003608
199.990004008
199.990004008
199.990004008
199.988893343
199.988893343
199.98765927
199.98765927
199.986288077
199.986288077
199.98476453
199.98476453
199.98476453
199.9830717
199.9830717
199.981190778
199.981190778
199.979100865
199.964607131
199.9563051
199.951450111
199.940061865
199.933402073
199.917780337
199.898494243
176.733553067
0
0
0
0
0
0
0
0
0
3.9484150754
12.9947523339
65.8960337311
168.020006973
199.62312065
199.592682568
199.419635421
199.498658041
199.355186801
199.367124899
199.415000361
199.288413385
198.973394676
197.046498724
196.401802135
192.269705095
187.777803605
182.800466837
177.889082452
172.331859568
164.595980745
158.147089256
159.643173004
151.629496222
146.992908066
143.223787316
139.4022736
134.991772709
130.664776087
128.598935506
125.177007166
114.170962379
199.998784721
199.99864969
199.99864969
199.99864969
199.998499655
199.998499655
199.998293847
199.997879943
199.997459153
199.997459153
199.997176837
199.997176837
199.997176837
199.996863152
199.996514613
199.996127348
199.995697053
199.995697053
199.995218948
199.99468772
199.99468772
199.994097467
199.994097467
199.99344163
199.992712922
199.992712922
199.991903247
199.991003608
199.991003608
199.990004008
199.990004008
199.990004008
199.988893343
199.988893343
199.98765927
199.98765927
199.986288077
199.986288077
199.98476453
199.98476453
199.9830717
199.9830717
199.9830717
199.981190778
199.981190778
199.979100865
199.976778739
199.9563051
199.951450111
199.940061865
199.933402073
199.908644819
0
0
0
0
0
0
0
0
0
0
0
0
0
0
0
2.98241008611
8.19334916486
36.3952816799
144.940436632
198.801245738
198.805727729
198.899314736
198.387478345
197.895872326
196.770637579
192.821806655
193.06794164
188.994651252
184.825602329
180.197855431
175.88503325
171.210739118
165.714485602
165.662289147
161.822672328
153.827271449
151.280684709
147.445266441
143.085964246
138.957075134
135.662783469
130.584428609
128.206148479
116.946342707
199.998784721
199.99864969
199.99864969
199.99864969
199.998499655
199.998499655
199.998293847
199.997879943
199.997459153
199.997459153
199.997176837
199.997176837
199.996863152
199.996863152
199.996514613
199.996127348
199.995697053
199.995218948
199.995218948
199.99468772
199.994097467
199.994097467
199.99344163
199.992712922
199.992712922
199.991903247
199.991003608
199.991003608
199.990004008
199.990004008
199.988893343
199.988893343
199.98765927
199.98765927
199.986288077
199.986288077
199.986288077
199.98476453
199.98476453
199.9830717
199.9830717
199.981190778
199.981190778
199.979100865
199.979100865
199.976778739
199.9563051
199.951450111
199.940061865
199.926002303
0.0419266273499
0
0
0
0
0
0
0
0
0
0
0
0
0
0
0
0
0
0
0.287449137045
4.63466189835
13.1205030633
58.7527172098
181.372854769
191.216272332
196.292521332
192.893650856
188.520908204
185.345088158
185.984117093
181.506766915
177.105498478
173.768569391
169.815534764
165.765618497
166.658409819
162.06265706
156.780892096
154.305954993
150.158763182
146.019272636
141.708184225
139.555388689
133.61254213
131.209114391
119.20848765
199.998784721
199.99864969
199.99864969
199.99864969
199.998499655
199.998499655
199.998293847
199.997713238
199.997459153
199.997459153
199.997176837
199.997176837
199.996863152
199.996514613
199.996127348
199.995697053
199.995697053
199.995218948
199.99468772
199.99468772
199.994097467
199.99344163
199.99344163
199.992712922
199.991903247
199.991003608
199.991003608
199.990004008
199.990004008
199.988893343
199.988893343
199.98765927
199.98765927
199.986288077
199.986288077
199.98476453
199.98476453
199.9830717
199.9830717
199.9830717
199.981190778
199.981190778
199.979100865
199.979100865
199.976778739
199.96067459
199.951450111
199.940061865
199.917780337
0
0
0
0
0
0
0
0
0
0
0
0
0
0
0
0
0
0
0
0
0
0
0
2.88032345034
8.47953701859
45.3852105177
160.595011221
178.661963901
182.980563064
180.805807872
177.678913638
173.661187634
174.763457486
171.658954058
167.763184499
164.333179116
166.150440374
161.59402605
161.047504301
152.669232817
149.805586098
147.424494065
143.159382723
141.047350798
136.654974415
132.520634293
120.062689437
199.998784721
199.99864969
199.99864969
199.99864969
199.998499655
199.998499655
199.998293847
199.997713238
199.997459153
199.997459153
199.997176837
199.997176837
199.996863152
199.996514613
199.996127348
199.995697053
199.995218948
199.99468772
199.99468772
199.994097467
199.99344163
199.99344163
199.992712922
199.991903247
199.991003608
199.991003608
199.990004008
199.990004008
199.988893343
199.988893343
199.98765927
199.986288077
199.986288077
199.986288077
199.98476453
199.98476453
199.9830717
199.9830717
199.981190778
199.981190778
199.979100865
199.979100865
199.976778739
199.974198598
199.968146418
199.951450111
199.940061865
199.908644819
0
0
0
0
0
0
0
0
0
0
0
0
0
0
0
0
0
0
0
0
0
0
0
0
0
0
2.22155036608
8.41310870979
40.2314859284
147.926848149
169.838612905
174.11973187
169.743858596
166.764753511
169.409015665
164.829009336
162.019739569
163.601744643
158.432858335
153.887241466
150.621162916
148.866487922
147.150236076
143.919737522
141.740212261
138.301491925
132.622300339
119.44128193
199.998784721
199.99864969
199.99864969
199.99864969
199.998499655
199.998499655
199.997941914
199.997713238
199.997459153
199.997459153
199.997176837
199.996863152
199.996514613
199.996127348
199.995697053
199.995218948
199.995218948
199.99468772
199.994097467
199.99344163
199.99344163
199.992712922
199.991903247
199.991003608
199.991003608
199.990004008
199.988893343
199.988893343
199.98765927
199.98765927
199.986288077
199.986288077
199.98476453
199.98476453
199.9830717
199.9830717
199.981190778
199.981190778
199.979100865
199.979100865
199.976778739
199.976778739
199.974198598
199.968146418
199.951450111
199.940061865
199.898494243
0
0
0
0
0
0
0
0
0
0
0
0
0
0
0
0
0
0
0
0
0
0
0
0
0
0
0
0
0
2.11760211685
9.43301894356
49.7841621894
151.256052811
160.303462245
163.858320487
160.947756228
160.985327121
158.092249088
154.722932556
156.626347316
151.487599639
150.584454265
149.121188355
147.139604757
144.50954952
142.22076156
139.177887155
132.814765315
118.11690843
199.998784721
199.99864969
199.99864969
199.99864969
199.998499655
199.998499655
199.997713238
199.997713238
199.997459153
199.997176837
199.997176837
199.996863152
199.996514613
199.996127348
199.995697053
199.995218948
199.99468772
199.994097467
199.99344163
199.99344163
199.992712922
199.991903247
199.991003608
199.990004008
199.990004008
199.988893343
199.988893343
199.98765927
199.986288077
199.986288077
199.98476453
199.98476453
199.9830717
199.9830717
199.981190778
199.981190778
199.979100865
199.979100865
199.976778739
199.976778739
199.974198598
199.971331776
199.964607131
199.9563051
199.940061865
199.887215825
0
0
0
0
0
0
0
0
0
0
0
0
0
0
0
0
0
0
0
0
0
0
0
0
0
0
0
0
0
0
0
0
2.76992606729
13.0164868499
72.2571704192
148.66994157
151.467293769
152.849475858
154.087969296
152.162979052
154.168993938
148.476724597
149.554412842
149.474586175
147.071678464
144.159370581
142.238363725
138.447481652
133.160086942
116.390539785
199.998784721
199.99864969
199.99864969
199.99864969
199.998499655
199.998499655
199.997713238
199.997459153
199.997459153
199.997176837
199.996863152
199.996514613
199.996127348
199.995697053
199.995218948
199.99468772
199.994097467
199.99344163
199.992712922
199.991903247
199.991903247
199.991003608
199.990004008
199.988893343
199.988893343
199.98765927
199.986288077
199.986288077
199.98476453
199.98476453
199.9830717
199.9830717
199.981190778
199.981190778
199.979100865
199.979100865
199.976778739
199.976778739
199.974198598
199.971331776
199.968146418
199.964607131
199.9563051
199.940061865
199.898494243
0
0
0
0
0
0
0
0
0
0
0
0
0
0
0
0
0
0
0
0
0
0
0
0
0
0
0
0
0
0
0
0
0
0
0
4.4583591839
22.9640522609
130.957748586
144.504135033
145.622916827
150.329714865
144.780904156
147.121628838
149.307634454
148.724384151
145.86581833
142.191841041
140.537508644
137.271804872
132.641108802
114.528446717
199.998784721
199.99864969
199.99864969
199.99864969
199.998499655
199.99833295
199.997713238
199.997459153
199.997176837
199.997176837
199.996514613
199.996127348
199.995697053
199.995218948
199.99468772
199.994097467
199.99344163
199.992712922
199.991903247
199.991003608
199.990004008
199.988893343
199.988893343
199.98765927
199.986288077
199.98476453
199.98476453
199.9830717
199.9830717
199.981190778
199.981190778
199.979100865
199.979100865
199.976778739
199.976778739
199.974198598
199.974198598
199.971331776
199.968146418
199.964607131
199.96067459
199.951450111
199.940061865
199.898494243
194.99368899
0
0
0
0
0
0
0
0
0
0
0
0
0
0
0
0
0
0
0
0
0
0
0
0
0
0
0
0
0
0
0
0
0
0
0
0
1.35356499338
9.97246950509
73.1170267582
136.016495849
140.953097809
141.371189056
142.958268096
143.969700988
141.692093542
140.556215718
137.511528502
137.393287925
135.501212786
131.809171834
112.470836675
199.998784721
199.99864969
199.99864969
199.99864969
199.998499655
199.997941914
199.997459153
199.997459153
199.997176837
199.996863152
199.996127348
199.995218948
199.99468772
199.994097467
199.99344163
199.992712922
199.991903247
199.991003608
199.990004008
199.988893343
199.98765927
199.98765927
199.986288077
199.98476453
199.9830717
199.9830717
199.981190778
199.981190778
199.979100865
199.979100865
199.976778739
199.976778739
199.974198598
199.971331776
199.971331776
199.968146418
199.968146418
199.964607131
199.96067459
199.9563051
199.946055679
199.933402073
199.908644819
199.80899901
0
0
0
0
0
0
0
0
0
0
0
0
0
0
0
0
0
0
0
0
0
0
0
0
0
0
0
0
0
0
0
0
0
0
0
0
0
0
0
4.72604418585
39.7231172047
121.56593634
135.690594379
133.233820272
131.445731945
130.833966768
134.888075948
131.243771413
133.399570624
132.421510711
130.772292129
109.567121385
199.998784721
199.99864969
199.99864969
199.998499655
199.998293847
199.997713238
199.997459153
199.997176837
199.996514613
199.995697053
199.995218948
199.994097467
199.99344163
199.991903247
199.991003608
199.990004008
199.988893343
199.98765927
199.986288077
199.98476453
199.9830717
199.9830717
199.981190778
199.981190778
199.979100865
199.976778739
199.976778739
199.974198598
199.974198598
199.971331776
199.971331776
199.968146418
199.968146418
199.964607131
199.964607131
199.96067459
199.9563051
199.9563051
199.946055679
199.940061865
199.926002303
199.898494243
199.845289198
198.06045254
0
0
0
0
0
0
0
0
0
0
0
0
0
0
0
0
0
0
0
0
0
0
0
0
0
0
0
0
0
0
0
0
0
0
0
0
0
0
0
0
2.12332126285
24.7898797526
113.929967184
129.146130533
127.52957685
132.232419943
126.941930275
130.078676802
131.301242971
128.768821522
128.402446761
106.525486941
131.218784721
199.99864969
199.99864969
199.998293847
199.997713238
199.997459153
199.996863152
199.995218948
199.994097467
199.988893343
199.828099109
199.764196308
199.787776678
199.828099109
199.887215825
199.917780337
199.940061865
199.951450111
199.968146418
199.971331776
199.974198598
199.971331776
199.971331776
199.971331776
199.971331776
199.968146418
199.968146418
199.964607131
199.964607131
199.964607131
199.96067459
199.96067459
199.9563051
199.9563051
199.951450111
199.946055679
199.946055679
199.940061865
199.933402073
199.917780337
199.898494243
199.860760278
199.737995898
0
0
0
0
0
0
0
0
0
0
0
0
2.00251633355
10.0189105114
15.4494860486
26.5084903388
0
0
0
0
0
0
0
0
0
0
0
0
0
0
0
0
0
0
0
0
0
0
0
0
0
0
0.899539969061
17.0744561745
110.981974464
123.871361504
120.708630852
122.150879107
125.280878589
126.468522882
123.470030895
124.864140886
103.820919458
199.998784721
199.99864969
199.998215205
0.00254412627885
0
0
0
0
0
0
0
0
0
0
0
0
0
0
0
0
0
0
0
194.99368899
199.072320463
199.64059794
199.828099109
199.926002303
199.940061865
199.940061865
199.940061865
199.940061865
199.940061865
199.933402073
199.933402073
199.926002303
199.917780337
199.908644819
199.898494243
199.87468425
199.845289198
199.764196308
199.556293753
0
0
0
0
0
0
0
0
0
0
6.94774576033
115.207925315
199.072320463
199.072320463
199.070212536
198.969244959
198.727462912
198.428966558
162.724357971
0
0
0
0
0
0
0
0
0
0
0
0
0
0
0
0
0
0
0
0
0
0
0
0
0.158758383417
14.348398122
94.2511011588
110.463009315
113.376287728
118.108174974
116.759263387
120.38337683
120.779400673
101.710616217
0.00031673943988
0.000166704968358
0
0
0
0
0
0
0
0
0
0
0
0
0
0
0
0
0
0
0
0
0
0
0
0
0
0
0
0
198.06045254
199.323721617
199.676538146
199.828099109
199.87468425
199.87468425
199.87468425
199.860760278
199.845289198
199.80899901
199.764196308
199.64059794
199.165088416
0
0
0
0
0
0
0
0
1.73566790027
149.894440766
199.391349456
199.506993059
199.556293753
199.556293753
199.556293753
199.556293753
199.45221451
199.323721617
199.072320463
198.586069902
191.807440845
0
0
0
0
0
0
0
0
0
0
0
0
0
0
0
0
0
0
0
0
0
0
0
0.00623867827706
16.6727854596
95.5230386394
114.787510043
116.81476576
116.703685326
120.033987459
117.7426297
100.275777609
0
0
0
0
0
0
0
0
0
0
0
0
0
0
0
0
0
0
0
0
0
0
0
0
0
0
0
0
0
0
0
0
0
0
0
198.428966558
199.248579575
199.556293753
199.64059794
199.64059794
199.556293753
199.323721617
198.727462912
0
0
0
0
0
0
0
18.7589649973
199.506993059
199.64059794
199.708884331
199.764196308
199.764196308
199.787776678
199.764196308
199.764196308
199.737995898
199.676538146
199.600664378
199.391349456
199.072320463
198.428966558
0
0
0
0
0
0
0
0
0
0
0
0
0
0
0
0
0
0
0
0
0
0
0
0.601070670446
23.9543733179
105.643857954
108.861582601
115.017107611
115.633299444
114.181777898
98.6982703169
0
0
0
0
0
0
0
0
0
0
0
0
0
0
0
0
0
0
0
0
0
0
0
0
0
0
0
0
0
0
0
0
0
0
0
0
0
0
20.6132632714
198.428966558
198.854716621
198.727462912
197.844947267
0
0
0
0
0
0
189.765321784
199.787776678
199.833493541
199.90345906
199.9563051
199.9563051
199.951450111
199.917780337
199.898494243
199.887215825
199.860760278
199.828099109
199.764196308
199.708884331
199.592497202
199.323721617
198.854716621
197.844947267
0
0
0
0
0
0
0
0
0
0
0
0
0
0
0
0
0
0
0
0
0
0
1.88533506895
46.6277057859
102.99390598
106.525805434
107.899816521
112.130415261
97.5712602821
0
0
0
0
0
0
0
0
0
0
0
0
0
0
0
0
0
0
0
0
0
0
0
0
0
0
0
0
0
0
0
0
0
0
0
0
0
0
0
0
0
0
138.16959151
0
0
0.0245452654901
0.04214411483
2.6318907055
199.974198598
199.974198598
199.976778739
199.976778739
199.976778739
199.979100865
199.979100865
199.979100865
199.976778739
199.968146418
199.964607131
199.9500361
199.904488056
199.87468425
199.828099109
199.764196308
199.676538146
199.506993059
199.072320463
198.428966558
0
0
0
0
0
0
0
0
0
0
0
0
0
0
0
0
0
0
0
0
0
0
5.56188515063
81.7665657306
104.831006431
106.894750553
111.043139692
97.1893958303
0
0
0
0
0
0
0
0
0
0
0
0
0
0
0
0
0
0
0
0
0
0
0
0
0
0
0
0
0
0
0
0
0
0
0
0
0
0
0
0
0
0
0
0
0.0312050582207
0.203950109378
15.9246203914
199.974198598
199.976778739
199.976778739
199.979100865
199.979100865
199.979100865
199.979100865
199.981190778
199.981190778
199.981190778
199.981190778
199.981190778
199.978364789
199.926438364
199.892556033
199.876241875
199.871447247
199.904822548
199.931609239
199.669457132
199.248579575
198.586069902
0
0
0
0
0
0
0
0
0
0
0
0
0
0
0
0
0
0
0
0
0
0
18.5783735789
91.8312379337
106.511349429
108.250943767
95.7228130222
0
0
0
0
0
0
0
0
0
0
0
0
0
0
0
0
0
0
0
0
0
0
0
0
0
0
0
0
0
0
0
0
0
0
0
0
0
0
0
0
0
0
0
0
0
10.6715181336
199.974198598
199.976778739
199.976778739
199.979100865
199.979100865
199.981190778
199.981190778
199.981190778
199.981190778
199.981190778
199.9830717
199.9830717
199.9830717
199.981190778
199.964951575
199.911048045
199.848706729
199.833626366
199.842669218
199.92015122
199.932209529
199.711665277
199.323721617
198.727462912
0
0
0
0
0
0
0
0
0
0
0
0
0
0
0
0
0
0
0
0
0
2.67984062844
61.9212016611
95.0924527041
102.010076258
93.9830168715
0
0
0
0
0
0
0
0
0
0
0
0
0
0
0
0
0
0
0
0
0
0
0
0
0
0
0
0
0
0
0
0
0
0
0
0
0
0
0
0
0
0
0
0
0
0
38
178.124834494
199.979100865
199.979100865
199.981190778
199.981190778
199.9830717
199.9830717
199.9830717
199.9830717
199.9830717
199.9830717
199.9830717
199.9830717
199.978275288
199.959356594
199.917058401
199.86073083
199.824335805
199.807924861
199.829503168
199.935217492
199.64059794
199.248579575
198.586069902
0
0
0
0
0
0
0
0
0
0
0
0
0
0
0
0
0
0
0
0
0
16.8406671438
91.1785730985
99.6044938689
92.5451463395
0
0
0
0
0
0
0
0
0
0
0
0
0
0
0
0
0
0
0
0
0
0
0
0
0
0
0
0
0
0
0
0
0
0
0
0
0
0
0
0
0
0
0
0
0
0
0
0
0.00232212614071
20.0939749529
196.399698075
199.9830717
199.9830717
199.9830717
199.9830717
199.98476453
199.98476453
199.98476453
199.98476453
199.98476453
199.98476453
199.978856462
199.960793098
199.948039397
199.917327084
199.847504849
199.765573379
199.774171899
199.816438812
199.556293753
199.165088416
198.428966558
0
0
0
0
0
0
0
0
0
0
0
0
0
0
0
0
0
0
0
0
4.63768564693
76.7990956236
99.465267566
91.5693811318
0
0
0
0
0
0
0
0
0
0
0
0
0
0
0
0
0
0
0
0
0
0
0
0
0
0
0
0
0
0
0
0
0
0
0
0
0
0
0
0
0
0
0
0
0
0
0
0
0
0.00208991352664
0.0279831588636
0.218875391989
199.800151425
199.98476453
199.98476453
199.98476453
199.98476453
199.98476453
199.98476453
199.98476453
199.98476453
199.98476453
199.984199133
199.980255513
199.97495555
199.935275769
199.80427635
199.750159604
199.91696643
199.708884331
199.45221451
198.969244959
115.012306373
0
0
0
0
0
0
0
0
0
0
0
0
0
0
0
0
0
0
0
1.15667446331
42.0058285079
98.9059466311
90.2152120866
0
0
0
0
0
0
0
0
0
0
0
0
0
0
0
0
0
0
0
0
0
0
0
0
0
0
0
0
0
0
0
0
0
0
0
0
0
0
0
0
0
0
0
0
0
0
0
0
0
0
0.00188092217397
0.0105659319542
0.129935369289
174.187455045
199.98476453
199.986288077
199.986288077
199.986288077
199.986288077
199.986288077
199.986288077
199.986288077
199.986288077
199.98476453
199.98476453
199.979797127
199.900430969
199.759597565
199.771822667
199.787776678
199.600664378
199.248579575
198.727462912
0
0
0
0
0
0
0
0
0
0
0
0
0
0
0
0
0
0
0
0
19.1566509168
92.6254966328
88.9136878593
0
0
0
0
0
0
0
0
0
0
0
0
0
0
0
0
0
0
0
0
0
0
0
0
0
0
0
0
0
0
0
0
0
0
0
0
0
0
0
0
0
0
0
0
0
0
0
0
0
0
0
0.00357375213055
0.00798579179789
0.111603826995
0.32031418493
197.76876572
199.986288077
199.986288077
199.986288077
199.986288077
199.986288077
199.986288077
199.986288077
199.986288077
199.986288077
199.98476453
199.969286246
199.822007883
199.767149338
199.828099109
199.676538146
199.45221451
198.969244959
198.254407286
0
0
0
0
0
0
0
0
0
0
0
0
0
0
0
0
0
0
0
9.40477827039
82.5582501559
88.7414893522
0
0
0
0
0
0
0
0
0
0
0
0
0
0
0
0
0
0
0
0
0
0
0
0
0
0
0
0
0
0
0
0
0
0
0
0
0
0
0
0
0
0
0
0
0
0
0
0
0
0
0
0
0.00321637691749
0.0071872126181
0.0990722520309
0.218273435206
184.958191342
199.98765927
199.98765927
199.98765927
199.98765927
199.98765927
199.98765927
199.986288077
199.986288077
199.986288077
199.986288077
199.902546726
199.780420019
199.859380133
199.708884331
199.556293753
199.165088416
198.586069902
0
0
0
0
0
0
0
0
0
0
0
0
0
0
0
0
0
0
0
5.75042399606
79.119691801
88.5182768346
0
0
0
0
0
0
0
0
0
0
0
0
0
0
0
0
0
0
0
0
0
0
0
0
0
0
0
0
0
0
0
0
0
0
0
0
0
0
0
0
0
0
0
0
0
0
0
0
0
0
0
0
0
0.00458756918232
0.0156929702675
0.0760492315909
0.117986108165
20.2548573369
199.974073418
199.980844061
199.98324723
199.985569356
199.985569356
199.985569356
199.985569356
199.981876038
199.981876038
199.978494919
199.886271775
199.852171734
199.764196308
199.600664378
199.323721617
198.727462912
197.136665092
0
0
0
0
0
0
0
0
0
0
0
0
0
0
0
0
0
0
3.40819293335
73.4046669205
88.3415634295
0
0
0
0
0
0
0
0
0
0
0
0
0
0
0
0
0
0
0
0
0
0
0
0
0
0
0
0
0
0
0
0
0
0
0
0
0
0
0
0
0
0
0
0
0
0
0
0
0
0
0
0
0
0.00137119226483
0.00289473922574
0.0240104773111
0.0639525164326
0.105653529193
0.102700142506
199.844111083
199.963973601
199.983229677
199.983229677
199.981995604
199.979673478
199.981366308
199.981366308
199.979995116
199.973390268
199.87637708
199.765889138
199.64059794
199.323721617
198.854716621
197.844947267
0
0
0
0
0
0
0
0
0
0
0
0
0
0
0
0
0
0
2.81903394924
62.9742441349
88.3725836803
0
0
0
0
0
0
0
0
0
0
0
0
0
0
0
0
0
0
0
0
0
0
0
0
0
0
0
0
0
0
0
0
0
0
0
0
0
0
0
0
0
0
0
0
0
0
0
0
0
0
0
0
0
0.00137119226483
0.00260526530317
0.00260526530317
0.0253537527461
0.0616036672372
0.0928887849929
0.0885466014322
199.691137293
199.936966642
199.980268906
199.98170613
199.98170613
199.981995604
199.979673478
199.979673478
199.972855323
199.876207797
199.789300225
199.64059794
199.391349456
198.854716621
197.844947267
0
0
0
0
0
0
0
0
0
0
0
0
0
0
0
0
0
0
2.5991005375
61.6724636279
89.0921707254
0
0
0
0
0
0
0
0
0
0
0
0
0
0
0
0
0
0
0
0
0
0
0
0
0
0
0
0
0
0
0
0
0
0
0
0
0
0
0
0
0
0
0
0
0
0
0
0
0
0
0
0
0
0
0.00260526530317
0.00260526530317
0.00260526530317
0.0307481848579
0.0707391853863
0.0763160088401
0.0745719062803
199.756950692
199.943775516
199.97770459
199.974523131
199.972030723
199.962361062
199.970878619
199.959545948
199.876055443
199.789300225
199.64059794
199.391349456
198.854716621
197.844947267
0
0
0
0
0
0
0
0
0
0
0
0
0
0
0
0
0
0
2.66051338057
61.041529785
90.4981080527
0
0
0
0
0
0
0
0
0
0
0
0
0
0
0
0
0
0
0
0
0
0
0
0
0
0
0
0
0
0
0
0
0
0
0
0
0
0
0
0
0
0
0
0
0
0
0
0
0
0
0
0
0
0
0
0.00260526530317
0.00260526530317
0.00260526530317
0.0367419983155
0.0552399303815
0.0533862516184
83.5271358223
199.848827986
199.907960995
199.913058104
199.911305947
199.913271116
199.904284866
199.888587018
199.84666039
199.765567501
199.64059794
199.391349456
198.854716621
197.605496963
0
0
0
0
0
0
0
0
0
0
0
0
0
0
0
0
0
0
3.69840660442
63.8358134087
92.305138662
0
0
0
0
0
0
0
0
0
0
0
0
0
0
0
0
0
0
0
0
0
0
0
0
0
0
0
0
0
0
0
0
0
0
0
0
0
0
0
0
0
0
0
0
0
0
0
0
0
0
0
0
0
0
0
0
0
0.00137119226483
0.00412881226409
0.0348518719751
0.0459819312024
0.0330984219631
199.856033002
199.883839182
199.889461123
199.883341696
199.883341696
199.877289516
199.863365543
199.829470301
199.765567501
199.60203557
199.323721617
198.727462912
197.043823412
0
0
0
0
0
0
0
0
0
0
0
0
0
0
0
0
0
0
5.0780582262
78.9088931471
94.2256814274
0
0
0
0
0
0
0
0
0
0
0
0
0
0
0
0
0
0
0
0
0
0
0
0
0
0
0
0
0
0
0
0
0
0
0
0
0
0
0
0
0
0
0
0
0
0
0
0
0
0
0
0
0
0
0
0
0
0
0.0071872126181
0.00950933875881
0.00855840488293
0.0172940319168
2.2235508675
199.860066071
199.850761286
199.863365543
199.863365543
199.861994351
199.829333182
199.789010751
199.734481654
199.570265331
199.249950767
198.428966558
195.944888082
0
0
0
0
0
0
0
0
0
0
0
0
0
0
0
0
0
0
7.46824485844
86.763361222
96.5314340212
0
0
0
0
0
0
0
0
0
0
0
0
0
0
0
0
0
0
0
0
0
0
0
0
0
0
0
0
0
0
0
0
0
0
0
0
0
0
0
0
0
0
0
0
0
0
0
0
0
0
0
0
0
0
0
0
0
0
0.00188092217397
0.00798579179789
0.0120894789151
0.00950933875881
0.473564399064
199.835286321
199.828099109
199.829470301
199.830704374
199.829333182
199.810233083
199.765430381
199.677772219
199.508227132
199.073691655
198.061823733
193.132632359
0
0
0
0
0
0
0
0
0
0
0
0
0
0
0
0
0
0
12.7516237039
90.4763401953
96.2245650477
0
0
0
0
0
0
0
0
0
0
0
0
0
0
0
0
0
0
0
0
0
0
0
0
0
0
0
0
0
0
0
0
0
0
0
0
0
0
0
0
0
0
0
0
0
0
0
0
0
0
0
0
0
0
0
0
0
0
0
0
0.00887310199765
0.0134327543502
0.192268077119
4.03845635262
199.793440343
199.793440343
199.80899901
199.80899901
199.787776678
199.739229971
199.641832013
199.32495569
198.728696985
197.045194604
177.180706158
0.00137119226483
0
0
0
0
0
0
0
0
0
0
0
0
0
0
0
0
0.708900451068
22.2722088077
96.9421707475
94.4856511051
0
0
0
0
0
0
0
0
0
0
0
0
0
0
0
0
0
0
0
0
0
0
0
0
0
0
0
0
0
0
0
0
0
0
0
0
0
0
0
0
0
0
0
0
0
0
0
0
0
0
0
0
0
0
0
0
0
0
0
0
0
0.00985900221962
0.216816555017
1.51866212406
199.77048927
199.74428886
199.737995898
199.764196308
199.737995898
199.708884331
199.556293753
199.040279625
197.84618134
194.438666284
0
0.00137119226483
0.00137119226483
0
0
0
0
0
0
0
0
0
0
0
0
0
0
0
2.23956192156
37.047759352
103.689352779
121.437302269
0
0
0
0
0
0
0
0
0
0
0
0
0
0
0
0
0
0
0
0
0
0
0
0
0
0
0
0
0
0
0
0
0
0
0
0
0
0
0
0
0
0
0
0
0
0
0
0
0
0
0
0
0
0
0
0
0
0
0
0
0
0
0.0936713187884
0.503910057319
199.745764987
199.711206458
199.600664378
199.556293753
199.676538146
199.64059794
199.165088416
198.06045254
195.944888082
180.304581956
0.00123407303834
0.00137119226483
0.00137119226483
0.00137119226483
0
0
0
0
0
0
0
0
0
0
0
0
0
0
5.68134681548
58.8656377678
105.506611954
164.573430721
0
0
0
0
0
0
0
0
0
0
0
0
0
0
0
0
0
0
0
0
0
0
0
0
0
0
0
0
0
0
0
0
0
0
0
0
0
0
0
0
0
0
0
0
0
0
0
0
0
0
0
0
0
0
0
0
0
0
0
0
0
0
0
0.475509523603
199.708884331
199.737995898
199.484560695
199.45221451
199.391349456
199.165088416
198.06045254
196.096752225
188.370052599
0
0
0.00123407303834
0.00137119226483
0.00137119226483
0.00137119226483
0
0
0
0
0
0
0
0
0
0
0
0
0.0613611095422
10.3858512895
88.3986012078
103.007453559
175.169430914
0
0
0
0
0
0
0
0
0
0
0
0
0
0
0
0
0
0
0
0
0
0
0
0
0
0
0
0
0
0
0
0
0
0
0
0
0
0
0
0
0
0
0
0
0
0
0
0
0
0
0
0
0
0
0
0
0
0
0
0
0
0
0
0.434672596326
199.64059794
199.608910308
199.401170153
199.284519781
199.072320463
198.254407286
196.350399274
190.579742606
0
0
0
0
0.00123407303834
0.00137119226483
0.00137119226483
0
0
0
0
0
0
0
0
0
0
0
0
1.81618170454
17.6241379296
89.737943338
98.0252744779
176.820940674
0
0
0
0
0
0
0
0
0
0
0
0
0
0
0
0
0
0
0
0
0
0
0
0
0
0
0
0
0
0
0
0
0
0
0
0
0
0
0
0
0
0
0
0
0
0
0
0
0
0
0
0
0
0
0
0
0
0
0
0
0
0
0
0
199.506993059
199.600664378
199.260703893
199.089489351
198.428966558
196.350399274
191.521768345
0
0
0
0
0
0
0.00137119226483
0.00137119226483
0.00137119226483
0
0
0
0
0
0
0
0
0
0
0
3.71530403087
37.1580830247
91.4443242428
116.197417601
174.007754043
0
0
0
0
0
0
0
0
0
0
0
0
0
0
0
0
0
0
0
0
0
0
0
0
0
0
0
0
0
0
0
0
0
0
0
0
0
0
0
0
0
0
0
0
0
0
0
0
0
0
0
0
0
0
0
0
0
0
0
0
0
0
0
0
199.391349456
199.506993059
199.270878852
198.533045801
196.350399274
190.579742606
0
0
0
0
0
0
0
0
0.00137119226483
0.00137119226483
0
0
0
0
0
0
0
0
0
0
0.96059078961
6.99798903153
42.7388919132
82.4292458622
138.302445384
175.215511302
0
0
0
0
0
0
0
0
0
0
0
0
0
0
0
0
0
0
0
0
0
0
0
0
0
0
0
0
0
0
0
0
0
0
0
0
0
0
0
0
0
0
0
0
0
0
0
0
0
0
0
0
0
0
0
0
0
0
0
0
0
0
0
0
199.165088416
199.391349456
198.634301334
196.776224401
187.077836222
0
0
0
0
0
0
0
0
0
0
0.00137119226483
0
0
0
0
0
0
0
0
0
0
2.69517951416
14.3482917845
49.7519313295
64.9928739618
129.596451193
173.67061197
0
0
0
0
0
0
0
0
0
0
0
0
0
0
0
0
0
0
0
0
0
0
0
0
0
0
0
0
0
0
0
0
0
0
0
0
0
0
0
0
0
0
0
0
0
0
0
0
0
0
0
0
0
0
0
0
0
0
0
0
0
0
0
0
198.727462912
199.165088416
196.744262228
180.304581956
0
0
0
0
0
0
0
0
0
0
0
0
0
0
0
0
0
0
0
0
0
1.06357343843
3.96427635081
15.9365481273
29.5007111664
82.7761271145
128.413739758
170.331928196
0
0
0
0
0
0
0
0
0
0
0
0
0
0
0
0
0
0
0
0
0
0
0
0
0
0
0
0
0
0
0
0
0
0
0
0
0
0
0
0
0
0
0
0
0
0
0
0
0
0
0
0
0
0
0
0
0
0
0
0
0
0
0
137.237880782
197.844947267
196.196432762
104.34062
0
0
0
0
0
0
0
0
0
0
0
0
0
0
0
0
0
0
0
0
0
0
2.93062573538
10.9070573073
18.3217602491
5.24082694464
75.1483153772
136.250852859
164.423254014
0
0
0
0
0
0
0
0
0
0
0
0
0
0
0
0
0
0
0
0
0
0
0
0
0
0
0
0
0
0
0
0
0
0
0
0
0
0
0
0
0
0
0
0
0
0
0
0
0
0
0
0
0
0
0
0
0
0
0
0
0
0
0
113.906558
194.437432211
0
0
0
0
0
0
0
0
0
0
0
0
0
0
0
0
0
0
0
0
0
0
0
1.65484176161
6.08647818804
19.793439483
33.448538436
2.19040005611
50.3066519465
152.731233133
151.676310137
0
0
0
0
0
0
0
0
0
0
0
0
0
0
0
0
0
0
0
0
0
0
0
0
0
0
0
0
0
0
0
0
0
0
0
0
0
0
0
0
0
0
0
0
0
0
0
0
0
0
0
0
0
0
0
0
0
0
0
0
0
0
0
0
0
0
0
0
0
0
0
0
0
0
0
0
0
0
0
0
0
0
0
0
0
0
0
1.10674425565
2.87179610974
7.83614244822
18.7363783973
21.213322137
59.9161671491
91.4626667971
140.885710893
139.194960781
0
0
0
0
0
0
0
0
0
0
0
0
0
0
0
0
0
0
0
0
0
0
0
0
0
0
0
0
0
0
0
0
0
0
0
0
0
0
0
0
0
0
0
0
0
0
0
0
0
0
0
0
0
0
0
0
0
0
0
0
0
0
0
0
0
0
0
0
0
0
0
0
0
0
0
0
0
0
0
0
0
0
0
0
0
0
0.746846439178
3.68610853928
5.70411611092
7.97958391863
8.3004384413
140.555865072
131.892713675
133.252266608
145.718942077
158.14640824
0.00031673943988
0
0
0
0
0
0
0
0
0
0
0
0
0
0
0
0
0
0
0
0
0
0
0
0
0
0
0
0
0
0
0
0
0
0
0
0
0
0
0
0
0
0
0
0
0
0
0
0
0
0
0
0
0
0
0
0
0
0
0
0
0
0
0
0
0
0
0
0
0
0
0
0
0
0
0
0
0
0
0
0
0
0
0
0
0.66387580624
4.03604735622
6.08289886732
6.63879454475
13.2089503065
91.5185399664
92.4071237797
103.91153371
115.452799779
129.730479886
145.592094091
199.998784721
199.998443881
0.000762706104665
0
0
0
0
0
0
0
0
0
0
0
0
0
0
0
0
0
0
0
0
0
0
0
0
0
0
0
0
0
0
0
0
0
0
0
0
0
0
0
0
0
0
0
0
0
0
0
0
0
0
0
0
0
0
0
0
0
0
0
0
0
0
0
0
0
0
0
0
0
0
0
0
0
0
0
0
0
0
0
0
0
1.05387406938
4.50255959733
4.46396970163
8.27367444789
40.0422605124
35.6187603931
38.4927243523
61.1819282604
87.5910144706
102.79176284
115.211434222
135.194643655
199.998784721
199.99864969
199.99864969
199.997879943
0.00373520681846
0
0
0
0
0
0
0
0
0
0
0
0
0
0
0
0
0
0
0
0
0
0
0
0
0
0
0
0
0
0
0
0
0
0
0
0
0
0
0
0
0
0
0
0
0
0
0
0
0
0
0
0
0
0
0
0
0
0
0
0
0
0
0
0
0
0
0
0
0
0
0
0
0
0
0.00458756918232
0.00509729909146
0.00321637691749
0.512895408471
3.54949953451
4.61871179989
4.50773870612
23.3317642091
22.2644032775
22.6716604759
26.3595853918
33.4573601983
44.840939845
63.0338624992
84.7436086627
99.0209036444
124.744592323
199.998784721
199.998784721
199.99864969
199.998499655
199.997713238
199.997176837
0.00521493981081
0
0
0
0
0
0
0
0
0
0
0
0
0
0
0
0
0
0
0
0
0
0
0
0
0
0
0
0
0
0
0
0
0
0
0
0
0
0
0
0
0
0
0
0
0
0
0
0
0
0
0
0
0
0
0
0
0
0
0
0
0
0
0
0
0
0
1.98357818983
2.52949631992
16.6307802249
25.380925609
56.3455535161
74.341775574
85.7795504855
92.0433621154
62.8533295512
11.7634677741
3.99832024045
22.4439665877
16.5356006885
15.6959279069
17.6249163213
20.7488340024
24.1857630545
28.9078007846
35.9241568905
45.3229830613
61.8532131498
80.7263132915
114.643567284
199.998784721
199.998784721
199.99864969
199.99864969
199.997879943
199.997459153
199.997176837
199.995697053
0.00138454479798
0
0
0
0
0
0
0
0
0
0
0
0
0
0
0
0
0
0
0
0
0
0
0
0
0
0
0
0
0
0
0
0
0
0
0
0
0
0
0
0
0
0
0
0
0
0
0
0
0
0
0
0
0
0
0
0
0
0
0
0
0
0
21.5406954044
114.007593684
196.350399274
197.043823412
197.339441071
197.339441071
197.339441071
191.759286314
179.650117883
153.278612261
101.503257708
46.5947572532
20.64918379
14.1629885128
14.1397322547
15.6063278287
17.2990994422
19.5167346102
22.2077950532
25.6322446544
30.144246565
35.8000193172
43.6151816336
59.2162529973
104.992703531
199.998784721
199.998784721
199.99864969
199.99864969
199.998293847
199.997713238
199.997459153
6.86454447731
14.3536568072
0.149398522252
0
0
0
0
0
0
0
0
0
0
0
0
0
0
0
0
0
0
0
0
0
0
0
0
0
0
0
0
0
0
0
0
0
0
0
0
0
0
0
0
0
0
0
0
0
0
0
0
0
0
0
0
0
0
0
0
0
0
0
0
0
104.667221081
195.494320091
196.715359346
197.043823412
197.339441071
197.605496963
197.609212895
197.857749649
190.703348713
176.076645188
151.495405608
62.4120466086
23.9936448634
17.8666891754
16.1169679931
16.3147300547
17.2910105085
18.8976274322
20.9324411167
23.4659325393
26.5547015555
30.2784850577
34.8010022503
41.5522670941
95.8441991116
199.998784721
199.998784721
199.99864969
199.99864969
199.998499655
199.997713238
17.7233353924
4.50285674571
2.65742208137
6.17632792991
8.47291937527
0.00623907715965
0
0
0
0
0
0
0
0
0
0
0
0
0
0
0
0
0
0
0
0
0
0
0
0
0
0
0
0
0
0
0
0
0
0
0
0
0
0
0
0
0
0
0
0
0
0
0
0
0
0
0
0
0
0
0
0
0
0
0
135.255823576
194.99368899
196.350399274
197.043823412
197.339441071
197.605496963
197.852879174
198.071165009
198.268019344
193.935989063
177.061216707
126.029287696
39.3089219425
23.5652770677
18.7660273123
17.6471535293
17.8729621927
18.7885981743
20.2420808284
22.1248619447
24.3289271095
26.9136407295
29.8168280658
33.6588019726
86.7796869092
199.998784721
199.998784721
199.99864969
199.99864969
199.99864969
24.8762942201
6.15744041226
3.55738214858
2.95335342501
3.64572807432
2.95187364167
5.00099873021
0.0741229101366
0
0
0
0
0
0
0
0
0
0
0
0
0
0
0
0
0
0
0
0
0
0
0
0
0
0
0
0
0
0
0
0
0
0
0
0
0
0
0
0
0
0
0
0
0
0
0
0
0
0
0
0
0
0
0
0
0
0
0
194.437432211
196.350399274
197.043823412
197.339441071
197.605496963
197.855659736
198.071974684
198.874261657
199.923046392
193.931432633
156.870557375
61.80856404
30.2194668226
22.3127782625
19.6105415494
18.9506370944
19.2239555134
20.1385262327
21.4454609807
23.0573724715
24.9272916199
26.925439443
29.431298993
78.0387915494
199.998784721
199.99864969
199.99864969
199.99864969
32.1577659804
5.54160495403
3.51116838103
2.65801808251
2.39167987324
2.39136618843
2.2078258287
1.93476640778
4.50036762921
1.19202548784
0
0
0
0
0
0
0
0
0
0
0
0
0
0
0
0
0
0
0
0
0
0
0
0
0
0
0
0
0
0
0
0
0
0
0
0
0
0
0
0
0
0
0
0
0
0
0
0
0
0
0
0
0
0
0
0
0
0
192.36959151
195.944888082
196.715359346
197.339441071
197.605496963
198.073254922
198.401030623
199.910745094
199.941300254
199.936001815
178.554506537
108.960618581
39.3908484253
26.4869856453
22.0447560618
20.4677574919
20.1403459798
20.5054659355
21.4538997216
22.6513776128
24.0332121472
25.4599449701
27.2640081783
69.846745402
199.998784721
199.99864969
199.99864969
11.1826730045
4.33335492515
2.98532657872
2.39221627426
2.15251188591
1.9367242963
1.93641061149
1.93567480762
2.15074978624
3.03475396519
7.38374644069
3.77357092632
0
0
0
0
0
0
0
0
0
0
0
0
0
0
0
0
0
0
0
0
0
0
0
0
0
0
0
0
0
0
0
0
0
0
0
0
0
0
0
0
0
0
0
0
0
0
0
0
0
0
0
0
0
0
0
0
0
188.370052599
195.494320091
196.715359346
197.339441071
197.608841301
198.208811048
199.928691792
199.949306253
199.961504365
199.974428301
192.673081244
137.796003515
51.6150764889
31.3950699962
24.9614838717
22.3656314352
21.3504583559
21.3719711463
21.8621701216
22.7359746019
23.7518728664
24.8540676417
26.2465656921
62.6059757155
199.998784721
192.546648794
4.07215667015
3.19403310488
2.55616736622
2.1504275235
1.83467127045
1.72183867026
1.56849259531
1.56821027898
1.68847962302
1.91390326229
2.5275868912
5.68359145921
139.424476134
17.7251403753
0
0
0
0
0
0
0
0
0
0
0
0
0
0
0
0
0
0
0
0
0
0
0
0
0
0
0
0
0
0
0
0
0
0
0
0
0
0
0
0
0
0
0
0
0
0
0
0
0
0
0
0
0
0
0
0
38
194.437432211
196.715359346
197.339441071
197.645364802
199.978516347
199.973713432
199.973581279
199.979603733
199.989651294
198.997938088
154.351432758
65.8048434672
36.8149575494
28.2207255337
24.5827112058
23.0730971307
22.6163299619
22.787847593
23.4447885617
24.2697306521
25.1250410728
26.3362664589
57.2207807193
19.095322913
2.54373866649
2.29465723427
2.01803425956
1.74782020378
1.56891338497
1.41164333578
1.36962318006
1.28783129627
1.31068084496
1.41079324994
1.5671607903
2.14950329047
29.9805324018
199.994097467
199.991903247
30.3669266266
0
0
0
0
0
0
0
0
0
0
0
0
0
0
0
0
0
0
0
0
0
0
0
0
0
0
0
0
0
0
0
0
0
0
0
0
0
0
0
0
0
0
0
0
0
0
0
0
0
0
0
0
0
0
0
0
193.132632359
196.350399274
197.349300073
199.289286032
199.982357543
199.982177898
199.984610514
199.988834893
199.994097467
199.975748303
163.32713717
78.9471281745
42.5245712813
31.7631022273
27.1562994365
25.1424330073
24.3270546424
24.314829657
24.6472378915
25.3701733237
26.124005952
27.1687921751
54.9150689495
1.75021681328
1.67758257863
1.57750405815
1.45347647328
1.33749198794
1.25276635194
1.14299661715
1.13340586777
1.09348914077
1.12068308521
1.14214653132
1.29397869542
1.79504431303
76.5704545886
199.99468772
199.99344163
199.991003608
8.34086811912
0
0
0
0
0
0
0
0
0
0
0
0
0
0
0
0
0
0
0
0
0
0
0
0
0
0
0
0
0
0
0
0
0
0
0
0
0
0
0
0
0
0
0
0
0
0
0
0
0
0
0
0
0
0
0
192.36959151
196.350399274
197.738427323
199.989021722
199.984653016
199.986345846
199.992222777
199.99468772
199.99468772
199.994097467
166.572366943
86.9328816085
47.7171054941
35.4612872995
30.0736679329
27.6134051558
26.4838295116
26.2962238304
26.581081469
27.2646648206
27.960896373
28.993814371
56.133326383
1.27783261928
1.23905651292
1.19098879979
1.1370043692
1.06211902655
1.02065670977
0.948483713612
0.925138690368
0.925138690368
0.92485637404
0.961872996795
1.08548551941
1.48162787613
199.776242583
199.995814949
199.994097467
199.992712922
199.990004008
1.36120817136
0
0
0
0
0
0
0
0
0
0
0
0
0
0
0
0
0
0
0
0
0
0
0
0
0
0
0
0
0
0
0
0
0
0
0
0
0
0
0
0
0
0
0
0
0
0
0
0
0
0
0
0
0
0
192.36959151
196.410246299
199.99468772
199.989555283
199.991213251
199.995218948
199.995218948
199.99468772
199.99468772
199.885711941
164.914092775
87.9438500571
51.8505984859
39.2426294242
33.3693182553
30.5643912589
29.2266890652
28.942905351
29.3094290881
29.8918454599
30.6694793
31.786652268
61.0447987814
1.00526358414
0.99033900631
0.962313579493
0.925938190728
0.885866233898
0.8327915263
0.814288275223
0.778490804127
0.759463133215
0.770435955052
0.82582673533
0.910271105402
1.20150611615
199.996723349
199.996293055
199.995283721
199.993755315
199.991003608
199.98765927
0.00353928690856
0
0
0
0
0
0
0
0
0
0
0
0
0
0
0
0
0
0
0
0
0
0
0
0
0
0
0
0
0
0
0
0
0
0
0
0
0
0
0
0
0
0
0
0
0
0
0
0
0
0
0
0
0
192.36959151
199.988893343
199.995218948
199.992123301
199.995697053
199.995697053
199.995697053
199.995218948
199.995218948
198.156780123
158.696329767
86.0010321971
55.6731338079
43.0650934029
37.1008962719
34.0832513051
32.7315961932
32.4868922908
32.8856155783
33.5917566434
34.5220799349
35.9637066745
68.9655598612
0.845935550828
0.821122703714
0.805048748839
0.780307807111
0.744205294342
0.713646676573
0.680096686983
0.665031792892
0.654143634336
0.660434695766
0.673737535755
0.748879578278
0.97011332155
199.997459153
199.996723349
199.995814949
199.994693468
199.993026607
199.990004008
199.98476453
0
0
0
0
0
0
0
0
0
0
0
0
0
0
0
0
0
0
0
0
0
0
0
0
0
0
0
0
0
0
0
0
0
0
0
0
0
0
0
0
0
0
0
0
0
0
0
0
0
0
0
0
0
199.98476453
199.995218948
199.995697053
199.996127348
199.996127348
199.996127348
199.996127348
199.995697053
199.995218948
192.232490557
148.642450041
84.3837246385
59.1602211989
47.4442857924
41.4392548459
38.4088874622
37.1288662209
37.0333094756
37.5842744071
38.6895169812
39.9332664125
41.7789574078
78.9292814103
0.713372074148
0.703568656076
0.680641132008
0.651931746316
0.632580625893
0.595009696601
0.576547347322
0.55883393385
0.547105578319
0.547896871905
0.569237871639
0.621746263693
0.781930122739
194.54253707
199.997071888
199.996641593
199.996163488
199.994411152
199.992216932
199.98765927
199.976778739
0
0
0
0
0
0
0
0
0
0
0
0
0
0
0
0
0
0
0
0
0
0
0
0
0
0
0
0
0
0
0
0
0
0
0
0
0
0
0
0
0
0
0
0
0
0
0
0
0
0
0
1.88077440104
199.990594262
199.995697053
199.996127348
199.996514613
199.996514613
199.996514613
199.996127348
199.996127348
199.995697053
183.674499393
136.14958675
84.2458013192
62.8602981149
52.3334086123
46.5864923461
43.7022428454
42.6725772867
42.8205638553
43.9993126985
45.5620590232
47.4750705023
50.2583402943
90.2215425297
0.599597976703
0.581950917207
0.570890956001
0.55118732449
0.525017436422
0.511618334886
0.486219931159
0.472475040297
0.465107636075
0.464503239052
0.475214486048
0.511055729361
0.613355603892
77.5771163091
199.997071888
199.997071888
199.997071888
199.996163488
199.99475969
199.990004008
199.98476453
10.2759516704
0
0
0
0
0
0
0
0
0
0
0
0
0
0
0
0
0
0
0
0
0
0
0
0
0
0
0
0
0
0
0
0
0
0
0
0
0
0
0
0
0
0
0
0
0
0
0
0
0
0.0979031941364
199.98765927
199.995697053
199.996127348
199.996514613
199.996863152
199.996863152
199.997176837
199.997176837
199.996863152
199.996127348
173.525677111
124.285748226
86.0193411897
67.9740772802
58.1016475277
52.8078959851
50.2954634647
49.6043727604
50.5693577906
52.4818261283
55.1804898406
58.4677894071
63.1880220287
102.476738487
0.503353585245
0.493857381896
0.483735391028
0.468552844932
0.45423079437
0.43399457263
0.421013620144
0.411212568713
0.401851484461
0.396610911096
0.403902703875
0.421209282916
0.477144085985
26.0482591799
199.997071888
199.997071888
199.997071888
199.997459153
199.997176837
199.996863152
199.989258856
199.976778739
0.925167170982
0
0
0
0
0
0
0
0
0
0
0
0
0
0
0
0
0
0
0
0
0
0
0
0
0
0
0
0
0
0
0
0
0
0
0
0
0
0
0
0
0
0
0
0
0
0
0
0
32.1741541509
199.990594262
199.996127348
199.996863152
199.997176837
199.997176837
199.997176837
199.997176837
199.997459153
199.997459153
195.444318844
164.461339841
119.084196806
89.9340618914
74.2102621169
65.3121497876
60.4324492935
58.6075709876
58.9311336888
60.8997069089
64.4254737854
69.3669284965
76.2941831011
85.8856614836
115.294389295
0.442084141029
0.432576347644
0.422190345711
0.411191021465
0.397966655331
0.381766915063
0.374133048734
0.361491096765
0.348922952591
0.345101739912
0.345148163823
0.353021512681
0.382652491887
0.733528622216
199.997459153
199.997071888
199.997459153
199.997459153
199.997176837
199.997176837
199.996514613
199.986541849
199.9563051
0
0
0
0
0
0
0
0
0
0
0
0
0
0
0
0
0
0
0
0
0
0
0
0
0
0
0
0
0
0
0
0
0
0
0
0
0
0
0
0
0
0
0
0
0
0
0
5.48857009187
199.98765927
199.995697053
199.997176837
199.997459153
199.997459153
199.997609188
199.997609188
199.997609188
199.997863272
199.997863272
190.849198004
159.670644865
121.035084569
96.7475539448
82.5513743667
74.5578243193
70.6108755696
69.6542689594
71.39766269
75.5763525414
83.0970330269
93.5475421487
101.35482614
107.715426583
128.190078042
0.398209259264
0.389604701325
0.380945551963
0.370474352825
0.35966424377
0.345775057253
0.337167080708
0.322614126354
0.310012539812
0.304708448697
0.301768937955
0.3040329643
0.317649657352
0.380133638222
130.177990669
199.997459153
199.997459153
199.997459153
199.997459153
199.997176837
199.997176837
199.996127348
199.978556057
74.0557243501
0
0
0
0
0
0
0
0
0
0
0
0
0
0
0
0
0
0
0
0
0
0
0
0
0
0
0
0
0
0
0
0
0
0
0
0
0
0
0
0
0
0
0
0
0
0
199.971331776
199.993878045
199.997176837
199.997459153
199.997609188
199.997863272
199.997863272
199.997863272
199.997863272
199.997863272
199.997863272
189.082407325
160.99512164
128.675483127
107.050465634
94.0172421562
86.7565500652
84.0019873032
84.8271772075
89.9439303322
99.7219838859
108.881313263
116.23857173
121.773444723
126.281360664
140.722946105
0.368293405281
0.359071795136
0.352479903607
0.341569956345
0.329432598405
0.318258559542
0.304355221619
0.29095916782
0.27715140008
0.270344657481
0.262268766236
0.259250851496
0.267710516716
0.294346132735
23.0531941063
199.997459153
199.997459153
199.997459153
199.997459153
199.997459153
199.997176837
199.997176837
199.995697053
199.96067459
4.86707128816
0
0
0
0
0
0
0
0
0
0
0
0
0
0
0
0
0
0
0
0
0
0
0
0
0
0
0
0
0
0
0
0
0
0
0
0
0
0
0
0
0
0
0
0
15.8517828582
199.98765927
199.996789572
199.997609188
199.997863272
199.997863272
199.997863272
199.997863272
199.997863272
199.997863272
199.997863272
199.997863272
190.896096703
168.100995394
143.270642384
122.485154566
110.446787097
104.550372194
103.75899625
108.914732187
115.779844972
122.819005544
129.203628932
134.614615998
138.797645384
142.122638086
152.390927693
0.346902665531
0.337187362403
0.329864932568
0.319671075604
0.30687113836
0.293655678528
0.278437842925
0.263303847547
0.248572765852
0.237275890729
0.226715437406
0.221884507139
0.221475905503
0.232291453794
0.309288031003
126.208884568
199.997713238
199.997609188
199.997609188
199.997609188
199.997609188
199.997459153
199.997176837
199.995218948
199.940061865
0
0
0
0
0
0
0
0
0
0
0
0
0
0
0
0
0
0
0
0
0
0
0
0
0
0
0
0
0
0
0
0
0
0
0
0
0
0
0
0
0
0
0
0
199.968146418
199.99468772
199.997609188
199.997863272
199.997863272
199.997863272
199.997863272
199.997863272
199.997863272
199.997863272
199.997863272
199.997863272
195.070694419
177.975654928
159.295291889
143.868814623
133.74432698
129.000027298
128.728939301
131.534086218
135.873198669
140.766297315
145.484133418
149.648449612
152.920155131
155.477380309
162.805852184
0.334068186129
0.321742630679
0.313665392477
0.302854120067
0.287013168393
0.272734918319
0.25589443787
0.238631750069
0.223484200537
0.209913028647
0.198622022122
0.190004663545
0.183400674878
0.183727206653
0.199893583076
10.8568053648
199.997863272
199.997863272
199.997863272
199.997863272
199.997863272
199.997609188
199.997609188
199.997176837
199.99468772
199.926002303
0
0
0
0
0
0
0
0
0
0
0
0
0
0
0
0
0
0
0
0
0
0
0
0
0
0
0
0
0
0
0
0
0
0
0
0
0
0
0
0
0
0
0
199.991003608
199.997609188
199.997863272
199.997863272
199.997863272
199.997863272
199.997863272
199.997863272
199.997863272
199.997863272
199.997863272
199.997863272
199.06156715
187.668841156
173.5134913
161.39753376
152.91036954
148.318586124
147.144115275
148.500015134
151.342667968
154.914502733
158.533235012
161.852767332
164.515401897
166.550925214
171.79406484
0.330187960961
0.314142050796
0.303803322841
0.290171058993
0.273663215434
0.255627814085
0.237052039802
0.219465992968
0.202500999749
0.18795332482
0.176330664113
0.165991027286
0.159583026017
0.153951615291
0.153991538905
0.174148847402
28.5098747006
140.054294437
199.997863272
199.997863272
199.997863272
199.997863272
199.997863272
199.997609188
199.997609188
199.99344163
125.645832052
0
0
0
0
0
0
0
0
0
0
0
0
0
0
0
0
0
0
0
0
0
0
0
0
0
0
0
0
0
0
0
0
0
0
0
0
0
0
0
0
0
199.951450111
199.996313522
199.997863272
199.998258653
199.998258653
199.998091948
199.998091948
199.998091948
199.998091948
199.997863272
199.997863272
199.997863272
199.997863272
199.997863272
195.342700927
184.679811142
174.65864742
167.146434038
162.66054808
160.881932959
161.336405563
163.263395154
165.977444782
168.891798664
171.622221466
173.875565589
175.571756263
179.305623616
0.340046646735
0.315907797831
0.301825531667
0.285456091338
0.264359461365
0.243978876579
0.223588695604
0.203763758162
0.186770183121
0.171325321848
0.158860831583
0.149304691316
0.140227759221
0.131682156317
0.128097625937
0.128364322535
0.247684179628
23.8378739885
61.0728110929
140.066083891
199.997863272
199.997863272
199.997863272
199.997863272
199.997863272
199.997221922
199.992712922
0
0
0
0
0
0
0
0
0
0
0
0
0
0
0
0
0
0
0
0
0
0
0
0
0
0
0
0
0
0
0
0
0
0
0
0
0
0
0
0
0
199.992053281
199.998029977
199.998258653
199.998258653
199.998393684
199.998393684
199.998374005
199.998226979
199.998226979
199.998226979
199.998226979
199.998091948
199.998091948
199.997863272
199.630077091
192.742629681
184.380367797
177.595100304
173.114998294
171.071131173
170.975409868
172.337584074
174.500789236
176.96556411
179.303539043
181.283202794
182.729918404
185.392479295
0.376783786175
0.33605739008
0.311596370528
0.28536450948
0.260819800773
0.236471211152
0.214277642684
0.193605799371
0.175919120179
0.160081494211
0.14779304495
0.135655038067
0.125205593237
0.115793344403
0.10621595089
0.101036109991
0.101546702962
1.40078167887
11.9020885014
24.7225260726
47.8688386049
85.0990584568
161.998029977
199.998029977
199.997863272
199.997863272
199.996277383
199.986288077
0
0
0
0
0
0
0
0
0
0
0
0
0
0
0
0
0
0
0
0
0
0
0
0
0
0
0
0
0
0
0
0
0
0
0
0
0
0
0
199.898644277
199.997775892
199.998029977
199.998393684
199.998393684
199.998393684
199.998393684
199.998393684
199.998393684
199.998226979
199.998226979
199.998226979
199.998226979
199.998226979
199.998226979
199.998091948
197.746717313
191.048834689
184.927853171
180.648018147
178.460701493
178.093961535
179.108232536
180.930198283
183.094567398
185.195832282
186.979875195
188.269218385
190.175537361
0.489671913273
0.391665113034
0.342486740698
0.2990639869
0.264303673332
0.234274693831
0.208294123343
0.185995723678
0.165823268781
0.15174473294
0.137649913683
0.125210441962
0.112853977057
0.100981533207
0.0899619328105
0.0809458049513
0.0750905163104
0.077064921851
1.26638345754
3.97085104982
7.28086562402
12.0742257098
17.5626584342
24.3135895715
43.631121304
199.998258653
199.998029977
179.996277383
0
0
0
0
0
0
0
0
0
0
0
0
0
0
0
0
0
0
0
0
0
0
0
0
0
0
0
0
0
0
0
0
0
0
0
0
0
0
0
199.996013793
199.998029977
199.998578912
199.998393684
199.998393684
199.998393684
199.998393684
199.998393684
199.998393684
199.998393684
199.998226979
199.998226979
199.998226979
199.998226979
199.998226979
199.998226979
199.96944456
195.403833755
189.982163182
185.944597372
183.726347916
183.226782011
184.031799417
185.649847322
187.624088538
189.583149552
191.235857291
192.437250393
193.796951539
0.96458358146
0.557379291966
0.419449486607
0.331023565996
0.275504068748
0.23608543885
0.206033724724
0.180554524057
0.161357631642
0.144643157417
0.130425008364
0.117252740327
0.10379817903
0.0902513758537
0.0781825409022
0.068350957842
0.0599277280224
0.05374490608
0.069164205444
0.445204233971
0.826261965683
1.43246608124
2.06769945795
1.92579271522
1.37638087435
0.409590236622
0.357795744418
0.15579294257
2.42594905179
0
0
0
0
0
0
0
0
0
0
0
0
0
0
0
0
0
0
0
0
0
0
0
0
0
0
0
0
0
0
0
0
0
0
0
0
0
0.00031673943988
199.99796112
199.998578912
199.998784721
199.998784721
199.998784721
199.998393684
199.998393684
199.998393684
199.998393684
199.998393684
199.998226979
199.998226979
199.998226979
199.998226979
199.998226979
199.998226979
199.998226979
198.065879925
193.324805305
189.533139662
187.359202849
186.803737905
187.49597353
188.995676922
190.855989153
192.711553612
194.305198206
195.438264663
196.420919173
93.6060597291
1.67951639335
0.631608964563
0.390474612929
0.293729998069
0.241623643192
0.205538063131
0.177958786379
0.157971297681
0.14108239992
0.125378899706
0.11177282822
0.0979087278364
0.0840742163094
0.0718019140683
0.0606475310172
0.0480501254462
0.0311123140136
0.0337414135945
0.0599423329389
0.11004285888
0.154485896667
0.147790371088
0.0842943510918
0.109791129133
0.153514547727
0.260788822508
0.442490967673
2.95399042322
16.3996703152
0
0
0
0
0
0
0
0
0
0
0
0
0
0
0
0
0
0
0
0
0
0
0
0
0
0
0
0
0
0
0
0
0
0
0
0.00031673943988
199.996629315
199.998784721
199.998784721
199.998784721
199.998784721
199.998784721
199.998784721
199.998393684
199.998393684
199.998393684
199.998393684
199.998393684
199.998226979
199.998226979
199.998226979
199.998226979
199.998226979
199.998226979
199.443680273
195.398683313
191.840570468
189.750439916
189.179687513
189.815324017
191.247677785
193.03794335
194.841722754
196.387297684
197.498585652
198.209932399
83.5659877467
66.8248430912
1.6288262626
0.49442241843
0.318435023975
0.248126566782
0.204896822814
0.176337128012
0.155705885263
0.138288912529
0.123168971027
0.108769627873
0.0936899902347
0.0799377693194
0.0666463150883
0.0526048400334
0.0373473945351
0.0199623941479
0.0035392592443
0.00632373267135
0.00739007688466
0.00838967604572
0.018762928153
0.0272471361371
0.044935370322
0.0935774670911
0.234588412335
0.89961564598
5.00509573077
4.50446462977
0.000150034471522
0
0
0
0
0
0
0
0
0
0
0
0
0
0
0
0
0
0
0
0
0
0
0
0
0
0
0
0
0
0
0
0
0
0
0.0005019671825
199.998784721
199.998784721
199.998784721
199.998784721
199.998784721
199.998784721
199.998784721
199.998393684
199.998393684
199.998393684
199.998393684
199.998226979
199.998226979
199.998226979
199.998226979
199.998226979
199.998226979
199.998226979
199.965344778
196.612659749
193.24251218
191.205046524
190.630073474
191.244995827
192.630298533
194.378385576
196.139679649
197.666889191
198.80107394
199.368172872
31.2610630046
80.4427819458
95.5399954622
0.845497570848
0.387288552597
0.272212770651
0.217208188417
0.183063208373
0.157864594494
0.139302573182
0.123131273772
0.108295224589
0.0911193030763
0.0779931593665
0.0643382786044
0.0530361946343
0.0392208803098
0.0188007401465
0.0035392592443
0.00571403969876
0.0072233719163
0.00822297107736
0.0103798811777
0.0243166139205
0.0342991177882
0.0729039457096
0.211129571102
0.442612495595
0.833817832288
0.0341775898663
24.3129652905
0
0
0
0
0
0
0
0
0
0
0
0
0
0
0
0
0
0
0
0
0
0
0
0
0
0
0
0
0
0
0
0
0
0
199.998784721
199.998784721
199.998906249
199.998906249
199.998906249
199.998906249
199.998721021
199.998515212
199.998348507
199.998348507
199.998348507
199.998348507
199.998198473
199.998226979
199.998226979
199.998226979
199.998226979
199.998226979
199.998226979
199.998226979
197.467623509
194.564624755
192.798756413
192.284068539
192.813583202
194.014349017
195.537693532
197.075672349
198.391165483
199.391166983
124.979806785
)
;

boundaryField
{
    frontAndBack
    {
        type            empty;
    }
    leftWall
    {
        type            calculated;
        value           uniform 0;
    }
    outlet
    {
        type            calculated;
        value           uniform 0;
    }
    rightWall
    {
        type            calculated;
        value           uniform 0;
    }
    inlet
    {
        type            calculated;
        value           uniform 224.253195694;
    }
}


// ************************************************************************* //
