/*--------------------------------*- C++ -*----------------------------------*\
| =========                 |                                                 |
| \\      /  F ield         | OpenFOAM: The Open Source CFD Toolbox           |
|  \\    /   O peration     | Version:  v1906                                 |
|   \\  /    A nd           | Web:      www.OpenFOAM.com                      |
|    \\/     M anipulation  |                                                 |
\*---------------------------------------------------------------------------*/
FoamFile
{
    version     2.0;
    format      ascii;
    class       volScalarField;
    location    "957";
    object      alpha;
}
// * * * * * * * * * * * * * * * * * * * * * * * * * * * * * * * * * * * * * //

dimensions      [0 0 -1 0 0 0 0];


internalField   nonuniform List<scalar> 
9216
(
200
200
200
200
200
200
200
200
200
200
200
200
200
200
200
200
200
200
200
200
200
200
200
200
200
200
200
200
200
200
200
200
200
200
200
200
200
200
200
200
200
200
200
200
200
200
200
200
200
200
200
200
200
200
200
200
200
200
200
200
200
200
200
200
200
200
200
200
200
200
200
200
200
200
200
200
200
200
200
200
200
200
200
200
200
184.796366504
164.804168905
140.182984117
112.69058065
88.6029218522
67.0463057305
49.7880493854
35.7687221857
23.0203474149
13.1074223914
1.59122361365
200
200
200
200
200
200
200
200
200
200
200
200
200
200
200
200
200
200
200
200
200
200
200
200
200
200
200
200
200
200
200
200
200
200
200
200
200
200
200
200
200
200
200
200
200
200
200
200
200
200
200
200
200
200
200
200
200
200
200
200
200
200
200
200
200
200
200
200
200
200
200
200
200
200
200
200
200
200
200
200
200
200
200
200
200
197.901528297
178.003685539
152.399850945
128.441215534
101.293256676
77.5223080107
61.4200892409
48.256692722
31.5151890707
20.784463384
15.4909261977
200
200
200
200
200
200
200
200
200
200
200
200
200
200
200
200
200
200
200
200
200
200
200
200
200
200
200
200
200
200
200
200
200
200
200
200
200
200
200
200
200
200
200
200
200
200
200
200
200
200
200
200
200
200
200
200
200
200
200
200
200
200
200
200
200
200
200
200
200
200
200
200
200
200
200
200
200
200
200
200
200
200
200
200
200
194.599319042
168.850267229
152.380068355
133.313683726
103.022985903
74.8936375362
65.2517149864
47.8451079355
36.8266670732
32.2189744272
21.9347362459
200
200
200
200
200
200
200
200
200
200
200
200
200
200
200
200
200
200
200
200
200
200
200
200
200
200
200
200
200
200
200
200
200
200
200
200
200
200
200
200
200
200
200
200
200
200
200
200
200
200
200
200
200
200
200
200
200
200
200
200
200
200
200
200
200
200
200
200
200
200
200
200
200
200
200
200
200
200
200
200
200
200
200
200
200
187.714547004
166.306761783
150.40822192
126.121219971
107.37772803
86.877860886
63.1571770046
56.5544941805
47.2372919865
41.1729148312
28.7728257376
200
200
200
200
200
200
200
200
200
200
200
200
200
200
200
200
200
200
200
200
200
200
200
200
200
200
200
200
200
200
200
200
200
200
200
200
200
200
200
200
200
200
200
200
200
200
200
200
200
200
200
200
200
200
200
200
200
200
200
200
200
200
200
200
200
200
200
200
200
200
200
200
200
200
200
200
200
200
200
200
200
200
200
200
200
178.858363553
157.950431931
143.688789634
133.005254928
109.085385507
93.4516839331
72.814817565
58.7316379465
57.3961772335
53.8020033537
41.4211163331
200
200
200
200
200
200
200
200
200
200
200
200
200
200
200
200
200
200
200
200
200
200
200
200
200
200
200
200
200
200
200
200
200
200
200
200
200
200
200
200
200
200
200
200
200
200
200
200
200
200
200
200
200
200
200
200
200
200
200
200
200
200
200
200
200
200
200
200
200
200
200
200
200
200
200
200
200
200
200
200
200
200
200
200
198.581366201
176.381598579
162.494956077
143.31227509
122.691337481
103.478768861
100.100243663
87.545576405
69.8723455429
66.6763081797
65.7625503461
52.9273255543
200
200
200
200
200
200
200
200
200
200
200
200
200
200
200
200
200
200
200
200
200
200
200
200
200
200
200
200
200
200
200
200
200
200
200
200
200
200
200
200
200
200
200
200
200
200
200
200
200
200
200
200
200
200
200
200
200
200
200
200
200
200
200
200
200
200
200
200
200
200
200
200
200
200
200
200
200
200
200
200
200
200
200
200
193.493500053
174.217807402
157.873840875
142.513835787
122.433980566
112.923897644
98.7588433845
97.0454522893
87.8230037434
77.4347893192
77.1948853225
63.919704805
200
200
200
200
200
200
200
200
200
200
200
200
200
200
200
200
200
200
200
200
200
200
200
200
200
200
200
200
200
200
200
200
200
200
200
200
200
200
200
200
200
200
200
200
200
200
200
200
200
200
200
200
200
200
200
200
200
200
200
200
200
200
200
200
200
200
200
200
200
200
200
200
200
200
200
200
200
200
200
200
200
200
200
200
189.075266132
172.450889078
153.44447393
138.38041177
125.766840072
118.529024822
109.564562334
99.9222869313
100.200005589
87.3343925766
87.9512650595
74.7300062035
200
200
200
200
200
200
200
200
200
200
200
200
200
200
200
200
200
200
200
200
200
200
200
200
200
200
200
200
200
200
200
200
200
200
200
200
200
200
200
200
200
200
200
200
200
200
200
200
200
200
200
200
200
200
200
200
200
200
200
200
200
200
200
200
200
200
200
199.745001198
185.094307427
161.063777539
143.718232698
142.535239819
154.642637531
170.940794843
185.419796062
195.04630803
199.158976812
199.631204927
198.792366972
199.196570314
199.993995845
199.999953209
199.939993027
199.994320173
187.96176846
172.452866202
156.458082987
139.789917795
128.132815031
115.72001415
117.11568274
111.134298468
104.926947671
100.477945068
96.9658161432
84.4343437334
200
200
200
200
200
200
200
200
200
200
200
200
200
200
200
200
200
200
200
200
200
200
200
200
200
200
200
200
200
200
200
200
200
200
200
200
200
200
200
200
200
200
200
200
200
200
200
200
200
200
200
200
200
200
200
200
200
200
200
200
200
200
200
189.671328103
9.58446470554
0.408277820955
0.0489281931918
0.00858548051635
0.00216061095966
0.000831454721092
0.000607802200183
0.000872376170057
0.00201256479913
0.00629502336263
0.0256847342476
0.136009455708
0.981386609926
10.2836977777
126.61855049
188.033180316
198.490782799
199.257057154
199.019264134
199.874470542
186.176630856
171.427796794
155.650997396
142.451754086
131.961092148
124.304459932
117.717128469
118.491480798
113.919931823
111.772229065
105.521828221
94.4837329839
200
200
200
200
200
200
200
200
200
200
200
200
200
200
200
200
200
200
200
200
200
200
200
200
200
200
200
200
200
200
200
200
200
200
200
200
200
200
200
200
200
200
200
200
200
200
200
200
200
200
200
200
200
200
200
200
200
200
200
200
200
9.18889523499
0.00132684449402
3.46630164542e-05
2.44934096146e-06
3.62035933185e-07
7.49452347334e-08
1.85447693592e-08
6.05972623749e-09
3.23169354838e-09
3.39283481801e-09
6.1605288212e-09
1.54330118018e-08
4.9057466466e-08
1.95662442307e-07
9.75224296172e-07
6.34376284252e-06
5.7983087661e-05
0.000812883843458
0.0187410568755
0.698892610163
44.838936221
181.70015687
198.131982609
183.669309532
167.220404082
154.661534096
144.945263998
139.116905971
132.216234226
126.978458368
119.921738207
121.585755951
123.701185027
114.047603859
102.383598597
200
200
200
200
200
200
200
200
200
200
200
200
200
200
200
200
200
200
200
200
200
200
200
200
200
200
200
200
200
200
200
200
200
200
200
200
200
200
200
200
200
200
200
200
200
200
200
200
200
200
200
200
200
200
200
200
200
200
200
0.533173021456
1.96769377053e-05
4.35610328218e-08
5.04685606262e-10
2.78820030715e-11
3.41116563548e-12
6.00240240316e-13
1.32720776169e-13
4.06998605022e-14
2.20984112556e-14
2.30602861711e-14
3.88845680731e-14
8.80396286173e-14
2.47796099526e-13
8.48332819677e-13
3.53232179392e-12
1.80771993415e-11
1.20867533279e-10
1.12897807971e-09
1.57936715518e-08
3.07397139382e-07
8.77447045609e-06
0.000395362335841
0.0303835116064
3.53654633014
133.248285555
164.685277804
157.517493462
149.756350311
142.300310036
137.341448391
132.654751357
129.085663623
124.468020782
129.565504848
121.677801765
108.566963482
200
200
200
200
200
200
200
200
200
200
200
200
200
200
200
200
200
200
200
200
200
200
200
200
200
200
200
200
200
200
200
200
200
200
200
200
200
200
200
200
200
200
200
200
200
200
200
200
200
200
200
200
200
200
200
200
200
28.9150903221
1.96888266862e-06
2.28334989282e-09
1.51397770797e-12
2.36380017233e-15
1.38736134065e-16
2.28250600892e-17
5.52288993288e-18
1.62502009397e-18
6.46675327557e-19
4.42460513447e-19
5.19091800787e-19
8.83786093602e-19
1.91116561984e-18
4.98660238986e-18
1.54268528775e-17
5.60192663189e-17
2.37997623518e-16
1.24400667579e-15
8.35022234373e-15
7.57847442339e-14
9.42787674261e-13
1.6050109977e-11
3.87310017985e-10
1.48643305089e-08
7.9674706061e-07
5.76236075621e-05
0.0041619559566
0.668743516121
111.300219737
150.820610833
145.636329691
141.136496174
136.646320294
133.275237663
131.16459112
133.32835031
128.071621442
114.028483336
200
200
200
200
200
200
200
200
200
200
200
200
200
200
200
200
200
200
200
200
200
200
200
200
200
200
200
200
200
200
200
200
200
200
200
200
200
200
200
200
200
200
200
200
200
200
200
200
200
200
200
200
200
200
200
200
2.16666793028e-05
1.28316846435e-09
4.73825867531e-14
1.21947422066e-18
2.49231992918e-20
2.1702041565e-21
4.35450913071e-22
1.28384856561e-22
4.68137877101e-23
2.57443268176e-23
2.32740502893e-23
3.13573784573e-23
5.49939810477e-23
1.16381040381e-22
2.85628878124e-22
8.05584694766e-22
2.61823754274e-21
1.00218771248e-20
4.61509550401e-20
2.62860609318e-19
1.90762086074e-18
1.78427784527e-17
2.02723191236e-16
2.88432634771e-15
5.73464669848e-14
1.63387582139e-12
6.61584133344e-11
3.46756603854e-09
2.19319544967e-07
2.01777339188e-05
0.00459112464353
2.67166041578
135.094467025
145.99437134
140.753477271
137.885277968
135.249782435
133.33732435
135.736210296
118.645591723
200
200
200
200
200
200
200
200
200
200
200
200
200
200
200
200
200
200
200
200
200
200
200
200
200
200
200
200
200
200
200
200
200
200
200
200
200
200
200
200
200
200
200
200
200
200
200
200
200
200
200
200
200
200
200
1.10187238436e-08
3.52685799942e-13
4.75560091803e-20
9.47449993404e-24
7.6359776646e-25
1.36836735188e-25
3.58871625201e-26
1.28441314985e-26
6.10803370871e-27
4.3988030905e-27
4.74482690778e-27
6.77948907332e-27
1.16531798674e-26
2.32277633663e-26
5.35399377517e-26
1.40288357489e-25
4.2083254918e-25
1.45573468717e-24
5.90186746726e-24
2.8382946996e-23
1.65928195898e-22
1.14083138439e-21
9.57198026995e-21
1.00273578764e-19
1.38019412829e-18
2.53651803746e-17
5.6334591264e-16
1.66737829033e-14
6.57235648195e-13
2.76360338202e-11
2.15110705014e-09
2.69298721653e-07
9.07409852652e-05
0.103956408988
113.352780214
144.653736839
141.610742621
138.32675359
136.513696446
140.753624245
122.473552488
200
200
200
200
200
200
200
200
200
200
200
200
200
200
200
200
200
200
200
200
200
200
200
200
200
200
200
200
200
200
200
200
200
200
200
200
200
200
200
200
200
200
200
200
200
200
200
200
200
200
200
200
200
200
3.29157691758e-10
3.54214040843e-20
1.01491459976e-25
8.88092667542e-28
1.16445513311e-28
2.79290640054e-29
9.54792448966e-30
4.19271359533e-30
2.40924892838e-30
2.02247642643e-30
2.37087192226e-30
3.48963623171e-30
6.0251997758e-30
1.1887818478e-29
2.6233271781e-29
6.59243066551e-29
1.86913922766e-28
6.01149613941e-28
2.19724766765e-27
9.08569053347e-27
4.35121429719e-26
2.4482367257e-25
1.62044107044e-24
1.27664431028e-23
1.22860117367e-22
1.44001893736e-21
2.11183881587e-20
4.07249160641e-19
1.0536716533e-17
3.15066594269e-16
1.0085480871e-14
5.18082033941e-13
4.74764127601e-11
1.10195234204e-08
5.62756909194e-06
0.010503932723
74.0891934409
143.831655399
141.809280432
138.820495253
141.615613157
125.153159237
200
200
200
200
200
200
200
200
200
200
200
200
200
200
200
200
200
200
200
200
200
200
200
200
200
200
200
200
200
200
200
200
200
200
200
200
200
200
200
200
200
200
200
200
200
200
200
200
200
200
200
200
200
4.75134564505e-11
1.8584061814e-26
7.99499149775e-30
4.05695409779e-31
7.38531902824e-32
2.06925497528e-32
7.98259467342e-33
3.9530579414e-33
2.48169861518e-33
2.17654632417e-33
2.56729996954e-33
3.74970197318e-33
6.34456927953e-33
1.20888290447e-32
2.60375500143e-32
6.31198077651e-32
1.68826891846e-31
5.11671985261e-31
1.75927502826e-30
6.77159913413e-30
2.90024532645e-29
1.40960640481e-28
7.84232232074e-28
4.88583874587e-27
3.49928228844e-26
3.0185038326e-25
3.12126972943e-24
3.94012687148e-23
6.12572681111e-22
1.21250327029e-20
2.6628645643e-19
7.67674532314e-18
3.04181809598e-16
2.06914868165e-14
2.82666352563e-12
6.93801400257e-10
5.79306029631e-07
0.00219291711712
59.8094925641
143.435557592
140.481121649
141.590265188
126.562515068
200
200
200
200
200
200
200
200
200
200
200
200
200
200
200
200
200
200
200
200
200
200
200
200
200
200
200
200
200
200
200
200
200
200
200
200
200
200
200
200
200
200
200
200
200
200
200
200
200
200
200
200
1.25390460471e-11
1.16256665284e-30
7.9787441253e-33
8.09676900947e-34
1.68220536365e-34
4.88758550262e-35
1.87562620836e-35
8.75693334897e-36
5.34184218151e-36
4.39380100602e-36
4.91327011416e-36
6.99862540939e-36
1.25614239147e-35
2.43377674636e-35
5.23026452672e-35
1.226714459e-34
3.22059065541e-34
9.43519200197e-34
3.05208482871e-33
1.07130094472e-32
4.1805588776e-32
1.7764949349e-31
8.62591604413e-31
4.63251919885e-30
2.74718824142e-29
1.85345080138e-28
1.45074072693e-27
1.28270534655e-26
1.35084342111e-25
1.7645963591e-24
2.58734342567e-23
4.55377502321e-22
9.90078341948e-21
3.18249702243e-19
1.9376298841e-17
1.55344710777e-15
2.51840070919e-13
1.10795853401e-10
1.54847068875e-07
0.00145279529878
89.8760686188
141.833167944
140.134472761
127.216730852
200
200
200
200
200
200
200
200
200
200
200
200
200
200
200
200
200
200
200
200
200
200
200
200
200
200
200
200
200
200
200
200
200
200
200
200
200
200
200
200
200
200
200
200
200
200
200
200
200
200
200
4.68032275195e-12
1.50595292279e-33
3.51655867091e-35
8.37821788421e-37
0
0
0
0
0
0
0
0
0
1.78503078963e-38
5.87477065521e-38
2.97908013413e-37
8.88199936156e-37
3.00792106514e-36
1.01803610847e-35
3.56736636274e-35
1.30009183753e-34
5.11382140619e-34
2.16993165325e-33
9.84604107201e-33
4.92064470921e-32
2.71763491963e-31
1.71969866009e-30
1.19368593695e-29
9.3336844752e-29
8.58532593436e-28
8.41189721736e-27
9.71336640347e-26
1.42265205289e-24
2.6265289042e-23
6.6045900891e-22
2.90129883264e-20
1.79850775422e-18
2.25107400541e-16
5.19545618933e-14
3.34578313359e-11
9.86571221527e-08
0.00389893023383
123.339107887
138.484190137
127.731823803
200
200
200
200
200
200
200
200
200
200
200
200
200
200
200
200
200
200
200
200
200
200
200
200
200
200
200
200
200
200
200
200
200
200
200
200
200
200
200
200
200
200
200
200
200
200
200
200
200
200
2.02924273475e-12
1.76696420568e-35
0
0
0
0
0
0
0
0
0
0
0
0
0
0
0
1.34831159575e-38
3.70411424588e-38
1.64538674772e-37
6.93430231757e-37
2.8200779531e-36
1.16395393981e-35
4.82752129135e-35
2.05241251733e-34
9.74263480193e-34
4.828944538e-33
2.64819220541e-32
1.62611211672e-31
1.15966612283e-30
8.39053555651e-30
6.8789335359e-29
6.67206073225e-28
7.82423734555e-27
1.17418368021e-25
2.73755833146e-24
8.11455233438e-23
3.39672752613e-21
2.9612527404e-19
5.19471965887e-17
1.722722363e-14
2.11390514173e-11
2.3325540333e-07
0.0632079191874
135.959659845
128.644389319
200
200
200
200
200
200
200
200
200
200
200
200
200
200
200
200
200
200
200
200
200
200
200
200
200
200
200
200
200
200
200
200
200
200
200
200
200
200
200
200
200
200
200
200
200
200
200
200
200
1.46985052205e-12
1.89545220793e-40
0
0
0
0
0
0
0
0
0
0
0
0
0
0
0
0
0
0
1.29952284722e-39
2.09527469379e-38
5.93162104189e-38
2.65613941774e-37
1.46307149512e-36
5.85256718984e-36
2.97328439572e-35
1.34981933177e-34
7.06927012453e-34
3.60574351837e-33
2.13432348294e-32
1.32267086777e-31
9.70865795932e-31
7.80965999255e-30
7.49720404712e-29
9.19192294387e-28
1.60712935464e-26
3.58428816004e-25
1.19439695332e-23
6.84377704847e-22
7.09514552523e-20
1.76114749585e-17
1.03954438421e-14
4.16466268914e-11
2.11464546254e-06
46.6823537876
128.02685267
200
200
200
200
200
200
200
200
200
200
200
200
200
200
200
200
200
200
200
200
200
200
200
200
200
200
200
200
200
200
200
200
200
200
200
200
200
200
200
200
200
200
200
200
200
200
200
200
3.41483565277e-12
0
0
0
0
0
0
0
0
0
0
0
0
0
0
0
0
0
0
0
0
0
0
0
1.30215946013e-38
3.83349631964e-38
2.05181057768e-37
1.02214570616e-36
4.22523571371e-36
2.25451478112e-35
1.07847426477e-34
5.77333498063e-34
3.08145940754e-33
2.05276319199e-32
1.44139107277e-31
1.19595666324e-30
1.17489109616e-29
1.61102292046e-28
2.67008312969e-27
6.990198606e-26
2.5364783993e-24
1.74941003084e-22
2.47660267994e-20
9.67687661827e-18
1.59611166546e-14
2.57746262996e-10
0.000388508752955
125.463992438
200
200
200
200
200
200
200
200
200
200
200
200
200
200
200
200
200
200
200
200
200
200
200
200
200
200
200
200
200
200
200
200
200
200
200
200
200
200
200
200
200
200
200
200
200
200
200
1.30243881718e-11
0
0
0
0
0
0
0
0
0
0
0
0
0
0
0
0
0
0
0
0
0
0
0
0
0
0
1.00433610156e-38
3.80346488317e-38
1.81881691067e-37
9.28311762204e-37
4.29225922641e-36
2.37476249449e-35
1.17729362164e-34
6.76124748205e-34
4.34102117438e-33
2.93792112088e-32
2.42644292109e-31
2.69055977277e-30
3.26623315908e-29
5.71093025291e-28
1.52890689589e-26
7.32854647093e-25
6.50290796289e-23
1.32018741367e-20
1.25301405747e-17
7.26170583061e-14
1.49025526963e-08
88.0610067566
200
200
200
200
200
200
200
200
200
200
200
200
200
200
200
200
200
200
200
200
200
200
200
200
200
200
200
200
200
200
200
200
200
200
200
200
200
200
200
200
200
200
200
200
200
200
2.20730627138e-10
0
0
0
0
0
0
0
0
0
0
0
0
0
0
0
0
0
0
0
0
0
0
0
0
0
0
0
0
0
9.5734235296e-39
4.26455398732e-38
2.25068187226e-37
1.20017308817e-36
5.84997937306e-36
3.51470764208e-35
1.91168356649e-34
1.2067838269e-33
8.15302056499e-33
6.41595568116e-32
7.12336503226e-31
8.81004958182e-30
1.76350188325e-28
5.43879471546e-27
3.00462569467e-25
3.67768243617e-23
1.47534920079e-20
4.62379243485e-17
1.93047774776e-12
0.00299317471645
200
200
200
200
200
200
200
200
200
200
200
200
200
200
200
200
200
200
200
200
200
200
200
200
200
200
200
200
200
200
200
200
200
200
200
200
200
200
200
200
200
200
200
200
200
200
0
0
0
0
0
0
0
0
0
0
0
0
0
0
0
0
0
0
0
0
0
0
0
0
0
0
0
0
0
0
0
0
1.25225013599e-38
5.88459656753e-38
3.26665944452e-37
1.85300071863e-36
1.08407836987e-35
6.14719494948e-35
4.13932850153e-34
2.76537499836e-33
2.36956778144e-32
2.31363484611e-31
3.4511367023e-30
7.25699413841e-29
2.5433518938e-27
1.77716631824e-25
3.79464543613e-23
4.00753428338e-20
7.06128573091e-16
2.13803588923e-08
200
200
200
200
200
200
200
200
200
200
200
200
200
200
200
200
200
200
200
200
200
200
200
200
200
200
200
200
200
200
200
200
200
200
200
200
200
200
200
200
200
200
200
200
200
0
0
0
0
0
0
0
0
0
0
0
0
0
0
0
0
0
0
0
0
0
0
0
0
0
0
0
0
0
0
0
0
0
0
0
2.01557036494e-38
1.03817708011e-37
8.09459432073e-37
4.20944083689e-36
2.66430374409e-35
1.81917965634e-34
1.13742234203e-33
9.52819406829e-33
1.08018162835e-31
1.68145014931e-30
3.74817287463e-29
1.54810730595e-27
1.7127973318e-25
8.0781969309e-23
4.36740094226e-19
1.0159617954e-12
200
200
200
200
200
200
200
200
200
200
200
200
200
200
200
200
200
200
200
200
200
200
200
200
200
200
200
200
200
200
200
200
200
200
200
200
200
200
200
200
200
200
200
200
200
0
0
0
0
0
0
0
0
0
0
0
0
0
0
0
0
0
0
0
0
0
0
0
0
0
0
0
0
0
0
0
0
0
0
0
0
6.11930393031e-39
4.50843307384e-38
3.30553251157e-37
2.00972205871e-36
1.3547883935e-35
8.96769179654e-35
6.22701571754e-34
5.21127577541e-33
5.68488218735e-32
9.32928588635e-31
2.31562176989e-29
1.4346307213e-27
3.10480826998e-25
5.77750063746e-22
1.78763855257e-16
200
200
200
200
200
200
200
200
200
200
200
200
200
200
200
200
200
200
200
200
200
200
200
200
200
200
200
200
200
200
200
200
200
200
200
200
200
200
200
200
200
200
200
200
200
0
0
0
0
0
0
0
0
0
0
0
0
0
0
0
0
0
0
0
0
0
0
0
0
0
0
0
0
0
0
0
0
0
0
0
0
0
0
2.13658752278e-38
1.79583417438e-37
1.07971010636e-36
8.07688354302e-36
5.06482655121e-35
3.30772253271e-34
2.74796854281e-33
3.50204683641e-32
6.10423645756e-31
2.18008854944e-29
2.23085594553e-27
1.69990819824e-24
5.66124521496e-20
200
200
200
200
200
200
200
200
200
200
200
200
200
200
200
200
200
200
200
200
200
200
200
200
200
200
200
200
200
200
200
200
200
200
200
200
200
200
200
200
200
200
200
200
0
0
0
0
0
0
0
0
0
0
0
0
0
0
0
0
0
0
0
0
0
0
0
0
0
0
0
0
0
0
0
0
0
0
0
0
0
0
0
0
9.59927909826e-39
1.12072053683e-37
7.79392827026e-37
5.49815364256e-36
3.37927102632e-35
2.70975802177e-34
2.11083552388e-33
2.85173100228e-32
6.64440151865e-31
3.15491438836e-29
9.06563895535e-27
5.62548525339e-23
200
200
200
200
200
200
200
200
200
200
200
200
200
200
200
200
200
200
200
200
200
200
200
200
200
200
200
200
200
200
200
200
200
200
200
200
200
200
200
200
200
200
200
200
0
0
0
0
0
0
0
0
0
0
0
9.05313459668e-39
4.52942849216e-38
6.98452613368e-38
1.1984168467e-37
0
0
0
0
0
0
0
0
0
0
0
0
0
0
0
0
0
0
0
0
0
0
0
0
0
0
4.06671160607e-39
7.71915551063e-38
6.90832479887e-37
4.58789665668e-36
3.04611132053e-35
2.36937977722e-34
2.28419934167e-33
3.33512138944e-32
9.10412727858e-31
1.03690165493e-28
1.46891624576e-25
200
200
200
1.15016877753e-41
0
0
0
0
0
0
0
0
0
0
0
0
0
0
0
0
0
0
0
1.43748596977e-36
2.08560079881e-34
200
200
200
200
200
200
200
200
200
200
200
200
200
200
200
200
200
200
200
0
0
0
0
0
0
0
0
0
3.14099198384e-38
5.20841122246e-37
3.21152357715e-36
2.29742289204e-35
1.51269983119e-34
2.87422851823e-34
4.02891676808e-34
1.083502406e-35
7.35750456892e-37
0
0
0
0
0
0
0
0
0
0
0
0
0
0
0
0
0
0
0
0
0
0
0
0
7.17727485836e-40
6.48673757455e-38
5.19060313817e-37
3.66534224097e-36
2.94658214325e-35
2.3755945586e-34
2.31366816775e-33
4.7061363522e-32
2.48780636762e-30
9.84129093696e-28
1.43194077036e-42
7.53653037029e-43
0
0
0
0
0
0
0
0
0
0
0
0
0
0
0
0
0
0
0
0
0
0
0
0
0
0
0
0
8.25465878269e-36
1.13031807385e-33
200
200
200
200
200
200
200
200
200
200
200
0
0
0
0
0
0
0
0
7.84674504423e-39
6.77654671183e-37
3.4292377043e-35
3.0096878619e-33
200
200
200
200
200
200
200
200
200
200
200
199.999999977
71.3084591258
0
0
0
0
0
0
0
0
0
0
0
0
0
0
0
0
0
0
0
2.82043113463e-41
7.53756502949e-38
5.96367601111e-37
5.30327770135e-36
4.0136730886e-35
3.37416314194e-34
4.37220512119e-33
1.17890290278e-31
1.61790370781e-29
0
0
0
0
0
0
0
0
0
0
0
0
0
0
0
0
0
0
0
0
0
0
0
0
0
0
0
0
0
0
0
0
0
0
0
1.13281886896e-35
5.54560741938e-34
200
200
200
200
200
200
0
0
0
0
0
0
0
8.48070161375e-38
1.9767302036e-35
1.50854485658e-32
200
200
200
200
200
200
200
200
200
200
200
200
200
200
199.999999987
81.6612571245
0
0
0
0
0
0
0
0
0
0
0
0
0
0
0
0
0
0
0
2.71736793877e-39
1.08294829956e-37
9.54573318414e-37
6.78983845251e-36
6.38395562681e-35
6.33431021256e-34
1.00947444221e-32
6.14766522967e-31
0
0
0
0
0
0
0
0
0
0
0
0
0
0
0
0
0
0
0
0
0
0
0
0
0
0
0
0
0
0
0
0
0
0
0
0
0
0
9.31900747806e-38
8.25632479007e-36
1.03590105289e-34
2.40652026678e-34
5.42389045354e-36
0
0
0
0
0
0
8.61484488579e-37
5.50703617932e-34
200
200
200
200
200
200
200
200
200
200
200
200
200
200
200
200
200
199.999999986
69.0400024104
0
0
0
0
0
0
0
0
0
0
0
0
0
0
0
0
0
0
0
8.52337224576e-39
2.10798228879e-37
1.46278640205e-36
1.1913376989e-35
1.06079208172e-34
1.45682236927e-33
4.26269648088e-32
0
0
0
0
0
0
0
0
0
0
0
0
0
0
0
0
0
0
0
0
0
0
0
0
0
0
0
0
0
0
0
0
0
0
0
0
0
0
0
0
0
0
6.24648043142e-37
0
0
1.10966182133e-40
1.90528455435e-40
1.18984601531e-38
6.87863945036e-36
3.40409726301e-32
200
200
200
200
200
200
200
200
200
200
200
200
200
200
200
200
200
200
200
199.999999983
20
0
0
0
0
0
0
0
0
0
0
0
0
0
0
0
0
0
0
0
2.51446113254e-38
3.90358822268e-37
3.27321736622e-36
2.87690863914e-35
3.10307712071e-34
5.02144755258e-33
0
0
0
0
0
0
0
0
0
0
0
0
0
0
0
0
0
0
0
0
0
0
0
0
0
0
0
0
0
0
0
0
0
0
0
0
0
0
0
0
0
0
0
0
1.41074301086e-40
9.2203382328e-40
7.19932863414e-38
1.39940699502e-35
5.17797476993e-30
200
200
200
200
200
200
200
200
200
200
200
200
200
200
200
200
200
200
200
200
200
199.999999979
0
0
0
0
0
0
0
0
0
0
0
0
0
0
0
0
0
0
0
0
8.39905841365e-38
7.78269276497e-37
8.94043757246e-36
8.80622557431e-35
9.73934393057e-34
0
0
0
0
0
0
0
0
0
0
0
0
0
0
0
0
0
0
0
0
0
0
0
0
0
0
0
0
0
0
0
0
0
0
0
0
0
0
0
0
0
0
0
0
0
4.82446451977e-38
5.42036515774e-36
200
200
200
200
200
200
200
200
200
200
200
200
200
200
200
200
200
200
200
200
200
200
200
200
199.999999968
0
0
0
0
0
0
0
0
0
0
0
0
0
0
0
0
0
0
0
1.21152359661e-38
2.79938277473e-37
2.33026675147e-36
2.61847263701e-35
2.63791377187e-34
0
0
0
0
0
0
0
0
0
0
0
0
0
0
0
0
0
0
0
0
0
0
0
0
0
0
0
0
0
0
0
0
0
0
0
0
0
0
0
0
0
0
0
0
0
0
5.02423250939e-34
200
200
200
200
200
200
200
200
200
200
200
200
200
200
200
200
200
200
200
200
200
200
200
200
200
199.999774806
0
0
0
0
0
0
0
0
0
0
0
0
0
0
0
0
0
0
0
7.6134623122e-38
8.99557291383e-37
9.93496014602e-36
8.88465078154e-35
0
0
0
0
0
0
0
0
0
0
0
0
0
0
0
0
0
0
0
0
0
0
0
0
0
0
0
0
0
0
0
0
0
0
0
0
0
0
0
0
0
0
0
0
0
0
0
0
1.0498051951e-41
200
200
200
200
200
200
200
200
200
200
200
200
200
200
200
200
200
200
200
200
200
200
200
200
0
0
0
0
0
0
0
0
0
0
0
0
0
0
0
0
0
0
0
2.09664169402e-38
3.87948443038e-37
4.32578802951e-36
3.63126176087e-35
0
0
0
0
0
0
0
0
0
0
0
0
0
0
0
0
0
0
0
0
0
0
0
0
0
0
0
0
0
0
0
0
0
0
0
0
0
0
0
0
0
0
0
0
0
0
0
0
0
9.44824675588e-42
1.26508483046e-40
7.27182236812e-35
200
200
200
200
200
200
200
200
200
200
200
200
200
200
200
200
200
200
200
200
200
199.999829936
0
0
0
0
0
0
0
0
0
0
0
0
0
0
0
0
0
0
5.22918561284e-39
1.89903279666e-37
2.12927403707e-36
1.75005654217e-35
0
0
0
0
0
0
0
0
0
0
0
0
0
0
0
0
0
0
0
0
0
0
0
0
0
0
0
0
0
0
0
0
0
0
0
0
0
0
0
0
0
0
0
0
0
0
0
0
0
0
8.50342208029e-42
4.77673028272e-41
5.87422118527e-40
2.67897351421e-34
200
200
200
200
200
200
200
200
200
200
200
200
200
200
200
200
200
200
200
200
0
0
0
0
0
0
0
0
0
0
0
0
0
0
0
0
0
0
0
8.66049061702e-38
1.06803201987e-36
9.66091349426e-36
0
0
0
0
0
0
0
0
0
0
0
0
0
0
0
0
0
0
0
0
0
0
0
0
0
0
0
0
0
0
0
0
0
0
0
0
0
0
0
0
0
0
0
0
0
0
0
0
0
0
0
1.61565019526e-41
3.61028006594e-41
5.04547428835e-40
1.44810176117e-39
5.50014163927e-33
200
200
200
200
200
200
200
200
200
200
200
200
200
200
200
200
200
200
199.998077806
0
0
0
0
0
0
0
0
0
0
0
0
0
0
0
0
0
0
4.2517867199e-38
5.83781121497e-37
5.96105361499e-36
0
0
0
0
0
0
0
0
0
0
0
0
0
0
0
0
0
0
0
0
0
0
0
0
0
0
0
0
0
0
0
0
0
0
0
0
0
0
0
0
0
0
0
0
0
0
0
0
0
0
0
0
1.45408517573e-41
3.24925205935e-41
4.47893691255e-40
9.86787850215e-40
1.10205872295e-34
200
200
200
200
200
200
200
200
200
200
200
200
200
200
200
200
200
200
0
0
0
0
0
0
0
0
0
0
0
0
0
0
0
0
0
0
2.59969726849e-38
4.39374037779e-37
4.02951705135e-36
0
0
0
0
0
0
0
0
0
0
0
0
0
0
0
0
0
0
0
0
0
0
0
0
0
0
0
0
0
0
0
0
0
0
0
0
0
0
0
0
0
0
0
0
0
0
0
0
0
0
0
0
0
2.07398464538e-41
7.09460240963e-41
3.43809395225e-40
5.33400951522e-40
1.07169500995e-35
200
200
200
200
200
200
200
200
200
200
200
200
200
200
200
200
200
0
0
0
0
0
0
0
0
0
0
0
0
0
0
0
0
0
0
1.54080288086e-38
3.52986336033e-37
3.00716250366e-36
0
0
0
0
0
0
0
0
0
0
0
0
0
0
0
0
0
0
0
0
0
0
0
0
0
0
0
0
0
0
0
0
0
0
0
0
0
0
0
0
0
0
0
0
0
0
0
0
0
0
0
0
0
6.19899469653e-42
1.30867665816e-41
1.08548469336e-40
2.89121606332e-40
4.77646850803e-40
4.64294946129e-40
200
200
200
200
200
200
200
200
200
200
200
200
200
200
200
200
0
0
0
0
0
0
0
0
0
0
0
0
0
0
0
0
0
0
1.27445121658e-38
2.84698955372e-37
2.4715919474e-36
0
0
0
0
0
0
0
0
0
0
0
0
0
0
0
0
0
0
0
0
0
0
0
0
0
0
0
0
0
0
0
0
0
0
0
0
0
0
0
0
0
0
0
0
0
0
0
0
0
0
0
0
0
6.19899469653e-42
1.17780899234e-41
1.17780899234e-41
1.14621255415e-40
2.78502742676e-40
4.19938983255e-40
4.00308495573e-40
200
200
200
200
200
200
200
200
200
200
200
200
200
200
200
0
0
0
0
0
0
0
0
0
0
0
0
0
0
0
0
0
0
1.1750219762e-38
2.78813762853e-37
2.29174826228e-36
0
0
0
0
0
0
0
0
0
0
0
0
0
0
0
0
0
0
0
0
0
0
0
0
0
0
0
0
0
0
0
0
0
0
0
0
0
0
0
0
0
0
0
0
0
0
0
0
0
0
0
0
0
0
1.17780899234e-41
1.17780899234e-41
1.17780899234e-41
1.39008831767e-40
3.19803317372e-40
3.45015462963e-40
1.76520400478e-36
200
200
200
200
200
200
200
200
200
200
200
200
200
200
0
0
0
0
0
0
0
0
0
0
0
0
0
0
0
0
0
0
1.20278598117e-38
2.75961387117e-37
2.34632350758e-36
0
0
0
0
0
0
0
0
0
0
0
0
0
0
0
0
0
0
0
0
0
0
0
0
0
0
0
0
0
0
0
0
0
0
0
0
0
0
0
0
0
0
0
0
0
0
0
0
0
0
0
0
0
0
0
1.17780899234e-41
1.17780899234e-41
1.17780899234e-41
1.66106138825e-40
2.49733056593e-40
2.41352798684e-40
3.77128830278e-35
200
200
200
200
200
200
200
200
200
200
200
200
200
0
0
0
0
0
0
0
0
0
0
0
0
0
0
0
0
0
0
1.67200497804e-38
2.88594006049e-37
2.58881231344e-36
0
0
0
0
0
0
0
0
0
0
0
0
0
0
0
0
0
0
0
0
0
0
0
0
0
0
0
0
0
0
0
0
0
0
0
0
0
0
0
0
0
0
0
0
0
0
0
0
0
0
0
0
0
0
0
0
0
6.19899469653e-42
1.86658618084e-41
1.5756110582e-40
2.07878759946e-40
1.49633969995e-40
200
200
200
200
200
200
200
200
200
200
200
200
200
0
0
0
0
0
0
0
0
0
0
0
0
0
0
0
0
0
0
2.29572882085e-38
3.90832590749e-37
3.05023075842e-36
0
0
0
0
0
0
0
0
0
0
0
0
0
0
0
0
0
0
0
0
0
0
0
0
0
0
0
0
0
0
0
0
0
0
0
0
0
0
0
0
0
0
0
0
0
0
0
0
0
0
0
0
0
0
0
0
0
0
3.24925205935e-41
4.29905725444e-41
3.869151529e-41
7.818423053e-41
1.0052405041e-38
200
200
200
200
200
200
200
200
200
200
200
200
0
0
0
0
0
0
0
0
0
0
0
0
0
0
0
0
0
0
3.37630334254e-38
5.04449270744e-37
3.82519952849e-36
0
0
0
0
0
0
0
0
0
0
0
0
0
0
0
0
0
0
0
0
0
0
0
0
0
0
0
0
0
0
0
0
0
0
0
0
0
0
0
0
0
0
0
0
0
0
0
0
0
0
0
0
0
0
0
0
0
0
8.50342208029e-42
3.61028006594e-41
5.46550747122e-41
4.29905725444e-41
2.14092747864e-39
200
200
200
200
200
200
200
200
200
200
200
200
0
0
0
0
0
0
0
0
0
0
0
0
0
0
0
0
0
0
5.7648551367e-38
6.43064580232e-37
4.72438098017e-36
0
0
0
0
0
0
0
0
0
0
0
0
0
0
0
0
0
0
0
0
0
0
0
0
0
0
0
0
0
0
0
0
0
0
0
0
0
0
0
0
0
0
0
0
0
0
0
0
0
0
0
0
0
0
0
0
0
0
0
0
4.01142229549e-41
6.07278607913e-41
8.69220765715e-40
1.82573736406e-38
200
200
200
200
200
200
200
200
200
200
200
6.19899469653e-42
0
0
0
0
0
0
0
0
0
0
0
0
0
0
0
0
3.20485335957e-39
1.0068996728e-37
9.24052132984e-37
5.6038926283e-36
0
0
0
0
0
0
0
0
0
0
0
0
0
0
0
0
0
0
0
0
0
0
0
0
0
0
0
0
0
0
0
0
0
0
0
0
0
0
0
0
0
0
0
0
0
0
0
0
0
0
0
0
0
0
0
0
0
0
0
0
0
4.45713588388e-41
9.80201470754e-40
6.86568812731e-39
200
200
200
200
200
200
200
200
200
200
200
6.19899469653e-42
6.19899469653e-42
0
0
0
0
0
0
0
0
0
0
0
0
0
0
0
1.01247890835e-38
1.6748844756e-37
1.39192154804e-36
1.44712164626e-35
0
0
0
0
0
0
0
0
0
0
0
0
0
0
0
0
0
0
0
0
0
0
0
0
0
0
0
0
0
0
0
0
0
0
0
0
0
0
0
0
0
0
0
0
0
0
0
0
0
0
0
0
0
0
0
0
0
0
0
0
0
0
4.23476724076e-40
2.27811653623e-39
200
200
200
200
200
200
200
200
200
200
200
6.19899469653e-42
6.19899469653e-42
6.19899469653e-42
0
0
0
0
0
0
0
0
0
0
0
0
0
0
2.56846830906e-38
2.66124441985e-37
1.89613066071e-36
4.69818345891e-35
0
0
0
0
0
0
0
0
0
0
0
0
0
0
0
0
0
0
0
0
0
0
0
0
0
0
0
0
0
0
0
0
0
0
0
0
0
0
0
0
0
0
0
0
0
0
0
0
0
0
0
0
0
0
0
0
0
0
0
0
0
0
0
2.14972115186e-39
200
200
200
200
200
200
200
200
200
200
0
5.57909522688e-42
6.19899469653e-42
6.19899469653e-42
6.19899469653e-42
0
0
0
0
0
0
0
0
0
0
0
0
2.77406168619e-40
4.69531798815e-38
4.80142181042e-37
2.39992180453e-36
8.48659166455e-35
0
0
0
0
0
0
0
0
0
0
0
0
0
0
0
0
0
0
0
0
0
0
0
0
0
0
0
0
0
0
0
0
0
0
0
0
0
0
0
0
0
0
0
0
0
0
0
0
0
0
0
0
0
0
0
0
0
0
0
0
0
0
0
1.96510233355e-39
200
200
200
200
200
200
200
200
200
200
0
0
5.57909522688e-42
6.19899469653e-42
6.19899469653e-42
0
0
0
0
0
0
0
0
0
0
0
0
8.21073823356e-39
7.96765999626e-38
6.17983699417e-37
2.6092218499e-36
1.40827901661e-34
0
0
0
0
0
0
0
0
0
0
0
0
0
0
0
0
0
0
0
0
0
0
0
0
0
0
0
0
0
0
0
0
0
0
0
0
0
0
0
0
0
0
0
0
0
0
0
0
0
0
0
0
0
0
0
0
0
0
0
0
0
0
0
0
200
200
200
200
200
200
200
200
200
0
0
0
0
6.19899469653e-42
6.19899469653e-42
6.19899469653e-42
0
0
0
0
0
0
0
0
0
0
0
1.67964410055e-38
1.67987207566e-37
8.19485974125e-37
5.44820134956e-36
1.97419885061e-34
0
0
0
0
0
0
0
0
0
0
0
0
0
0
0
0
0
0
0
0
0
0
0
0
0
0
0
0
0
0
0
0
0
0
0
0
0
0
0
0
0
0
0
0
0
0
0
0
0
0
0
0
0
0
0
0
0
0
0
0
0
0
0
0
200
200
200
200
200
200
200
200
0
0
0
0
0
0
6.19899469653e-42
6.19899469653e-42
0
0
0
0
0
0
0
0
0
0
4.34271499561e-39
3.1637063602e-38
1.93217370825e-37
7.82966363778e-37
1.21041639048e-35
3.05983675843e-34
0
0
0
0
0
0
0
0
0
0
0
0
0
0
0
0
0
0
0
0
0
0
0
0
0
0
0
0
0
0
0
0
0
0
0
0
0
0
0
0
0
0
0
0
0
0
0
0
0
0
0
0
0
0
0
0
0
0
0
0
0
0
0
0
200
200
200
200
200
200
200
0
0
0
0
0
0
0
0
6.19899469653e-42
0
0
0
0
0
0
0
0
0
0
1.21845812167e-38
6.48668950065e-38
2.249224754e-37
5.47046759062e-37
1.42880145255e-35
4.56139444692e-34
0
0
0
0
0
0
0
0
0
0
0
0
0
0
0
0
0
0
0
0
0
0
0
0
0
0
0
0
0
0
0
0
0
0
0
0
0
0
0
0
0
0
0
0
0
0
0
0
0
0
0
0
0
0
0
0
0
0
0
0
0
0
0
6.40180691956
200
200
200
200
200
200
0
0
0
0
0
0
0
0
0
0
0
0
0
0
0
0
0
0
0
4.80828711869e-39
1.79220148076e-38
7.20472101955e-38
1.33369153806e-37
1.22556170559e-36
2.18746970474e-35
6.46206347104e-34
0
0
0
0
0
0
0
0
0
0
0
0
0
0
0
0
0
0
0
0
0
0
0
0
0
0
0
0
0
0
0
0
0
0
0
0
0
0
0
0
0
0
0
0
0
0
0
0
0
0
0
0
0
0
0
0
0
0
0
0
0
0
0
200
200
200
200
200
200
0
0
0
0
0
0
0
0
0
0
0
0
0
0
0
0
0
0
0
0
1.32490051593e-38
4.93094893672e-38
8.2830466251e-38
2.36931459348e-38
1.18889619883e-36
3.70993128624e-35
6.96090611745e-34
0
0
0
0
0
0
0
0
0
0
0
0
0
0
0
0
0
0
0
0
0
0
0
0
0
0
0
0
0
0
0
0
0
0
0
0
0
0
0
0
0
0
0
0
0
0
0
0
0
0
0
0
0
0
0
0
0
0
0
0
0
0
0
200
200
200
200
0
0
0
0
0
0
0
0
0
0
0
0
0
0
0
0
0
0
0
0
0
7.48133982882e-39
2.75162331178e-38
8.94837504038e-38
1.51216804303e-37
9.90253422471e-39
3.0571665454e-37
6.20184442228e-35
6.419760957e-34
0
0
0
0
0
0
0
0
0
0
0
0
0
0
0
0
0
0
0
0
0
0
0
0
0
0
0
0
0
0
0
0
0
0
0
0
0
0
0
0
0
0
0
0
0
0
0
0
0
0
0
0
0
0
0
0
0
0
0
0
0
0
0
200
0
0
0
0
0
0
0
0
0
0
0
0
0
0
0
0
0
0
0
0
0
0
0
5.00345717166e-39
1.29830435239e-38
3.54262540155e-38
8.47049048454e-38
9.59028684719e-38
2.9890735074e-37
1.20083757997e-36
3.13878751636e-35
3.46437273166e-34
0
0
0
0
0
0
0
0
0
0
0
0
0
0
0
0
0
0
0
0
0
0
0
0
0
0
0
0
0
0
0
0
0
0
0
0
0
0
0
0
0
0
0
0
0
0
0
0
0
0
0
0
0
0
0
0
0
0
0
0
0
0
0
0
0
0
0
0
0
0
0
0
0
0
0
0
0
0
0
0
0
0
0
0
0
0
3.37640259091e-39
1.66644517126e-38
2.57876203265e-38
3.60747355867e-38
3.75252801496e-38
1.75687371366e-36
2.18611443262e-36
4.08460493787e-36
2.34241832148e-35
5.54160878456e-34
1.43194077036e-42
0
0
0
0
0
0
0
0
0
0
0
0
0
0
0
0
0
0
0
0
0
0
0
0
0
0
0
0
0
0
0
0
0
0
0
0
0
0
0
0
0
0
0
0
0
0
0
0
0
0
0
0
0
0
0
0
0
0
0
0
0
0
0
0
0
0
0
0
0
0
0
0
0
0
0
0
0
0
0
0
0
0
0
0
3.00130237576e-39
1.82464828587e-38
2.75000514409e-38
3.00131886899e-38
5.9716069728e-38
4.35616477782e-37
4.86437981822e-37
7.33929274539e-37
1.7274718782e-36
1.013302346e-35
3.23747704662e-34
200
200
3.44810222397e-42
0
0
0
0
0
0
0
0
0
0
0
0
0
0
0
0
0
0
0
0
0
0
0
0
0
0
0
0
0
0
0
0
0
0
0
0
0
0
0
0
0
0
0
0
0
0
0
0
0
0
0
0
0
0
0
0
0
0
0
0
0
0
0
0
0
0
0
0
0
0
0
0
0
0
0
0
0
0
0
0
0
4.76443744215e-39
2.03555283826e-38
2.01810681228e-38
3.74042833664e-38
1.81026225804e-37
1.61028115778e-37
1.74020959887e-37
2.76596111675e-37
4.86521992004e-37
1.18278354202e-36
6.61842583489e-36
2.97282571615e-34
200
200
200
200
200
0
0
0
0
0
0
0
0
0
0
0
0
0
0
0
0
0
0
0
0
0
0
0
0
0
0
0
0
0
0
0
0
0
0
0
0
0
0
0
0
0
0
0
0
0
0
0
0
0
0
0
0
0
0
0
0
0
0
0
0
0
0
0
0
0
0
0
0
0
0
0
0
0
0
2.07398464538e-41
2.30442738376e-41
1.45408517573e-41
2.31873822406e-39
1.60468588937e-38
2.08806384683e-38
2.03789425082e-38
1.05480089337e-37
1.00654679419e-37
1.02495840049e-37
1.19168503381e-37
1.51256686425e-37
2.02720475762e-37
2.849684828e-37
5.14312365834e-37
2.5834037729e-36
2.10769859769e-34
200
200
200
200
200
41.0357786592
2.3576113328e-41
0
0
0
0
0
0
0
0
0
0
0
0
0
0
0
0
0
0
0
0
0
0
0
0
0
0
0
0
0
0
0
0
0
0
0
0
0
0
0
0
0
0
0
0
0
0
0
0
0
0
0
0
0
0
0
0
0
0
0
0
0
0
0
0
0
0
8.96751753515e-39
1.14355474971e-38
7.51857496995e-38
1.14744100648e-37
2.54731445312e-37
3.360901927e-37
3.87798992287e-37
4.16116928487e-37
2.84152315137e-37
5.31812177001e-38
1.80759231228e-38
1.01466463468e-37
7.47554545058e-38
7.09593952269e-38
7.96801189777e-38
9.38029736889e-38
1.09340915021e-37
1.30688677546e-37
1.62408776474e-37
2.0489973495e-37
2.80295029936e-37
6.04141484254e-37
1.25246594223e-34
200
200
200
200
2.79995965181e-31
1.72767620875e-35
1.27895398319e-34
3.6121422217e-35
6.25935988699e-42
0
0
0
0
0
0
0
0
0
0
0
0
0
0
0
0
0
0
0
0
0
0
0
0
0
0
0
0
0
0
0
0
0
0
0
0
0
0
0
0
0
0
0
0
0
0
0
0
0
0
0
0
0
0
0
0
0
0
0
0
0
0
9.73828834924e-38
5.15414567846e-37
1.05137368011e-36
1.60766616502e-36
1.91675410723e-36
2.06300687836e-36
2.30595526157e-36
2.05872191913e-36
1.84779304716e-36
1.30022973392e-36
5.07741828893e-37
2.1064927254e-37
9.33524671089e-38
6.40291612855e-38
6.39240225501e-38
7.055432409e-38
7.82071402003e-38
8.82328010782e-38
1.00398760471e-37
1.15880283713e-37
1.36278499654e-37
1.61847565492e-37
1.97178970864e-37
2.71632107071e-37
5.9138171497e-35
200
200
200
1.83705352756e-31
2.67397525247e-34
2.92583574146e-35
4.54152709247e-36
3.1033776882e-38
6.48911496267e-38
6.75412683447e-40
0
0
0
0
0
0
0
0
0
0
0
0
0
0
0
0
0
0
0
0
0
0
0
0
0
0
0
0
0
0
0
0
0
0
0
0
0
0
0
0
0
0
0
0
0
0
0
0
0
0
0
0
0
0
0
0
0
0
0
0
0
4.73187870896e-37
1.36855696738e-36
1.48018222157e-36
1.53324969884e-36
1.66591017563e-36
1.78307003283e-36
1.89418951718e-36
1.93150011082e-36
1.83975027054e-36
1.64956710643e-36
1.3221335649e-36
2.82157328225e-37
1.08472371872e-37
8.07731448639e-38
7.28628666281e-38
7.37569250344e-38
7.81705711075e-38
8.54338922661e-38
9.46330392873e-38
1.06086648161e-37
1.20050600002e-37
1.36885375674e-37
1.57331129935e-37
1.8785278327e-37
2.37855742147e-35
200
46.5568766248
7.11712175927e-32
4.52840063939e-34
4.2062385369e-35
1.46130094127e-36
8.01250597166e-38
2.03568717546e-38
1.20138844212e-38
2.79224329539e-38
3.83050456298e-38
2.82061146464e-41
0
0
0
0
0
0
0
0
0
0
0
0
0
0
0
0
0
0
0
0
0
0
0
0
0
0
0
0
0
0
0
0
0
0
0
0
0
0
0
0
0
0
0
0
0
0
0
0
0
0
0
0
0
0
0
0
0
0
0
1.08540617029e-36
1.58678507262e-36
1.65667300725e-36
1.71070556303e-36
1.79502120936e-36
1.86907113976e-36
1.9504336563e-36
2.00444539555e-36
2.0773584737e-36
2.10412224636e-36
1.95762368519e-36
8.71983184687e-37
1.7771089066e-37
1.06535772781e-37
8.48389440111e-38
7.97806507103e-38
8.08015044175e-38
8.49409841532e-38
9.15120037656e-38
1.000238299e-37
1.09988142431e-37
1.21673320676e-37
1.34798280146e-37
1.52167380368e-37
8.84000534084e-36
1.5035103557e-30
2.63950525444e-32
6.21179788194e-34
4.95492965979e-35
3.0703051934e-36
1.12462723059e-37
2.78370447668e-38
1.60824952403e-38
1.33517543004e-38
1.64818965053e-38
1.33450643786e-38
2.26089115299e-38
3.35100728479e-40
0
0
0
0
0
0
0
0
0
0
0
0
0
0
0
0
0
0
0
0
0
0
0
0
0
0
0
0
0
0
0
0
0
0
0
0
0
0
0
0
0
0
0
0
0
0
0
0
0
0
0
0
0
0
0
0
0
0
9.8623124431e-37
1.74228009328e-36
1.76324419008e-36
1.88669816016e-36
1.9534394093e-36
1.99763510488e-36
2.05461671815e-36
2.11330245503e-36
2.20401517662e-36
2.35901888643e-36
2.47854004752e-36
1.61168977031e-36
2.79429056386e-37
1.36618561358e-37
1.00873376887e-37
8.86568909259e-38
8.56735425494e-38
8.69091821262e-38
9.10438459399e-38
9.69523401599e-38
1.04239597417e-37
1.12693276147e-37
1.21726661235e-37
1.33055349749e-37
2.62479134457e-36
7.6619923728e-33
6.69859176921e-34
6.37520602477e-35
4.8939149655e-36
1.45381377855e-37
2.50529270049e-38
1.58735683762e-38
1.20165788704e-38
1.08124959791e-38
1.08110778479e-38
9.98131403891e-39
8.74684536114e-39
2.03456187594e-38
5.38900332712e-39
0
0
0
0
0
0
0
0
0
0
0
0
0
0
0
0
0
0
0
0
0
0
0
0
0
0
0
0
0
0
0
0
0
0
0
0
0
0
0
0
0
0
0
0
0
0
0
0
0
0
0
0
0
0
0
0
0
0
2.66017038508e-36
2.06552712244e-36
2.17867914373e-36
2.20844116793e-36
2.20989424194e-36
2.23972402543e-36
2.2774561551e-36
2.37003617879e-36
2.48021102867e-36
2.69582271499e-36
2.3356126401e-36
5.99452507542e-37
1.78081270398e-37
1.19744464547e-37
9.96616808738e-38
9.2532260717e-38
9.10520727968e-38
9.27027360384e-38
9.69904906888e-38
1.02404143673e-37
1.08651250786e-37
1.15101337641e-37
200
200
8.0435706508e-34
7.98094904365e-35
7.20732832184e-36
5.05555146616e-38
1.95905744863e-38
1.34963010685e-38
1.08149209834e-38
9.73124638118e-39
8.75569673879e-39
8.75427860764e-39
8.75095212717e-39
9.7232801413e-39
1.37197563158e-38
3.33810262795e-38
1.70598586058e-38
0
0
0
0
0
0
0
0
0
0
0
0
0
0
0
0
0
0
0
0
0
0
0
0
0
0
0
0
0
0
0
0
0
0
0
0
0
0
0
0
0
0
0
0
0
0
0
0
0
0
0
0
0
0
0
0
0
4.45583178694e-36
2.86617732263e-36
2.74984805958e-36
2.61424420891e-36
2.52348690388e-36
2.48804606513e-36
2.50701796512e-36
2.54225446877e-36
2.63317089333e-36
2.76809169193e-36
2.95741518238e-36
1.10675947463e-36
2.33345529744e-37
1.41933321385e-37
1.1284785519e-37
1.011123197e-37
9.65228447622e-38
9.66201014903e-38
9.88362318803e-38
1.02786596448e-37
200
200
200
200
1.3162901979e-34
9.27237167417e-36
1.84097287078e-38
1.44398380779e-38
1.15561240777e-38
9.72182323037e-39
8.29432732897e-39
7.78422476486e-39
7.09096567219e-39
7.08968935416e-39
7.63341253944e-39
8.65252559902e-39
1.14269152004e-38
2.56948308539e-38
6.30321225034e-37
8.01332198265e-38
0
0
0
0
0
0
0
0
0
0
0
0
0
0
0
0
0
0
0
0
0
0
0
0
0
0
0
0
0
0
0
0
0
0
0
0
0
0
0
0
0
0
0
0
0
0
0
0
0
0
0
0
0
0
0
0
4.74306369428e-36
3.89822292704e-36
3.43232524857e-36
3.1484288946e-36
2.92548792263e-36
2.82647105787e-36
2.76454514118e-36
2.75156546346e-36
2.79448355155e-36
2.8846098413e-36
3.32691616054e-36
1.61310122182e-36
2.97495753238e-37
1.66435978714e-37
1.27582493282e-37
1.11135469693e-37
1.04310686703e-37
1.02245697475e-37
200
200
200
200
200
200
1.29159513712e-35
1.14999354266e-38
1.03738683411e-38
9.12328926682e-39
7.90168414135e-39
7.09286801146e-39
6.38186910497e-39
6.19190105375e-39
5.82212982117e-39
5.92542987236e-39
6.37802596955e-39
7.08494474253e-39
9.71764488439e-39
1.57771871386e-34
5.62024770282e-35
1.76544323274e-35
1.3728520933e-37
0
0
0
0
0
0
0
0
0
0
0
0
0
0
0
0
0
0
0
0
0
0
0
0
0
0
0
0
0
0
0
0
0
0
0
0
0
0
0
0
0
0
0
0
0
0
0
0
0
0
0
0
0
0
0
5.00000625956e-36
4.82277099508e-36
4.14355399406e-36
3.74444652192e-36
3.45507069039e-36
3.21907252306e-36
3.06346968368e-36
2.98115781891e-36
2.9606085144e-36
2.99300193065e-36
3.34334965381e-36
1.86493481829e-36
3.56910435841e-37
1.92248453122e-37
1.43597150672e-37
1.22770351396e-37
200
200
200
200
200
200
200
200
7.9125189236e-39
7.58414831727e-39
7.13170540781e-39
6.57099166944e-39
6.04663981309e-39
5.66360544097e-39
5.16734972157e-39
5.12399110141e-39
4.94353239747e-39
5.0664729374e-39
5.16350658615e-39
5.84992147059e-39
2.48930358114e-29
1.06759021959e-28
1.5488314496e-30
1.14114368766e-32
4.51719473016e-34
3.77080578422e-38
0
0
0
0
0
0
0
0
0
0
0
0
0
0
0
0
0
0
0
0
0
0
0
0
0
0
0
0
0
0
0
0
0
0
0
0
0
0
0
0
0
0
0
0
0
0
0
0
0
0
0
0
0
0
4.31044678225e-36
5.61573408142e-36
4.75648403476e-36
4.30856440767e-36
3.96801158957e-36
3.63685861414e-36
3.38675414764e-36
3.20917329651e-36
3.1057722152e-36
3.06082572444e-36
3.3143196922e-36
1.80547011553e-36
200
200
200
200
200
200
200
200
200
200
200
200
5.77692700957e-39
5.60162491381e-39
5.38431658557e-39
5.14025949199e-39
4.80171189815e-39
4.6142657694e-39
4.28798036662e-39
4.18244033478e-39
4.18244033478e-39
4.18116401675e-39
4.34851169951e-39
9.12966826087e-24
200
200
200
5.05895319373e-27
2.40432625126e-31
2.44379453821e-33
6.15385781526e-39
0
0
0
0
0
0
0
0
0
0
0
0
0
0
0
0
0
0
0
0
0
0
0
0
0
0
0
0
0
0
0
0
0
0
0
0
0
0
0
0
0
0
0
0
0
0
0
0
0
0
0
0
0
3.05530445737e-36
6.1417739979e-36
200
200
200
200
200
200
200
200
200
200
200
200
200
200
200
200
200
200
200
200
200
200
4.54467530669e-39
4.47720309206e-39
4.3505035207e-39
4.18605477939e-39
4.00489430012e-39
3.76494995434e-39
3.68129898997e-39
3.51946294468e-39
3.43344114154e-39
3.48304794441e-39
3.73346297517e-39
200
200
200
200
200
200
4.33980659242e-30
1.97947355676e-33
1.60006888447e-41
0
0
0
0
0
0
0
0
0
0
0
0
0
0
0
0
0
0
0
0
0
0
0
0
0
0
0
0
0
0
0
0
0
0
0
0
0
0
0
0
0
0
0
0
0
0
0
0
0
0
0
0
200
200
200
200
200
200
200
200
200
200
200
200
200
200
200
200
200
200
200
200
200
200
200
200
3.82437250247e-39
3.71219661611e-39
3.6395282066e-39
3.52767739582e-39
3.36446229395e-39
3.2263104721e-39
3.07463501938e-39
3.00652845186e-39
2.95730440146e-39
2.98574553072e-39
3.04588606437e-39
3.38559416733e-39
200
200
200
200
200
200
3.51386771237e-30
4.14207278042e-35
0
0
0
0
0
0
0
0
0
0
0
0
0
0
0
0
0
0
0
0
0
0
0
0
0
0
0
0
0
0
0
0
0
0
0
0
0
0
0
0
0
0
0
0
0
0
0
0
0
0
0
200
200
200
200
200
200
200
200
200
200
200
200
200
200
200
200
200
200
200
200
200
200
200
200
200
3.22506902769e-39
3.18074895807e-39
3.07709638961e-39
2.94730472275e-39
2.85982064341e-39
2.68996700771e-39
2.60650095543e-39
2.52642075152e-39
2.47339827203e-39
2.47697561481e-39
2.57345569828e-39
2.81083979985e-39
3.53501168892e-39
200
200
200
200
200
200
2.00755016135e-31
2.61570808059e-35
0
0
0
0
0
0
0
0
0
0
0
0
0
0
0
0
0
0
0
0
0
0
0
0
0
0
0
0
0
0
0
0
0
0
0
0
0
0
0
0
0
0
0
0
0
0
0
0
0
200
200
200
200
200
200
200
200
200
200
200
200
200
200
200
200
200
200
200
200
200
200
200
200
200
200
2.71071006815e-39
2.63092984255e-39
2.58092909312e-39
2.49185135372e-39
2.37354044904e-39
2.31296472855e-39
2.19814161144e-39
2.13600261916e-39
2.10269547408e-39
2.09996306811e-39
2.14838732269e-39
2.31042125689e-39
2.77290663983e-39
3.50716777587e-37
200
200
200
200
200
3.20330684558e-24
9.97693515803e-33
4.64563369708e-38
0
0
0
0
0
0
0
0
0
0
0
0
0
0
0
0
0
0
0
0
0
0
0
0
0
0
0
0
0
0
0
0
0
0
0
0
0
0
0
0
0
0
0
0
0
0
0
0
200
200
200
200
200
200
200
200
200
200
200
200
200
200
200
200
200
200
200
200
200
200
200
200
200
200
2.27560079316e-39
2.23266960422e-39
2.18690930545e-39
2.11827084741e-39
2.05352258581e-39
1.96203707027e-39
1.90335175117e-39
1.85904238085e-39
1.81672204903e-39
1.7930300495e-39
1.82599536437e-39
1.90423631894e-39
2.15711081106e-39
1.17761035161e-37
4.753156199e-36
200
200
200
200
200
7.66817061085e-30
2.21523847654e-35
4.1825690922e-39
0
0
0
0
0
0
0
0
0
0
0
0
0
0
0
0
0
0
0
0
0
0
0
0
0
0
0
0
0
0
0
0
0
0
0
0
0
0
0
0
0
0
0
0
0
0
200
200
200
200
200
200
200
200
200
200
200
200
200
200
200
200
200
200
200
200
200
200
200
200
200
200
200
1.99860903241e-39
1.95562544632e-39
1.9086715854e-39
1.85894496834e-39
1.79915920552e-39
1.72592213542e-39
1.69141034733e-39
1.63425760863e-39
1.57743854607e-39
1.56016330485e-39
1.56037318175e-39
1.59596764145e-39
1.72992572134e-39
3.31619434817e-39
2.28803709789e-36
4.23169093474e-36
200
200
200
200
7.68342153524e-22
2.94084928383e-35
3.01077339323e-35
0
0
0
0
0
0
0
0
0
0
0
0
0
0
0
0
0
0
0
0
0
0
0
0
0
0
0
0
0
0
0
0
0
0
0
0
0
0
0
0
0
0
0
0
0
0
200
200
200
200
200
200
200
200
200
200
200
200
200
200
200
200
200
200
200
200
200
200
200
200
200
200
200
1.80025598861e-39
1.76135582092e-39
1.72220885201e-39
1.67486982481e-39
1.62599862678e-39
1.56320729127e-39
1.52429166848e-39
1.4584995187e-39
1.40152926723e-39
1.37755011162e-39
1.36426093842e-39
1.37449632821e-39
1.43605575366e-39
1.718538288e-39
5.88518980499e-37
6.00299469776e-36
3.77818916847e-36
5.4879729553e-36
200
200
200
2.26602659582e-35
4.53055807354e-35
3.06149058957e-35
0
0
0
0
0
0
0
0
0
0
0
0
0
0
0
0
0
0
0
0
0
0
0
0
0
0
0
0
0
0
0
0
0
0
0
0
0
0
0
0
0
0
0
0
200
200
200
200
200
200
200
200
200
200
200
200
200
200
200
200
200
200
200
200
200
200
200
200
200
200
200
200
1.66501002425e-39
1.62332023803e-39
1.59351909221e-39
1.54419653771e-39
1.4893250077e-39
1.43880852696e-39
1.37595321464e-39
1.31539127261e-39
1.25296802156e-39
1.22219555999e-39
1.18568543061e-39
1.17204180239e-39
1.21028692759e-39
1.33070333211e-39
1.04220707533e-37
3.03081520617e-36
3.61371933646e-36
5.52457401568e-36
8.05093659509e-36
1.07571422315e-35
1.61946475024e-35
2.21830744251e-35
3.53904890987e-35
8.01392968733e-35
4.19360085726e-34
0
0
0
0
0
0
0
0
0
0
0
0
0
0
0
0
0
0
0
0
0
0
0
0
0
0
0
0
0
0
0
0
0
0
0
0
0
0
0
0
0
0
0
200
200
200
200
200
200
200
200
200
200
200
200
200
200
200
200
200
200
200
200
200
200
200
200
200
200
200
200
1.56830507216e-39
1.52438335957e-39
1.49127953826e-39
1.44519434155e-39
1.3873273705e-39
1.32758187199e-39
1.25878387436e-39
1.19036490825e-39
1.12376746628e-39
1.07269565762e-39
1.02495312303e-39
1.00311307049e-39
1.00126583182e-39
1.05016161997e-39
1.39825385037e-39
5.70575130971e-37
3.329715554e-36
4.37315723183e-36
9.11939979856e-36
1.37941994534e-35
2.06902472782e-35
2.81316593524e-35
4.32424613749e-35
1.08150178711e-34
3.0793004346e-34
2.18701152951e-35
0
0
0
0
0
0
0
0
0
0
0
0
0
0
0
0
0
0
0
0
0
0
0
0
0
0
0
0
0
0
0
0
0
0
0
0
0
0
0
0
0
0
200
200
200
200
200
200
200
200
200
200
200
200
200
200
200
200
200
200
200
200
200
200
200
200
200
200
200
200
1.51028194019e-39
1.45455959196e-39
1.41804337315e-39
1.36916691574e-39
1.29755188557e-39
1.23300164068e-39
1.15686786158e-39
1.07882533402e-39
1.01034509122e-39
9.48991461444e-40
8.97946184015e-40
8.5898814619e-40
8.29132310669e-40
8.30608521406e-40
9.03694757582e-40
4.90823064016e-38
9.5173676603e-37
2.17783394555e-36
4.91180240694e-36
9.31857979054e-36
1.81639492036e-35
3.16092795789e-35
5.71977347512e-35
7.36920530795e-35
7.6094918409e-35
1.90180516856e-34
0
0
0
0
0
0
0
0
0
0
0
0
0
0
0
0
0
0
0
0
0
0
0
0
0
0
0
0
0
0
0
0
0
0
0
0
0
0
0
0
0
0
200
200
200
200
200
200
200
200
200
200
200
200
200
200
200
200
200
200
200
200
200
200
200
200
200
200
200
200
1.49273991063e-39
1.42019828787e-39
1.37345814689e-39
1.31182832775e-39
1.23719835987e-39
1.15566248764e-39
1.07168365461e-39
9.92179259889e-40
9.15482573587e-40
8.49714291454e-40
7.97169645504e-40
7.50425395629e-40
7.21455595479e-40
6.95996667419e-40
6.96177157259e-40
7.87305915547e-40
1.28889701759e-37
6.33168557549e-37
1.42420662916e-36
3.26035843373e-36
6.24329181541e-36
1.28642771803e-35
2.41364020605e-35
3.96486012982e-35
4.95492918939e-35
7.79537606861e-35
5.02819487165e-34
9.03924078148e-28
0
0
0
0
0
0
0
0
0
0
0
0
0
0
0
0
0
0
0
0
0
0
0
0
0
0
0
0
0
0
0
0
0
0
0
0
0
0
0
200
200
200
200
200
200
200
200
200
200
200
200
200
200
200
200
200
200
200
200
200
200
200
200
200
200
200
200
200
1.53730983886e-39
1.42818101705e-39
1.36451679175e-39
1.29051252818e-39
1.19513721089e-39
1.10299904745e-39
1.0108175008e-39
9.2119135193e-40
8.44365450664e-40
7.74541097379e-40
7.18190641628e-40
6.74988485116e-40
6.33952770897e-40
5.95319131809e-40
5.79113902691e-40
5.80319605816e-40
1.11975027523e-39
1.07768150552e-37
2.76102806134e-37
6.33221856245e-37
1.35815157667e-36
2.88126926094e-36
5.84665662116e-36
1.23435208941e-35
2.31948581992e-35
4.85587820765e-35
6.28781151679e-28
123.770430534
0
0
0
0
0
0
0
0
0
0
0
0
0
0
0
0
0
0
0
0
0
0
0
0
0
0
0
0
0
0
0
0
0
0
0
0
0
0
0
200
200
200
200
200
200
200
200
200
200
200
200
200
200
200
200
200
200
200
200
200
200
200
200
200
200
200
200
200
200
1.51927489111e-39
1.40868957469e-39
1.29009849766e-39
1.17913483267e-39
1.0690577984e-39
9.68723354601e-40
8.75268446524e-40
7.95309105062e-40
7.23709110008e-40
6.68154514382e-40
6.13280050586e-40
5.66039371985e-40
5.23487731269e-40
4.80189491397e-40
4.56772056012e-40
4.59080385192e-40
6.33276486534e-39
5.38079052738e-38
1.11767555827e-37
2.16409240522e-37
3.84722569975e-37
7.32373536839e-37
1.89039819372e-36
7.7770479787e-36
2.22171129278e-33
2.17039345326e-27
2.13292881018e-35
86.0470335157
0
0
0
0
0
0
0
0
0
0
0
0
0
0
0
0
0
0
0
0
0
0
0
0
0
0
0
0
0
0
0
0
0
0
0
0
0
0
200
200
200
200
200
200
200
200
200
200
200
200
200
200
200
200
200
200
200
200
200
200
200
200
200
200
200
200
200
3.65639155151e-25
1.77067069353e-39
1.5483412091e-39
1.35203218124e-39
1.19488499993e-39
1.05912760876e-39
9.41672586e-40
8.40864213016e-40
7.49666979683e-40
6.86019618729e-40
6.22298642422e-40
5.66061292485e-40
5.10199206342e-40
4.56525320959e-40
4.06707037873e-40
3.65946212265e-40
3.3947515918e-40
3.48401208275e-40
5.72516673149e-39
1.79517382281e-38
3.29159145273e-38
5.4586116812e-38
7.93986585861e-38
1.09918803274e-37
1.9725103219e-37
9.52119234288e-37
6.69336716028e-36
8.13741440579e-37
200
0
0
0
0
0
0
0
0
0
0
0
0
0
0
0
0
0
0
0
0
0
0
0
0
0
0
0
0
0
0
0
0
0
0
0
0
0
200
200
200
200
200
200
200
200
200
200
200
200
200
200
200
200
200
200
200
200
200
200
200
200
200
200
200
200
200
200
8.52711232197e-34
2.51984449117e-39
1.89628049227e-39
1.49651758012e-39
1.24552063548e-39
1.06731376839e-39
9.31453596723e-40
8.16265206401e-40
7.29478373277e-40
6.53914253104e-40
5.89635717677e-40
5.30085484061e-40
4.69259036695e-40
4.0801557493e-40
3.53453829085e-40
3.09006428955e-40
2.70926023808e-40
2.42974232208e-40
3.12683023187e-40
2.01271459594e-39
3.73543059905e-39
6.47600622344e-39
9.34781963307e-39
8.70627638041e-39
6.22245177379e-39
1.85170801331e-39
1.61755136678e-39
7.04321085761e-40
1.09674227983e-38
200
0
0
0
0
0
0
0
0
0
0
0
0
0
0
0
0
0
0
0
0
0
0
0
0
0
0
0
0
0
0
0
0
0
0
0
0
200
200
200
200
200
200
200
200
200
200
200
200
200
200
200
200
200
200
200
200
200
200
200
200
200
200
200
200
200
200
6.31222828741e-33
7.6159164979e-31
198.614050878
1.76528858627e-39
1.32791786167e-39
1.09235132164e-39
9.292127705e-40
8.0453018972e-40
7.14169166243e-40
6.37816498321e-40
5.66822869607e-40
5.05311462969e-40
4.42633538834e-40
3.80089382347e-40
3.24607785449e-40
2.74180166252e-40
2.17228816447e-40
1.40655015722e-40
1.52540857538e-40
2.70992050873e-40
4.97490480427e-40
6.98412089021e-40
6.68142426175e-40
3.81084585124e-40
4.96352440631e-40
6.94020737727e-40
1.17899478367e-39
2.00044824656e-39
1.33546340924e-38
1.85767578543e-37
0
0
0
0
0
0
0
0
0
0
0
0
0
0
0
0
0
0
0
0
0
0
0
0
0
0
0
0
0
0
0
0
0
0
0
1.43194077036e-42
200
200
200
200
200
200
200
200
200
200
200
200
200
200
200
200
200
200
200
200
200
200
200
200
200
200
200
200
200
200
2.29296200918e-32
7.42612552854e-34
8.26892312488e-28
200
4.72059283171e-23
1.12175025415e-39
9.26313800437e-40
7.97198868013e-40
7.03927510186e-40
6.25187479063e-40
5.56832048836e-40
4.91734356752e-40
4.2356113543e-40
3.61389004865e-40
3.01299944854e-40
2.37820131242e-40
1.6884306205e-40
9.02475740474e-41
1.60005637779e-41
2.8588831995e-41
3.34096454525e-41
3.79287125862e-41
8.48249330861e-41
1.23181013154e-40
2.03147384549e-40
4.23052431882e-40
1.06054589224e-39
4.06705373229e-39
2.26274335748e-38
2.03641408043e-38
6.78287733326e-43
0
0
0
0
0
0
0
0
0
0
0
0
0
0
0
0
0
0
0
0
0
0
0
0
0
0
0
0
0
0
0
0
0
0
200
200
200
200
200
200
200
200
200
200
200
200
200
200
200
200
200
200
200
200
200
200
200
200
200
200
200
200
200
200
200
1.82273047042e-32
1.93618118636e-32
1.99623444703e-32
3.87474128555e-32
8.10478704631e-27
200
200
8.27606665343e-40
7.13686774016e-40
6.29770116502e-40
5.56661624098e-40
4.89589636777e-40
4.11939369125e-40
3.52597658025e-40
2.9086559054e-40
2.39770233319e-40
1.77312865067e-40
8.4995876544e-41
1.60005637779e-41
2.58324836692e-41
3.26559924154e-41
3.71750595492e-41
4.6926189727e-41
1.0993247599e-40
1.55062170871e-40
3.29589937461e-40
9.54491303018e-40
2.00099765963e-39
3.76958975982e-39
1.54512757807e-40
1.09915980974e-37
0
0
0
0
0
0
0
0
0
0
0
0
0
0
0
0
0
0
0
0
0
0
0
0
0
0
0
0
0
0
0
0
0
0
200
200
200
200
200
200
200
200
200
200
200
200
200
200
200
200
200
200
200
200
200
200
200
200
200
200
200
200
200
200
199.999999996
)
;

boundaryField
{
    frontAndBack
    {
        type            empty;
    }
    leftWall
    {
        type            calculated;
        value           uniform 0;
    }
    outlet
    {
        type            calculated;
        value           uniform 0;
    }
    rightWall
    {
        type            calculated;
        value           uniform 0;
    }
    inlet
    {
        type            calculated;
        value           uniform 1.01382162549e-36;
    }
}


// ************************************************************************* //
