/*--------------------------------*- C++ -*----------------------------------*\
| =========                 |                                                 |
| \\      /  F ield         | OpenFOAM: The Open Source CFD Toolbox           |
|  \\    /   O peration     | Version:  v1906                                 |
|   \\  /    A nd           | Web:      www.OpenFOAM.com                      |
|    \\/     M anipulation  |                                                 |
\*---------------------------------------------------------------------------*/
FoamFile
{
    version     2.0;
    format      ascii;
    class       volScalarField;
    location    "777";
    object      alpha;
}
// * * * * * * * * * * * * * * * * * * * * * * * * * * * * * * * * * * * * * //

dimensions      [0 0 -1 0 0 0 0];


internalField   nonuniform List<scalar> 
9216
(
200
200
200
200
200
200
200
200
200
200
200
200
200
200
200
200
200
200
200
200
200
200
200
200
200
200
200
200
200
200
200
200
200
200
200
200
200
200
200
200
200
200
200
200
200
200
200
200
200
200
200
200
200
200
200
200
200
200
200
200
200
200
200
200
200
200
200
200
200
200
200
200
200
200
200
200
200
200
200
200
200
200
200
200
199.999999975
183.519620989
163.759306609
139.320340209
111.966669614
88.0203280025
66.5898100513
49.4490561444
35.5375273821
22.8834731316
13.0510129223
1.58020463919
200
200
200
200
200
200
200
200
200
200
200
200
200
200
200
200
200
200
200
200
200
200
200
200
200
200
200
200
200
200
200
200
200
200
200
200
200
200
200
200
200
200
200
200
200
200
200
200
200
200
200
200
200
200
200
200
200
200
200
200
200
200
200
200
200
200
200
200
200
200
200
200
200
200
200
200
200
200
200
200
200
200
200
200
200
196.648394374
176.987459265
151.562109669
127.759029905
100.721768442
77.0567498972
61.0735469306
48.0144042981
31.3398841476
20.6697749409
15.4379999068
200
200
200
200
200
200
200
200
200
200
200
200
200
200
200
200
200
200
200
200
200
200
200
200
200
200
200
200
200
200
200
200
200
200
200
200
200
200
200
200
200
200
200
200
200
200
200
200
200
200
200
200
200
200
200
200
200
200
200
200
200
200
200
200
200
200
200
200
200
200
200
200
200
200
200
200
200
200
200
200
200
200
200
200
200
193.379414121
167.825092537
151.594074917
132.701669409
102.499700706
74.4275407782
64.928454594
47.5893614129
36.6276147527
32.0531061176
21.8059897919
200
200
200
200
200
200
200
200
200
200
200
200
200
200
200
200
200
200
200
200
200
200
200
200
200
200
200
200
200
200
200
200
200
200
200
200
200
200
200
200
200
200
200
200
200
200
200
200
200
200
200
200
200
200
200
200
200
200
200
200
200
200
200
200
200
200
200
200
200
200
200
200
200
200
200
200
200
200
200
200
200
200
200
200
200
186.533454533
165.351963788
149.67682855
125.518134911
106.91569253
86.5028878525
62.8092200293
56.2960704584
47.0000754035
40.9280073905
28.5474745979
200
200
200
200
200
200
200
200
200
200
200
200
200
200
200
200
200
200
200
200
200
200
200
200
200
200
200
200
200
200
200
200
200
200
200
200
200
200
200
200
200
200
200
200
200
200
200
200
200
200
200
200
200
200
200
200
200
200
200
200
200
200
200
200
200
200
200
200
200
200
200
200
200
200
200
200
200
200
200
200
200
200
200
200
199.999994235
177.73518515
157.033029294
142.973035213
132.483079183
108.655281648
93.1147896622
72.4827063676
58.3939535929
57.0922609281
53.4911108621
41.1224289351
200
200
200
200
200
200
200
200
200
200
200
200
200
200
200
200
200
200
200
200
200
200
200
200
200
200
200
200
200
200
200
200
200
200
200
200
200
200
200
200
200
200
200
200
200
200
200
200
200
200
200
200
200
200
200
200
200
200
200
200
200
200
200
200
200
200
200
200
200
200
200
200
200
200
200
200
200
200
200
200
200
200
200
200
197.419905492
175.399646104
161.716869328
142.65789357
122.147894194
103.018479677
99.7578212546
87.2237300694
69.4893266881
66.2863027783
65.3778986039
52.5499728614
200
200
200
200
200
200
200
200
200
200
200
200
200
200
200
200
200
200
200
200
200
200
200
200
200
200
200
200
200
200
200
200
200
200
200
200
200
200
200
200
200
200
200
200
200
200
200
200
200
200
200
200
200
200
200
200
200
200
200
200
200
200
200
200
200
200
200
200
200
200
200
200
200
200
200
200
200
200
200
200
200
200
200
200
192.498146837
173.380541604
157.174409246
141.935881202
121.921541259
112.486912092
98.3412268512
96.6808288376
87.4285516133
76.9785423322
76.7438971112
63.4727672661
200
200
200
200
200
200
200
200
200
200
200
200
200
200
200
200
200
200
200
200
200
200
200
200
200
200
200
200
200
200
200
200
200
200
200
200
200
200
200
200
200
200
200
200
200
200
200
200
200
200
200
200
200
200
200
200
200
200
200
200
200
200
200
200
200
200
200
200
200
200
200
200
200
200
200
200
200
200
200
200
200
200
200
200
188.286175159
171.781811796
152.839532312
137.843332155
125.278453751
118.0884219
109.136137875
99.4745355701
99.7665990859
86.8219833406
87.4443324739
74.2276995361
200
200
200
200
200
200
200
200
200
200
200
200
200
200
200
200
200
200
200
200
200
200
200
200
200
200
200
200
200
200
200
200
200
200
200
200
200
200
200
200
200
200
200
200
200
200
200
200
200
200
200
200
200
200
200
200
200
200
200
200
200
200
200
200
200
200
200
200
200
200
200
200
200
200
200
200
200
200
200
200
200
200
200
200
187.446530654
171.992064913
156.008871008
139.334274197
127.671596071
115.231159778
116.662275584
110.663246915
104.427023105
99.949200055
96.409258637
83.8853386242
200
200
200
200
200
200
200
200
200
200
200
200
200
200
200
200
200
200
200
200
200
200
200
200
200
200
200
200
200
200
200
200
200
200
200
200
200
200
200
200
200
200
200
200
200
200
200
200
200
200
200
200
200
200
200
200
200
200
200
200
200
200
200
200
200
200
200
200
200
199.979490693
199.50034834
199.783060099
200
200
200
200
199.971968269
200
200
200
200
200
200
199.999717432
186.055974986
171.2430431
155.37740306
142.111878268
131.558725947
123.842869582
117.210516213
117.989565706
113.393219375
111.229662943
104.932754273
93.911415749
200
200
200
200
200
200
200
200
200
200
200
200
200
200
200
200
200
200
200
200
200
200
200
200
200
200
200
200
200
200
200
200
200
200
200
200
200
200
200
200
200
200
200
200
200
200
200
200
200
200
200
200
200
200
200
200
200
200
200
200
200
200
200
200
183.987657107
62.3878441621
12.9149379845
3.19572748105
1.04424235695
0.556901608364
0.584670278531
1.06161316274
2.65949384299
8.45382817651
33.7175314385
133.600040009
182.385941619
196.810465677
199.928344831
199.954258225
199.35089615
199.999898942
200
199.07253333
184.630869595
167.66754434
154.652660505
144.75314771
138.806172397
131.799444564
126.493323461
119.377227828
121.044898012
123.172719094
113.453484899
101.799766464
200
200
200
200
200
200
200
200
200
200
200
200
200
200
200
200
200
200
200
200
200
200
200
200
200
200
200
200
200
200
200
200
200
200
200
200
200
200
200
200
200
200
200
200
200
200
200
200
200
200
200
200
200
200
200
200
200
200
200
200
200
7.50665521877
0.0869699498536
0.00480476633147
0.000587829136752
0.000103436402688
2.28711084778e-05
7.01360368318e-06
3.80810884023e-06
3.97386394031e-06
6.70078340543e-06
1.5171429482e-05
4.27014642033e-05
0.000146188957781
0.000608707372416
0.00311515347518
0.0208284983321
0.194551153748
2.72164453636
52.9722137217
181.502507447
199.501683534
199.882000797
197.1279075
182.456612857
167.92816303
158.031403621
149.844193326
142.1440993
137.00013034
132.203856794
128.578128563
123.919068856
129.043291184
121.106677378
107.995398473
200
200
200
200
200
200
200
200
200
200
200
200
200
200
200
200
200
200
200
200
200
200
200
200
200
200
200
200
200
200
200
200
200
200
200
200
200
200
200
200
200
200
200
200
200
200
200
200
200
200
200
200
200
200
200
200
200
200
175.058419201
0.393478282742
0.00026089621679
4.07341877599e-07
2.39077050599e-08
3.93332860445e-09
9.51732037827e-10
2.80031596563e-10
1.11438329351e-10
7.62470103947e-11
8.94524974039e-11
1.52298443404e-10
3.29341625871e-10
8.5931628405e-10
2.65843250632e-09
9.65352037417e-09
4.10129417718e-08
2.14373457196e-07
1.43895211096e-06
1.30596064637e-05
0.000162465891113
0.00276583528939
0.0667432009632
2.56149583608
116.072351017
189.401103652
181.131612128
170.62161428
162.022857056
153.386238947
145.89359872
140.976443868
136.272512071
132.815305519
130.671634441
132.840990454
127.552535662
113.503007675
200
200
200
200
200
200
200
200
200
200
200
200
200
200
200
200
200
200
200
200
200
200
200
200
200
200
200
200
200
200
200
200
200
200
200
200
200
200
200
200
200
200
200
200
200
200
200
200
200
200
200
200
200
200
200
200
200
0.221122012623
8.16520452084e-06
2.10145901731e-10
4.29489045399e-12
3.73980443113e-13
7.50390809716e-14
2.21239211076e-14
8.06718622265e-15
4.43639125936e-15
4.01070084314e-15
5.4036604138e-15
9.47683808421e-15
2.00553634189e-14
4.92209979816e-14
1.38822386922e-13
4.51187798843e-13
1.72702003023e-12
7.95296357917e-12
4.52974559355e-11
3.28730775238e-10
3.07475689425e-09
3.49342750362e-08
4.97041553612e-07
9.88223023615e-06
0.000281557659838
0.0114007489389
0.597548336518
37.7942417835
162.050367643
164.426589665
155.637246347
149.067246404
146.218221203
140.539129062
137.528971939
134.84182119
132.909546766
135.313988308
118.204671641
200
200
200
200
200
200
200
200
200
200
200
200
200
200
200
200
200
200
200
200
200
200
200
200
200
200
200
200
200
200
200
200
200
200
200
200
200
200
200
200
200
200
200
200
200
200
200
200
200
200
200
200
200
200
200
1.8988016465
6.07765823999e-05
8.19508954155e-12
1.63269325284e-15
1.31586989273e-16
2.35803911382e-17
6.18425547714e-18
2.21336503058e-18
1.05256694219e-18
7.58023766579e-19
8.17652322781e-19
1.16827549156e-18
2.00813428426e-18
4.00272444887e-18
9.22627006528e-18
2.41751919699e-17
7.25199713343e-17
2.50859487913e-16
1.01703934351e-15
4.891091496e-15
2.85935772637e-14
1.96593774542e-13
1.64949155226e-12
1.72796450078e-11
2.3784196069e-10
4.3710548465e-09
9.70785874705e-08
2.87330972981e-06
0.000113258136662
0.0047623796789
0.370689534157
46.4069036787
153.366993471
153.689963555
150.372289599
144.780439075
141.406022267
138.053372989
136.217096043
140.462060923
122.164204593
200
200
200
200
200
200
200
200
200
200
200
200
200
200
200
200
200
200
200
200
200
200
200
200
200
200
200
200
200
200
200
200
200
200
200
200
200
200
200
200
200
200
200
200
200
200
200
200
200
200
200
200
200
200
0.0567221010287
6.10399365215e-12
1.74895163943e-17
1.53040573781e-19
2.00664737168e-20
4.81287610716e-21
1.64534613979e-21
7.22509393198e-22
4.15173834733e-22
3.48523261224e-22
4.08560516943e-22
6.01351582676e-22
1.03829258425e-21
2.0485683841e-21
4.52064870285e-21
1.13604065042e-20
3.22099427609e-20
1.03593110503e-19
3.7864071632e-19
1.56569167077e-18
7.49823027512e-18
4.21892407119e-17
2.79242516308e-16
2.19997737736e-15
2.11718703959e-14
2.48151271241e-13
3.63922635471e-12
7.01792138303e-11
1.81573973406e-09
5.4293852577e-08
1.73798054615e-06
8.92784893266e-05
0.00818137308801
1.89893943356
137.211005467
152.159652806
146.975760702
143.973648355
141.71310877
138.717397234
141.502205601
125.030265328
200
200
200
200
200
200
200
200
200
200
200
200
200
200
200
200
200
200
200
200
200
200
200
200
200
200
200
200
200
200
200
200
200
200
200
200
200
200
200
200
200
200
200
200
200
200
200
200
200
200
200
200
200
0.00818775664215
3.20249855353e-18
1.37773695349e-21
6.99114637045e-23
1.27267514185e-23
3.56584374909e-24
1.37560067067e-24
6.81210731327e-25
4.27658727405e-25
3.75073357192e-25
4.42409981263e-25
6.46167412994e-25
1.09332793572e-24
2.08320753111e-24
4.48692094833e-24
1.08771212176e-23
2.90930950588e-23
8.81738776529e-23
3.03167078847e-22
1.16691585775e-21
4.99784791709e-21
2.42910431403e-20
1.35142823672e-19
8.41952188548e-19
6.03013839455e-18
5.20163689427e-17
5.37872823161e-16
6.78982384633e-15
1.05561590616e-13
2.0894463267e-12
4.58878150576e-11
1.32289517971e-09
5.24181319992e-08
3.56566057859e-06
0.000487104807483
0.119559330086
84.8137495224
148.7221923
145.365905582
143.58611625
140.634071077
141.735354215
126.689662531
200
200
200
200
200
200
200
200
200
200
200
200
200
200
200
200
200
200
200
200
200
200
200
200
200
200
200
200
200
200
200
200
200
200
200
200
200
200
200
200
200
200
200
200
200
200
200
200
200
200
200
200
0.0021607911785
2.00339304796e-22
1.37493712494e-24
1.39527576375e-25
2.89886048472e-26
8.42253198416e-27
3.23217296592e-27
1.50903858716e-27
9.20532983085e-28
7.57161782344e-28
8.46679299239e-28
1.20603816187e-27
2.16464744466e-27
4.194005911e-27
9.01305363115e-27
2.11393575842e-26
5.54988302271e-26
1.62591951324e-25
5.25950534766e-25
1.84611941146e-24
7.204148314e-24
3.06134499353e-23
1.48646102938e-22
7.98298896226e-22
4.73409228697e-21
3.19395919463e-20
2.49998903687e-19
2.21042205845e-18
2.32784099915e-17
3.04084077213e-16
4.45863969951e-15
7.8472930573e-14
1.7061525568e-12
5.4842381676e-11
3.33902080354e-09
2.67697781325e-07
4.33983415957e-05
0.0190928960421
26.684021989
147.357275087
143.494778836
142.298404802
140.705219222
127.67209459
200
200
200
200
200
200
200
200
200
200
200
200
200
200
200
200
200
200
200
200
200
200
200
200
200
200
200
200
200
200
200
200
200
200
200
200
200
200
200
200
200
200
200
200
200
200
200
200
200
200
200
0.000806536643775
2.5951334564e-25
6.05990992158e-27
1.44377644263e-28
0
0
0
0
0
0
0
0
0
3.07605440565e-30
1.01236988522e-29
5.13370000374e-29
1.53059058846e-28
5.18340013967e-28
1.75433077949e-27
6.1474642793e-27
2.24038332999e-26
8.81239301733e-26
3.73933483989e-25
1.69671908147e-24
8.47950126372e-24
4.68316452358e-23
2.96347080987e-22
2.05701935599e-21
1.60842722813e-20
1.4794663385e-19
1.44958023389e-18
1.67385591849e-17
2.45158522779e-16
4.52616607751e-15
1.13813602315e-13
4.9996633717e-12
3.09927858562e-10
3.87916340268e-08
8.95307016183e-06
0.00576562096758
17.0010891134
144.097906518
142.935489601
139.890889594
128.598193388
200
200
200
200
200
200
200
200
200
200
200
200
200
200
200
200
200
200
200
200
200
200
200
200
200
200
200
200
200
200
200
200
200
200
200
200
200
200
200
200
200
200
200
200
200
200
200
200
200
200
0.000349689265341
3.04492116388e-27
0
0
0
0
0
0
0
0
0
0
0
0
0
0
0
2.32347803097e-30
6.38311507638e-30
2.83541280282e-29
1.19495368472e-28
4.8596994866e-28
2.0057836903e-27
8.31902632881e-27
3.5368199825e-26
1.67889959542e-25
8.32147893867e-25
4.56349736251e-24
2.80219779388e-23
1.99839470945e-22
1.44589908557e-21
1.18541225912e-20
1.1497629021e-19
1.34831174328e-18
2.02341209101e-17
4.7174975441e-16
1.39834027531e-14
5.8534108948e-13
5.10297894651e-11
8.95180093567e-09
2.96868140606e-06
0.00364278715087
40.195738652
142.436735182
140.700742673
129.275682557
200
200
200
200
200
200
200
200
200
200
200
200
200
200
200
200
200
200
200
200
200
200
200
200
200
200
200
200
200
200
200
200
200
200
200
200
200
200
200
200
200
200
200
200
200
200
200
200
200
0.000253291999235
3.26633812076e-32
0
0
0
0
0
0
0
0
0
0
0
0
0
0
0
0
0
0
2.23940281739e-31
3.61068223043e-30
1.02216662842e-29
4.57719239659e-29
2.52123803381e-28
1.00854367293e-27
5.1237124972e-27
2.32607623714e-26
1.21821201279e-25
6.21359771484e-25
3.67797305847e-24
2.27929264508e-23
1.67304453583e-22
1.34579970084e-21
1.29195572834e-20
1.58399817147e-19
2.76948574811e-18
6.17662476742e-17
2.058244615e-15
1.17935391723e-13
1.22267099136e-11
3.03489751834e-09
1.79139491683e-06
0.00717675520636
104.336480187
140.95651151
129.107440191
200
200
200
200
200
200
200
200
200
200
200
200
200
200
200
200
200
200
200
200
200
200
200
200
200
200
200
200
200
200
200
200
200
200
200
200
200
200
200
200
200
200
200
200
200
200
200
200
0.000588461572502
0
0
0
0
0
0
0
0
0
0
0
0
0
0
0
0
0
0
0
0
0
0
0
2.24394636073e-30
6.60607274205e-30
3.53578268998e-29
1.76141264393e-28
7.28113767427e-28
3.88509271962e-27
1.85848083564e-26
9.94889982048e-26
5.31012509223e-25
3.53742428264e-24
2.48387724482e-23
2.0609323852e-22
2.02463114559e-21
2.77619533561e-20
4.60122089898e-19
1.20458601293e-17
4.37098654003e-16
3.01467093113e-14
4.26780570338e-12
1.66756781606e-09
2.75049951462e-06
0.0444161261776
130.251670685
127.529798098
200
200
200
200
200
200
200
200
200
200
200
200
200
200
200
200
200
200
200
200
200
200
200
200
200
200
200
200
200
200
200
200
200
200
200
200
200
200
200
200
200
200
200
200
200
200
200
0.00224442776278
0
0
0
0
0
0
0
0
0
0
0
0
0
0
0
0
0
0
0
0
0
0
0
0
0
0
1.73072224183e-30
6.55432106751e-30
3.13427634058e-29
1.59971329489e-28
7.39663594619e-28
4.09230959825e-27
2.02877129775e-26
1.16513200925e-25
7.48066497568e-25
5.06277273192e-24
4.1813678962e-23
4.63650727527e-22
5.62853646966e-21
9.84136087003e-20
2.63468889179e-18
1.2628918106e-16
1.1206136502e-14
2.27501303266e-12
2.15925654292e-09
1.25137349689e-05
2.56808247472
123.899010647
200
200
200
200
200
200
200
200
200
200
200
200
200
200
200
200
200
200
200
200
200
200
200
200
200
200
200
200
200
200
200
200
200
200
200
200
200
200
200
200
200
200
200
200
200
200
0.0380374065263
0
0
0
0
0
0
0
0
0
0
0
0
0
0
0
0
0
0
0
0
0
0
0
0
0
0
0
0
0
1.64974026199e-30
7.3488928914e-30
3.87848765922e-29
2.06819833969e-28
1.00809772739e-27
6.05672013605e-27
3.2943088103e-26
2.07959029557e-25
1.40496931336e-24
1.10562959777e-23
1.22753391806e-22
1.51819184227e-21
3.03895471657e-20
9.37240329026e-19
5.17772139234e-17
6.33756645887e-15
2.54239559079e-12
7.96795056573e-09
0.00033266958842
110.042578354
200
200
200
200
200
200
200
200
200
200
200
200
200
200
200
200
200
200
200
200
200
200
200
200
200
200
200
200
200
200
200
200
200
200
200
200
200
200
200
200
200
200
200
200
200
200
0
0
0
0
0
0
0
0
0
0
0
0
0
0
0
0
0
0
0
0
0
0
0
0
0
0
0
0
0
0
0
0
2.15794011519e-30
1.01406313562e-29
5.62927106607e-29
3.19318358952e-28
1.86813811005e-27
1.05931540322e-26
7.13309806619e-26
4.76543261685e-25
4.0833578087e-24
3.98697137484e-23
5.9471715106e-22
1.25056155451e-20
4.38283128981e-19
3.0625019549e-17
6.53912295492e-15
6.90598367257e-12
1.21683610212e-07
3.68437046281
200
200
200
200
200
200
200
200
200
200
200
200
200
200
200
200
200
200
200
200
200
200
200
200
200
200
200
200
200
200
200
200
200
200
200
200
200
200
200
200
200
200
200
200
200
0
0
0
0
0
0
0
0
0
0
0
0
0
0
0
0
0
0
0
0
0
0
0
0
0
0
0
0
0
0
0
0
0
0
0
3.4733317414e-30
1.78903870996e-29
1.3949010105e-28
7.25391915193e-28
4.59126157242e-27
3.13490144207e-26
1.96006311298e-25
1.64194609482e-24
1.86142305001e-23
2.89755906158e-22
6.45903911079e-21
2.66777599947e-19
2.95157809551e-17
1.39207533021e-14
7.52612391212e-11
0.000175075621938
200
200
200
200
200
200
200
200
200
200
200
200
200
200
200
200
200
200
200
200
200
200
200
200
200
200
200
200
200
200
200
200
200
200
200
200
200
200
200
200
200
200
200
200
200
0
0
0
0
0
0
0
0
0
0
0
0
0
0
0
0
0
0
0
0
0
0
0
0
0
0
0
0
0
0
0
0
0
0
0
0
1.05450908319e-30
7.76915754057e-30
5.69625908099e-29
3.46325364737e-28
2.33463917305e-27
1.54535753778e-26
1.07307051751e-25
8.9803312644e-25
9.79647353964e-24
1.60766924129e-22
3.99039534136e-21
2.47222746878e-19
5.3503610207e-17
9.95607828885e-14
3.08054823328e-08
200
200
200
200
200
200
200
200
200
200
200
200
200
200
200
200
200
200
200
200
200
200
200
200
200
200
200
200
200
200
200
200
200
200
200
200
200
200
200
200
200
200
200
200
200
0
0
0
0
0
0
0
0
0
0
0
0
0
0
0
0
0
0
0
0
0
0
0
0
0
0
0
0
0
0
0
0
0
0
0
0
0
0
3.68187456525e-30
3.09467133901e-29
1.86061049972e-28
1.39184900064e-27
8.72796263082e-27
5.70003303503e-26
4.73543694138e-25
6.03490240198e-24
1.05191258087e-22
3.75683771182e-21
3.84432262989e-19
2.9293668954e-16
9.75574112567e-12
200
200
200
200
200
200
200
200
200
200
200
200
200
200
200
200
200
200
200
200
200
200
200
200
200
200
200
200
200
200
200
200
200
200
200
200
200
200
200
200
200
200
200
200
0
0
0
0
0
0
0
0
0
0
0
0
0
0
0
0
0
0
0
0
0
0
0
0
0
0
0
0
0
0
0
0
0
0
0
0
0
0
0
0
1.654195823e-30
1.93128172627e-29
1.34308873171e-28
9.47469356463e-28
5.82332898054e-27
4.66959065891e-26
3.63749743173e-25
4.91424560533e-24
1.14499652797e-22
5.43670639194e-21
1.56223628246e-18
9.69411776994e-15
200
200
200
200
200
200
200
200
200
200
200
200
200
200
200
200
200
200
200
200
200
200
200
200
200
200
200
200
200
200
200
200
200
200
200
200
200
200
200
200
200
200
200
200
0
0
0
0
0
0
0
0
0
0
0
1.56008146878e-30
7.80533789633e-30
1.20360850411e-29
2.06517189649e-29
0
0
0
0
0
0
0
0
0
0
0
0
0
0
0
0
0
0
0
0
0
0
0
0
0
0
7.00796099713e-31
1.3302035155e-29
1.19047710867e-28
7.90609316403e-28
5.24921149937e-27
4.08303383041e-26
3.9362466402e-25
5.74724811639e-24
1.56886878297e-22
1.78684083345e-20
2.53131000068e-17
200
200
200
1.98202840865e-33
0
0
0
0
0
0
0
0
0
0
0
0
0
0
0
0
0
0
0
2.47714777586e-28
3.59401169038e-26
200
200
200
200
200
200
200
200
200
200
200
200
200
200
200
200
200
200
200
0
0
0
0
0
0
0
0
0
5.41271460758e-30
8.97539492338e-29
5.5342581796e-28
3.95903412409e-27
2.60676006666e-26
4.95301445091e-26
6.94283104048e-26
1.86714558027e-27
1.267882015e-28
0
0
0
0
0
0
0
0
0
0
0
0
0
0
0
0
0
0
0
0
0
0
0
0
1.23682392914e-31
1.11782708794e-29
8.94470714116e-29
6.31630121681e-28
5.07769783919e-27
4.09374345277e-26
3.98702879636e-25
8.10984972578e-24
4.28711245878e-22
1.69590051443e-19
2.46759201067e-34
1.29873263719e-34
0
0
0
0
0
0
0
0
0
0
0
0
0
0
0
0
0
0
0
0
0
0
0
0
0
0
0
0
1.42248411978e-27
1.94782068246e-25
200
200
200
200
200
200
200
200
200
200
200
0
0
0
0
0
0
0
0
1.35219038257e-30
1.1677684491e-28
5.90943406109e-27
5.18644477229e-25
200
200
200
200
200
200
200
200
200
200
199.999999967
196.008742226
0
0
0
0
0
0
0
0
0
0
0
0
0
0
0
0
0
0
0
0
4.8603081067e-33
1.29891093485e-29
1.02769050116e-28
9.1388735883e-28
6.91656236899e-27
5.81452681851e-26
7.53440271372e-25
2.03154449156e-23
2.78805265279e-21
0
0
0
0
0
0
0
0
0
0
0
0
0
0
0
0
0
0
0
0
0
0
0
0
0
0
0
0
0
0
0
0
0
0
0
1.95213017776e-27
9.55646828812e-26
200
200
200
200
200
200
0
0
0
0
0
0
0
1.46143695188e-29
3.40640043125e-27
2.59960000644e-24
200
200
200
200
200
200
200
200
200
200
200
200
200
199.99999999
197.739279619
0
0
0
0
0
0
0
0
0
0
0
0
0
0
0
0
0
0
0
0
4.68270444881e-31
1.86619071633e-29
1.64496852306e-28
1.17005894839e-27
1.10011518823e-26
1.09156004195e-25
1.73957688764e-24
1.05939644426e-22
0
0
0
0
0
0
0
0
0
0
0
0
0
0
0
0
0
0
0
0
0
0
0
0
0
0
0
0
0
0
0
0
0
0
0
0
0
0
1.60589801452e-29
1.42277121451e-27
1.78511654593e-26
4.14703618107e-26
9.3467195201e-28
0
0
0
0
0
0
1.48455319196e-28
9.49000039659e-26
200
200
200
200
200
200
200
200
200
200
200
200
200
200
200
200
199.999999991
197.641374554
0
0
0
0
0
0
0
0
0
0
0
0
0
0
0
0
0
0
0
0
1.46879016877e-30
3.63258059422e-29
2.52074674717e-28
2.05297275465e-27
1.82801001273e-26
2.51046922735e-25
7.34569194333e-24
0
0
0
0
0
0
0
0
0
0
0
0
0
0
0
0
0
0
0
0
0
0
0
0
0
0
0
0
0
0
0
0
0
0
0
0
0
0
0
0
0
0
1.07642477444e-28
0
0
1.91222479417e-32
3.28328171227e-32
2.05040221082e-30
1.18536158083e-27
5.86611079428e-24
200
200
200
200
200
200
200
200
200
200
200
200
200
200
200
200
200
200
199.999999991
197.043823412
0
0
0
0
0
0
0
0
0
0
0
0
0
0
0
0
0
0
0
0
4.33304528389e-30
6.72685861779e-29
5.64057200499e-28
4.95763296943e-27
5.34737781764e-26
8.65320976906e-25
0
0
0
0
0
0
0
0
0
0
0
0
0
0
0
0
0
0
0
0
0
0
0
0
0
0
0
0
0
0
0
0
0
0
0
0
0
0
0
0
0
0
0
0
2.43106297047e-32
1.58889483629e-31
1.24062434617e-29
2.41152818055e-27
8.9229453049e-22
200
200
200
200
200
200
200
200
200
200
200
200
200
200
200
200
200
200
200
200
199.999999989
196.350399274
0
0
0
0
0
0
0
0
0
0
0
0
0
0
0
0
0
0
0
0
1.44736778697e-29
1.3411525732e-28
1.54066095347e-27
1.51753287016e-26
1.67833249599e-25
0
0
0
0
0
0
0
0
0
0
0
0
0
0
0
0
0
0
0
0
0
0
0
0
0
0
0
0
0
0
0
0
0
0
0
0
0
0
0
0
0
0
0
0
0
8.31375874702e-30
9.34064455392e-28
200
200
200
200
200
200
200
200
200
200
200
200
200
200
200
200
200
200
200
200
200
200
200
199.999999986
194.437432211
0
0
0
0
0
0
0
0
0
0
0
0
0
0
0
0
0
0
0
2.08775810398e-30
4.82403651935e-29
4.01563230666e-28
4.51228311464e-27
4.54578505136e-26
0
0
0
0
0
0
0
0
0
0
0
0
0
0
0
0
0
0
0
0
0
0
0
0
0
0
0
0
0
0
0
0
0
0
0
0
0
0
0
0
0
0
0
0
0
0
8.65800894603e-26
200
200
200
200
200
200
200
200
200
200
200
200
200
200
200
200
200
200
200
200
200
200
200
200
199.999999979
0
0
0
0
0
0
0
0
0
0
0
0
0
0
0
0
0
0
0
0
1.3119899345e-29
1.55016215147e-28
1.71204206139e-27
1.53104749442e-26
0
0
0
0
0
0
0
0
0
0
0
0
0
0
0
0
0
0
0
0
0
0
0
0
0
0
0
0
0
0
0
0
0
0
0
0
0
0
0
0
0
0
0
0
0
0
0
0
1.80907685975e-33
200
200
200
200
200
200
200
200
200
200
200
200
200
200
200
200
200
200
200
200
200
200
200
199.999999929
0
0
0
0
0
0
0
0
0
0
0
0
0
0
0
0
0
0
0
3.61303791365e-30
6.6853217564e-29
7.45441445795e-28
6.25757202761e-27
0
0
0
0
0
0
0
0
0
0
0
0
0
0
0
0
0
0
0
0
0
0
0
0
0
0
0
0
0
0
0
0
0
0
0
0
0
0
0
0
0
0
0
0
0
0
0
0
0
1.62816917378e-33
2.18005750314e-32
1.25311682928e-26
200
200
200
200
200
200
200
200
200
200
200
200
200
200
200
200
200
200
200
200
200
0
0
0
0
0
0
0
0
0
0
0
0
0
0
0
0
0
0
0
9.01119439273e-31
3.2725083705e-29
3.66927160059e-28
3.01578503182e-27
0
0
0
0
0
0
0
0
0
0
0
0
0
0
0
0
0
0
0
0
0
0
0
0
0
0
0
0
0
0
0
0
0
0
0
0
0
0
0
0
0
0
0
0
0
0
0
0
0
0
1.4653522564e-33
8.2315007204e-33
1.01227519781e-31
4.61654125458e-26
200
200
200
200
200
200
200
200
200
200
200
200
200
200
200
200
200
200
200
199.999999957
0
0
0
0
0
0
0
0
0
0
0
0
0
0
0
0
0
0
0
1.49241909285e-29
1.84048623653e-28
1.66481697063e-27
0
0
0
0
0
0
0
0
0
0
0
0
0
0
0
0
0
0
0
0
0
0
0
0
0
0
0
0
0
0
0
0
0
0
0
0
0
0
0
0
0
0
0
0
0
0
0
0
0
0
0
2.78416928716e-33
6.22141532068e-33
8.69461384279e-32
2.49544143898e-31
9.47811938007e-25
200
200
200
200
200
200
200
200
200
200
200
200
200
200
200
200
200
200
0
0
0
0
0
0
0
0
0
0
0
0
0
0
0
0
0
0
0
7.32689169714e-30
1.00600084948e-28
1.02723859674e-27
0
0
0
0
0
0
0
0
0
0
0
0
0
0
0
0
0
0
0
0
0
0
0
0
0
0
0
0
0
0
0
0
0
0
0
0
0
0
0
0
0
0
0
0
0
0
0
0
0
0
0
0
2.50575235844e-33
5.59927378861e-33
7.71832827902e-32
1.70048221674e-31
1.89912275448e-26
200
200
200
200
200
200
200
200
200
200
200
200
200
200
200
200
200
199.999999876
0
0
0
0
0
0
0
0
0
0
0
0
0
0
0
0
0
0
4.47992845981e-30
7.57151334584e-29
6.94386547867e-28
0
0
0
0
0
0
0
0
0
0
0
0
0
0
0
0
0
0
0
0
0
0
0
0
0
0
0
0
0
0
0
0
0
0
0
0
0
0
0
0
0
0
0
0
0
0
0
0
0
0
0
0
0
3.57399415335e-33
1.22257739896e-32
5.92469559087e-32
9.19183218824e-32
1.8467984844e-27
200
200
200
200
200
200
200
200
200
200
200
200
200
200
200
200
200
0
0
0
0
0
0
0
0
0
0
0
0
0
0
0
0
0
0
2.65518864854e-30
6.08283722835e-29
5.18209294856e-28
0
0
0
0
0
0
0
0
0
0
0
0
0
0
0
0
0
0
0
0
0
0
0
0
0
0
0
0
0
0
0
0
0
0
0
0
0
0
0
0
0
0
0
0
0
0
0
0
0
0
0
0
0
1.06824179491e-33
2.2551771226e-33
1.87056155708e-32
4.98228823891e-32
8.23104961717e-32
8.00096291258e-32
200
200
200
200
200
200
200
200
200
200
200
200
200
200
200
200
0
0
0
0
0
0
0
0
0
0
0
0
0
0
0
0
0
0
2.19619812853e-30
4.90607490384e-29
4.25917095826e-28
0
0
0
0
0
0
0
0
0
0
0
0
0
0
0
0
0
0
0
0
0
0
0
0
0
0
0
0
0
0
0
0
0
0
0
0
0
0
0
0
0
0
0
0
0
0
0
0
0
0
0
0
0
1.06824179491e-33
2.02965941034e-33
2.02965941034e-33
1.9752108465e-32
4.79929866518e-32
7.23659875815e-32
6.89831636846e-32
200
200
200
200
200
200
200
200
200
200
200
200
200
200
200
0
0
0
0
0
0
0
0
0
0
0
0
0
0
0
0
0
0
2.02485668463e-30
4.80465832055e-29
3.94925531805e-28
0
0
0
0
0
0
0
0
0
0
0
0
0
0
0
0
0
0
0
0
0
0
0
0
0
0
0
0
0
0
0
0
0
0
0
0
0
0
0
0
0
0
0
0
0
0
0
0
0
0
0
0
0
0
2.02965941034e-33
2.02965941034e-33
2.02965941034e-33
2.3954697693e-32
5.51101084117e-32
5.94547915382e-32
3.04188789757e-28
200
200
200
200
200
200
200
200
200
200
200
200
200
200
0
0
0
0
0
0
0
0
0
0
0
0
0
0
0
0
0
0
2.0727010077e-30
4.75550475412e-29
4.0433021125e-28
0
0
0
0
0
0
0
0
0
0
0
0
0
0
0
0
0
0
0
0
0
0
0
0
0
0
0
0
0
0
0
0
0
0
0
0
0
0
0
0
0
0
0
0
0
0
0
0
0
0
0
0
0
0
0
2.02965941034e-33
2.02965941034e-33
2.02965941034e-33
2.86242412797e-32
4.30352503404e-32
4.15911223506e-32
6.49887277361e-27
200
200
200
200
200
200
200
200
200
200
200
200
200
0
0
0
0
0
0
0
0
0
0
0
0
0
0
0
0
0
0
2.88128266967e-30
4.97319636676e-29
4.46117096043e-28
0
0
0
0
0
0
0
0
0
0
0
0
0
0
0
0
0
0
0
0
0
0
0
0
0
0
0
0
0
0
0
0
0
0
0
0
0
0
0
0
0
0
0
0
0
0
0
0
0
0
0
0
0
0
0
0
0
1.06824179491e-33
3.21659473802e-33
2.71517184204e-32
3.58227084424e-32
2.57856746961e-32
200
200
200
200
200
200
200
200
200
200
200
200
200
0
0
0
0
0
0
0
0
0
0
0
0
0
0
0
0
0
0
3.95611481584e-30
6.73502283339e-29
5.25631032093e-28
0
0
0
0
0
0
0
0
0
0
0
0
0
0
0
0
0
0
0
0
0
0
0
0
0
0
0
0
0
0
0
0
0
0
0
0
0
0
0
0
0
0
0
0
0
0
0
0
0
0
0
0
0
0
0
0
0
0
5.59927378861e-33
7.40835064836e-33
6.66751558353e-33
1.34730979528e-32
1.73228075356e-30
200
200
200
200
200
200
200
200
200
200
200
200
0
0
0
0
0
0
0
0
0
0
0
0
0
0
0
0
0
0
5.8182149193e-30
8.69292233343e-29
6.59177529625e-28
0
0
0
0
0
0
0
0
0
0
0
0
0
0
0
0
0
0
0
0
0
0
0
0
0
0
0
0
0
0
0
0
0
0
0
0
0
0
0
0
0
0
0
0
0
0
0
0
0
0
0
0
0
0
0
0
0
0
1.4653522564e-33
6.22141532068e-33
9.41843604809e-33
7.40835064836e-33
3.68935339442e-31
200
200
200
200
200
200
200
200
200
200
200
200
0
0
0
0
0
0
0
0
0
0
0
0
0
0
0
0
0
0
9.93428692897e-30
1.10816107298e-28
8.14128978193e-28
0
0
0
0
0
0
0
0
0
0
0
0
0
0
0
0
0
0
0
0
0
0
0
0
0
0
0
0
0
0
0
0
0
0
0
0
0
0
0
0
0
0
0
0
0
0
0
0
0
0
0
0
0
0
0
0
0
0
0
0
6.91268368965e-33
1.04649289423e-32
1.49788473196e-31
3.14620201227e-30
200
200
200
200
200
200
200
200
200
200
200
1.06824179491e-33
0
0
0
0
0
0
0
0
0
0
0
0
0
0
0
0
5.5227637268e-31
1.7351399161e-29
1.5923728886e-28
9.65690827758e-28
0
0
0
0
0
0
0
0
0
0
0
0
0
0
0
0
0
0
0
0
0
0
0
0
0
0
0
0
0
0
0
0
0
0
0
0
0
0
0
0
0
0
0
0
0
0
0
0
0
0
0
0
0
0
0
0
0
0
0
0
0
7.68075965516e-33
1.68913223798e-31
1.18312974401e-30
200
200
200
200
200
200
200
200
200
200
200
1.06824179491e-33
1.06824179491e-33
0
0
0
0
0
0
0
0
0
0
0
0
0
0
0
1.74475433408e-30
2.88624476399e-29
2.39862888363e-28
2.4937524559e-27
0
0
0
0
0
0
0
0
0
0
0
0
0
0
0
0
0
0
0
0
0
0
0
0
0
0
0
0
0
0
0
0
0
0
0
0
0
0
0
0
0
0
0
0
0
0
0
0
0
0
0
0
0
0
0
0
0
0
0
0
0
0
7.29756287877e-32
3.9257644454e-31
200
200
200
200
200
200
200
200
200
200
200
1.06824179491e-33
1.06824179491e-33
1.06824179491e-33
0
0
0
0
0
0
0
0
0
0
0
0
0
0
4.42611315377e-30
4.58598959176e-29
3.26750726457e-28
8.09614490199e-27
0
0
0
0
0
0
0
0
0
0
0
0
0
0
0
0
0
0
0
0
0
0
0
0
0
0
0
0
0
0
0
0
0
0
0
0
0
0
0
0
0
0
0
0
0
0
0
0
0
0
0
0
0
0
0
0
0
0
0
0
0
0
0
3.70450709228e-31
200
200
200
200
200
200
200
200
200
200
0
9.61417615423e-34
1.06824179491e-33
1.06824179491e-33
1.06824179491e-33
0
0
0
0
0
0
0
0
0
0
0
0
4.78040195213e-32
8.09120697935e-30
8.27405039687e-29
4.13566538064e-28
1.46245195491e-26
0
0
0
0
0
0
0
0
0
0
0
0
0
0
0
0
0
0
0
0
0
0
0
0
0
0
0
0
0
0
0
0
0
0
0
0
0
0
0
0
0
0
0
0
0
0
0
0
0
0
0
0
0
0
0
0
0
0
0
0
0
0
0
3.38636270354e-31
200
200
200
200
200
200
200
200
200
200
0
0
9.61417615423e-34
1.06824179491e-33
1.06824179491e-33
0
0
0
0
0
0
0
0
0
0
0
0
1.41491551091e-30
1.37302705234e-29
1.06494044375e-28
4.49634169525e-28
2.42681689224e-26
0
0
0
0
0
0
0
0
0
0
0
0
0
0
0
0
0
0
0
0
0
0
0
0
0
0
0
0
0
0
0
0
0
0
0
0
0
0
0
0
0
0
0
0
0
0
0
0
0
0
0
0
0
0
0
0
0
0
0
0
0
0
0
0
200
200
200
200
200
200
200
200
200
0
0
0
0
1.06824179491e-33
1.06824179491e-33
1.06824179491e-33
0
0
0
0
0
0
0
0
0
0
0
2.89444678795e-30
2.89483964606e-29
1.41217924964e-28
9.388613273e-28
3.40203827707e-26
0
0
0
0
0
0
0
0
0
0
0
0
0
0
0
0
0
0
0
0
0
0
0
0
0
0
0
0
0
0
0
0
0
0
0
0
0
0
0
0
0
0
0
0
0
0
0
0
0
0
0
0
0
0
0
0
0
0
0
0
0
0
0
0
200
200
200
200
200
200
200
200
0
0
0
0
0
0
1.06824179491e-33
1.06824179491e-33
0
0
0
0
0
0
0
0
0
0
7.48358385322e-31
5.45185715789e-30
3.32961844821e-29
1.34924682912e-28
2.08585011095e-27
5.27286386097e-26
0
0
0
0
0
0
0
0
0
0
0
0
0
0
0
0
0
0
0
0
0
0
0
0
0
0
0
0
0
0
0
0
0
0
0
0
0
0
0
0
0
0
0
0
0
0
0
0
0
0
0
0
0
0
0
0
0
0
0
0
0
0
0
0
200
200
200
200
200
200
200
0
0
0
0
0
0
0
0
1.06824179491e-33
0
0
0
0
0
0
0
0
0
0
2.09970802467e-30
1.1178188036e-29
3.87597668009e-29
9.42698357411e-29
2.46218218109e-27
7.86042322962e-26
0
0
0
0
0
0
0
0
0
0
0
0
0
0
0
0
0
0
0
0
0
0
0
0
0
0
0
0
0
0
0
0
0
0
0
0
0
0
0
0
0
0
0
0
0
0
0
0
0
0
0
0
0
0
0
0
0
0
0
0
0
0
0
13.5391524827
200
200
200
200
200
200
0
0
0
0
0
0
0
0
0
0
0
0
0
0
0
0
0
0
0
8.28588103972e-31
3.08841129954e-30
1.24155358902e-29
2.29828401575e-29
2.11194927605e-28
3.76955728808e-27
1.11357512292e-25
0
0
0
0
0
0
0
0
0
0
0
0
0
0
0
0
0
0
0
0
0
0
0
0
0
0
0
0
0
0
0
0
0
0
0
0
0
0
0
0
0
0
0
0
0
0
0
0
0
0
0
0
0
0
0
0
0
0
0
0
0
0
0
200
200
200
200
200
200
0
0
0
0
0
0
0
0
0
0
0
0
0
0
0
0
0
0
0
0
2.2831348864e-30
8.49725802434e-30
1.42737605488e-29
4.08292150254e-30
2.04876543952e-28
6.3931392915e-27
1.19953818468e-25
0
0
0
0
0
0
0
0
0
0
0
0
0
0
0
0
0
0
0
0
0
0
0
0
0
0
0
0
0
0
0
0
0
0
0
0
0
0
0
0
0
0
0
0
0
0
0
0
0
0
0
0
0
0
0
0
0
0
0
0
0
0
0
200
200
200
200
0
0
0
0
0
0
0
0
0
0
0
0
0
0
0
0
0
0
0
0
0
1.28922192683e-30
4.7417350222e-30
1.54202877767e-29
2.60584366268e-29
1.70645426432e-30
5.26826241622e-29
1.06873287392e-26
1.10628534195e-25
0
0
0
0
0
0
0
0
0
0
0
0
0
0
0
0
0
0
0
0
0
0
0
0
0
0
0
0
0
0
0
0
0
0
0
0
0
0
0
0
0
0
0
0
0
0
0
0
0
0
0
0
0
0
0
0
0
0
0
0
0
0
0
200
0
0
0
0
0
0
0
0
0
0
0
0
0
0
0
0
0
0
0
0
0
0
0
8.62220784415e-31
2.23730304611e-30
6.10482941658e-30
1.45967731898e-29
1.65264623329e-29
5.15092108476e-29
2.06934342522e-28
5.40891575888e-27
5.96998049891e-26
0
0
0
0
0
0
0
0
0
0
0
0
0
0
0
0
0
0
0
0
0
0
0
0
0
0
0
0
0
0
0
0
0
0
0
0
0
0
0
0
0
0
0
0
0
0
0
0
0
0
0
0
0
0
0
0
0
0
0
0
0
0
0
0
0
0
0
0
0
0
0
0
0
0
0
0
0
0
0
0
0
0
0
0
0
0
5.81838594906e-31
2.87170173232e-30
4.44385181352e-30
6.21657900687e-30
6.46654410659e-30
3.02753272296e-28
3.76722181534e-28
7.03879568212e-28
4.03657250033e-27
9.54957764046e-26
2.46759201067e-34
0
0
0
0
0
0
0
0
0
0
0
0
0
0
0
0
0
0
0
0
0
0
0
0
0
0
0
0
0
0
0
0
0
0
0
0
0
0
0
0
0
0
0
0
0
0
0
0
0
0
0
0
0
0
0
0
0
0
0
0
0
0
0
0
0
0
0
0
0
0
0
0
0
0
0
0
0
0
0
0
0
0
0
0
5.17199448283e-31
3.14432525822e-30
4.73894651464e-30
5.17202290479e-30
1.02905720418e-29
7.50676119114e-29
8.38254278724e-29
1.26474366241e-28
2.9768660084e-28
1.74617332304e-27
5.57898249729e-26
200
200
5.94194234565e-34
0
0
0
0
0
0
0
0
0
0
0
0
0
0
0
0
0
0
0
0
0
0
0
0
0
0
0
0
0
0
0
0
0
0
0
0
0
0
0
0
0
0
0
0
0
0
0
0
0
0
0
0
0
0
0
0
0
0
0
0
0
0
0
0
0
0
0
0
0
0
0
0
0
0
0
0
0
0
0
0
0
8.21031708223e-31
3.50776653963e-30
3.47770267441e-30
6.44569333526e-30
3.11953453498e-29
2.77491709303e-29
2.99881628624e-29
4.76644264541e-29
8.38399049275e-29
2.03823180335e-28
1.14052026812e-27
5.12292207761e-26
200
200
200
200
200
0
0
0
0
0
0
0
0
0
0
0
0
0
0
0
0
0
0
0
0
0
0
0
0
0
0
0
0
0
0
0
0
0
0
0
0
0
0
0
0
0
0
0
0
0
0
0
0
0
0
0
0
0
0
0
0
0
0
0
0
0
0
0
0
0
0
0
0
0
0
0
0
0
0
3.57399415335e-33
3.97110461484e-33
2.50575235844e-33
3.99576577117e-31
2.76527504644e-30
3.59825613801e-30
3.51180137896e-30
1.81768569708e-29
1.73453181803e-29
1.76625961958e-29
2.05357129955e-29
2.60653093137e-29
3.49338070921e-29
4.91071953539e-29
8.86288812494e-29
4.45185069266e-28
3.63209172351e-26
200
200
200
200
200
27.6867765867
4.06275385792e-33
0
0
0
0
0
0
0
0
0
0
0
0
0
0
0
0
0
0
0
0
0
0
0
0
0
0
0
0
0
0
0
0
0
0
0
0
0
0
0
0
0
0
0
0
0
0
0
0
0
0
0
0
0
0
0
0
0
0
0
0
0
0
0
0
0
0
1.54532750819e-30
1.97063078485e-30
1.29563847273e-29
1.97732777705e-29
4.38965977037e-29
5.79167442914e-29
6.68274634624e-29
7.17073519727e-29
4.89665492568e-29
9.16445363043e-30
3.1149335508e-30
1.74852088709e-29
1.28822341057e-29
1.22280781698e-29
1.37308769377e-29
1.61645979529e-29
1.88421737778e-29
2.25209270715e-29
2.79870932924e-29
3.53093479435e-29
4.83018425636e-29
1.04108684571e-28
2.1583120033e-26
200
200
200
200
4.82503062281e-23
2.97721812102e-27
2.20395752134e-26
6.22462428069e-27
1.07864422669e-33
0
0
0
0
0
0
0
0
0
0
0
0
0
0
0
0
0
0
0
0
0
0
0
0
0
0
0
0
0
0
0
0
0
0
0
0
0
0
0
0
0
0
0
0
0
0
0
0
0
0
0
0
0
0
0
0
0
0
0
0
0
0
1.67815059293e-29
8.88188182171e-29
1.81177975163e-28
2.77041080661e-28
3.3030466199e-28
3.55507671573e-28
3.97373753035e-28
3.5476926595e-28
3.18420946937e-28
2.24062095995e-28
8.74966134352e-29
3.63001370403e-29
1.60869644041e-29
1.1033825568e-29
1.10157075348e-29
1.21582742839e-29
1.34770458619e-29
1.52047179274e-29
1.73012169462e-29
1.99690705233e-29
2.34841931967e-29
2.78903826067e-29
3.39788672304e-29
4.68090043336e-29
1.0190985726e-26
200
200
200
3.16570259163e-23
4.60792799976e-26
5.04194660116e-27
7.82618680997e-28
5.34789577057e-30
1.11823677136e-29
1.16390494361e-31
0
0
0
0
0
0
0
0
0
0
0
0
0
0
0
0
0
0
0
0
0
0
0
0
0
0
0
0
0
0
0
0
0
0
0
0
0
0
0
0
0
0
0
0
0
0
0
0
0
0
0
0
0
0
0
0
0
0
0
0
0
8.15421024348e-29
2.35836586874e-28
2.5507240941e-28
2.64217262721e-28
2.87077980107e-28
3.0726755314e-28
3.26416218886e-28
3.32845767139e-28
3.17034975412e-28
2.84261660619e-28
2.27836673788e-28
4.86227631264e-29
1.86925020749e-29
1.39192326295e-29
1.25560938894e-29
1.27101625091e-29
1.34707440928e-29
1.47223959511e-29
1.63076390117e-29
1.82813822234e-29
2.06877203006e-29
2.35887731101e-29
2.71120878248e-29
3.23717319022e-29
4.09884920637e-27
200
70.7023088886
1.22645804601e-23
7.803566649e-26
7.24840078829e-27
2.5181869268e-28
1.3807551353e-29
3.50799803621e-30
2.07029269846e-30
4.81173341119e-30
6.60091719723e-30
4.86061886039e-33
0
0
0
0
0
0
0
0
0
0
0
0
0
0
0
0
0
0
0
0
0
0
0
0
0
0
0
0
0
0
0
0
0
0
0
0
0
0
0
0
0
0
0
0
0
0
0
0
0
0
0
0
0
0
0
0
0
0
0
1.87042624219e-28
2.73442746301e-28
2.85486185016e-28
2.94797345486e-28
3.093270397e-28
3.2208769436e-28
3.36108490467e-28
3.45416063728e-28
3.57980810318e-28
3.62592877589e-28
3.37347512236e-28
1.5026450706e-28
3.06240302029e-29
1.8358777626e-29
1.46198714898e-29
1.37482010691e-29
1.39241196898e-29
1.46374555578e-29
1.57698065484e-29
1.72366070334e-29
1.89537072447e-29
2.09673556496e-29
2.32291143618e-29
2.62222446525e-29
1.52335396861e-27
2.59092430252e-22
4.54852757378e-24
1.07044810391e-25
8.53858280667e-27
5.2909035921e-28
1.93801393649e-29
4.79701889137e-30
2.77141608006e-30
2.3008411327e-30
2.84024290523e-30
2.29968829188e-30
3.89608080279e-30
5.77462348642e-32
0
0
0
0
0
0
0
0
0
0
0
0
0
0
0
0
0
0
0
0
0
0
0
0
0
0
0
0
0
0
0
0
0
0
0
0
0
0
0
0
0
0
0
0
0
0
0
0
0
0
0
0
0
0
0
0
0
0
1.69952304559e-28
3.00238426585e-28
3.03851064679e-28
3.25125270748e-28
3.3662645687e-28
3.44242480351e-28
3.54061837169e-28
3.64174857098e-28
3.79806927341e-28
4.06517942479e-28
4.27114427216e-28
2.77734448466e-28
4.81526136668e-29
2.35427943317e-29
1.73830052226e-29
1.52777992127e-29
1.47636936874e-29
1.49766252843e-29
1.56891312485e-29
1.67073125472e-29
1.79630891939e-29
1.94198694271e-29
2.09765475618e-29
2.29287638717e-29
4.52317182778e-28
1.32035287746e-24
1.15433486319e-25
1.09860741302e-26
8.43343923141e-28
2.50528467324e-29
4.31724578285e-30
2.73541275707e-30
2.07075701943e-30
1.86326342861e-30
1.86301904915e-30
1.72002999623e-30
1.5073001746e-30
3.50605886375e-30
9.28660027759e-31
0
0
0
0
0
0
0
0
0
0
0
0
0
0
0
0
0
0
0
0
0
0
0
0
0
0
0
0
0
0
0
0
0
0
0
0
0
0
0
0
0
0
0
0
0
0
0
0
0
0
0
0
0
0
0
0
0
0
4.58413876129e-28
3.55941972648e-28
3.75440895335e-28
3.80569636318e-28
3.80820037305e-28
3.85960454907e-28
3.92462644358e-28
4.08416497445e-28
4.27402379053e-28
4.64557664074e-28
4.02484460953e-28
1.03300656634e-28
3.06878558934e-29
2.06349655066e-29
1.71741997005e-29
1.59456223331e-29
1.56905489417e-29
1.59749994938e-29
1.67138868373e-29
1.76467946174e-29
1.87233273847e-29
1.98348386371e-29
200
200
1.3861083563e-25
1.37531708751e-26
1.2420028924e-27
8.71197933999e-30
3.37594585529e-30
2.32575015529e-30
1.86368131749e-30
1.67693708575e-30
1.5088254883e-30
1.50858110884e-30
1.50800787308e-30
1.67556430342e-30
2.364257082e-30
5.75238553581e-30
2.93984022735e-30
0
0
0
0
0
0
0
0
0
0
0
0
0
0
0
0
0
0
0
0
0
0
0
0
0
0
0
0
0
0
0
0
0
0
0
0
0
0
0
0
0
0
0
0
0
0
0
0
0
0
0
0
0
0
0
0
0
7.67851237004e-28
4.93914022767e-28
4.73867581876e-28
4.50499647569e-28
4.34859894485e-28
4.28752551753e-28
4.32021884523e-28
4.38094015206e-28
4.53761188565e-28
4.7701141592e-28
5.09636587446e-28
1.90722332506e-28
4.02112696867e-29
2.44586603823e-29
1.94465072615e-29
1.74241810442e-29
1.66332997505e-29
1.66500595167e-29
1.70319541982e-29
1.7712700794e-29
200
200
200
200
2.26829715537e-26
1.59786149936e-27
3.17245660005e-30
2.48834517558e-30
1.99140914475e-30
1.67531324123e-30
1.42932000224e-30
1.34141657509e-30
1.22195069816e-30
1.22173075665e-30
1.31542785752e-30
1.49104652108e-30
1.96914322427e-30
4.42786186714e-30
1.08620108544e-28
1.3808957544e-29
0
0
0
0
0
0
0
0
0
0
0
0
0
0
0
0
0
0
0
0
0
0
0
0
0
0
0
0
0
0
0
0
0
0
0
0
0
0
0
0
0
0
0
0
0
0
0
0
0
0
0
0
0
0
0
0
8.17348477004e-28
6.71761287178e-28
5.91475467193e-28
5.42553026446e-28
5.04134722235e-28
4.87071640474e-28
4.76400256542e-28
4.7416353351e-28
4.81559393273e-28
4.97090406646e-28
5.73310845523e-28
2.77977676855e-28
5.12659573005e-29
2.86810809404e-29
2.19856538512e-29
1.91514204215e-29
1.79753396555e-29
1.76194903754e-29
200
200
200
200
200
200
2.22574139054e-27
1.98172643515e-30
1.7876769185e-30
1.5721708727e-30
1.36165776279e-30
1.22227851879e-30
1.09975562835e-30
1.06701938288e-30
1.00329855321e-30
1.0210997351e-30
1.09909336001e-30
1.22091314143e-30
1.67459320774e-30
2.71880385978e-26
9.68509216064e-27
3.04230014717e-27
2.36576744471e-29
0
0
0
0
0
0
0
0
0
0
0
0
0
0
0
0
0
0
0
0
0
0
0
0
0
0
0
0
0
0
0
0
0
0
0
0
0
0
0
0
0
0
0
0
0
0
0
0
0
0
0
0
0
0
0
8.61626105969e-28
8.31084038051e-28
7.14037964642e-28
6.45261767327e-28
5.95395075579e-28
5.54726690106e-28
5.27912429961e-28
5.13728037415e-28
5.10186878403e-28
5.15769074035e-28
5.76142747341e-28
3.21374902741e-28
6.15045928043e-29
3.31292157335e-29
2.47453797733e-29
2.11564014744e-29
200
200
200
200
200
200
200
200
1.3635248667e-30
1.30693840017e-30
1.22897117333e-30
1.1323461753e-30
1.04198723879e-30
9.75980838527e-31
8.90463568973e-31
8.82991794518e-31
8.51894247375e-31
8.7307997659e-31
8.89801300641e-31
1.00808774935e-30
4.28969253206e-21
1.83972490417e-20
2.66902388006e-22
1.96647592205e-24
7.7842560653e-26
6.49804127347e-30
0
0
0
0
0
0
0
0
0
0
0
0
0
0
0
0
0
0
0
0
0
0
0
0
0
0
0
0
0
0
0
0
0
0
0
0
0
0
0
0
0
0
0
0
0
0
0
0
0
0
0
0
0
0
7.42797765277e-28
9.67731406232e-28
8.19661137251e-28
7.42473385068e-28
6.8378761883e-28
6.26721680532e-28
5.83622426977e-28
5.53020805837e-28
5.35202213936e-28
5.2745680967e-28
5.71140159047e-28
3.11127647513e-28
200
200
200
200
200
200
200
200
200
200
200
200
9.95508978454e-31
9.65300043846e-31
9.27852384995e-31
8.85795245012e-31
8.27455029056e-31
7.95153373896e-31
7.38926240081e-31
7.20739053519e-31
7.20739053519e-31
7.20519112007e-31
7.49357302352e-31
1.57327013288e-15
200
200
200
8.71784136721e-19
4.14325534371e-23
4.21126907134e-25
1.0604635816e-30
0
0
0
0
0
0
0
0
0
0
0
0
0
0
0
0
0
0
0
0
0
0
0
0
0
0
0
0
0
0
0
0
0
0
0
0
0
0
0
0
0
0
0
0
0
0
0
0
0
0
0
0
0
5.26505357292e-28
1.05838123771e-27
200
200
200
200
200
200
200
200
200
200
200
200
200
200
200
200
200
200
200
200
200
200
7.8316119703e-31
7.71534047275e-31
7.4970054295e-31
7.21361912707e-31
6.90143432127e-31
6.48795021431e-31
6.34379868539e-31
6.06491471151e-31
5.91667763456e-31
6.0021625603e-31
6.43369027573e-31
200
200
200
200
200
200
7.47857194726e-22
3.41112791473e-25
2.75731879249e-33
0
0
0
0
0
0
0
0
0
0
0
0
0
0
0
0
0
0
0
0
0
0
0
0
0
0
0
0
0
0
0
0
0
0
0
0
0
0
0
0
0
0
0
0
0
0
0
0
0
0
0
0
200
200
200
200
200
200
200
200
200
200
200
200
200
200
200
200
200
200
200
200
200
200
200
200
6.59035012361e-31
6.39704302133e-31
6.27181718067e-31
6.07907026488e-31
5.79780983168e-31
5.55973969715e-31
5.29836496496e-31
5.18100031876e-31
5.09617497123e-31
5.14518614877e-31
5.24882332666e-31
5.83422533364e-31
200
200
200
200
200
200
6.05527272713e-22
7.13782714494e-27
0
0
0
0
0
0
0
0
0
0
0
0
0
0
0
0
0
0
0
0
0
0
0
0
0
0
0
0
0
0
0
0
0
0
0
0
0
0
0
0
0
0
0
0
0
0
0
0
0
0
0
200
200
200
200
200
200
200
200
200
200
200
200
200
200
200
200
200
200
200
200
200
200
200
200
200
5.55760037799e-31
5.4812258156e-31
5.30260652135e-31
5.07894302433e-31
4.92818607985e-31
4.63548579286e-31
4.49165291371e-31
4.35365469795e-31
4.26228370727e-31
4.26844836341e-31
4.43470767252e-31
4.84377983851e-31
6.09170908587e-31
200
200
200
200
200
200
3.45951092511e-23
4.50751909263e-27
0
0
0
0
0
0
0
0
0
0
0
0
0
0
0
0
0
0
0
0
0
0
0
0
0
0
0
0
0
0
0
0
0
0
0
0
0
0
0
0
0
0
0
0
0
0
0
0
0
200
200
200
200
200
200
200
200
200
200
200
200
200
200
200
200
200
200
200
200
200
200
200
200
200
200
4.67123127289e-31
4.53374999477e-31
4.44758620059e-31
4.2940829813e-31
4.09020370835e-31
3.98581659472e-31
3.78794765189e-31
3.68086663005e-31
3.62347009047e-31
3.61876147173e-31
3.70220857109e-31
3.98143355704e-31
4.77841151842e-31
6.0437270612e-29
200
200
200
200
200
5.52009869648e-16
1.71927540556e-24
8.00558852206e-30
0
0
0
0
0
0
0
0
0
0
0
0
0
0
0
0
0
0
0
0
0
0
0
0
0
0
0
0
0
0
0
0
0
0
0
0
0
0
0
0
0
0
0
0
0
0
0
0
200
200
200
200
200
200
200
200
200
200
200
200
200
200
200
200
200
200
200
200
200
200
200
200
200
200
3.92142919102e-31
3.84744801733e-31
3.76859157997e-31
3.65031035342e-31
3.53873290807e-31
3.38108048844e-31
3.27995100908e-31
3.20359488426e-31
3.13066637014e-31
3.08983913066e-31
3.14664661132e-31
3.28147534054e-31
3.7172413229e-31
2.02931710268e-29
8.19087667936e-28
200
200
200
200
200
1.32141754237e-21
3.81740982561e-27
7.20761241642e-31
0
0
0
0
0
0
0
0
0
0
0
0
0
0
0
0
0
0
0
0
0
0
0
0
0
0
0
0
0
0
0
0
0
0
0
0
0
0
0
0
0
0
0
0
0
0
200
200
200
200
200
200
200
200
200
200
200
200
200
200
200
200
200
200
200
200
200
200
200
200
200
200
200
3.44410312419e-31
3.37003165711e-31
3.28911841371e-31
3.20342701815e-31
3.1004011991e-31
2.97419541407e-31
2.91472297335e-31
2.81623451327e-31
2.71832106061e-31
2.68855150024e-31
2.68891317061e-31
2.75025132524e-31
2.98109459372e-31
5.71463209149e-31
3.94286005382e-28
7.29226163426e-28
200
200
200
200
1.324045658e-13
5.06781868888e-27
5.18831541421e-27
0
0
0
0
0
0
0
0
0
0
0
0
0
0
0
0
0
0
0
0
0
0
0
0
0
0
0
0
0
0
0
0
0
0
0
0
0
0
0
0
0
0
0
0
0
0
200
200
200
200
200
200
200
200
200
200
200
200
200
200
200
200
200
200
200
200
200
200
200
200
200
200
200
3.10229123063e-31
3.03525651454e-31
2.96779649822e-31
2.88621951701e-31
2.80200222235e-31
2.69379705e-31
2.6267357009e-31
2.5133593752e-31
2.41518538625e-31
2.37386330503e-31
2.35096273659e-31
2.3686008726e-31
2.47468315588e-31
2.96147119859e-31
1.01416536527e-28
1.03446609406e-27
6.51076469078e-28
9.45714969475e-28
200
200
200
3.90493045493e-27
7.80728444751e-27
5.27571382557e-27
0
0
0
0
0
0
0
0
0
0
0
0
0
0
0
0
0
0
0
0
0
0
0
0
0
0
0
0
0
0
0
0
0
0
0
0
0
0
0
0
0
0
0
0
200
200
200
200
200
200
200
200
200
200
200
200
200
200
200
200
200
200
200
200
200
200
200
200
200
200
200
200
2.86922861516e-31
2.79738668879e-31
2.74603186263e-31
2.66103676789e-31
2.56647940081e-31
2.47942687261e-31
2.37111145223e-31
2.26674808232e-31
2.15917721154e-31
2.10614856546e-31
2.04323248301e-31
2.01972109994e-31
2.08562701403e-31
2.29313458969e-31
1.79598339944e-29
5.22285246946e-28
6.22734204378e-28
9.52022247406e-28
1.38737769269e-27
1.85372459376e-27
2.79074271924e-27
3.82269842139e-27
6.0986662271e-27
1.38100047711e-26
7.22662290616e-26
0
0
0
0
0
0
0
0
0
0
0
0
0
0
0
0
0
0
0
0
0
0
0
0
0
0
0
0
0
0
0
0
0
0
0
0
0
0
0
0
0
0
0
200
200
200
200
200
200
200
200
200
200
200
200
200
200
200
200
200
200
200
200
200
200
200
200
200
200
200
200
2.7025818012e-31
2.62689370758e-31
2.56984754571e-31
2.49043122795e-31
2.39071196694e-31
2.28775553337e-31
2.16919938019e-31
2.05129639312e-31
1.9365323476e-31
1.84852285055e-31
1.7662505252e-31
1.72861465347e-31
1.72543139933e-31
1.80969106893e-31
2.40954102396e-31
9.83243625588e-29
5.73793251016e-28
7.53604343844e-28
1.57150062006e-27
2.37708549609e-27
3.56544697514e-27
4.84778835145e-27
7.45175739244e-27
1.86369801367e-26
5.30640464199e-26
3.7687677376e-27
0
0
0
0
0
0
0
0
0
0
0
0
0
0
0
0
0
0
0
0
0
0
0
0
0
0
0
0
0
0
0
0
0
0
0
0
0
0
0
0
0
0
200
200
200
200
200
200
200
200
200
200
200
200
200
200
200
200
200
200
200
200
200
200
200
200
200
200
200
200
2.60259343586e-31
2.50656989624e-31
2.44364332018e-31
2.35941696228e-31
2.23600635763e-31
2.1247701446e-31
1.99357260561e-31
1.85908581573e-31
1.74107723359e-31
1.63534958773e-31
1.54738581061e-31
1.48025136981e-31
1.42880229961e-31
1.43134617985e-31
1.55729204033e-31
8.45810871855e-30
1.64008043401e-28
3.75295246554e-28
8.46426376584e-28
1.60582431327e-27
3.13010264566e-27
5.44706927597e-27
9.85659995318e-27
1.26989834491e-26
1.31130572302e-26
3.27728586053e-26
0
0
0
0
0
0
0
0
0
0
0
0
0
0
0
0
0
0
0
0
0
0
0
0
0
0
0
0
0
0
0
0
0
0
0
0
0
0
0
0
0
0
200
200
200
200
200
200
200
200
200
200
200
200
200
200
200
200
200
200
200
200
200
200
200
200
200
200
200
200
2.57236413247e-31
2.44735677708e-31
2.36681182659e-31
2.26060823739e-31
2.13200214118e-31
1.9914954449e-31
1.84677891629e-31
1.70977296376e-31
1.5776053949e-31
1.46427019913e-31
1.37372263512e-31
1.29317060398e-31
1.24324839429e-31
1.19937629512e-31
1.19968732424e-31
1.35672496194e-31
2.22109185591e-29
1.09110775135e-28
2.45426415144e-28
5.61841284887e-28
1.07587529617e-27
2.2168366353e-27
4.15930561681e-27
6.83244543512e-27
8.53858199605e-27
1.34333822357e-26
8.66483708701e-26
1.557687217e-19
0
0
0
0
0
0
0
0
0
0
0
0
0
0
0
0
0
0
0
0
0
0
0
0
0
0
0
0
0
0
0
0
0
0
0
0
0
0
0
200
200
200
200
200
200
200
200
200
200
200
200
200
200
200
200
200
200
200
200
200
200
200
200
200
200
200
200
200
2.64916926372e-31
2.46111301558e-31
2.35140363587e-31
2.22387578461e-31
2.0595202639e-31
1.90074316873e-31
1.74189131343e-31
1.58744304749e-31
1.45505280894e-31
1.33472798833e-31
1.23762206238e-31
1.16317394382e-31
1.09245914705e-31
1.02588372638e-31
9.9795806442e-32
1.0000357924e-31
1.9296097229e-31
1.85711471321e-29
4.7579417574e-29
1.09119959834e-28
2.34043477862e-28
4.96514741118e-28
1.00752513415e-27
2.12709730545e-27
3.99705406577e-27
8.36789238636e-27
1.08354715395e-19
103.695375311
0
0
0
0
0
0
0
0
0
0
0
0
0
0
0
0
0
0
0
0
0
0
0
0
0
0
0
0
0
0
0
0
0
0
0
0
0
0
0
200
200
200
200
200
200
200
200
200
200
200
200
200
200
200
200
200
200
200
200
200
200
200
200
200
200
200
200
200
200
2.61809053903e-31
2.42752438648e-31
2.2231623065e-31
2.03194416475e-31
1.84225390944e-31
1.66935257369e-31
1.50830639824e-31
1.37051645871e-31
1.24713176332e-31
1.15139730338e-31
1.05683488065e-31
9.75427378668e-32
9.02100261482e-32
8.27486567259e-32
7.87132470454e-32
7.91110298839e-32
1.09129373998e-30
9.27244757e-30
1.9260344668e-29
3.72927235541e-29
6.62973189708e-29
1.26206273733e-28
3.25762879051e-28
1.34017983538e-27
3.82856410654e-25
3.74013063679e-19
3.67556968856e-27
84.3369769213
0
0
0
0
0
0
0
0
0
0
0
0
0
0
0
0
0
0
0
0
0
0
0
0
0
0
0
0
0
0
0
0
0
0
0
0
0
0
200
200
200
200
200
200
200
200
200
200
200
200
200
200
200
200
200
200
200
200
200
200
200
200
200
200
200
200
200
6.3008769407e-17
3.05130836926e-31
2.66817907308e-31
2.32988953012e-31
2.05908564134e-31
1.8251417096e-31
1.62273733522e-31
1.44901930097e-31
1.29186366366e-31
1.18218334542e-31
1.07237616952e-31
9.7546515317e-32
8.79200810176e-32
7.8670728426e-32
7.00857925213e-32
6.30616830259e-32
5.85000586585e-32
6.00382401176e-32
9.86589388253e-31
3.09353338814e-30
5.67223515057e-30
9.40655287756e-30
1.36823742742e-29
1.8941758374e-29
3.39912851987e-29
1.64073952245e-28
1.15343453243e-27
1.40227998189e-28
200
0
0
0
0
0
0
0
0
0
0
0
0
0
0
0
0
0
0
0
0
0
0
0
0
0
0
0
0
0
0
0
0
0
0
0
0
0
200
200
200
200
200
200
200
200
200
200
200
200
200
200
200
200
200
200
200
200
200
200
200
200
200
200
200
200
200
200
1.46943467743e-25
4.34232215694e-31
3.26776546181e-31
2.57887400162e-31
2.14634350306e-31
1.83924850963e-31
1.60512746139e-31
1.40662906148e-31
1.25707364657e-31
1.12685777235e-31
1.01608978267e-31
9.13469839341e-32
8.08650660597e-32
7.03112861767e-32
6.09089330262e-32
5.32495345563e-32
4.66873285315e-32
4.18705358914e-32
5.38831036774e-32
3.46841053731e-31
6.4370809837e-31
1.1159778078e-30
1.61086306929e-30
1.50030912477e-30
1.07228403588e-30
3.19095593501e-31
2.78744548109e-31
1.21372134948e-31
1.88996119357e-30
200
0
0
0
0
0
0
0
0
0
0
0
0
0
0
0
0
0
0
0
0
0
0
0
0
0
0
0
0
0
0
0
0
0
0
0
0
200
200
200
200
200
200
200
200
200
200
200
200
200
200
200
200
200
200
200
200
200
200
200
200
200
200
200
200
200
200
1.08775477408e-24
1.31241285207e-22
168.706647175
3.04203365264e-31
2.2883345276e-31
1.88239447464e-31
1.60126595748e-31
1.38640669335e-31
1.23069205471e-31
1.09911731554e-31
9.76777540988e-32
8.70778006141e-32
7.62768269955e-32
6.54989048875e-32
5.59380383992e-32
4.72480986458e-32
3.74339569798e-32
2.4238376352e-32
2.62866041078e-32
4.66987066458e-32
8.5730049755e-32
1.20353867052e-31
1.15137647237e-31
6.56704032114e-32
8.55339370408e-32
1.19597127417e-31
2.03170282532e-31
3.44727255007e-31
2.30133739287e-30
3.20123989864e-29
0
0
0
0
0
0
0
0
0
0
0
0
0
0
0
0
0
0
0
0
0
0
0
0
0
0
0
0
0
0
0
0
0
0
0
2.46759201067e-34
200
200
200
200
200
200
200
200
200
200
200
200
200
200
200
200
200
200
200
200
200
200
200
200
200
200
200
200
200
200
3.95134690748e-24
1.27970712224e-25
1.42494222263e-19
200
8.13476185489e-15
1.93305618668e-31
1.59627030716e-31
1.37377299281e-31
1.21304312035e-31
1.07735435742e-31
9.59560858549e-32
8.47381257112e-32
7.29901749748e-32
6.22763622358e-32
5.19215146414e-32
4.09823554143e-32
2.90958815893e-32
1.55519136903e-32
2.75729724035e-33
4.92657062958e-33
5.75731733494e-33
6.53606560344e-33
1.4617457057e-32
2.1227168764e-32
3.50073741511e-32
7.29025126332e-32
1.82758576669e-31
7.00855056615e-31
3.89927261428e-30
3.50925067525e-30
1.16885937348e-34
0
0
0
0
0
0
0
0
0
0
0
0
0
0
0
0
0
0
0
0
0
0
0
0
0
0
0
0
0
0
0
0
0
0
200
200
200
200
200
200
200
200
200
200
200
200
200
200
200
200
200
200
200
200
200
200
200
200
200
200
200
200
200
200
200
3.14102038264e-24
3.33652433507e-24
3.44001111979e-24
6.6771481318e-24
1.39665747199e-18
200
200
1.42617323122e-31
1.22986077228e-31
1.08525138763e-31
9.5926717411e-32
8.43685368298e-32
7.09874540329e-32
6.07613933436e-32
5.01234144774e-32
4.13184067653e-32
3.05554404404e-32
1.46469148894e-32
2.75729724035e-33
4.45158288928e-33
5.62744407122e-33
6.40619233972e-33
8.08655590084e-33
1.8944114525e-32
2.67210894416e-32
5.67965877718e-32
1.64482719002e-31
3.44821932616e-31
6.49594575935e-31
2.66264118323e-32
1.89412720213e-29
0
0
0
0
0
0
0
0
0
0
0
0
0
0
0
0
0
0
0
0
0
0
0
0
0
0
0
0
0
0
0
0
0
0
200
200
200
200
200
200
200
200
200
200
200
200
200
200
200
200
200
200
200
200
200
200
200
200
200
200
200
200
200
200
199.375797559
)
;

boundaryField
{
    frontAndBack
    {
        type            empty;
    }
    leftWall
    {
        type            calculated;
        value           uniform 0;
    }
    outlet
    {
        type            calculated;
        value           uniform 0;
    }
    rightWall
    {
        type            calculated;
        value           uniform 0;
    }
    inlet
    {
        type            calculated;
        value           uniform 1.74706817147e-28;
    }
}


// ************************************************************************* //
