/*--------------------------------*- C++ -*----------------------------------*\
| =========                 |                                                 |
| \\      /  F ield         | OpenFOAM: The Open Source CFD Toolbox           |
|  \\    /   O peration     | Version:  v1906                                 |
|   \\  /    A nd           | Web:      www.OpenFOAM.com                      |
|    \\/     M anipulation  |                                                 |
\*---------------------------------------------------------------------------*/
FoamFile
{
    version     2.0;
    format      ascii;
    class       volScalarField;
    location    "552";
    object      alpha;
}
// * * * * * * * * * * * * * * * * * * * * * * * * * * * * * * * * * * * * * //

dimensions      [0 0 -1 0 0 0 0];


internalField   nonuniform List<scalar> 
9216
(
200
200
200
200
200
200
200
200
200
200
200
200
200
200
200
200
200
200
200
200
200
200
200
200
200
200
200
200
200
200
200
200
200
200
200
200
200
200
200
200
200
200
200
200
200
200
200
200
200
200
200
200
200
200
200
200
200
200
200
200
200
200
200
200
200
200
200
200
200
200
200
200
200
200
200
200
200
200
200
200
200
200
200
200
197.462418243
178.917309577
160.005130161
136.215980403
109.363105804
85.930916192
64.9586048462
48.2426828444
34.718042373
22.4003484841
12.8530918546
1.54179595731
200
200
200
200
200
200
200
200
200
200
200
200
200
200
200
200
200
200
200
200
200
200
200
200
200
200
200
200
200
200
200
200
200
200
200
200
200
200
200
200
200
200
200
200
200
200
200
200
200
200
200
200
200
200
200
200
200
200
200
200
200
200
200
200
200
200
200
200
200
200
200
200
200
200
200
200
200
200
200
200
200
200
200
200
200
192.10413027
173.321780944
148.537959497
125.302259368
98.6688617556
75.3899380623
59.8385050023
47.1541037943
30.7185185222
20.2648112874
15.2526886004
200
200
200
200
200
200
200
200
200
200
200
200
200
200
200
200
200
200
200
200
200
200
200
200
200
200
200
200
200
200
200
200
200
200
200
200
200
200
200
200
200
200
200
200
200
200
200
200
200
200
200
200
200
200
200
200
200
200
200
200
200
200
200
200
200
200
200
200
200
200
200
200
200
200
200
200
200
200
200
200
200
200
200
200
200
188.900918789
164.082830524
148.735773888
130.488855075
100.61575044
72.7534665075
63.7754084475
46.6797195751
35.9217390409
31.467198012
21.3541228561
200
200
200
200
200
200
200
200
200
200
200
200
200
200
200
200
200
200
200
200
200
200
200
200
200
200
200
200
200
200
200
200
200
200
200
200
200
200
200
200
200
200
200
200
200
200
200
200
200
200
200
200
200
200
200
200
200
200
200
200
200
200
200
200
200
200
200
200
200
200
200
200
200
200
200
200
200
200
200
200
200
200
200
200
199.999997776
182.10949846
161.805776292
146.979964247
123.311329662
105.240954672
85.1534644655
61.5610147726
55.3760721244
46.159763756
40.063072609
27.7551410176
200
200
200
200
200
200
200
200
200
200
200
200
200
200
200
200
200
200
200
200
200
200
200
200
200
200
200
200
200
200
200
200
200
200
200
200
200
200
200
200
200
200
200
200
200
200
200
200
200
200
200
200
200
200
200
200
200
200
200
200
200
200
200
200
200
200
200
200
200
200
200
200
200
200
200
200
200
200
200
200
200
200
200
200
196.291764307
173.394663709
153.521749605
140.26761995
130.538399934
107.070885972
91.8876638626
71.2842844219
57.1855675727
56.0156111234
52.3953366879
40.0736242028
200
200
200
200
200
200
200
200
200
200
200
200
200
200
200
200
200
200
200
200
200
200
200
200
200
200
200
200
200
200
200
200
200
200
200
200
200
200
200
200
200
200
200
200
200
200
200
200
200
200
200
200
200
200
200
200
200
200
200
200
200
200
200
200
200
200
200
200
200
200
200
200
200
200
200
200
200
200
200
200
200
200
200
200
192.644970355
171.414442102
158.609981023
140.093166255
120.054140553
101.274282859
98.4863343366
86.0514401439
68.1152405507
64.9031162897
64.0230237091
51.2254159041
200
200
200
200
200
200
200
200
200
200
200
200
200
200
200
200
200
200
200
200
200
200
200
200
200
200
200
200
200
200
200
200
200
200
200
200
200
200
200
200
200
200
200
200
200
200
200
200
200
200
200
200
200
200
200
200
200
200
200
200
200
200
200
200
200
200
200
200
200
200
200
200
200
200
200
200
200
200
200
200
200
200
200
199.999999773
188.047931889
169.702614517
154.182340531
139.533633093
119.848045247
110.774233052
96.7552794902
95.3377938179
86.0102315611
75.3581616267
75.1546140348
61.90298552
200
200
200
200
200
200
200
200
200
200
200
200
200
200
200
200
200
200
200
200
200
200
200
200
200
200
200
200
200
200
200
200
200
200
200
200
200
200
200
200
200
200
200
200
200
200
200
200
200
200
200
200
200
200
200
200
200
200
200
200
200
200
200
200
200
200
200
200
200
200
200
200
200
200
200
200
200
200
200
200
200
200
200
199.999995172
184.195019922
168.413972428
149.939353485
135.396624201
123.168713797
116.283731261
107.468254173
97.8035694609
98.1988410203
84.9942637284
85.6519863449
72.4578483149
200
200
200
200
200
200
200
200
200
200
200
200
200
200
200
200
200
200
200
200
200
200
200
200
200
200
200
200
200
200
200
200
200
200
200
200
200
200
200
200
200
200
200
200
200
200
200
200
200
200
200
200
200
200
200
200
200
200
200
200
200
200
200
200
200
200
200
200
200
200
200
200
200
200
200
200
200
200
200
200
200
200
200
199.800627237
183.792985012
168.937033849
153.359313773
136.930364685
125.483482367
113.118823313
114.845503398
108.876348342
102.59640638
98.0486765618
94.42388437
81.934027642
200
200
200
200
200
200
200
200
200
200
200
200
200
200
200
200
200
200
200
200
200
200
200
200
200
200
200
200
200
200
200
200
200
200
200
200
200
200
200
200
200
200
200
200
200
200
200
200
200
200
200
200
200
200
200
200
200
200
200
200
200
200
200
200
200
200
200
200
200
200
200
200
200
200
200
200
200
200
200
200
200
200
200
196.451634486
182.790206228
168.452932204
152.854999386
139.777526892
129.344615618
121.705208123
115.106730013
116.040579691
111.427182941
109.24629564
102.793710204
91.8414792014
200
200
200
200
200
200
200
200
200
200
200
200
200
200
200
200
200
200
200
200
200
200
200
200
200
200
200
200
200
200
200
200
200
200
200
200
200
200
200
200
200
200
200
200
200
200
200
200
200
200
200
200
200
200
200
200
200
200
200
200
200
200
200
200
200
200
200
200
200
200
200
200
200
200
200
200
200
200
200
200
200
200
200
195.679626538
181.792970261
165.139908765
152.274870455
142.484594617
136.64320224
129.651874835
124.363342441
117.178068938
118.957800936
121.179844409
111.226547527
99.6185398069
200
200
200
200
200
200
200
200
200
200
200
200
200
200
200
200
200
200
200
200
200
200
200
200
200
200
200
200
200
200
200
200
200
200
200
200
200
200
200
200
200
200
200
200
200
200
200
200
200
200
200
200
200
200
200
200
200
200
200
200
200
200
200
200
200
200
200
200
200
200
200
200
200
200
200
200
200
200
200
200
200
200
199.999999999
194.832943556
180.150681695
165.889950494
155.931393891
147.747114901
140.007208176
134.8460466
130.022401237
126.385707341
121.667409488
126.958620261
118.844906046
105.736123791
200
200
200
200
200
200
200
200
200
200
200
200
200
200
200
200
200
200
200
200
200
200
200
200
200
200
200
200
200
200
200
200
200
200
200
200
200
200
200
200
200
200
200
200
200
200
200
200
200
200
200
200
200
200
200
200
200
200
200
200
200
200
194.374499883
77.6596817736
18.7910074708
5.528946819
2.20023955918
1.50542178366
1.76615105953
3.00698208535
6.50252456177
16.966349846
52.4881196614
148.969118076
188.802336051
199.341533625
200
200
200
200
200
200
199.999999983
194.405044567
179.827476576
169.731054036
160.326241456
151.536674051
143.895996986
138.864174571
134.073318182
130.571060924
128.424763421
130.693100821
125.292954895
111.215148701
200
200
200
200
200
200
200
200
200
200
200
200
200
200
200
200
200
200
200
200
200
200
200
200
200
200
200
200
200
200
200
200
200
200
200
200
200
200
200
200
200
200
200
200
200
200
200
200
200
200
200
200
200
200
200
200
200
200
200
4.14912291742
0.084798362774
0.00738387384387
0.0014815724123
0.000436814933504
0.000159278610526
8.75921561793e-05
7.91873200767e-05
0.000106689928646
0.000187110791864
0.000395973308512
0.00097181990732
0.00274091068294
0.00890825669604
0.0340983018334
0.157023397439
0.894353451458
6.49046392038
60.7080328017
183.962249214
199.959553424
199.9972193
199.870162033
199.999999999
194.115385971
183.980145613
171.463106846
163.187279694
154.255866082
147.332922198
144.233974635
138.384679018
135.318063636
132.598663712
130.66611887
133.140479999
115.931177544
200
200
200
200
200
200
200
200
200
200
200
200
200
200
200
200
200
200
200
200
200
200
200
200
200
200
200
200
200
200
200
200
200
200
200
200
200
200
200
200
200
200
200
200
200
200
200
200
200
200
200
200
200
200
200
200
200
0.161803935014
3.22359129381e-05
2.59805491484e-06
4.65571493268e-07
1.22102005873e-07
4.37007026896e-08
2.07818928944e-08
1.49664293044e-08
1.61437361518e-08
2.3066443723e-08
3.96486246529e-08
7.90298340636e-08
1.82163574235e-07
4.77315247213e-07
1.43183508484e-06
4.95297239574e-06
2.00804356083e-05
9.65697624845e-05
0.000564551893417
0.00388154957415
0.0325675787404
0.3411694947
4.69595419989
86.3021533493
192.588475431
199.989904956
195.626059267
183.648286446
174.597059075
163.001761562
156.694298572
152.581850926
148.593791438
142.727561955
139.269225047
135.866154443
134.02447225
138.378987716
119.960374401
200
200
200
200
200
200
200
200
200
200
200
200
200
200
200
200
200
200
200
200
200
200
200
200
200
200
200
200
200
200
200
200
200
200
200
200
200
200
200
200
200
200
200
200
200
200
200
200
200
200
200
200
200
200
200
0.120517315548
3.45313197586e-07
3.02163471541e-09
3.96192670352e-10
9.50254770159e-11
3.24857316725e-11
1.42652331389e-11
8.19719660585e-12
6.88124697407e-12
8.06662318912e-12
1.18730920401e-11
2.05000598195e-11
4.044695595e-11
8.92557360391e-11
2.24299986768e-10
6.35953452231e-10
2.04534347487e-09
7.4758863276e-09
3.09130329895e-08
1.48045138251e-07
8.32984817047e-07
5.51336721006e-06
4.34363767222e-05
0.000418017634132
0.00489950133698
0.0718529238289
1.3856191438
35.8499846089
181.458714014
184.587331834
173.438757502
165.426533113
162.544794187
157.541774205
150.743668081
145.082650942
141.969271253
139.667883532
136.637471326
139.504746367
122.957823809
200
200
200
200
200
200
200
200
200
200
200
200
200
200
200
200
200
200
200
200
200
200
200
200
200
200
200
200
200
200
200
200
200
200
200
200
200
200
200
200
200
200
200
200
200
200
200
200
200
200
200
200
200
200
6.32301654804e-08
2.72020530536e-11
1.38033268247e-12
2.5127711528e-13
7.04040568834e-14
2.71598742629e-14
1.34498319199e-14
8.44369845949e-15
7.40545235107e-15
8.73494737245e-15
1.27579362703e-14
2.15866783839e-14
4.11308716366e-14
8.85898148954e-14
2.14757996934e-13
5.74414378073e-13
1.74090597758e-12
5.98573402712e-12
2.30395990986e-11
9.86775623973e-11
4.79602613952e-10
2.66826134702e-09
1.66235129598e-08
1.19059116556e-07
1.02701174129e-06
1.06197667375e-05
0.000134058354191
0.00208420916714
0.0412540504831
0.90600950824
26.1192564893
161.220387266
168.310558719
164.561233725
154.623406401
150.019121907
147.485528139
143.57415159
141.746092259
138.753945494
139.900727659
124.815630177
200
200
200
200
200
200
200
200
200
200
200
200
200
200
200
200
200
200
200
200
200
200
200
200
200
200
200
200
200
200
200
200
200
200
200
200
200
200
200
200
200
200
200
200
200
200
200
200
200
200
200
200
200
3.95550136331e-12
2.71467732091e-14
2.75483395099e-15
5.72351322223e-16
1.66294561018e-16
6.3816057394e-17
2.97944739044e-17
1.81750130024e-17
1.49494102785e-17
1.67168450835e-17
2.3812030287e-17
4.27388221554e-17
8.2806497285e-17
1.77953826693e-16
4.17375700833e-16
1.0957694939e-15
3.21021721513e-15
1.03843729487e-14
3.64498012824e-14
1.42238780885e-13
6.04432280913e-13
2.93487023638e-12
1.57616218922e-11
9.34699684326e-11
6.30615642875e-10
4.93598101163e-09
4.36425966167e-08
4.59609174299e-07
6.00383925261e-06
8.80314296181e-05
0.00154937037532
0.0336862942162
1.08280856673
65.9256622355
159.062064996
155.707200116
152.455822926
149.39575688
146.601384764
141.925878114
140.708463291
139.106324753
126.073388629
200
200
200
200
200
200
200
200
200
200
200
200
200
200
200
200
200
200
200
200
200
200
200
200
200
200
200
200
200
200
200
200
200
200
200
200
200
200
200
200
200
200
200
200
200
200
200
200
200
200
200
200
5.12383425469e-15
1.19646925903e-16
2.85059374291e-18
0
0
0
0
0
0
0
0
0
6.07336508806e-20
1.99882417743e-19
1.0135982744e-18
3.02199968472e-18
1.02341107452e-17
3.46375255571e-17
1.21375600072e-16
4.42341522804e-16
1.73991981401e-15
7.38294668243e-15
3.35000395791e-14
1.6741936308e-13
9.24644501311e-13
5.85107991688e-12
4.06138120288e-11
3.17568042882e-10
2.92105991126e-09
2.86205275456e-08
3.30486290462e-07
4.84041247955e-06
8.93646711431e-05
0.00224713697384
0.0987134067524
6.11921893368
143.471341235
155.472381591
151.830454386
147.686767854
143.637045299
141.710660284
138.63819289
127.364720087
200
200
200
200
200
200
200
200
200
200
200
200
200
200
200
200
200
200
200
200
200
200
200
200
200
200
200
200
200
200
200
200
200
200
200
200
200
200
200
200
200
200
200
200
200
200
200
200
200
200
200
6.01189558242e-17
0
0
0
0
0
0
0
0
0
0
0
0
0
0
0
4.58747749398e-20
1.26028291914e-19
5.59824205164e-19
2.35931782523e-18
9.59499583172e-18
3.96022145009e-17
1.64250944259e-16
6.98310113275e-16
3.3148211457e-15
1.64299368614e-14
9.01017404309e-14
5.53266230271e-13
3.94563263844e-12
2.8547846914e-11
2.34047922438e-10
2.27009309599e-09
2.66210813905e-08
3.99502698318e-07
9.31423216531e-06
0.000276088452587
0.0115569806923
1.0075327056
113.237793748
153.447692245
149.765616655
146.697865568
142.091983196
139.98117148
128.515458294
200
200
200
200
200
200
200
200
200
200
200
200
200
200
200
200
200
200
200
200
200
200
200
200
200
200
200
200
200
200
200
200
200
200
200
200
200
200
200
200
200
200
200
200
200
200
200
200
200
200
6.44906145743e-22
0
0
0
0
0
0
0
0
0
0
0
0
0
0
0
0
0
0
4.42147930293e-21
7.12893483357e-20
2.01816687761e-19
9.03721353294e-19
4.97793505379e-18
1.99126969982e-17
1.01162634005e-16
4.592607395e-16
2.4052390929e-15
1.22681339326e-14
7.26179391596e-14
4.50023782112e-13
3.30326090982e-12
2.65714835979e-11
2.55083876326e-10
3.12744767339e-09
5.46807560475e-08
1.21951345059e-06
4.06380035557e-05
0.00232851762772
0.241404290492
59.9210488601
150.049302394
148.610263
143.197338117
141.081733791
129.002054798
200
200
200
200
200
200
200
200
200
200
200
200
200
200
200
200
200
200
200
200
200
200
200
200
200
200
200
200
200
200
200
200
200
200
200
200
200
200
200
200
200
200
200
200
200
200
200
200
200
0
0
0
0
0
0
0
0
0
0
0
0
0
0
0
0
0
0
0
0
0
0
0
4.43045007973e-20
1.30430370435e-19
6.98105310128e-19
3.47773499638e-18
1.43758859632e-17
7.67073119509e-17
3.66938653726e-16
1.96431183803e-15
1.04843166262e-14
6.98429426359e-14
4.9041698723e-13
4.06910709192e-12
3.99743388584e-11
5.48132302145e-10
9.08465543359e-09
2.37833590429e-07
8.63008047056e-06
0.000595216949073
0.08426360117
32.9244766849
147.431373406
144.078739672
140.349730171
127.919460315
200
200
200
200
200
200
200
200
200
200
200
200
200
200
200
200
200
200
200
200
200
200
200
200
200
200
200
200
200
200
200
200
200
200
200
200
200
200
200
200
200
200
200
200
200
200
200
200
0
0
0
0
0
0
0
0
0
0
0
0
0
0
0
0
0
0
0
0
0
0
0
0
0
0
3.41713983385e-20
1.29408584823e-19
6.18831853826e-19
3.15847562976e-18
1.4603925874e-17
8.07986042051e-17
4.00560820666e-16
2.30043787748e-15
1.47698328792e-14
9.99594386312e-14
8.25569721864e-13
9.15432489245e-12
1.11129883883e-10
1.94307933622e-09
5.20193254836e-08
2.49345493318e-06
0.000221254078205
0.044917881498
42.6323841342
142.984702164
138.169340862
125.139069179
200
200
200
200
200
200
200
200
200
200
200
200
200
200
200
200
200
200
200
200
200
200
200
200
200
200
200
200
200
200
200
200
200
200
200
200
200
200
200
200
200
200
200
200
200
200
200
0
0
0
0
0
0
0
0
0
0
0
0
0
0
0
0
0
0
0
0
0
0
0
0
0
0
0
0
0
3.25724892679e-20
1.45096619359e-19
7.65769015682e-19
4.08345300018e-18
1.99038922447e-17
1.19583946743e-16
6.50428681658e-16
4.10594528998e-15
2.77397290564e-14
2.18295625302e-13
2.42364427257e-12
2.99751958707e-11
6.0001154225e-10
1.85048830182e-08
1.02228986204e-06
0.000125128979526
0.0501970855678
93.624332948
135.746786399
121.316044342
200
200
200
200
200
200
200
200
200
200
200
200
200
200
200
200
200
200
200
200
200
200
200
200
200
200
200
200
200
200
200
200
200
200
200
200
200
200
200
200
200
200
200
200
200
200
0
0
0
0
0
0
0
0
0
0
0
0
0
0
0
0
0
0
0
0
0
0
0
0
0
0
0
0
0
0
0
0
4.2606392571e-20
2.00216733281e-19
1.11144387762e-18
6.30462507319e-18
3.68845387012e-17
2.09151345807e-16
1.40835964037e-15
9.4088752239e-15
8.0621859977e-14
7.87188052025e-13
1.17421017518e-11
2.46911006245e-10
8.65346675713e-09
6.04660711489e-07
0.000129108513126
0.136351815035
118.67919814
116.753476437
200
200
200
200
200
200
200
200
200
200
200
200
200
200
200
200
200
200
200
200
200
200
200
200
200
200
200
200
200
200
200
200
200
200
200
200
200
200
200
200
200
200
200
200
200
0
0
0
0
0
0
0
0
0
0
0
0
0
0
0
0
0
0
0
0
0
0
0
0
0
0
0
0
0
0
0
0
0
0
0
6.85774988203e-20
3.53227993051e-19
2.75409403777e-18
1.43221456838e-17
9.06499172865e-17
6.18955273932e-16
3.86995069363e-15
3.24186011485e-14
3.67519564845e-13
5.720943691e-12
1.27527336857e-10
5.26725976894e-09
5.82759892902e-07
0.00027485150116
1.48595870516
110.947865054
200
200
200
200
200
200
200
200
200
200
200
200
200
200
200
200
200
200
200
200
200
200
200
200
200
200
200
200
200
200
200
200
200
200
200
200
200
200
200
200
200
200
200
200
200
0
0
0
0
0
0
0
0
0
0
0
0
0
0
0
0
0
0
0
0
0
0
0
0
0
0
0
0
0
0
0
0
0
0
0
0
2.08202385469e-20
1.5339432906e-19
1.12466999841e-18
6.83785168246e-18
4.60951406476e-17
3.05115556517e-16
2.11867157034e-15
1.77307755936e-14
1.93421677694e-13
3.17418385879e-12
7.87864080337e-11
4.88116854209e-09
1.05637584862e-06
0.00196572915558
81.4106538535
200
200
200
200
200
200
200
200
200
200
200
200
200
200
200
200
200
200
200
200
200
200
200
200
200
200
200
200
200
200
200
200
200
200
200
200
200
200
200
200
200
200
200
200
200
0
0
0
0
0
0
0
0
0
0
0
0
0
0
0
0
0
0
0
0
0
0
0
0
0
0
0
0
0
0
0
0
0
0
0
0
0
0
7.2694970551e-20
6.11012238108e-19
3.67359134829e-18
2.74806814625e-17
1.72324986953e-16
1.12541512829e-15
9.34965173037e-15
1.1915317717e-13
2.07689731774e-12
7.41750437137e-11
7.59023468659e-09
5.78374511191e-06
0.192617456479
200
200
200
200
200
200
200
200
200
200
200
200
200
200
200
200
200
200
200
200
200
200
200
200
200
200
200
200
200
200
200
200
200
200
200
200
200
200
200
200
200
200
200
200
0
0
0
0
0
0
0
0
0
0
0
0
0
0
0
0
0
0
0
0
0
0
0
0
0
0
0
0
0
0
0
0
0
0
0
0
0
0
0
0
3.26604599118e-20
3.81312469311e-19
2.65179581946e-18
1.87068450447e-17
1.14975869288e-16
9.21964476026e-16
7.18187879552e-15
9.70269174652e-14
2.26068236184e-12
1.07342388789e-10
3.08448097659e-08
0.000191400764289
200
200
200
200
200
200
200
200
200
200
200
200
200
200
200
200
200
200
200
200
200
200
200
200
200
200
200
200
200
200
200
200
200
200
200
200
200
200
200
200
200
200
200
200
0
0
0
0
0
0
0
0
0
0
0
3.08022651018e-20
1.54108674388e-19
2.37640590983e-19
4.0774775875e-19
0
0
0
0
0
0
0
0
0
0
0
0
0
0
0
0
0
0
0
0
0
0
0
0
0
0
1.38365256415e-20
2.62635523488e-19
2.35047926872e-18
1.56097987465e-17
1.03640487637e-16
8.06154633462e-16
7.77172955025e-15
1.13473727898e-13
3.09757619265e-12
3.52794044079e-10
4.99782115588e-07
200
200
200
3.91331899674e-23
0
0
0
0
0
0
0
0
0
0
0
0
0
0
0
0
0
0
0
4.89088320161e-18
7.09602050158e-16
200
200
200
200
200
200
200
200
200
200
200
200
200
200
200
200
200
200
200
0
0
0
0
0
0
0
0
0
1.06868694744e-19
1.77210292767e-18
1.09268452322e-17
7.81672118268e-17
5.14678984635e-16
9.77923699644e-16
1.37079329859e-15
3.68649421828e-17
2.50330759804e-18
0
0
0
0
0
0
0
0
0
0
0
0
0
0
0
0
0
0
0
0
0
0
0
0
2.44198648032e-21
2.20703899057e-19
1.76604392869e-18
1.24709118361e-17
1.00254120108e-16
8.08269142441e-16
7.87199389335e-15
1.60120959186e-13
8.46447939539e-12
3.34838777826e-09
4.87201628867e-24
2.5642190993e-24
0
0
0
0
0
0
0
0
0
0
0
0
0
0
0
0
0
0
0
0
0
0
0
0
0
0
0
0
2.80855415806e-17
3.84577922578e-15
200
200
200
200
200
200
200
200
200
200
200
0
0
0
0
0
0
0
0
2.6697661286e-20
2.30564326713e-18
1.16675928914e-16
1.02401220711e-14
200
200
200
200
200
200
200
200
199.999999989
199.999225263
0
0
0
0
0
0
0
0
0
0
0
0
0
0
0
0
0
0
0
0
0
0
9.59619749189e-23
2.56457113038e-19
2.02907321783e-18
1.80438017265e-17
1.3656068093e-16
1.14802079307e-15
1.48759327263e-14
4.01108360347e-13
5.50473412109e-11
0
0
0
0
0
0
0
0
0
0
0
0
0
0
0
0
0
0
0
0
0
0
0
0
0
0
0
0
0
0
0
0
0
0
0
3.8542878979e-17
1.88683011457e-15
200
200
200
200
200
200
0
0
0
0
0
0
0
2.88546267115e-19
6.72560063213e-17
5.13265301584e-14
200
200
200
200
200
200
200
200
200
200
200
200
199.999999991
0
0
0
0
0
0
0
0
0
0
0
0
0
0
0
0
0
0
0
0
0
0
9.24553664098e-21
3.68460893389e-19
3.24782760036e-18
2.31016563136e-17
2.17206859696e-16
2.15517730705e-15
3.43462245595e-14
2.09167346558e-12
0
0
0
0
0
0
0
0
0
0
0
0
0
0
0
0
0
0
0
0
0
0
0
0
0
0
0
0
0
0
0
0
0
0
0
0
0
0
3.17068674678e-19
2.8091209982e-17
3.52453600569e-16
8.1879126438e-16
1.84541729551e-17
0
0
0
0
0
0
2.93110340015e-18
1.873706687e-15
200
200
200
200
200
200
200
200
200
200
200
200
200
200
200
200
23.0748142113
0
0
0
0
0
0
0
0
0
0
0
0
0
0
0
0
0
0
0
0
0
2.8999808704e-20
7.1721709863e-19
4.97696505692e-18
4.05339158888e-17
3.60922491213e-16
4.95667311086e-15
1.45033419807e-13
0
0
0
0
0
0
0
0
0
0
0
0
0
0
0
0
0
0
0
0
0
0
0
0
0
0
0
0
0
0
0
0
0
0
0
0
0
0
0
0
0
0
2.12529421879e-18
0
0
3.77549866612e-22
6.48251490251e-22
4.04831630442e-20
2.34037916511e-17
1.15820553873e-13
200
200
200
200
200
200
200
200
200
200
200
200
200
200
200
200
200
200
13.9368299858
0
0
0
0
0
0
0
0
0
0
0
0
0
0
0
0
0
0
0
0
0
8.55516921412e-20
1.3281516805e-18
1.1136751362e-17
9.78835580431e-17
1.05578684469e-15
1.70849065655e-14
0
0
0
0
0
0
0
0
0
0
0
0
0
0
0
0
0
0
0
0
0
0
0
0
0
0
0
0
0
0
0
0
0
0
0
0
0
0
0
0
0
0
0
0
4.79989331287e-22
3.13711565362e-21
2.44949002774e-19
4.76132380289e-17
1.76174726942e-11
200
200
200
200
200
200
200
200
200
200
200
200
200
200
200
200
200
200
200
200
0
0
0
0
0
0
0
0
0
0
0
0
0
0
0
0
0
0
0
0
0
0
2.85768449701e-19
2.64797306604e-18
3.0418826241e-17
2.99621851183e-16
3.31370146399e-15
0
0
0
0
0
0
0
0
0
0
0
0
0
0
0
0
0
0
0
0
0
0
0
0
0
0
0
0
0
0
0
0
0
0
0
0
0
0
0
0
0
0
0
0
0
1.64146941068e-19
1.84421785354e-17
200
200
200
200
200
200
200
200
200
200
200
200
200
200
200
200
200
200
200
200
200
200
200
0
0
0
0
0
0
0
0
0
0
0
0
0
0
0
0
0
0
0
0
0
4.12207181958e-20
9.52458283128e-19
7.92846869449e-18
8.90905657767e-17
8.97520283713e-16
0
0
0
0
0
0
0
0
0
0
0
0
0
0
0
0
0
0
0
0
0
0
0
0
0
0
0
0
0
0
0
0
0
0
0
0
0
0
0
0
0
0
0
0
0
0
1.70943820657e-15
200
200
200
200
200
200
200
200
200
200
200
200
200
200
200
200
200
200
200
200
200
200
200
200
0
0
0
0
0
0
0
0
0
0
0
0
0
0
0
0
0
0
0
0
0
2.5903943212e-19
3.06064179954e-18
3.38025766574e-17
3.02290180034e-16
0
0
0
0
0
0
0
0
0
0
0
0
0
0
0
0
0
0
0
0
0
0
0
0
0
0
0
0
0
0
0
0
0
0
0
0
0
0
0
0
0
0
0
0
0
0
0
0
3.57184327476e-23
200
200
200
200
200
200
200
200
200
200
200
200
200
200
200
200
200
200
200
200
200
200
200
0
0
0
0
0
0
0
0
0
0
0
0
0
0
0
0
0
0
0
0
7.13358589702e-20
1.31995063817e-18
1.47180038291e-17
1.23549568625e-16
0
0
0
0
0
0
0
0
0
0
0
0
0
0
0
0
0
0
0
0
0
0
0
0
0
0
0
0
0
0
0
0
0
0
0
0
0
0
0
0
0
0
0
0
0
0
0
0
0
3.21465894729e-23
4.30430785139e-22
2.47415519966e-16
200
200
200
200
200
200
200
200
200
200
200
200
200
200
200
200
200
200
200
200
199.999977824
0
0
0
0
0
0
0
0
0
0
0
0
0
0
0
0
0
0
0
1.7791711787e-20
6.46124400507e-19
7.24461374829e-18
5.9543691723e-17
0
0
0
0
0
0
0
0
0
0
0
0
0
0
0
0
0
0
0
0
0
0
0
0
0
0
0
0
0
0
0
0
0
0
0
0
0
0
0
0
0
0
0
0
0
0
0
0
0
0
2.89319305256e-23
1.62522837716e-22
1.99863722651e-21
9.11490395997e-16
200
200
200
200
200
200
200
200
200
200
200
200
200
200
200
200
200
200
200
0
0
0
0
0
0
0
0
0
0
0
0
0
0
0
0
0
0
0
0
2.94663384321e-19
3.63385798167e-18
3.28701639634e-17
0
0
0
0
0
0
0
0
0
0
0
0
0
0
0
0
0
0
0
0
0
0
0
0
0
0
0
0
0
0
0
0
0
0
0
0
0
0
0
0
0
0
0
0
0
0
0
0
0
0
0
5.49706679986e-23
1.22835690219e-22
1.71666548127e-21
4.92700222953e-21
1.87136089783e-14
200
200
200
200
200
200
200
200
200
200
200
200
200
200
200
200
200
199.999983631
0
0
0
0
0
0
0
0
0
0
0
0
0
0
0
0
0
0
0
1.44662227546e-19
1.9862491465e-18
2.02818097726e-17
0
0
0
0
0
0
0
0
0
0
0
0
0
0
0
0
0
0
0
0
0
0
0
0
0
0
0
0
0
0
0
0
0
0
0
0
0
0
0
0
0
0
0
0
0
0
0
0
0
0
0
0
4.94736011987e-23
1.10552121197e-22
1.52390755579e-21
3.35743389618e-21
3.74962998503e-16
200
200
200
200
200
200
200
200
200
200
200
200
200
200
200
200
200
0
0
0
0
0
0
0
0
0
0
0
0
0
0
0
0
0
0
0
8.84517551278e-20
1.49492039978e-18
1.37099753817e-17
0
0
0
0
0
0
0
0
0
0
0
0
0
0
0
0
0
0
0
0
0
0
0
0
0
0
0
0
0
0
0
0
0
0
0
0
0
0
0
0
0
0
0
0
0
0
0
0
0
0
0
0
0
7.05649785519e-23
2.41385811599e-22
1.1697725272e-21
1.81483632425e-21
3.64632089056e-17
200
200
200
200
200
200
200
200
200
200
200
200
200
200
200
200
199.999958448
0
0
0
0
0
0
0
0
0
0
0
0
0
0
0
0
0
0
5.24240728989e-20
1.20099602891e-18
1.02315298257e-17
0
0
0
0
0
0
0
0
0
0
0
0
0
0
0
0
0
0
0
0
0
0
0
0
0
0
0
0
0
0
0
0
0
0
0
0
0
0
0
0
0
0
0
0
0
0
0
0
0
0
0
0
0
2.10913773531e-23
4.45262410789e-23
3.69323872653e-22
9.83703519459e-22
1.62513931129e-21
1.57971096788e-21
200
200
200
200
200
200
200
200
200
200
200
200
200
200
200
200
0
0
0
0
0
0
0
0
0
0
0
0
0
0
0
0
0
0
4.33617591931e-20
9.68655950482e-19
8.40931166706e-18
0
0
0
0
0
0
0
0
0
0
0
0
0
0
0
0
0
0
0
0
0
0
0
0
0
0
0
0
0
0
0
0
0
0
0
0
0
0
0
0
0
0
0
0
0
0
0
0
0
0
0
0
0
2.10913773531e-23
4.0073616971e-23
4.0073616971e-23
3.89985839479e-22
9.47574038571e-22
1.42879482799e-21
1.36200431701e-21
200
200
200
200
200
200
200
200
200
200
200
200
200
200
200
0
0
0
0
0
0
0
0
0
0
0
0
0
0
0
0
0
0
3.99787919035e-20
9.48632249497e-19
7.79741389764e-18
0
0
0
0
0
0
0
0
0
0
0
0
0
0
0
0
0
0
0
0
0
0
0
0
0
0
0
0
0
0
0
0
0
0
0
0
0
0
0
0
0
0
0
0
0
0
0
0
0
0
0
0
0
0
4.0073616971e-23
4.0073616971e-23
4.0073616971e-23
4.72961805866e-22
1.08809456625e-21
1.17387603608e-21
6.0059066982e-18
200
200
200
200
200
200
200
200
200
200
200
200
200
200
0
0
0
0
0
0
0
0
0
0
0
0
0
0
0
0
0
0
4.09234307268e-20
9.38927364116e-19
7.98309998856e-18
0
0
0
0
0
0
0
0
0
0
0
0
0
0
0
0
0
0
0
0
0
0
0
0
0
0
0
0
0
0
0
0
0
0
0
0
0
0
0
0
0
0
0
0
0
0
0
0
0
0
0
0
0
0
0
4.0073616971e-23
4.0073616971e-23
4.0073616971e-23
5.65157324074e-22
8.49688440144e-22
8.21175561763e-22
1.28313813119e-16
200
200
200
200
200
200
200
200
200
200
200
200
200
0
0
0
0
0
0
0
0
0
0
0
0
0
0
0
0
0
0
5.68880756551e-20
9.81908419254e-19
8.80814068605e-18
0
0
0
0
0
0
0
0
0
0
0
0
0
0
0
0
0
0
0
0
0
0
0
0
0
0
0
0
0
0
0
0
0
0
0
0
0
0
0
0
0
0
0
0
0
0
0
0
0
0
0
0
0
0
0
0
0
2.10913773531e-23
6.35084806967e-23
5.36083817089e-22
7.07283936247e-22
5.09112635277e-22
200
200
200
200
200
200
200
200
200
200
200
200
200
0
0
0
0
0
0
0
0
0
0
0
0
0
0
0
0
0
0
7.81095729735e-20
1.32976362409e-18
1.03780646846e-17
0
0
0
0
0
0
0
0
0
0
0
0
0
0
0
0
0
0
0
0
0
0
0
0
0
0
0
0
0
0
0
0
0
0
0
0
0
0
0
0
0
0
0
0
0
0
0
0
0
0
0
0
0
0
0
0
0
0
1.10552121197e-22
1.46270553945e-22
1.3164349855e-22
2.66012989186e-22
3.42021696107e-20
200
200
200
200
200
200
200
200
200
200
200
200
0
0
0
0
0
0
0
0
0
0
0
0
0
0
0
0
0
0
1.14874897209e-19
1.71633150948e-18
1.30148081513e-17
0
0
0
0
0
0
0
0
0
0
0
0
0
0
0
0
0
0
0
0
0
0
0
0
0
0
0
0
0
0
0
0
0
0
0
0
0
0
0
0
0
0
0
0
0
0
0
0
0
0
0
0
0
0
0
0
0
0
2.89319305256e-23
1.22835690219e-22
1.85957701442e-22
1.46270553945e-22
7.28426326336e-21
200
200
200
200
200
200
200
200
200
200
200
200
0
0
0
0
0
0
0
0
0
0
0
0
0
0
0
0
0
0
1.96142666717e-19
2.18795440036e-18
1.60741711988e-17
0
0
0
0
0
0
0
0
0
0
0
0
0
0
0
0
0
0
0
0
0
0
0
0
0
0
0
0
0
0
0
0
0
0
0
0
0
0
0
0
0
0
0
0
0
0
0
0
0
0
0
0
0
0
0
0
0
0
0
0
1.36484100243e-22
2.06619668269e-22
2.95742520689e-21
6.21186459712e-20
200
200
200
200
200
200
200
200
200
200
200
2.10913773531e-23
0
0
0
0
0
0
0
0
0
0
0
0
0
0
0
0
1.09041505723e-20
3.42586209463e-19
3.14398272379e-18
1.90666099676e-17
0
0
0
0
0
0
0
0
0
0
0
0
0
0
0
0
0
0
0
0
0
0
0
0
0
0
0
0
0
0
0
0
0
0
0
0
0
0
0
0
0
0
0
0
0
0
0
0
0
0
0
0
0
0
0
0
0
0
0
0
0
1.5164900027e-22
3.33502448604e-21
2.33597262413e-20
200
200
200
200
200
200
200
200
200
200
200
2.10913773531e-23
2.10913773531e-23
0
0
0
0
0
0
0
0
0
0
0
0
0
0
0
3.4448448117e-20
5.69860472982e-19
4.73585541735e-18
4.92366749955e-17
0
0
0
0
0
0
0
0
0
0
0
0
0
0
0
0
0
0
0
0
0
0
0
0
0
0
0
0
0
0
0
0
0
0
0
0
0
0
0
0
0
0
0
0
0
0
0
0
0
0
0
0
0
0
0
0
0
0
0
0
0
0
1.44083159044e-21
7.75103349369e-21
200
200
200
200
200
200
200
200
200
200
200
2.10913773531e-23
2.10913773531e-23
2.10913773531e-23
0
0
0
0
0
0
0
0
0
0
0
0
0
0
8.73892251533e-20
9.05458272442e-19
6.4513698162e-18
1.59850370999e-16
0
0
0
0
0
0
0
0
0
0
0
0
0
0
0
0
0
0
0
0
0
0
0
0
0
0
0
0
0
0
0
0
0
0
0
0
0
0
0
0
0
0
0
0
0
0
0
0
0
0
0
0
0
0
0
0
0
0
0
0
0
0
0
7.31418274052e-21
200
200
200
200
200
200
200
200
200
200
0
1.89822396178e-23
2.10913773531e-23
2.10913773531e-23
2.10913773531e-23
0
0
0
0
0
0
0
0
0
0
0
0
9.43843069539e-22
1.59752876602e-19
1.63362938981e-18
8.16546212334e-18
2.88746669422e-16
0
0
0
0
0
0
0
0
0
0
0
0
0
0
0
0
0
0
0
0
0
0
0
0
0
0
0
0
0
0
0
0
0
0
0
0
0
0
0
0
0
0
0
0
0
0
0
0
0
0
0
0
0
0
0
0
0
0
0
0
0
0
0
6.68603812125e-21
200
200
200
200
200
200
200
200
200
200
0
0
1.89822396178e-23
2.10913773531e-23
2.10913773531e-23
0
0
0
0
0
0
0
0
0
0
0
0
2.79361068866e-20
2.71090607154e-19
2.10261954407e-18
8.87758182228e-18
4.79150985151e-16
0
0
0
0
0
0
0
0
0
0
0
0
0
0
0
0
0
0
0
0
0
0
0
0
0
0
0
0
0
0
0
0
0
0
0
0
0
0
0
0
0
0
0
0
0
0
0
0
0
0
0
0
0
0
0
0
0
0
0
0
0
0
0
0
200
200
200
200
200
200
200
200
200
0
0
0
0
2.10913773531e-23
2.10913773531e-23
2.10913773531e-23
0
0
0
0
0
0
0
0
0
0
0
5.71479881464e-20
5.71557447411e-19
2.7882082115e-18
1.85368880254e-17
6.71698799028e-16
0
0
0
0
0
0
0
0
0
0
0
0
0
0
0
0
0
0
0
0
0
0
0
0
0
0
0
0
0
0
0
0
0
0
0
0
0
0
0
0
0
0
0
0
0
0
0
0
0
0
0
0
0
0
0
0
0
0
0
0
0
0
0
0
200
200
200
200
200
200
200
200
0
0
0
0
0
0
2.10913773531e-23
2.10913773531e-23
0
0
0
0
0
0
0
0
0
0
1.47755959141e-20
1.07641525673e-19
6.5740022032e-19
2.66395437352e-18
4.11830467612e-17
1.04107480116e-15
0
0
0
0
0
0
0
0
0
0
0
0
0
0
0
0
0
0
0
0
0
0
0
0
0
0
0
0
0
0
0
0
0
0
0
0
0
0
0
0
0
0
0
0
0
0
0
0
0
0
0
0
0
0
0
0
0
0
0
0
0
0
0
0
200
200
200
200
200
200
200
0
0
0
0
0
0
0
0
2.10913773531e-23
0
0
0
0
0
0
0
0
0
0
4.14566575569e-20
2.20702263397e-19
7.65273247695e-19
1.86126463887e-18
4.86133511541e-17
1.55196279794e-15
0
0
0
0
0
0
0
0
0
0
0
0
0
0
0
0
0
0
0
0
0
0
0
0
0
0
0
0
0
0
0
0
0
0
0
0
0
0
0
0
0
0
0
0
0
0
0
0
0
0
0
0
0
0
0
0
0
0
0
0
0
0
0
8.36887733464
200
200
200
200
200
200
0
0
0
0
0
0
0
0
0
0
0
0
0
0
0
0
0
0
0
1.63596523319e-20
6.09776255249e-20
2.45132472581e-19
4.53773440354e-19
4.16983489543e-18
7.44261791626e-17
2.19864390631e-15
0
0
0
0
0
0
0
0
0
0
0
0
0
0
0
0
0
0
0
0
0
0
0
0
0
0
0
0
0
0
0
0
0
0
0
0
0
0
0
0
0
0
0
0
0
0
0
0
0
0
0
0
0
0
0
0
0
0
0
0
0
0
0
200
200
200
200
200
200
0
0
0
0
0
0
0
0
0
0
0
0
0
0
0
0
0
0
0
0
4.50782394645e-20
1.6776995275e-19
2.81821279991e-19
8.06132455436e-20
4.04508466143e-18
1.26226210124e-16
2.36836946683e-15
0
0
0
0
0
0
0
0
0
0
0
0
0
0
0
0
0
0
0
0
0
0
0
0
0
0
0
0
0
0
0
0
0
0
0
0
0
0
0
0
0
0
0
0
0
0
0
0
0
0
0
0
0
0
0
0
0
0
0
0
0
0
0
200
200
200
200
0
0
0
0
0
0
0
0
0
0
0
0
0
0
0
0
0
0
0
0
0
2.54544114266e-20
9.36208666783e-20
3.04458325766e-19
5.14498049735e-19
3.36922511327e-20
1.04016629142e-18
2.11010732222e-16
2.18425095503e-15
0
0
0
0
0
0
0
0
0
0
0
0
0
0
0
0
0
0
0
0
0
0
0
0
0
0
0
0
0
0
0
0
0
0
0
0
0
0
0
0
0
0
0
0
0
0
0
0
0
0
0
0
0
0
0
0
0
0
0
0
0
0
0
200
0
0
0
0
0
0
0
0
0
0
0
0
0
0
0
0
0
0
0
0
0
0
0
1.70236963321e-20
4.41733351228e-20
1.20533816889e-19
2.88198845009e-19
3.2629864796e-19
1.01699840647e-18
4.08571385826e-18
1.06793690235e-16
1.17871358426e-15
0
0
0
0
0
0
0
0
0
0
0
0
0
0
0
0
0
0
0
0
0
0
0
0
0
0
0
0
0
0
0
0
0
0
0
0
0
0
0
0
0
0
0
0
0
0
0
0
0
0
0
0
0
0
0
0
0
0
0
0
0
0
0
0
0
0
0
0
0
0
0
0
0
0
0
0
0
0
0
0
0
0
0
0
0
0
1.14878274022e-20
5.66989095263e-20
8.77394574399e-20
1.22740201988e-19
1.27675515573e-19
5.97756382617e-18
7.43800675639e-18
1.38974056763e-17
7.96981303514e-17
1.88546962436e-15
4.87201628867e-24
0
0
0
0
0
0
0
0
0
0
0
0
0
0
0
0
0
0
0
0
0
0
0
0
0
0
0
0
0
0
0
0
0
0
0
0
0
0
0
0
0
0
0
0
0
0
0
0
0
0
0
0
0
0
0
0
0
0
0
0
0
0
0
0
0
0
0
0
0
0
0
0
0
0
0
0
0
0
0
0
0
0
0
0
1.02115914042e-20
6.20815913193e-20
9.35658103555e-20
1.02116475206e-19
2.03177163772e-19
1.48213572747e-18
1.6550501389e-18
2.49711123135e-18
5.8775274111e-18
3.44764646503e-17
1.10151489726e-15
200
200
1.17317772829e-23
0
0
0
0
0
0
0
0
0
0
0
0
0
0
0
0
0
0
0
0
0
0
0
0
0
0
0
0
0
0
0
0
0
0
0
0
0
0
0
0
0
0
0
0
0
0
0
0
0
0
0
0
0
0
0
0
0
0
0
0
0
0
0
0
0
0
0
0
0
0
0
0
0
0
0
0
0
0
0
0
0
1.62104587739e-20
6.92573798426e-20
6.86637985681e-20
1.27263837723e-19
6.15921230162e-19
5.47879925794e-19
5.920866063e-19
9.41086942535e-19
1.65533597403e-18
4.02428703897e-18
2.25184442964e-17
1.01147027952e-15
200
200
200
200
200
0
0
0
0
0
0
0
0
0
0
0
0
0
0
0
0
0
0
0
0
0
0
0
0
0
0
0
0
0
0
0
0
0
0
0
0
0
0
0
0
0
0
0
0
0
0
0
0
0
0
0
0
0
0
0
0
0
0
0
0
0
0
0
0
0
0
0
0
0
0
0
0
0
0
7.05649785519e-23
7.84055317243e-23
4.94736011987e-23
7.8892441857e-21
5.45976199091e-20
7.10440074348e-20
6.93370437532e-20
3.58884057233e-19
3.42466146516e-19
3.48730487026e-19
4.05457335657e-19
5.14633744139e-19
6.89733458539e-19
9.69572987028e-19
1.74988957343e-18
8.78973873947e-18
7.17120575945e-16
200
200
200
200
200
19.3407184915
8.02150553539e-23
0
0
0
0
0
0
0
0
0
0
0
0
0
0
0
0
0
0
0
0
0
0
0
0
0
0
0
0
0
0
0
0
0
0
0
0
0
0
0
0
0
0
0
0
0
0
0
0
0
0
0
0
0
0
0
0
0
0
0
0
0
0
0
0
0
0
3.0510962747e-20
3.8908155162e-20
2.5581099777e-19
3.9040380647e-19
8.66694891639e-19
1.14350881489e-18
1.31944214891e-18
1.41579071953e-18
9.66796068993e-19
1.80943069888e-19
6.15012811357e-20
3.45228149797e-19
2.54346967109e-19
2.41431305357e-19
2.71102580204e-19
3.19153993796e-19
3.72020079343e-19
4.44653423475e-19
5.5257746744e-19
6.97148141101e-19
9.53672092977e-19
2.05552297475e-18
4.26137351339e-16
200
200
200
200
9.5265455902e-13
5.87822262263e-17
4.35149607273e-16
1.2289904796e-16
2.12967630767e-23
0
0
0
0
0
0
0
0
0
0
0
0
0
0
0
0
0
0
0
0
0
0
0
0
0
0
0
0
0
0
0
0
0
0
0
0
0
0
0
0
0
0
0
0
0
0
0
0
0
0
0
0
0
0
0
0
0
0
0
0
0
0
3.3133423144e-19
1.75363969094e-18
3.57717986735e-18
5.46990204125e-18
6.52153875715e-18
7.01914724624e-18
7.84575160362e-18
7.00456815777e-18
6.28690656083e-18
4.42388440488e-18
1.72753406567e-18
7.16710291558e-19
3.17621196182e-19
2.17851969293e-19
2.17494246654e-19
2.40053096692e-19
2.66090936745e-19
3.00202112369e-19
3.41595411281e-19
3.94269540663e-19
4.63672160089e-19
5.50668010634e-19
6.70879115759e-19
9.24197479097e-19
2.01210930494e-16
200
200
200
6.25036656174e-13
9.09789794051e-16
9.95482472843e-17
1.54520315561e-17
1.05588910937e-19
2.20784786995e-19
2.29801515779e-21
0
0
0
0
0
0
0
0
0
0
0
0
0
0
0
0
0
0
0
0
0
0
0
0
0
0
0
0
0
0
0
0
0
0
0
0
0
0
0
0
0
0
0
0
0
0
0
0
0
0
0
0
0
0
0
0
0
0
0
0
0
1.60996813719e-18
4.65636007796e-18
5.03615236257e-18
5.21670844353e-18
5.6680706906e-18
6.06669383514e-18
6.44476529517e-18
6.57171036421e-18
6.2595419243e-18
5.61246524867e-18
4.49840970895e-18
9.60008351981e-19
3.6906495965e-19
2.74821476985e-19
2.47907651211e-19
2.50949583676e-19
2.65966514548e-19
2.90679142142e-19
3.21978197981e-19
3.60947804933e-19
4.08458569505e-19
4.65736987011e-19
5.35301350188e-19
6.39147818757e-19
8.09277222974e-17
200
34.7169406514
2.42152006965e-13
1.54073702862e-15
1.43112502207e-16
4.97191094487e-18
2.72616440674e-19
6.92619505136e-20
4.08758810435e-20
9.50029156145e-20
1.30328579303e-19
9.59681104432e-23
0
0
0
0
0
0
0
0
0
0
0
0
0
0
0
0
0
0
0
0
0
0
0
0
0
0
0
0
0
0
0
0
0
0
0
0
0
0
0
0
0
0
0
0
0
0
0
0
0
0
0
0
0
0
0
0
0
0
0
3.69297156065e-18
5.39885648939e-18
5.63664227139e-18
5.82048192269e-18
6.10735635967e-18
6.35930286092e-18
6.63612960829e-18
6.81989843368e-18
7.0679769239e-18
7.15903762912e-18
6.66059286726e-18
2.96682402457e-18
6.04641177829e-19
3.62475900583e-19
2.88654898089e-19
2.71444628038e-19
2.74917967155e-19
2.89002078115e-19
3.11359228109e-19
3.40319752476e-19
3.74222197299e-19
4.13979692808e-19
4.58635880862e-19
5.17732277135e-19
3.0077116948e-17
5.11552369679e-12
8.9806176763e-14
2.11349387414e-15
1.68585869692e-16
1.04463656759e-17
3.82641677613e-19
9.47123919787e-20
5.47188685422e-20
4.54278317797e-20
5.60777861099e-20
4.54050700783e-20
7.69242607818e-20
1.14014227494e-21
0
0
0
0
0
0
0
0
0
0
0
0
0
0
0
0
0
0
0
0
0
0
0
0
0
0
0
0
0
0
0
0
0
0
0
0
0
0
0
0
0
0
0
0
0
0
0
0
0
0
0
0
0
0
0
0
0
0
3.35554010763e-18
5.92791068572e-18
5.99923865066e-18
6.41927680141e-18
6.64635634245e-18
6.79672719101e-18
6.99060067639e-18
7.19027224936e-18
7.49891201039e-18
8.0262945772e-18
8.43295179076e-18
5.48359190255e-18
9.50725716053e-19
4.64829181521e-19
3.43210239879e-19
3.01645030044e-19
2.91494525088e-19
2.95698648799e-19
3.09766374131e-19
3.29869356515e-19
3.54663423974e-19
3.83426108384e-19
4.1416117802e-19
4.52705757594e-19
8.93055526446e-18
2.60690612467e-14
2.27911998083e-15
2.16909164397e-16
1.66509913824e-17
4.94643672171e-19
8.52397466247e-20
5.40080185503e-20
4.08850486017e-20
3.67882929392e-20
3.67834679085e-20
3.39602905279e-20
2.97601506684e-20
6.92236634719e-20
1.83354734588e-20
0
0
0
0
0
0
0
0
0
0
0
0
0
0
0
0
0
0
0
0
0
0
0
0
0
0
0
0
0
0
0
0
0
0
0
0
0
0
0
0
0
0
0
0
0
0
0
0
0
0
0
0
0
0
0
0
0
0
9.05092844278e-18
7.02772209128e-18
7.41270902807e-18
7.51397094454e-18
7.51891486429e-18
7.62040732407e-18
7.7487866217e-18
8.06377966663e-18
8.43863711488e-18
9.17223145727e-18
7.94665747508e-18
2.03956926257e-18
6.0590135294e-19
4.07416978291e-19
3.39087581432e-19
3.14830536831e-19
3.0979436508e-19
3.15410559804e-19
3.29999159368e-19
3.48418500494e-19
3.69673574894e-19
3.91619264876e-19
199.947304683
199.994652093
2.73673381198e-15
2.7154275194e-16
2.45221183088e-17
1.72009412688e-19
6.66547108497e-20
4.59196357866e-20
3.67965437415e-20
3.31094636452e-20
2.97902664784e-20
2.97854414477e-20
2.97741234747e-20
3.30823594163e-20
4.66799169567e-20
1.13575161161e-19
5.80442366964e-20
0
0
0
0
0
0
0
0
0
0
0
0
0
0
0
0
0
0
0
0
0
0
0
0
0
0
0
0
0
0
0
0
0
0
0
0
0
0
0
0
0
0
0
0
0
0
0
0
0
0
0
0
0
0
0
0
0
1.51604629849e-17
9.75184371533e-18
9.3560465733e-18
8.89466982996e-18
8.58587837884e-18
8.46529493904e-18
8.52984467999e-18
8.64973289274e-18
8.95906573007e-18
9.41811846609e-18
1.00622701995e-17
3.76562376019e-18
7.939317361e-19
4.82912050559e-19
3.83952046068e-19
3.44023215738e-19
3.28408047069e-19
3.28738952071e-19
3.36279084723e-19
3.49719752745e-19
199.990858976
199.999909856
199.999991258
199.999995609
4.47852831454e-16
3.15481944271e-17
6.26370168315e-20
4.91299135953e-20
3.93184033208e-20
3.30774024419e-20
2.82205093164e-20
2.64849431165e-20
2.41262075727e-20
2.41218650451e-20
2.59718216006e-20
2.94392383605e-20
3.88787847501e-20
8.74237517687e-20
2.14459657762e-18
2.72644204524e-19
0
0
0
0
0
0
0
0
0
0
0
0
0
0
0
0
0
0
0
0
0
0
0
0
0
0
0
0
0
0
0
0
0
0
0
0
0
0
0
0
0
0
0
0
0
0
0
0
0
0
0
0
0
0
0
0
1.61377370176e-17
1.32632619942e-17
1.16780979111e-17
1.0712172721e-17
9.95364131426e-18
9.61674764661e-18
9.40605172884e-18
9.36188984551e-18
9.50791377928e-18
9.8145582724e-18
1.13194554277e-17
5.48839420645e-18
1.01219560585e-18
5.66279566938e-19
4.34084983324e-19
3.78125848363e-19
3.54905297218e-19
3.47879405249e-19
199.995309546
199.999960535
199.999998199
199.999999763
199.999999934
199.999999946
4.39450616722e-17
3.91272277994e-20
3.52959120801e-20
3.10409584212e-20
2.68845853415e-20
2.41326800666e-20
2.17135868154e-20
2.1067242037e-20
1.98091372987e-20
2.0160604023e-20
2.17005109824e-20
2.41057220414e-20
3.30631860929e-20
5.36800923057e-16
1.91222562563e-16
6.00672064424e-17
4.67097375741e-19
0
0
0
0
0
0
0
0
0
0
0
0
0
0
0
0
0
0
0
0
0
0
0
0
0
0
0
0
0
0
0
0
0
0
0
0
0
0
0
0
0
0
0
0
0
0
0
0
0
0
0
0
0
0
0
1.70119549945e-17
1.64089320809e-17
1.40979731634e-17
1.27400551926e-17
1.17554867007e-17
1.09525296656e-17
1.04231086283e-17
1.01430518312e-17
1.007313515e-17
1.01833500799e-17
1.13753685273e-17
6.34522949562e-18
1.21434733406e-18
6.54103587573e-19
4.88573041263e-19
4.17712215582e-19
199.999744609
199.999978423
199.999999036
199.999999904
199.999999979
199.999999995
199.999999998
199.999999998
2.6921449461e-20
2.58042056644e-20
2.42648199089e-20
2.23570549209e-20
2.0573007118e-20
1.92697760496e-20
1.75813221706e-20
1.74337993763e-20
1.6819809075e-20
1.72381003378e-20
1.75682463376e-20
1.99036952381e-20
8.46957349483e-11
3.63235480625e-10
5.2697235857e-12
3.88261215067e-14
1.53692434492e-15
1.28297395971e-19
0
0
0
0
0
0
0
0
0
0
0
0
0
0
0
0
0
0
0
0
0
0
0
0
0
0
0
0
0
0
0
0
0
0
0
0
0
0
0
0
0
0
0
0
0
0
0
0
0
0
0
0
0
0
1.46658069728e-17
1.91068991707e-17
1.61833982061e-17
1.46594024065e-17
1.35007100142e-17
1.23739995219e-17
1.15230474016e-17
1.09188486685e-17
1.05670382006e-17
1.04141128565e-17
1.12765973709e-17
6.14290757947e-18
199.994580874
199.999903214
199.999981811
199.999998404
199.999999758
199.999999955
199.999999989
199.999999998
199.999999999
200
200
200
1.96553398519e-20
1.90588943259e-20
1.83195273515e-20
1.74891507327e-20
1.63372808887e-20
1.56995166659e-20
1.45893675382e-20
1.42302795334e-20
1.42302795334e-20
1.42259370059e-20
1.47953185426e-20
3.1062662226e-05
200
200
200
1.72125152616e-08
8.1804477545e-13
8.31473413063e-15
2.09378042268e-20
0
0
0
0
0
0
0
0
0
0
0
0
0
0
0
0
0
0
0
0
0
0
0
0
0
0
0
0
0
0
0
0
0
0
0
0
0
0
0
0
0
0
0
0
0
0
0
0
0
0
0
0
0
1.03953273706e-17
2.08966904069e-17
199.99992543
199.999962444
199.999972622
199.999977824
199.999982037
199.999986905
199.999991492
199.999995434
199.999997833
199.999999056
199.999999682
199.999999901
199.999999967
199.999999987
199.999999997
199.999999999
200
200
200
200
200
200
1.54627429984e-20
1.52331764301e-20
1.48020954886e-20
1.42425772718e-20
1.36261992595e-20
1.28098157992e-20
1.25252028673e-20
1.19745740528e-20
1.16818946105e-20
1.18506761388e-20
1.27026849188e-20
200
200
200
200
200
200
1.47657004017e-11
6.73493458053e-15
5.44405315464e-23
0
0
0
0
0
0
0
0
0
0
0
0
0
0
0
0
0
0
0
0
0
0
0
0
0
0
0
0
0
0
0
0
0
0
0
0
0
0
0
0
0
0
0
0
0
0
0
0
0
0
0
0
199.99999871
199.999999938
199.999999976
199.999999985
199.999999984
199.999999979
199.999999979
199.999999979
199.999999979
199.999999984
199.99999999
199.999999994
199.999999997
199.999999999
199.999999999
200
200
200
200
200
200
200
200
200
1.30119942889e-20
1.26303285407e-20
1.23830825078e-20
1.20025227924e-20
1.14472018942e-20
1.09771559675e-20
1.04610974185e-20
1.02293725363e-20
1.00618932799e-20
1.0158661001e-20
1.03632823551e-20
1.15191006999e-20
200
200
200
200
200
200
1.19555369086e-11
1.40929335018e-16
0
0
0
0
0
0
0
0
0
0
0
0
0
0
0
0
0
0
0
0
0
0
0
0
0
0
0
0
0
0
0
0
0
0
0
0
0
0
0
0
0
0
0
0
0
0
0
0
0
0
0
199.999999843
199.999999999
200
200
200
200
200
200
200
200
200
200
200
200
200
200
200
200
200
200
200
200
200
200
200
1.09729320935e-20
1.08221380763e-20
1.04694719519e-20
1.00278705057e-20
9.73021583424e-21
9.15230807649e-21
8.86832428702e-21
8.59586046314e-21
8.41545748203e-21
8.42762898565e-21
8.75589154229e-21
9.56356406162e-21
1.2027476894e-20
200
200
200
200
200
200
6.83046204766e-13
8.89965048755e-17
0
0
0
0
0
0
0
0
0
0
0
0
0
0
0
0
0
0
0
0
0
0
0
0
0
0
0
0
0
0
0
0
0
0
0
0
0
0
0
0
0
0
0
0
0
0
0
0
0
199.999999734
200
200
200
200
200
200
200
200
200
200
200
200
200
200
200
200
200
200
200
200
200
200
200
200
200
9.22288399025e-21
8.95144080861e-21
8.78131892178e-21
8.47824200246e-21
8.07570254925e-21
7.86960052114e-21
7.47892787011e-21
7.26750698678e-21
7.15418319802e-21
7.14488649617e-21
7.30964453785e-21
7.8609466469e-21
9.43450078096e-21
1.19327411335e-18
200
200
200
200
200
1.08988887337e-05
3.39453918816e-14
1.58062424871e-19
0
0
0
0
0
0
0
0
0
0
0
0
0
0
0
0
0
0
0
0
0
0
0
0
0
0
0
0
0
0
0
0
0
0
0
0
0
0
0
0
0
0
0
0
0
0
0
0
200
200
200
200
200
200
200
200
200
200
200
200
200
200
200
200
200
200
200
200
200
200
200
200
200
200
7.74247396284e-21
7.59640545488e-21
7.44071122114e-21
7.20717664172e-21
6.98687801502e-21
6.67560891012e-21
6.47593875859e-21
6.32518114459e-21
6.1811910088e-21
6.10058166377e-21
6.21274241397e-21
6.47894840025e-21
7.339325219e-21
4.0066858445e-19
1.61720756218e-17
199.999999971
200
200
200
200
2.60900820019e-11
7.53709801721e-17
1.4230717616e-20
0
0
0
0
0
0
0
0
0
0
0
0
0
0
0
0
0
0
0
0
0
0
0
0
0
0
0
0
0
0
0
0
0
0
0
0
0
0
0
0
0
0
0
0
0
0
199.999999993
200
200
200
200
200
200
200
200
200
200
200
200
200
200
200
200
200
200
200
200
200
200
200
200
200
200
6.80004086915e-21
6.6537940858e-21
6.49403889204e-21
6.32484970957e-21
6.12143542293e-21
5.87225458682e-21
5.75483213664e-21
5.56037641639e-21
5.36705599138e-21
5.30827893974e-21
5.30899302211e-21
5.4300991398e-21
5.88587633444e-21
1.12829756755e-20
7.78478708114e-18
1.43978491216e-17
199.999999806
200
200
200
0.00261419715448
1.00059066059e-16
1.02438154685e-16
0
0
0
0
0
0
0
0
0
0
0
0
0
0
0
0
0
0
0
0
0
0
0
0
0
0
0
0
0
0
0
0
0
0
0
0
0
0
0
0
0
0
0
0
0
0
200
200
200
200
200
200
200
200
200
200
200
200
200
200
200
200
200
200
200
200
200
200
200
200
200
200
200
6.12516710319e-21
5.99281368849e-21
5.85962056056e-21
5.69855488215e-21
5.53227616606e-21
5.31863575876e-21
5.18622975982e-21
4.96237942185e-21
4.76854459372e-21
4.68695823264e-21
4.64174332596e-21
4.67656808045e-21
4.88601705331e-21
5.84713188225e-21
2.00236917514e-18
2.04245095564e-17
1.28548607258e-17
1.86722064093e-17
199.999999974
200
200
7.70989884077e-17
1.54147107115e-16
1.04163749848e-16
0
0
0
0
0
0
0
0
0
0
0
0
0
0
0
0
0
0
0
0
0
0
0
0
0
0
0
0
0
0
0
0
0
0
0
0
0
0
0
0
0
0
0
0
199.999999897
200
200
200
200
200
200
200
200
200
200
200
200
200
200
200
200
200
200
200
200
200
200
200
200
200
200
200
5.66500802748e-21
5.5231632517e-21
5.42176822833e-21
5.25395382294e-21
5.06725965688e-21
4.89538305267e-21
4.68152497155e-21
4.47546982307e-21
4.26308178145e-21
4.15838196627e-21
4.03416038621e-21
3.98773948649e-21
4.11786419331e-21
4.52756737126e-21
3.54599153281e-19
1.03120054671e-17
1.22952707503e-17
1.87967373718e-17
2.7392399911e-17
3.65999580825e-17
5.51004539115e-17
7.54753982634e-17
1.20412130811e-16
2.72664880987e-16
1.42682519471e-15
0
0
0
0
0
0
0
0
0
0
0
0
0
0
0
0
0
0
0
0
0
0
0
0
0
0
0
0
0
0
0
0
0
0
0
0
0
0
0
0
0
0
0
200
200
200
200
200
200
200
200
200
200
200
200
200
200
200
200
200
200
200
200
200
200
200
200
200
200
200
200
5.33598038088e-21
5.18654172838e-21
5.07390972574e-21
4.91711006355e-21
4.72022424862e-21
4.51694695675e-21
4.28286956189e-21
4.0500817789e-21
3.82349152544e-21
3.64972548092e-21
3.4872869143e-21
3.41297860915e-21
3.4066935888e-21
3.57305597001e-21
4.75740035882e-21
1.94131725945e-18
1.13289800469e-17
1.48791721749e-17
3.1027724946e-17
4.69332013009e-17
7.03962229744e-17
9.57147847383e-17
1.47127577161e-16
3.67968733912e-16
1.04769709653e-15
7.44105902694e-17
0
0
0
0
0
0
0
0
0
0
0
0
0
0
0
0
0
0
0
0
0
0
0
0
0
0
0
0
0
0
0
0
0
0
0
0
0
0
0
0
0
0
200
200
200
200
200
200
200
200
200
200
200
200
200
200
200
200
200
200
200
200
200
200
200
200
200
200
200
200
5.13856324606e-21
4.94897426737e-21
4.82473196872e-21
4.65843535816e-21
4.41477332916e-21
4.19514843191e-21
3.9361118715e-21
3.6705810106e-21
3.43758474059e-21
3.22883596423e-21
3.0551601892e-21
2.92260987791e-21
2.82102877904e-21
2.82605141887e-21
3.07471905967e-21
1.6699698844e-19
3.23817655215e-18
7.40983333698e-18
1.6711851376e-17
3.17054123095e-17
6.18007799058e-17
1.07546993682e-16
1.94608814242e-16
2.50728864197e-16
2.58904341331e-16
6.47067668646e-16
0
0
0
0
0
0
0
0
0
0
0
0
0
0
0
0
0
0
0
0
0
0
0
0
0
0
0
0
0
0
0
0
0
0
0
0
0
0
0
0
0
0
200
200
200
200
200
200
200
200
200
200
200
200
200
200
200
200
200
200
200
200
200
200
200
200
200
200
200
200
5.07887847732e-21
4.83206382197e-21
4.67303578611e-21
4.46334730671e-21
4.20942729365e-21
3.93201072318e-21
3.64628225527e-21
3.37577755696e-21
3.11482576853e-21
2.89105663753e-21
2.71227943092e-21
2.553237415e-21
2.45467095113e-21
2.3680498319e-21
2.36866392814e-21
2.67871920692e-21
4.38532612112e-19
2.15428430401e-18
4.84570174925e-18
1.10930003006e-17
2.1242093283e-17
4.37692460902e-17
8.21213743076e-17
1.34899875293e-16
1.68585853687e-16
2.65228841645e-16
1.71078635545e-15
3.07549929692e-09
0
0
0
0
0
0
0
0
0
0
0
0
0
0
0
0
0
0
0
0
0
0
0
0
0
0
0
0
0
0
0
0
0
0
0
0
0
0
0
200
200
200
200
200
200
200
200
200
200
200
200
200
200
200
200
200
200
200
200
200
200
200
200
200
200
200
200
200
5.2305226101e-21
4.85922415389e-21
4.64261383797e-21
4.3908227129e-21
4.0663189981e-21
3.75282933263e-21
3.43919206069e-21
3.13424924027e-21
2.87285781255e-21
2.63528835885e-21
2.44356231544e-21
2.29657187101e-21
2.15695250111e-21
2.02550591978e-21
1.97036946312e-21
1.97447173145e-21
3.80982348788e-21
3.66668926369e-19
9.39408526303e-19
2.15446564679e-18
4.62095691456e-18
9.8031923261e-18
1.98925869577e-17
4.19974318077e-17
7.89178779594e-17
1.65215756219e-16
2.13935665246e-09
87.2101756325
0
0
0
0
0
0
0
0
0
0
0
0
0
0
0
0
0
0
0
0
0
0
0
0
0
0
0
0
0
0
0
0
0
0
0
0
0
0
0
200
200
200
200
200
200
200
200
200
200
200
200
200
200
200
200
200
200
200
200
200
200
200
200
200
200
200
200
200
199.977858729
5.16916074304e-21
4.79290672888e-21
4.38941402095e-21
4.01187271864e-21
3.63734807693e-21
3.29597149585e-21
2.97800175587e-21
2.70594915279e-21
2.46233827908e-21
2.27332005961e-21
2.08661591166e-21
1.92588485323e-21
1.78110771511e-21
1.63379035793e-21
1.55411518631e-21
1.5619690149e-21
2.15465152016e-20
1.83075303379e-19
3.80276449843e-19
7.36307930238e-19
1.30897497043e-18
2.49181801004e-18
6.43186574652e-18
2.64605249145e-17
7.55912104133e-15
7.38451790467e-09
7.25704869987e-17
58.489480591
0
0
0
0
0
0
0
0
0
0
0
0
0
0
0
0
0
0
0
0
0
0
0
0
0
0
0
0
0
0
0
0
0
0
0
0
0
0
200
200
200
200
200
200
200
200
200
200
200
200
200
200
200
200
200
200
200
200
200
200
200
200
200
200
200
200
200
1.24404581289e-06
6.02450648751e-21
5.26805559791e-21
4.60013636472e-21
4.06546087887e-21
3.60356173138e-21
3.20393431947e-21
2.86094524801e-21
2.55065699065e-21
2.33410405374e-21
2.11730064893e-21
1.92595943524e-21
1.73589501412e-21
1.55327569824e-21
1.38377463248e-21
1.24509053995e-21
1.15502577995e-21
1.18539565103e-21
1.94792313681e-20
6.10787560967e-20
1.11992671103e-19
1.85723079997e-19
2.701449431e-19
3.73986278669e-19
6.71124296257e-19
3.23947785708e-18
2.27734236681e-17
2.76866308673e-18
199.999999922
0
0
0
0
0
0
0
0
0
0
0
0
0
0
0
0
0
0
0
0
0
0
0
0
0
0
0
0
0
0
0
0
0
0
0
0
0
199.999999595
200
200
200
200
200
200
200
200
200
200
200
200
200
200
200
200
200
200
200
200
200
200
200
200
200
200
200
200
200
2.90125338897e-15
8.57348548212e-21
6.4518796011e-21
5.09173156989e-21
4.2377428938e-21
3.63141421236e-21
3.16916536587e-21
2.7772499141e-21
2.48196754392e-21
2.22486918347e-21
2.0061687469e-21
1.80355582172e-21
1.5966007238e-21
1.38822678161e-21
1.20258662107e-21
1.05135937627e-21
9.21795110766e-22
8.26692305682e-22
1.06386857173e-21
6.84803345145e-21
1.27093795362e-20
2.20338776989e-20
3.1804897562e-20
2.96221193063e-20
2.11711874018e-20
6.30022678976e-21
5.50353532065e-21
2.39637272248e-21
3.73154138944e-20
200
0
0
0
0
0
0
0
0
0
0
0
0
0
0
0
0
0
0
0
0
0
0
0
0
0
0
0
0
0
0
0
0
0
0
0
0
200
200
200
200
200
200
200
200
200
200
200
200
200
200
200
200
200
200
200
200
200
200
200
200
200
200
200
200
200
200
2.14766418212e-14
2.59122933009e-12
108.515999306
6.00619447715e-21
4.51809012356e-21
3.71660165153e-21
3.16154120844e-21
2.73732284896e-21
2.42987970092e-21
2.17009839606e-21
1.92855061514e-21
1.71926502088e-21
1.50601048295e-21
1.29321107429e-21
1.10444122472e-21
9.32866961864e-22
7.39096444495e-22
4.78562760324e-22
5.19002990905e-22
9.22019760375e-22
1.69265501359e-21
2.37626803033e-21
2.27327893085e-21
1.29659713902e-21
1.68878296207e-21
2.36132695492e-21
4.0113962178e-21
6.80629858697e-21
4.54376299458e-20
6.32053145848e-19
0
0
0
0
0
0
0
0
0
0
0
0
0
0
0
0
0
0
0
0
0
0
0
0
0
0
0
0
0
0
0
0
0
0
0
4.87201628867e-24
200
200
200
200
200
200
200
200
200
200
200
200
200
200
200
200
200
200
200
200
200
200
200
200
200
200
200
200
200
200
7.80154353401e-14
2.52665510235e-15
2.81340743893e-09
199.999999999
0.000160612824527
3.81662818964e-21
3.15167779114e-21
2.7123788572e-21
2.39503362616e-21
2.12712958841e-21
1.89455797904e-21
1.67307045472e-21
1.44111879052e-21
1.22958515792e-21
1.02513893695e-21
8.09156060902e-22
5.74469395359e-22
3.07057149203e-22
5.44401060209e-23
9.72702628751e-23
1.13672534656e-22
1.29048148746e-22
2.88607227503e-22
4.19109445701e-22
6.91185967333e-22
1.43938798431e-21
3.6083872803e-21
1.38376896872e-20
7.69872799418e-20
6.92866826319e-20
2.30779718937e-24
0
0
0
0
0
0
0
0
0
0
0
0
0
0
0
0
0
0
0
0
0
0
0
0
0
0
0
0
0
0
0
0
0
0
200
200
200
200
200
200
200
200
200
200
200
200
200
200
200
200
200
200
200
200
200
200
200
200
200
200
200
200
200
200
200
6.20163398208e-14
6.58763719356e-14
6.79196161132e-14
1.31833683686e-13
2.75756199721e-08
200
200
2.81583794361e-21
2.428238416e-21
2.14272149326e-21
1.89397812817e-21
1.66577328792e-21
1.40157704695e-21
1.19967359601e-21
9.89637228205e-22
8.15791062349e-22
6.03286940831e-22
2.89188843258e-22
5.44401060209e-23
8.78920998819e-23
1.11108315556e-22
1.26483929647e-22
1.59661045658e-22
3.74032798539e-22
5.27581473954e-22
1.12139243266e-21
3.24754855227e-21
6.8081679027e-21
1.28256022118e-20
5.2571215823e-22
3.73976676116e-19
0
0
0
0
0
0
0
0
0
0
0
0
0
0
0
0
0
0
0
0
0
0
0
0
0
0
0
0
0
0
0
0
0
0
200
200
200
200
200
200
200
200
200
200
200
200
200
200
200
200
200
200
200
200
200
200
200
200
200
200
200
200
200
200
174.190614933
)
;

boundaryField
{
    frontAndBack
    {
        type            empty;
    }
    leftWall
    {
        type            calculated;
        value           uniform 0;
    }
    outlet
    {
        type            calculated;
        value           uniform 0;
    }
    rightWall
    {
        type            calculated;
        value           uniform 0;
    }
    inlet
    {
        type            calculated;
        value           uniform 3.4494132547e-18;
    }
}


// ************************************************************************* //
