/*--------------------------------*- C++ -*----------------------------------*\
| =========                 |                                                 |
| \\      /  F ield         | OpenFOAM: The Open Source CFD Toolbox           |
|  \\    /   O peration     | Version:  v1906                                 |
|   \\  /    A nd           | Web:      www.OpenFOAM.com                      |
|    \\/     M anipulation  |                                                 |
\*---------------------------------------------------------------------------*/
FoamFile
{
    version     2.0;
    format      ascii;
    class       volScalarField;
    location    "262";
    object      alpha;
}
// * * * * * * * * * * * * * * * * * * * * * * * * * * * * * * * * * * * * * //

dimensions      [0 0 -1 0 0 0 0];


internalField   nonuniform List<scalar> 
9216
(
99.9999999996
99.9999999997
99.9999999997
99.9999999997
99.9999999997
99.9999999997
99.9999999997
99.9999999997
99.9999999997
99.9999999997
99.9999999997
99.9999999997
99.9999999996
99.9999999996
99.9999999996
99.9999999996
99.9999999996
99.9999999996
99.9999999996
99.9999999996
99.9999999996
99.9999999996
99.9999999996
99.9999999996
99.9999999996
99.9999999996
99.9999999996
99.9999999996
99.9999999996
99.9999999997
99.9999999997
99.9999999995
99.9999999995
99.9999999996
99.9999999996
99.9999999996
99.9999999996
99.9999999996
99.9999999996
99.9999999996
99.9999999996
99.9999999995
99.9999999995
99.9999999995
99.9999999995
99.9999999995
99.9999999995
99.9999999995
99.9999999995
99.9999999995
99.9999999995
99.9999999995
99.9999999995
99.9999999995
99.9999999995
99.9999999995
99.9999999995
99.9999999996
99.9999999996
99.9999999996
99.9999999996
99.9999999996
99.9999999996
99.9999999996
99.9999999995
99.9999999993
99.9999999992
99.9999999992
99.9999999992
99.9999999991
99.9999999991
99.9999999991
99.999999999
99.999999999
99.999999999
99.999999999
99.999999999
99.999999999
99.9999999989
99.9999999988
99.9999999987
99.9999999985
99.9999999981
99.9999999976
99.9999999969
99.9999999957
99.9999999952
99.999999994
99.9999999829
99.9999998838
99.9999996576
99.999998924
99.9999938463
99.9995634281
76.4474242604
22.4327719179
99.9999999997
99.9999999997
99.9999999998
99.9999999998
99.9999999998
99.9999999998
99.9999999997
99.9999999997
99.9999999997
99.9999999997
99.9999999997
99.9999999997
99.9999999997
99.9999999997
99.9999999996
99.9999999996
99.9999999996
99.9999999997
99.9999999997
99.9999999997
99.9999999997
99.9999999997
99.9999999996
99.9999999996
99.9999999996
99.9999999996
99.9999999996
99.9999999996
99.9999999996
99.9999999996
99.9999999995
99.9999999995
99.9999999995
99.9999999995
99.9999999995
99.9999999995
99.9999999995
99.9999999995
99.9999999995
99.9999999994
99.9999999994
99.9999999994
99.9999999994
99.9999999994
99.9999999994
99.9999999993
99.9999999993
99.9999999993
99.9999999993
99.9999999993
99.9999999993
99.9999999993
99.9999999993
99.9999999993
99.9999999993
99.9999999993
99.9999999993
99.9999999993
99.9999999992
99.9999999992
99.9999999992
99.9999999992
99.9999999992
99.9999999992
99.9999999993
99.9999999991
99.999999999
99.9999999989
99.9999999988
99.9999999988
99.9999999988
99.9999999987
99.9999999987
99.9999999987
99.9999999987
99.9999999987
99.9999999987
99.9999999986
99.9999999988
99.9999999987
99.9999999985
99.9999999986
99.9999999984
99.9999999982
99.9999999976
99.9999999968
99.999999996
99.9999999947
99.9999999921
99.9999999534
99.9999998025
99.9999994379
99.9999977039
99.9999625366
99.9611471251
76.5477128182
99.9999999997
99.9999999998
99.9999999998
99.9999999997
99.9999999997
99.9999999997
99.9999999997
99.9999999997
99.9999999997
99.9999999997
99.9999999997
99.9999999997
99.9999999997
99.9999999997
99.9999999997
99.9999999997
99.9999999997
99.9999999996
99.9999999996
99.9999999996
99.9999999996
99.9999999996
99.9999999996
99.9999999996
99.9999999996
99.9999999996
99.9999999995
99.9999999995
99.9999999995
99.9999999994
99.9999999994
99.9999999994
99.9999999994
99.9999999994
99.9999999993
99.9999999993
99.9999999993
99.9999999993
99.9999999993
99.9999999993
99.9999999993
99.9999999993
99.9999999993
99.9999999993
99.9999999992
99.9999999992
99.9999999992
99.9999999991
99.999999999
99.999999999
99.999999999
99.9999999988
99.9999999988
99.9999999988
99.9999999988
99.9999999988
99.9999999988
99.9999999988
99.9999999988
99.9999999988
99.9999999988
99.9999999988
99.9999999988
99.9999999988
99.9999999988
99.9999999985
99.9999999982
99.999999998
99.9999999978
99.9999999977
99.9999999978
99.9999999977
99.9999999977
99.999999998
99.999999998
99.9999999979
99.9999999977
99.9999999976
99.9999999975
99.9999999982
99.999999998
99.999999998
99.9999999975
99.9999999968
99.999999996
99.9999999952
99.9999999932
99.999999991
99.9999999914
99.9999999811
99.9999998099
99.9999994311
99.9999983472
99.9999920975
99.9999646023
99.9995931119
99.9999999997
99.9999999997
99.9999999997
99.9999999997
99.9999999997
99.9999999997
99.9999999997
99.9999999997
99.9999999997
99.9999999997
99.9999999997
99.9999999997
99.9999999997
99.9999999997
99.9999999996
99.9999999996
99.9999999996
99.9999999996
99.9999999996
99.9999999996
99.9999999996
99.9999999996
99.9999999996
99.9999999996
99.9999999995
99.9999999995
99.9999999994
99.9999999994
99.9999999994
99.9999999994
99.9999999993
99.9999999993
99.9999999993
99.9999999993
99.9999999993
99.9999999993
99.9999999993
99.9999999992
99.9999999992
99.9999999992
99.9999999992
99.9999999992
99.9999999991
99.999999999
99.999999999
99.9999999988
99.9999999988
99.9999999988
99.9999999988
99.9999999988
99.9999999988
99.9999999988
99.9999999988
99.9999999987
99.9999999987
99.9999999987
99.9999999987
99.9999999987
99.9999999987
99.9999999987
99.9999999987
99.9999999987
99.9999999987
99.9999999987
99.9999999986
99.9999999983
99.999999998
99.9999999977
99.9999999975
99.9999999974
99.9999999973
99.9999999972
99.9999999974
99.9999999974
99.9999999973
99.9999999972
99.9999999972
99.999999997
99.9999999968
99.9999999964
99.9999999958
99.9999999952
99.9999999949
99.9999999938
99.9999999941
99.9999999922
99.9999999893
99.9999999913
99.9999999882
99.999999971
99.9999998377
99.9999996025
99.9999990528
99.9999984219
99.9999975943
99.9999932457
99.9999999997
99.9999999997
99.9999999997
99.9999999997
99.9999999997
99.9999999997
99.9999999997
99.9999999997
99.9999999997
99.9999999997
99.9999999997
99.9999999997
99.9999999997
99.9999999996
99.9999999996
99.9999999996
99.9999999996
99.9999999996
99.9999999996
99.9999999996
99.9999999996
99.9999999996
99.9999999996
99.9999999995
99.9999999995
99.9999999994
99.9999999994
99.9999999993
99.9999999993
99.9999999993
99.9999999993
99.9999999993
99.9999999993
99.9999999992
99.9999999992
99.9999999992
99.9999999992
99.9999999992
99.9999999992
99.9999999992
99.999999999
99.999999999
99.9999999988
99.9999999988
99.9999999988
99.9999999988
99.9999999988
99.9999999987
99.9999999987
99.9999999987
99.9999999987
99.9999999987
99.9999999987
99.9999999987
99.9999999986
99.9999999986
99.9999999986
99.9999999986
99.9999999986
99.9999999986
99.9999999986
99.9999999986
99.9999999986
99.9999999986
99.9999999982
99.9999999975
99.9999999971
99.9999999968
99.9999999965
99.9999999965
99.9999999965
99.9999999965
99.9999999965
99.9999999966
99.9999999966
99.9999999969
99.999999997
99.9999999969
99.9999999968
99.9999999966
99.9999999964
99.9999999963
99.9999999951
99.9999999939
99.9999999923
99.9999999902
99.9999999874
99.9999999858
99.999999984
99.9999999349
99.9999998826
99.9999997675
99.999999593
99.9999993997
99.9999993717
99.9999986542
99.9999999998
99.9999999997
99.9999999997
99.9999999997
99.9999999997
99.9999999997
99.9999999997
99.9999999997
99.9999999997
99.9999999997
99.9999999997
99.9999999997
99.9999999996
99.9999999996
99.9999999996
99.9999999996
99.9999999996
99.9999999996
99.9999999996
99.9999999996
99.9999999996
99.9999999996
99.9999999996
99.9999999995
99.9999999994
99.9999999994
99.9999999993
99.9999999993
99.9999999993
99.9999999993
99.9999999993
99.9999999992
99.9999999992
99.9999999992
99.9999999992
99.9999999992
99.9999999992
99.9999999992
99.999999999
99.999999999
99.9999999988
99.9999999988
99.9999999988
99.9999999988
99.9999999987
99.9999999987
99.9999999987
99.9999999987
99.9999999987
99.9999999986
99.9999999986
99.9999999986
99.9999999986
99.9999999986
99.9999999984
99.9999999984
99.9999999984
99.9999999984
99.9999999982
99.9999999982
99.999999998
99.999999998
99.999999998
99.9999999966
99.9999999957
99.9999999952
99.999999995
99.9999999943
99.999999994
99.999999994
99.9999999937
99.9999999933
99.9999999936
99.9999999943
99.9999999943
99.9999999943
99.9999999945
99.9999999953
99.9999999955
99.9999999953
99.9999999957
99.9999999952
99.9999999945
99.9999999941
99.999999993
99.9999999908
99.9999999894
99.9999999859
99.9999999795
99.9999999252
99.9999998799
99.9999998583
99.9999998012
99.9999996928
99.9999997033
99.9999994514
99.9999999998
99.9999999997
99.9999999997
99.9999999997
99.9999999997
99.9999999997
99.9999999997
99.9999999997
99.9999999997
99.9999999997
99.9999999997
99.9999999996
99.9999999996
99.9999999996
99.9999999996
99.9999999996
99.9999999996
99.9999999996
99.9999999996
99.9999999996
99.9999999996
99.9999999996
99.9999999995
99.9999999994
99.9999999993
99.9999999993
99.9999999993
99.9999999993
99.9999999993
99.9999999993
99.9999999992
99.9999999992
99.9999999992
99.9999999992
99.9999999992
99.9999999992
99.9999999991
99.999999999
99.9999999988
99.9999999988
99.9999999988
99.9999999988
99.9999999987
99.9999999987
99.9999999987
99.9999999987
99.9999999986
99.9999999986
99.9999999986
99.9999999986
99.9999999986
99.9999999984
99.9999999984
99.9999999984
99.9999999982
99.9999999982
99.999999998
99.999999998
99.9999999978
99.9999999978
99.9999999978
99.9999999958
99.9999999949
99.9999999937
99.9999999931
99.9999999931
99.9999999923
99.9999999914
99.9999999914
99.9999999914
99.999999991
99.9999999905
99.9999999905
99.9999999905
99.9999999914
99.9999999914
99.9999999914
99.9999999914
99.9999999923
99.9999999923
99.9999999927
99.9999999928
99.9999999921
99.9999999921
99.9999999918
99.9999999915
99.9999999893
99.9999999862
99.9999999806
99.9999999621
99.9999999121
99.9999998867
99.9999998948
99.9999998214
99.9999998047
99.9999996875
99.9999999998
99.9999999997
99.9999999997
99.9999999997
99.9999999997
99.9999999997
99.9999999997
99.9999999997
99.9999999997
99.9999999997
99.9999999997
99.9999999996
99.9999999996
99.9999999996
99.9999999996
99.9999999996
99.9999999996
99.9999999996
99.9999999996
99.9999999996
99.9999999996
99.9999999996
99.9999999994
99.9999999994
99.9999999993
99.9999999993
99.9999999993
99.9999999993
99.9999999992
99.9999999992
99.9999999992
99.9999999992
99.9999999992
99.9999999992
99.9999999992
99.9999999991
99.999999999
99.9999999988
99.9999999988
99.9999999988
99.9999999987
99.9999999987
99.9999999987
99.9999999987
99.9999999986
99.9999999986
99.9999999986
99.9999999986
99.9999999986
99.9999999984
99.9999999984
99.9999999982
99.9999999982
99.999999998
99.999999998
99.9999999978
99.9999999978
99.9999999978
99.9999999976
99.9999999963
99.9999999947
99.9999999937
99.9999999931
99.9999999923
99.9999999914
99.9999999905
99.9999999905
99.9999999894
99.9999999894
99.9999999894
99.9999999882
99.9999999882
99.9999999882
99.9999999882
99.9999999882
99.9999999882
99.9999999882
99.9999999894
99.9999999894
99.9999999894
99.9999999905
99.9999999905
99.9999999908
99.9999999906
99.9999999899
99.9999999887
99.9999999854
99.9999999853
99.9999999841
99.9999999797
99.9999999585
99.9999999193
99.999999913
99.9999999232
99.9999998696
99.9999997872
99.9999999998
99.9999999997
99.9999999997
99.9999999997
99.9999999997
99.9999999997
99.9999999997
99.9999999997
99.9999999997
99.9999999997
99.9999999997
99.9999999996
99.9999999996
99.9999999996
99.9999999996
99.9999999996
99.9999999996
99.9999999996
99.9999999996
99.9999999996
99.9999999996
99.9999999994
99.9999999994
99.9999999993
99.9999999993
99.9999999993
99.9999999993
99.9999999992
99.9999999992
99.9999999992
99.9999999992
99.9999999992
99.9999999992
99.9999999992
99.9999999991
99.999999999
99.9999999988
99.9999999988
99.9999999988
99.9999999987
99.9999999987
99.9999999987
99.9999999987
99.9999999986
99.9999999986
99.9999999986
99.9999999986
99.9999999984
99.9999999984
99.9999999984
99.9999999982
99.9999999982
99.999999998
99.999999998
99.9999999978
99.9999999978
99.9999999976
99.9999999976
99.9999999947
99.9999999937
99.9999999931
99.9999999923
99.9999999914
99.9999999905
99.9999999894
99.9999999894
99.9999999882
99.9999999869
99.9999999869
99.9999999869
99.9999999855
99.9999999855
99.9999999855
99.9999999855
99.9999999855
99.9999999855
99.9999999855
99.9999999855
99.9999999855
99.9999999869
99.9999999869
99.9999999882
99.9999999882
99.9999999893
99.9999999889
99.999999988
99.9999999867
99.9999999843
99.9999999813
99.9999999799
99.9999999772
99.9999999683
99.999999937
99.9999999677
99.9999999332
99.9999998593
99.9999999998
99.9999999997
99.9999999997
99.9999999997
99.9999999997
99.9999999997
99.9999999997
99.9999999997
99.9999999997
99.9999999997
99.9999999997
99.9999999996
99.9999999996
99.9999999996
99.9999999996
99.9999999996
99.9999999996
99.9999999996
99.9999999996
99.9999999996
99.9999999995
99.9999999994
99.9999999993
99.9999999993
99.9999999993
99.9999999993
99.9999999992
99.9999999992
99.9999999992
99.9999999992
99.9999999992
99.9999999992
99.9999999992
99.9999999991
99.999999999
99.9999999988
99.9999999988
99.9999999987
99.9999999987
99.9999999987
99.9999999987
99.9999999986
99.9999999986
99.9999999986
99.9999999986
99.9999999984
99.9999999984
99.9999999984
99.9999999982
99.9999999982
99.999999998
99.999999998
99.9999999978
99.9999999978
99.9999999976
99.9999999976
99.9999999973
99.9999999944
99.9999999931
99.9999999923
99.9999999914
99.9999999905
99.9999999894
99.9999999882
99.9999999869
99.9999999869
99.9999999855
99.9999999855
99.9999999839
99.9999999839
99.9999999827
99.9999999821
99.9999999821
99.9999999821
99.9999999821
99.9999999821
99.9999999821
99.9999999821
99.9999999821
99.9999999821
99.9999999839
99.9999999839
99.9999999855
99.9999999855
99.9999999869
99.9999999871
99.9999999861
99.9999999837
99.9999999818
99.9999999806
99.9999999782
99.9999999781
99.9999999748
99.9999999751
99.999999974
99.9999999112
99.9999999998
99.9999999997
99.9999999997
99.9999999997
99.9999999997
99.9999999997
99.9999999997
99.9999999997
99.9999999997
99.9999999997
99.9999999997
99.9999999996
99.9999999996
99.9999999996
99.9999999996
99.9999999996
99.9999999996
99.9999999996
99.9999999996
99.9999999996
99.9999999994
99.9999999994
99.9999999993
99.9999999993
99.9999999993
99.9999999992
99.9999999992
99.9999999992
99.9999999992
99.9999999992
99.9999999992
99.9999999992
99.9999999991
99.999999999
99.9999999988
99.9999999988
99.9999999987
99.9999999987
99.9999999987
99.9999999987
99.9999999986
99.9999999986
99.9999999986
99.9999999986
99.9999999984
99.9999999984
99.9999999984
99.9999999982
99.9999999982
99.999999998
99.999999998
99.9999999978
99.9999999978
99.9999999976
99.9999999976
99.9999999965
99.9999999937
99.9999999923
99.9999999914
99.9999999905
99.9999999894
99.9999999882
99.9999999869
99.9999999869
99.9999999855
99.9999999839
99.9999999839
99.9999999821
99.9999999821
99.9999999801
99.9999999801
99.9999999801
99.9999999801
99.9999999783
99.9999999779
99.9999999779
99.9999999779
99.9999999779
99.9999999801
99.9999999801
99.9999999801
99.9999999801
99.9999999821
99.9999999821
99.9999999839
99.9999999855
99.9999999849
99.9999999839
99.9999999823
99.9999999824
99.9999999792
99.9999999776
99.9999999783
99.9999999756
99.9999999789
99.999999946
99.9999999998
99.9999999997
99.9999999997
99.9999999997
99.9999999997
99.9999999997
99.9999999997
99.9999999997
99.9999999997
99.9999999997
99.9999999996
99.9999999996
99.9999999996
99.9999999996
99.9999999996
99.9999999996
99.9999999996
99.9999999996
99.9999999996
99.9999999996
99.9999999994
99.9999999993
99.9999999993
99.9999999993
99.9999999992
99.9999999992
99.9999999992
99.9999999992
99.9999999992
99.9999999992
99.9999999992
99.9999999991
99.999999999
99.9999999988
99.9999999988
99.9999999987
99.9999999987
99.9999999987
99.9999999987
99.9999999986
99.9999999986
99.9999999986
99.9999999984
99.9999999984
99.9999999984
99.9999999982
99.9999999982
99.999999998
99.999999998
99.9999999978
99.9999999978
99.9999999976
99.9999999976
99.9999999973
99.9999999966
99.9999999937
99.9999999923
99.9999999914
99.9999999905
99.9999999882
99.9999999869
99.9999999869
99.9999999855
99.9999999839
99.9999999821
99.9999999821
99.9999999801
99.9999999801
99.9999999779
99.9999999779
99.9999999779
99.9999999779
99.9999999754
99.9999999754
99.9999999754
99.9999999754
99.9999999754
99.9999999754
99.9999999754
99.9999999754
99.9999999779
99.9999999779
99.9999999779
99.9999999801
99.9999999801
99.9999999821
99.9999999821
99.999999982
99.9999999834
99.9999999822
99.999999981
99.9999999791
99.9999999781
99.9999999799
99.9999999767
99.9999999635
99.9999999998
99.9999999998
99.9999999998
99.9999999997
99.9999999997
99.9999999997
99.9999999997
99.9999999997
99.9999999997
99.9999999997
99.9999999996
99.9999999996
99.9999999996
99.9999999996
99.9999999996
99.9999999996
99.9999999996
99.9999999996
99.9999999996
99.9999999994
99.9999999994
99.9999999993
99.9999999993
99.9999999992
99.9999999992
99.9999999992
99.9999999992
99.9999999992
99.9999999992
99.9999999992
99.9999999991
99.999999999
99.9999999988
99.9999999988
99.9999999987
99.9999999987
99.9999999987
99.9999999986
99.9999999986
99.9999999986
99.9999999986
99.9999999984
99.9999999984
99.9999999984
99.9999999982
99.9999999982
99.999999998
99.999999998
99.9999999978
99.9999999978
99.9999999976
99.9999999976
99.9999999973
99.9999999966
99.9999999931
99.9999999923
99.9999999905
99.9999999894
99.9999999882
99.9999999869
99.9999999855
99.9999999839
99.9999999821
99.9999999801
99.9999999801
99.9999999779
99.9999999779
99.9999999754
99.9999999754
99.9999999754
99.9999999754
99.9999999727
99.9999999727
99.9999999727
99.9999999727
99.9999999727
99.9999999727
99.9999999727
99.9999999727
99.9999999727
99.9999999727
99.9999999754
99.9999999754
99.9999999754
99.9999999779
99.9999999779
99.9999999801
99.9999999821
99.9999999827
99.9999999817
99.99999998
99.99999998
99.9999999772
99.9999999777
99.9999999784
99.999999967
99.9999999998
99.9999999998
99.9999999998
99.9999999997
99.9999999997
99.9999999997
99.9999999997
99.9999999997
99.9999999997
99.9999999997
99.9999999996
99.9999999996
99.9999999996
99.9999999996
99.9999999996
99.9999999996
99.9999999996
99.9999999996
99.9999999996
99.9999999994
99.9999999993
99.9999999993
99.9999999993
99.9999999992
99.9999999992
99.9999999992
99.9999999992
99.9999999992
99.9999999992
99.9999999991
99.999999999
99.9999999988
99.9999999988
99.9999999987
99.9999999987
99.9999999987
99.9999999986
99.9999999986
99.9999999986
99.9999999984
99.9999999984
99.9999999984
99.9999999982
99.9999999982
99.9999999982
99.999999998
99.999999998
99.9999999978
99.9999999978
99.9999999976
99.9999999976
99.9999999973
99.999999997
99.9999999931
99.9999999914
99.9999999905
99.9999999882
99.9999999869
99.9999999855
99.9999999839
99.9999999821
99.9999999801
99.9999999779
99.9999999779
99.9999999754
99.9999999754
99.9999999727
99.9999999727
99.9999999727
99.9999999727
99.9999999696
99.9999999696
99.9999999696
99.9999999696
99.9999999696
99.9999999696
99.9999999696
99.9999999696
99.9999999696
99.9999999696
99.9999999696
99.9999999696
99.9999999727
99.9999999727
99.9999999727
99.9999999754
99.9999999754
99.9999999779
99.9999999801
99.9999999808
99.9999999791
99.9999999785
99.9999999783
99.9999999759
99.9999999795
99.999999966
99.9999999998
99.9999999998
99.9999999998
99.9999999998
99.9999999997
99.9999999997
99.9999999997
99.9999999997
99.9999999997
99.9999999997
99.9999999996
99.9999999996
99.9999999996
99.9999999996
99.9999999996
99.9999999996
99.9999999996
99.9999999996
99.9999999994
99.9999999994
99.9999999993
99.9999999993
99.9999999992
99.9999999992
99.9999999992
99.9999999992
99.9999999992
99.9999999991
99.9999999991
99.999999999
99.999999999
99.9999999988
99.9999999988
99.9999999987
99.9999999987
99.9999999986
99.9999999986
99.9999999986
99.9999999984
99.9999999984
99.9999999984
99.9999999982
99.9999999982
99.999999998
99.999999998
99.9999999978
99.9999999978
99.9999999978
99.9999999976
99.9999999976
99.9999999973
99.999999997
99.9999999931
99.9999999914
99.9999999894
99.9999999882
99.9999999855
99.9999999839
99.9999999821
99.9999999779
99.9999999779
99.9999999754
99.9999999727
99.9999999727
99.9999999696
99.9999999696
99.9999999696
99.9999999696
99.9999999696
99.9999999663
99.9999999663
99.9999999663
99.9999999663
99.9999999663
99.9999999663
99.9999999663
99.9999999663
99.9999999663
99.9999999663
99.9999999663
99.9999999663
99.9999999663
99.9999999696
99.9999999696
99.9999999696
99.9999999727
99.9999999727
99.9999999754
99.9999999779
99.999999979
99.9999999796
99.9999999776
99.9999999777
99.9999999772
99.9999999768
99.9999999653
99.9999999998
99.9999999998
99.9999999998
99.9999999998
99.9999999998
99.9999999997
99.9999999997
99.9999999997
99.9999999997
99.9999999996
99.9999999996
99.9999999996
99.9999999996
99.9999999996
99.9999999996
99.9999999996
99.9999999996
99.9999999995
99.9999999994
99.9999999993
99.9999999993
99.9999999993
99.9999999992
99.9999999992
99.9999999992
99.9999999992
99.9999999991
99.9999999991
99.999999999
99.999999999
99.9999999988
99.9999999988
99.9999999987
99.9999999987
99.9999999986
99.9999999986
99.9999999986
99.9999999984
99.9999999984
99.9999999982
99.9999999982
99.9999999982
99.999999998
99.999999998
99.9999999978
99.9999999978
99.9999999976
99.9999999976
99.9999999973
99.9999999973
99.999999997
99.9999999931
99.9999999914
99.9999999894
99.9999999869
99.9999999839
99.9999999801
99.9999999779
99.9999999727
99.9999999696
99.9999999696
99.9999999663
99.9999999663
99.9999999663
99.9999999663
99.9999999625
99.9999999625
99.9999999625
99.9999999625
99.9999999625
99.9999999625
99.9999999625
99.9999999625
99.9999999625
99.9999999625
99.9999999625
99.9999999625
99.9999999625
99.9999999625
99.9999999625
99.9999999625
99.9999999663
99.9999999663
99.9999999663
99.9999999663
99.9999999696
99.9999999696
99.9999999727
99.9999999727
99.9999999754
99.9999999773
99.9999999785
99.9999999771
99.999999977
99.9999999753
99.9999999664
99.9999999998
99.9999999998
99.9999999998
99.9999999998
99.9999999998
99.9999999998
99.9999999997
99.9999999997
99.9999999997
99.9999999996
99.9999999996
99.9999999996
99.9999999996
99.9999999996
99.9999999996
99.9999999996
99.9999999996
99.9999999994
99.9999999994
99.9999999993
99.9999999993
99.9999999992
99.9999999992
99.9999999992
99.9999999992
99.9999999991
99.9999999991
99.999999999
99.999999999
99.9999999988
99.9999999988
99.9999999987
99.9999999987
99.9999999986
99.9999999986
99.9999999984
99.9999999984
99.9999999984
99.9999999982
99.9999999982
99.999999998
99.999999998
99.999999998
99.9999999978
99.9999999978
99.9999999976
99.9999999976
99.9999999973
99.9999999973
99.999999997
99.9999999931
99.9999999914
99.9999999882
99.9999999855
99.9999999801
99.9999999696
99.9999999583
99.9999999486
99.9999999486
99.9999999486
99.9999999486
99.9999999537
99.9999999537
99.9999999537
99.9999999537
99.9999999537
99.9999999583
99.9999999583
99.9999999583
99.9999999583
99.9999999583
99.9999999583
99.9999999583
99.9999999583
99.9999999583
99.9999999583
99.9999999583
99.9999999583
99.9999999583
99.9999999625
99.9999999625
99.9999999625
99.9999999625
99.9999999625
99.9999999625
99.9999999663
99.9999999663
99.9999999696
99.9999999696
99.9999999727
99.9999999754
99.9999999764
99.999999976
99.9999999751
99.9999999745
99.999999967
99.9999999998
99.9999999998
99.9999999998
99.9999999998
99.9999999998
99.9999999998
99.9999999997
99.9999999997
99.9999999997
99.9999999996
99.9999999996
99.9999999996
99.9999999996
99.9999999996
99.9999999996
99.9999999996
99.9999999995
99.9999999994
99.9999999994
99.9999999993
99.9999999992
99.9999999992
99.9999999992
99.9999999992
99.9999999992
99.9999999991
99.999999999
99.999999999
99.9999999988
99.9999999988
99.9999999987
99.9999999987
99.9999999986
99.9999999986
99.9999999984
99.9999999984
99.9999999984
99.9999999982
99.9999999982
99.999999998
99.999999998
99.9999999978
99.9999999978
99.9999999978
99.9999999976
99.9999999976
99.9999999973
99.9999999973
99.999999997
99.9999999937
99.9999999905
99.9999999882
99.9999999801
99.9999999216
99.9999998525
99.9999998179
99.9999998149
99.9999998179
99.9999998179
99.9999998361
99.9999998672
99.9999998925
99.9999999129
99.9999999294
99.9999999365
99.9999999429
99.9999999429
99.9999999486
99.9999999486
99.9999999486
99.9999999537
99.9999999537
99.9999999537
99.9999999537
99.9999999537
99.9999999537
99.9999999537
99.9999999583
99.9999999583
99.9999999583
99.9999999583
99.9999999583
99.9999999583
99.9999999583
99.9999999625
99.9999999625
99.9999999625
99.9999999663
99.9999999663
99.9999999696
99.9999999727
99.9999999753
99.9999999767
99.9999999763
99.9999999743
99.9999999679
99.9999999998
99.9999999998
99.9999999998
99.9999999998
99.9999999998
99.9999999998
99.9999999998
99.9999999997
99.9999999997
99.9999999996
99.9999999996
99.9999999996
99.9999999996
99.9999999996
99.9999999996
99.9999999995
99.9999999994
99.9999999994
99.9999999993
99.9999999993
99.9999999992
99.9999999992
99.9999999992
99.9999999992
99.9999999991
99.999999999
99.999999999
99.9999999988
99.9999999988
99.9999999987
99.9999999987
99.9999999986
99.9999999986
99.9999999984
99.9999999984
99.9999999982
99.9999999982
99.9999999982
99.999999998
99.999999998
99.9999999978
99.9999999978
99.9999999976
99.9999999976
99.9999999976
99.9999999973
99.999999997
99.9999999967
99.9999999944
99.9999999905
99.9999999855
99.9999998179
99.9999997224
99.9999996916
99.9999996573
99.9999996573
99.9999996573
99.9999996916
99.9999996916
99.9999997224
99.9999997502
99.9999997752
99.9999998179
99.9999998361
99.9999998805
99.9999999032
99.9999999129
99.9999999294
99.9999999294
99.9999999365
99.9999999429
99.9999999429
99.9999999429
99.9999999486
99.9999999486
99.9999999486
99.9999999486
99.9999999537
99.9999999537
99.9999999537
99.9999999537
99.9999999537
99.9999999537
99.9999999583
99.9999999583
99.9999999583
99.9999999583
99.9999999625
99.9999999643
99.9999999663
99.9999999696
99.9999999727
99.9999999767
99.9999999773
99.9999999748
99.9999999666
99.9999999998
99.9999999998
99.9999999998
99.9999999998
99.9999999998
99.9999999998
99.9999999998
99.9999999997
99.9999999996
99.9999999996
99.9999999996
99.9999999996
99.9999999996
99.9999999996
99.9999999995
99.9999999994
99.9999999994
99.9999999994
99.9999999993
99.9999999992
99.9999999992
99.9999999992
99.9999999992
99.9999999991
99.999999999
99.999999999
99.9999999988
99.9999999988
99.9999999987
99.9999999987
99.9999999986
99.9999999986
99.9999999984
99.9999999984
99.9999999982
99.9999999982
99.999999998
99.999999998
99.9999999978
99.9999999978
99.9999999978
99.9999999976
99.9999999976
99.9999999973
99.9999999973
99.999999997
99.9999999967
99.9999999959
99.9999999905
99.9999998525
99.9999996573
99.999999577
99.999999577
99.999999577
99.999999577
99.999999577
99.999999577
99.999999577
99.9999996193
99.9999996193
99.9999996573
99.9999996573
99.9999996916
99.9999997224
99.9999997751
99.9999997977
99.9999998361
99.9999998672
99.9999998925
99.9999999129
99.9999999216
99.9999999294
99.9999999365
99.9999999365
99.9999999365
99.9999999429
99.9999999429
99.9999999429
99.9999999486
99.9999999486
99.9999999486
99.9999999486
99.9999999486
99.9999999537
99.9999999537
99.9999999537
99.9999999583
99.9999999583
99.9999999625
99.9999999625
99.9999999663
99.9999999696
99.9999999754
99.9999999764
99.9999999756
99.9999999653
99.9999999998
99.9999999998
99.9999999998
99.9999999998
99.9999999998
99.9999999998
99.9999999998
99.9999999997
99.9999999996
99.9999999996
99.9999999996
99.9999999996
99.9999999996
99.9999999996
99.9999999995
99.9999999994
99.9999999994
99.9999999993
99.9999999993
99.9999999992
99.9999999992
99.9999999992
99.9999999991
99.999999999
99.999999999
99.9999999988
99.9999999988
99.9999999987
99.9999999986
99.9999999986
99.9999999986
99.9999999984
99.9999999984
99.9999999982
99.9999999982
99.999999998
99.999999998
99.9999999978
99.9999999978
99.9999999976
99.9999999976
99.9999999973
99.9999999973
99.9999999973
99.999999997
99.9999999967
99.9999999959
99.9999999905
99.9999997224
99.99999953
99.9999994777
99.9999994777
99.99999953
99.99999953
99.99999953
99.99999953
99.99999953
99.99999953
99.999999577
99.999999577
99.999999577
99.999999577
99.9999996193
99.9999996193
99.9999996573
99.9999996916
99.9999997224
99.9999997502
99.9999997977
99.9999998361
99.9999998805
99.9999998925
99.9999999129
99.9999999216
99.9999999294
99.9999999294
99.9999999365
99.9999999365
99.9999999365
99.9999999429
99.9999999429
99.9999999429
99.9999999486
99.9999999486
99.9999999486
99.9999999486
99.9999999537
99.9999999537
99.9999999583
99.9999999625
99.9999999625
99.9999999696
99.9999999727
99.999999976
99.9999999764
99.999999964
99.9999999998
99.9999999998
99.9999999998
99.9999999998
99.9999999998
99.9999999998
99.9999999998
99.9999999997
99.9999999996
99.9999999996
99.9999999996
99.9999999996
99.9999999996
99.9999999995
99.9999999994
99.9999999994
99.9999999993
99.9999999993
99.9999999992
99.9999999992
99.9999999992
99.9999999991
99.999999999
99.999999999
99.9999999988
99.9999999987
99.9999999987
99.9999999986
99.9999999986
99.9999999984
99.9999999984
99.9999999982
99.9999999982
99.999999998
99.999999998
99.9999999978
99.9999999978
99.9999999976
99.9999999976
99.9999999976
99.9999999973
99.9999999973
99.999999997
99.999999997
99.9999999967
99.9999999959
99.9999999905
99.9999996193
99.9999990442
99.9999991872
99.9999994197
99.9999994777
99.9999994777
99.99999953
99.99999953
99.99999953
99.99999953
99.99999953
99.99999953
99.99999953
99.99999953
99.99999953
99.99999953
99.999999577
99.999999577
99.999999577
99.9999996193
99.9999996573
99.9999996916
99.9999997224
99.9999997752
99.9999998179
99.9999998525
99.9999998805
99.9999999032
99.9999999129
99.9999999216
99.9999999289
99.9999999294
99.9999999294
99.9999999365
99.9999999365
99.9999999429
99.9999999429
99.9999999429
99.9999999486
99.9999999486
99.9999999537
99.9999999537
99.9999999583
99.9999999625
99.9999999663
99.9999999696
99.9999999754
99.9999999762
99.9999999633
99.9999999998
99.9999999998
99.9999999998
99.9999999998
99.9999999998
99.9999999998
99.9999999998
99.9999999997
99.9999999996
99.9999999996
99.9999999996
99.9999999996
99.9999999996
99.9999999995
99.9999999994
99.9999999994
99.9999999993
99.9999999992
99.9999999992
99.9999999992
99.9999999991
99.999999999
99.999999999
99.9999999988
99.9999999987
99.9999999987
99.9999999986
99.9999999986
99.9999999984
99.9999999984
99.9999999982
99.999999998
99.999999998
99.9999999978
99.9999999978
99.9999999976
99.9999999976
99.9999999976
99.9999999973
99.9999999973
99.999999997
99.999999997
99.9999999967
99.9999999963
99.9999999959
99.9999999914
99.999999577
99.9999991155
99.9999986519
99.9999992836
99.9999994197
99.9999994777
99.9999994777
99.99999953
99.99999953
99.99999953
99.99999953
99.99999953
99.99999953
99.99999953
99.99999953
99.99999953
99.99999953
99.99999953
99.99999953
99.99999953
99.99999953
99.999999577
99.999999577
99.9999996193
99.9999996573
99.9999996916
99.9999997502
99.9999997977
99.9999998361
99.9999998672
99.9999998925
99.9999999032
99.9999999129
99.9999999216
99.9999999294
99.9999999294
99.9999999294
99.9999999365
99.9999999365
99.9999999429
99.9999999429
99.9999999486
99.9999999486
99.9999999537
99.9999999583
99.9999999625
99.9999999663
99.9999999727
99.9999999751
99.999999964
99.9999999998
99.9999999998
99.9999999998
99.9999999998
99.9999999998
99.9999999998
99.9999999997
99.9999999997
99.9999999996
99.9999999996
99.9999999996
99.9999999996
99.9999999995
99.9999999994
99.9999999994
99.9999999993
99.9999999992
99.9999999992
99.9999999992
99.9999999991
99.999999999
99.999999999
99.9999999988
99.9999999987
99.9999999987
99.9999999986
99.9999999984
99.9999999984
99.9999999982
99.9999999982
99.999999998
99.999999998
99.9999999978
99.9999999978
99.9999999976
99.9999999976
99.9999999973
99.9999999973
99.999999997
99.999999997
99.9999999967
99.9999999967
99.9999999963
99.9999999954
99.9999999914
99.9999996573
99.999999204
99.9999987867
99.9999986519
99.9999992836
99.9999994777
99.99999953
99.99999953
99.999999577
99.999999577
99.999999577
99.999999577
99.999999577
99.999999577
99.999999577
99.99999953
99.99999953
99.99999953
99.99999953
99.99999953
99.9999994777
99.9999994777
99.9999994777
99.99999953
99.99999953
99.99999953
99.999999577
99.9999996193
99.9999996693
99.9999997224
99.9999997977
99.9999998361
99.9999998672
99.9999998925
99.9999999032
99.9999999129
99.9999999216
99.9999999216
99.9999999294
99.9999999294
99.9999999365
99.9999999365
99.9999999429
99.9999999486
99.9999999486
99.9999999537
99.9999999583
99.9999999663
99.9999999696
99.9999999737
99.999999966
99.9999999998
99.9999999998
99.9999999998
99.9999999998
99.9999999998
99.9999999998
99.9999999997
99.9999999996
99.9999999996
99.9999999996
99.9999999996
99.9999999996
99.9999999994
99.9999999994
99.9999999993
99.9999999993
99.9999999992
99.9999999992
99.9999999991
99.999999999
99.999999999
99.9999999988
99.9999999987
99.9999999986
99.9999999986
99.9999999984
99.9999999982
99.9999999982
99.999999998
99.999999998
99.9999999978
99.9999999976
99.9999999976
99.9999999973
99.9999999973
99.9999999973
99.999999997
99.999999997
99.9999999967
99.9999999963
99.9999999963
99.9999999959
99.9999999954
99.9999999923
99.9999997977
99.9999993552
99.9999989081
99.9999985021
99.9999987867
99.9999993552
99.9999994777
99.999999577
99.999999584
99.9999996193
99.9999996193
99.9999996573
99.9999996193
99.9999996193
99.9999996193
99.999999577
99.999999577
99.999999577
99.99999953
99.99999953
99.9999995216
99.9999994777
99.9999994777
99.9999994777
99.9999994777
99.9999994777
99.9999994777
99.9999994777
99.99999953
99.99999953
99.9999996193
99.9999996573
99.9999997224
99.9999997977
99.9999998361
99.9999998672
99.9999998925
99.9999999032
99.9999999129
99.9999999129
99.9999999216
99.9999999294
99.9999999294
99.9999999365
99.9999999429
99.9999999429
99.9999999486
99.9999999548
99.9999999625
99.9999999663
99.9999999737
99.9999999691
99.9999999998
99.9999999998
99.9999999998
99.9999999998
99.9999999998
99.9999999998
99.9999999997
99.9999999996
99.9999999996
99.9999999996
99.9999999996
99.9999999995
99.9999999994
99.9999999993
99.9999999993
99.9999999992
99.9999999992
99.9999999991
99.999999999
99.9999999988
99.9999999987
99.9999999987
99.9999999986
99.9999999984
99.9999999984
99.9999999982
99.999999998
99.999999998
99.9999999978
99.9999999976
99.9999999976
99.9999999973
99.9999999973
99.999999997
99.999999997
99.9999999967
99.9999999967
99.9999999963
99.9999999963
99.9999999959
99.9999999954
99.9999999949
99.9999999923
99.9999999625
99.99999953
99.9999991155
99.9999986519
99.9999983357
99.9999989081
99.9999994197
99.999999577
99.9999996193
99.9999996916
99.9999996916
99.9999997224
99.9999997224
99.9999997224
99.9999996916
99.9999996916
99.9999996573
99.9999996193
99.9999996193
99.999999577
99.99999953
99.99999953
99.9999994777
99.9999994777
99.9999994777
99.9999994197
99.9999994197
99.9999994197
99.9999994197
99.9999994197
99.9999994197
99.9999994777
99.99999953
99.999999577
99.9999996573
99.9999997502
99.9999997977
99.9999998361
99.9999998672
99.9999998925
99.9999999032
99.9999999129
99.9999999129
99.9999999216
99.9999999294
99.9999999365
99.9999999429
99.9999999486
99.9999999537
99.9999999583
99.9999999663
99.9999999728
99.9999999702
99.9999999998
99.9999999998
99.9999999998
99.9999999998
99.9999999998
99.9999999997
99.9999999997
99.9999999996
99.9999999996
99.9999999996
99.9999999995
99.9999999994
99.9999999993
99.9999999993
99.9999999992
99.9999999992
99.9999999991
99.999999999
99.9999999988
99.9999999987
99.9999999986
99.9999999984
99.9999999984
99.9999999982
99.999999998
99.999999998
99.9999999978
99.9999999976
99.9999999976
99.9999999973
99.9999999973
99.999999997
99.9999999967
99.9999999967
99.9999999963
99.9999999963
99.9999999959
99.9999999959
99.9999999954
99.9999999949
99.9999999944
99.9999999923
99.9999999855
99.9999997752
99.9999993552
99.9999989081
99.9999985021
99.9999985021
99.9999990173
99.99999953
99.9999996573
99.9999997224
99.9999997502
99.9999997752
99.9999997977
99.9999997977
99.9999997977
99.9999997752
99.9999997502
99.9999997224
99.9999996916
99.9999996573
99.9999996193
99.9999996193
99.999999577
99.99999953
99.9999994777
99.9999994777
99.9999994197
99.9999994197
99.9999994197
99.9999993552
99.9999993552
99.9999993552
99.9999993552
99.9999994197
99.9999994777
99.99999953
99.9999996193
99.9999996916
99.9999997752
99.9999998179
99.9999998525
99.9999998805
99.9999998925
99.9999999032
99.9999999129
99.9999999216
99.9999999294
99.9999999365
99.9999999429
99.9999999486
99.9999999537
99.9999999625
99.9999999698
99.9999999698
99.9999999998
99.9999999998
99.9999999998
99.9999999998
99.9999999998
99.9999999997
99.9999999996
99.9999999996
99.9999999996
99.9999999995
99.9999999994
99.9999999993
99.9999999992
99.9999999992
99.9999999991
99.999999999
99.9999999988
99.9999999987
99.9999999987
99.9999999986
99.9999999984
99.9999999982
99.999999998
99.9999999978
99.9999999978
99.9999999976
99.9999999973
99.9999999973
99.999999997
99.999999997
99.9999999967
99.9999999967
99.9999999963
99.9999999959
99.9999999959
99.9999999954
99.9999999954
99.9999999949
99.9999999944
99.9999999937
99.9999999914
99.9999999869
99.9999999537
99.9999996193
99.999999204
99.9999987867
99.9999983357
99.9999985021
99.999999204
99.9999996193
99.9999997502
99.9999997977
99.9999998361
99.9999998525
99.9999998672
99.9999998672
99.9999998672
99.9999998525
99.9999998361
99.9999998179
99.9999997752
99.9999997502
99.9999997224
99.9999996573
99.9999996193
99.999999577
99.99999953
99.99999953
99.9999994777
99.9999994197
99.9999994197
99.9999993552
99.9999993552
99.9999992836
99.9999992836
99.9999992836
99.9999993552
99.9999994197
99.9999994777
99.999999577
99.9999996573
99.9999997502
99.9999997977
99.9999998361
99.9999998672
99.9999998805
99.9999999032
99.9999999129
99.9999999216
99.9999999294
99.9999999365
99.9999999429
99.9999999537
99.9999999583
99.9999999698
99.9999999689
99.9999999998
99.9999999998
99.9999999998
99.9999999998
99.9999999998
99.9999999997
99.9999999996
99.9999999996
99.9999999995
99.9999999994
99.9999999993
99.9999999992
99.9999999992
99.9999999991
99.9999999988
99.9999999987
99.9999999986
99.9999999984
99.9999999984
99.9999999982
99.999999998
99.9999999978
99.9999999976
99.9999999976
99.9999999973
99.999999997
99.999999997
99.9999999967
99.9999999967
99.9999999963
99.9999999959
99.9999999959
99.9999999954
99.9999999954
99.9999999949
99.9999999944
99.9999999937
99.9999999937
99.9999999923
99.9999999914
99.9999999882
99.9999999779
99.9999998925
99.9999994777
99.9999990173
99.9999986519
99.9999983357
99.9999986519
99.9999994197
99.9999997224
99.9999998179
99.9999998525
99.9999998805
99.9999999032
99.9999999129
99.9999999129
99.9999999129
99.9999999129
99.9999999032
99.9999998805
99.9999998666
99.9999997136
99.9999995952
99.9999994764
99.9999994179
99.9999994416
99.999999468
99.9999993373
99.9999993619
99.9999994394
99.9999994197
99.9999993552
99.9999993552
99.9999992836
99.9999992836
99.999999204
99.999999204
99.999999204
99.9999992836
99.9999994197
99.99999953
99.9999996193
99.9999997224
99.9999997752
99.9999998179
99.9999998525
99.9999998805
99.9999998925
99.9999999041
99.9999999216
99.9999999294
99.9999999365
99.9999999486
99.9999999583
99.9999999664
99.9999999685
99.9999999998
99.9999999998
99.9999999998
99.9999999998
99.9999999997
99.9999999996
99.9999999996
99.9999999994
99.9999999992
99.9999999992
99.999999999
99.9999999986
99.9999999973
99.9999999969
99.9999999971
99.9999999971
99.9999999978
99.9999999976
99.9999999976
99.9999999976
99.9999999973
99.9999999973
99.999999997
99.9999999967
99.9999999967
99.9999999963
99.9999999963
99.9999999959
99.9999999954
99.9999999954
99.9999999949
99.9999999949
99.9999999944
99.9999999937
99.9999999937
99.9999999931
99.9999999923
99.9999999914
99.9999999894
99.9999999869
99.9999999821
99.9999999625
99.9999998179
99.9999994197
99.9999989081
99.9999985021
99.9999985021
99.9999989081
99.999999577
99.9999997977
99.9999998672
99.9999999032
99.9999999216
99.9999999365
99.9999999429
99.9999999429
99.9999999429
99.9999999429
99.9999999365
99.9999999294
99.9999999167
99.9999997091
99.9999995541
99.9999994649
99.9999994355
99.999999388
99.9999993594
99.9999992549
99.999999239
99.9999990828
99.9999989809
99.9999987881
99.9999988086
99.9999989548
99.999999204
99.9999991155
99.9999991155
99.9999990173
99.9999990443
99.999999204
99.9999993552
99.9999994777
99.9999996193
99.9999996916
99.9999997752
99.9999998179
99.9999998525
99.9999998805
99.9999998925
99.9999999129
99.9999999216
99.9999999365
99.9999999429
99.9999999537
99.9999999626
99.999999967
99.9999999998
99.9999999998
99.9999999997
99.9999999995
0
0
0
0
0
0
0
0
0
0
0
0
0
0
0
0
0
0
4.46471614466e-06
99.9999999216
99.9999999625
99.9999999801
99.9999999927
99.9999999944
99.9999999937
99.9999999937
99.9999999937
99.9999999931
99.9999999923
99.9999999923
99.9999999914
99.9999999905
99.9999999894
99.9999999882
99.9999999855
99.9999999821
99.9999999727
99.9999999365
99.9999997752
99.9999993552
99.9999987867
99.9999985021
99.9999985021
99.9999991255
99.9999997224
99.9999998672
99.9999999129
99.9999999365
99.9999999537
99.9999999583
99.9999999625
99.9999999625
99.9999999663
99.9999999625
99.9999999625
99.9999999583
99.9999999293
99.9999996691
99.9999995594
99.999999541
99.9999994068
99.9999993574
99.9999992055
99.9999990315
99.9999988896
99.9999983504
99.9999980963
99.9999976575
99.9999973176
99.9999972611
99.9999971815
99.9999971815
99.9999971815
99.9999974634
99.9999979453
99.9999983357
99.9999986914
99.9999992836
99.9999994777
99.999999577
99.9999996916
99.9999997752
99.9999998179
99.9999998525
99.9999998805
99.9999998925
99.9999999129
99.9999999294
99.9999999365
99.9999999537
99.9999999626
99.9999999669
7.1833028869e-11
2.38559874473e-11
0
0
0
0
0
0
0
0
0
0
0
0
0
0
0
0
0
0
0
0
0
0
0
0
0
0
0
4.59126097341e-05
99.9999999216
99.9999999583
99.9999999754
99.9999999869
99.9999999869
99.9999999869
99.9999999855
99.9999999821
99.9999999779
99.9999999696
99.9999999537
99.9999999129
99.9999997502
99.9999992836
99.9999986519
99.9999985021
99.9999987867
99.9999993552
99.9999998361
99.9999999216
99.9999999537
99.9999999663
99.9999999754
99.9999999779
99.9999999801
99.9999999801
99.9999999801
99.9999999779
99.9999999754
99.9999999754
99.9999999696
99.9999996621
99.9999994941
99.9999994824
99.9999992306
99.9999990667
99.9999987105
99.9999982281
99.9999977358
99.9999970822
99.9999963333
99.9999954486
99.9999943014
99.9999935886
99.999992682
99.9999919167
99.999992725
99.9999934525
99.9999946965
99.9999957042
99.9999968684
99.9999977716
99.9999987821
99.9999994689
99.9999996193
99.9999996916
99.9999997752
99.9999998179
99.9999998525
99.9999998805
99.9999999032
99.9999999216
99.9999999365
99.9999999486
99.9999999584
99.9999999623
0
0
0
0
0
0
0
0
0
0
0
0
0
0
0
0
0
0
0
0
0
0
0
0
0
0
0
0
0
0
0
0
0
0
82.9333582263
99.9999999129
99.9999999429
99.9999999537
99.9999999583
99.9999999486
99.9999999216
99.9999998672
99.9999997224
99.9999992836
99.9999985021
99.9999985021
99.9999989824
99.9999997502
99.9999999486
99.9999999754
99.9999999905
99.9999999923
99.9999999923
99.9999999923
99.9999999923
99.9999999923
99.9999999923
99.9999999914
99.9999999914
99.9999999905
99.9999999878
99.9999995789
99.999999461
99.9999992753
99.9999989781
99.9999984041
99.9999978985
99.9999969099
99.9999960444
99.9999944047
99.999992197
99.9999902582
99.9999879015
99.999984984
99.9999831715
99.999981222
99.999981222
99.999981222
99.9999847898
99.9999876798
99.9999910186
99.9999941073
99.9999965547
99.9999981508
99.9999994777
99.9999996193
99.9999997224
99.9999997752
99.9999998361
99.9999998672
99.9999998925
99.9999999129
99.9999999294
99.9999999429
99.9999999584
99.9999999597
0
0
0
0
0
0
0
0
0
0
0
0
0
0
0
0
0
0
0
0
0
0
0
0
0
0
0
0
0
0
0
0
0
0
0
0
0
0
99.9999998179
99.9999998672
99.9999998672
99.9999998179
99.9999996573
99.9999992836
99.9999983357
99.9999986519
99.9999993579
99.9999999954
99.9999999959
99.9999999963
99.9999999963
99.9999999963
99.9999999967
99.9999999967
99.9999999963
99.9999999954
99.9999999949
99.9999999949
99.9999999944
99.9999999944
99.9999999937
99.9999996226
99.9999993581
99.9999990705
99.9999984531
99.9999976907
99.9999966339
99.9999951611
99.9999923314
99.9999892729
99.9999834197
99.9999770685
99.999971617
99.9999648877
99.9999565718
99.9999515429
99.9999461453
99.9999515307
99.9999563777
99.9999646659
99.9999742415
99.999981222
99.9999889118
99.9999946965
99.9999977919
99.99999953
99.9999996573
99.9999997502
99.9999997977
99.999999836
99.9999998713
99.9999999032
99.9999999216
99.9999999389
99.9999999538
99.9999999511
0
0
0
0
0
0
0
0
0
0
0
0
0
0
0
0
0
0
0
0
0
0
0
0
0
0
0
0
0
0
0
0
0
0
0
0
0
0
0
0
0
88.4488632629
99.99999953
99.9999991176
99.9999979514
99.9999992245
99.9999999959
99.9999999963
99.9999999967
99.9999999967
99.9999999967
99.999999997
99.999999997
99.999999997
99.999999997
99.999999997
99.999999997
99.999999997
99.9999999967
99.9999999959
99.9999999882
99.9999994219
99.9999992184
99.999998716
99.9999977462
99.9999966868
99.9999939671
99.9999894245
99.9999835858
99.9999746669
99.9999611147
99.9999404814
99.9999182474
99.9998876408
99.9998612133
99.9998285788
99.9998283846
99.9998283846
99.9998455462
99.9998850419
99.9999129198
99.9999401614
99.9999607399
99.9999791356
99.9999911182
99.9999979472
99.999999577
99.9999996916
99.9999997706
99.9999998045
99.9999998416
99.9999998909
99.9999999129
99.9999999365
99.9999999534
99.9999999493
0
0
0
0
0
0
0
0
0
0
0
0
0
0
0
0
0
0
0
0
0
0
0
0
0
0
0
0
0
0
0
0
0
0
0
0
0
0
0
0
0
0
3.90278007101e-09
1.15814136666e-08
99.9999992589
99.9999999963
99.9999999963
99.9999999967
99.9999999967
99.999999997
99.999999997
99.9999999973
99.9999999973
99.9999999973
99.9999999973
99.9999999973
99.9999999973
99.9999999973
99.9999999973
99.9999999973
99.9999997014
99.9999991963
99.9999989278
99.9999980276
99.9999966074
99.9999932963
99.9999868849
99.99997709
99.9999569324
99.9999184089
99.9998459941
99.9997476572
99.9996016848
99.9993926631
99.9991667773
99.9989711478
99.9989710931
99.9990738613
99.9992498276
99.9994531244
99.9996411949
99.999764588
99.9998455462
99.9999179169
99.9999646659
99.9999863109
99.9999991017
99.9999996193
99.9999997036
99.999999763
99.9999997989
99.9999998611
99.9999998927
99.9999999278
99.9999999468
99.9999999492
0
0
0
0
0
0
0
0
0
0
0
0
0
0
0
0
0
0
0
0
0
0
0
0
0
0
0
0
0
0
0
0
0
0
0
0
0
0
0
0
0
0
0
2.14647237658e-08
2.2071714868e-07
1.84550863726e-06
6.24749334256e-05
99.999999997
99.999999997
99.9999999973
99.9999999973
99.9999999973
99.9999999973
99.9999999976
99.9999999976
99.9999999976
99.9999999976
99.9999999976
99.9999999976
99.9999999976
99.9999994681
99.9999989969
99.9999983591
99.9999967111
99.9999924926
99.9999836756
99.9999652412
99.9999093641
99.9997433815
99.9993254146
99.9983598627
99.9959520962
99.9915362811
99.9851658538
99.9803375977
99.978152814
99.9803374891
99.9853592232
99.9905953891
99.995464435
99.9976017287
99.9985884184
99.9991664752
99.9996013277
99.9998093163
99.9999375654
99.9999831522
99.9999995173
99.9999996628
99.9999997119
99.999999743
99.9999998142
99.9999998757
99.9999999177
99.9999999417
99.9999999143
0
0
0
0
0
0
0
0
0
0
0
0
0
0
0
0
0
0
0
0
0
0
0
0
0
0
0
0
0
0
0
0
0
0
0
0
0
0
0
0
0
0
0
0
0
1.729659818e-08
8.37767090251e-08
1.08894390745e-06
2.0861731306e-05
99.9999999973
99.9999999976
99.9999999976
99.9999999976
99.9999999976
99.9999999978
99.9999999978
99.9999999978
99.9999999978
99.9999999978
99.9999999978
99.999999296
99.9999988567
99.9999969261
99.9999916609
99.9999774791
99.999940738
99.9997099436
99.9978490965
99.9779275512
89.1067424852
5.38639298901e-07
5.01909067656e-07
4.6082045133e-07
4.16405304391e-07
3.55479176903e-07
3.30814100247e-07
2.21738632821e-07
6.44776483922e-08
80.7407428167
99.7700153029
99.9501483497
99.980337295
99.9929160221
99.9970487335
99.9988566189
99.9996013277
99.9998874032
99.9999884154
99.9999996016
99.9999996578
99.9999996683
99.9999997467
99.9999998208
99.9999998812
99.9999999101
99.9999998875
0
0
0
0
0
0
0
0
0
0
0
0
0
0
0
0
0
0
0
0
0
0
0
0
0
0
0
0
0
0
0
0
0
0
0
0
0
0
0
0
0
0
0
0
0
0
0
4.24436749098e-09
4.87398699258e-08
2.38254467618e-07
2.08620004716e-05
99.9999999976
99.9999999978
99.9999999978
99.9999999978
99.9999999978
99.9999999978
99.9999999978
99.9999999978
99.9999998118
99.9999989446
99.9999974974
99.9999916611
99.999972022
99.9998616055
99.9967213928
5.77607178754e-07
5.75508995499e-07
5.56430056993e-07
5.67805410391e-07
5.49929033328e-07
5.2315269475e-07
4.83521344328e-07
4.47545075307e-07
3.77961142766e-07
3.30499214833e-07
3.0211582453e-07
1.94149363492e-07
0
0
0
0
99.560516708
99.9436079127
99.9872227143
99.9967131353
99.9991706184
99.9998284323
99.9999992527
99.9999995712
99.9999996221
99.9999996527
99.99999974
99.9999998489
99.9999998832
99.999999853
0
0
0
0
0
0
0
0
0
0
0
0
0
0
0
0
0
0
0
0
0
0
0
0
0
0
0
0
0
0
0
0
0
0
0
0
0
0
0
0
0
0
0
0
0
0
0
0
6.31376280849e-10
1.64338948507e-08
4.92512847133e-08
6.81730673199e-07
5.03100294757e-05
99.9999999978
99.999999998
99.999999998
99.999999998
99.999999998
99.999999998
99.9999993709
99.9999979756
99.9999926312
99.9999688735
99.9995576733
6.42596241934e-07
5.84103384001e-07
5.77876344431e-07
5.77876344431e-07
5.57229844704e-07
5.57491462221e-07
5.55699295746e-07
5.34010461498e-07
5.01909067656e-07
4.6082045133e-07
4.16405304391e-07
3.55479176903e-07
3.36381890469e-07
2.93380464368e-07
0
0
0
0
0
0
98.9624500223
99.9303801391
99.9910179288
99.9983797465
99.9998471816
99.999999399
99.9999994918
99.9999995772
99.9999996712
99.9999997504
99.9999998473
99.9999998129
0
0
0
0
0
0
0
0
0
0
0
0
0
0
0
0
0
0
0
0
0
0
0
0
0
0
0
0
0
0
0
0
0
0
0
0
0
0
0
0
0
0
0
0
0
0
0
0
0
5.68238652764e-10
7.63758436705e-09
2.51525799933e-08
8.51375242923e-08
3.038355713e-06
0.000290630179402
99.999999998
99.999999998
99.999999998
99.999999998
99.9999984418
99.9999944029
99.9999775318
0.000549092389489
6.42814266132e-07
6.42814266132e-07
6.42596241934e-07
5.86982543045e-07
5.78118593541e-07
5.66465915121e-07
5.57461888411e-07
5.58159249725e-07
5.38639298901e-07
5.16803123552e-07
4.83521344328e-07
4.32794657505e-07
3.77961142766e-07
3.10915495103e-07
2.85920550191e-07
1.36119479939e-07
0
0
0
0
0
0
0
99.3775641261
99.9761011329
99.9971732814
99.9999984931
99.9999992821
99.999999376
99.9999994764
99.9999996487
99.9999997832
99.9999997375
0
0
0
0
0
0
0
0
0
0
0
0
0
0
0
0
0
0
0
0
0
0
0
0
0
0
0
0
0
0
0
0
0
0
0
0
0
0
0
0
0
0
0
0
0
0
0
0
0
0
5.11414787488e-10
1.36081526721e-09
1.79634094351e-08
4.4326156242e-08
2.23053662616e-07
1.23184671193e-05
99.9999999982
99.9999999982
99.9999992969
99.9999961498
99.9999855841
7.93245616155e-07
7.14652319458e-07
6.42814266132e-07
6.42814266132e-07
6.42814266132e-07
6.42814266132e-07
6.24404316559e-07
5.75481737631e-07
5.64139377597e-07
5.60373208305e-07
5.42805252564e-07
5.2315269475e-07
4.93199093448e-07
4.47545075307e-07
3.77961142766e-07
3.02743701422e-07
2.64042417931e-07
1.36119479939e-07
0
0
0
0
0
0
0
0
71.3980199641
99.921721503
99.9970890632
99.9999990325
99.9999991649
99.9999992464
99.9999994716
99.9999995535
99.9999995875
0
0
0
0
0
0
0
0
0
0
0
0
0
0
0
0
0
0
0
0
0
0
0
0
0
0
0
0
0
0
0
0
0
0
0
0
0
0
0
0
0
0
0
0
0
0
0
0
0
0
0
7.29438986364e-10
1.22473374049e-09
1.39635110466e-08
3.19782286583e-08
1.0576454977e-07
1.39469482429e-06
6.34033168667e-05
0.0501106100074
0.0411008083003
8.57477746235e-07
7.94254354511e-07
7.14652319458e-07
7.14652319458e-07
6.43010487911e-07
6.42481962827e-07
6.42112736932e-07
6.41403412962e-07
6.39660313049e-07
5.97867154711e-07
5.62022178949e-07
5.46554610861e-07
5.26326901708e-07
4.93199093448e-07
4.6082045133e-07
3.98194912042e-07
3.30499214833e-07
3.0211582453e-07
1.94149363492e-07
0
0
0
0
0
0
0
0
0
0
99.8352716549
99.9999976914
99.9999988192
99.999998833
99.9999990972
99.9999991833
99.9999992182
0
0
0
0
0
0
0
0
0
0
0
0
0
0
0
0
0
0
0
0
0
0
0
0
0
0
0
0
0
0
0
0
0
0
0
0
0
0
0
0
0
0
0
0
0
0
0
0
0
0
0
1.96221778989e-10
6.56495087728e-10
1.10226036644e-09
1.18246056415e-08
2.57434255723e-08
6.19063155681e-08
7.14828919059e-07
1.09034524079e-06
9.81151777073e-07
8.82877659725e-07
7.94430954112e-07
7.14828919059e-07
7.14197542779e-07
6.64992573342e-07
6.42009885735e-07
6.42009885735e-07
6.41213580242e-07
6.39878337247e-07
6.37786326666e-07
6.27354834207e-07
5.90680802055e-07
5.33289948822e-07
5.01909067656e-07
4.6082045133e-07
3.98194912042e-07
3.30499214833e-07
3.0211582453e-07
1.94149363492e-07
0
0
0
0
0
0
0
0
0
0
5.84804778945e-07
99.7926335769
99.9999980183
99.9999978743
99.9999981029
99.9999980554
99.9999979835
0
0
0
0
0
0
0
0
0
0
0
0
0
0
0
0
0
0
0
0
0
0
0
0
0
0
0
0
0
0
0
0
0
0
0
0
0
0
0
0
0
0
0
0
0
0
0
0
0
0
0
0
3.72821380079e-10
5.90845578955e-10
2.50352027767e-09
1.02140397588e-08
2.00777527558e-08
4.03695796311e-08
5.78868378761e-07
9.81310716714e-07
8.82309421072e-07
7.93862715459e-07
7.13928377101e-07
7.13928377101e-07
7.13928377101e-07
6.41917319659e-07
6.41330469063e-07
6.40874634624e-07
6.39180106053e-07
6.37517160988e-07
6.27303692729e-07
6.11274508363e-07
5.9334495722e-07
5.66386716048e-07
4.96000178386e-07
3.98194912042e-07
3.30499214833e-07
3.0211582453e-07
1.40122200961e-07
0
0
0
0
0
0
0
0
0
0
4.65706715786e-07
1.01786677701e-05
99.9999952757
99.9999955372
99.9999944906
99.9999940149
99.999988273
0
0
0
0
0
0
0
0
0
0
0
0
0
0
0
0
0
0
0
0
0
0
0
0
0
0
0
0
0
0
0
0
0
0
0
0
0
0
0
0
0
0
0
0
0
0
0
0
0
0
0
0
3.72821380079e-10
3.72821380079e-10
3.72821380079e-10
4.00516288641e-09
1.04999561851e-08
1.76846826935e-08
3.15032801378e-08
5.78356963974e-07
8.82226111603e-07
7.9377940599e-07
7.14177370938e-07
7.14018431297e-07
7.13686127991e-07
7.13316902096e-07
6.41264819554e-07
6.39563144239e-07
6.38937856943e-07
6.37471133657e-07
6.25068880896e-07
6.11492532562e-07
5.9334495722e-07
5.66386716048e-07
5.25298099722e-07
4.62672560434e-07
3.87945953341e-07
3.0211582453e-07
6.44776483922e-08
0
0
0
0
0
0
0
0
0
0
4.04237146824e-07
5.34342629714e-06
0.00150899104612
99.9999894271
99.9999740539
99.9999320544
99.9998733191
0
0
0
0
0
0
0
0
0
0
0
0
0
0
0
0
0
0
0
0
0
0
0
0
0
0
0
0
0
0
0
0
0
0
0
0
0
0
0
0
0
0
0
0
0
0
0
0
0
0
0
0
1.7659960109e-10
3.72821380079e-10
5.3176102106e-10
5.3176102106e-10
4.15636458276e-09
1.0614235292e-08
1.57731687473e-08
2.24396440287e-08
6.42616588167e-07
7.93860454766e-07
1.14353931317e-06
7.13959346739e-07
7.13627043433e-07
7.13468103792e-07
7.10994098331e-07
7.10538263892e-07
6.38201668684e-07
6.36613400741e-07
6.25265102675e-07
6.11250283452e-07
5.93562981419e-07
5.66386716048e-07
5.120227237e-07
4.62672560434e-07
3.94976863225e-07
2.96710606599e-07
0
0
0
0
0
0
0
0
0
0
0
3.55715009102e-07
4.18045756558e-06
0.000328082272793
99.9999684072
99.9998491475
99.9984629832
99.9906002228
0
0
0
0
0
0
0
0
0
0
0
0
0
0
0
0
0
0
0
0
0
0
0
0
0
0
0
0
0
0
0
0
0
0
0
0
0
0
0
0
0
0
0
0
0
0
0
0
0
0
0
0
0
0
1.7659960109e-10
5.3176102106e-10
5.3176102106e-10
5.26062751279e-09
1.09133082671e-08
1.3979862297e-08
1.35316488041e-07
99.9871000135
99.9999959408
99.998731584
99.9985891318
99.9978492366
99.9973445691
99.9959523332
99.9923829743
99.8764020735
6.94474951443e-07
6.17044419424e-07
5.87848367341e-07
5.5767674184e-07
5.120227237e-07
4.42438791158e-07
3.67221349815e-07
3.35684249478e-07
0
0
0
0
0
0
0
0
0
0
0
2.59300387836e-07
4.58363389226e-06
0.000201077819555
41.7554326812
99.9994976299
99.7903388537
87.1066127445
0
0
0
0
0
0
0
0
0
0
0
0
0
0
0
0
0
0
0
0
0
0
0
0
0
0
0
0
0
0
0
0
0
0
0
0
0
0
0
0
0
0
0
0
0
0
0
0
0
0
0
0
0
0
0
1.7659960109e-10
3.72821380079e-10
7.49785219936e-10
5.47865171166e-09
9.30691488972e-09
1.20668135167e-08
3.78574170236e-07
99.999990727
99.9999976102
99.9999870123
99.9999720816
99.9999408651
99.9998755974
99.9996777802
99.9984322764
99.9883900615
6.79120954282e-07
6.59468396468e-07
6.19640824267e-07
5.4625168922e-07
4.19956825295e-07
3.36381890469e-07
2.93380464368e-07
0
0
0
0
0
0
0
0
0
0
0
1.52665813891e-07
5.61029139335e-06
0.000259051735928
2.60248083874
99.9991511634
88.5495425222
48.4816487013
0
0
0
0
0
0
0
0
0
0
0
0
0
0
0
0
0
0
0
0
0
0
0
0
0
0
0
0
0
0
0
0
0
0
0
0
0
0
0
0
0
0
0
0
0
0
0
0
0
0
0
0
0
0
0
0
0
7.29438986364e-10
1.73363664729e-09
4.8224161881e-09
2.32044818828e-08
1.00507415326e-07
5.58867912677e-07
99.9999975911
99.99999795
99.9999942243
99.9999819984
99.9999614616
99.9999094954
99.999788826
99.9989716462
99.985666563
6.52922603491e-07
6.09083991468e-07
5.5252478433e-07
4.27610193552e-07
3.0211582453e-07
2.66713549847e-07
0
0
0
0
0
0
0
0
0
0
0
0
6.61466176089e-06
0.000423565923517
3.27039027492
99.9994432061
84.6855501309
44.7752546039
0
0
0
0
0
0
0
0
0
0
0
0
0
0
0
0
0
0
0
0
0
0
0
0
0
0
0
0
0
0
0
0
0
0
0
0
0
0
0
0
0
0
0
0
0
0
0
0
0
0
0
0
0
0
0
0
0
0
1.36081526721e-09
2.14029215715e-09
1.74128670928e-08
7.10017062665e-08
2.53913335622e-07
1.2296634978e-05
99.9999982181
99.9999979265
99.9999941974
99.9999870826
99.9999689711
99.9999186887
99.9997576739
99.9980643443
99.9533468299
5.96939931269e-07
5.14080622705e-07
4.38863181362e-07
3.35684249478e-07
0
0
0
0
0
0
0
0
0
0
0
0
3.27567709813e-07
1.0715771116e-05
0.00102717800406
13.0250932381
99.9998649142
99.832348581
77.3023971098
0
0
0
0
0
0
0
0
0
0
0
0
0
0
0
0
0
0
0
0
0
0
0
0
0
0
0
0
0
0
0
0
0
0
0
0
0
0
0
0
0
0
0
0
0
0
0
0
0
0
0
0
0
0
0
0
0
0
0
9.00541958475e-10
1.92226795827e-09
5.17464512735e-08
1.18864416985e-07
5.50957545289e-07
0.00667589785998
99.9999985444
99.9999976072
99.999994852
99.9999870767
99.9999689651
99.9999095552
99.9995577755
99.9950027135
98.7308807513
4.91598656842e-07
4.08023722016e-07
3.25978293742e-07
0
0
0
0
0
0
0
0
0
0
0
0
7.22397357952e-07
1.4779986757e-05
0.00444994041653
80.7645579601
99.9999859969
99.9999018443
99.9997859724
0
0
0
0
0
0
0
0
0
0
0
0
0
0
0
0
0
0
0
0
0
0
0
0
0
0
0
0
0
0
0
0
0
0
0
0
0
0
0
0
0
0
0
0
0
0
0
0
0
0
0
0
0
0
0
0
0
0
0
0
0
3.16336201505e-08
8.36648200831e-08
3.09816976681e-07
5.26780555028e-06
99.9999987592
99.999998538
99.9999973477
99.9999942953
99.9999855485
99.9999614944
99.9998617306
99.9973445488
99.5361608454
4.38863181362e-07
3.72852210046e-07
1.13415420099e-07
0
0
0
0
0
0
0
0
0
0
1.95516755347e-07
3.16686214476e-07
1.03090808093e-06
2.65362546289e-05
0.0513908083522
99.9999979712
99.9999946776
99.9999873849
99.9999865058
0
0
0
0
0
0
0
0
0
0
0
0
0
0
0
0
0
0
0
0
0
0
0
0
0
0
0
0
0
0
0
0
0
0
0
0
0
0
0
0
0
0
0
0
0
0
0
0
0
0
0
0
0
0
0
0
0
0
0
0
0
0
6.23322434204e-08
1.05844641397e-07
7.14491933753e-07
0.00324882381502
99.9999988645
99.9999982843
99.9999969668
99.9999935632
99.9999806098
99.9999409295
99.9978491754
99.6776323862
4.5351863077e-07
2.73751398544e-07
0
0
0
0
0
0
0
0
0
0
0
4.04206957856e-07
1.25707766622e-06
1.7551005477e-06
0.000191787033256
2.86688153212
99.9999965883
99.9999953691
99.9999918952
99.9999816197
0
0
0
0
0
0
0
0
0
0
0
0
0
0
0
0
0
0
0
0
0
0
0
0
0
0
0
0
0
0
0
0
0
0
0
0
0
0
0
0
0
0
0
0
0
0
0
0
0
0
0
0
0
0
0
0
0
0
0
0
0
0
0
8.40084660474e-08
5.9334495722e-07
1.119242532e-05
99.999999096
99.9999988818
99.9999981071
99.9999966261
99.9999918395
99.9999654309
99.9984322581
99.722340925
3.26137233383e-07
0
0
0
0
0
0
0
0
0
0
0
0
5.4081263255e-07
3.42163124901e-06
1.70563936776e-05
0.0199541410686
99.9999979731
99.9999973897
99.999996103
99.999994701
99.9999842594
0
0
0
0
0
0
0
0
0
0
0
0
0
0
0
0
0
0
0
0
0
0
0
0
0
0
0
0
0
0
0
0
0
0
0
0
0
0
0
0
0
0
0
0
0
0
0
0
0
0
0
0
0
0
0
0
0
0
0
0
0
0
0
8.55037632653e-08
5.16803123552e-07
3.17244164863e-06
99.9999994282
99.9999992121
99.999998766
99.9999978017
99.9999961021
99.9999775197
99.9980642501
99.5825446696
1.58939640981e-10
0
0
0
0
0
0
0
0
0
0
0
0
1.22402357473e-06
1.47209954997e-05
0.000645627053645
54.8998084564
99.9999989362
99.9999986196
99.9999981927
99.9999977724
99.9999939886
0
0
0
0
0
0
0
0
0
0
0
0
0
0
0
0
0
0
0
0
0
0
0
0
0
0
0
0
0
0
0
0
0
0
0
0
0
0
0
0
0
0
0
0
0
0
0
0
0
0
0
0
0
0
0
0
0
0
0
0
0
0
0
1.32753760223e-08
3.44648083227e-07
9.25595032703e-07
99.9999999625
99.9999999716
99.9999996438
99.9999988462
99.9999977782
99.999985495
99.9973444198
99.3637314559
0
1.43045676883e-10
0
0
0
0
0
0
0
0
0
0
0
3.83088997581e-06
0.000108208388235
0.144618199203
99.9999994197
99.9999993335
99.9999992391
99.9999991625
99.9999990867
99.9999981251
0
0
0
0
0
0
0
0
0
0
0
0
0
0
0
0
0
0
0
0
0
0
0
0
0
0
0
0
0
0
0
0
0
0
0
0
0
0
0
0
0
0
0
0
0
0
0
0
0
0
0
0
0
0
0
0
0
0
0
0
0
0
0
0
2.5556091731e-07
9.12190382397e-07
99.9999999486
99.9999999625
99.9999999214
99.9999998361
99.9999987189
99.9999799148
99.9950020042
0
0
1.43045676883e-10
1.43045676883e-10
0
0
0
0
0
0
0
2.18024198876e-10
4.60273308739e-10
4.58352837292e-07
2.6244923143e-05
0.00666053724343
99.9999998207
99.9999994197
99.9999994197
99.9999993923
99.9999994118
99.9999994172
99.9999991315
0
0
0
0
0
0
0
0
0
0
0
0
0
0
0
0
0
0
0
0
0
0
0
0
0
0
0
0
0
0
0
0
0
0
0
0
0
0
0
0
0
0
0
0
0
0
0
0
0
0
0
0
0
0
0
0
0
0
0
0
0
0
0
0
2.61255681791e-07
9.04351405609e-07
99.9999999365
99.9999999429
99.9999998718
99.9999997752
99.999999577
99.9999515307
99.9730278394
0
0
0
1.43045676883e-10
0
0
0
0
1.7659960109e-10
1.7659960109e-10
3.72821380079e-10
4.14245977865e-10
9.25660765353e-10
3.0859389031e-06
0.000998613165508
99.9999999177
99.9999998361
99.9999994387
99.9999994197
99.9999994197
99.9999994197
99.9999994197
99.9999993569
0
0
0
0
0
0
0
0
0
0
0
0
0
0
0
0
0
0
0
0
0
0
0
0
0
0
0
0
0
0
0
0
0
0
0
0
0
0
0
0
0
0
0
0
0
0
0
0
0
0
0
0
0
0
0
0
0
0
0
0
0
0
0
0
2.59144319962e-07
7.87689564932e-07
99.9999999216
99.9999999294
99.9999998085
99.9999996193
99.9999965204
99.9955018038
0
0
0
0
0
1.28741109195e-10
1.43045676883e-10
1.43045676883e-10
1.58939640981e-10
3.35539242071e-10
3.35539242071e-10
3.72821380079e-10
5.90845578955e-10
8.41415305916e-07
0.000264046525945
99.9999999951
99.9999998681
99.9999998361
99.9999994313
99.9999994197
99.9999994197
99.9999994197
99.9999994197
99.9999993802
0
0
0
0
0
0
0
0
0
0
0
0
0
0
0
0
0
0
0
0
0
0
0
0
0
0
0
0
0
0
0
0
0
0
0
0
0
0
0
0
0
0
0
0
0
0
0
0
0
0
0
0
0
0
0
0
0
0
0
0
0
0
0
0
2.44713817869e-07
7.51713295912e-07
99.9999999032
99.9999998452
99.9999996984
99.999999204
99.9976094741
0
0
0
0
0
0
1.28741109195e-10
1.28741109195e-10
1.43045676883e-10
1.43045676883e-10
1.58939640981e-10
3.35539242071e-10
5.3176102106e-10
1.55393636428e-07
0.000100429543459
99.9999999344
99.9999998816
99.9999998649
99.9999998006
99.9999994197
99.9999994197
99.9999994197
99.9999994197
99.9999994197
99.9999993877
0
0
0
0
0
0
0
0
0
0
0
0
0
0
0
0
0
0
0
0
0
0
0
0
0
0
0
0
0
0
0
0
0
0
0
0
0
0
0
0
0
0
0
0
0
0
0
0
0
0
0
0
0
0
0
0
0
0
0
0
0
0
0
0
0
9.09830713716e-07
99.9999998672
99.9999997615
99.9999993196
99.998063674
0
0
0
0
0
0
0
1.28741109195e-10
1.28741109195e-10
1.28741109195e-10
1.43045676883e-10
3.01985317864e-10
3.35539242071e-10
1.03947285259e-07
5.74176352085e-05
99.9999998839
99.9999998814
99.9999998677
99.9999998525
99.9999997286
99.9999994197
99.9999994197
99.9999994197
99.9999994197
99.999999441
99.9999994397
0
0
0
0
0
0
0
0
0
0
0
0
0
0
0
0
0
0
0
0
0
0
0
0
0
0
0
0
0
0
0
0
0
0
0
0
0
0
0
0
0
0
0
0
0
0
0
0
0
0
0
0
0
0
0
0
0
0
0
0
0
0
0
0
0
1.07051231923e-06
99.9999998361
99.9999991621
99.9970487335
0
0
0
0
0
0
0
0
1.28741109195e-10
1.28741109195e-10
1.28741109195e-10
2.71786786077e-10
3.01985317864e-10
9.33396236142e-08
4.64747419556e-05
99.9999998811
99.9999998811
99.9999998809
99.9999998672
99.9999998525
99.9999995275
99.9999994197
99.9999994197
99.9999994197
99.9999994557
99.999999625
99.9999996765
0
0
0
0
0
0
0
0
0
0
0
0
0
0
0
0
0
0
0
0
0
0
0
0
0
0
0
0
0
0
0
0
0
0
0
0
0
0
0
0
0
0
0
0
0
0
0
0
0
0
0
0
0
0
0
0
0
0
0
0
0
0
0
0
0
6.21892580424e-07
99.999977452
99.9915359254
0
0
0
0
0
0
0
0
0
0
1.28741109195e-10
3.70990219057e-10
1.0822745487e-09
1.31365171721e-07
5.778404596e-05
99.9999998678
99.999999893
99.9999998928
99.9999998805
99.9999998672
99.9999998412
99.9999994197
99.9999994197
99.9999994197
99.9999994932
99.9999998498
99.9999999912
99.9999999965
7.1833028869e-11
0
0
0
0
0
0
0
0
0
0
0
0
0
0
0
0
0
0
0
0
0
0
0
0
0
0
0
0
0
0
0
0
0
0
0
0
0
0
0
0
0
0
0
0
0
0
0
0
0
0
0
0
0
0
0
0
0
0
0
0
0
0
0
0
0
99.980337295
0
0
0
0
0
0
0
0
0
0
4.14245977865e-10
7.04881416209e-10
7.04881416209e-10
5.79554845271e-07
8.5843532763e-05
99.999999853
99.9999998929
99.9999999036
99.9999998925
99.9999998925
99.9999998805
99.9999994771
99.9999994197
99.9999994387
99.999999828
99.999999981
99.999999997
99.999999997
99.9999999982
99.9999999998
99.9999999998
4.14434840116e-10
0
0
0
0
0
0
0
0
0
0
0
0
0
0
0
0
0
0
0
0
0
0
0
0
0
0
0
0
0
0
0
0
0
0
0
0
0
0
0
0
0
0
0
0
0
0
0
0
0
0
0
0
0
0
0
0
0
0
0
0
0
0
0
0
0
0
0
0
0
0
0
0
0
0
8.33094688818e-10
1.46560608709e-07
2.3955824826e-06
0.000146211657939
99.9999998364
99.9999998808
99.9999999036
99.9999999034
99.9999999032
99.9999998925
99.9999998234
99.9999994864
99.9999995967
99.9999999707
99.9999999982
99.999999998
99.9999999978
99.9999999979
99.9999999986
99.9999999998
99.9999999998
99.9999999998
99.9999999997
99.9999971833
0
0
0
0
0
0
0
0
0
0
0
0
0
0
0
0
0
0
0
0
0
0
0
0
0
0
0
0
0
0
0
0
0
0
0
0
0
0
0
0
0
0
0
0
0
0
0
0
0
0
0
0
0
0
0
0
0
0
0
0
0
0
0
0
0
0
0
0
0
0
2.37638176138e-07
4.08023722016e-07
6.30531720689e-07
1.0210096666e-05
0.000272008116863
99.999999797
99.9999998675
99.9999998928
99.9999999034
99.9999999129
99.9999999216
99.9999999294
99.9999999537
99.9999999812
99.9999999986
99.9999999986
99.9999999984
99.9999999982
99.999999998
99.9999999985
99.9999999988
99.9999999998
99.9999999998
99.9999999998
99.9999999998
99.9999999996
99.9999999996
2.25283268223
0
0
0
0
0
0
0
0
0
0
0
0
0
0
0
0
0
0
0
0
0
0
0
0
0
0
0
0
0
0
0
0
0
0
0
0
0
0
0
0
0
0
0
0
0
0
0
0
0
0
0
0
0
0
0
0
0
0
0
0
0
0
0
0
0
6.50474100741e-07
9.67333387346e-07
1.35588621314e-06
1.47373478577e-06
1.41616555997e-06
9.11872481388e-06
65.13272432
99.9999997631
99.9999998538
99.9999998809
99.9999999132
99.999999963
99.9999999759
99.9999999844
99.9999999939
99.9999999988
99.9999999988
99.9999999987
99.9999999987
99.9999999986
99.9999999984
99.9999999984
99.9999999985
99.9999999992
99.9999999998
99.9999999998
99.9999999998
99.9999999998
99.9999999997
0.338134760539
3.53336794914e-05
8.98089575277e-06
1.93145340057e-09
0
0
0
0
0
0
0
0
0
0
0
0
0
0
0
0
0
0
0
0
0
0
0
0
0
0
0
0
0
0
0
0
0
0
0
0
0
0
0
0
0
0
0
0
0
0
0
0
0
0
0
0
0
0
0
0
0
0
0
0
0
0
1.01950432267e-06
1.74837933331e-06
1.71200700306e-06
1.72963870951e-06
1.66130227797e-06
1.68463408776e-06
98.3371595979
99.9999998063
99.9999998384
99.9999998702
99.9999999645
99.9999999919
99.9999999986
99.9999999986
99.999999999
99.999999999
99.9999999988
99.9999999988
99.9999999988
99.9999999987
99.9999999987
99.9999999986
99.9999999986
99.9999999987
99.9999999994
99.9999999998
99.9999999998
99.9999999998
99.9999999998
0.0176953645953
8.79366222555e-06
2.49436017779e-07
1.63489527897e-07
2.76939369373e-07
9.60172878267e-08
8.03547807137e-10
0
0
0
0
0
0
0
0
0
0
0
0
0
0
0
0
0
0
0
0
0
0
0
0
0
0
0
0
0
0
0
0
0
0
0
0
0
0
0
0
0
0
0
0
0
0
0
0
0
0
0
0
0
0
0
0
0
0
0
0
1.56654575393e-06
2.11358889267e-06
2.04928521836e-06
2.00540893529e-06
89.0581030945
99.9999960146
99.9999997996
99.9999998381
99.9999998695
99.9999999831
99.9999999933
99.9999999987
99.9999999988
99.999999999
99.999999999
99.999999999
99.999999999
99.999999999
99.9999999988
99.9999999988
99.9999999987
99.9999999987
99.9999999987
99.999999999
99.9999999994
99.9999999998
99.9999999998
99.9999999998
0.00641178312467
3.42416503669e-07
2.02010450138e-07
1.8174032057e-07
1.47100174783e-07
1.47055285534e-07
1.32137995488e-07
1.63133327764e-07
4.58478267676e-09
0
0
0
0
0
0
0
0
0
0
0
0
0
0
0
0
0
0
0
0
0
0
0
0
0
0
0
0
0
0
0
0
0
0
0
0
0
0
0
0
0
0
0
0
0
0
0
0
0
0
0
0
0
0
0
0
0
0
0
1.39849701326e-06
2.44362667218e-06
71.7570488277
99.1272061841
99.999987543
99.9999997992
99.9999998199
99.9999999003
99.9999999862
99.9999999924
99.999999999
99.9999999991
99.9999999991
99.9999999991
99.9999999991
99.9999999991
99.999999999
99.999999999
99.999999999
99.9999999988
99.9999999988
99.9999999987
99.9999999987
99.999999999
99.9999999994
99.9999999998
99.9999999998
0.00215112969314
3.08201359955e-07
2.02093537041e-07
1.47200791387e-07
1.32390157305e-07
1.19114781283e-07
1.19074380958e-07
9.62233029415e-08
8.6415559044e-08
1.31993556847e-07
4.06167336442e-08
0
0
0
0
0
0
0
0
0
0
0
0
0
0
0
0
0
0
0
0
0
0
0
0
0
0
0
0
0
0
0
0
0
0
0
0
0
0
0
0
0
0
0
0
0
0
0
0
0
0
0
0
0
0
0
0
0
0
1.06970336139e-06
91.1370649215
99.7781504001
99.9991725885
99.9999997752
99.9999997996
99.9999999747
99.9999999891
99.999999993
99.9999999976
99.9999999992
99.9999999992
99.9999999992
99.9999999992
99.9999999991
99.9999999991
99.999999999
99.999999999
99.999999999
99.999999999
99.9999999988
99.9999999988
99.9999999988
99.999999999
99.9999999993
0.149861833825
0.000583818069285
2.24626425129e-07
1.63700297641e-07
1.36843869261e-07
1.19174997562e-07
1.07203303154e-07
9.64138882844e-08
8.669573884e-08
8.66009726474e-08
7.77740031396e-08
8.6415559044e-08
1.06770342405e-07
9.56188212197e-08
1.22473374049e-09
0
0
0
0
0
0
0
0
0
0
0
0
0
0
0
0
0
0
0
0
0
0
0
0
0
0
0
0
0
0
0
0
0
0
0
0
0
0
0
0
0
0
0
0
0
0
0
0
0
0
0
0
0
0
0
0
94.7665236697
99.8544463585
99.9986075282
99.9999997224
99.9999997752
99.9999999958
99.9999999933
99.9999999953
99.9999999974
99.9999999993
99.9999999993
99.9999999993
99.9999999992
99.9999999992
99.9999999992
99.9999999991
99.9999999991
99.999999999
99.999999999
99.999999999
99.999999999
99.999999999
99.999999999
99.9999999992
99.9999999993
9.34874380076e-05
1.47310944527e-07
1.32560526724e-07
1.19285150702e-07
1.07307860446e-07
9.61601989058e-08
8.6772499456e-08
7.8026164956e-08
7.79857646318e-08
7.01018985952e-08
6.99966028257e-08
7.77740031396e-08
7.77055848358e-08
9.5932820785e-08
1.18319714218e-07
2.14029215715e-09
0
0
0
0
0
0
0
0
0
0
0
0
0
0
0
0
0
0
0
0
0
0
0
0
0
0
0
0
0
0
0
0
0
0
0
0
0
0
0
0
0
0
0
0
0
0
0
0
0
0
0
0
0
0
94.1850262997
99.892965483
99.9980753288
99.9999996193
99.9999997224
99.9999999142
99.9999999976
99.9999999969
99.9999999972
99.9999999988
99.9999999993
99.9999999993
99.9999999993
99.9999999992
99.9999999992
99.9999999992
99.9999999992
99.9999999991
99.9999999991
99.999999999
99.999999999
99.999999999
99.999999999
99.999999999
99.9999999992
99.9999999993
1.07356635632e-07
1.07337312282e-07
9.65842577041e-08
8.69065085838e-08
7.81670825393e-08
7.02474044478e-08
7.02235484604e-08
6.31321090599e-08
6.30917087357e-08
6.30917087357e-08
6.2941523717e-08
6.28799472436e-08
6.99350263523e-08
7.77055848358e-08
1.06592023094e-07
2.48512209605e-07
2.88458510635e-09
0
0
0
0
0
0
0
0
0
0
0
0
0
0
0
0
0
0
0
0
0
0
0
0
0
0
0
0
0
0
0
0
0
0
0
0
0
0
0
0
0
0
0
0
0
0
0
0
0
0
0
0
79.4108867905
99.8544421657
99.9973438601
99.9999994197
99.9999996573
99.9999997865
99.9999999991
99.9999999977
99.9999999977
99.9999999985
99.9999999993
99.9999999993
99.9999999993
99.9999999993
99.9999999993
99.9999999992
99.9999999992
99.9999999992
99.9999999992
99.9999999991
99.9999999991
99.9999999991
99.9999999991
99.9999999991
99.9999999991
99.9999999994
99.9999999994
7.82158577255e-08
7.81965343756e-08
7.03575575882e-08
7.03281057519e-08
6.32730266432e-08
5.75857378975e-08
5.68427541414e-08
5.67825378621e-08
5.10679237841e-08
5.10275234599e-08
5.09327572673e-08
5.65919525192e-08
5.65303760458e-08
6.28799472436e-08
8.63395387065e-08
2.81743135676e-06
1.09050418043e-06
2.64233599648e-09
0
0
0
0
0
0
0
0
0
0
0
0
0
0
0
0
0
0
0
0
0
0
0
0
0
0
0
0
0
0
0
0
0
0
0
0
0
0
0
0
0
0
0
0
0
0
0
0
0
0
0
99.2144832789
99.9955018038
99.9998289414
99.9999994777
99.9999996933
99.9999999973
99.9999999992
99.9999999979
99.9999999986
99.9999999994
99.9999999994
99.9999999994
99.9999999993
99.9999999993
99.9999999993
99.9999999993
99.9999999993
99.9999999993
99.9999999993
99.9999999992
99.9999999992
99.9999999993
99.9999999994
99.9999999994
99.9999999994
99.9999999993
99.9999999994
5.921335032e-08
5.69234554454e-08
5.69234554454e-08
5.69234554454e-08
5.11823347147e-08
5.11281400634e-08
4.59849873932e-08
4.59247711139e-08
4.59247711139e-08
4.58843707897e-08
4.58394815406e-08
4.57896045971e-08
0.021835180742
0.0773515914721
0.0299666118916
0.000926137913319
5.38536088144e-05
2.59049868826e-06
0
0
0
0
0
0
0
0
0
0
0
0
0
0
0
0
0
0
0
0
0
0
0
0
0
0
0
0
0
0
0
0
0
0
0
0
0
0
0
0
0
0
0
0
0
0
0
0
0
0
0
99.9730278394
99.9993248449
99.9999991155
99.99999953
99.9999999967
99.999999998
99.9999999993
99.9999999984
99.9999999994
99.9999999994
99.9999999994
99.9999999994
99.9999999993
99.9999999993
99.9999999993
99.9999999993
99.9999999993
99.9999999993
99.9999999993
99.9999999994
99.9999999994
99.9999999994
99.9999999994
99.9999999994
99.9999999994
99.9999999994
99.9999999993
4.99448299032e-08
4.60656886972e-08
4.60656886972e-08
4.60391820445e-08
4.60064577819e-08
4.135614999e-08
4.135614999e-08
4.12959337107e-08
3.71299800479e-08
3.70895797237e-08
3.70895797237e-08
0.636143477762
99.9999927663
99.9999961797
99.9999975335
1.07752636588
0.0196627041943
0.000358803870589
7.14456097679e-07
0
0
0
0
0
0
0
0
0
0
0
0
0
0
0
0
0
0
0
0
0
0
0
0
0
0
0
0
0
0
0
0
0
0
0
0
0
0
0
0
0
0
0
0
0
0
0
0
0
89.0581010868
99.9959516234
99.9999325115
99.9999992836
99.9999999954
99.9999999973
99.9999999992
99.9999999994
99.9999999994
99.9999999994
99.9999999994
99.9999999994
99.9999999994
99.9999999994
99.9999999993
99.9999999993
99.9999999993
99.9999999993
99.9999999993
99.9999999994
99.9999999994
99.9999999994
99.9999999994
99.9999999994
99.9999999994
99.9999999994
99.9999999994
99.9999999994
4.14296679911e-08
4.1436851294e-08
4.14103446413e-08
3.72443909784e-08
3.72116667158e-08
3.71901963271e-08
3.34408380305e-08
3.33806217513e-08
3.33806217513e-08
3.33402214271e-08
3.33402214271e-08
99.9998610249
99.9999910557
99.9999952682
99.999996927
99.9999999996
99.9999999995
0.106111660292
0.000607638224097
4.20615360003e-07
0
0
0
0
0
0
0
0
0
0
0
0
0
0
0
0
0
0
0
0
0
0
0
0
0
0
0
0
0
0
0
0
0
0
0
0
0
0
0
0
0
0
0
0
0
0
0
0
98.9224736336
99.9992498276
99.9999967761
99.9999999754
99.9999999963
99.999999998
99.9999999993
99.9999999994
99.9999999994
99.9999999994
99.9999999994
99.9999999994
99.9999999994
99.9999999994
99.9999999994
99.9999999993
99.9999999993
99.9999999993
99.9999999994
99.9999999994
99.9999999994
99.9999999994
99.9999999994
99.9999999994
99.9999999994
99.9999999995
99.9999999995
99.9999999994
3.35143560317e-08
3.34950326818e-08
3.34950326818e-08
3.34950326818e-08
3.34623084192e-08
3.00664155636e-08
3.00425595762e-08
3.00061992844e-08
3.00061992844e-08
2.99657989601e-08
3.00061992844e-08
99.9883893993
99.9998610216
99.999990054
99.9999947425
99.9999999996
99.9999999996
99.9999999996
0.122433506666
0.000290630536111
2.01961655857e-07
0
0
0
0
0
0
0
0
0
0
0
0
0
0
0
0
0
0
0
0
0
0
0
0
0
0
0
0
0
0
0
0
0
0
0
0
0
0
0
0
0
0
0
0
0
0
0
99.9140495544
99.9998748924
99.9999996193
99.9999999944
99.9999999973
99.9999999986
99.9999999994
99.9999999994
99.9999999995
99.9999999995
99.9999999995
99.9999999995
99.9999999995
99.9999999994
99.9999999995
99.9999999994
99.9999999994
99.9999999994
99.9999999994
99.9999999995
99.9999999995
99.9999999995
99.9999999994
99.9999999994
99.9999999995
99.9999999995
99.9999999995
99.9999999996
3.01399335648e-08
3.01206102149e-08
3.01206102149e-08
3.01206102149e-08
2.77748793011e-08
2.70294353434e-08
2.70055793559e-08
2.69692190641e-08
2.42359368659e-08
2.42359368659e-08
2.42359368659e-08
2.42359368659e-08
99.9931440657
99.999764615
99.9999831342
99.9999893407
99.9999904332
99.9999803605
99.9999725963
0.0269424687801
2.86184394792e-05
5.92839082366e-08
0
0
0
0
0
0
0
0
0
0
0
0
0
0
0
0
0
0
0
0
0
0
0
0
0
0
0
0
0
0
0
0
0
0
0
0
0
0
0
0
0
0
0
0
0
0
99.9883893693
99.9999941544
99.9999999779
99.9999999959
99.999999998
99.9999999993
99.9999999994
99.9999999995
99.9999999995
99.9999999996
99.9999999996
99.9999999996
99.9999999996
99.9999999996
99.9999999995
99.9999999995
99.9999999995
99.9999999995
99.9999999995
99.9999999995
99.9999999995
99.9999999995
99.9999999995
99.9999999995
99.9999999995
99.9999999995
99.9999999995
99.9999999996
2.71029533445e-08
2.70836299947e-08
2.70836299947e-08
2.64443162731e-08
2.42961531452e-08
2.42961531452e-08
2.42722971577e-08
2.26801612953e-08
2.17759828875e-08
2.17759828875e-08
2.17759828875e-08
2.18123431793e-08
2.18123431793e-08
99.9803373192
99.9991235678
99.9998097389
99.9998829624
99.9998690745
99.9998709706
8.94606931966
0.00235827796896
1.10851411103e-05
0
0
0
0
0
0
0
0
0
0
0
0
0
0
0
0
0
0
0
0
0
0
0
0
0
0
0
0
0
0
0
0
0
0
0
0
0
0
0
0
0
0
0
0
0
0
99.9973438601
99.9999994197
99.9999999923
99.999999997
99.9999999984
99.9999999994
99.9999999995
99.9999999996
99.9999999996
99.9999999996
99.9999999996
99.9999999996
99.9999999996
99.9999999996
99.9999999996
99.9999999996
99.9999999996
99.9999999996
99.9999999996
99.9999999995
99.9999999995
99.9999999995
99.9999999995
99.9999999995
99.9999999995
99.9999999995
99.9999999995
99.9999999996
2.43696711463e-08
2.43503477965e-08
2.43503477965e-08
2.25886548339e-08
2.18361991668e-08
2.18123431793e-08
2.18123431793e-08
1.9562024307e-08
1.9562024307e-08
1.9562024307e-08
1.95983845988e-08
1.95983845988e-08
1.95983845988e-08
1.95983845988e-08
99.8938883606
99.9950021366
99.9992563748
99.9996851583
99.9997193469
99.9997507509
0.178473492121
2.0863807198e-05
8.76747459892e-07
0
0
0
0
0
0
0
0
0
0
0
0
0
0
0
0
0
0
0
0
0
0
0
0
0
0
0
0
0
0
0
0
0
0
0
0
0
0
0
0
0
0
0
0
0
99.9994531244
99.9999998179
99.9999999944
99.999999998
99.9999999987
99.9999999994
99.9999999996
99.9999999996
99.9999999996
99.9999999996
99.9999999996
99.9999999996
99.9999999997
99.9999999997
99.9999999997
99.9999999997
99.9999999997
99.9999999997
99.9999999996
99.9999999996
99.9999999996
99.9999999996
99.9999999996
99.9999999995
99.9999999995
99.9999999995
99.9999999995
99.9999999996
2.19097171679e-08
2.18903938181e-08
2.18903938181e-08
2.0527702387e-08
1.96222405862e-08
1.95983845988e-08
1.95983845988e-08
1.75694615845e-08
1.75694615845e-08
1.76058218763e-08
1.76058218763e-08
1.5812515426e-08
1.5812515426e-08
1.5812515426e-08
1.76058218763e-08
86.3413882221
99.9730309708
99.9963654421
99.9989799607
99.9992609155
95.1359532212
2.08119245123e-05
2.31820079978e-05
3.28134877145e-07
0
0
0
0
0
0
0
0
0
0
0
0
0
0
0
0
0
0
0
0
0
0
0
0
0
0
0
0
0
0
0
0
0
0
0
0
0
0
0
0
0
0
0
68.618940391
99.9998986628
99.9999999869
99.9999999963
99.9999999984
99.9999999993
99.9999999996
99.9999999996
99.9999999996
99.9999999997
99.9999999997
99.9999999997
99.9999999997
99.9999999997
99.9999999997
99.9999999997
99.9999999997
99.9999999997
99.9999999997
99.9999999997
99.9999999996
99.9999999996
99.9999999996
99.9999999996
99.9999999996
99.9999999996
99.9999999996
99.9999999995
99.9999999996
1.96957585874e-08
1.96764352375e-08
1.96764352375e-08
1.94224656449e-08
1.76296778637e-08
1.76058218763e-08
1.76058218763e-08
1.65567078815e-08
1.5812515426e-08
1.5812515426e-08
1.51331948656e-08
1.41985396208e-08
1.41985396208e-08
1.41985396208e-08
1.41985396208e-08
1.5812515426e-08
5.79971592904e-07
99.8203070529
99.9823125465
99.9955128916
99.9973590699
1.8777481897e-05
2.86199918659e-05
3.53332388242e-05
4.32179691045e-08
0
0
0
0
0
0
0
0
0
0
0
0
0
0
0
0
0
0
0
0
0
0
0
0
0
0
0
0
0
0
0
0
0
0
0
0
0
0
0
0
0
0
97.7471600455
99.9999991155
99.9999999914
99.9999999978
99.9999999987
99.9999999995
99.9999999996
99.9999999997
99.9999999997
99.9999999997
99.9999999997
99.9999999997
99.9999999997
99.9999999997
99.9999999997
99.9999999997
99.9999999997
99.9999999997
99.9999999997
99.9999999997
99.9999999997
99.9999999997
99.9999999996
99.9999999996
99.9999999996
99.9999999996
99.9999999996
99.9999999996
99.9999999996
1.77031958649e-08
1.76838725151e-08
1.76838725151e-08
1.76838725151e-08
1.73347591082e-08
1.5812515426e-08
1.5812515426e-08
1.5812515426e-08
1.41985396208e-08
1.41985396208e-08
1.41985396208e-08
1.27459613961e-08
1.27459613961e-08
1.27459613961e-08
1.25813658213e-08
1.27459613961e-08
1.13375930164e-07
3.47927048546e-06
8.98108633812e-06
2.14785111439
1.73491395177
1.88184689776e-05
2.57579926793e-05
4.84685661525e-05
9.12022869347e-05
0
0
0
0
0
0
0
0
0
0
0
0
0
0
0
0
0
0
0
0
0
0
0
0
0
0
0
0
0
0
0
0
0
0
0
0
0
0
0
0
0
0
99.8689979491
99.99999953
99.9999999949
99.9999999982
99.9999999993
99.9999999996
99.9999999997
99.9999999997
99.9999999997
99.9999999997
99.9999999997
99.9999999997
99.9999999997
99.9999999997
99.9999999997
99.9999999997
99.9999999997
99.9999999997
99.9999999997
99.9999999997
99.9999999997
99.9999999997
99.9999999997
99.9999999996
99.9999999996
99.9999999996
99.9999999996
99.9999999996
99.9999999996
1.67960468935e-08
1.6527323218e-08
1.59774709217e-08
1.58905660648e-08
1.5812515426e-08
1.5812515426e-08
1.41985396208e-08
1.41985396208e-08
1.41985396208e-08
1.27459613961e-08
1.27459613961e-08
1.14386409939e-08
1.14386409939e-08
1.02620526319e-08
1.02620526319e-08
1.02620526319e-08
1.24356525787e-08
5.79993063293e-07
4.77280496588e-06
8.9811441688e-06
1.52098222073e-05
2.08640593598e-05
2.86202036274e-05
4.36217095373e-05
9.12026009342e-05
0.000234572442758
0
0
0
0
0
0
0
0
0
0
0
0
0
0
0
0
0
0
0
0
0
0
0
0
0
0
0
0
0
0
0
0
0
0
0
0
0
0
0
0
0
99.9923822652
99.9999999821
99.999999997
99.999999999
99.9999999997
99.9999999997
99.9999999997
99.9999999997
99.9999999997
99.9999999997
99.9999999997
99.9999999997
99.9999999997
99.9999999997
99.9999999997
99.9999999997
99.9999999997
99.9999999997
99.9999999997
99.9999999997
99.9999999997
99.9999999997
99.9999999997
99.9999999997
99.9999999997
99.9999999997
99.9999999996
99.9999999996
99.9999999996
1.58735291228e-08
1.58905660648e-08
1.58905660648e-08
1.5464518658e-08
1.44027146611e-08
1.41985396208e-08
1.41985396208e-08
1.27613613318e-08
1.26289660966e-08
1.19548998587e-08
1.14386409939e-08
1.02620526319e-08
1.02620526319e-08
9.20312310608e-09
8.25008653286e-09
8.27155692156e-09
9.22459349479e-09
1.07224773543e-07
9.82435401246e-07
2.81816838751e-06
8.08299917469e-06
1.52098585676e-05
2.57582047351e-05
4.10272810346e-05
7.38741067567e-05
0.000546874605895
0.00375182581783
0
0
0
0
0
0
0
0
0
0
0
0
0
0
0
0
0
0
0
0
0
0
0
0
0
0
0
0
0
0
0
0
0
0
0
0
0
0
0
0
99.9993923604
99.9999999905
99.9999999984
99.9999999993
99.9999999997
99.9999999997
99.9999999997
99.9999999997
99.9999999997
99.9999999997
99.9999999997
99.9999999997
99.9999999997
99.9999999997
99.9999999997
99.9999999997
99.9999999997
99.9999999997
99.9999999997
99.9999999997
99.9999999997
99.9999999997
99.9999999997
99.9999999997
99.9999999997
99.9999999997
99.9999999996
99.9999999996
99.9999999996
1.50596042082e-08
1.49371976049e-08
1.45069536868e-08
1.42211714335e-08
1.41431207947e-08
1.38970954239e-08
1.26289660966e-08
1.26289660966e-08
1.14375147174e-08
1.13832221678e-08
1.02620526319e-08
9.89682974889e-09
9.20312310608e-09
8.27155692156e-09
7.41382400566e-09
6.64186438135e-09
6.83644990577e-09
9.22459349479e-09
2.49493848459e-07
6.44470711685e-07
1.3477616811e-06
4.77280496588e-06
1.10879040315e-05
2.08640808302e-05
4.36217758969e-05
0.000492187239158
7.38735035287e-05
0
0
0
0
0
0
0
0
0
0
0
0
0
0
0
0
0
0
0
0
0
0
0
0
0
0
0
0
0
0
0
0
0
0
0
0
0
0
0
0
99.9999974634
99.9999999954
99.999999999
99.9999999997
99.9999999997
99.9999999997
99.9999999998
99.9999999998
99.9999999997
99.9999999997
99.9999999997
99.9999999997
99.9999999997
99.9999999997
99.9999999997
99.9999999997
99.9999999997
99.9999999997
99.9999999997
99.9999999997
99.9999999997
99.9999999997
99.9999999997
99.9999999997
99.9999999997
99.9999999997
99.9999999996
99.9999999996
99.9999999996
1.4525326186e-08
1.41848111417e-08
1.41232346683e-08
1.40118172618e-08
1.34537878212e-08
1.26289660966e-08
1.25926058048e-08
1.15745057179e-08
1.12448850784e-08
1.00682967164e-08
1.01662334816e-08
9.22459349479e-09
8.27155692156e-09
7.41382400566e-09
5.94710071947e-09
5.32181342377e-09
5.32181342377e-09
6.64186438135e-09
4.80669324648e-08
2.02031920527e-07
3.80428293754e-07
6.44470711685e-07
1.21295493577e-06
4.77280496588e-06
1.10878676712e-05
1.87773863721e-05
1.68991397968e-05
99.9989329322
0
0
0
0
0
0
0
0
0
0
0
0
0
0
0
0
0
0
0
0
0
0
0
0
0
0
0
0
0
0
0
0
0
0
0
0
0
0
0
99.9999999696
99.9999999983
99.9999999995
99.9999999997
99.9999999998
99.9999999998
99.9999999998
99.9999999998
99.9999999998
99.9999999997
99.9999999997
99.9999999997
99.9999999997
99.9999999997
99.9999999997
99.9999999997
99.9999999997
99.9999999997
99.9999999997
99.9999999997
99.9999999997
99.9999999997
99.9999999997
99.9999999997
99.9999999997
99.9999999997
99.9999999996
99.9999999996
99.9999999996
0.00025657938419
1.39254009041e-08
1.37215915035e-08
1.33747260543e-08
1.27685554253e-08
1.26468004561e-08
1.18862731449e-08
1.12663554671e-08
1.06189236866e-08
1.00897671051e-08
9.06719787105e-09
8.16761881781e-09
7.35840517957e-09
6.58644555526e-09
5.26639459769e-09
4.10707797599e-09
3.79673770958e-09
4.75905485765e-09
7.72708086077e-09
5.58484124388e-08
1.13874875226e-07
1.89331770654e-07
2.77273217858e-07
4.22755934851e-07
6.44470711685e-07
3.01714958251e-06
5.30279366303e-06
5.89144189522e-06
99.9997092287
0
0
0
0
0
0
0
0
0
0
0
0
0
0
0
0
0
0
0
0
0
0
0
0
0
0
0
0
0
0
0
0
0
0
0
0
0
52.17031
99.9999999894
99.999999999
99.9999999997
99.9999999997
99.9999999998
99.9999999998
99.9999999998
99.9999999998
99.9999999998
99.9999999998
99.9999999998
99.9999999997
99.9999999997
99.9999999997
99.9999999997
99.9999999997
99.9999999997
99.9999999997
99.9999999997
99.9999999997
99.9999999997
99.9999999997
99.9999999997
99.9999999997
99.9999999997
99.9999999997
99.9999999997
99.9999999996
99.9999999996
92.4205036426
1.37014595473e-08
1.34885275038e-08
1.31301330992e-08
1.26706564436e-08
1.21832262125e-08
1.12990797297e-08
1.11418072836e-08
1.00897671051e-08
9.6023327477e-09
9.03083757925e-09
8.06428435435e-09
7.20655143845e-09
6.47499213835e-09
4.65823332854e-09
1.81905092522e-09
2.11671886117e-09
3.24286168363e-09
5.32181342377e-09
1.10346235649e-08
2.70836299947e-08
4.60391820445e-08
7.03015990992e-08
9.6528299215e-08
1.32471843973e-07
1.81822007238e-07
4.22695718572e-07
4.22375138452e-07
99.9997497913
2.82429536481
0
0
0
0
0
0
0
0
0
0
0
0
0
0
0
0
0
0
0
0
0
0
0
0
0
0
0
0
0
0
0
0
0
0
0
0
99.9915358502
99.9999999981
99.9999999997
99.9999999997
99.9999999998
99.9999999998
99.9999999998
99.9999999998
99.9999999998
99.9999999998
99.9999999998
99.9999999998
99.9999999998
99.9999999997
99.9999999997
99.9999999997
99.9999999997
99.9999999997
99.9999999997
99.9999999997
99.9999999997
99.9999999997
99.9999999997
99.9999999997
99.9999999997
99.9999999997
99.9999999997
99.9999999997
99.9999999997
99.9999999996
2.77715373234e-06
1.39952634665e-08
1.34652443421e-08
1.31403895635e-08
1.234212342e-08
1.17483514796e-08
1.1273250685e-08
1.06202952696e-08
1.00897671051e-08
9.03083757925e-09
8.60487143739e-09
8.06428435435e-09
7.20655143845e-09
6.43459181413e-09
5.47098781749e-09
1.15110806246e-09
4.54431138223e-10
4.87155400839e-10
5.71622442582e-10
6.14801779861e-10
2.49295319532e-09
4.4974040478e-09
6.81492090761e-09
1.28433353847e-08
1.77031958649e-08
2.43696711463e-08
2.70702290819e-08
2.17360196903e-08
5.04340500938e-08
99.9999961338
0
0
0
0
0
0
0
0
0
0
0
0
0
0
0
0
0
0
0
0
0
0
0
0
0
0
0
0
0
0
0
0
0
0
0
0
99.9999999538
99.9999999995
99.9999999998
99.9999999998
99.9999999998
99.9999999998
99.9999999998
99.9999999998
99.9999999998
99.9999999998
99.9999999998
99.9999999998
99.9999999998
99.9999999997
99.9999999997
99.9999999997
99.9999999997
99.9999999997
99.9999999997
99.9999999997
99.9999999997
99.9999999997
99.9999999997
99.9999999997
99.9999999997
99.9999999997
99.9999999997
99.9999999997
99.9999999997
99.9999999997
1.12229365749e-07
0.237055295529
1.38012228991e-08
1.29653271068e-08
1.21849486715e-08
1.16328172509e-08
1.11212041708e-08
1.026286437e-08
9.98800114824e-09
9.01368489839e-09
8.16834363754e-09
8.00840664754e-09
7.11688230604e-09
6.2889967664e-09
5.41448613202e-09
3.68069071548e-09
4.87155400839e-10
5.06478750671e-10
5.30334738119e-10
6.14801779861e-10
6.14801779861e-10
7.08654048464e-10
9.28801345187e-10
1.0840491071e-09
1.41548626132e-09
2.51774662776e-09
3.14912290861e-09
4.35498240075e-09
3.33366116132e-08
8.17255058834e-07
0
0
0
0
0
0
0
0
0
0
0
0
0
0
0
0
0
0
0
0
0
0
0
0
0
0
0
0
0
0
0
0
0
0
0
4.53263761498e-11
99.9999999993
99.9999999998
99.9999999998
99.9999999998
99.9999999998
99.9999999998
99.9999999998
99.9999999998
99.9999999998
99.9999999998
99.9999999998
99.9999999998
99.9999999998
99.9999999997
99.9999999997
99.9999999997
99.9999999997
99.9999999997
99.9999999997
99.9999999997
99.9999999997
99.9999999997
99.9999999997
99.9999999997
99.9999999997
99.9999999997
99.9999999997
99.9999999998
99.9999999997
99.9999999997
1.81764548434e-07
1.48750016567e-06
83.6676993313
99.9685281413
1.21378319403e-08
1.16158306504e-08
1.09447707504e-08
1.00954214372e-08
9.72790820908e-09
9.03300824822e-09
8.0454169399e-09
7.4835089949e-09
6.94873386575e-09
6.01215248195e-09
4.88666239301e-09
3.73210599179e-09
4.30458413103e-10
5.06478750671e-10
5.30334738119e-10
5.30334738119e-10
6.14801779861e-10
6.14801779861e-10
8.12934346912e-10
9.8475983426e-10
1.25654662034e-09
1.7883076414e-09
2.51774662776e-09
3.92859979855e-09
3.01958920538e-08
5.6738527724e-08
4.53263761498e-11
0
0
0
0
0
0
0
0
0
0
0
0
0
0
0
0
0
0
0
0
0
0
0
0
0
0
0
0
0
0
0
0
0
0
99.9994531244
99.9999999998
99.9999999998
99.9999999998
99.9999999998
99.9999999998
99.9999999998
99.9999999998
99.9999999998
99.9999999998
99.9999999998
99.9999999998
99.9999999998
99.9999999997
99.9999999997
99.9999999997
99.9999999997
99.9999999997
99.9999999997
99.9999999997
99.9999999997
99.9999999997
99.9999999997
99.9999999997
99.9999999997
99.9999999997
99.9999999997
99.9999999997
99.9999999997
99.9999999998
99.9999999997
0.000278426193417
2.4700529954e-07
3.16310287093e-06
3.56588848011e-05
99.9995220741
99.9994482666
99.9761376031
1.01325214039e-08
9.55963577327e-09
9.00028398561e-09
7.99072943057e-09
7.23998461189e-09
6.8861985902e-09
5.97579219015e-09
4.85030210121e-09
3.73210599179e-09
3.90058088885e-10
4.30458413103e-10
5.06478750671e-10
5.06478750671e-10
5.06478750671e-10
5.90945792414e-10
8.12934346912e-10
9.7564419639e-10
1.1308919583e-09
1.43287727617e-09
2.26597196499e-09
2.83421061775e-09
4.40182525196e-09
5.45367551274e-09
4.69579024897e-07
0
0
0
0
0
0
0
0
0
0
0
0
0
0
0
0
0
0
0
0
0
0
0
0
0
0
0
0
0
0
0
0
0
0
99.9999999996
99.9999999998
99.9999999998
99.9999999998
99.9999999998
99.9999999998
99.9999999998
99.9999999998
99.9999999998
99.9999999998
99.9999999998
99.9999999998
99.9999999998
99.9999999997
99.9999999997
99.9999999997
99.9999999997
99.9999999997
99.9999999997
99.9999999997
99.9999999997
99.9999999998
99.9999999998
99.9999999998
99.9999999998
99.9999999998
99.9999999998
99.9999999998
99.9999999998
99.9999999997
99.9999999996
)
;

boundaryField
{
    frontAndBack
    {
        type            empty;
    }
    leftWall
    {
        type            calculated;
        value           uniform 0;
    }
    outlet
    {
        type            calculated;
        value           uniform 0;
    }
    rightWall
    {
        type            calculated;
        value           uniform 0;
    }
    inlet
    {
        type            calculated;
        value           uniform 6.41826272389e-05;
    }
}


// ************************************************************************* //
