/*--------------------------------*- C++ -*----------------------------------*\
| =========                 |                                                 |
| \\      /  F ield         | OpenFOAM: The Open Source CFD Toolbox           |
|  \\    /   O peration     | Version:  v1906                                 |
|   \\  /    A nd           | Web:      www.OpenFOAM.com                      |
|    \\/     M anipulation  |                                                 |
\*---------------------------------------------------------------------------*/
FoamFile
{
    version     2.0;
    format      ascii;
    class       volScalarField;
    location    "297";
    object      alpha;
}
// * * * * * * * * * * * * * * * * * * * * * * * * * * * * * * * * * * * * * //

dimensions      [0 0 -1 0 0 0 0];


internalField   nonuniform List<scalar> 
9216
(
100
100
100
100
100
100
100
100
100
100
100
100
100
100
100
100
100
100
100
100
100
100
100
100
100
100
100
100
100
100
100
100
100
100
100
100
100
100
100
100
100
100
100
100
100
100
100
100
100
100
100
100
100
100
100
100
100
100
100
100
100
100
100
100
100
100
100
100
100
100
100
100
100
100
100
100
100
100
100
100
100
100
100
99.9999999999
99.9999999999
99.9999999999
99.9999999999
99.9999999998
99.9999999996
99.9999999971
99.9999999914
99.9999999731
99.999999846
99.9999890719
83.8804115423
25.693814426
100
100
100
100
100
100
100
100
100
100
100
100
100
100
100
100
100
100
100
100
100
100
100
100
100
100
100
100
100
100
100
100
100
100
100
100
100
100
100
100
100
100
100
100
100
100
100
100
100
100
100
100
100
100
100
100
100
100
100
100
100
100
100
100
100
100
100
100
100
100
100
100
100
100
100
100
100
100
100
100
100
100
100
100
99.9999999999
99.9999999999
99.9999999999
99.9999999999
99.9999999998
99.9999999988
99.9999999951
99.9999999859
99.9999999425
99.9999990622
99.9990274521
83.9584172087
100
100
100
100
100
100
100
100
100
100
100
100
100
100
100
100
100
100
100
100
100
100
100
100
100
100
100
100
100
100
100
100
100
100
100
100
100
100
100
100
100
100
100
100
100
100
100
100
100
100
100
100
100
100
100
100
100
100
100
100
100
100
100
100
100
100
100
100
99.9999999999
99.9999999999
99.9999999999
99.9999999999
99.9999999999
100
99.9999999999
99.9999999999
99.9999999999
99.9999999999
99.9999999999
100
99.9999999999
99.9999999999
99.9999999999
99.9999999999
99.9999999999
99.9999999999
99.9999999998
99.9999999998
99.9999999998
99.9999999995
99.9999999952
99.9999999858
99.9999999586
99.9999998022
99.9999991139
99.999989815
100
100
100
100
100
100
100
100
100
100
100
100
100
100
100
100
100
100
100
100
100
100
100
100
100
100
100
100
100
100
100
100
100
100
100
100
100
100
100
100
100
100
100
100
100
100
100
100
100
100
100
100
100
100
100
100
100
100
100
100
100
100
100
100
100
100
99.9999999999
99.9999999999
99.9999999999
99.9999999999
99.9999999999
99.9999999999
99.9999999999
99.9999999999
99.9999999999
99.9999999999
99.9999999999
99.9999999999
99.9999999999
99.9999999999
99.9999999999
99.9999999999
99.9999999999
99.9999999998
99.9999999999
99.9999999998
99.9999999997
99.9999999998
99.9999999997
99.9999999993
99.9999999959
99.99999999
99.9999999763
99.9999999605
99.9999999398
99.9999998309
100
100
100
100
100
100
100
100
100
100
100
100
100
100
100
100
100
100
100
100
100
100
100
100
100
100
100
100
100
100
100
100
100
100
100
100
100
100
100
100
100
100
100
100
100
100
100
100
100
100
100
100
100
100
100
100
100
100
100
100
100
100
100
100
100
99.9999999999
99.9999999999
99.9999999999
99.9999999999
99.9999999999
99.9999999999
99.9999999999
99.9999999999
99.9999999999
99.9999999999
99.9999999999
99.9999999999
99.9999999999
99.9999999999
99.9999999999
99.9999999999
99.9999999999
99.9999999999
99.9999999998
99.9999999998
99.9999999998
99.9999999997
99.9999999996
99.9999999996
99.9999999984
99.9999999971
99.9999999942
99.9999999898
99.999999985
99.9999999843
99.9999999663
100
100
100
100
100
100
100
100
100
100
100
100
100
100
100
100
100
100
100
100
100
100
100
100
100
100
100
100
100
100
100
100
100
100
100
100
100
100
100
100
100
100
100
100
100
100
100
100
100
100
100
100
100
100
100
100
100
100
100
100
100
100
100
99.9999999999
99.9999999999
99.9999999999
99.9999999999
99.9999999999
99.9999999999
99.9999999999
99.9999999998
99.9999999998
99.9999999998
99.9999999999
99.9999999999
99.9999999999
99.9999999999
99.9999999999
99.9999999999
99.9999999999
99.9999999999
99.9999999999
99.9999999999
99.9999999999
99.9999999998
99.9999999998
99.9999999997
99.9999999996
99.9999999995
99.9999999981
99.999999997
99.9999999965
99.999999995
99.9999999923
99.9999999926
99.9999999863
100
100
100
100
100
100
100
100
100
100
100
100
100
100
100
100
100
100
100
100
100
100
100
100
100
100
100
100
100
100
100
100
100
100
100
100
100
100
100
100
100
100
100
100
100
100
100
100
100
100
100
100
100
100
100
100
100
100
99.9999999999
99.9999999999
99.9999999999
99.9999999999
99.9999999999
99.9999999998
99.9999999998
99.9999999998
99.9999999998
99.9999999998
99.9999999998
99.9999999998
99.9999999998
99.9999999998
99.9999999998
99.9999999998
99.9999999998
99.9999999998
99.9999999998
99.9999999998
99.9999999998
99.9999999998
99.9999999998
99.9999999998
99.9999999998
99.9999999998
99.9999999998
99.9999999998
99.9999999997
99.9999999997
99.9999999995
99.9999999991
99.9999999978
99.9999999972
99.9999999974
99.9999999955
99.9999999951
99.9999999922
100
100
100
100
100
100
100
100
100
100
100
100
100
100
100
100
100
100
100
100
100
100
100
100
100
100
100
100
100
100
100
100
100
100
100
100
100
100
100
100
100
100
100
100
100
100
100
100
100
100
100
100
100
100
100
99.9999999999
99.9999999999
99.9999999999
99.9999999999
99.9999999999
99.9999999999
99.9999999998
99.9999999998
99.9999999998
99.9999999998
99.9999999998
99.9999999998
99.9999999997
99.9999999997
99.9999999997
99.9999999997
99.9999999997
99.9999999997
99.9999999997
99.9999999997
99.9999999997
99.9999999997
99.9999999997
99.9999999997
99.9999999997
99.9999999998
99.9999999998
99.9999999998
99.9999999998
99.9999999997
99.9999999997
99.9999999996
99.9999999996
99.9999999996
99.9999999995
99.999999999
99.999999998
99.9999999978
99.9999999981
99.9999999967
99.9999999947
100
100
100
100
100
100
100
100
100
100
100
100
100
100
100
100
100
100
100
100
100
100
100
100
100
100
100
100
100
100
100
100
100
100
100
100
100
100
100
100
100
100
100
100
100
100
100
100
100
100
100
100
100
100
99.9999999999
99.9999999999
99.9999999999
99.9999999999
99.9999999999
99.9999999998
99.9999999998
99.9999999998
99.9999999998
99.9999999998
99.9999999997
99.9999999997
99.9999999997
99.9999999997
99.9999999997
99.9999999997
99.9999999996
99.9999999996
99.9999999996
99.9999999996
99.9999999996
99.9999999996
99.9999999996
99.9999999996
99.9999999996
99.9999999997
99.9999999997
99.9999999997
99.9999999997
99.9999999997
99.9999999997
99.9999999997
99.9999999997
99.9999999996
99.9999999995
99.9999999995
99.9999999994
99.9999999992
99.9999999984
99.9999999992
99.9999999983
99.9999999965
100
100
100
100
100
100
100
100
100
100
100
100
100
100
100
100
100
100
100
100
100
100
100
100
100
100
100
100
100
100
100
100
100
100
100
100
100
100
100
100
100
100
100
100
100
100
100
100
100
100
100
100
99.9999999999
99.9999999999
99.9999999999
99.9999999999
99.9999999999
99.9999999999
99.9999999998
99.9999999998
99.9999999998
99.9999999998
99.9999999997
99.9999999997
99.9999999997
99.9999999997
99.9999999996
99.9999999996
99.9999999996
99.9999999996
99.9999999996
99.9999999996
99.9999999996
99.9999999996
99.9999999996
99.9999999996
99.9999999996
99.9999999996
99.9999999996
99.9999999996
99.9999999996
99.9999999996
99.9999999996
99.9999999996
99.9999999997
99.9999999997
99.9999999997
99.9999999996
99.9999999995
99.9999999995
99.9999999995
99.9999999995
99.9999999994
99.9999999994
99.9999999993
99.9999999978
100
100
100
100
100
100
100
100
100
100
100
100
100
100
100
100
100
100
100
100
100
100
100
100
100
100
100
100
100
100
100
100
100
100
100
100
100
100
100
100
100
100
100
100
100
100
100
100
100
100
100
99.9999999999
99.9999999999
99.9999999999
99.9999999999
99.9999999999
99.9999999998
99.9999999998
99.9999999998
99.9999999998
99.9999999997
99.9999999997
99.9999999997
99.9999999997
99.9999999996
99.9999999996
99.9999999996
99.9999999996
99.9999999996
99.9999999995
99.9999999995
99.9999999995
99.9999999995
99.9999999995
99.9999999994
99.9999999994
99.9999999994
99.9999999994
99.9999999995
99.9999999995
99.9999999995
99.9999999995
99.9999999996
99.9999999996
99.9999999996
99.9999999996
99.9999999996
99.9999999996
99.9999999996
99.9999999996
99.9999999995
99.9999999994
99.9999999995
99.9999999994
99.9999999995
99.9999999986
100
100
100
100
100
100
100
100
100
100
100
100
100
100
100
100
100
100
100
100
100
100
100
100
100
100
100
100
100
100
100
100
100
100
100
100
100
100
100
100
100
100
100
100
100
100
100
100
100
99.9999999999
99.9999999999
99.9999999999
99.9999999999
99.9999999999
99.9999999999
99.9999999998
99.9999999998
99.9999999998
99.9999999998
99.9999999997
99.9999999997
99.9999999997
99.9999999996
99.9999999996
99.9999999996
99.9999999996
99.9999999995
99.9999999995
99.9999999994
99.9999999994
99.9999999994
99.9999999994
99.9999999994
99.9999999994
99.9999999994
99.9999999994
99.9999999994
99.9999999994
99.9999999994
99.9999999994
99.9999999994
99.9999999994
99.9999999994
99.9999999995
99.9999999995
99.9999999996
99.9999999996
99.9999999995
99.9999999996
99.9999999996
99.9999999995
99.9999999995
99.9999999995
99.9999999995
99.9999999994
99.9999999991
100
100
100
100
100
100
100
100
100
100
100
100
100
100
100
100
100
100
100
100
100
100
100
100
100
100
100
100
100
100
100
100
100
100
100
100
100
100
100
100
100
100
100
100
100
100
100
100
99.9999999999
99.9999999999
99.9999999999
99.9999999999
99.9999999999
99.9999999999
99.9999999998
99.9999999998
99.9999999998
99.9999999997
99.9999999997
99.9999999997
99.9999999996
99.9999999996
99.9999999996
99.9999999995
99.9999999995
99.9999999994
99.9999999994
99.9999999994
99.9999999994
99.9999999994
99.9999999994
99.9999999993
99.9999999993
99.9999999993
99.9999999993
99.9999999993
99.9999999993
99.9999999993
99.9999999993
99.9999999993
99.9999999993
99.9999999994
99.9999999994
99.9999999994
99.9999999994
99.9999999994
99.9999999995
99.9999999996
99.9999999996
99.9999999995
99.9999999995
99.9999999995
99.9999999994
99.9999999994
99.9999999995
99.9999999992
100
100
100
100
100
100
100
100
100
100
100
100
100
100
100
100
100
100
100
100
100
100
100
100
100
100
100
100
100
100
100
100
100
100
100
100
100
100
100
100
100
100
100
100
100
100
100
99.9999999999
99.9999999999
99.9999999999
99.9999999999
99.9999999999
99.9999999999
99.9999999998
99.9999999998
99.9999999998
99.9999999997
99.9999999997
99.9999999996
99.9999999996
99.9999999996
99.9999999995
99.9999999994
99.9999999994
99.9999999994
99.9999999994
99.9999999993
99.9999999993
99.9999999993
99.9999999993
99.9999999992
99.9999999992
99.9999999992
99.9999999992
99.9999999992
99.9999999992
99.9999999992
99.9999999992
99.9999999992
99.9999999992
99.9999999992
99.9999999992
99.9999999993
99.9999999993
99.9999999993
99.9999999994
99.9999999994
99.9999999994
99.9999999995
99.9999999995
99.9999999995
99.9999999995
99.9999999995
99.9999999994
99.9999999995
99.9999999991
100
100
100
100
100
100
100
100
100
100
100
100
100
100
100
100
100
100
100
100
100
100
100
100
100
100
100
100
100
100
100
100
100
100
100
100
100
100
100
100
100
100
100
100
100
99.9999999999
99.9999999999
99.9999999999
99.9999999999
99.9999999999
99.9999999999
99.9999999999
99.9999999998
99.9999999998
99.9999999997
99.9999999997
99.9999999996
99.9999999996
99.9999999996
99.9999999994
99.9999999994
99.9999999994
99.9999999993
99.9999999993
99.9999999992
99.9999999992
99.9999999992
99.9999999992
99.9999999992
99.9999999992
99.9999999992
99.9999999992
99.9999999992
99.9999999992
99.9999999992
99.9999999992
99.9999999992
99.9999999992
99.9999999992
99.9999999992
99.9999999992
99.9999999992
99.9999999992
99.9999999992
99.9999999992
99.9999999993
99.9999999993
99.9999999994
99.9999999994
99.9999999995
99.9999999995
99.9999999994
99.9999999994
99.9999999994
99.9999999994
99.9999999991
100
100
100
100
100
100
100
100
100
100
100
100
100
100
100
100
100
100
100
100
100
100
100
100
100
100
100
100
100
100
100
100
100
100
100
100
100
100
100
100
100
100
100
100
99.9999999999
99.9999999999
99.9999999999
99.9999999999
99.9999999999
99.9999999999
99.9999999999
99.9999999998
99.9999999998
99.9999999997
99.9999999997
99.9999999996
99.9999999995
99.9999999994
99.9999999993
99.9999999992
99.9999999992
99.9999999992
99.9999999992
99.9999999992
99.9999999992
99.9999999991
99.9999999991
99.9999999991
99.9999999991
99.9999999991
99.9999999991
99.9999999991
99.9999999991
99.9999999991
99.9999999991
99.9999999991
99.9999999991
99.9999999991
99.9999999991
99.9999999991
99.9999999991
99.9999999992
99.9999999992
99.9999999992
99.9999999992
99.9999999992
99.9999999992
99.9999999993
99.9999999993
99.9999999994
99.9999999994
99.9999999995
99.9999999994
99.9999999994
99.9999999994
99.9999999992
100
100
100
100
100
100
100
100
100
100
100
100
100
100
100
100
100
100
100
100
100
100
100
100
100
100
100
100
100
100
100
100
100
100
100
100
100
100
100
100
100
100
100
99.9999999999
99.9999999999
99.9999999999
99.9999999999
99.9999999999
99.9999999999
99.9999999999
99.9999999998
99.9999999998
99.9999999997
99.9999999996
99.9999999995
99.9999999992
99.999999999
99.9999999987
99.9999999987
99.9999999987
99.9999999987
99.9999999988
99.9999999988
99.9999999988
99.9999999988
99.9999999988
99.999999999
99.999999999
99.999999999
99.999999999
99.999999999
99.999999999
99.999999999
99.999999999
99.999999999
99.999999999
99.999999999
99.999999999
99.999999999
99.9999999991
99.9999999991
99.9999999991
99.9999999991
99.9999999991
99.9999999991
99.9999999992
99.9999999992
99.9999999992
99.9999999992
99.9999999993
99.9999999994
99.9999999994
99.9999999994
99.9999999994
99.9999999994
99.9999999992
100
100
100
100
100
100
100
100
100
100
100
100
100
100
100
100
100
100
100
100
100
100
100
100
100
100
100
100
100
100
100
100
100
100
100
100
100
100
100
100
100
99.9999999999
99.9999999999
99.9999999999
99.9999999999
99.9999999999
99.9999999999
99.9999999999
99.9999999999
99.9999999998
99.9999999998
99.9999999997
99.9999999995
99.999999998
99.9999999963
99.9999999954
99.9999999954
99.9999999954
99.9999999954
99.9999999959
99.9999999967
99.9999999973
99.9999999978
99.9999999982
99.9999999984
99.9999999986
99.9999999986
99.9999999987
99.9999999987
99.9999999987
99.9999999988
99.9999999988
99.9999999988
99.9999999988
99.9999999988
99.9999999988
99.9999999988
99.999999999
99.999999999
99.999999999
99.999999999
99.999999999
99.999999999
99.999999999
99.9999999991
99.9999999991
99.9999999991
99.9999999992
99.9999999992
99.9999999992
99.9999999993
99.9999999994
99.9999999994
99.9999999994
99.9999999994
99.9999999992
100
100
100
100
100
100
100
100
100
100
100
100
100
100
100
100
100
100
100
100
100
100
100
100
100
100
100
100
100
100
100
100
100
100
100
100
100
100
100
100
99.9999999999
99.9999999999
99.9999999999
99.9999999999
99.9999999999
99.9999999999
99.9999999999
99.9999999999
99.9999999999
99.9999999998
99.9999999996
99.9999999954
99.9999999931
99.9999999923
99.9999999914
99.9999999914
99.9999999914
99.9999999923
99.9999999923
99.9999999931
99.9999999937
99.9999999944
99.9999999954
99.9999999959
99.999999997
99.9999999976
99.9999999978
99.9999999982
99.9999999982
99.9999999984
99.9999999986
99.9999999986
99.9999999986
99.9999999987
99.9999999987
99.9999999987
99.9999999987
99.9999999988
99.9999999988
99.9999999988
99.9999999988
99.9999999988
99.9999999988
99.999999999
99.999999999
99.999999999
99.999999999
99.9999999991
99.9999999991
99.9999999992
99.9999999992
99.9999999993
99.9999999994
99.9999999994
99.9999999994
99.9999999992
100
100
100
100
100
100
100
100
100
100
100
100
100
100
100
100
100
100
100
100
100
100
100
100
100
100
100
100
100
100
100
100
100
100
100
100
100
100
99.9999999999
99.9999999999
99.9999999999
99.9999999999
99.9999999999
99.9999999999
99.9999999999
99.9999999999
99.9999999999
99.9999999999
99.9999999998
99.9999999963
99.9999999914
99.9999999894
99.9999999894
99.9999999894
99.9999999894
99.9999999894
99.9999999894
99.9999999894
99.9999999905
99.9999999905
99.9999999914
99.9999999914
99.9999999923
99.9999999931
99.9999999944
99.9999999949
99.9999999959
99.9999999967
99.9999999973
99.9999999978
99.999999998
99.9999999982
99.9999999984
99.9999999984
99.9999999984
99.9999999986
99.9999999986
99.9999999986
99.9999999987
99.9999999987
99.9999999987
99.9999999987
99.9999999987
99.9999999988
99.9999999988
99.9999999988
99.999999999
99.999999999
99.9999999991
99.9999999991
99.9999999992
99.9999999992
99.9999999994
99.9999999994
99.9999999994
99.9999999991
100
100
100
100
100
100
100
100
100
100
100
100
100
100
100
100
100
100
100
100
100
100
100
100
100
100
100
100
100
100
100
100
100
100
100
100
100
99.9999999999
99.9999999999
99.9999999999
99.9999999999
99.9999999999
99.9999999999
99.9999999999
99.9999999999
99.9999999999
99.9999999999
99.9999999998
99.9999999931
99.9999999882
99.9999999869
99.9999999869
99.9999999882
99.9999999882
99.9999999882
99.9999999882
99.9999999882
99.9999999882
99.9999999894
99.9999999894
99.9999999894
99.9999999894
99.9999999905
99.9999999905
99.9999999914
99.9999999923
99.9999999931
99.9999999937
99.9999999949
99.9999999959
99.999999997
99.9999999973
99.9999999978
99.999999998
99.9999999982
99.9999999982
99.9999999984
99.9999999984
99.9999999984
99.9999999986
99.9999999986
99.9999999986
99.9999999987
99.9999999987
99.9999999987
99.9999999987
99.9999999988
99.9999999988
99.999999999
99.9999999991
99.9999999991
99.9999999992
99.9999999993
99.9999999994
99.9999999994
99.9999999991
100
100
100
100
100
100
100
100
100
100
100
100
100
100
100
100
100
100
100
100
100
100
100
100
100
100
100
100
100
100
100
100
100
100
100
99.9999999999
99.9999999999
99.9999999999
99.9999999999
99.9999999999
99.9999999999
99.9999999999
99.9999999999
99.9999999999
99.9999999999
99.9999999999
99.9999999998
99.9999999905
99.9999999761
99.9999999797
99.9999999855
99.9999999869
99.9999999869
99.9999999882
99.9999999882
99.9999999882
99.9999999882
99.9999999882
99.9999999882
99.9999999882
99.9999999882
99.9999999882
99.9999999882
99.9999999894
99.9999999894
99.9999999894
99.9999999905
99.9999999914
99.9999999923
99.9999999931
99.9999999944
99.9999999954
99.9999999963
99.999999997
99.9999999976
99.9999999978
99.999999998
99.9999999982
99.9999999982
99.9999999982
99.9999999984
99.9999999984
99.9999999986
99.9999999986
99.9999999986
99.9999999987
99.9999999987
99.9999999988
99.9999999988
99.999999999
99.9999999991
99.9999999992
99.9999999992
99.9999999994
99.9999999994
99.9999999991
100
100
100
100
100
100
100
100
100
100
100
100
100
100
100
100
100
100
100
100
100
100
100
100
100
100
100
100
100
100
100
100
100
99.9999999999
99.9999999999
99.9999999999
99.9999999999
99.9999999999
99.9999999999
99.9999999999
99.9999999999
99.9999999999
99.9999999999
99.9999999999
99.9999999999
99.9999999998
99.9999999894
99.9999999779
99.9999999663
99.9999999821
99.9999999855
99.9999999869
99.9999999869
99.9999999882
99.9999999882
99.9999999882
99.9999999882
99.9999999882
99.9999999882
99.9999999882
99.9999999882
99.9999999882
99.9999999882
99.9999999882
99.9999999882
99.9999999882
99.9999999882
99.9999999894
99.9999999894
99.9999999905
99.9999999914
99.9999999923
99.9999999937
99.9999999949
99.9999999959
99.9999999967
99.9999999973
99.9999999976
99.9999999978
99.999999998
99.9999999982
99.9999999982
99.9999999982
99.9999999984
99.9999999984
99.9999999986
99.9999999986
99.9999999987
99.9999999987
99.9999999988
99.999999999
99.9999999991
99.9999999992
99.9999999993
99.9999999994
99.9999999991
100
100
100
100
100
100
100
100
100
100
100
100
100
100
100
100
100
100
100
100
100
100
100
100
100
100
100
100
100
100
100
100
99.9999999999
99.9999999999
99.9999999999
99.9999999999
99.9999999999
99.9999999999
99.9999999999
99.9999999999
99.9999999999
99.9999999999
99.9999999999
99.9999999999
99.9999999998
99.9999999914
99.9999999801
99.9999999696
99.9999999663
99.9999999821
99.9999999869
99.9999999882
99.9999999882
99.9999999894
99.9999999894
99.9999999894
99.9999999894
99.9999999894
99.9999999894
99.9999999894
99.9999999882
99.9999999882
99.9999999882
99.9999999882
99.9999999882
99.9999999869
99.9999999869
99.9999999869
99.9999999882
99.9999999882
99.9999999882
99.9999999894
99.9999999905
99.9999999917
99.9999999931
99.9999999949
99.9999999959
99.9999999967
99.9999999973
99.9999999976
99.9999999978
99.999999998
99.999999998
99.9999999982
99.9999999982
99.9999999984
99.9999999984
99.9999999986
99.9999999987
99.9999999987
99.9999999988
99.999999999
99.9999999992
99.9999999992
99.9999999993
99.9999999991
100
100
100
100
100
100
100
100
100
100
100
100
100
100
100
100
100
100
100
100
100
100
100
100
100
100
100
100
100
100
99.9999999999
99.9999999999
99.9999999999
99.9999999999
99.9999999999
99.9999999999
99.9999999999
99.9999999999
99.9999999999
99.9999999999
99.9999999999
99.9999999999
99.9999999999
99.9999999998
99.9999999949
99.9999999839
99.9999999727
99.9999999625
99.9999999696
99.9999999839
99.9999999869
99.9999999894
99.9999999896
99.9999999905
99.9999999905
99.9999999914
99.9999999905
99.9999999905
99.9999999905
99.9999999894
99.9999999894
99.9999999894
99.9999999882
99.9999999882
99.999999988
99.9999999869
99.9999999869
99.9999999869
99.9999999869
99.9999999869
99.9999999869
99.9999999869
99.9999999882
99.9999999882
99.9999999905
99.9999999914
99.9999999931
99.9999999949
99.9999999959
99.9999999967
99.9999999973
99.9999999976
99.9999999978
99.9999999978
99.999999998
99.9999999982
99.9999999982
99.9999999984
99.9999999986
99.9999999986
99.9999999987
99.9999999989
99.9999999991
99.9999999992
99.9999999993
99.9999999992
100
100
100
100
100
100
100
100
100
100
100
100
100
100
100
100
100
100
100
100
100
100
100
100
100
100
100
100
99.9999999999
99.9999999999
99.9999999999
99.9999999999
99.9999999999
99.9999999999
99.9999999999
99.9999999999
99.9999999999
99.9999999999
99.9999999999
99.9999999999
99.9999999999
99.9999999999
99.9999999998
99.9999999991
99.9999999882
99.9999999779
99.9999999663
99.9999999583
99.9999999727
99.9999999855
99.9999999894
99.9999999905
99.9999999923
99.9999999923
99.9999999931
99.9999999931
99.9999999931
99.9999999923
99.9999999923
99.9999999914
99.9999999905
99.9999999905
99.9999999894
99.9999999882
99.9999999882
99.9999999869
99.9999999869
99.9999999869
99.9999999855
99.9999999855
99.9999999855
99.9999999855
99.9999999855
99.9999999855
99.9999999869
99.9999999882
99.9999999894
99.9999999914
99.9999999937
99.9999999949
99.9999999959
99.9999999967
99.9999999973
99.9999999976
99.9999999978
99.9999999978
99.999999998
99.9999999982
99.9999999984
99.9999999986
99.9999999987
99.9999999988
99.999999999
99.9999999992
99.9999999993
99.9999999993
100
100
100
100
100
100
100
100
100
100
100
100
100
100
100
100
100
100
100
100
100
100
100
100
100
100
99.9999999999
99.9999999999
99.9999999999
99.9999999999
99.9999999999
99.9999999999
99.9999999999
99.9999999999
99.9999999999
99.9999999999
99.9999999999
99.9999999999
99.9999999999
99.9999999999
99.9999999999
99.9999999998
99.9999999996
99.9999999944
99.9999999839
99.9999999727
99.9999999625
99.9999999625
99.9999999754
99.9999999882
99.9999999914
99.9999999931
99.9999999937
99.9999999944
99.9999999949
99.9999999949
99.9999999949
99.9999999944
99.9999999937
99.9999999931
99.9999999923
99.9999999914
99.9999999905
99.9999999905
99.9999999894
99.9999999882
99.9999999869
99.9999999869
99.9999999855
99.9999999855
99.9999999855
99.9999999839
99.9999999839
99.9999999839
99.9999999839
99.9999999855
99.9999999869
99.9999999882
99.9999999905
99.9999999923
99.9999999944
99.9999999954
99.9999999963
99.999999997
99.9999999973
99.9999999976
99.9999999978
99.999999998
99.9999999982
99.9999999984
99.9999999986
99.9999999987
99.9999999988
99.9999999991
99.9999999992
99.9999999992
100
100
100
100
100
100
100
100
100
100
100
100
100
100
100
100
100
100
100
100
100
100
100
99.9999999999
99.9999999999
99.9999999999
99.9999999999
99.9999999999
99.9999999999
99.9999999999
99.9999999999
99.9999999999
99.9999999999
99.9999999999
99.9999999999
99.9999999999
99.9999999999
99.9999999999
99.9999999999
99.9999999998
99.9999999998
99.9999999997
99.9999999988
99.9999999905
99.9999999801
99.9999999696
99.9999999583
99.9999999625
99.9999999801
99.9999999905
99.9999999937
99.9999999949
99.9999999959
99.9999999963
99.9999999967
99.9999999967
99.9999999967
99.9999999963
99.9999999959
99.9999999954
99.9999999944
99.9999999937
99.9999999931
99.9999999914
99.9999999905
99.9999999894
99.9999999882
99.9999999882
99.9999999869
99.9999999855
99.9999999855
99.9999999839
99.9999999839
99.9999999821
99.9999999821
99.9999999821
99.9999999839
99.9999999855
99.9999999869
99.9999999894
99.9999999914
99.9999999937
99.9999999949
99.9999999959
99.9999999967
99.999999997
99.9999999976
99.9999999978
99.999999998
99.9999999982
99.9999999984
99.9999999986
99.9999999988
99.999999999
99.9999999992
99.9999999992
100
100
100
100
100
100
100
100
100
100
100
100
100
100
100
100
100
100
100
100
100
99.9999999999
99.9999999999
99.9999999999
99.9999999999
99.9999999999
99.9999999999
99.9999999999
99.9999999999
99.9999999999
99.9999999999
99.9999999999
99.9999999999
99.9999999999
99.9999999999
99.9999999999
99.9999999998
99.9999999998
99.9999999998
99.9999999998
99.9999999997
99.9999999994
99.9999999973
99.9999999869
99.9999999754
99.9999999663
99.9999999583
99.9999999663
99.9999999855
99.9999999931
99.9999999954
99.9999999963
99.999999997
99.9999999976
99.9999999978
99.9999999978
99.9999999978
99.9999999978
99.9999999976
99.999999997
99.9999999967
99.9999999928
99.9999999899
99.9999999869
99.9999999854
99.999999986
99.9999999867
99.9999999834
99.999999984
99.999999986
99.9999999855
99.9999999839
99.9999999839
99.9999999821
99.9999999821
99.9999999801
99.9999999801
99.9999999801
99.9999999821
99.9999999855
99.9999999882
99.9999999905
99.9999999931
99.9999999944
99.9999999954
99.9999999963
99.999999997
99.9999999973
99.9999999976
99.999999998
99.9999999982
99.9999999984
99.9999999987
99.999999999
99.9999999992
99.9999999992
100
100
100
100
100
100
100
100
100
100
100
100
99.9999999999
99.9999999999
99.9999999999
99.9999999999
99.9999999999
99.9999999999
99.9999999999
99.9999999999
99.9999999999
99.9999999999
99.9999999999
99.9999999999
99.9999999999
99.9999999999
99.9999999999
99.9999999999
99.9999999999
99.9999999999
99.9999999999
99.9999999999
99.9999999999
99.9999999998
99.9999999998
99.9999999998
99.9999999998
99.9999999998
99.9999999997
99.9999999997
99.9999999996
99.9999999991
99.9999999954
99.9999999855
99.9999999727
99.9999999625
99.9999999625
99.9999999727
99.9999999894
99.9999999949
99.9999999967
99.9999999976
99.999999998
99.9999999984
99.9999999986
99.9999999986
99.9999999986
99.9999999986
99.9999999984
99.9999999982
99.9999999979
99.9999999927
99.9999999888
99.9999999866
99.9999999859
99.9999999847
99.999999984
99.9999999813
99.999999981
99.999999977
99.9999999745
99.9999999697
99.9999999702
99.9999999738
99.9999999801
99.9999999779
99.9999999779
99.9999999754
99.9999999761
99.9999999801
99.9999999839
99.9999999869
99.9999999905
99.9999999923
99.9999999944
99.9999999954
99.9999999963
99.999999997
99.9999999973
99.9999999978
99.999999998
99.9999999984
99.9999999986
99.9999999988
99.9999999991
99.9999999992
100
100
100
100
0
0
0
0
0
0
0
0
0
0
0
0
0
0
0
0
0
0
1.11758787957e-07
99.999999998
99.9999999991
99.9999999995
99.9999999998
99.9999999999
99.9999999998
99.9999999998
99.9999999998
99.9999999998
99.9999999998
99.9999999998
99.9999999998
99.9999999998
99.9999999997
99.9999999997
99.9999999996
99.9999999996
99.9999999993
99.9999999984
99.9999999944
99.9999999839
99.9999999696
99.9999999625
99.9999999625
99.9999999781
99.9999999931
99.9999999967
99.9999999978
99.9999999984
99.9999999988
99.999999999
99.9999999991
99.9999999991
99.9999999992
99.9999999991
99.9999999991
99.999999999
99.9999999982
99.9999999917
99.999999989
99.9999999885
99.9999999852
99.9999999839
99.9999999801
99.9999999758
99.9999999722
99.9999999587
99.9999999523
99.9999999414
99.9999999329
99.9999999314
99.9999999294
99.9999999294
99.9999999294
99.9999999365
99.9999999486
99.9999999583
99.9999999672
99.9999999821
99.9999999869
99.9999999894
99.9999999923
99.9999999944
99.9999999954
99.9999999963
99.999999997
99.9999999973
99.9999999978
99.9999999982
99.9999999984
99.9999999988
99.9999999991
99.9999999992
1.79809241654e-12
5.97152463057e-13
0
0
0
0
0
0
0
0
0
0
0
0
0
0
0
0
0
0
0
0
0
0
0
0
0
0
0
1.14926401805e-06
99.999999998
99.999999999
99.9999999994
99.9999999997
99.9999999997
99.9999999997
99.9999999996
99.9999999996
99.9999999994
99.9999999992
99.9999999988
99.9999999978
99.9999999937
99.9999999821
99.9999999663
99.9999999625
99.9999999696
99.9999999839
99.9999999959
99.999999998
99.9999999988
99.9999999992
99.9999999994
99.9999999994
99.9999999995
99.9999999995
99.9999999995
99.9999999994
99.9999999994
99.9999999994
99.9999999992
99.9999999915
99.9999999873
99.999999987
99.9999999807
99.9999999766
99.9999999677
99.9999999556
99.9999999433
99.999999927
99.9999999082
99.9999998861
99.9999998574
99.9999998395
99.9999998168
99.9999997977
99.9999998179
99.9999998361
99.9999998672
99.9999998925
99.9999999216
99.9999999442
99.9999999695
99.9999999867
99.9999999905
99.9999999923
99.9999999944
99.9999999954
99.9999999963
99.999999997
99.9999999976
99.999999998
99.9999999984
99.9999999987
99.999999999
99.9999999991
0
0
0
0
0
0
0
0
0
0
0
0
0
0
0
0
0
0
0
0
0
0
0
0
0
0
0
0
0
0
0
0
0
0
99.5727954169
99.9999999978
99.9999999986
99.9999999988
99.999999999
99.9999999987
99.999999998
99.9999999967
99.9999999931
99.9999999821
99.9999999625
99.9999999625
99.9999999745
99.9999999937
99.9999999987
99.9999999994
99.9999999998
99.9999999998
99.9999999998
99.9999999998
99.9999999998
99.9999999998
99.9999999998
99.9999999998
99.9999999998
99.9999999998
99.9999999997
99.9999999895
99.9999999865
99.9999999819
99.9999999744
99.9999999601
99.9999999474
99.9999999227
99.999999901
99.9999998599
99.9999998047
99.9999997561
99.9999996972
99.9999996241
99.9999995788
99.99999953
99.99999953
99.99999953
99.9999996193
99.9999996916
99.9999997752
99.9999998525
99.9999999138
99.9999999537
99.9999999869
99.9999999905
99.9999999931
99.9999999944
99.9999999959
99.9999999967
99.9999999973
99.9999999978
99.9999999982
99.9999999986
99.999999999
99.999999999
0
0
0
0
0
0
0
0
0
0
0
0
0
0
0
0
0
0
0
0
0
0
0
0
0
0
0
0
0
0
0
0
0
0
0
0
0
0
99.9999999954
99.9999999967
99.9999999967
99.9999999954
99.9999999914
99.9999999821
99.9999999583
99.9999999663
99.9999999839
99.9999999999
99.9999999999
99.9999999999
99.9999999999
99.9999999999
99.9999999999
99.9999999999
99.9999999999
99.9999999999
99.9999999999
99.9999999999
99.9999999999
99.9999999999
99.9999999998
99.9999999906
99.9999999839
99.9999999767
99.9999999613
99.9999999422
99.9999999157
99.9999998789
99.999999808
99.9999997315
99.999999585
99.999999426
99.9999992895
99.9999991211
99.9999989129
99.999998787
99.9999986519
99.9999987867
99.9999989081
99.9999991155
99.9999993552
99.99999953
99.9999997224
99.9999998672
99.9999999447
99.9999999882
99.9999999914
99.9999999937
99.9999999949
99.9999999959
99.9999999968
99.9999999976
99.999999998
99.9999999985
99.9999999988
99.9999999988
0
0
0
0
0
0
0
0
0
0
0
0
0
0
0
0
0
0
0
0
0
0
0
0
0
0
0
0
0
0
0
0
0
0
0
0
0
0
0
0
0
99.7108570849
99.9999999882
99.9999999779
99.9999999487
99.9999999806
99.9999999999
99.9999999999
99.9999999999
99.9999999999
99.9999999999
99.9999999999
99.9999999999
99.9999999999
99.9999999999
99.9999999999
99.9999999999
99.9999999999
99.9999999999
99.9999999999
99.9999999997
99.9999999855
99.9999999804
99.9999999679
99.9999999436
99.9999999171
99.999999849
99.9999997353
99.9999995891
99.9999993659
99.9999990266
99.9999985102
99.9999979536
99.9999971875
99.999996526
99.9999957091
99.9999957042
99.9999957042
99.9999961338
99.9999971224
99.9999978202
99.9999985021
99.9999990173
99.9999994777
99.9999997777
99.9999999486
99.9999999894
99.9999999923
99.9999999943
99.9999999951
99.999999996
99.9999999973
99.9999999978
99.9999999984
99.9999999988
99.9999999987
0
0
0
0
0
0
0
0
0
0
0
0
0
0
0
0
0
0
0
0
0
0
0
0
0
0
0
0
0
0
0
0
0
0
0
0
0
0
0
0
0
0
9.76926541953e-11
2.89900793752e-10
99.9999999814
99.9999999999
99.9999999999
99.9999999999
99.9999999999
99.9999999999
99.9999999999
99.9999999999
99.9999999999
99.9999999999
99.9999999999
99.9999999999
99.9999999999
99.9999999999
99.9999999999
99.9999999999
99.9999999925
99.9999999799
99.9999999732
99.9999999506
99.9999999151
99.9999998322
99.9999996717
99.9999994265
99.9999989219
99.9999979576
99.999996145
99.9999936835
99.9999900296
99.9999847974
99.9999791431
99.9999742462
99.9999742449
99.9999768173
99.999981222
99.9999863109
99.9999910186
99.9999941073
99.9999961338
99.9999979453
99.9999991155
99.9999996573
99.9999999775
99.9999999905
99.9999999926
99.9999999941
99.999999995
99.9999999965
99.9999999973
99.9999999982
99.9999999987
99.9999999987
0
0
0
0
0
0
0
0
0
0
0
0
0
0
0
0
0
0
0
0
0
0
0
0
0
0
0
0
0
0
0
0
0
0
0
0
0
0
0
0
0
0
0
5.37295414574e-10
5.52489345765e-09
4.61959510487e-08
1.56384473528e-06
99.9999999999
99.9999999999
99.9999999999
99.9999999999
99.9999999999
99.9999999999
99.9999999999
99.9999999999
99.9999999999
99.9999999999
99.9999999999
99.9999999999
99.9999999999
99.9999999867
99.9999999749
99.9999999589
99.9999999177
99.9999998121
99.9999995914
99.9999991299
99.9999977312
99.9999935764
99.9999831141
99.9999589448
99.9998986747
99.99978814
99.9996286783
99.9995078195
99.999453131
99.9995078168
99.9996335186
99.999764588
99.9998864678
99.9999399675
99.9999646659
99.9999791356
99.9999900206
99.9999952269
99.9999984372
99.9999995783
99.9999999879
99.9999999916
99.9999999928
99.9999999936
99.9999999953
99.9999999969
99.9999999979
99.9999999985
99.9999999979
0
0
0
0
0
0
0
0
0
0
0
0
0
0
0
0
0
0
0
0
0
0
0
0
0
0
0
0
0
0
0
0
0
0
0
0
0
0
0
0
0
0
0
0
0
4.3296074952e-10
2.09706130386e-09
2.72579593657e-08
5.22201575622e-07
99.9999999999
99.9999999999
99.9999999999
99.9999999999
99.9999999999
99.9999999999
99.9999999999
99.9999999999
99.9999999999
99.9999999999
99.9999999999
99.9999999824
99.9999999714
99.9999999231
99.9999997913
99.9999994363
99.9999985166
99.9999927394
99.9999461595
99.9994474923
99.7273248248
92.943336793
77.1232075576
56.9532790115
46.7292793762
40.9510000089
46.8559000083
65.1321559956
89.377163231
99.5179108436
99.9942431254
99.9987521357
99.9995078119
99.999822677
99.9999261252
99.9999713794
99.9999900206
99.9999971815
99.99999971
99.99999999
99.9999999914
99.9999999917
99.9999999937
99.9999999955
99.999999997
99.9999999977
99.9999999972
0
0
0
0
0
0
0
0
0
0
0
0
0
0
0
0
0
0
0
0
0
0
0
0
0
0
0
0
0
0
0
0
0
0
0
0
0
0
0
0
0
0
0
0
0
0
0
1.06243118503e-10
1.22003473718e-09
5.96387982207e-09
5.22208313258e-07
99.9999999999
99.9999999999
99.9999999999
99.9999999999
99.9999999999
99.9999999999
99.9999999999
99.9999999999
99.9999999953
99.9999999736
99.9999999374
99.9999997913
99.9999992997
99.9999965358
99.9999179314
78.912600924
1.44058851026e-08
1.39283096031e-08
1.42130523879e-08
1.37655788713e-08
1.30953254782e-08
1.21032911484e-08
1.12027491899e-08
9.46095515187e-09
8.27290929006e-09
7.56242889318e-09
4.85986048016e-09
0
0
19
96.4237410668
99.9889990498
99.9985884184
99.9996801647
99.9999177247
99.9999792393
99.9999957054
99.9999999813
99.9999999893
99.9999999905
99.9999999913
99.9999999935
99.9999999962
99.9999999971
99.9999999963
0
0
0
0
0
0
0
0
0
0
0
0
0
0
0
0
0
0
0
0
0
0
0
0
0
0
0
0
0
0
0
0
0
0
0
0
0
0
0
0
0
0
0
0
0
0
0
0
1.58043301313e-11
4.1136594364e-10
1.23283624458e-09
1.70647788754e-08
1.25933827239e-06
99.9999999999
100
100
100
100
100
99.9999999843
99.9999999493
99.9999998155
99.9999992209
99.9999889279
1.60851832048e-08
1.46210160115e-08
1.44651435277e-08
1.44651435277e-08
1.39483295332e-08
1.39548782265e-08
1.39100175127e-08
1.33671122642e-08
1.25635644571e-08
1.15350524956e-08
1.04232722999e-08
8.89819658575e-09
8.42016180908e-09
7.3437692444e-09
0
0
0
0
0
36.4812138878
99.9740285106
99.9982573066
99.9997751648
99.9999594425
99.9999961747
99.999999985
99.9999999873
99.9999999894
99.9999999918
99.9999999938
99.9999999962
99.9999999953
0
0
0
0
0
0
0
0
0
0
0
0
0
0
0
0
0
0
0
0
0
0
0
0
0
0
0
0
0
0
0
0
0
0
0
0
0
0
0
0
0
0
0
0
0
0
0
0
0
1.42238971182e-11
1.91180613532e-10
6.29608190751e-10
2.13112462614e-09
7.60547682914e-08
7.27492533487e-06
100
100
100
100
99.999999961
99.9999998599
99.9999994376
40.9510137446
1.60906406896e-08
1.60906406896e-08
1.60851832048e-08
1.46930858396e-08
1.44712073996e-08
1.41795227383e-08
1.3954137948e-08
1.39715939861e-08
1.34829792625e-08
1.29363858372e-08
1.21032911484e-08
1.08335232946e-08
9.46095515187e-09
7.78269833154e-09
7.15703599203e-09
3.40728225547e-09
0
0
0
0
0
0
26.1059013867
99.9844194622
99.9994017742
99.9999292428
99.9999999623
99.999999982
99.9999999844
99.9999999869
99.9999999912
99.9999999946
99.9999999934
0
0
0
0
0
0
0
0
0
0
0
0
0
0
0
0
0
0
0
0
0
0
0
0
0
0
0
0
0
0
0
0
0
0
0
0
0
0
0
0
0
0
0
0
0
0
0
0
0
0
1.28015074064e-11
3.40633222741e-11
4.49652072158e-10
1.10955262012e-09
5.58338003487e-09
3.08350387827e-07
100
100
99.9999999824
99.9999999036
99.9999996391
1.98561713089e-08
1.78888588761e-08
1.60906406896e-08
1.60906406896e-08
1.60906406896e-08
1.60906406896e-08
1.56298110234e-08
1.44052027958e-08
1.41212858861e-08
1.40270128122e-08
1.3587259561e-08
1.30953254782e-08
1.23455402582e-08
1.12027491899e-08
9.46095515187e-09
7.57814562818e-09
6.60939231996e-09
3.40728225547e-09
0
0
0
0
0
0
0
0
99.2840479622
99.9980405675
99.9999271347
99.9999999758
99.9999999791
99.9999999811
99.9999999868
99.9999999888
99.9999999897
0
0
0
0
0
0
0
0
0
0
0
0
0
0
0
0
0
0
0
0
0
0
0
0
0
0
0
0
0
0
0
0
0
0
0
0
0
0
0
0
0
0
0
0
0
0
0
0
0
0
0
1.82589921427e-11
3.06569900466e-11
3.49528395453e-10
8.00464791061e-10
2.64745114989e-09
3.4911380272e-08
1.5870836165e-06
92.8222744696
61.2589799171
2.1464001409e-08
1.98814215986e-08
1.78888588761e-08
1.78888588761e-08
1.60955524258e-08
1.60823226211e-08
1.60730803228e-08
1.60553248408e-08
1.60116923393e-08
1.49655445957e-08
1.40682891116e-08
1.36811118296e-08
1.31747808144e-08
1.23455402582e-08
1.15350524956e-08
9.96743786138e-09
8.27290929006e-09
7.56242889318e-09
4.85986048016e-09
0
0
0
0
0
0
0
0
0
9.38517997298
99.9958765934
99.9999999422
99.9999999704
99.9999999708
99.9999999774
99.9999999796
99.9999999804
0
0
0
0
0
0
0
0
0
0
0
0
0
0
0
0
0
0
0
0
0
0
0
0
0
0
0
0
0
0
0
0
0
0
0
0
0
0
0
0
0
0
0
0
0
0
0
0
0
0
0
4.91173626275e-12
1.64330929285e-11
2.7591291042e-11
2.9598826706e-10
6.44397974386e-10
1.54961134608e-09
1.78932794387e-08
2.72930369184e-08
2.45597547202e-08
2.20998007418e-08
1.98858421612e-08
1.78932794387e-08
1.78774751086e-08
1.66457982074e-08
1.60705057974e-08
1.60705057974e-08
1.60505730326e-08
1.60171498241e-08
1.5964783546e-08
1.57036670683e-08
1.47856590136e-08
1.33490767115e-08
1.25635644571e-08
1.15350524956e-08
9.96743786138e-09
8.27290929006e-09
7.56242889318e-09
4.85986048016e-09
0
0
0
0
0
0
0
0
0
0
1.46385730176e-08
99.994809296
99.9999999504
99.9999999468
99.9999999525
99.9999999513
99.9999999495
0
0
0
0
0
0
0
0
0
0
0
0
0
0
0
0
0
0
0
0
0
0
0
0
0
0
0
0
0
0
0
0
0
0
0
0
0
0
0
0
0
0
0
0
0
0
0
0
0
0
0
0
9.33229889923e-12
1.47897836356e-11
6.26670056491e-11
2.55673298504e-10
5.02577373386e-10
1.01051335488e-09
1.44899756896e-08
2.45637332265e-08
2.20855768446e-08
1.98716182641e-08
1.78707374731e-08
1.78707374731e-08
1.78707374731e-08
1.60681887245e-08
1.60534989416e-08
1.60420886967e-08
1.59996720115e-08
1.59580459105e-08
1.57023869176e-08
1.53011515067e-08
1.48523469603e-08
1.41775402623e-08
1.241565577e-08
9.96743786138e-09
8.27290929006e-09
7.56242889318e-09
3.50747658706e-09
0
0
0
0
0
0
0
0
0
0
1.16573632933e-08
2.54787882622e-07
99.9999998817
99.9999998883
99.9999998621
99.9999998502
99.9999997065
0
0
0
0
0
0
0
0
0
0
0
0
0
0
0
0
0
0
0
0
0
0
0
0
0
0
0
0
0
0
0
0
0
0
0
0
0
0
0
0
0
0
0
0
0
0
0
0
0
0
0
0
9.33229889923e-12
9.33229889923e-12
9.33229889923e-12
1.00255455275e-10
2.6283023127e-10
4.42675108383e-10
7.88576091023e-10
1.44771741822e-08
2.20834914791e-08
1.98695328985e-08
1.7876970176e-08
1.78729916697e-08
1.78646736012e-08
1.78554313029e-08
1.60518556323e-08
1.60092600529e-08
1.59936081396e-08
1.59568937749e-08
1.56464461022e-08
1.53066089914e-08
1.48523469603e-08
1.41775402623e-08
1.31490283008e-08
1.15814136666e-08
9.71089048744e-09
7.56242889318e-09
1.61397580522e-09
0
0
0
0
0
0
0
0
0
0
1.0118684394e-08
1.33754269512e-07
3.77723924408e-05
99.9999997353
99.9999993505
99.9999982992
99.999996829
0
0
0
0
0
0
0
0
0
0
0
0
0
0
0
0
0
0
0
0
0
0
0
0
0
0
0
0
0
0
0
0
0
0
0
0
0
0
0
0
0
0
0
0
0
0
0
0
0
0
0
0
4.42056263648e-12
9.33229889923e-12
1.33108052721e-11
1.33108052721e-11
1.04040268861e-10
2.65690815023e-10
3.94826941809e-10
5.61699184805e-10
1.60856925027e-08
1.98715616754e-08
2.86245672694e-08
1.78715126913e-08
1.78631946228e-08
1.78592161164e-08
1.77972879125e-08
1.77858776677e-08
1.59751802026e-08
1.59354233862e-08
1.56513578384e-08
1.53005451195e-08
1.4857804445e-08
1.41775402623e-08
1.28167249951e-08
1.15814136666e-08
9.88688509528e-09
7.42712788298e-09
0
0
0
0
0
0
0
0
0
0
0
8.90409983242e-09
1.04643353687e-07
8.21240947233e-06
98.512457677
99.9999962239
99.9999615261
99.999764709
0
0
0
0
0
0
0
0
0
0
0
0
0
0
0
0
0
0
0
0
0
0
0
0
0
0
0
0
0
0
0
0
0
0
0
0
0
0
0
0
0
0
0
0
0
0
0
0
0
0
0
0
0
0
4.42056263648e-12
1.33108052721e-11
1.33108052721e-11
1.31681687184e-10
2.73177076665e-10
3.49937692678e-10
3.38718211956e-09
99.9996770933
99.9999998984
99.9999682496
99.9999646838
99.999946163
99.9999335304
99.9998986806
99.999809334
99.9969061517
1.73837879778e-08
1.54455813531e-08
1.47147587681e-08
1.39595160634e-08
1.28167249951e-08
1.10749309571e-08
9.1921214334e-09
8.4026987702e-09
0
0
0
0
0
0
0
0
0
0
0
6.49069193258e-09
1.14735484103e-07
5.0332905095e-06
1.05906609165
99.9999874249
99.9947518555
99.3614854732
0
0
0
0
0
0
0
0
0
0
0
0
0
0
0
0
0
0
0
0
0
0
0
0
0
0
0
0
0
0
0
0
0
0
0
0
0
0
0
0
0
0
0
0
0
0
0
0
0
0
0
0
0
0
0
4.42056263648e-12
9.33229889923e-12
1.87682900085e-11
1.3713917192e-10
2.32966552407e-10
3.02051106819e-10
9.47630018275e-09
99.9999997679
99.9999999402
99.9999996749
99.9999993012
99.9999985198
99.999996886
99.9999919343
99.9999607574
99.9997093852
1.69994535527e-08
1.65075194699e-08
1.55105734038e-08
1.36735292298e-08
1.0512172391e-08
8.42016180908e-09
7.3437692444e-09
0
0
0
0
0
0
0
0
0
0
0
3.82146272467e-09
1.40434317859e-07
6.48446778866e-06
0.0651441423814
99.9999787523
99.5197005437
51.5993187691
0
0
0
0
0
0
0
0
0
0
0
0
0
0
0
0
0
0
0
0
0
0
0
0
0
0
0
0
0
0
0
0
0
0
0
0
0
0
0
0
0
0
0
0
0
0
0
0
0
0
0
0
0
0
0
0
0
1.82589921427e-11
4.33956211733e-11
1.20712576286e-10
5.80844265655e-10
2.51585689966e-09
1.39893329218e-08
99.9999999397
99.9999999487
99.9999998554
99.9999995494
99.9999990353
99.9999977345
99.999994714
99.9999742587
99.9996412118
1.63436680926e-08
1.52463194625e-08
1.38305545554e-08
1.07037480998e-08
7.56242889318e-09
6.67625490555e-09
0
0
0
0
0
0
0
0
0
0
0
0
1.65575270004e-07
1.06025137318e-05
0.0818629542014
99.9890377101
96.9816717416
38.1757419542
0
0
0
0
0
0
0
0
0
0
0
0
0
0
0
0
0
0
0
0
0
0
0
0
0
0
0
0
0
0
0
0
0
0
0
0
0
0
0
0
0
0
0
0
0
0
0
0
0
0
0
0
0
0
0
0
0
0
3.40633222741e-11
5.35748409547e-11
4.35871141212e-10
1.77728311905e-09
6.35584563854e-09
3.07803895382e-07
99.9999999554
99.9999999481
99.9999998548
99.9999996767
99.9999992233
99.9999979647
99.9999939342
99.9999515475
99.9988321986
1.49423347511e-08
1.28682374073e-08
1.09854278836e-08
8.4026987702e-09
0
0
0
0
0
0
0
0
0
0
0
0
8.19952916076e-09
2.68232414592e-07
2.57118627548e-05
0.32603833842
99.9999966186
99.9958034243
78.3734179661
0
0
0
0
0
0
0
0
0
0
0
0
0
0
0
0
0
0
0
0
0
0
0
0
0
0
0
0
0
0
0
0
0
0
0
0
0
0
0
0
0
0
0
0
0
0
0
0
0
0
0
0
0
0
0
0
0
0
0
2.25419656083e-11
4.81173562183e-11
1.29529414369e-09
2.97536119725e-09
1.37913241251e-08
0.00016710810479
99.9999999636
99.9999999401
99.9999998711
99.9999996765
99.9999992231
99.999997736
99.9999889304
99.9998749101
99.9682319717
1.23054788412e-08
1.02134682593e-08
8.15974360489e-09
0
0
0
0
0
0
0
0
0
0
0
0
1.80827292335e-08
3.69966052146e-07
0.000111388928505
4.35421890061
99.9999996495
99.999997543
99.9999946426
0
0
0
0
0
0
0
0
0
0
0
0
0
0
0
0
0
0
0
0
0
0
0
0
0
0
0
0
0
0
0
0
0
0
0
0
0
0
0
0
0
0
0
0
0
0
0
0
0
0
0
0
0
0
0
0
0
0
0
0
0
7.91838704225e-10
2.09426054965e-09
7.7552007072e-09
1.31861364624e-07
99.9999999689
99.9999999634
99.9999999336
99.9999998572
99.9999996383
99.9999990361
99.9999965389
99.9999335299
99.9883893847
1.09854278836e-08
9.33307062127e-09
2.83896433173e-09
0
0
0
0
0
0
0
0
0
0
4.89408842465e-09
7.92714841122e-09
2.58052323793e-08
6.64243718561e-07
0.00128639184833
96.057382605
99.9999998668
99.9999996842
99.9999996622
0
0
0
0
0
0
0
0
0
0
0
0
0
0
0
0
0
0
0
0
0
0
0
0
0
0
0
0
0
0
0
0
0
0
0
0
0
0
0
0
0
0
0
0
0
0
0
0
0
0
0
0
0
0
0
0
0
0
0
0
0
0
1.56027298256e-09
2.64945596786e-09
1.78848441725e-08
8.13231121731e-05
99.9999999716
99.9999999571
99.9999999241
99.9999998389
99.9999995146
99.9999985214
99.9999461615
99.9919306373
1.13522765723e-08
6.85242320266e-09
0
0
0
0
0
0
0
0
0
0
0
1.01179287171e-08
3.1466608804e-08
4.39328959778e-08
4.80072768082e-06
0.0717625028928
99.9999999146
99.9999998841
99.9999997971
99.9999995399
0
0
0
0
0
0
0
0
0
0
0
0
0
0
0
0
0
0
0
0
0
0
0
0
0
0
0
0
0
0
0
0
0
0
0
0
0
0
0
0
0
0
0
0
0
0
0
0
0
0
0
0
0
0
0
0
0
0
0
0
0
0
0
2.10286254253e-09
1.48523469603e-08
2.8016381054e-07
99.9999999774
99.999999972
99.9999999526
99.9999999155
99.9999997957
99.9999991347
99.999960757
99.9930497616
8.16372211126e-09
0
0
0
0
0
0
0
0
0
0
0
0
1.35373811834e-08
8.56487509701e-08
4.26948057293e-07
0.000499483180632
99.9999999493
99.9999999347
99.9999999025
99.9999998674
99.999999606
0
0
0
0
0
0
0
0
0
0
0
0
0
0
0
0
0
0
0
0
0
0
0
0
0
0
0
0
0
0
0
0
0
0
0
0
0
0
0
0
0
0
0
0
0
0
0
0
0
0
0
0
0
0
0
0
0
0
0
0
0
0
0
2.14029215715e-09
1.29363858372e-08
7.94111477703e-08
99.9999999857
99.9999999803
99.9999999691
99.999999945
99.9999999024
99.9999994373
99.9999515452
99.9895504439
3.97850637283e-12
0
0
0
0
0
0
0
0
0
0
0
0
3.06392134934e-08
3.68489409241e-07
1.6161049135e-05
1.47484072136
99.9999999734
99.9999999654
99.9999999548
99.9999999442
99.9999998495
0
0
0
0
0
0
0
0
0
0
0
0
0
0
0
0
0
0
0
0
0
0
0
0
0
0
0
0
0
0
0
0
0
0
0
0
0
0
0
0
0
0
0
0
0
0
0
0
0
0
0
0
0
0
0
0
0
0
0
0
0
0
0
3.3230330571e-10
8.62707746816e-09
2.31690830151e-08
99.9999999991
99.9999999993
99.9999999911
99.9999999711
99.9999999444
99.9999996369
99.9999335267
99.9840732089
0
3.58065573555e-12
0
0
0
0
0
0
0
0
0
0
0
9.58931333197e-08
2.70862422697e-06
0.00362001841458
99.9999999855
99.9999999833
99.999999981
99.999999979
99.9999999771
99.9999999531
0
0
0
0
0
0
0
0
0
0
0
0
0
0
0
0
0
0
0
0
0
0
0
0
0
0
0
0
0
0
0
0
0
0
0
0
0
0
0
0
0
0
0
0
0
0
0
0
0
0
0
0
0
0
0
0
0
0
0
0
0
0
0
0
6.39708717026e-09
2.2833543773e-08
99.9999999987
99.9999999991
99.999999998
99.9999999959
99.9999999679
99.9999994972
99.9998748924
62.0165452415
0
3.58065573555e-12
3.58065573555e-12
0
0
0
0
0
0
0
5.45748473639e-12
1.15213566657e-11
1.1473284279e-08
6.56951238435e-07
0.000166723604671
99.9999999955
99.9999999855
99.9999999855
99.9999999848
99.9999999853
99.9999999854
99.9999999783
0
0
0
0
0
0
0
0
0
0
0
0
0
0
0
0
0
0
0
0
0
0
0
0
0
0
0
0
0
0
0
0
0
0
0
0
0
0
0
0
0
0
0
0
0
0
0
0
0
0
0
0
0
0
0
0
0
0
0
0
0
0
0
0
6.53963598085e-09
2.2637321994e-08
99.9999999984
99.9999999986
99.9999999968
99.9999999944
99.9999999894
99.9999987867
99.9993248449
0
0
0
3.58065573555e-12
0
0
0
0
4.42056263648e-12
4.42056263648e-12
9.33229889923e-12
1.03692209991e-11
2.31707284055e-11
7.72458495336e-08
2.4996840426e-05
99.9999999979
99.9999999959
99.999999986
99.9999999855
99.9999999855
99.9999999855
99.9999999855
99.9999999839
0
0
0
0
0
0
0
0
0
0
0
0
0
0
0
0
0
0
0
0
0
0
0
0
0
0
0
0
0
0
0
0
0
0
0
0
0
0
0
0
0
0
0
0
0
0
0
0
0
0
0
0
0
0
0
0
0
0
0
0
0
0
0
0
6.48678531101e-09
1.97170947069e-08
99.999999998
99.9999999982
99.9999999952
99.9999999905
99.9999999129
99.9998874032
0
0
0
0
0
3.22259016199e-12
3.58065573555e-12
3.58065573555e-12
3.97850637283e-12
8.39906900931e-12
8.39906900931e-12
9.33229889923e-12
1.47897836356e-11
2.10619335499e-08
6.60949514994e-06
99.9999999999
99.9999999967
99.9999999959
99.9999999858
99.9999999855
99.9999999855
99.9999999855
99.9999999855
99.9999999845
0
0
0
0
0
0
0
0
0
0
0
0
0
0
0
0
0
0
0
0
0
0
0
0
0
0
0
0
0
0
0
0
0
0
0
0
0
0
0
0
0
0
0
0
0
0
0
0
0
0
0
0
0
0
0
0
0
0
0
0
0
0
0
0
6.12556740348e-09
1.88165527484e-08
99.9999999976
99.9999999961
99.9999999925
99.9999999801
99.9999401614
0
0
0
0
0
0
3.22259016199e-12
3.22259016199e-12
3.58065573555e-12
3.58065573555e-12
3.97850637283e-12
8.39906900931e-12
1.33108052721e-11
3.88974436466e-09
2.51390764574e-06
99.9999999984
99.999999997
99.9999999966
99.999999995
99.9999999855
99.9999999855
99.9999999855
99.9999999855
99.9999999855
99.9999999847
0
0
0
0
0
0
0
0
0
0
0
0
0
0
0
0
0
0
0
0
0
0
0
0
0
0
0
0
0
0
0
0
0
0
0
0
0
0
0
0
0
0
0
0
0
0
0
0
0
0
0
0
0
0
0
0
0
0
0
0
0
0
0
0
0
2.27744775965e-08
99.9999999967
99.999999994
99.999999983
99.9999515307
0
0
0
0
0
0
0
3.22259016199e-12
3.22259016199e-12
3.22259016199e-12
3.58065573555e-12
7.55916210838e-12
8.39906900931e-12
2.60196219326e-09
1.43725269656e-06
99.9999999971
99.999999997
99.9999999967
99.9999999963
99.9999999932
99.9999999855
99.9999999855
99.9999999855
99.9999999855
99.999999986
99.999999986
0
0
0
0
0
0
0
0
0
0
0
0
0
0
0
0
0
0
0
0
0
0
0
0
0
0
0
0
0
0
0
0
0
0
0
0
0
0
0
0
0
0
0
0
0
0
0
0
0
0
0
0
0
0
0
0
0
0
0
0
0
0
0
0
0
2.67965880504e-08
99.9999999959
99.999999979
99.9999261252
0
0
0
0
0
0
0
0
3.22259016199e-12
3.22259016199e-12
3.22259016199e-12
6.80324589754e-12
7.55916210838e-12
2.33643592684e-09
1.16333506169e-06
99.999999997
99.999999997
99.999999997
99.9999999967
99.9999999963
99.9999999882
99.9999999855
99.9999999855
99.9999999855
99.9999999864
99.9999999906
99.9999999919
0
0
0
0
0
0
0
0
0
0
0
0
0
0
0
0
0
0
0
0
0
0
0
0
0
0
0
0
0
0
0
0
0
0
0
0
0
0
0
0
0
0
0
0
0
0
0
0
0
0
0
0
0
0
0
0
0
0
0
0
0
0
0
0
0
1.5566938362e-08
99.9999994356
99.9997881311
0
0
0
0
0
0
0
0
0
0
3.22259016199e-12
9.28646209132e-12
2.7091014945e-11
3.28827452759e-09
1.44642452745e-06
99.9999999967
99.9999999973
99.9999999973
99.999999997
99.9999999967
99.999999996
99.9999999855
99.9999999855
99.9999999855
99.9999999873
99.9999999962
99.9999999998
99.9999999999
1.79809241654e-12
0
0
0
0
0
0
0
0
0
0
0
0
0
0
0
0
0
0
0
0
0
0
0
0
0
0
0
0
0
0
0
0
0
0
0
0
0
0
0
0
0
0
0
0
0
0
0
0
0
0
0
0
0
0
0
0
0
0
0
0
0
0
0
0
0
99.9995078119
0
0
0
0
0
0
0
0
0
0
1.03692209991e-11
1.76442779735e-11
1.76442779735e-11
1.45071590139e-08
2.14879711604e-06
99.9999999963
99.9999999973
99.9999999976
99.9999999973
99.9999999973
99.999999997
99.9999999869
99.9999999855
99.9999999859
99.9999999957
99.9999999995
99.9999999999
99.9999999999
100
100
100
1.0373948515e-11
0
0
0
0
0
0
0
0
0
0
0
0
0
0
0
0
0
0
0
0
0
0
0
0
0
0
0
0
0
0
0
0
0
0
0
0
0
0
0
0
0
0
0
0
0
0
0
0
0
0
0
0
0
0
0
0
0
0
0
0
0
0
0
0
0
0
0
0
0
0
0
0
0
0
2.0853655565e-11
3.66863994504e-09
5.99651547898e-08
3.65990516465e-06
99.9999999959
99.999999997
99.9999999976
99.9999999976
99.9999999976
99.9999999973
99.9999999956
99.9999999871
99.9999999899
99.9999999993
100
100
99.9999999999
99.9999999999
100
100
100
100
100
99.9999999295
0
0
0
0
0
0
0
0
0
0
0
0
0
0
0
0
0
0
0
0
0
0
0
0
0
0
0
0
0
0
0
0
0
0
0
0
0
0
0
0
0
0
0
0
0
0
0
0
0
0
0
0
0
0
0
0
0
0
0
0
0
0
0
0
0
0
0
0
0
0
5.94845308796e-09
1.02134682593e-08
1.57831894772e-08
2.5557459676e-07
83.3228251091
99.9999999949
99.9999999967
99.9999999973
99.9999999976
99.9999999978
99.999999998
99.9999999982
99.9999999988
99.9999999995
100
100
100
100
100
100
100
100
100
100
100
100
100
0.0563919053034
0
0
0
0
0
0
0
0
0
0
0
0
0
0
0
0
0
0
0
0
0
0
0
0
0
0
0
0
0
0
0
0
0
0
0
0
0
0
0
0
0
0
0
0
0
0
0
0
0
0
0
0
0
0
0
0
0
0
0
0
0
0
0
0
0
1.62823782613e-08
2.4213858937e-08
3.39399403856e-08
3.68898734189e-08
3.54488261742e-08
2.28255862164e-07
99.1272178694
99.9999999941
99.9999999963
99.999999997
99.9999999978
99.9999999991
99.9999999994
99.9999999996
99.9999999998
100
100
100
100
100
100
100
100
100
100
100
100
100
100
0.00846403887272
8.84456943306e-07
2.24805786433e-07
4.83472821227e-11
0
0
0
0
0
0
0
0
0
0
0
0
0
0
0
0
0
0
0
0
0
0
0
0
0
0
0
0
0
0
0
0
0
0
0
0
0
0
0
0
0
0
0
0
0
0
0
0
0
0
0
0
0
0
0
0
0
0
0
0
0
0
2.55197785765e-08
4.37646535299e-08
4.28541975431e-08
4.32955465735e-08
4.15849794255e-08
94.7665237119
99.9583765189
99.9999999952
99.999999996
99.9999999968
99.9999999991
99.9999999998
100
100
100
100
100
100
100
100
100
100
100
100
100
100
100
100
100
0.000442942492995
2.20119040089e-07
6.24377141047e-09
4.09239711764e-09
6.93222306996e-09
2.40346202598e-09
2.01140511696e-11
0
0
0
0
0
0
0
0
0
0
0
0
0
0
0
0
0
0
0
0
0
0
0
0
0
0
0
0
0
0
0
0
0
0
0
0
0
0
0
0
0
0
0
0
0
0
0
0
0
0
0
0
0
0
0
0
0
0
0
0
3.92130762777e-08
5.29064167198e-08
5.12967957563e-08
86.7199814376
99.7261073053
99.9999999002
99.999999995
99.9999999959
99.9999999967
99.9999999996
99.9999999998
100
100
100
100
100
100
100
100
100
100
100
100
100
100
100
100
100
0.000160496902253
8.57121756159e-09
5.0566357033e-09
4.54924283914e-09
3.68214612294e-09
3.68102247523e-09
3.30761950826e-09
4.08348087439e-09
1.14764239965e-10
0
0
0
0
0
0
0
0
0
0
0
0
0
0
0
0
0
0
0
0
0
0
0
0
0
0
0
0
0
0
0
0
0
0
0
0
0
0
0
0
0
0
0
0
0
0
0
0
0
0
0
0
0
0
0
0
0
0
0
3.50065549746e-08
65.1321560512
99.293035013
99.9781526136
99.9999996882
99.999999995
99.9999999955
99.9999999975
99.9999999997
99.9999999998
100
100
100
100
100
100
100
100
100
100
100
100
100
100
100
100
92.2687567802
5.38461213335e-05
7.71475930817e-09
5.05871549768e-09
3.68466471299e-09
3.31393151064e-09
2.98162820493e-09
2.98061692199e-09
2.40861890467e-09
2.16311582338e-09
3.30400398445e-09
1.01670000416e-09
0
0
0
0
0
0
0
0
0
0
0
0
0
0
0
0
0
0
0
0
0
0
0
0
0
0
0
0
0
0
0
0
0
0
0
0
0
0
0
0
0
0
0
0
0
0
0
0
0
0
0
0
0
0
0
0
0
0
86.49148285
99.7781469527
99.9944467595
99.9999792886
99.9999999944
99.999999995
99.9999999994
99.9999999997
99.9999999998
99.9999999999
100
100
100
100
100
100
100
100
100
100
100
100
100
100
100
0.00375127474328
1.46138741405e-05
5.62274872628e-09
4.09767301209e-09
3.42541484666e-09
2.98313551204e-09
2.68346538444e-09
2.41338955217e-09
2.17012915937e-09
2.1677570142e-09
1.94680424104e-09
2.16311582338e-09
2.67262770361e-09
2.39348778717e-09
3.06569900466e-11
0
0
0
0
0
0
0
0
0
0
0
0
0
0
0
0
0
0
0
0
0
0
0
0
0
0
0
0
0
0
0
0
0
0
0
0
0
0
0
0
0
0
0
0
0
0
0
0
0
0
0
0
0
0
0
87.5056581115
99.8689979491
99.996356566
99.9999651443
99.9999999931
99.9999999944
99.9999999999
99.9999999998
99.9999999999
99.9999999999
100
100
100
100
100
100
100
100
100
100
100
100
100
100
100
100
2.34013595096e-06
3.68742201738e-09
3.31819612215e-09
2.98589281644e-09
2.68608261604e-09
2.40703931252e-09
2.17205059695e-09
1.95311624343e-09
1.95210496049e-09
1.75475953379e-09
1.75212381694e-09
1.94680424104e-09
1.94509162451e-09
2.40134768457e-09
2.96172643993e-09
5.35748409547e-11
0
0
0
0
0
0
0
0
0
0
0
0
0
0
0
0
0
0
0
0
0
0
0
0
0
0
0
0
0
0
0
0
0
0
0
0
0
0
0
0
0
0
0
0
0
0
0
0
0
0
0
0
0
68.618940391
99.8544421657
99.9973207596
99.9999518225
99.9999999905
99.9999999931
99.9999999979
99.9999999999
99.9999999999
99.9999999999
100
100
100
100
100
100
100
100
100
100
100
100
100
100
100
100
100
2.6873035348e-09
2.6868198413e-09
2.41765416368e-09
2.17540505381e-09
1.95664362967e-09
1.75840177155e-09
1.75780461909e-09
1.58029486335e-09
1.57928358041e-09
1.57928358041e-09
1.57552421585e-09
1.57398286096e-09
1.75058246205e-09
1.94509162451e-09
2.66816409397e-09
6.22064705531e-09
7.22056508857e-11
0
0
0
0
0
0
0
0
0
0
0
0
0
0
0
0
0
0
0
0
0
0
0
0
0
0
0
0
0
0
0
0
0
0
0
0
0
0
0
0
0
0
0
0
0
0
0
0
0
0
0
0
99.4846224793
99.9963564611
99.9999335127
99.9999999855
99.9999999914
99.9999999947
100
99.9999999999
99.9999999999
100
100
100
100
100
100
100
100
100
100
100
100
100
100
100
100
100
100
1.95786454843e-09
1.95738085494e-09
1.76115907595e-09
1.76042185069e-09
1.5838222496e-09
1.44146056827e-09
1.42286252948e-09
1.42135522237e-09
1.27830954549e-09
1.27729826255e-09
1.27492611738e-09
1.41658457487e-09
1.41504321998e-09
1.57398286096e-09
2.16121291612e-09
7.05246881062e-08
2.72970154247e-08
6.61417789564e-11
0
0
0
0
0
0
0
0
0
0
0
0
0
0
0
0
0
0
0
0
0
0
0
0
0
0
0
0
0
0
0
0
0
0
0
0
0
0
0
0
0
0
0
0
0
0
0
0
0
0
10
99.980337295
99.9998874032
99.9999957181
99.9999999869
99.9999999923
99.9999999999
100
99.9999999999
100
100
100
100
100
100
100
100
100
100
100
100
100
100
100
100
100
100
100
1.48220223823e-09
1.42488260861e-09
1.42488260861e-09
1.42488260861e-09
1.281173429e-09
1.2798168526e-09
1.1510757434e-09
1.14956843629e-09
1.14956843629e-09
1.14855715335e-09
1.14743350564e-09
1.14618500819e-09
0.000546568528767
0.00193623062013
0.000750110895224
2.31826721611e-05
1.34803957367e-06
6.4844210522e-08
0
0
0
0
0
0
0
0
0
0
0
0
0
0
0
0
0
0
0
0
0
0
0
0
0
0
0
0
0
0
0
0
0
0
0
0
0
0
0
0
0
0
0
0
0
0
0
0
0
0
96.5663161797
99.9993248449
99.9999830998
99.9999999779
99.9999999882
99.9999999999
100
100
100
100
100
100
100
100
100
100
100
100
100
100
100
100
100
100
100
100
100
100
1.25019675918e-09
1.15309582254e-09
1.15309582254e-09
1.1524323198e-09
1.15161318062e-09
1.03520874513e-09
1.03520874513e-09
1.03370143802e-09
9.29421139571e-10
9.28409856631e-10
9.28409856631e-10
0.0159236604833
99.9999998189
99.9999999044
99.9999999383
0.0269721605453
0.000492188062471
8.98141883878e-06
1.78839471398e-08
0
0
0
0
0
0
0
0
0
0
0
0
0
0
0
0
0
0
0
0
0
0
0
0
0
0
0
0
0
0
0
0
0
0
0
0
0
0
0
0
0
0
0
0
0
0
0
0
0
99.726107255
99.9998986628
99.9999983107
99.9999999821
99.9999999999
99.9999999999
100
100
100
100
100
100
100
100
100
100
100
100
100
100
100
100
100
100
100
100
100
100
1.03704901502e-09
1.03722882426e-09
1.03656532153e-09
9.32285023078e-10
9.31465883897e-10
9.3092844668e-10
8.37076178077e-10
8.35568870968e-10
8.35568870968e-10
8.34557588029e-10
8.34557588029e-10
99.9999965212
99.9999997761
99.9999998816
99.9999999231
100
2.8438632384
0.00265613986604
1.52101296569e-05
1.05286565388e-08
0
0
0
0
0
0
0
0
0
0
0
0
0
0
0
0
0
0
0
0
0
0
0
0
0
0
0
0
0
0
0
0
0
0
0
0
0
0
0
0
0
0
0
0
0
0
0
0
99.9730278394
99.999981222
99.9999999193
99.9999999994
99.9999999999
100
100
100
100
100
100
100
100
100
100
100
100
100
100
100
100
100
100
100
100
100
100
100
8.3891644797e-10
8.38432754475e-10
8.38432754475e-10
8.38432754475e-10
8.37613615294e-10
7.52609136335e-10
7.52011983871e-10
7.51101829226e-10
7.51101829226e-10
7.50090546286e-10
7.51101829226e-10
99.9997093686
99.9999965212
99.999999751
99.9999998684
100
100
37.9404904889
0.00306470106206
7.27493426386e-06
5.05541430656e-09
0
0
0
0
0
0
0
0
0
0
0
0
0
0
0
0
0
0
0
0
0
0
0
0
0
0
0
0
0
0
0
0
0
0
0
0
0
0
0
0
0
0
0
0
0
0
0
99.9978485267
99.9999968684
99.9999999905
99.9999999999
99.9999999999
100
100
100
100
100
100
100
100
100
100
100
100
100
100
100
100
100
100
100
100
100
100
100
7.54449406228e-10
7.53965712732e-10
7.53965712732e-10
7.53965712732e-10
6.95248420231e-10
6.76588798766e-10
6.75991646303e-10
6.75081491657e-10
6.06663187846e-10
6.06663187846e-10
6.06663187846e-10
6.06663187846e-10
99.9998283853
99.9999941079
99.9999995778
99.9999997332
99.9999997605
99.9999995084
13.5453166275
0.00067441189045
7.16364043267e-07
1.4839684126e-09
0
0
0
0
0
0
0
0
0
0
0
0
0
0
0
0
0
0
0
0
0
0
0
0
0
0
0
0
0
0
0
0
0
0
0
0
0
0
0
0
0
0
0
0
0
0
99.9997093679
99.9999998537
99.9999999994
99.9999999999
100
100
100
100
100
100
100
100
100
100
100
100
100
100
100
100
100
100
100
100
100
100
100
100
6.78429068659e-10
6.77945375164e-10
6.77945375164e-10
6.61942358548e-10
6.08170494955e-10
6.08170494955e-10
6.07573342492e-10
5.67719706005e-10
5.45086714416e-10
5.45086714416e-10
5.45086714416e-10
5.45996869061e-10
5.45996869061e-10
99.9995078125
99.9999780615
99.9999952375
99.9999970704
99.9999967227
99.9999967702
0.223934026656
5.90313648029e-05
2.7747831994e-07
0
0
0
0
0
0
0
0
0
0
0
0
0
0
0
0
0
0
0
0
0
0
0
0
0
0
0
0
0
0
0
0
0
0
0
0
0
0
0
0
0
0
0
0
0
14.2787308005
99.9999335127
99.9999999855
99.9999999998
99.9999999999
100
100
100
100
100
100
100
100
100
100
100
100
100
100
100
100
100
100
100
100
100
100
100
100
6.10010764848e-10
6.09527071353e-10
6.09527071353e-10
5.65429156979e-10
5.46594021524e-10
5.45996869061e-10
5.45996869061e-10
4.89667888328e-10
4.89667888328e-10
4.89667888328e-10
4.90578042974e-10
4.90578042974e-10
4.90578042974e-10
4.90578042974e-10
99.9973438607
99.9998748957
99.9999813859
99.999992119
99.9999929748
99.9999937609
0.00446746904298
5.22253538428e-07
2.19463523072e-08
0
0
0
0
0
0
0
0
0
0
0
0
0
0
0
0
0
0
0
0
0
0
0
0
0
0
0
0
0
0
0
0
0
0
0
0
0
0
0
0
0
0
0
0
77.123207545
99.9999863109
99.9999999954
99.9999999999
100
100
100
100
100
100
100
100
100
100
100
100
100
100
100
100
100
100
100
100
100
100
100
100
100
5.48434291417e-10
5.47950597922e-10
5.47950597922e-10
5.1384031235e-10
4.91175195437e-10
4.90578042974e-10
4.90578042974e-10
4.3979094485e-10
4.3979094485e-10
4.40701099496e-10
4.40701099496e-10
3.95811850365e-10
3.95811850365e-10
3.95811850365e-10
4.40701099496e-10
99.6581037074
99.9993249233
99.9999090214
99.9999744668
99.9999814996
2.38140085028
5.20954834125e-07
5.80281709365e-07
8.21372624106e-09
0
0
0
0
0
0
0
0
0
0
0
0
0
0
0
0
0
0
0
0
0
0
0
0
0
0
0
0
0
0
0
0
0
0
0
0
0
0
0
0
0
0
0
99.2144832789
99.9999974634
99.9999999997
99.9999999999
100
100
100
100
100
100
100
100
100
100
100
100
100
100
100
100
100
100
100
100
100
100
100
100
100
4.9301546533e-10
4.92531771835e-10
4.92531771835e-10
4.86174517995e-10
4.41298251959e-10
4.40701099496e-10
4.40701099496e-10
4.14440144783e-10
3.95811850365e-10
3.95811850365e-10
3.7880740036e-10
3.55411526147e-10
3.55411526147e-10
3.55411526147e-10
3.55411526147e-10
3.95811850365e-10
1.45175908552e-08
99.9955020061
99.9995572555
99.9998876807
99.9999338934
4.70029571805e-07
7.1640290192e-07
8.84445912721e-07
1.08181297278e-09
0
0
0
0
0
0
0
0
0
0
0
0
0
0
0
0
0
0
0
0
0
0
0
0
0
0
0
0
0
0
0
0
0
0
0
0
0
0
0
0
0
0
99.9436079127
99.9999999779
99.9999999998
99.9999999999
100
100
100
100
100
100
100
100
100
100
100
100
100
100
100
100
100
100
100
100
100
100
100
100
100
4.43138521852e-10
4.42654828357e-10
4.42654828357e-10
4.42654828357e-10
4.33915976895e-10
3.95811850365e-10
3.95811850365e-10
3.95811850365e-10
3.55411526147e-10
3.55411526147e-10
3.55411526147e-10
3.19051234351e-10
3.19051234351e-10
3.19051234351e-10
3.14931151158e-10
3.19051234351e-10
2.83797583724e-09
8.70915506904e-08
2.24810557081e-07
0.0537640534088
0.0434275940905
4.71055542168e-07
6.44762611728e-07
1.21324358184e-06
2.28293506608e-06
0
0
0
0
0
0
0
0
0
0
0
0
0
0
0
0
0
0
0
0
0
0
0
0
0
0
0
0
0
0
0
0
0
0
0
0
0
0
0
0
0
0
99.996720815
99.9999999882
99.9999999999
100
100
100
100
100
100
100
100
100
100
100
100
100
100
100
100
100
100
100
100
100
100
100
100
100
100
4.20431172437e-10
4.13704600958e-10
3.99940942934e-10
3.97765579226e-10
3.95811850365e-10
3.95811850365e-10
3.55411526147e-10
3.55411526147e-10
3.55411526147e-10
3.19051234351e-10
3.19051234351e-10
2.86326971735e-10
2.86326971735e-10
2.5687513538e-10
2.5687513538e-10
2.5687513538e-10
3.11283722105e-10
1.45181282924e-08
1.19470730246e-07
2.24812004673e-07
3.80725501882e-07
5.22259850431e-07
7.1640820264e-07
1.09191922365e-06
2.28294292598e-06
5.87171301409e-06
0
0
0
0
0
0
0
0
0
0
0
0
0
0
0
0
0
0
0
0
0
0
0
0
0
0
0
0
0
0
0
0
0
0
0
0
0
0
0
0
0
99.9998093163
99.9999999996
99.9999999999
100
100
100
100
100
100
100
100
100
100
100
100
100
100
100
100
100
100
100
100
100
100
100
100
100
100
3.97339118075e-10
3.97765579226e-10
3.97765579226e-10
3.87100950108e-10
3.60522344907e-10
3.55411526147e-10
3.55411526147e-10
3.19436718688e-10
3.16122660071e-10
2.99249733929e-10
2.86326971735e-10
2.5687513538e-10
2.5687513538e-10
2.30368482661e-10
2.06512495214e-10
2.07049932431e-10
2.30905919878e-10
2.68400282166e-09
2.45918858293e-08
7.0543137132e-08
2.0233003881e-07
3.80726412037e-07
6.44767919813e-07
1.02697664377e-06
1.84918377005e-06
1.36891218029e-05
9.39140344968e-05
0
0
0
0
0
0
0
0
0
0
0
0
0
0
0
0
0
0
0
0
0
0
0
0
0
0
0
0
0
0
0
0
0
0
0
0
0
0
0
0
99.9999847898
99.9999999998
100
100
100
100
100
100
100
100
100
100
100
100
100
100
100
100
100
100
100
100
100
100
100
100
100
100
100
3.76965311768e-10
3.73901284138e-10
3.63131609818e-10
3.55978035612e-10
3.54024306751e-10
3.47865909139e-10
3.16122660071e-10
3.16122660071e-10
2.86298779282e-10
2.84939752339e-10
2.5687513538e-10
2.47733038679e-10
2.30368482661e-10
2.07049932431e-10
1.85579543728e-10
1.66256193896e-10
1.71126972162e-10
2.30905919878e-10
6.24521900233e-09
1.61321040976e-08
3.37365707147e-08
1.19470730246e-07
2.77547480153e-07
5.22260387868e-07
1.09192088474e-06
1.23202119719e-05
1.84916867031e-06
0
0
0
0
0
0
0
0
0
0
0
0
0
0
0
0
0
0
0
0
0
0
0
0
0
0
0
0
0
0
0
0
0
0
0
0
0
0
0
0
99.9999999365
99.9999999999
100
100
100
100
100
100
100
100
100
100
100
100
100
100
100
100
100
100
100
100
100
100
100
100
100
100
100
3.63591502044e-10
3.55067880966e-10
3.53526526082e-10
3.50737575139e-10
3.36769230475e-10
3.16122660071e-10
3.15212505425e-10
2.89727877053e-10
2.81476959869e-10
2.52025123515e-10
2.54476633045e-10
2.30905919878e-10
2.07049932431e-10
1.85579543728e-10
1.48865179047e-10
1.33213265683e-10
1.33213265683e-10
1.66256193896e-10
1.20319006607e-09
5.05717314052e-09
9.52271177765e-09
1.61321040976e-08
3.03621482477e-08
1.19470730246e-07
2.77546569998e-07
4.70027180668e-07
4.23011748121e-07
99.9999732896
0
0
0
0
0
0
0
0
0
0
0
0
0
0
0
0
0
0
0
0
0
0
0
0
0
0
0
0
0
0
0
0
0
0
0
0
0
0
0
99.9999999992
100
100
100
100
100
100
100
100
100
100
100
100
100
100
100
100
100
100
100
100
100
100
100
100
100
100
100
100
6.42258098004e-06
3.48574439324e-10
3.43472773093e-10
3.34790191505e-10
3.19616798037e-10
3.16569081823e-10
2.97531900565e-10
2.82014397086e-10
2.65808172831e-10
2.52562560731e-10
2.26966062658e-10
2.04448200065e-10
1.84192324332e-10
1.648689745e-10
1.31826046287e-10
1.0280654845e-10
9.50382489875e-11
1.19126543655e-10
1.93420849942e-10
1.39797261041e-09
2.85046520803e-09
4.73926863982e-09
6.94057981668e-09
1.05822384559e-08
1.61321040976e-08
7.55239458684e-08
1.32737171495e-07
1.47471952124e-07
99.9999927215
0
0
0
0
0
0
0
0
0
0
0
0
0
0
0
0
0
0
0
0
0
0
0
0
0
0
0
0
0
0
0
0
0
0
0
0
0
98.8027484817
99.9999999997
100
100
100
100
100
100
100
100
100
100
100
100
100
100
100
100
100
100
100
100
100
100
100
100
100
100
100
100
82.7027202646
3.42968838922e-10
3.37638818755e-10
3.28667649485e-10
3.17166234286e-10
3.04965097623e-10
2.82833536267e-10
2.78896762375e-10
2.52562560731e-10
2.40361320782e-10
2.26055908012e-10
2.01861577754e-10
1.80391189052e-10
1.62079122159e-10
1.16602823999e-10
4.55336733732e-11
5.29847646985e-11
8.1173870753e-11
1.33213265683e-10
2.76213787221e-10
6.77945375164e-10
1.1524323198e-09
1.75975834795e-09
2.41625343568e-09
3.31597625497e-09
4.55128758347e-09
1.05807311488e-08
1.05727065299e-08
99.9999937369
2.78228733315
0
0
0
0
0
0
0
0
0
0
0
0
0
0
0
0
0
0
0
0
0
0
0
0
0
0
0
0
0
0
0
0
0
0
0
0
99.9997881292
100
100
100
100
100
100
100
100
100
100
100
100
100
100
100
100
100
100
100
100
100
100
100
100
100
100
100
100
100
6.95164765333e-08
3.503232079e-10
3.37056005009e-10
3.28924384735e-10
3.0894254182e-10
2.94079506808e-10
2.82186995113e-10
2.65842505689e-10
2.52562560731e-10
2.26055908012e-10
2.15393313083e-10
2.01861577754e-10
1.80391189052e-10
1.61067839219e-10
1.36947332731e-10
2.88140248338e-11
1.13751180528e-11
1.2194257234e-11
1.43085986393e-11
1.53894445974e-11
6.24024951456e-11
1.12577017004e-10
1.7058806786e-10
3.21488656707e-10
4.43138521852e-10
6.10010764848e-10
6.77609929478e-10
5.44086373445e-10
1.26244270131e-09
99.9999999032
0
0
0
0
0
0
0
0
0
0
0
0
0
0
0
0
0
0
0
0
0
0
0
0
0
0
0
0
0
0
0
0
0
0
0
0
99.9999999988
100
100
100
100
100
100
100
100
100
100
100
100
100
100
100
100
100
100
100
100
100
100
100
100
100
100
100
100
100
2.80927554696e-09
0.0059338626799
3.45466070754e-10
3.24542299214e-10
3.05008213451e-10
2.91187505402e-10
2.78381034424e-10
2.56895454449e-10
2.50015200581e-10
2.25626549737e-10
2.0446634343e-10
2.0046287186e-10
1.78146631228e-10
1.57423368767e-10
1.35533007681e-10
9.21334122664e-11
1.2194257234e-11
1.2677950729e-11
1.32751031921e-11
1.53894445974e-11
1.53894445974e-11
1.77387128255e-11
2.32493420025e-11
2.71354349012e-11
3.54318222726e-11
6.30231133146e-11
7.88274434459e-11
1.09011981706e-10
8.34467228773e-10
2.0457164995e-08
0
0
0
0
0
0
0
0
0
0
0
0
0
0
0
0
0
0
0
0
0
0
0
0
0
0
0
0
0
0
0
0
0
0
0
1.13458967981e-12
100
100
100
100
100
100
100
100
100
100
100
100
100
100
100
100
100
100
100
100
100
100
100
100
100
100
100
100
100
100
4.54984930025e-09
3.72344422836e-08
99.0404222951
99.9992122104
3.03828808399e-10
2.90762304377e-10
2.73964631546e-10
2.52704097458e-10
2.43504669856e-10
2.26110243232e-10
2.01389297031e-10
1.87323867373e-10
1.73937614288e-10
1.5049352582e-10
1.22320758701e-10
9.34204165856e-11
1.07750434643e-11
1.2677950729e-11
1.32751031921e-11
1.32751031921e-11
1.53894445974e-11
1.53894445974e-11
2.03490108567e-11
2.46500700023e-11
3.14533158998e-11
4.47641211719e-11
6.30231133146e-11
9.83389621265e-11
7.55850134227e-10
1.42025358018e-09
1.13458967981e-12
0
0
0
0
0
0
0
0
0
0
0
0
0
0
0
0
0
0
0
0
0
0
0
0
0
0
0
0
0
0
0
0
0
0
99.9999863109
100
100
100
100
100
100
100
100
100
100
100
100
100
100
100
100
100
100
100
100
100
100
100
100
100
100
100
100
100
100
6.96944058787e-06
6.18292675305e-09
7.91773836422e-08
8.92597337918e-07
95.8436991691
99.9999861893
99.9994026871
85.1357852753
2.39292549116e-10
2.25291104051e-10
2.0002038363e-10
1.81228073373e-10
1.72372259095e-10
1.49583371175e-10
1.21410604055e-10
9.34204165856e-11
9.7637605246e-12
1.07750434643e-11
1.2677950729e-11
1.2677950729e-11
1.2677950729e-11
1.47922921343e-11
2.03490108567e-11
2.44218914111e-11
2.83079843098e-11
3.58671464182e-11
5.67208019831e-11
7.09446991013e-11
1.10184531115e-10
1.36513978822e-10
1.1754293212e-08
0
0
0
0
0
0
0
0
0
0
0
0
0
0
0
0
0
0
0
0
0
0
0
0
0
0
0
0
0
0
0
0
0
0
100
100
100
100
100
100
100
100
100
100
100
100
100
100
100
100
100
100
100
100
100
100
100
100
100
100
100
100
100
100
100
)
;

boundaryField
{
    frontAndBack
    {
        type            empty;
    }
    leftWall
    {
        type            calculated;
        value           uniform 0;
    }
    outlet
    {
        type            calculated;
        value           uniform 0;
    }
    rightWall
    {
        type            calculated;
        value           uniform 0;
    }
    inlet
    {
        type            calculated;
        value           uniform 1.60659096698e-06;
    }
}


// ************************************************************************* //
