/*--------------------------------*- C++ -*----------------------------------*\
| =========                 |                                                 |
| \\      /  F ield         | OpenFOAM: The Open Source CFD Toolbox           |
|  \\    /   O peration     | Version:  v1906                                 |
|   \\  /    A nd           | Web:      www.OpenFOAM.com                      |
|    \\/     M anipulation  |                                                 |
\*---------------------------------------------------------------------------*/
FoamFile
{
    version     2.0;
    format      ascii;
    class       volScalarField;
    location    "200";
    object      alpha;
}
// * * * * * * * * * * * * * * * * * * * * * * * * * * * * * * * * * * * * * //

dimensions      [0 0 -1 0 0 0 0];


internalField   nonuniform List<scalar> 
9216
(
148.388929075
199.999999578
199.999999613
199.999999613
199.999999613
199.999999639
199.999999639
199.999999639
199.999999639
199.999999639
199.999999639
199.999999604
199.9999996
199.999999504
199.999999504
199.999999504
199.99999956
199.999999587
199.999999605
199.999999605
199.999999584
199.999999484
199.999999484
199.999999484
199.999999484
199.999999484
199.999999456
199.999999387
199.999999343
199.999999307
199.999999286
199.999999179
199.999999291
199.999999337
199.999999338
199.99999943
199.999999432
199.999999432
199.999999432
199.999999432
199.999999432
199.999999406
199.999999379
199.999999338
199.999999342
199.999999348
199.999999348
199.999999348
199.999999348
199.999999331
199.999999348
199.99999937
199.999999395
199.999999421
199.999999432
199.999999426
199.99999939
199.999999328
199.999999264
199.999999131
199.999998966
199.999998811
199.999998676
199.999998545
199.99999827
199.999998059
199.999997984
199.999997734
199.999997419
199.999997212
199.999996782
199.999996125
199.999995639
199.999995464
199.999994956
199.999993731
199.999991737
199.999989141
199.999985125
199.999957112
199.999837021
199.999712027
199.999519045
199.998837554
199.995228856
199.961893007
197.776011922
173.00622308
141.080132579
113.376636265
87.9131428682
66.448682408
47.5620810347
30.1887249776
16.7008779569
2.2239944527
199.999999567
199.99999962
199.999999639
199.999999639
199.999999639
199.999999639
199.999999613
199.999999613
199.999999613
199.999999613
199.999999613
199.999999613
199.999999563
199.999999507
199.999999507
199.999999507
199.999999563
199.999999563
199.999999533
199.999999583
199.999999583
199.9999995
199.9999995
199.999999462
199.999999424
199.999999424
199.999999424
199.999999424
199.999999409
199.99999934
199.999999271
199.999999271
199.999999271
199.999999271
199.999999271
199.999999271
199.999999271
199.999999209
199.999999209
199.999999209
199.999999154
199.999999154
199.999999154
199.999999154
199.99999906
199.99999906
199.99999906
199.99999906
199.99999906
199.99999906
199.99999906
199.99999906
199.999998936
199.999998917
199.999998917
199.999998917
199.999998761
199.999998678
199.999998597
199.999998348
199.999998056
199.999997786
199.999997518
199.99999723
199.999997157
199.999996785
199.999996342
199.999995866
199.999996043
199.999996534
199.999996441
199.999995769
199.99999512
199.999994683
199.999994062
199.999992688
199.999990587
199.999989766
199.999988916
199.999983497
199.999944685
199.999816288
199.999715543
199.999446675
199.99866755
199.9946482
199.91559537
184.042460852
156.248081699
126.059007097
99.4528648225
78.8036650406
60.6251924435
40.2723433204
26.5256856226
18.5652477217
199.999999613
199.999999665
199.999999649
199.999999649
199.999999613
199.999999613
199.999999613
199.999999613
199.999999613
199.999999613
199.999999583
199.999999583
199.999999583
199.999999583
199.9999995
199.9999995
199.9999995
199.9999995
199.9999995
199.9999995
199.9999995
199.9999995
199.9999995
199.999999424
199.999999424
199.99999934
199.999999284
199.999999216
199.999999216
199.999999216
199.999999154
199.999999154
199.99999906
199.99999906
199.99999906
199.99999906
199.99999906
199.99999906
199.99999906
199.99999906
199.99999906
199.99999906
199.999998955
199.999998955
199.999998812
199.999998683
199.999998683
199.999998683
199.999998408
199.999998408
199.999998408
199.999998408
199.999998408
199.999998408
199.999998408
199.999998408
199.999998408
199.999998403
199.999998359
199.999998156
199.999997827
199.999997533
199.999997258
199.9999969
199.999996442
199.999995943
199.999995405
199.999994822
199.999994295
199.999993706
199.999992863
199.999991493
199.999990434
199.999990925
199.999990486
199.999987981
199.999984226
199.999980156
199.99997224
199.999921736
199.999796417
199.999721952
199.999615103
199.999337071
199.998629319
199.994207737
199.640098803
182.086430903
159.412632154
128.486410704
100.67475057
81.8986052021
60.4835046122
46.6413427055
40.6502389698
28.6323409268
199.999999639
199.999999649
199.999999649
199.999999649
199.999999613
199.999999613
199.999999613
199.999999613
199.999999583
199.999999583
199.999999583
199.999999583
199.999999583
199.9999995
199.9999995
199.9999995
199.9999995
199.9999995
199.9999995
199.9999995
199.9999995
199.999999445
199.999999369
199.999999369
199.999999284
199.999999216
199.999999154
199.999999154
199.99999906
199.99999906
199.99999906
199.99999906
199.99999906
199.99999906
199.99999906
199.99999906
199.999998955
199.999998955
199.999998955
199.999998955
199.999998696
199.999998567
199.999998408
199.999998408
199.999998408
199.999998408
199.999998408
199.999998408
199.999998408
199.999998231
199.999998231
199.999998231
199.999998231
199.999998231
199.999998231
199.999998231
199.999998231
199.999998231
199.999998231
199.9999982
199.999997898
199.999997617
199.999997379
199.999997016
199.999996511
199.999996006
199.999995413
199.999994729
199.999994048
199.999993369
199.9999926
199.999991445
199.999989755
199.999988146
199.99998755
199.999984166
199.99997956
199.999973935
199.999953804
199.999873276
199.999743628
199.999580343
199.999309748
199.998966625
199.998007301
199.989990867
199.365199906
181.701532491
153.455464589
131.450023042
108.840739689
81.5480609909
70.197143143
59.5316094123
53.837110522
41.0751530017
199.999999639
199.999999649
199.999999649
199.999999616
199.999999613
199.999999613
199.999999613
199.999999583
199.999999583
199.999999583
199.999999583
199.999999583
199.9999995
199.9999995
199.9999995
199.9999995
199.9999995
199.9999995
199.9999995
199.999999445
199.999999445
199.999999445
199.999999369
199.999999284
199.999999154
199.999999154
199.99999906
199.99999906
199.99999906
199.99999906
199.99999906
199.99999906
199.999998955
199.999998955
199.999998955
199.999998955
199.999998955
199.999998839
199.999998567
199.999998408
199.999998408
199.999998408
199.999998408
199.999998408
199.999998231
199.999998231
199.999998231
199.999998231
199.999998231
199.999998231
199.999998231
199.999998035
199.999998035
199.999998035
199.999998035
199.999998035
199.999998035
199.999997816
199.999997816
199.999997816
199.999997339
199.999996994
199.999996556
199.999995715
199.999995163
199.999994666
199.999994099
199.999993338
199.999992603
199.999992283
199.999991325
199.999989596
199.999988322
199.999987613
199.999985212
199.99998116
199.999976316
199.999974742
199.99995579
199.999871461
199.999736129
199.999589741
199.999329196
199.999068748
199.997454468
199.975820098
196.375772434
171.767392087
158.024608757
135.937107873
114.078643832
95.4128285115
75.8904636556
73.7410644631
70.9171693679
58.0759763119
199.999999639
199.999999649
199.999999649
199.999999613
199.999999613
199.999999613
199.999999583
199.999999583
199.999999583
199.999999583
199.999999583
199.99999955
199.9999995
199.9999995
199.9999995
199.9999995
199.9999995
199.999999445
199.999999445
199.999999445
199.999999445
199.999999369
199.999999284
199.999999154
199.99999906
199.99999906
199.99999906
199.99999906
199.99999906
199.99999906
199.999998955
199.999998955
199.999998955
199.999998955
199.999998955
199.999998839
199.999998567
199.999998408
199.999998408
199.999998408
199.999998408
199.999998231
199.999998231
199.999998231
199.999998231
199.999998231
199.999998231
199.999998035
199.999998035
199.999998035
199.999998035
199.999997816
199.999997816
199.999997816
199.999997573
199.999997573
199.999997304
199.999997304
199.999997304
199.999997004
199.999996512
199.999995636
199.999995152
199.999994456
199.999993822
199.999993822
199.999993771
199.999992875
199.999992426
199.999991776
199.999990751
199.999989425
199.999987912
199.99998661
199.999983564
199.999978285
199.999972133
199.999964581
199.999929437
199.999807922
199.999661798
199.999483776
199.999406342
199.998861168
199.997240322
199.968291869
195.831474338
178.263003487
156.385766127
132.579385353
120.838610636
106.351221275
92.4414847446
88.5256646875
87.8334976875
74.7372866863
199.999999639
199.999999649
199.999999649
199.999999613
199.999999613
199.999999583
199.999999583
199.999999583
199.999999583
199.999999583
199.999999583
199.9999995
199.9999995
199.9999995
199.9999995
199.999999445
199.999999445
199.999999445
199.999999445
199.999999445
199.999999445
199.999999284
199.999999154
199.99999906
199.99999906
199.99999906
199.99999906
199.99999906
199.999998955
199.999998955
199.999998955
199.999998955
199.999998955
199.999998839
199.999998839
199.999998567
199.999998408
199.999998408
199.999998408
199.999998231
199.999998231
199.999998231
199.999998231
199.999998231
199.999998035
199.999998035
199.999998035
199.999998035
199.999997816
199.999997816
199.999997816
199.999997573
199.999997573
199.999997304
199.999997304
199.999997004
199.999997004
199.999997004
199.999997004
199.999994974
199.999993822
199.999993452
199.999992268
199.999992268
199.999992268
199.999992268
199.999991408
199.999991408
199.999991408
199.999991194
199.99999026
199.999989057
199.999987563
199.999985477
199.999982052
199.999976639
199.999969991
199.999960609
199.9999048
199.999765115
199.999634217
199.999513891
199.999308819
199.998445384
199.994607848
199.891020402
197.332139352
180.604323539
160.598902588
142.751622884
126.841209514
118.402133231
112.948927877
104.420454121
104.340540092
91.1755340276
199.999999639
199.999999649
199.999999649
199.999999613
199.999999613
199.99999962
199.99999962
199.999999583
199.999999583
199.999999583
199.999999583
199.9999995
199.9999995
199.999999445
199.999999445
199.999999445
199.999999445
199.999999445
199.999999445
199.999999445
199.999999369
199.999999216
199.99999906
199.99999906
199.99999906
199.99999906
199.99999906
199.999998955
199.999998955
199.999998955
199.999998955
199.999998955
199.999998839
199.99999871
199.999998567
199.999998408
199.999998408
199.999998408
199.999998231
199.999998231
199.999998231
199.999998231
199.999998035
199.999998035
199.999998035
199.999998035
199.999997816
199.999997816
199.999997816
199.999997573
199.999997573
199.999997304
199.999997304
199.999997004
199.999997004
199.999997004
199.999996671
199.999996202
199.999993452
199.999993041
199.999992268
199.999992268
199.999991408
199.999991408
199.999990454
199.999990454
199.999989393
199.999989393
199.999989393
199.999988215
199.999988215
199.999987447
199.99998579
199.999983194
199.999979287
199.999973937
199.999965161
199.999945409
199.999860808
199.999727566
199.999639212
199.999543824
199.999185617
199.998310926
199.99321373
199.949352976
198.583301658
179.35856517
159.210025396
151.670193448
139.208860273
131.064016832
128.758003921
120.294145295
120.701766775
107.78725503
199.999999665
199.999999649
199.999999649
199.999999649
199.99999962
199.99999962
199.99999962
199.999999583
199.999999583
199.999999583
199.999999533
199.9999995
199.999999445
199.999999445
199.999999445
199.999999445
199.999999445
199.999999445
199.999999445
199.999999445
199.999999284
199.999999154
199.99999906
199.99999906
199.99999906
199.99999906
199.999998955
199.999998955
199.999998955
199.999998955
199.999998955
199.999998839
199.99999871
199.999998567
199.999998408
199.999998408
199.999998408
199.999998231
199.999998231
199.999998231
199.999998231
199.999998035
199.999998035
199.999998035
199.999998035
199.999997816
199.999997816
199.999997573
199.999997573
199.999997304
199.999997304
199.999997004
199.999997004
199.999997004
199.999996671
199.999996671
199.999994604
199.999993041
199.999992268
199.999992268
199.999991408
199.999990454
199.999990454
199.999989393
199.999989393
199.999988215
199.999988215
199.999986905
199.999986905
199.999986905
199.99998545
199.999985436
199.999984367
199.999981513
199.999977283
199.999972432
199.99996075
199.999913751
199.99984524
199.999725067
199.999588608
199.999473959
199.999025853
199.998085528
199.994937321
199.968492097
199.375728204
182.442568574
168.586250675
156.401875961
149.184422238
146.839930799
141.203759262
140.259442021
136.870613526
124.556707493
199.999999676
199.999999649
199.999999649
199.999999649
199.99999962
199.99999962
199.99999962
199.999999583
199.999999583
199.999999583
199.999999533
199.9999995
199.999999445
199.999999445
199.999999445
199.999999445
199.999999445
199.999999445
199.999999445
199.999999369
199.999999154
199.99999906
199.99999906
199.99999906
199.99999906
199.999998955
199.999998955
199.999998955
199.999998955
199.999998955
199.999998839
199.99999871
199.999998567
199.999998408
199.999998408
199.999998408
199.999998231
199.999998231
199.999998231
199.999998035
199.999998035
199.999998035
199.999998035
199.999997816
199.999997816
199.999997816
199.999997573
199.999997573
199.999997304
199.999997304
199.999997004
199.999997004
199.999996671
199.999996671
199.999996671
199.999993452
199.999992268
199.999992268
199.999991408
199.999991408
199.999990454
199.999989393
199.999988215
199.999988215
199.999986905
199.999986905
199.99998545
199.99998545
199.999983833
199.999983833
199.999983833
199.999983833
199.999981811
199.999979504
199.99997516
199.999970764
199.999955331
199.999900942
199.999806426
199.999707934
199.999588595
199.99946278
199.999004355
199.998231442
199.99439886
199.966855609
199.580354313
190.99084481
180.859881507
170.028508002
162.018932227
157.67399867
160.606206835
159.24880835
153.632015743
142.079381822
199.999999676
199.999999649
199.999999649
199.999999649
199.99999962
199.99999962
199.99999962
199.999999583
199.999999583
199.999999583
199.999999533
199.999999445
199.999999445
199.999999445
199.999999445
199.999999445
199.999999445
199.999999445
199.999999445
199.999999222
199.999999154
199.99999906
199.99999906
199.99999906
199.999998955
199.999998955
199.999998955
199.999998955
199.999998839
199.999998839
199.99999871
199.999998567
199.999998408
199.999998408
199.999998408
199.999998231
199.999998231
199.999998231
199.999998035
199.999998035
199.999998035
199.999998035
199.999997816
199.999997816
199.999997573
199.999997573
199.999997304
199.999997304
199.999997304
199.999997004
199.999997004
199.999996671
199.999996671
199.999996302
199.999993041
199.999992268
199.999991408
199.999991408
199.999990454
199.999989393
199.999989393
199.999988215
199.999986905
199.99998545
199.99998545
199.999983833
199.999983833
199.999982037
199.999982037
199.999982037
199.999980041
199.999980041
199.999980041
199.999976521
199.999972738
199.999968326
199.999947944
199.9998846
199.999780608
199.999715703
199.999587683
199.99939311
199.999064998
199.998297862
199.994795837
199.979817048
199.880871006
198.914027611
191.05306925
183.292283007
177.494590759
173.353582982
173.276741244
173.912142169
171.092890408
157.623085738
199.999999676
199.999999649
199.999999649
199.999999649
199.99999962
199.99999962
199.99999962
199.999999583
199.999999583
199.999999533
199.9999995
199.999999445
199.999999445
199.999999445
199.999999445
199.999999445
199.999999445
199.999999445
199.999999307
199.999999154
199.99999906
199.99999906
199.99999906
199.999998955
199.999998955
199.999998955
199.999998955
199.999998839
199.999998839
199.999998839
199.999998567
199.999998567
199.999998408
199.999998408
199.999998231
199.999998231
199.999998231
199.999998035
199.999998035
199.999998035
199.999997816
199.999997816
199.999997816
199.999997573
199.999997573
199.999997304
199.999997304
199.999997004
199.999997004
199.999997004
199.999996671
199.999996671
199.999996302
199.999993041
199.999992268
199.999991408
199.999991408
199.999990454
199.999989393
199.999988215
199.999986905
199.999986905
199.99998545
199.999983833
199.999983833
199.999982037
199.999982037
199.999980041
199.999980041
199.999977824
199.999977824
199.99997536
199.999975185
199.999970499
199.999967542
199.99996037
199.99993176
199.999854805
199.999756025
199.999656105
199.999576211
199.999440167
199.999011849
199.998257698
199.99652569
199.989644472
199.95769905
199.816352551
199.136706069
195.577591976
191.771209248
189.161387032
185.173866844
187.278921385
184.513381406
170.770849927
199.999999721
199.999999694
199.999999649
199.999999649
199.99999962
199.99999962
199.99999962
199.999999583
199.999999583
199.999999533
199.9999995
199.999999445
199.999999445
199.999999445
199.999999445
199.999999445
199.999999445
199.999999383
199.999999222
199.999999154
199.99999906
199.99999906
199.99999906
199.999998955
199.999998955
199.999998955
199.999998839
199.999998839
199.999998839
199.99999871
199.999998567
199.999998408
199.999998408
199.999998231
199.999998231
199.999998231
199.999998035
199.999998035
199.999998035
199.999997816
199.999997816
199.999997816
199.999997573
199.999997573
199.999997304
199.999997304
199.999997004
199.999997004
199.999997004
199.999996671
199.999996671
199.999996302
199.999993041
199.999992268
199.999991408
199.999990454
199.999989393
199.999989393
199.999988215
199.999986905
199.99998545
199.999983833
199.999983833
199.999982037
199.999980041
199.999980041
199.999977824
199.999977824
199.99997536
199.99997233
199.999971947
199.999967468
199.999967365
199.999967299
199.99996507
199.999951899
199.999889764
199.999815174
199.999744456
199.999705227
199.99959906
199.999393282
199.998991162
199.998555972
199.996928515
199.993173246
199.981860569
199.954358222
199.869549681
199.652782497
199.43471514
198.818997181
198.052926515
195.688696127
197.294422881
182.33942488
199.999999721
199.999999694
199.999999694
199.999999649
199.99999962
199.99999962
199.99999962
199.999999583
199.999999583
199.999999533
199.9999995
199.999999445
199.999999445
199.999999445
199.999999445
199.999999445
199.999999383
199.999999383
199.999999154
199.999999154
199.99999906
199.99999906
199.999998955
199.999998955
199.999998955
199.999998839
199.999998839
199.999998839
199.99999871
199.999998567
199.999998408
199.999998408
199.999998231
199.999998231
199.999998231
199.999998035
199.999998035
199.999998035
199.999997816
199.999997816
199.999997816
199.999997573
199.999997573
199.999997304
199.999997304
199.999997004
199.999997004
199.999996671
199.999996671
199.999996671
199.999996302
199.999993497
199.999992268
199.999991408
199.999990454
199.999989393
199.999988215
199.999986905
199.999986905
199.99998545
199.999983833
199.999982037
199.99998157
199.999980041
199.999977824
199.99997536
199.999972811
199.999972108
199.99996624
199.999964797
199.999958354
199.999958874
199.999961594
199.999961126
199.999940861
199.999919134
199.999881415
199.999828491
199.999765264
199.999681908
199.999553845
199.999386563
199.999183984
199.998660928
199.997714123
199.995864406
199.992594288
199.983215799
199.962808959
199.928505824
199.899171026
199.855969501
199.789087722
199.688657269
199.78712046
193.138285502
199.999999721
199.999999694
199.999999694
199.999999649
199.99999962
199.99999962
199.99999962
199.999999583
199.999999583
199.999999533
199.9999995
199.999999445
199.999999445
199.999999445
199.999999445
199.999999383
199.999999383
199.999999239
199.999999154
199.99999906
199.99999906
199.99999906
199.999998955
199.999998955
199.999998839
199.999998839
199.999998839
199.99999871
199.999998567
199.999998567
199.999998408
199.999998231
199.999998231
199.999998231
199.999998035
199.999998035
199.999998035
199.999997816
199.999997816
199.999997573
199.999997573
199.999997573
199.999997304
199.999997304
199.999997004
199.999997004
199.999996671
199.999996671
199.999996302
199.999996302
199.999995891
199.999992268
199.999991408
199.999990454
199.999989393
199.999988215
199.999986905
199.99998545
199.999983833
199.999983833
199.999982037
199.999980041
199.999977824
199.99997536
199.999972622
199.99996958
199.999966194
199.999956818
199.99995155
199.999940346
199.999943313
199.999947451
199.9999491
199.999932604
199.999924038
199.999908442
199.999877036
199.999832466
199.999772273
199.999685115
199.999576591
199.99945274
199.999228507
199.998949931
199.998304617
199.997575859
199.995294387
199.992179696
199.986134199
199.978453989
199.969805141
199.960195586
199.948867117
199.935230911
199.937144491
199.300236693
199.999999721
199.999999734
199.999999694
199.999999694
199.999999633
199.99999962
199.99999962
199.99999962
199.999999533
199.9999995
199.9999995
199.999999445
199.999999445
199.999999445
199.999999445
199.999999383
199.999999383
199.999999239
199.999999154
199.99999906
199.99999906
199.999998955
199.999998955
199.999998955
199.999998839
199.999998839
199.99999871
199.999998567
199.999998567
199.999998408
199.999998408
199.999998231
199.999998231
199.999998035
199.999998035
199.999998035
199.999997816
199.999997816
199.999997573
199.999997573
199.999997304
199.999997304
199.999997304
199.999997004
199.999997004
199.999996671
199.999996671
199.999996302
199.999996302
199.999995891
199.999992268
199.999991408
199.999990454
199.999989393
199.999988215
199.999986905
199.99998545
199.999983833
199.999982037
199.999980041
199.999977824
199.99997536
199.999971852
199.99996958
199.9999662
199.999957246
199.999948007
199.999936614
199.999915915
199.999919045
199.999926317
199.999911568
199.999913262
199.999916528
199.999910495
199.999890472
199.999858071
199.999821849
199.999774732
199.999703411
199.999592922
199.999489342
199.999349321
199.999080629
199.998798261
199.998020322
199.997100139
199.995307805
199.993027632
199.991560351
199.987356003
199.983719169
199.981494919
199.978128347
199.975080363
199.855391085
199.999999721
199.999999734
199.999999734
199.999999694
199.999999665
199.99999962
199.99999962
199.99999962
199.999999533
199.9999995
199.9999995
199.999999445
199.999999445
199.999999445
199.999999383
199.999999383
199.999999315
199.999999154
199.999999154
199.99999906
199.99999906
199.999998955
199.999998955
199.999998839
199.999998839
199.99999871
199.999998567
199.999998567
199.999998408
199.999998408
199.999998231
199.999998231
199.999998035
199.999998035
199.999998035
199.999997816
199.999997816
199.999997573
199.999997573
199.999997304
199.999997304
199.999997004
199.999997004
199.999997004
199.999996671
199.999996671
199.999996302
199.999996302
199.999995891
199.999993041
199.999991408
199.999990454
199.999989393
199.999988215
199.99998545
199.999983833
199.999982037
199.999980041
199.999977824
199.999972622
199.9999662
199.999961549
199.999950098
199.999943997
199.999941965
199.999935203
199.999922312
199.999908525
199.999893402
199.999900014
199.999895608
199.999891217
199.999893665
199.999899927
199.999887334
199.999816663
199.999781396
199.999747556
199.999701753
199.999649255
199.99958352
199.999559177
199.999449874
199.999260065
199.998965325
199.998608621
199.997727864
199.997164476
199.996485078
199.995365852
199.993925268
199.992173833
199.991005162
199.990247792
199.988536821
199.954306236
199.999999761
199.999999734
199.999999734
199.999999734
199.999999705
199.999999665
199.99999962
199.99999962
199.999999533
199.9999995
199.999999445
199.999999445
199.999999445
199.999999445
199.999999383
199.999999383
199.999999239
199.999999154
199.99999906
199.99999906
199.999998955
199.999998955
199.999998839
199.999998839
199.99999871
199.99999871
199.999998567
199.999998408
199.999998408
199.999998231
199.999998231
199.999998035
199.999998035
199.999998035
199.999997816
199.999997816
199.999997573
199.999997573
199.999997304
199.999997304
199.999997004
199.999997004
199.999997004
199.999996671
199.999996671
199.999996302
199.999996302
199.999995891
199.999994927
199.999991408
199.999990454
199.999989393
199.999986905
199.99998545
199.999983833
199.999980041
199.999977824
199.999891724
199.999817593
199.999782786
199.999774806
199.999794129
199.999802656
199.999809458
199.99980552
199.999809089
199.999808067
199.999820253
199.999832969
199.999854109
199.999852532
199.999830633
199.999849858
199.999845915
199.999817466
199.999777699
199.999747007
199.999714409
199.999675193
199.999636246
199.999585147
199.999518115
199.999481731
199.999366641
199.999187035
199.998803425
199.998492509
199.998294842
199.997664672
199.997085233
199.996283385
199.995603082
199.99465315
199.994463096
199.993927132
199.98198659
199.999999761
199.999999734
199.999999734
199.999999734
199.999999705
199.999999705
199.99999962
199.999999583
199.9999995
199.9999995
199.999999445
199.999999445
199.999999445
199.999999383
199.999999383
199.999999315
199.999999239
199.999999154
199.99999906
199.99999906
199.999998955
199.999998955
199.999998839
199.99999871
199.99999871
199.999998567
199.999998408
199.999998408
199.999998231
199.999998231
199.999998035
199.999998035
199.999997816
199.999997816
199.999997816
199.999997573
199.999997573
199.999997304
199.999997304
199.999997004
199.999997004
199.999996671
199.999996671
199.999996671
199.999996302
199.999996302
199.999995891
199.999995434
199.999991408
199.999990454
199.999989377
199.999986905
199.99998545
199.999982037
199.999972238
199.999589281
199.999354151
199.99928239
199.99928239
199.99928239
199.999287031
199.999354151
199.999450651
199.999508853
199.999609951
199.999642446
199.999710725
199.999689318
199.9997271
199.999738988
199.999763882
199.999774022
199.999759963
199.999786324
199.999748012
199.999705104
199.99972428
199.999682684
199.999644509
199.999611242
199.999563636
199.99950651
199.999438574
199.999452659
199.999318099
199.999047189
199.998884181
199.998545859
199.998136577
199.997753396
199.997480429
199.997087601
199.996671991
199.996359145
199.996245092
199.991222318
199.999999761
199.999999734
199.999999734
199.999999734
199.999999705
199.999999705
199.999999665
199.999999583
199.9999995
199.9999995
199.999999445
199.999999445
199.999999445
199.999999383
199.999999315
199.999999239
199.999999154
199.999999154
199.99999906
199.999998955
199.999998955
199.999998839
199.999998839
199.99999871
199.999998567
199.999998567
199.999998408
199.999998231
199.999998231
199.999998035
199.999998035
199.999997816
199.999997816
199.999997573
199.999997573
199.999997573
199.999997304
199.999997304
199.999997004
199.999997004
199.999996671
199.999996671
199.999996302
199.999996302
199.999996302
199.999995891
199.999995434
199.999992268
199.999990454
199.999988215
199.999986905
199.999983833
199.999837907
199.999153905
199.998906249
199.998784721
199.998658192
199.998692088
199.998784721
199.998784721
199.998906249
199.998906249
199.999015624
199.999114061
199.999185293
199.999297146
199.999374445
199.999482022
199.999595041
199.999660795
199.999648278
199.999622999
199.999664101
199.99968696
199.999688627
199.999695652
199.999625948
199.999592263
199.999621297
199.999584988
199.999536928
199.999492799
199.999509221
199.999442384
199.999350371
199.999164513
199.999049266
199.998807784
199.998569049
199.998357884
199.998109089
199.997955422
199.997681428
199.997378383
199.997336021
199.994588992
199.999999761
199.999999734
199.999999734
199.999999734
199.999999705
199.999999705
199.999999665
199.999999583
199.9999995
199.9999995
199.999999445
199.999999445
199.999999383
199.999999383
199.999999315
199.999999239
199.999999154
199.99999906
199.99999906
199.999998955
199.999998839
199.999998839
199.99999871
199.999998567
199.999998567
199.999998408
199.999998231
199.999998231
199.999998035
199.999998035
199.999997816
199.999997816
199.999997573
199.999997573
199.999997304
199.999997304
199.999997004
199.999997004
199.999997004
199.999996671
199.999996671
199.999996302
199.999996302
199.999995891
199.999995891
199.999995434
199.999993737
199.999990454
199.999988215
199.99998545
199.999982037
199.998906249
199.998499655
199.99833295
199.99833295
199.99833295
199.99833295
199.99833295
199.99833295
199.99833295
199.998499655
199.998499655
199.99864969
199.99864969
199.998784721
199.998906249
199.999015624
199.9991688
199.999206793
199.999302357
199.999450709
199.999524694
199.999583734
199.999614982
199.999601665
199.99956771
199.999548987
199.999595791
199.999540749
199.999563575
199.999510419
199.999470227
199.999406208
199.999420083
199.999368215
199.999221613
199.999144207
199.998968592
199.998852704
199.998730624
199.99856935
199.998366099
199.998204267
199.998018747
199.997904703
199.996198442
199.999999761
199.999999734
199.999999734
199.999999734
199.999999705
199.999999705
199.999999665
199.99999955
199.9999995
199.9999995
199.999999445
199.999999445
199.999999383
199.999999315
199.999999239
199.999999154
199.999999154
199.99999906
199.999998955
199.999998955
199.999998839
199.99999871
199.999998567
199.999998567
199.999998408
199.999998231
199.999998231
199.999998035
199.999998035
199.999997816
199.999997816
199.999997573
199.999997573
199.999997304
199.999997304
199.999997004
199.999997004
199.999996671
199.999996671
199.999996302
199.999996302
199.999996302
199.999995891
199.999995434
199.999995434
199.999994363
199.999990454
199.999988215
199.99998545
199.999175535
199.99833295
199.998147723
199.998147723
199.998147723
199.998147723
199.998147723
199.998147723
199.998147723
199.998147723
199.998147723
199.998147723
199.99833295
199.99833295
199.99833295
199.99833295
199.998499655
199.99864969
199.99865885
199.998906249
199.999001738
199.999095392
199.999231963
199.999417498
199.999531225
199.999508654
199.999436941
199.999516954
199.999532088
199.999521754
199.999479047
199.999480594
199.99943302
199.999374728
199.99941056
199.999351912
199.999240303
199.9991843
199.999044572
199.999021054
199.998949324
199.998843673
199.998693574
199.998554677
199.998391727
199.998219948
199.99696986
199.999999761
199.999999734
199.999999734
199.999999734
199.999999705
199.999999705
199.999999665
199.99999955
199.9999995
199.9999995
199.999999445
199.999999445
199.999999383
199.999999315
199.999999239
199.999999154
199.99999906
199.999998955
199.999998955
199.999998839
199.99999871
199.99999871
199.999998567
199.999998408
199.999998231
199.999998231
199.999998035
199.999998035
199.999997816
199.999997573
199.999997573
199.999997304
199.999997304
199.999997004
199.999997004
199.999996671
199.999996671
199.999996671
199.999996302
199.999996302
199.999995891
199.999995891
199.999995434
199.999994927
199.999994363
199.999991408
199.999988215
199.999983833
199.99864969
199.997941914
199.997941914
199.997941914
199.997941914
199.997941914
199.997941914
199.998147723
199.998147723
199.998147723
199.998147723
199.998147723
199.998147723
199.998147723
199.998147723
199.998147723
199.998147723
199.998147723
199.99833295
199.99833295
199.998499655
199.998601123
199.998784721
199.99899904
199.999050493
199.999051794
199.999259653
199.999448987
199.999470125
199.999422175
199.999487101
199.999447414
199.999378345
199.9994001
199.999348594
199.999371893
199.999299856
199.999226384
199.999204062
199.999112614
199.999169706
199.999093818
199.999004613
199.998877089
199.998777277
199.998573342
199.998401078
199.997329504
199.999999761
199.999999734
199.999999734
199.999999734
199.999999705
199.999999705
199.999999595
199.99999955
199.9999995
199.9999995
199.999999445
199.999999383
199.999999315
199.999999239
199.999999154
199.99999906
199.99999906
199.999998955
199.999998839
199.99999871
199.99999871
199.999998567
199.999998408
199.999998231
199.999998231
199.999998035
199.999997816
199.999997816
199.999997573
199.999997573
199.999997304
199.999997004
199.999997004
199.999996671
199.999996671
199.999996671
199.999996302
199.999996302
199.999995891
199.999995891
199.999995434
199.999995434
199.999994927
199.999993737
199.999991408
199.999988215
199.999982037
199.99833295
199.997661759
199.996988976
199.997713238
199.997941914
199.997941914
199.997941914
199.997941914
199.998147723
199.998147723
199.998147723
199.998147723
199.998147723
199.998147723
199.998147723
199.998147723
199.998147723
199.998147723
199.998147723
199.998147723
199.998147723
199.998147723
199.99833295
199.99833295
199.998499655
199.99864969
199.998847261
199.999005965
199.999106888
199.999331164
199.999430451
199.999368663
199.999287969
199.999384668
199.999295175
199.999304584
199.999235319
199.999284962
199.999223345
199.999222227
199.999248856
199.999223881
199.999162141
199.999062658
199.998954749
199.998805404
199.99868179
199.998508002
199.997496353
199.999999761
199.999999734
199.999999734
199.999999734
199.999999705
199.999999705
199.99999955
199.99999955
199.9999995
199.999999445
199.999999445
199.999999383
199.999999315
199.999999239
199.999999154
199.99999906
199.999998955
199.999998839
199.99999871
199.99999871
199.999998567
199.999998408
199.999998231
199.999998035
199.999998035
199.999997816
199.999997573
199.999997573
199.999997304
199.999997304
199.999997004
199.999996671
199.999996671
199.999996671
199.999996302
199.999996302
199.999995891
199.999995891
199.999995434
199.999995434
199.999994927
199.999994363
199.999993737
199.999991408
199.999988215
199.999982037
199.998499655
199.997713238
199.996514613
199.997389758
199.997713238
199.997941914
199.997941914
199.998147723
199.998147723
199.998147723
199.998147723
199.998147723
199.998147723
199.998147723
199.998147723
199.998147723
199.998147723
199.998147723
199.997941914
199.997941914
199.997941914
199.997941914
199.997941914
199.998147723
199.998147723
199.998147723
199.99833295
199.998499655
199.99875019
199.998885626
199.998983103
199.999136777
199.999235929
199.999340157
199.99923732
199.999273186
199.999170599
199.999248406
199.999298861
199.999204463
199.999215242
199.999288317
199.999177469
199.999125377
199.999044677
199.998947867
199.998760592
199.980260422
199.94413118
199.923670199
199.999999761
199.999999734
199.999999734
199.999999734
199.999999705
199.999999705
199.99999955
199.9999995
199.9999995
199.999999445
199.999999383
199.999999315
199.999999239
199.999999154
199.99999906
199.999998955
199.999998839
199.99999871
199.999998567
199.999998408
199.999998231
199.999998231
199.999998035
199.999997816
199.999997816
199.999997573
199.999997304
199.999997304
199.999997004
199.999996671
199.999996671
199.999996302
199.999996302
199.999995891
199.999995891
199.999995434
199.999995434
199.999994927
199.999994927
199.999994363
199.999993737
199.999993041
199.999991408
199.999988215
199.999982037
199.998906249
199.997713238
199.996514613
199.996514613
199.997459153
199.997713238
199.997941914
199.998147723
199.998147723
199.99833295
199.99833295
199.99833295
199.99833295
199.99833295
199.99833295
199.99833295
199.998147723
199.998147723
199.998147723
199.998147723
199.997941914
199.997941914
199.997941914
199.997941914
199.997941914
199.997941914
199.997941914
199.998147723
199.998147723
199.99833295
199.998499655
199.998763292
199.998880531
199.999012095
199.999122627
199.999235013
199.999200074
199.999240819
199.999263665
199.999266868
199.999106806
199.999155584
199.999216402
199.99905566
199.99901755
199.99896407
199.936766619
199.78816631
199.634445253
199.514056488
199.496566831
199.999999761
199.999999734
199.999999734
199.999999734
199.999999705
199.999999672
199.99999955
199.9999995
199.999999445
199.999999445
199.999999315
199.999999239
199.999999154
199.99999906
199.999998955
199.999998839
199.99999871
199.999998567
199.999998408
199.999998231
199.999998035
199.999997816
199.999997816
199.999997573
199.999997304
199.999997004
199.999997004
199.999996671
199.999996671
199.999996302
199.999995891
199.999995891
199.999995434
199.999995434
199.999994927
199.999994927
199.999994363
199.999994363
199.999993737
199.999993041
199.999992268
199.999990454
199.999986905
199.999982037
199.999576258
199.997941914
199.996863152
199.996514613
199.996514613
199.997459153
199.997941914
199.998147723
199.99833295
199.998499655
199.998499655
199.99864969
199.99864969
199.99864969
199.99864969
199.998499655
199.998499655
199.998499655
199.99833295
199.99833295
199.998147723
199.998147723
199.998147723
199.997941914
199.997941914
199.997941914
199.997941914
199.997941914
199.997941914
199.997941914
199.998147723
199.99833295
199.998499655
199.998683831
199.998786094
199.998946152
199.999078054
199.9991724
199.999214685
199.999145096
199.999090976
199.999033065
199.999104417
199.999000191
199.998879519
199.998867619
199.807724285
199.478094622
199.089410787
198.719598943
198.378128298
198.330187718
199.999999761
199.999999734
199.999999734
199.999999734
199.999999705
199.999999595
199.9999995
199.9999995
199.999999445
199.999999383
199.999999239
199.99999906
199.999998955
199.999998839
199.99999871
199.999998567
199.999998408
199.999998231
199.999998035
199.999997816
199.999997573
199.999997304
199.999997304
199.999997004
199.999996671
199.999996671
199.999996302
199.999995891
199.999995891
199.999995434
199.999995434
199.999994927
199.999994927
199.999994363
199.999994363
199.999993737
199.999993041
199.999993041
199.999992268
199.999991408
199.999989393
199.999986905
199.999982037
199.999962444
199.99864969
199.997176837
199.996514613
199.996514613
199.996514613
199.997713238
199.998147723
199.99833295
199.99864969
199.998784721
199.998906249
199.999015624
199.999015624
199.999015624
199.999015624
199.998906249
199.998906249
199.998784721
199.99864969
199.998499655
199.998368359
199.99833295
199.998147723
199.998147723
199.998147723
199.997941914
199.997941914
199.997941914
199.997941914
199.997941914
199.997941914
199.998096212
199.998147723
199.99833295
199.998638814
199.998797283
199.998851355
199.998992034
199.999083633
199.999115543
199.99897985
199.99901426
199.999000784
199.998721432
199.99870401
199.72485289
199.135187
198.316571365
197.126619156
196.176376736
195.552617768
195.74471817
199.999999761
199.999999734
199.999999734
199.999999705
199.999999665
199.99999955
199.9999995
199.999999445
199.999999315
199.999999154
199.99999906
199.999998839
199.99999871
199.999998408
199.999998231
199.999998035
199.999997816
199.999997573
199.999997304
199.999997004
199.999996671
199.999996671
199.999996302
199.999995891
199.999995891
199.999995434
199.999995434
199.999994927
199.999994927
199.999994363
199.999994363
199.999993737
199.999993737
199.999993041
199.999992268
199.999992268
199.999991408
199.999990454
199.999989393
199.999988215
199.99998545
199.999980041
199.99996958
199.999741755
199.998147723
199.996863152
199.996514613
199.996514613
199.996514613
199.997941914
199.99833295
199.998736701
199.999015624
199.999114061
199.999202655
199.99928239
199.99928239
199.999354151
199.99928239
199.99928239
199.999202655
199.999114061
199.99900597
199.998893866
199.998695675
199.998559351
199.998499655
199.99833295
199.998147723
199.998147723
199.997941914
199.997941914
199.997941914
199.997941914
199.997941914
199.997941914
199.997941914
199.998147723
199.99833295
199.998635427
199.998778341
199.998805789
199.998917588
199.998949263
199.998888821
199.998848015
199.998708337
199.99860092
199.795940366
198.9789486
197.38599193
195.465903784
193.862707124
192.631238687
191.814427598
192.332043378
199.999999761
199.999999734
199.999999734
199.999999665
199.99999955
199.9999995
199.999999383
199.99999906
199.999998839
199.999997304
199.99995122
199.999936399
199.999942759
199.999958271
199.99996958
199.999980041
199.99998545
199.999989393
199.999991408
199.999993737
199.999994363
199.999994363
199.999994363
199.999994363
199.999993737
199.999993737
199.999993041
199.999993041
199.999993041
199.999992268
199.999992268
199.999991408
199.999991408
199.999990454
199.999990454
199.999989393
199.999988215
199.999986905
199.99998545
199.999982037
199.999977824
199.99996958
199.999936399
199.999114061
199.997459153
199.996514613
199.996514613
199.996514613
199.996863152
199.998147723
199.998784721
199.999015624
199.99928239
199.999418736
199.999476862
199.999576258
199.999618633
199.999618633
199.999618633
199.999576258
199.999529176
199.999418736
199.999354151
199.999144224
199.999031466
199.998863978
199.998784721
199.99864969
199.99833295
199.99833295
199.998147723
199.997941914
199.997941914
199.997941914
199.997941914
199.997941914
199.997941914
199.997941914
199.998147723
199.99833295
199.998591642
199.998656636
199.998574978
199.998696861
199.998689499
199.998693015
199.99847728
199.988988235
199.242632537
197.139425055
194.311886665
191.774961225
189.610353661
187.763997755
186.520495287
187.453544061
199.999999761
199.999999734
199.999999649
5.00244046248e-07
0
0
0
0
0
0
0
0
0
0
0
0
0
0
0
0
0
0
91.9453694236
199.999418736
199.999817593
199.999912755
199.999953635
199.99997536
199.999986905
199.999988215
199.999988215
199.999988215
199.999986905
199.999986905
199.99998545
199.99998545
199.999983833
199.999982037
199.999977824
199.99997536
199.9999662
199.999948483
199.999867025
199.99864969
199.997176837
199.996514613
199.996514613
199.996514613
199.997176837
199.998499655
199.999114061
199.999354151
199.999529176
199.999656769
199.999749785
199.999774806
199.999797326
199.999812696
199.999817593
199.999797326
199.999797326
199.999774806
199.999779788
199.999746511
199.999565121
199.999274308
199.999112809
199.998780984
199.998784721
199.998499655
199.99833295
199.998147723
199.997971745
199.997941914
199.997941914
199.997713238
199.997713238
199.997941914
199.997941914
199.998142015
199.99825829
199.998394622
199.998353514
199.998435858
199.998424305
199.998407981
199.99853993
199.850678667
198.134032176
194.274133954
190.481095027
186.71602023
183.503558525
181.166836809
179.679803823
181.232815859
6.22795418329e-08
3.27787062278e-08
0
0
0
0
0
0
0
0
0
0
0
0
0
0
0
0
0
0
0
0
0
0
0
0
0
0
0
199.99833295
199.999656769
199.99985225
199.999912755
199.999948483
199.99996958
199.999972622
199.999972622
199.99996958
199.9999662
199.999958271
199.999942759
199.999903061
199.999749785
199.998499655
199.996863152
199.996514613
199.996514613
199.996863152
199.997713238
199.999015624
199.999354151
199.999656769
199.999797326
199.99985225
199.999880323
199.999892291
199.999903061
199.999912755
199.999912755
199.999912755
199.999908213
199.999914145
199.999928769
199.99995246
199.999953635
199.999948483
199.999583158
199.999135213
199.998956569
199.99861755
199.99864969
199.99833295
199.998147723
199.997941914
199.997941914
199.997910697
199.997713238
199.997713238
199.997941914
199.997933319
199.998026839
199.998113074
199.998220032
199.998158095
199.998093232
199.998295927
199.998026545
199.689343503
196.175802955
190.947968538
185.14181605
180.145464905
176.290888279
173.527283102
171.765826929
173.890840812
0
0
0
0
0
0
0
0
0
0
0
0
0
0
0
0
0
0
0
0
0
0
0
0
0
0
0
0
0
0
0
0
0
0
199.999114061
199.999691092
199.999817593
199.999880323
199.999903061
199.999903061
199.999880323
199.999817593
199.999618633
199.998784721
199.996514613
199.996514613
199.996514613
199.996863152
199.998636081
199.999529176
199.999817593
199.999903061
199.999929332
199.999942759
199.999948483
199.999953635
199.999953635
199.999953635
199.999953635
199.999958271
199.999963268
199.999962911
199.99996958
199.9999662
199.9999662
199.999958271
199.9999234
199.999596241
199.999159267
199.998946299
199.998615669
199.998592437
199.99833295
199.998147723
199.997941914
199.997941914
199.997713238
199.997713238
199.997713238
199.997928286
199.997801918
199.997827781
199.99801757
199.997975423
199.997864732
199.997754581
199.997636222
199.676783305
194.286831199
186.433919239
178.742476929
172.441156098
167.799083219
164.762176595
163.112340941
159.403968043
0
0
0
0
0
0
0
0
0
0
0
0
0
0
0
0
0
0
0
0
0
0
0
0
0
0
0
0
0
0
0
0
0
0
0
0
0
99.5309379035
199.999354151
199.999656769
199.999691092
199.999656769
199.999418736
199.998784721
199.996514613
199.996127348
199.996514613
199.997459153
199.999774806
199.999948483
199.999962444
199.99996696
199.999972622
199.99997536
199.99997536
199.99997536
199.99997536
199.99997461
199.999972622
199.99996958
199.999976447
199.999980041
199.999977824
199.999977824
199.999972622
199.9999662
199.999940321
199.999847232
199.999586285
199.999214971
199.998885954
199.998595807
199.998560315
199.99833295
199.998147723
199.997941914
199.997941914
199.997713238
199.997713238
199.997683945
199.997759882
199.997759195
199.997757603
199.997599125
199.997452917
199.997060385
199.996803337
199.908859457
192.655384208
181.7332215
172.17929699
163.923213239
158.413408524
154.885573914
151.841476565
137.317635446
0
0
0
0
0
0
0
0
0
0
0
0
0
0
0
0
0
0
0
0
0
0
0
0
0
0
0
0
0
0
0
0
0
0
0
0
0
0
0
0
0
199.999015624
199.999114061
199.99864969
199.994097467
199.995218948
199.99718089
199.999993041
199.999993737
199.999994363
199.999994363
199.999994927
199.999994927
199.999993041
199.999992268
199.999992268
199.999991408
199.999989393
199.999988215
199.999986905
199.999986377
199.999984714
199.99998545
199.999983833
199.999982037
199.99997536
199.999940312
199.999901924
199.999765458
199.999522588
199.999186181
199.998917822
199.998677023
199.998606999
199.99833295
199.998147723
199.997941914
199.997713238
199.997713238
199.997648197
199.997360631
185.936270799
199.336471668
199.991999957
199.996407972
199.995232555
199.985858632
199.907173077
188.020403203
168.721052268
152.363957577
137.95972099
129.694388501
125.92525337
122.418878691
111.328552981
0
0
0
0
0
0
0
0
0
0
0
0
0
0
0
0
0
0
0
0
0
0
0
0
0
0
0
0
0
0
0
0
0
0
0
0
0
0
0
0
0
0
0
199.988893343
199.996520572
199.997132308
199.999993737
199.999994363
199.999994927
199.999994927
199.999995434
199.999995434
199.999995434
199.999995891
199.999995891
199.999995891
199.999995434
199.999993737
199.999993041
199.999993041
199.99999025
199.999988476
199.999991408
199.999989393
199.999986905
199.999983833
199.99995326
199.999927184
199.999842686
199.999665838
199.999442755
199.999053926
199.998746504
199.998465735
199.998412763
199.998147723
199.997941914
199.997941914
199.997713238
199.997628464
176.82300336
47.2909687316
164.975595402
199.078734846
199.754057378
199.761890288
199.427353766
196.510849503
174.792495481
150.563956411
129.782754988
108.179610146
95.0917063911
91.4581571814
90.8580528517
81.8628383563
0
0
0
0
0
0
0
0
0
0
0
0
0
0
0
0
0
0
0
0
0
0
0
0
0
0
0
0
0
0
0
0
0
0
0
0
0
0
0
0
0
0
0
0
0
0.00910130268024
199.999994363
199.999994927
199.999994927
199.999995434
199.999995434
199.999995891
199.999995891
199.999995891
199.999996302
199.999996302
199.999996302
199.999996302
199.999995891
199.999995891
199.999994363
199.999993415
199.999993041
199.999993041
199.999991408
199.999989393
199.999970521
199.999945713
199.99988743
199.999773996
199.999577387
199.999274098
199.998874325
199.998505428
199.998267471
199.998268182
199.998147723
199.997941914
199.997713238
199.997545944
199.974187412
38.0872079638
0.847290156938
163.804924077
198.553503312
198.83906956
198.273502703
194.010432316
170.447514849
135.624658494
101.359544574
73.2212417663
51.4085371884
47.2453613662
61.1168978265
51.7757616516
0
0
0
0
0
0
0
0
0
0
0
0
0
0
0
0
0
0
0
0
0
0
0
0
0
0
0
0
0
0
0
0
0
0
0
0
0
0
0
0
0
0
0
0
0
0
0
0.00084885371233
199.999995434
199.999995891
199.999995891
199.999995891
199.999996302
199.999996302
199.999996302
199.999996302
199.999996302
199.999996302
199.999996302
199.999996302
199.999996302
199.999995891
199.999994363
199.999993737
199.999993041
199.999992268
199.999973384
199.999961799
199.999929332
199.999833241
199.999703859
199.999446154
199.999111023
199.998767699
199.998458614
199.998282302
199.998147723
199.997941914
199.997707874
199.997431211
199.996288933
194.479836236
0.10570928989
0.325223464841
166.54477629
197.675094864
197.500708462
194.227106343
169.553117052
132.999489412
83.5436143819
37.7366505307
22.9908447
20.7447320869
24.2987816513
23.496286017
0
0
0
0
0
0
0
0
0
0
0
0
0
0
0
0
0
0
0
0
0
0
0
0
0
0
0
0
0
0
0
0
0
0
0
0
0
0
0
0
0
0
0
0
0
0
0
0
0
3.82901455892e-05
199.999835919
199.999996302
199.999996302
199.999996671
199.999996671
199.999996671
199.999996671
199.999996671
199.999996671
199.999996671
199.999996671
199.999996671
199.999996302
199.999995891
199.999994363
199.999993737
199.999978519
199.99996958
199.999942759
199.999891593
199.999784238
199.999619578
199.999335858
199.998963688
199.998651774
199.998375995
199.998272325
199.998147723
199.997940574
199.997452716
199.996211607
199.943412417
182.754181786
0.0260197364867
0.230189528208
173.234918935
196.490727517
194.9943573
179.586906824
139.38454402
82.681039671
20.3099679663
11.3025033868
12.2435907394
11.1696221018
11.036096376
0
0
0
0
0
0
0
0
0
0
0
0
0
0
0
0
0
0
0
0
0
0
0
0
0
0
0
0
0
0
0
0
0
0
0
0
0
0
0
0
0
0
0
0
0
0
0
0
0
4.56592813879e-07
8.0870568202e-06
194.481457227
199.999996671
199.999996671
199.999996671
199.999996671
199.999997004
199.999997004
199.999997004
199.999997004
199.999997004
199.999996671
199.999996671
199.999996671
199.999996302
199.999994363
199.999978448
199.999977824
199.999953635
199.99992148
199.999839318
199.999707913
199.99953345
199.999240262
199.998948859
199.998458722
199.99831081
199.998147723
199.997941914
199.997535555
199.996361254
199.988553798
199.622139775
150.364734943
0.0118262925162
34.0108768785
185.794276293
194.82532832
186.952298527
153.856910082
97.1344819663
13.046646806
5.52191013766
5.88180506261
6.99099672704
5.91402045424
0
0
0
0
0
0
0
0
0
0
0
0
0
0
0
0
0
0
0
0
0
0
0
0
0
0
0
0
0
0
0
0
0
0
0
0
0
0
0
0
0
0
0
0
0
0
0
0
0
0
4.10933532491e-07
2.30838670632e-06
4.30368227485e-05
199.998355894
199.999997004
199.999997004
199.999997004
199.999997004
199.999997004
199.999997004
199.999997004
199.999997004
199.999997004
199.999997004
199.999996671
199.999996491
199.999985371
199.999976864
199.999962444
199.999931142
199.999880323
199.99979644
199.999638959
199.999411967
199.999040816
199.998652546
199.998266479
199.998032917
199.99787241
199.997533184
199.996782179
199.993535508
199.976406391
198.547420779
115.172458094
11.6314327727
119.261476725
187.532379941
190.800455701
168.735769133
117.929165142
36.2330086308
3.01178246744
2.78558627791
3.40803532653
3.21060377119
0
0
0
0
0
0
0
0
0
0
0
0
0
0
0
0
0
0
0
0
0
0
0
0
0
0
0
0
0
0
0
0
0
0
0
0
0
0
0
0
0
0
0
0
0
0
0
0
0
0
0
3.69840179242e-07
1.57022268693e-06
2.15854623129e-05
175.701081676
199.999997304
199.999997304
199.999997304
199.999997304
199.999997304
199.999997304
199.999997304
199.999997004
199.999997004
199.999997004
199.999995372
199.99999333
199.999988268
199.9999662
199.999942759
199.999892291
199.999797326
199.999691092
199.999529176
199.999268574
199.998957536
199.99854389
199.998319196
199.997940709
199.997615812
199.997358808
199.996120159
199.992875772
199.949568244
196.796538366
100.01976102
108.58401818
163.097538222
180.404408715
179.539832611
139.229927639
63.5749059318
1.78749118579
1.4287110925
2.16939362111
1.82699635007
0
0
0
0
0
0
0
0
0
0
0
0
0
0
0
0
0
0
0
0
0
0
0
0
0
0
0
0
0
0
0
0
0
0
0
0
0
0
0
0
0
0
0
0
0
0
0
0
0
0
0
0
7.0269634056e-07
1.57022268693e-06
1.72626427401e-05
0.000179710756303
199.999997304
199.999997304
199.999997304
199.999997304
199.999997304
199.999997304
199.999997304
199.999997304
199.999997004
199.999997004
199.999993453
199.999987974
199.99996958
199.999948483
199.999903061
199.999817593
199.999691092
199.999529176
199.999354151
199.999114061
199.998784721
199.99833295
199.998147723
199.997713238
199.997713238
199.997358689
199.996453851
199.99375747
199.892140101
188.563638409
139.962249731
165.55276962
175.364835161
166.525172884
147.634611178
89.8553015076
0.917638809857
0.557373260216
1.0871226699
1.13334274292
0
0
0
0
0
0
0
0
0
0
0
0
0
0
0
0
0
0
0
0
0
0
0
0
0
0
0
0
0
0
0
0
0
0
0
0
0
0
0
0
0
0
0
0
0
0
0
0
0
0
0
0
0
6.32426706504e-07
1.00226688575e-06
1.72626427401e-05
0.00020024780215
199.999997573
199.999997573
199.999997573
199.999997573
199.999997573
199.999997304
199.999997304
199.999997304
199.999997304
199.999996137
199.999990493
199.999972622
199.999948483
199.999912755
199.999817593
199.999691092
199.999529176
199.999354151
199.999114061
199.998784721
199.99833295
199.998147723
199.997941914
199.997713238
199.997713238
199.997627418
199.997246907
199.99473041
199.799078139
188.849511325
174.669460722
176.910332655
169.543021448
143.270743176
91.1754259412
0.741633103087
0.166589818897
0.293239390498
0.713629753737
0
0
0
0
0
0
0
0
0
0
0
0
0
0
0
0
0
0
0
0
0
0
0
0
0
0
0
0
0
0
0
0
0
0
0
0
0
0
0
0
0
0
0
0
0
0
0
0
0
0
0
0
0
2.99570545186e-07
5.69184035854e-07
9.02040197172e-07
1.92933053776e-05
0.00022360304061
199.999997573
199.999997573
199.999997573
199.999997573
199.999997573
199.999997573
199.999997304
199.999996893
199.999995692
199.999935541
199.999937884
199.999945426
199.999912755
199.999817593
199.999691092
199.999529176
199.999354151
199.999114061
199.998784721
199.998499655
199.998147723
199.997941914
199.997713238
199.997713238
199.997713238
199.997713238
199.997863143
199.995315049
199.580703041
190.497528423
179.288230318
167.317774324
139.65724745
87.4169075532
2.49516571294
0.0466622628141
0.0803494349312
0.394009191711
0
0
0
0
0
0
0
0
0
0
0
0
0
0
0
0
0
0
0
0
0
0
0
0
0
0
0
0
0
0
0
0
0
0
0
0
0
0
0
0
0
0
0
0
0
0
0
0
0
0
0
0
0
0
2.69613490668e-07
5.69184035854e-07
4.91282087666e-06
3.43433218292e-05
0.000306723802675
180.696538847
199.999997816
199.999997446
199.999997204
199.999996793
199.999978377
199.999535736
199.999244543
199.999202443
199.999423815
199.999715663
199.999880563
199.999797326
199.999656769
199.999529176
199.99928239
199.999114061
199.998784721
199.998499655
199.998147723
199.997941914
199.997713238
199.997713238
199.997713238
199.997713238
199.997941914
199.998213222
199.994911958
198.919952474
188.022621738
166.811508451
132.211364325
68.096623628
1.29545002818
0.0817865213912
0.011497042145
0.0686419892374
0
0
0
0
0
0
0
0
0
0
0
0
0
0
0
0
0
0
0
0
0
0
0
0
0
0
0
0
0
0
0
0
0
0
0
0
0
0
0
0
0
0
0
0
0
0
0
0
0
0
0
0
0
0
2.69613490668e-07
2.69613490668e-07
5.12265632268e-07
9.34086205269e-06
8.39471514566e-05
0.000519840355768
179.365967708
199.999997113
199.999996703
199.999655489
199.998473625
199.998041065
199.997786904
199.997791217
199.998041303
199.998640235
199.999529624
199.999774806
199.999618633
199.999476862
199.99928239
199.999015624
199.998667288
199.99833295
199.998147723
199.997941914
199.997713238
199.997713238
199.997713238
199.997827052
199.997941914
199.998310405
199.998568009
199.986249558
196.097981399
169.97333812
116.188602609
8.84990337948
1.04049681293
0.45914614098
1.54998944719
18.6660444642
0
0
0
0
0
0
0
0
0
0
0
0
0
0
0
0
0
0
0
0
0
0
0
0
0
0
0
0
0
0
0
0
0
0
0
0
0
0
0
0
0
0
0
0
0
0
0
0
0
0
0
0
0
0
0
0
2.69613490668e-07
8.11836177455e-07
1.57162678794e-05
0.000129677124544
0.00142812668884
184.984871576
199.999645909
199.998338245
199.997507286
199.997016699
199.99639106
199.99615357
199.996513769
199.997285282
199.998298822
199.999496811
199.999576258
199.999354151
199.999202655
199.998906249
199.99864969
199.99833295
199.998147723
199.997941914
199.997713238
199.997713238
199.997713238
199.997941914
199.998114357
199.998304242
199.99874689
199.998742465
199.731337459
168.877779101
76.9673156629
4.46301687025
1.77181002098
8.17309689799
68.0125424851
63.3235423971
0
0
0
0
0
0
0
0
0
0
0
0
0
0
0
0
0
0
0
0
0
0
0
0
0
0
0
0
0
0
0
0
0
0
0
0
0
0
0
0
0
0
0
0
0
0
0
0
0
0
0
0
0
0
0
0
0
5.69184035854e-07
6.1650779126e-06
2.82364594053e-05
0.000270333953452
0.00315869886876
199.998821265
199.983751969
199.99298928
199.990981308
199.991862495
199.99260303
199.993881983
199.995542743
199.997233554
199.998531036
199.99946411
199.99928239
199.999015624
199.998784721
199.998499655
199.99833295
199.998147723
199.997941914
199.997713238
199.997713238
199.997713238
199.997941914
199.998147723
199.99829681
199.998856204
199.999103257
199.992519723
167.807631571
28.3469053461
9.05313413147
56.781377095
105.342673294
118.00380803
105.607769497
0
0
0
0
0
0
0
0
0
0
0
0
0
0
0
0
0
0
0
0
0
0
0
0
0
0
0
0
0
0
0
0
0
0
0
0
0
0
0
0
0
0
0
0
0
0
0
0
0
0
0
0
0
0
0
0
0
0
2.37711858087e-06
5.89546442193e-06
4.90905723192e-05
0.000766047171328
0.00756780836338
199.848108365
199.963493756
199.979313928
199.985599273
199.988643455
199.991056391
199.993585881
199.996340756
199.997726847
199.998838716
199.999114061
199.998906249
199.99864969
199.99833295
199.998147723
199.997941914
199.997941914
199.997713238
199.997713238
199.997713238
199.997941914
199.998147723
199.998213348
199.998889506
199.999202655
199.998810942
190.30804782
66.2354969143
97.9709326591
140.287554272
157.384349495
160.322782381
146.971548659
0
0
0
0
0
0
0
0
0
0
0
0
0
0
0
0
0
0
0
0
0
0
0
0
0
0
0
0
0
0
0
0
0
0
0
0
0
0
0
0
0
0
0
0
0
0
0
0
0
0
0
0
0
0
0
0
0
0
1.23736652561e-06
3.26757045869e-06
3.78172544026e-05
0.00026611335541
0.00312126230453
0.00280507429283
199.85975537
199.953971269
199.970667576
199.98344739
199.988034626
199.99194781
199.996593503
199.99766365
199.998777488
199.998784721
199.99864969
199.99833295
199.998239444
199.998147723
199.997941914
199.997941914
199.997713238
199.997713238
199.997941914
199.997941914
199.998080478
199.998088936
199.998712717
199.999354151
199.999256729
199.326379318
142.679540528
169.177471495
179.03926792
182.011226568
182.845815214
177.289062424
0
0
0
0
0
0
0
0
0
0
0
0
0
0
0
0
0
0
0
0
0
0
0
0
0
0
0
0
0
0
0
0
0
0
0
0
0
0
0
0
0
0
0
0
0
0
0
0
0
0
0
0
0
0
0
0
0
0
0
2.30838670632e-06
2.93471429737e-06
5.71472897718e-05
0.00251884772616
0.00280060035905
81.904800093
199.894240459
199.958821306
199.977271534
199.987732636
199.990380184
199.996246494
199.997489171
199.99833295
199.99833295
199.99833295
199.998147723
199.998147723
199.997941914
199.997941914
199.997941914
199.997713238
199.997941914
199.997941914
199.998147723
199.998153164
199.99812732
199.998698809
199.999385155
199.999383429
199.305684456
185.62696678
189.234461542
189.756242292
190.068544968
190.594865757
189.578420978
0
0
0
0
0
0
0
0
0
0
0
0
0
0
0
0
0
0
0
0
0
0
0
0
0
0
0
0
0
0
0
0
0
0
0
0
0
0
0
0
0
0
0
0
0
0
0
0
0
0
0
0
0
0
0
0
0
0
0
0
2.56487411813e-06
5.70749192474e-05
0.00225927664019
0.00310873614385
0.00279110760392
194.440225735
199.943016447
199.971356079
199.986288077
199.991003608
199.996127348
199.997713238
199.997941914
199.998147723
199.998147723
199.998147723
199.997941914
199.997941914
199.997941914
199.997941914
199.997941914
199.997941914
199.997941914
199.998147723
199.998228489
199.99823008
199.998802648
199.9998865
199.999687966
196.760921629
191.017780273
192.089297145
192.528119358
193.452370015
194.680195307
194.168277207
0
0
0
0
0
0
0
0
0
0
0
0
0
0
0
0
0
0
0
0
0
0
0
0
0
0
0
0
0
0
0
0
0
0
0
0
0
0
0
0
0
0
0
0
0
0
0
0
0
0
0
0
0
0
0
0
0
0
0
0
0
3.16651125695e-06
0.00250691409226
0.00310185699861
0.00325500825057
54.2000008675
199.887215825
199.971228326
199.98765927
199.991900674
199.996514613
199.997176837
199.997713238
199.997941914
199.997941914
199.997942214
199.997942214
199.997941914
199.997941914
199.997941914
199.997941914
199.997941914
199.998147723
199.99833295
199.998295908
199.998531058
199.999214893
199.999990052
199.998745665
193.330565922
193.265309219
194.015173823
195.154966169
196.868818054
197.551002488
197.159466485
0
0
0
0
0
0
0
0
0
0
0
0
0
0
0
0
0
0
0
0
0
0
0
0
0
0
0
0
0
0
0
0
0
0
0
0
0
0
0
0
0
0
0
0
0
0
0
0
0
0
0
0
0
0
0
0
0
0
0
0
0
0
0.00276347120011
0.00325759391673
2.39326731738e-06
1.0710201807e-06
194.437432211
199.973630741
199.988294609
199.991903247
199.99540924
199.996863152
199.997459153
199.997713238
199.997941914
199.997941914
199.997942214
199.997942214
199.997941914
199.997941914
199.998147723
199.998147723
199.99833295
199.998420114
199.99849698
199.998891495
199.999990963
199.999992268
199.979906828
193.964420346
194.437746586
196.325366222
198.408795307
199.167621592
199.341208484
199.157720884
0
0
0
0
0
0
0
0
0
0
0
0
0
0
0
0
0
0
0
0
0
0
0
0
0
0
0
0
0
0
0
0
0
0
0
0
0
0
0
0
0
0
0
0
0
0
0
0
0
0
0
0
0
0
0
0
0
0
0
0
0
0
0.0018232367233
3.64771729519e-06
1.46916348519e-06
0
182.274123761
199.981352761
199.989764646
199.991637294
199.992712922
199.995697053
199.997459153
199.997713238
199.997941914
199.997941914
199.997941914
199.997942214
199.998148022
199.998147723
199.998330724
199.99833295
199.998485991
199.998671181
199.998939943
199.999949303
199.999994363
199.999466859
195.503216371
194.43794394
197.389993841
199.302305411
199.6585359
199.781976815
199.828531051
199.798236387
0
0
0
0
0
0
0
0
0
0
0
0
0
0
0
0
0
0
0
0
0
0
0
0
0
0
0
0
0
0
0
0
0
0
0
0
0
0
0
0
0
0
0
0
0
0
0
0
0
0
0
0
0
0
0
0
0
0
0
0
0
0
0
0
0
0
166.645636601
199.991003608
199.991050575
199.99055888
199.991829511
199.99468772
199.996233454
199.997941914
199.997941914
199.997941914
199.998147723
199.998148022
199.998148022
199.99833325
199.998499655
199.99864969
199.998878533
199.999088989
199.999669863
199.999995434
199.999982121
199.996107331
195.003175854
198.501843683
199.619055661
199.814954028
199.895047865
199.935497433
199.949241168
199.938951371
0
0
0
0
0
0
0
0
0
0
0
0
0
0
0
0
0
0
0
0
0
0
0
0
0
0
0
0
0
0
0
0
0
0
0
0
0
0
0
0
0
0
0
0
0
0
0
0
0
0
0
0
0
0
0
0
0
0
0
0
0
0
0
0
0
0
121.347562552
199.995218948
199.995218948
199.994194177
199.99182527
199.993935073
199.995701709
199.996850477
199.998147723
199.998147723
199.99833295
199.99833295
199.998499955
199.998649989
199.99878502
199.999044444
199.99925625
199.99977357
199.999996302
199.999989352
199.998889611
198.665133839
199.195959684
199.760922603
199.887486431
199.948789704
199.974548752
199.982266687
199.983921961
199.979385606
0
0
0
0
0
0
0
0
0
0
0
0
0
0
0
0
0
0
0
0
0
0
0
0
0
0
0
0
0
0
0
0
0
0
0
0
0
0
0
0
0
0
0
0
0
0
0
0
0
0
0
0
0
0
0
0
0
0
0
0
0
0
0
0
0
0
68.78
199.678103398
199.996688747
199.996375062
199.995885459
199.995561517
199.995838661
199.996747061
199.997903654
199.998499655
199.99864969
199.99864969
199.998857996
199.999074079
199.999197445
199.999440895
199.999906473
199.999996671
199.999957561
199.999203031
199.997921901
199.628983785
199.83772915
199.930155913
199.980452116
199.989927785
199.992275584
199.992965792
199.99321712
199.991475094
0
0
0
0
0
0
0
0
0
0
0
0
0
0
0
0
0
0
0
0
0
0
0
0
0
0
0
0
0
0
0
0
0
0
0
0
0
0
0
0
0
0
0
0
0
0
0
0
0
0
0
0
0
0
0
0
0
0
0
0
0
0
0
0
0
0
79.422241042
199.457988833
199.997169906
199.99694836
199.996666044
199.996666044
199.996890064
199.997320359
199.997850033
199.998910082
199.998982597
199.998993488
199.99911457
199.999401765
199.999691505
199.999757244
199.999947641
199.999552873
199.999370344
199.998962176
199.960677678
199.906869149
199.970130215
199.991817261
199.995425577
199.996349905
199.996735614
199.996913472
199.996979909
199.996080398
0
0
0
0
0
0
0
0
0
0
0
0
0
0
0
0
0
0
0
0
0
0
0
0
0
0
0
0
0
0
0
0
0
0
0
0
0
0
0
0
0
0
0
0
0
0
0
0
0
0
0
0
0
0
0
0
0
0
0
0
0
0
0
0
0
0
71.2088594555
199.175835228
199.997763851
199.99753584
199.997398476
199.997351962
199.997351962
199.997782256
199.998824816
199.999202655
199.99928239
199.999357747
199.999493623
199.999529176
199.999557473
199.999545493
199.999529476
199.999485079
199.999247156
199.998914668
199.998565053
199.994254625
199.997181916
199.9981537
199.998528042
199.998706914
199.998809776
199.998882028
199.998920291
199.998437241
0
0
0
0
0
0
0
0
0
0
0
0
0
0
0
0
0
0
0
0
0
0
0
0
0
0
0
0
0
0
0
0
0
0
0
0
0
0
0
0
0
0
0
0
0
0
0
0
0
0
0
0
0
0
0
0
0
0
0
0
0
0
0
0
0
0
97.0786059507
198.954438196
199.996127348
199.99785676
199.998153167
199.998232901
199.998143043
199.998807995
199.99928239
199.999354151
199.999469184
199.999529176
199.999529176
199.999529176
199.999529176
199.999529476
199.999529476
199.999436812
199.999128013
199.998967833
199.99900408
199.999055921
199.999108781
199.999149605
199.999191328
199.999231401
199.99928396
199.999353182
199.999414661
199.99948949
0
0
0
0
0
0
0
0
0
0
0
0
0
0
0
0
0
0
0
0
0
0
0
0
0
0
0
0
0
0
0
0
0
0
0
0
0
0
0
0
0
0
0
0
0
0
0
0
0
0
0
0
0
0
0
0
0
0
0
0
0
0
0
0
0
0
124.853698523
199.192473436
199.973581588
199.998476059
199.999073112
199.999205391
199.999354151
199.999354151
199.999418736
199.999476862
199.999576258
199.999618633
199.999576258
199.999576258
199.999576258
199.999529176
199.999477162
199.999322525
199.999126754
199.999153214
199.999216835
199.999260859
199.99928239
199.999332787
199.99938363
199.999479197
199.999585953
199.999685093
199.999721409
199.999919028
0
0
0
0
0
0
0
0
0
0
0
0
0
0
0
0
0
0
0
0
0
0
0
0
0
0
0
0
0
0
0
0
0
0
0
0
0
0
0
0
0
0
0
0
0
0
0
0
0
0
0
0
0
0
0
0
0
0
0
0
0
0
0
0
0
0
180.611891334
199.600664378
199.968146418
199.997176837
199.999114061
199.999354151
199.999418736
199.999476862
199.999576937
199.999719229
199.999749785
199.999749785
199.999721983
199.999618633
199.999576258
199.999570953
199.999494416
199.99934012
199.999324759
199.999362729
199.999375621
199.999418736
199.999475918
199.999529176
199.999640701
199.999744858
199.999808547
199.999840889
199.999858409
199.999969834
6.22795418329e-08
0
0
0
0
0
0
0
0
0
0
0
0
0
0
0
0
0
0
0
0
0
0
0
0
0
0
0
0
0
0
0
0
0
0
0
0
0
0
0
0
0
0
0
0
0
0
0
0
0
0
0
0
0
0
0
0
0
0
0
0
0
0
0
0
0
182.898079787
199.665515471
199.96495567
199.997176837
199.999015624
199.999354151
199.999476862
199.999654269
199.999850159
199.999867025
199.999880323
199.999880323
199.999854034
199.999797326
199.999694437
199.99962374
199.99958313
199.999576258
199.999576258
199.999576258
199.999607154
199.999656769
199.999705293
199.999765827
199.999815125
199.999846833
199.999878978
199.999907302
199.999963526
199.999981968
199.999999761
199.999999694
1.4996865174e-07
0
0
0
0
0
0
0
0
0
0
0
0
0
0
0
0
0
0
0
0
0
0
0
0
0
0
0
0
0
0
0
0
0
0
0
0
0
0
0
0
0
0
0
0
0
0
0
0
0
0
0
0
0
0
0
0
0
0
0
0
0
0
0
185.75389848
199.712831821
199.961410394
199.997459153
199.99864969
199.999354151
199.999596984
199.99985225
199.999867025
199.999880323
199.999892291
199.999903061
199.999912755
199.99992148
199.999899769
199.999835834
199.999801646
199.999774806
199.999774806
199.999774806
199.999796657
199.999817593
199.999835834
199.999854121
199.999880323
199.999903061
199.999930383
199.999974577
199.999991839
199.999994389
199.999999761
199.999999734
199.999999734
199.999999583
7.34442699629e-07
0
0
0
0
0
0
0
0
0
0
0
0
0
0
0
0
0
0
0
0
0
0
0
0
0
0
0
0
0
0
0
0
0
0
0
0
0
0
0
0
0
0
0
0
0
0
0
0
0
0
0
0
0
0
0
0
0
0
0
0
0
194.437432211
199.799557663
199.977296297
199.997459153
199.998147723
199.999423464
199.999835834
199.999867025
199.999880323
199.999892291
199.999903061
199.999912755
199.99992148
199.999929332
199.999936399
199.999942759
199.999942759
199.99989218
199.999880323
199.999880323
199.999880323
199.999892291
199.999901969
199.999912755
199.999929332
199.999958524
199.999994363
199.999991796
199.99999614
199.999997572
199.999999761
199.999999761
199.999999734
199.999999705
199.99999955
199.999999445
1.02539823341e-06
0
0
0
0
0
0
0
0
0
0
0
0
0
0
0
0
0
0
0
0
0
0
0
0
0
0
0
0
0
0
0
0
0
0
0
0
0
0
0
0
0
0
0
0
0
0
0
0
0
0
0
0
0
0
0
0
0
0
9.565938
194.99368899
199.887215825
199.985814019
199.997459153
199.998147723
199.999652921
199.99985225
199.999867025
199.999892291
199.999903061
199.999912755
199.99992148
199.999929332
199.999936399
199.999942759
199.999948483
199.999953635
199.999958271
199.999955998
199.999948213
199.999942759
199.999942759
199.999949385
199.999965151
199.999997004
199.999996671
199.999994927
199.999993737
199.999996607
199.999998185
199.999999761
199.999999761
199.999999734
199.999999734
199.999999583
199.9999995
199.999999445
23.9531690806
2.72238959878e-07
0
0
0
0
0
0
0
0
0
0
0
0
0
0
0
0
0
0
0
0
0
0
0
0
0
0
0
0
0
0
0
0
0
0
0
0
0
0
0
0
0
0
0
0
0
0
0
0
0
0
0
0
0
0
0
0
40.6139022
195.292185344
199.898494243
199.988708758
199.997713238
199.998552478
199.999835834
199.999867025
199.999880323
199.999892291
199.999912755
199.99992148
199.999929332
199.999936399
199.999942759
199.999948483
199.999959543
199.999967472
199.999973254
199.999975556
199.99997536
199.999976982
199.999981339
199.999997816
199.999997573
199.999997004
199.999996671
199.999994391
199.999994927
199.999997779
199.999998558
199.999999761
199.999999761
199.999999734
199.999999734
199.999999665
199.99999955
199.9999995
199.999999445
199.999999239
3.40926734673e-05
0
0
0
0
0
0
0
0
0
0
0
0
0
0
0
0
0
0
0
0
0
0
0
0
0
0
0
0
0
0
0
0
0
0
0
0
0
0
0
0
0
0
0
0
0
0
0
0
0
0
0
0
0
0
0
53.7359022
195.660699361
199.898494243
199.990373126
199.997713238
199.99915618
199.999835834
199.999867025
199.999892291
199.999903061
199.999912755
199.99992148
199.999929332
199.999942759
199.999948483
199.999959543
199.999968125
199.999977219
199.999983897
199.999989982
199.999993497
199.999998035
199.999998035
199.999997816
199.999997573
199.999997304
199.999996084
199.99999609
199.999996302
199.999998072
199.999998837
199.999999761
199.999999761
199.999999734
199.999999734
199.999999705
199.99999955
199.9999995
199.9999995
199.999999383
199.999999154
199.999998955
1.55962750091e-06
0
0
0
0
0
0
0
0
0
0
0
0
0
0
0
0
0
0
0
0
0
0
0
0
0
0
0
0
0
0
0
0
0
0
0
0
0
0
0
0
0
0
0
0
0
0
0
0
0
0
0
0
0
86.1112310615
196.954657435
199.911651263
199.991483792
199.997941914
199.999797326
199.99985225
199.999880323
199.999892291
199.999912755
199.99992148
199.999929332
199.999936399
199.999942759
199.999953635
199.999963959
199.999977503
199.999984139
199.999990531
199.99999367
199.999998231
199.999998231
199.999998035
199.999997816
199.999997816
199.999997304
199.999997004
199.999996671
199.999997151
199.999998365
199.999998985
199.999999761
199.999999761
199.999999734
199.999999734
199.999999734
199.999999583
199.99999955
199.9999995
199.999999445
199.999999239
199.999999154
199.999998955
1.83667369457e-05
0
0
0
0
0
0
0
0
0
0
0
0
0
0
0
0
0
0
0
0
0
0
0
0
0
0
0
0
0
0
0
0
0
0
0
0
0
0
0
0
0
0
0
0
0
0
0
0
0
0
0
0
119.24401629
198.727462912
199.936729371
199.997459153
199.998832312
199.999797326
199.99985225
199.999880323
199.999903061
199.999912755
199.99992148
199.999936399
199.999942759
199.999948483
199.999959173
199.999974766
199.999982559
199.999988513
199.999991709
199.999995968
199.999998231
199.999998231
199.999998035
199.999998035
199.999997816
199.999997573
199.999997304
199.999997004
199.999997662
199.999998663
199.999999125
199.999999761
199.999999734
199.999999734
199.999999734
199.999999694
199.999999628
199.99999955
199.9999995
199.999999445
199.999999383
199.999999239
199.99999906
199.999998955
0.000180814850508
0
0
0
0
0
0
0
0
0
0
0
0
0
0
0
0
0
0
0
0
0
0
0
0
0
0
0
0
0
0
0
0
0
0
0
0
0
0
0
0
0
0
0
0
0
0
0
0
0
0
0
121.432396072
198.788920664
199.968146418
199.997459153
199.999130458
199.999817593
199.99985225
199.999880323
199.999903061
199.99992148
199.999929332
199.999936399
199.999948483
199.999953635
199.999967359
199.999983967
199.999987967
199.999991281
199.999993967
199.999997503
199.999998408
199.999998231
199.999998231
199.999998035
199.999997816
199.999997573
199.999997304
199.999997304
199.999997793
199.999998839
199.999998891
199.999999761
199.999999734
199.999999734
199.999999734
199.999999694
199.999999628
199.99999955
199.9999995
199.999999445
199.999999383
199.999999239
199.999999154
199.99999906
199.999998839
0.000853606400055
0
0
0
0
0
0
0
0
0
0
0
0
0
0
0
0
0
0
0
0
0
0
0
0
0
0
0
0
0
0
0
0
0
0
0
0
0
0
0
0
0
0
0
0
0
0
0
0
0
0
123.863929164
198.864794432
199.968146418
199.997713238
199.999694531
199.999817593
199.999867025
199.999892291
199.999912755
199.99992148
199.999936399
199.999942759
199.999948483
199.999958271
199.999995381
199.999990321
199.999992719
199.999994085
199.999995966
199.999998408
199.999998408
199.999998231
199.999998231
199.999998035
199.999998035
199.999997816
199.999997573
199.999997304
199.99999839
199.999998996
199.999998844
199.999999761
199.999999734
199.999999734
199.999999734
199.999999694
199.999999583
199.99999955
199.9999995
199.9999995
199.999999445
199.999999315
199.999999239
199.999999154
199.999998955
199.999998567
0.00208543868779
0
0
0
0
0
0
0
0
0
0
0
0
0
0
0
0
0
0
0
0
0
0
0
0
0
0
0
0
0
0
0
0
0
0
0
0
0
0
0
0
0
0
0
0
0
0
0
0
0
118.406258444
199.08571946
199.968146418
199.99833295
199.999721983
199.999817593
199.999867025
199.999892291
199.999912755
199.999929332
199.999942759
199.999948483
199.999958271
199.999998035
199.999996469
199.999995306
199.999995306
199.999996413
199.999998473
199.999998408
199.999998408
199.999998408
199.999998231
199.999998231
199.999998035
199.999997816
199.999997573
199.999997988
199.999998622
199.999999101
199.999998782
199.999999761
199.999999734
199.999999734
199.999999694
199.999999658
199.999999583
199.99999955
199.9999995
199.9999995
199.999999445
199.999999383
199.999999239
199.999999154
199.99999906
199.999998839
199.999998408
0.00121324991829
0
0
0
0
0
0
0
0
0
0
0
0
0
0
0
0
0
0
0
0
0
0
0
0
0
0
0
0
0
0
0
0
0
0
0
0
0
0
0
0
0
0
0
0
0
0
0
0
125.447735162
199.286779834
199.971156322
199.998499655
199.999721983
199.999835834
199.999880323
199.999903061
199.99992148
199.999936399
199.999942759
199.999953635
199.999996671
199.999998408
199.999996629
199.999996629
199.999996772
199.999997241
199.999998567
199.999998567
199.999998408
199.999998408
199.999998231
199.999998231
199.999998035
199.999998035
199.999998035
199.999998231
199.999998722
199.999999118
199.999998682
199.999999721
199.999999694
199.999999694
199.999999658
199.999999658
199.999999583
199.99999955
199.9999995
199.9999995
199.999999445
199.999999383
199.999999315
199.999999239
199.999999154
199.999998955
199.99999871
199.999998231
0.000243946158495
0
0
0
0
0
0
0
0
0
0
0
0
0
0
0
0
0
0
0
0
0
0
0
0
0
0
0
0
0
0
0
0
0
0
0
0
0
0
0
0
0
0
0
0
0
0
0
121.739508671
199.708884331
199.976946945
199.99864969
199.999749785
199.999835834
199.999880323
199.999912755
199.999929332
199.999942759
199.999953635
199.999996302
199.999997573
199.9999977
199.999996966
199.999997336
199.999997516
199.99999871
199.999998567
199.999998567
199.999998408
199.999998408
199.999998231
199.999998231
199.999998231
199.999998035
199.999998231
199.999998408
199.999999012
199.999999008
199.999998732
199.999999684
199.999999694
199.999999658
199.999999658
199.999999658
199.999999583
199.99999955
199.9999995
199.9999995
199.999999445
199.999999445
199.999999445
199.999999432
199.999999271
199.999999177
199.999998901
199.999998567
199.999998035
4.63441845152e-05
0
0
0
0
0
0
0
0
0
0
0
0
0
0
0
0
0
0
0
0
0
0
0
0
0
0
0
0
0
0
0
0
0
0
0
0
0
0
0
0
0
0
0
0
0
0
180.710093148
199.676538146
199.991003608
199.99864969
199.999749785
199.99985225
199.999892291
199.99992148
199.999936399
199.999948483
199.999995891
199.999997004
199.999998567
199.999997473
199.999997602
199.999997972
199.999998839
199.99999871
199.99999871
199.999998567
199.999998408
199.999998408
199.999998231
199.999998231
199.999998231
199.999998231
199.999998408
199.999998885
199.999999005
199.999998975
199.99999882
199.999999684
199.999999694
199.999999658
199.999999658
199.999999658
199.999999583
199.99999955
199.9999995
199.9999995
199.999999445
199.999999445
199.9999995
199.9999995
199.999999356
199.999999271
199.999999073
199.999998772
199.999998231
199.999997573
3.51834584106e-06
0
0
0
0
0
0
0
0
0
0
0
0
0
0
0
0
0
0
0
0
0
0
0
0
0
0
0
0
0
0
0
0
0
0
0
0
0
0
0
0
0
0
0
0
0
181.160661139
199.684760112
199.991003608
199.999000801
199.999774806
199.99985225
199.999903061
199.999929332
199.999948483
199.999995434
199.999996671
199.999998035
199.999998955
199.999998175
199.999998955
199.999998955
199.999998839
199.999998839
199.99999871
199.999998567
199.999998408
199.999998408
199.999998408
199.999998231
199.999998408
199.999998408
199.999998935
199.999999204
199.999999061
199.999999017
199.999998854
199.999999684
199.999999658
199.999999658
199.999999658
199.999999658
199.999999583
199.99999955
199.9999995
199.9999995
199.9999995
199.9999995
199.9999995
199.9999995
199.999999356
199.999999271
199.999999177
199.999998957
199.999998629
199.999998035
0.108064456171
0
0
0
0
0
0
0
0
0
0
0
0
0
0
0
0
0
0
0
0
0
0
0
0
0
0
0
0
0
0
0
0
0
0
0
0
0
0
0
0
0
0
0
0
0
179.472912457
199.7012954
199.990004008
199.999476862
199.999797326
199.999867025
199.999912755
199.999942759
199.999993737
199.999996302
199.999997573
199.99999906
199.99999906
199.99999906
199.99999906
199.999998955
199.999998955
199.999998839
199.999998839
199.99999871
199.999998567
199.999998408
199.999998408
199.999998458
199.999998617
199.999999204
199.999999204
199.999999259
199.999999259
199.999999261
199.999999221
199.999999684
199.999999658
199.999999658
199.999999658
199.999999628
199.999999583
199.99999955
199.9999995
199.9999995
199.9999995
199.9999995
199.9999995
199.9999995
199.999999432
199.999999356
199.999999271
199.999999177
199.999998901
199.999998293
199.999997573
0.000139971195294
0
0
0
0
0
0
0
0
0
0
0
0
0
0
0
0
0
0
0
0
0
0
0
0
0
0
0
0
0
0
0
0
0
0
0
0
0
0
0
0
0
0
0
0
180.029169236
199.67550577
199.991053497
199.999529176
199.999797326
199.999880323
199.999929332
199.999962444
199.999995891
199.999997573
199.999999154
199.999999154
199.999999154
199.999999154
199.99999906
199.99999906
199.999998955
199.999998955
199.999998839
199.999998839
199.99999871
199.999998623
199.999998673
199.999999165
199.999999259
199.999999259
199.999999259
199.999999259
199.999999259
199.999999261
199.999999364
199.999999684
199.999999658
199.999999658
199.999999658
199.999999583
199.999999583
199.99999955
199.9999995
199.9999995
199.9999995
199.9999995
199.99999955
199.99999955
199.999999478
199.999999356
199.99999934
199.99999934
199.999999246
199.999998697
199.999997816
199.999996671
0
0
0
0
0
0
0
0
0
0
0
0
0
0
0
0
0
0
0
0
0
0
0
0
0
0
0
0
0
0
0
0
0
0
0
0
0
0
0
0
0
0
0
0
178.215699232
199.699315762
199.997176837
199.999618633
199.999817593
199.999903061
199.999948483
199.999994363
199.999997304
199.999998675
199.999999239
199.999999239
199.999999239
199.999999239
199.999999154
199.999999154
199.99999906
199.99999906
199.999998955
199.999999011
199.999999115
199.999999165
199.999999259
199.999999259
199.999999259
199.999999259
199.999999259
199.999999259
199.999999259
199.999999261
199.999999357
199.999999684
199.999999658
199.999999658
199.999999658
199.999999583
199.99999955
199.99999955
199.9999995
199.9999995
199.99999955
199.99999955
199.99999955
199.99999955
199.99999955
199.999999424
199.999999424
199.999999424
199.999999424
199.999999445
199.999998644
199.999997304
0.00374134209749
0
0
0
0
0
0
0
0
0
0
0
0
0
0
0
0
0
0
0
0
0
0
0
0
0
0
0
0
0
0
0
0
0
0
0
0
0
0
0
0
0
0
0
179.665476845
199.933402073
199.997713238
199.999656769
199.99985225
199.999929332
199.999988215
199.999997004
199.999998349
199.999999315
199.999999383
199.999999445
199.999999445
199.999999474
199.999999445
199.999999356
199.999999271
199.999999271
199.999999271
199.999999271
199.999999259
199.999999259
199.999999259
199.999999259
199.999999259
199.999999259
199.999999259
199.999999259
199.999999304
199.999999261
199.99999936
199.999999684
199.999999658
199.999999658
199.999999658
199.999999583
199.99999955
199.99999955
199.9999995
199.99999955
199.99999955
199.99999955
199.99999955
199.99999955
199.99999955
199.999999424
199.999999424
199.999999424
199.999999424
199.9999995
199.999999445
199.99999836
199.999996302
0
0
0
0
0
0
0
0
0
0
0
0
0
0
0
0
0
0
0
0
0
0
0
0
0
0
0
0
0
0
0
0
0
0
0
0
0
0
0
0
0
0
0
178.348111123
199.933402073
199.997941914
199.999691092
199.999880323
199.999948483
199.999995434
199.999997816
199.999999445
199.9999995
199.99999953
199.99999953
199.99999953
199.99999953
199.99999953
199.99999953
199.99999953
199.99999953
199.99999955
199.999999406
199.999999406
199.999999406
199.999999406
199.999999406
199.999999321
199.999999259
199.999999259
199.999999344
199.999999249
199.999999261
199.999999334
199.999999684
199.999999658
199.999999658
199.999999658
199.99999955
199.99999955
199.99999955
199.99999955
199.99999955
199.99999955
199.99999955
199.99999955
199.99999955
199.99999955
199.99999955
199.999999424
199.999999424
199.999999424
199.9999995
199.999999445
199.999999445
199.999997703
0.103826122078
0
0
0
0
0
0
0
0
0
0
0
0
0
0
0
0
0
0
0
0
0
0
0
0
0
0
0
0
0
0
0
0
0
0
0
0
0
0
0
0
0
0
195.944888082
199.933402073
199.998147723
199.999749785
199.999903061
199.999986905
199.999997304
199.9999995
199.99999953
199.99999953
199.99999958
199.99999958
199.99999958
199.99999958
199.99999958
199.99999958
199.99999958
199.99999958
199.99999958
199.99999958
199.99999955
199.999999482
199.999999406
199.999999406
199.999999406
199.999999406
199.999999389
199.999999389
199.999999333
199.999999199
199.999999338
199.999999684
199.999999658
199.999999658
199.999999658
199.99999955
199.99999955
199.999999531
199.999999474
199.999999474
199.999999474
199.999999474
199.99999955
199.99999955
199.99999955
199.99999955
199.9999995
199.999999424
199.999999424
199.9999995
199.9999995
199.9999995
199.999999445
199.999996205
0
0
0
0
0
0
0
0
0
0
0
0
0
0
0
0
0
0
0
0
0
0
0
0
0
0
0
0
0
0
0
0
0
0
0
0
0
0
0
0
0
0
195.944888082
199.926002303
199.998147723
199.999797326
199.999936399
199.999995891
199.999998766
199.99999953
199.99999958
199.99999958
199.99999958
199.99999958
199.99999958
199.99999958
199.99999958
199.99999958
199.99999958
199.99999958
199.99999958
199.99999958
199.99999958
199.99999958
199.99999955
199.999999474
199.999999406
199.999999451
199.999999451
199.999999389
199.999999333
199.999999316
199.999999338
199.999999634
199.999999658
199.999999658
199.999999581
199.999999519
199.99999955
199.99999939
199.99999939
199.99999939
199.99999939
199.999999474
199.99999955
199.99999955
199.99999955
199.99999955
199.99999955
199.99999958
199.99999958
199.99999953
199.99999953
199.99999953
199.9999995
199.9999995
0.317437243339
0
0
0
0
0
0
0
0
0
0
0
0
0
0
0
0
0
0
0
0
0
0
0
0
0
0
0
0
0
0
0
0
0
0
0
0
0
0
0
0
0
195.494320091
199.926002303
199.99928239
199.99985225
199.999977824
199.999997933
199.99999958
199.99999958
199.99999958
199.99999958
199.99999958
199.99999958
199.99999958
199.99999958
199.99999958
199.99999958
199.99999958
199.99999958
199.99999958
199.99999958
199.99999958
199.99999958
199.99999958
199.99999955
199.999999534
199.999999451
199.999999451
199.999999451
199.999999336
199.999999316
199.999999312
199.999999513
199.999999531
199.999999531
199.999999478
199.999999435
199.99999934
199.99999934
199.99999934
199.99999939
199.99999939
199.999999474
199.99999955
199.99999955
199.99999955
199.99999958
199.99999958
199.99999958
199.99999958
199.99999958
199.99999958
199.99999958
199.99999958
199.99999953
199.9999995
0
0
0
0
0
0
0
0
0
0
0
0
0
0
0
0
0
0
0
0
0
0
0
0
0
0
0
0
0
0
0
0
0
0
0
0
0
0
0
0
0
195.494320091
199.936568235
199.999418736
199.999892291
199.999995891
199.99999958
199.99999958
199.99999958
199.99999958
199.99999958
199.99999958
199.99999958
199.99999958
199.99999958
199.99999958
199.99999958
199.99999958
199.99999958
199.99999958
199.99999958
199.99999958
199.99999958
199.99999958
199.99999958
199.99999958
199.999999451
199.999999451
199.999999451
199.999999395
199.999999316
199.999999312
199.999999428
199.999999402
199.999999447
199.999999391
199.999999329
199.999999385
199.999999374
199.999999284
199.999999284
199.999999284
199.999999334
199.999999495
199.99999955
199.999999504
199.99999958
199.99999958
199.99999958
199.99999958
199.99999958
199.99999958
199.99999958
199.99999958
199.99999958
199.99999958
0.0914566049748
0
0
0
0
0
0
0
0
0
0
0
0
0
0
0
0
0
0
0
0
0
0
0
0
0
0
0
0
0
0
0
0
0
0
0
0
0
0
0
0
195.494320091
199.98476453
199.999618633
199.999953635
199.999998782
199.99999958
199.999999658
199.999999658
199.999999658
199.999999658
199.999999625
199.99999958
199.99999958
199.99999958
199.99999958
199.99999958
199.99999958
199.99999958
199.99999958
199.99999958
199.99999958
199.99999958
199.99999958
199.99999958
199.99999958
199.999999435
199.999999451
199.999999451
199.999999395
199.999999329
199.999999357
199.999999373
199.999999346
199.999999346
199.999999391
199.999999329
199.999999329
199.999999329
199.999999284
199.999999284
199.999999284
199.999999284
199.999999364
199.999999419
199.999999419
199.999999419
199.999999504
199.99999958
199.99999958
199.99999958
199.99999958
199.99999958
199.99999958
199.99999958
199.99999958
199.99999958
2.52560704607e-06
0
0
0
0
0
0
0
0
0
0
0
0
0
0
0
0
0
0
0
0
0
0
0
0
0
0
0
0
0
0
0
0
0
0
0
0
0
0
0
195.494320091
199.98476453
199.999749785
199.999995982
199.999999613
199.999999658
199.999999658
199.999999684
199.999999684
199.999999684
199.999999651
199.999999651
199.999999651
199.999999606
199.999999606
199.99999958
199.99999958
199.99999958
199.99999958
199.99999958
199.99999958
199.99999958
199.99999958
199.99999958
199.99999958
199.999999576
199.99999948
199.999999451
199.999999451
199.999999394
199.999999324
199.999999304
199.999999373
199.999999346
199.999999278
199.99999929
199.99999929
199.99999929
199.999999309
199.999999314
199.999999314
199.999999314
199.999999295
199.999999351
199.999999351
199.999999351
199.999999419
199.999999419
199.99999958
199.99999958
199.99999958
199.99999958
199.999999613
199.999999658
199.999999658
199.999999613
4.94928354939
2.85846320739e-06
0
0
0
0
0
0
0
0
0
0
0
0
0
0
0
0
0
0
0
0
0
0
0
0
0
0
0
0
0
0
0
0
0
0
0
0
0
0
194.99368899
199.995697053
199.999880352
199.999999613
199.999999658
199.999999684
199.999999684
199.999999684
199.999999684
199.999999684
199.999999684
199.999999651
199.999999651
199.999999651
199.999999651
199.999999651
199.999999606
199.999999606
199.99999958
199.99999958
199.99999958
199.99999958
199.99999958
199.99999958
199.99999958
199.99999958
199.999999483
199.999999451
199.999999477
199.99999942
199.999999332
199.999999304
199.999999304
199.999999278
199.999999278
199.99999929
199.99999929
199.99999929
199.999999196
199.999999151
199.999999151
199.999999151
199.999999201
199.999999295
199.999999278
199.999999257
199.999999351
199.999999419
199.999999419
199.99999958
199.99999958
199.999999658
199.999999658
199.999999684
199.999999684
199.999999658
37.7224539064
0.00019367751491
2.47009601925e-06
0
0
0
0
0
0
0
0
0
0
0
0
0
0
0
0
0
0
0
0
0
0
0
0
0
0
0
0
0
0
0
0
0
0
0
0
0
194.99368899
199.997941943
199.999997338
199.999999649
199.999999721
199.999999721
199.999999684
199.999999684
199.999999684
199.999999684
199.999999684
199.999999684
199.999999651
199.999999651
199.999999651
199.999999651
199.999999651
199.999999651
199.999999606
199.999999606
199.999999606
199.999999606
199.999999606
199.999999651
199.999999651
199.999999643
199.999999583
199.999999533
199.999999477
199.99999951
199.99999937
199.999999304
199.999999304
199.999999304
199.999999304
199.999999317
199.99999929
199.999999289
199.999999198
199.999999196
199.999999151
199.999999151
199.999999201
199.999999201
199.999999257
199.999999257
199.999999257
199.999999257
199.999999419
199.999999625
199.999999651
199.999999684
199.999999684
199.999999684
199.999999684
199.999999684
0.0043209887967
199.999999721
3.49006545991e-05
5.90364377695e-07
0
0
0
0
0
0
0
0
0
0
0
0
0
0
0
0
0
0
0
0
0
0
0
0
0
0
0
0
0
0
0
0
0
0
0
0
194.99368899
199.999418834
199.999999599
199.999999761
199.999999761
199.999999761
199.999999721
199.999999721
199.999999684
199.999999684
199.999999684
199.999999684
199.999999684
199.999999651
199.999999651
199.999999651
199.999999651
199.999999651
199.999999651
199.999999651
199.999999651
199.999999651
199.999999651
199.999999651
199.999999651
199.999999651
199.999999636
199.999999607
199.999999543
199.999999522
199.999999453
199.999999282
199.999999293
199.999999304
199.999999304
199.999999272
199.999999291
199.999999274
199.999999223
199.999999223
199.999999196
199.999999196
199.999999246
199.999999246
199.999999246
199.999999302
199.999999302
199.999999328
199.999999491
199.999999651
199.999999684
199.999999684
199.999999684
199.999999684
199.999999684
199.999999761
0.000956777405093
0.0010379541479
3.30115841762
1.77239431137e-05
6.22795418329e-08
0
0
0
0
0
0
0
0
0
0
0
0
0
0
0
0
0
0
0
0
0
0
0
0
0
0
0
0
0
0
0
0
0
0
0
194.43743231
199.900560275
199.999999761
199.999999761
199.999999761
199.999999761
199.999999761
199.999999721
199.999999684
199.999999684
199.999999684
199.999999684
199.999999684
199.999999651
199.999999651
199.999999651
199.999999651
199.999999651
199.999999651
199.999999651
199.999999651
199.999999651
199.999999651
199.999999651
199.999999651
199.999999651
199.999999651
199.999999615
199.999999574
199.999999554
199.999999523
199.999996393
199.999999225
199.999999256
199.999999297
199.999999261
199.999999234
199.999999186
199.999999178
199.999999223
199.999999223
199.999999223
199.999999223
199.999999184
199.999999273
199.999999273
199.999999328
199.999999328
199.999999491
199.999999651
199.999999651
199.999999684
199.999999684
199.999999684
199.999999721
199.999999761
0.000358093430454
0.00021979792958
0.000279825866544
0.042465041245
2.85825057397e-05
6.22795418329e-08
0
0
0
0
0
0
0
0
0
0
0
0
0
0
0
0
0
0
0
0
0
0
0
0
0
0
0
0
0
0
0
0
0
0
198.254408019
195.952174921
199.999999761
199.999999761
199.999999761
199.999999761
199.999999761
199.999999721
199.999999684
199.999999684
199.999999684
199.999999684
199.999999651
199.999999651
199.999999651
199.999999651
199.999999651
199.999999651
199.999999651
199.999999651
199.999999651
199.999999651
199.999999651
199.999999651
199.999999651
199.999999651
199.999999651
199.999999617
199.999999535
199.999999559
199.999999267
148.183260352
199.999995635
199.999999266
199.999999319
199.999999296
199.999999296
199.999999272
199.999999255
199.999999217
199.999999178
199.999999223
199.9999992
199.999999161
199.999999161
199.999999273
199.999999273
199.999999228
199.999999471
199.999999608
199.999999599
199.99999959
199.999999638
199.999999651
199.999999708
199.999999785
0.000507514729983
1.81164910143e-05
4.68801637228e-05
8.96707588893e-05
199.999999761
11.6299471617
0
0
0
0
0
0
0
0
0
0
0
0
0
0
0
0
0
0
0
0
0
0
0
0
0
0
0
0
0
0
0
0
0
3.27787062278e-08
24.2128892666
197.34032677
199.999999785
199.999999785
199.999999785
199.999999785
199.999999708
199.999999708
199.999999675
199.999999675
199.999999675
199.999999675
199.999999646
199.999999646
199.999999651
199.999999651
199.999999651
199.999999651
199.999999651
199.999999651
199.999999675
199.999999675
199.999999675
199.999999675
199.999999675
199.999999675
199.999999648
199.999999619
199.999999563
199.999998971
130.751155087
)
;

boundaryField
{
    frontAndBack
    {
        type            empty;
    }
    leftWall
    {
        type            calculated;
        value           uniform 0;
    }
    outlet
    {
        type            calculated;
        value           uniform 0;
    }
    rightWall
    {
        type            calculated;
        value           uniform 0;
    }
    inlet
    {
        type            calculated;
        value           uniform 0.0440942444291;
    }
}


// ************************************************************************* //
