/*--------------------------------*- C++ -*----------------------------------*\
| =========                 |                                                 |
| \\      /  F ield         | OpenFOAM: The Open Source CFD Toolbox           |
|  \\    /   O peration     | Version:  v1906                                 |
|   \\  /    A nd           | Web:      www.OpenFOAM.com                      |
|    \\/     M anipulation  |                                                 |
\*---------------------------------------------------------------------------*/
FoamFile
{
    version     2.0;
    format      ascii;
    class       volScalarField;
    location    "799";
    object      alpha;
}
// * * * * * * * * * * * * * * * * * * * * * * * * * * * * * * * * * * * * * //

dimensions      [0 0 -1 0 0 0 0];


internalField   nonuniform List<scalar> 
9216
(
200
200
200
200
200
200
200
200
200
200
200
200
200
200
200
200
200
200
200
200
200
200
200
200
200
200
200
200
200
200
200
200
200
200
200
200
200
200
200
200
200
200
200
200
200
200
200
200
200
200
200
200
200
200
200
200
200
200
200
200
200
200
200
200
200
200
200
200
200
200
200
200
200
200
200
200
200
200
200
200
200
200
200
200
199.999999998
183.741494064
163.94063235
139.469896551
112.091958021
88.1209400269
66.6684699713
49.5073516821
35.5772229743
22.9069443975
13.0606724916
1.58208888546
200
200
200
200
200
200
200
200
200
200
200
200
200
200
200
200
200
200
200
200
200
200
200
200
200
200
200
200
200
200
200
200
200
200
200
200
200
200
200
200
200
200
200
200
200
200
200
200
200
200
200
200
200
200
200
200
200
200
200
200
200
200
200
200
200
200
200
200
200
200
200
200
200
200
200
200
200
200
200
200
200
200
200
200
200
196.86676773
177.164211246
151.70759129
127.877222027
100.820550444
77.1370339603
61.1331776529
48.0560323407
31.3699810831
20.6894518561
15.4470647881
200
200
200
200
200
200
200
200
200
200
200
200
200
200
200
200
200
200
200
200
200
200
200
200
200
200
200
200
200
200
200
200
200
200
200
200
200
200
200
200
200
200
200
200
200
200
200
200
200
200
200
200
200
200
200
200
200
200
200
200
200
200
200
200
200
200
200
200
200
200
200
200
200
200
200
200
200
200
200
200
200
200
200
200
200
193.59321329
168.004315398
151.731072804
132.807959162
102.590296446
74.5080335208
64.9841286275
47.6333399018
36.6618083638
32.0815760419
21.8280524
200
200
200
200
200
200
200
200
200
200
200
200
200
200
200
200
200
200
200
200
200
200
200
200
200
200
200
200
200
200
200
200
200
200
200
200
200
200
200
200
200
200
200
200
200
200
200
200
200
200
200
200
200
200
200
200
200
200
200
200
200
200
200
200
200
200
200
200
200
200
200
200
200
200
200
200
200
200
200
200
200
200
200
200
200
186.742475488
165.520283458
149.805203074
125.623498801
106.99604428
86.5678442341
62.869326463
56.3405826437
47.0408465404
40.970049147
28.5861065212
200
200
200
200
200
200
200
200
200
200
200
200
200
200
200
200
200
200
200
200
200
200
200
200
200
200
200
200
200
200
200
200
200
200
200
200
200
200
200
200
200
200
200
200
200
200
200
200
200
200
200
200
200
200
200
200
200
200
200
200
200
200
200
200
200
200
200
200
200
200
200
200
200
200
200
200
200
200
200
200
200
200
200
200
199.999999432
177.937028533
157.197077271
143.100214414
132.575252798
108.730805562
93.1736411287
72.5403615445
58.4522701083
57.1445326046
53.5444794425
41.1736408222
200
200
200
200
200
200
200
200
200
200
200
200
200
200
200
200
200
200
200
200
200
200
200
200
200
200
200
200
200
200
200
200
200
200
200
200
200
200
200
200
200
200
200
200
200
200
200
200
200
200
200
200
200
200
200
200
200
200
200
200
200
200
200
200
200
200
200
200
200
200
200
200
200
200
200
200
200
200
200
200
200
200
200
200
197.634856323
175.580642979
161.85924903
142.776550403
122.245667892
103.100619651
99.8183412994
87.2799966207
69.5556363164
66.3534531633
65.4439813119
52.614738728
200
200
200
200
200
200
200
200
200
200
200
200
200
200
200
200
200
200
200
200
200
200
200
200
200
200
200
200
200
200
200
200
200
200
200
200
200
200
200
200
200
200
200
200
200
200
200
200
200
200
200
200
200
200
200
200
200
200
200
200
200
200
200
200
200
200
200
200
200
200
200
200
200
200
200
200
200
200
200
200
200
200
200
200
192.690790835
173.541757948
157.30753448
142.044528781
122.016648291
112.566591101
98.4159481781
96.7449887593
87.4970382547
77.0572614164
76.8215412795
63.5496688955
200
200
200
200
200
200
200
200
200
200
200
200
200
200
200
200
200
200
200
200
200
200
200
200
200
200
200
200
200
200
200
200
200
200
200
200
200
200
200
200
200
200
200
200
200
200
200
200
200
200
200
200
200
200
200
200
200
200
200
200
200
200
200
200
200
200
200
200
200
200
200
200
200
200
200
200
200
200
200
200
200
200
200
200
188.452439298
171.921724614
152.963038944
137.95039293
125.373185435
118.171154712
109.214010585
99.5538526652
99.8421595158
86.9107617294
87.532017557
74.3145775036
200
200
200
200
200
200
200
200
200
200
200
200
200
200
200
200
200
200
200
200
200
200
200
200
200
200
200
200
200
200
200
200
200
200
200
200
200
200
200
200
200
200
200
200
200
200
200
200
200
200
200
200
200
200
200
200
200
200
200
200
200
200
200
200
200
200
200
200
200
200
200
200
200
200
200
200
200
200
200
200
200
200
200
200
187.579265078
172.108402171
156.11417772
139.434782218
127.767497002
115.326486412
116.746222799
110.747470763
104.514783065
100.041473764
96.5063982422
83.9812283306
200
200
200
200
200
200
200
200
200
200
200
200
200
200
200
200
200
200
200
200
200
200
200
200
200
200
200
200
200
200
200
200
200
200
200
200
200
200
200
200
200
200
200
200
200
200
200
200
200
200
200
200
200
200
200
200
200
200
200
200
200
200
200
200
200
200
200
200
197.796345448
190.735308099
187.174318805
189.477324556
194.618773386
198.70784148
200
200
199.922457362
199.550659599
199.997272787
200
200
200
200
199.999972174
186.14779315
171.334766539
155.466035412
142.203082208
131.653505444
123.93817051
117.306452894
118.080365292
113.486668836
111.325573076
105.037198154
94.0130950207
200
200
200
200
200
200
200
200
200
200
200
200
200
200
200
200
200
200
200
200
200
200
200
200
200
200
200
200
200
200
200
200
200
200
200
200
200
200
200
200
200
200
200
200
200
200
200
200
200
200
200
200
200
200
200
200
200
200
200
200
200
200
200
190.384825944
41.565475591
6.14377335808
1.27182551306
0.314705943465
0.102833948795
0.0548420499296
0.0575766277669
0.104544575204
0.261899215111
0.832508400029
3.32040438541
16.5496198023
105.88190478
180.869622866
197.510190252
199.980154175
199.774080527
199.612490585
200
199.083227531
184.658417773
167.733926942
154.716796772
144.833676094
138.898671916
131.894398031
126.588530375
119.47744699
121.142537259
123.268198893
113.561597831
101.906474981
200
200
200
200
200
200
200
200
200
200
200
200
200
200
200
200
200
200
200
200
200
200
200
200
200
200
200
200
200
200
200
200
200
200
200
200
200
200
200
200
200
200
200
200
200
200
200
200
200
200
200
200
200
200
200
200
200
200
200
200
177.597378842
0.739233563217
0.00856454759802
0.000473159407502
5.78877029329e-05
1.01861159594e-05
2.25228021296e-06
6.90679282664e-07
3.75011477821e-07
3.91334557765e-07
6.5987365195e-07
1.49403822984e-06
4.20511594281e-06
1.43962631843e-05
5.994373083e-05
0.00030677124982
0.00205112990936
0.0191588315197
0.26801963455
5.21654946974
122.056564994
192.152379249
199.952515058
196.842402738
182.269093653
167.970660053
158.048553055
149.906755057
142.241222404
137.095901262
132.297637257
128.673979393
124.021169083
129.141225376
121.215118707
108.104796177
200
200
200
200
200
200
200
200
200
200
200
200
200
200
200
200
200
200
200
200
200
200
200
200
200
200
200
200
200
200
200
200
200
200
200
200
200
200
200
200
200
200
200
200
200
200
200
200
200
200
200
200
200
200
200
200
200
200
33.4120670793
0.0387485963485
2.56923002784e-05
4.011384283e-08
2.3543612281e-09
3.87342755839e-10
9.37238017528e-11
2.75766967987e-11
1.09741224133e-11
7.50858372152e-12
8.8090216571e-12
1.49979075512e-11
3.24326050035e-11
8.46229672305e-11
2.61794697765e-10
9.50650596812e-10
4.03883516698e-09
2.11108742847e-08
1.41703816851e-07
1.28607204395e-06
1.59991682165e-05
0.000272371411322
0.00657267622272
0.252248656543
13.5208494943
167.035684793
180.240596318
170.819774816
161.893925336
153.410343916
146.004864358
141.07350404
136.359301436
132.905306074
130.767880601
132.938364819
127.658266737
113.611414179
200
200
200
200
200
200
200
200
200
200
200
200
200
200
200
200
200
200
200
200
200
200
200
200
200
200
200
200
200
200
200
200
200
200
200
200
200
200
200
200
200
200
200
200
200
200
200
200
200
200
200
200
200
200
200
200
188.231567962
0.0217754523863
8.0408558225e-07
2.06945569238e-11
4.22948314715e-13
3.68285058364e-14
7.38963034674e-15
2.1786993749e-15
7.94433025456e-16
4.36882902292e-16
3.94962148769e-16
5.32136754079e-16
9.33251439003e-16
1.97499383277e-15
4.84714065888e-15
1.36708247213e-14
4.44316615721e-14
1.70071907326e-13
7.83184711889e-13
4.46076165482e-12
3.23724502107e-11
3.02793112075e-10
3.44022575445e-09
4.89472059174e-08
9.73173278524e-07
2.77269790695e-05
0.00112271258182
0.0588448214451
3.72186695785
132.426664708
163.138118636
155.646476452
149.22225434
146.314818328
140.605613931
137.601764675
134.928039565
133.00500197
135.411103574
118.307776307
200
200
200
200
200
200
200
200
200
200
200
200
200
200
200
200
200
200
200
200
200
200
200
200
200
200
200
200
200
200
200
200
200
200
200
200
200
200
200
200
200
200
200
200
200
200
200
200
200
200
200
200
200
200
200
0.186988461049
5.98510098816e-06
8.07028572131e-13
1.60782880759e-16
1.29583038142e-17
2.3221283055e-18
6.09007484556e-19
2.17965747802e-19
1.03653729727e-19
7.4647974849e-20
8.05200215578e-20
1.15048370983e-19
1.97755221082e-19
3.94176656671e-19
9.08576229598e-19
2.38070256067e-18
7.14155575972e-18
2.47039124233e-17
1.00155075186e-16
4.81660458518e-16
2.81581228787e-15
1.93599828719e-14
1.62437128407e-13
1.70164916038e-12
2.34219842206e-11
4.30448762468e-10
9.5600168166e-09
2.82955181488e-07
1.11533317421e-05
0.000468985293293
0.0365044266982
4.57001684032
141.029992231
153.802343598
150.370194274
144.788383327
141.443290207
138.119909466
136.299945048
140.547022101
122.255676232
200
200
200
200
200
200
200
200
200
200
200
200
200
200
200
200
200
200
200
200
200
200
200
200
200
200
200
200
200
200
200
200
200
200
200
200
200
200
200
200
200
200
200
200
200
200
200
200
200
200
200
200
200
200
0.00558582746038
6.01103533575e-13
1.72231668384e-18
1.50709903913e-20
1.97608794258e-21
4.73958034615e-22
1.62028900249e-22
7.11506226976e-23
4.08851111793e-23
3.43215566388e-23
4.02338508867e-23
5.92193540601e-23
1.02248032492e-22
2.0173705358e-22
4.45180330156e-22
1.11873977623e-21
3.17194143919e-21
1.02015480891e-20
3.72874359814e-20
1.54184759917e-19
7.38403899281e-19
4.15467366383e-18
2.74989904713e-17
2.16647370669e-16
2.08494419107e-15
2.44372151258e-14
3.58380422058e-13
6.91104477182e-12
1.78808765604e-10
5.34670061852e-09
1.71151267041e-07
8.79188584797e-06
0.000805677815698
0.187002029918
86.9045365353
150.7412051
146.815618644
143.926727062
141.741329341
138.777748066
141.569435487
125.101532985
200
200
200
200
200
200
200
200
200
200
200
200
200
200
200
200
200
200
200
200
200
200
200
200
200
200
200
200
200
200
200
200
200
200
200
200
200
200
200
200
200
200
200
200
200
200
200
200
200
200
200
200
200
0.000806306449535
3.15372738981e-19
1.35675526266e-22
6.88467751853e-24
1.25329344763e-24
3.51153916584e-25
1.3546515135e-25
6.70836506466e-26
4.21145870814e-26
3.69361328347e-26
4.35672476384e-26
6.36326866255e-26
1.07667753764e-25
2.05148215984e-25
4.41858919031e-25
1.07114724746e-24
2.86500334684e-24
8.68310690452e-24
2.98550117748e-23
1.14914478201e-22
4.92173520229e-22
2.39211124682e-21
1.33084720392e-20
8.29130016312e-20
5.93830482709e-19
5.12242065721e-18
5.29681505324e-17
6.68642095482e-16
1.03953982827e-14
2.05762594421e-13
4.51889850335e-12
1.30274867962e-10
5.16198511397e-09
3.51135878486e-07
4.79686640723e-05
0.0117738549353
9.83086104108
145.352542803
145.264064577
143.550116006
140.656551998
141.774223255
126.730882437
200
200
200
200
200
200
200
200
200
200
200
200
200
200
200
200
200
200
200
200
200
200
200
200
200
200
200
200
200
200
200
200
200
200
200
200
200
200
200
200
200
200
200
200
200
200
200
200
200
200
200
200
0.000212788427828
1.97288317927e-23
1.35399807297e-25
1.37402697266e-26
2.85471345484e-27
8.29426442071e-28
3.18294988767e-28
1.4860572909e-28
9.06514096243e-29
7.45630891498e-29
8.33785137372e-29
1.18767128873e-28
2.13168181698e-28
4.13013498474e-28
8.87579295577e-28
2.08174242398e-27
5.46536331129e-27
1.60115822593e-26
5.17940782625e-26
1.81800467837e-25
7.09443563464e-25
3.01472347117e-24
1.46382356897e-23
7.86141524249e-23
4.66199633246e-22
3.14531807764e-21
2.46191645928e-20
2.17675932471e-19
2.29239008087e-18
2.99453151057e-17
4.3907386394e-16
7.72778586373e-15
1.68016939262e-13
5.4007181681e-12
3.28817052911e-10
2.63620985628e-08
4.27374240065e-06
0.00188021284607
2.6277648408
142.813591282
143.481255204
142.266629742
140.709789668
127.677570681
200
200
200
200
200
200
200
200
200
200
200
200
200
200
200
200
200
200
200
200
200
200
200
200
200
200
200
200
200
200
200
200
200
200
200
200
200
200
200
200
200
200
200
200
200
200
200
200
200
200
200
7.94253818335e-05
2.55561191514e-26
5.96762296063e-28
1.42178902996e-29
0
0
0
0
0
0
0
0
0
3.02920887222e-31
9.96952405215e-31
5.05551838422e-30
1.50728107467e-29
5.10446163192e-29
1.72761390445e-28
6.05384394446e-28
2.20626431311e-27
8.67818822207e-27
3.68238814385e-26
1.67087958061e-25
8.35036610954e-25
4.61184415296e-24
2.91833982303e-23
2.02569280701e-22
1.58393233254e-21
1.45693540091e-20
1.42750443472e-19
1.64836460298e-18
2.41424979656e-17
4.45723665158e-16
1.12080323833e-14
4.92352300917e-13
3.05207936888e-11
3.82008724377e-09
8.81672298058e-07
0.000567781576189
1.67421778643
140.403216554
142.871595007
139.87340097
128.578095715
200
200
200
200
200
200
200
200
200
200
200
200
200
200
200
200
200
200
200
200
200
200
200
200
200
200
200
200
200
200
200
200
200
200
200
200
200
200
200
200
200
200
200
200
200
200
200
200
200
200
3.44363813314e-05
2.99854976163e-28
0
0
0
0
0
0
0
0
0
0
0
0
0
0
0
2.28809355676e-31
6.28590599251e-31
2.79223202389e-30
1.17675561817e-29
4.78569064776e-29
1.97523741429e-28
8.19233506311e-28
3.48295740503e-27
1.65333146926e-26
8.19475032194e-26
4.49399941479e-25
2.75952284958e-24
1.96796096095e-23
1.42387934696e-22
1.16735949987e-21
1.1322530504e-20
1.32777817185e-19
1.99259735035e-18
4.64565431255e-17
1.37704481448e-15
5.76426872773e-14
5.02526518098e-12
8.81547308359e-10
2.92347106654e-07
0.000358731078902
3.95835938163
140.506808469
140.673286477
129.265657929
200
200
200
200
200
200
200
200
200
200
200
200
200
200
200
200
200
200
200
200
200
200
200
200
200
200
200
200
200
200
200
200
200
200
200
200
200
200
200
200
200
200
200
200
200
200
200
200
200
2.49434590602e-05
3.21659473802e-33
0
0
0
0
0
0
0
0
0
0
0
0
0
0
0
0
0
0
2.20529873284e-32
3.55569479756e-31
1.00659995285e-30
4.50748588586e-30
2.48284185318e-29
9.93184462685e-29
5.0456829784e-28
2.2906521946e-27
1.19965974289e-26
6.11897022745e-26
3.62196084699e-25
2.24458107444e-24
1.64756557694e-23
1.32530438556e-22
1.27228040818e-21
1.55987530838e-20
2.72730897875e-19
6.08256034467e-18
2.02689940643e-16
1.16139342107e-14
1.20405081524e-12
2.98867876717e-10
1.76411358842e-07
0.000706745969932
35.8856711826
140.533745157
129.087139785
200
200
200
200
200
200
200
200
200
200
200
200
200
200
200
200
200
200
200
200
200
200
200
200
200
200
200
200
200
200
200
200
200
200
200
200
200
200
200
200
200
200
200
200
200
200
200
200
5.79499833653e-05
0
0
0
0
0
0
0
0
0
0
0
0
0
0
0
0
0
0
0
0
0
0
0
2.20977308211e-31
6.50546821408e-31
3.48193590953e-30
1.73458791848e-29
7.17025251641e-29
3.82592626257e-28
1.8301778492e-27
9.79738705195e-27
5.22925667778e-26
3.48355250222e-25
2.4460500353e-24
2.02954624432e-23
1.99379783983e-22
2.73391638528e-21
4.53114845583e-20
1.18624125471e-18
4.30442035846e-17
2.96876021264e-15
4.20281087286e-13
1.64217226267e-10
2.70861188847e-07
0.00437397086474
120.840538429
127.120863311
200
200
200
200
200
200
200
200
200
200
200
200
200
200
200
200
200
200
200
200
200
200
200
200
200
200
200
200
200
200
200
200
200
200
200
200
200
200
200
200
200
200
200
200
200
200
200
0.000221024715284
0
0
0
0
0
0
0
0
0
0
0
0
0
0
0
0
0
0
0
0
0
0
0
0
0
0
1.70436490351e-31
6.45450467086e-31
3.0865441396e-30
1.57535110464e-29
7.28399185385e-29
4.02998741509e-28
1.99787494121e-27
1.14738809991e-26
7.36674119704e-26
4.98567127076e-25
4.1176894355e-24
4.56589745245e-23
5.5428189372e-22
9.6914858227e-21
2.59456495694e-19
1.24365910769e-17
1.1035477153e-15
2.24036663665e-13
2.12637301382e-10
1.23231620751e-06
0.252897289552
123.471824153
200
200
200
200
200
200
200
200
200
200
200
200
200
200
200
200
200
200
200
200
200
200
200
200
200
200
200
200
200
200
200
200
200
200
200
200
200
200
200
200
200
200
200
200
200
200
0.00374581311417
0
0
0
0
0
0
0
0
0
0
0
0
0
0
0
0
0
0
0
0
0
0
0
0
0
0
0
0
0
1.62461620617e-31
7.23697588272e-31
3.81942179128e-30
2.03670154488e-29
9.92745308492e-29
5.96448175266e-28
3.24413945919e-27
2.04792001155e-26
1.38357289826e-25
1.08879185648e-24
1.20883968395e-23
1.4950711502e-22
2.99267417793e-21
9.22967004378e-20
5.09886936679e-18
6.24105103935e-16
2.50367719965e-13
7.84660586717e-10
3.27603330717e-05
101.555094395
200
200
200
200
200
200
200
200
200
200
200
200
200
200
200
200
200
200
200
200
200
200
200
200
200
200
200
200
200
200
200
200
200
200
200
200
200
200
200
200
200
200
200
200
200
200
0
0
0
0
0
0
0
0
0
0
0
0
0
0
0
0
0
0
0
0
0
0
0
0
0
0
0
0
0
0
0
0
2.12507663409e-31
9.98619868933e-31
5.54354234637e-30
3.14455428429e-29
1.83968805203e-28
1.04318298533e-27
7.02446741801e-27
4.69285937739e-26
4.02117195321e-25
3.92625339778e-24
5.85660145394e-23
1.23151663027e-21
4.31608472339e-20
3.01586281306e-18
6.43953801181e-16
6.8008117717e-13
1.19830478609e-08
0.362826082464
200
200
200
200
200
200
200
200
200
200
200
200
200
200
200
200
200
200
200
200
200
200
200
200
200
200
200
200
200
200
200
200
200
200
200
200
200
200
200
200
200
200
200
200
200
0
0
0
0
0
0
0
0
0
0
0
0
0
0
0
0
0
0
0
0
0
0
0
0
0
0
0
0
0
0
0
0
0
0
0
3.42043603256e-31
1.76179326445e-30
1.37365792657e-29
7.14344850761e-29
4.52134080084e-28
3.08715972137e-27
1.93021312011e-26
1.61694073714e-25
1.8330752563e-24
2.8534318512e-23
6.36067377237e-22
2.62714817782e-20
2.90662822398e-18
1.37087527884e-15
7.41150783488e-12
1.72409378166e-05
200
200
200
200
200
200
200
200
200
200
200
200
200
200
200
200
200
200
200
200
200
200
200
200
200
200
200
200
200
200
200
200
200
200
200
200
200
200
200
200
200
200
200
200
200
0
0
0
0
0
0
0
0
0
0
0
0
0
0
0
0
0
0
0
0
0
0
0
0
0
0
0
0
0
0
0
0
0
0
0
0
1.03844986121e-31
7.65084028043e-31
5.60951019425e-30
3.41051141881e-29
2.29908472472e-28
1.52182313668e-27
1.05672862164e-26
8.84356892115e-26
9.64728208585e-25
1.58318588915e-23
3.92962522038e-22
2.43457767483e-20
5.26887984936e-18
9.80445619872e-15
3.03363426291e-09
200
200
200
200
200
200
200
200
200
200
200
200
200
200
200
200
200
200
200
200
200
200
200
200
200
200
200
200
200
200
200
200
200
200
200
200
200
200
200
200
200
200
200
200
200
0
0
0
0
0
0
0
0
0
0
0
0
0
0
0
0
0
0
0
0
0
0
0
0
0
0
0
0
0
0
0
0
0
0
0
0
0
0
3.62580293735e-31
3.04754228648e-30
1.83227508042e-29
1.37065239606e-28
8.59504363418e-28
5.61322667439e-27
4.663320509e-26
5.94299628299e-25
1.03589290128e-23
3.69962446283e-22
3.78577706452e-20
2.88475528041e-17
9.6071699898e-13
200
200
200
200
200
200
200
200
200
200
200
200
200
200
200
200
200
200
200
200
200
200
200
200
200
200
200
200
200
200
200
200
200
200
200
200
200
200
200
200
200
200
200
200
0
0
0
0
0
0
0
0
0
0
0
0
0
0
0
0
0
0
0
0
0
0
0
0
0
0
0
0
0
0
0
0
0
0
0
0
0
0
0
0
1.629003913e-31
1.90187004795e-30
1.32263470204e-29
9.33040252955e-29
5.73464493388e-28
4.598477006e-27
3.58210162754e-26
4.83940607831e-25
1.12755926384e-23
5.3539102585e-22
1.5384448333e-19
9.54648510217e-16
200
200
200
200
200
200
200
200
200
200
200
200
200
200
200
200
200
200
200
200
200
200
200
200
200
200
200
200
200
200
200
200
200
200
200
200
200
200
200
200
200
200
200
200
0
0
0
0
0
0
0
0
0
0
0
1.53632283549e-31
7.68646964202e-31
1.18527863247e-30
2.03372119167e-30
0
0
0
0
0
0
0
0
0
0
0
0
0
0
0
0
0
0
0
0
0
0
0
0
0
0
6.90123607361e-32
1.30994571605e-30
1.17234721633e-29
7.78569049789e-29
5.16927074399e-28
4.02085290882e-27
3.87630115509e-26
5.65972271265e-25
1.54497632682e-23
1.75962885961e-21
2.49276043308e-18
200
200
200
1.95184390414e-34
0
0
0
0
0
0
0
0
0
0
0
0
0
0
0
0
0
0
0
2.43942305007e-29
3.5392781348e-27
200
200
200
200
200
200
200
200
200
200
200
200
200
200
200
200
200
200
200
0
0
0
0
0
0
0
0
0
5.33028384737e-31
8.83870775615e-30
5.44997642044e-29
3.89874160616e-28
2.56706146262e-27
4.87758450935e-27
6.83709798745e-27
1.83871063759e-28
1.24857331577e-29
0
0
0
0
0
0
0
0
0
0
0
0
0
0
0
0
0
0
0
0
0
0
0
0
1.21798821654e-32
1.10080358988e-30
8.80848732117e-30
6.22010964774e-29
5.00036908211e-28
4.0313994333e-27
3.92630994482e-26
7.98634403103e-25
4.22182360379e-23
1.6700734796e-20
2.43001281057e-35
1.27895411083e-35
0
0
0
0
0
0
0
0
0
0
0
0
0
0
0
0
0
0
0
0
0
0
0
0
0
0
0
0
1.40082096998e-28
1.91815713075e-26
200
200
200
200
200
200
200
200
200
200
200
0
0
0
0
0
0
0
0
1.33159774297e-31
1.14998438916e-29
5.81943871174e-28
5.10745989753e-26
200
200
200
200
200
200
200
200
200
200
199.999999997
199.606952548
0
0
0
0
0
0
0
0
0
0
0
0
0
0
0
0
0
0
0
0
4.78628999912e-34
1.27912969317e-30
1.012039702e-29
8.99969678849e-29
6.81122936412e-28
5.72597682083e-27
7.41966055781e-26
2.00060590178e-24
2.74559312622e-22
0
0
0
0
0
0
0
0
0
0
0
0
0
0
0
0
0
0
0
0
0
0
0
0
0
0
0
0
0
0
0
0
0
0
0
1.92240099633e-28
9.41093189778e-27
200
200
200
200
200
200
0
0
0
0
0
0
0
1.43918058558e-30
3.35452402588e-28
2.56001044366e-25
200
200
200
200
200
200
200
200
200
200
200
200
200
199.999999999
199.777370835
0
0
0
0
0
0
0
0
0
0
0
0
0
0
0
0
0
0
0
0
4.61139108471e-32
1.83777031536e-30
1.61991713651e-29
1.15224000621e-28
1.08336142642e-27
1.0749365673e-26
1.71308470106e-25
1.04326279218e-23
0
0
0
0
0
0
0
0
0
0
0
0
0
0
0
0
0
0
0
0
0
0
0
0
0
0
0
0
0
0
0
0
0
0
0
0
0
0
1.58144163657e-30
1.40110369252e-28
1.75793083144e-27
4.08388056142e-27
9.20437741426e-29
0
0
0
0
0
0
1.46194478619e-29
9.34547625227e-27
200
200
200
200
200
200
200
200
200
200
200
200
200
200
200
200
199.999999999
199.767729429
0
0
0
0
0
0
0
0
0
0
0
0
0
0
0
0
0
0
0
0
1.44642181962e-31
3.57725966902e-30
2.48235804839e-29
2.02170783175e-28
1.80017106944e-27
2.47223704592e-26
7.23382368219e-25
0
0
0
0
0
0
0
0
0
0
0
0
0
0
0
0
0
0
0
0
0
0
0
0
0
0
0
0
0
0
0
0
0
0
0
0
0
0
0
0
0
0
1.06003179626e-29
0
0
1.88310333574e-33
3.23328029391e-33
2.01917643499e-31
1.16730959337e-28
5.77677521919e-25
200
200
200
200
200
200
200
200
200
200
200
200
200
200
200
200
200
200
199.999999999
199.708884331
0
0
0
0
0
0
0
0
0
0
0
0
0
0
0
0
0
0
0
0
4.26705691342e-31
6.6244146299e-30
5.55467118219e-29
4.882132692e-28
5.26594207779e-27
8.52142919106e-26
0
0
0
0
0
0
0
0
0
0
0
0
0
0
0
0
0
0
0
0
0
0
0
0
0
0
0
0
0
0
0
0
0
0
0
0
0
0
0
0
0
0
0
0
2.39404007469e-33
1.56469740141e-32
1.22173075665e-30
2.374802782e-28
8.78705689804e-23
200
200
200
200
200
200
200
200
200
200
200
200
200
200
200
200
200
200
200
200
199.999999999
199.64059794
0
0
0
0
0
0
0
0
0
0
0
0
0
0
0
0
0
0
0
0
1.42532568137e-30
1.32072802948e-29
1.51719807711e-28
1.49442221364e-27
1.65277300624e-26
0
0
0
0
0
0
0
0
0
0
0
0
0
0
0
0
0
0
0
0
0
0
0
0
0
0
0
0
0
0
0
0
0
0
0
0
0
0
0
0
0
0
0
0
0
8.18714770184e-31
9.19839496434e-29
200
200
200
200
200
200
200
200
200
200
200
200
200
200
200
200
200
200
200
200
200
200
200
199.999999999
199.45221451
0
0
0
0
0
0
0
0
0
0
0
0
0
0
0
0
0
0
0
2.0559634316e-31
4.75057079533e-30
3.95447784947e-29
4.44356511372e-28
4.47655684616e-27
0
0
0
0
0
0
0
0
0
0
0
0
0
0
0
0
0
0
0
0
0
0
0
0
0
0
0
0
0
0
0
0
0
0
0
0
0
0
0
0
0
0
0
0
0
0
8.5261552809e-27
200
200
200
200
200
200
200
200
200
200
200
200
200
200
200
200
200
200
200
200
200
200
200
200
199.999999998
0
0
0
0
0
0
0
0
0
0
0
0
0
0
0
0
0
0
0
0
1.29200951146e-30
1.52655458044e-29
1.68596920537e-28
1.50773102237e-27
0
0
0
0
0
0
0
0
0
0
0
0
0
0
0
0
0
0
0
0
0
0
0
0
0
0
0
0
0
0
0
0
0
0
0
0
0
0
0
0
0
0
0
0
0
0
0
0
1.7815262513e-34
200
200
200
200
200
200
200
200
200
200
200
200
200
200
200
200
200
200
200
200
200
200
200
199.999999993
0
0
0
0
0
0
0
0
0
0
0
0
0
0
0
0
0
0
0
3.55801460585e-31
6.58351033744e-30
7.34089045101e-29
6.16227485111e-28
0
0
0
0
0
0
0
0
0
0
0
0
0
0
0
0
0
0
0
0
0
0
0
0
0
0
0
0
0
0
0
0
0
0
0
0
0
0
0
0
0
0
0
0
0
0
0
0
0
1.60337362617e-34
2.14685719418e-33
1.23403299051e-27
200
200
200
200
200
200
200
200
200
200
200
200
200
200
200
200
200
200
200
200
200
0
0
0
0
0
0
0
0
0
0
0
0
0
0
0
0
0
0
0
8.87396203188e-32
3.22267102042e-30
3.61339190447e-29
2.96985734657e-28
0
0
0
0
0
0
0
0
0
0
0
0
0
0
0
0
0
0
0
0
0
0
0
0
0
0
0
0
0
0
0
0
0
0
0
0
0
0
0
0
0
0
0
0
0
0
0
0
0
0
1.44303626355e-34
8.10614239076e-34
9.96859159808e-33
4.54623549624e-27
200
200
200
200
200
200
200
200
200
200
200
200
200
200
200
200
200
200
200
199.999999996
0
0
0
0
0
0
0
0
0
0
0
0
0
0
0
0
0
0
0
1.4696908965e-30
1.81245729161e-29
1.63946331014e-28
0
0
0
0
0
0
0
0
0
0
0
0
0
0
0
0
0
0
0
0
0
0
0
0
0
0
0
0
0
0
0
0
0
0
0
0
0
0
0
0
0
0
0
0
0
0
0
0
0
0
0
2.74176890074e-34
6.12666877821e-34
8.5622027181e-33
2.45743811721e-32
9.33377617291e-26
200
200
200
200
200
200
200
200
200
200
200
200
200
200
200
200
200
200
0
0
0
0
0
0
0
0
0
0
0
0
0
0
0
0
0
0
0
7.21530974679e-31
9.90680364143e-30
1.01159467967e-28
0
0
0
0
0
0
0
0
0
0
0
0
0
0
0
0
0
0
0
0
0
0
0
0
0
0
0
0
0
0
0
0
0
0
0
0
0
0
0
0
0
0
0
0
0
0
0
0
0
0
0
0
2.46759201067e-34
5.51400190039e-34
7.60078510268e-33
1.67458540673e-32
1.87020082829e-27
200
200
200
200
200
200
200
200
200
200
200
200
200
200
200
200
200
199.999999988
0
0
0
0
0
0
0
0
0
0
0
0
0
0
0
0
0
0
4.41170319109e-31
7.45620602848e-30
6.83811667207e-29
0
0
0
0
0
0
0
0
0
0
0
0
0
0
0
0
0
0
0
0
0
0
0
0
0
0
0
0
0
0
0
0
0
0
0
0
0
0
0
0
0
0
0
0
0
0
0
0
0
0
0
0
0
3.5195654468e-34
1.20395864817e-33
5.83446782219e-33
9.05184887673e-33
1.81867340963e-28
200
200
200
200
200
200
200
200
200
200
200
200
200
200
200
200
200
0
0
0
0
0
0
0
0
0
0
0
0
0
0
0
0
0
0
2.61475252089e-31
5.9902011052e-30
5.10317434815e-29
0
0
0
0
0
0
0
0
0
0
0
0
0
0
0
0
0
0
0
0
0
0
0
0
0
0
0
0
0
0
0
0
0
0
0
0
0
0
0
0
0
0
0
0
0
0
0
0
0
0
0
0
0
1.05197343613e-34
2.2208328096e-34
1.84207459216e-33
4.90641248397e-33
8.10569815742e-33
7.87911546576e-33
200
200
200
200
200
200
200
200
200
200
200
200
200
200
200
200
0
0
0
0
0
0
0
0
0
0
0
0
0
0
0
0
0
0
2.1627520124e-31
4.83135980924e-30
4.19430762712e-29
0
0
0
0
0
0
0
0
0
0
0
0
0
0
0
0
0
0
0
0
0
0
0
0
0
0
0
0
0
0
0
0
0
0
0
0
0
0
0
0
0
0
0
0
0
0
0
0
0
0
0
0
0
1.05197343613e-34
1.99874952864e-34
1.99874952864e-34
1.94513016732e-33
4.72620967636e-33
7.1263918878e-33
6.79326123371e-33
200
200
200
200
200
200
200
200
200
200
200
200
200
200
200
0
0
0
0
0
0
0
0
0
0
0
0
0
0
0
0
0
0
1.99401994411e-31
4.73148770901e-30
3.88911172251e-29
0
0
0
0
0
0
0
0
0
0
0
0
0
0
0
0
0
0
0
0
0
0
0
0
0
0
0
0
0
0
0
0
0
0
0
0
0
0
0
0
0
0
0
0
0
0
0
0
0
0
0
0
0
0
1.99874952864e-34
1.99874952864e-34
1.99874952864e-34
2.35898892587e-33
5.427083118e-33
5.85493487022e-33
2.99556268924e-29
200
200
200
200
200
200
200
200
200
200
200
200
200
200
0
0
0
0
0
0
0
0
0
0
0
0
0
0
0
0
0
0
2.04113564131e-31
4.68308270705e-30
3.98172626913e-29
0
0
0
0
0
0
0
0
0
0
0
0
0
0
0
0
0
0
0
0
0
0
0
0
0
0
0
0
0
0
0
0
0
0
0
0
0
0
0
0
0
0
0
0
0
0
0
0
0
0
0
0
0
0
0
1.99874952864e-34
1.99874952864e-34
1.99874952864e-34
2.81883199093e-33
4.23798623034e-33
4.095772708e-33
6.39990080444e-28
200
200
200
200
200
200
200
200
200
200
200
200
200
0
0
0
0
0
0
0
0
0
0
0
0
0
0
0
0
0
0
2.83740333406e-31
4.89745907283e-30
4.3932313515e-29
0
0
0
0
0
0
0
0
0
0
0
0
0
0
0
0
0
0
0
0
0
0
0
0
0
0
0
0
0
0
0
0
0
0
0
0
0
0
0
0
0
0
0
0
0
0
0
0
0
0
0
0
0
0
0
0
0
1.05197343613e-34
3.16760890212e-34
2.67382222447e-33
3.52771609115e-33
2.53929821339e-33
200
200
200
200
200
200
200
200
200
200
200
200
200
0
0
0
0
0
0
0
0
0
0
0
0
0
0
0
0
0
0
3.89586675633e-31
6.63245451187e-30
5.1762614569e-29
0
0
0
0
0
0
0
0
0
0
0
0
0
0
0
0
0
0
0
0
0
0
0
0
0
0
0
0
0
0
0
0
0
0
0
0
0
0
0
0
0
0
0
0
0
0
0
0
0
0
0
0
0
0
0
0
0
0
5.51400190039e-34
7.29552815168e-34
6.56597533651e-34
1.32679148262e-33
1.70589968052e-31
200
200
200
200
200
200
200
200
200
200
200
200
0
0
0
0
0
0
0
0
0
0
0
0
0
0
0
0
0
0
5.72960875518e-31
8.5605369689e-30
6.49138850548e-29
0
0
0
0
0
0
0
0
0
0
0
0
0
0
0
0
0
0
0
0
0
0
0
0
0
0
0
0
0
0
0
0
0
0
0
0
0
0
0
0
0
0
0
0
0
0
0
0
0
0
0
0
0
0
0
0
0
0
1.44303626355e-34
6.12666877821e-34
9.27500176423e-34
7.29552815168e-34
3.6331678707e-32
200
200
200
200
200
200
200
200
200
200
200
200
0
0
0
0
0
0
0
0
0
0
0
0
0
0
0
0
0
0
9.78299670159e-31
1.09128477961e-29
8.01730528349e-29
0
0
0
0
0
0
0
0
0
0
0
0
0
0
0
0
0
0
0
0
0
0
0
0
0
0
0
0
0
0
0
0
0
0
0
0
0
0
0
0
0
0
0
0
0
0
0
0
0
0
0
0
0
0
0
0
0
0
0
0
6.80740975356e-34
1.03055575158e-33
1.47507329886e-32
3.09828819407e-31
200
200
200
200
200
200
200
200
200
200
200
1.05197343613e-34
0
0
0
0
0
0
0
0
0
0
0
0
0
0
0
0
5.43865701779e-32
1.70871530059e-30
1.56812248612e-29
9.50984227682e-29
0
0
0
0
0
0
0
0
0
0
0
0
0
0
0
0
0
0
0
0
0
0
0
0
0
0
0
0
0
0
0
0
0
0
0
0
0
0
0
0
0
0
0
0
0
0
0
0
0
0
0
0
0
0
0
0
0
0
0
0
0
7.56378861507e-34
1.6634082779e-32
1.16511174541e-31
200
200
200
200
200
200
200
200
200
200
200
1.05197343613e-34
1.05197343613e-34
0
0
0
0
0
0
0
0
0
0
0
0
0
0
0
1.71818329966e-31
2.84228986016e-30
2.36209992974e-29
2.45577485582e-28
0
0
0
0
0
0
0
0
0
0
0
0
0
0
0
0
0
0
0
0
0
0
0
0
0
0
0
0
0
0
0
0
0
0
0
0
0
0
0
0
0
0
0
0
0
0
0
0
0
0
0
0
0
0
0
0
0
0
0
0
0
0
7.18642757987e-33
3.86597859465e-32
200
200
200
200
200
200
200
200
200
200
200
1.05197343613e-34
1.05197343613e-34
1.05197343613e-34
0
0
0
0
0
0
0
0
0
0
0
0
0
0
4.35870744361e-31
4.51614910768e-30
3.21774607682e-29
7.97284791934e-28
0
0
0
0
0
0
0
0
0
0
0
0
0
0
0
0
0
0
0
0
0
0
0
0
0
0
0
0
0
0
0
0
0
0
0
0
0
0
0
0
0
0
0
0
0
0
0
0
0
0
0
0
0
0
0
0
0
0
0
0
0
0
0
3.64809079141e-32
200
200
200
200
200
200
200
200
200
200
0
9.46776092515e-35
1.05197343613e-34
1.05197343613e-34
1.05197343613e-34
0
0
0
0
0
0
0
0
0
0
0
0
4.7076007432e-33
7.96798519681e-31
8.14804407404e-30
4.07268292802e-29
1.44018013104e-27
0
0
0
0
0
0
0
0
0
0
0
0
0
0
0
0
0
0
0
0
0
0
0
0
0
0
0
0
0
0
0
0
0
0
0
0
0
0
0
0
0
0
0
0
0
0
0
0
0
0
0
0
0
0
0
0
0
0
0
0
0
0
0
3.33479145469e-32
200
200
200
200
200
200
200
200
200
200
0
0
9.46776092515e-35
1.05197343613e-34
1.05197343613e-34
0
0
0
0
0
0
0
0
0
0
0
0
1.3933676242e-31
1.35211708906e-30
1.04872236156e-29
4.42786646776e-29
2.38985866041e-27
0
0
0
0
0
0
0
0
0
0
0
0
0
0
0
0
0
0
0
0
0
0
0
0
0
0
0
0
0
0
0
0
0
0
0
0
0
0
0
0
0
0
0
0
0
0
0
0
0
0
0
0
0
0
0
0
0
0
0
0
0
0
0
0
200
200
200
200
200
200
200
200
200
0
0
0
0
1.05197343613e-34
1.05197343613e-34
1.05197343613e-34
0
0
0
0
0
0
0
0
0
0
0
2.85036697469e-31
2.85075384993e-30
1.39067303371e-29
9.2456331631e-29
3.35022830338e-27
0
0
0
0
0
0
0
0
0
0
0
0
0
0
0
0
0
0
0
0
0
0
0
0
0
0
0
0
0
0
0
0
0
0
0
0
0
0
0
0
0
0
0
0
0
0
0
0
0
0
0
0
0
0
0
0
0
0
0
0
0
0
0
0
200
200
200
200
200
200
200
200
0
0
0
0
0
0
1.05197343613e-34
1.05197343613e-34
0
0
0
0
0
0
0
0
0
0
7.3696156227e-32
5.36883029195e-31
3.27891136317e-30
1.32869901718e-29
2.05408449558e-28
5.19256290146e-27
0
0
0
0
0
0
0
0
0
0
0
0
0
0
0
0
0
0
0
0
0
0
0
0
0
0
0
0
0
0
0
0
0
0
0
0
0
0
0
0
0
0
0
0
0
0
0
0
0
0
0
0
0
0
0
0
0
0
0
0
0
0
0
0
200
200
200
200
200
200
200
0
0
0
0
0
0
0
0
1.05197343613e-34
0
0
0
0
0
0
0
0
0
0
2.06773136578e-31
1.1007954317e-30
3.8169490521e-30
9.28341911915e-30
2.42468536782e-28
7.74071607538e-27
0
0
0
0
0
0
0
0
0
0
0
0
0
0
0
0
0
0
0
0
0
0
0
0
0
0
0
0
0
0
0
0
0
0
0
0
0
0
0
0
0
0
0
0
0
0
0
0
0
0
0
0
0
0
0
0
0
0
0
0
0
0
0
14.631962444
200
200
200
200
200
200
0
0
0
0
0
0
0
0
0
0
0
0
0
0
0
0
0
0
0
8.15969454687e-32
3.04137758176e-31
1.22264584797e-30
2.26328322366e-30
2.07978619394e-29
3.71215033142e-28
1.09661637844e-26
0
0
0
0
0
0
0
0
0
0
0
0
0
0
0
0
0
0
0
0
0
0
0
0
0
0
0
0
0
0
0
0
0
0
0
0
0
0
0
0
0
0
0
0
0
0
0
0
0
0
0
0
0
0
0
0
0
0
0
0
0
0
0
200
200
200
200
200
200
0
0
0
0
0
0
0
0
0
0
0
0
0
0
0
0
0
0
0
0
2.24836480188e-31
8.36785245071e-31
1.40563840532e-30
4.0207422916e-31
2.01756459024e-29
6.29577754788e-28
1.18127030033e-26
0
0
0
0
0
0
0
0
0
0
0
0
0
0
0
0
0
0
0
0
0
0
0
0
0
0
0
0
0
0
0
0
0
0
0
0
0
0
0
0
0
0
0
0
0
0
0
0
0
0
0
0
0
0
0
0
0
0
0
0
0
0
0
200
200
200
200
0
0
0
0
0
0
0
0
0
0
0
0
0
0
0
0
0
0
0
0
0
1.26958824e-31
4.66952267573e-31
1.51854507058e-30
2.56615901465e-30
1.68046650541e-31
5.18803153256e-30
1.05245703644e-27
1.08943761427e-26
0
0
0
0
0
0
0
0
0
0
0
0
0
0
0
0
0
0
0
0
0
0
0
0
0
0
0
0
0
0
0
0
0
0
0
0
0
0
0
0
0
0
0
0
0
0
0
0
0
0
0
0
0
0
0
0
0
0
0
0
0
0
0
200
0
0
0
0
0
0
0
0
0
0
0
0
0
0
0
0
0
0
0
0
0
0
0
8.4908993975e-32
2.20323093918e-31
6.01185837224e-31
1.43744775031e-30
1.62747792214e-30
5.07247720372e-30
2.03782919178e-29
5.32654285171e-28
5.87906308193e-27
0
0
0
0
0
0
0
0
0
0
0
0
0
0
0
0
0
0
0
0
0
0
0
0
0
0
0
0
0
0
0
0
0
0
0
0
0
0
0
0
0
0
0
0
0
0
0
0
0
0
0
0
0
0
0
0
0
0
0
0
0
0
0
0
0
0
0
0
0
0
0
0
0
0
0
0
0
0
0
0
0
0
0
0
0
0
5.72977718031e-32
2.82796830574e-31
4.37617595957e-31
6.1219061171e-31
6.36806447385e-31
2.98142613098e-29
3.70985042582e-29
6.93160117416e-29
3.97509914288e-28
9.40414618847e-27
2.43001281057e-35
0
0
0
0
0
0
0
0
0
0
0
0
0
0
0
0
0
0
0
0
0
0
0
0
0
0
0
0
0
0
0
0
0
0
0
0
0
0
0
0
0
0
0
0
0
0
0
0
0
0
0
0
0
0
0
0
0
0
0
0
0
0
0
0
0
0
0
0
0
0
0
0
0
0
0
0
0
0
0
0
0
0
0
0
5.09322967295e-32
3.09644002129e-31
4.66677663463e-31
5.09325766207e-31
1.01338559136e-30
7.39243999067e-30
8.25488422319e-30
1.24548275746e-29
2.93153102477e-29
1.7195806787e-28
5.49401962712e-27
200
200
5.85145192445e-35
0
0
0
0
0
0
0
0
0
0
0
0
0
0
0
0
0
0
0
0
0
0
0
0
0
0
0
0
0
0
0
0
0
0
0
0
0
0
0
0
0
0
0
0
0
0
0
0
0
0
0
0
0
0
0
0
0
0
0
0
0
0
0
0
0
0
0
0
0
0
0
0
0
0
0
0
0
0
0
0
0
8.08528136028e-32
3.45434641988e-31
3.4247404002e-31
6.34753124097e-31
3.0720268384e-30
2.73265760919e-30
2.95314701968e-30
4.69385402412e-30
8.25630988145e-30
2.00719137184e-29
1.1231511734e-28
5.04490459618e-27
200
200
200
200
200
0
0
0
0
0
0
0
0
0
0
0
0
0
0
0
0
0
0
0
0
0
0
0
0
0
0
0
0
0
0
0
0
0
0
0
0
0
0
0
0
0
0
0
0
0
0
0
0
0
0
0
0
0
0
0
0
0
0
0
0
0
0
0
0
0
0
0
0
0
0
0
0
0
0
3.5195654468e-34
3.91062827422e-34
2.46759201067e-34
3.93491386338e-32
2.72316240227e-31
3.54345794332e-31
3.45831981225e-31
1.7900039838e-30
1.70811646331e-30
1.73936107906e-30
2.02229726136e-30
2.56683581686e-30
3.44017967268e-30
4.83593370723e-30
8.72791433475e-30
4.384053023e-29
3.57677824337e-27
200
200
200
200
200
21.7056273607
4.00088178201e-34
0
0
0
0
0
0
0
0
0
0
0
0
0
0
0
0
0
0
0
0
0
0
0
0
0
0
0
0
0
0
0
0
0
0
0
0
0
0
0
0
0
0
0
0
0
0
0
0
0
0
0
0
0
0
0
0
0
0
0
0
0
0
0
0
0
0
1.52179356441e-31
1.94061985587e-31
1.2759070677e-30
1.94721485891e-30
4.32280921234e-30
5.70347245274e-30
6.58097414845e-30
7.06153136953e-30
4.82208328884e-30
9.02488726965e-31
3.06749592306e-31
1.72189249146e-30
1.26860493024e-30
1.20418555712e-30
1.35217680697e-30
1.59184257095e-30
1.85552244703e-30
2.21779536702e-30
2.7560875111e-30
3.47716184299e-30
4.75662490785e-30
1.02523203231e-29
2.12544285868e-27
200
200
200
200
4.75154975948e-24
2.93187777503e-28
2.17039323667e-27
6.12982886865e-28
1.06221744825e-34
0
0
0
0
0
0
0
0
0
0
0
0
0
0
0
0
0
0
0
0
0
0
0
0
0
0
0
0
0
0
0
0
0
0
0
0
0
0
0
0
0
0
0
0
0
0
0
0
0
0
0
0
0
0
0
0
0
0
0
0
0
0
1.6525938734e-30
8.74661877466e-30
1.78418798057e-29
2.72821994945e-29
3.25274419984e-29
3.50093610468e-29
3.9132210928e-29
3.49366450097e-29
3.13571683189e-29
2.20649832418e-29
8.61641189506e-30
3.57473187025e-30
1.58419744496e-30
1.08657903591e-30
1.08479482473e-30
1.19731147355e-30
1.32718026122e-30
1.49731637908e-30
1.7037735021e-30
1.9664959595e-30
2.31265501213e-30
2.74656372419e-30
3.34613997376e-30
4.60961454279e-30
1.00357862075e-27
200
200
200
3.1174917972e-24
4.53775341352e-27
4.96516230319e-28
7.70700104551e-29
5.26645214277e-31
1.10120703419e-30
1.14617972138e-32
0
0
0
0
0
0
0
0
0
0
0
0
0
0
0
0
0
0
0
0
0
0
0
0
0
0
0
0
0
0
0
0
0
0
0
0
0
0
0
0
0
0
0
0
0
0
0
0
0
0
0
0
0
0
0
0
0
0
0
0
0
8.03002897807e-30
2.32245008424e-29
2.51187886737e-29
2.60193472182e-29
2.82706041467e-29
3.02588145517e-29
3.2144519436e-29
3.27776826393e-29
3.1220681876e-29
2.79932611983e-29
2.24366926797e-29
4.78822823107e-30
1.84078321324e-30
1.37072552743e-30
1.23648759073e-30
1.2516598201e-30
1.32655968133e-30
1.4498187143e-30
1.6059288382e-30
1.80029732653e-30
2.03726649846e-30
2.3229537377e-30
2.66991951873e-30
3.18787396306e-30
4.03642743088e-28
200
58.5232858362
1.20778019646e-24
7.68472536918e-27
7.13801418367e-28
2.47983721177e-29
1.35972748028e-30
3.45457439098e-31
2.03876400844e-31
4.7384550524e-31
6.50039118355e-31
4.78659602032e-34
0
0
0
0
0
0
0
0
0
0
0
0
0
0
0
0
0
0
0
0
0
0
0
0
0
0
0
0
0
0
0
0
0
0
0
0
0
0
0
0
0
0
0
0
0
0
0
0
0
0
0
0
0
0
0
0
0
0
0
1.84194133799e-29
2.6927845997e-29
2.81138487979e-29
2.90307847876e-29
3.04616267955e-29
3.17182589357e-29
3.30989861389e-29
3.40155688706e-29
3.52529085541e-29
3.57070915188e-29
3.32210013974e-29
1.47976114184e-29
3.01576538514e-30
1.80791900057e-30
1.43972240368e-30
1.35388283702e-30
1.3712067909e-30
1.44145403153e-30
1.55296466219e-30
1.69741090589e-30
1.86650593831e-30
2.06480417394e-30
2.2875355907e-30
2.58229035237e-30
1.50015466201e-28
2.55146686288e-23
4.47925760243e-25
1.05414614503e-26
8.40854789389e-28
5.21032790376e-29
1.90849973269e-30
4.72396462144e-31
2.72920991349e-31
2.26580139803e-31
2.79698856821e-31
2.26466611393e-31
3.83674700714e-31
5.68668118049e-33
0
0
0
0
0
0
0
0
0
0
0
0
0
0
0
0
0
0
0
0
0
0
0
0
0
0
0
0
0
0
0
0
0
0
0
0
0
0
0
0
0
0
0
0
0
0
0
0
0
0
0
0
0
0
0
0
0
0
1.67364084288e-29
2.95666066218e-29
2.99223687094e-29
3.20173906197e-29
3.31499939631e-29
3.38999977945e-29
3.48669794818e-29
3.58628802577e-29
3.74022810493e-29
4.00327040969e-29
4.20609859825e-29
2.73504803383e-29
4.74192928032e-30
2.31842588139e-30
1.71182777357e-30
1.50451321141e-30
1.45388559521e-30
1.47485447928e-30
1.54501999341e-30
1.64528752502e-30
1.76895275515e-30
1.91241223361e-30
2.06570936671e-30
2.25795794839e-30
4.45428800158e-29
1.30024509434e-25
1.13675538465e-26
1.08187661326e-27
8.30500556042e-29
2.46713144789e-30
4.25149802453e-31
2.69375488862e-31
2.03922125823e-31
1.8348876076e-31
1.83464694982e-31
1.69383549117e-31
1.4843453528e-31
3.45266475037e-31
9.14517373358e-32
0
0
0
0
0
0
0
0
0
0
0
0
0
0
0
0
0
0
0
0
0
0
0
0
0
0
0
0
0
0
0
0
0
0
0
0
0
0
0
0
0
0
0
0
0
0
0
0
0
0
0
0
0
0
0
0
0
0
4.51432646369e-29
3.5052129753e-29
3.69723269216e-29
3.747739041e-29
3.75020491706e-29
3.80082625386e-29
3.86485792358e-29
4.02196682656e-29
4.20893426415e-29
4.57482869966e-29
3.96354985728e-29
1.0172748083e-29
3.02205075342e-30
2.03207135984e-30
1.69126521334e-30
1.57027848908e-30
1.5451596037e-30
1.57317146639e-30
1.64593494198e-30
1.7378049856e-30
1.84381880005e-30
1.95327719394e-30
200
200
1.36499917656e-26
1.35437224905e-27
1.22308830886e-28
8.57930375444e-31
3.32453324563e-31
2.29033107868e-31
1.8352991324e-31
1.65139884684e-31
1.48584743735e-31
1.48560677957e-31
1.48504227367e-31
1.65004697074e-31
2.32825157964e-31
5.6647818938e-31
2.89506911296e-31
0
0
0
0
0
0
0
0
0
0
0
0
0
0
0
0
0
0
0
0
0
0
0
0
0
0
0
0
0
0
0
0
0
0
0
0
0
0
0
0
0
0
0
0
0
0
0
0
0
0
0
0
0
0
0
0
0
7.56157555407e-29
4.86392157801e-29
4.66651006119e-29
4.4363894437e-29
4.28237370615e-29
4.22223037204e-29
4.25442580985e-29
4.31422238596e-29
4.46850815039e-29
4.69746962408e-29
5.01875282005e-29
1.87817803448e-29
3.95988883273e-30
2.40861770509e-30
1.91503545002e-30
1.71588264867e-30
1.63799896016e-30
1.63964941316e-30
1.67725729017e-30
1.7442952341e-30
200
200
200
200
2.23375303612e-27
1.57352751029e-28
3.12414294817e-31
2.4504499235e-31
1.9610817801e-31
1.64979973201e-31
1.40755274811e-31
1.32098801086e-31
1.20334149145e-31
1.20312489945e-31
1.29539507801e-31
1.46833922776e-31
1.9391549495e-31
4.36042952565e-31
1.06965922286e-29
1.35986595788e-30
0
0
0
0
0
0
0
0
0
0
0
0
0
0
0
0
0
0
0
0
0
0
0
0
0
0
0
0
0
0
0
0
0
0
0
0
0
0
0
0
0
0
0
0
0
0
0
0
0
0
0
0
0
0
0
0
8.04900997098e-29
6.61530968826e-29
5.82467829447e-29
5.34290433336e-29
4.96457205237e-29
4.79653978818e-29
4.69145110436e-29
4.66942450677e-29
4.74225678168e-29
4.8952016822e-29
5.64579838577e-29
2.73744327623e-29
5.04852230222e-30
2.82442939532e-30
2.16508321781e-30
1.88597615666e-30
1.77015914496e-30
1.7351161433e-30
200
200
200
200
200
200
2.19184535719e-28
1.95154652942e-31
1.76045221184e-31
1.54822812869e-31
1.34092094352e-31
1.20366431967e-31
1.08300734231e-31
1.05076964033e-31
9.88019221405e-32
1.00554930735e-31
1.08235515973e-31
1.20231973577e-31
1.64909066398e-31
2.67739892986e-27
9.53759694477e-28
2.99596866064e-28
2.32973894088e-30
0
0
0
0
0
0
0
0
0
0
0
0
0
0
0
0
0
0
0
0
0
0
0
0
0
0
0
0
0
0
0
0
0
0
0
0
0
0
0
0
0
0
0
0
0
0
0
0
0
0
0
0
0
0
0
8.4850431772e-29
8.18427377941e-29
7.03163810634e-29
6.35435012755e-29
5.86327745734e-29
5.46278703081e-29
5.19872799926e-29
5.05904422882e-29
5.02417192527e-29
5.07914376356e-29
5.67368613086e-29
3.16480652911e-29
6.05679333443e-30
3.26246876665e-30
2.43685299642e-30
2.08342085669e-30
200
200
200
200
200
200
200
200
1.34275961313e-31
1.28703490743e-31
1.21025505111e-31
1.11510156464e-31
1.02611871321e-31
9.6111753087e-32
8.76902612179e-32
8.69544626108e-32
8.38920666553e-32
8.59783756225e-32
8.76250429596e-32
9.92735482406e-32
4.22436438489e-22
1.81170755365e-21
2.62837705432e-23
1.93652826788e-25
7.66570886825e-27
6.3990819673e-31
0
0
0
0
0
0
0
0
0
0
0
0
0
0
0
0
0
0
0
0
0
0
0
0
0
0
0
0
0
0
0
0
0
0
0
0
0
0
0
0
0
0
0
0
0
0
0
0
0
0
0
0
0
0
7.31485625452e-29
9.52993729986e-29
8.07178437616e-29
7.3116618526e-29
6.73374150297e-29
6.17177274755e-29
5.74734383949e-29
5.44598797891e-29
5.27051567069e-29
5.19424118321e-29
5.62442209698e-29
3.06389454135e-29
200
200
200
200
200
200
200
200
200
200
200
200
9.80348274844e-32
9.50599395056e-32
9.13722030265e-32
8.72305382581e-32
8.1485363548e-32
7.83043905386e-32
7.27673060092e-32
7.09762847973e-32
7.09762847973e-32
7.09546255971e-32
7.37945266695e-32
1.54931064814e-16
200
200
200
8.58507650829e-20
4.0801573028e-24
4.14713524273e-26
1.04431367799e-31
0
0
0
0
0
0
0
0
0
0
0
0
0
0
0
0
0
0
0
0
0
0
0
0
0
0
0
0
0
0
0
0
0
0
0
0
0
0
0
0
0
0
0
0
0
0
0
0
0
0
0
0
0
5.18487155705e-29
1.04226304631e-28
200
200
200
200
200
200
200
200
200
200
200
200
200
200
200
200
200
200
200
200
200
200
7.71234358554e-32
7.59784279801e-32
7.38283280048e-32
7.10376221577e-32
6.79633170292e-32
6.38914458587e-32
6.24718835468e-32
5.97255153212e-32
5.82657197211e-32
5.91075503956e-32
6.3357109772e-32
200
200
200
200
200
200
7.36468004355e-23
3.35917951405e-26
2.71532731488e-34
0
0
0
0
0
0
0
0
0
0
0
0
0
0
0
0
0
0
0
0
0
0
0
0
0
0
0
0
0
0
0
0
0
0
0
0
0
0
0
0
0
0
0
0
0
0
0
0
0
0
0
0
200
200
200
200
200
200
200
200
200
200
200
200
200
200
200
200
200
200
200
200
200
200
200
200
6.48998503693e-32
6.29962182742e-32
6.17630306334e-32
5.98649150918e-32
5.70951441863e-32
5.47506987746e-32
5.21767564664e-32
5.10209835812e-32
5.0185648241e-32
5.06682960563e-32
5.1688884828e-32
5.74537534535e-32
200
200
200
200
200
200
5.96305638646e-23
7.02912447715e-28
0
0
0
0
0
0
0
0
0
0
0
0
0
0
0
0
0
0
0
0
0
0
0
0
0
0
0
0
0
0
0
0
0
0
0
0
0
0
0
0
0
0
0
0
0
0
0
0
0
0
0
200
200
200
200
200
200
200
200
200
200
200
200
200
200
200
200
200
200
200
200
200
200
200
200
200
5.47296313821e-32
5.3977516915e-32
5.22185260795e-32
5.00159530421e-32
4.85313425199e-32
4.5648915263e-32
4.42324909213e-32
4.28735246469e-32
4.19737297177e-32
4.20344374576e-32
4.36717107559e-32
4.77001344155e-32
5.99893785233e-32
200
200
200
200
200
200
3.40682569484e-24
4.43887364346e-28
0
0
0
0
0
0
0
0
0
0
0
0
0
0
0
0
0
0
0
0
0
0
0
0
0
0
0
0
0
0
0
0
0
0
0
0
0
0
0
0
0
0
0
0
0
0
0
0
0
200
200
200
200
200
200
200
200
200
200
200
200
200
200
200
200
200
200
200
200
200
200
200
200
200
200
4.60009263491e-32
4.46470507263e-32
4.37985347529e-32
4.22868797154e-32
4.02791359599e-32
3.92511620392e-32
3.73026062658e-32
3.6248103521e-32
3.56828791003e-32
3.5636509993e-32
3.64582727463e-32
3.92079991595e-32
4.705640622e-32
5.95168655061e-30
200
200
200
200
200
5.43603257347e-17
1.69309239224e-25
7.88367063138e-31
0
0
0
0
0
0
0
0
0
0
0
0
0
0
0
0
0
0
0
0
0
0
0
0
0
0
0
0
0
0
0
0
0
0
0
0
0
0
0
0
0
0
0
0
0
0
0
0
200
200
200
200
200
200
200
200
200
200
200
200
200
200
200
200
200
200
200
200
200
200
200
200
200
200
3.86170936229e-32
3.78885485513e-32
3.71119933017e-32
3.59471941999e-32
3.48484119847e-32
3.32958968295e-32
3.23000031433e-32
3.1548070244e-32
3.08298914576e-32
3.0427836683e-32
3.09872602228e-32
3.2315014316e-32
3.66063109119e-32
1.99841243402e-30
8.06613701721e-29
200
200
200
200
200
1.30129354536e-22
3.75927411797e-28
7.09784698191e-32
0
0
0
0
0
0
0
0
0
0
0
0
0
0
0
0
0
0
0
0
0
0
0
0
0
0
0
0
0
0
0
0
0
0
0
0
0
0
0
0
0
0
0
0
0
0
200
200
200
200
200
200
200
200
200
200
200
200
200
200
200
200
200
200
200
200
200
200
200
200
200
200
200
3.39165254082e-32
3.31870911536e-32
3.23902810766e-32
3.15464171474e-32
3.05318488597e-32
2.92890110118e-32
2.87033437208e-32
2.7733458024e-32
2.67692348328e-32
2.64760728646e-32
2.64796344892e-32
2.70836747879e-32
2.93569521255e-32
5.62760340038e-32
3.88281385238e-29
7.18120706852e-29
200
200
200
200
1.30388163716e-14
4.99064038235e-28
5.10930205126e-28
0
0
0
0
0
0
0
0
0
0
0
0
0
0
0
0
0
0
0
0
0
0
0
0
0
0
0
0
0
0
0
0
0
0
0
0
0
0
0
0
0
0
0
0
0
0
200
200
200
200
200
200
200
200
200
200
200
200
200
200
200
200
200
200
200
200
200
200
200
200
200
200
200
3.05504613403e-32
2.98903229619e-32
2.92259963505e-32
2.84226499767e-32
2.75933025643e-32
2.65277295122e-32
2.58673288597e-32
2.47508317943e-32
2.37840429176e-32
2.33771150856e-32
2.31515969511e-32
2.33252921822e-32
2.43699596403e-32
2.91637066403e-32
9.98720541717e-30
1.01871210872e-28
6.41161161844e-29
9.31312583699e-29
200
200
200
3.84546188707e-28
7.68838654898e-28
5.19536946367e-28
0
0
0
0
0
0
0
0
0
0
0
0
0
0
0
0
0
0
0
0
0
0
0
0
0
0
0
0
0
0
0
0
0
0
0
0
0
0
0
0
0
0
0
0
200
200
200
200
200
200
200
200
200
200
200
200
200
200
200
200
200
200
200
200
200
200
200
200
200
200
200
200
2.82553285192e-32
2.75478501328e-32
2.70421227478e-32
2.62051157866e-32
2.52739423498e-32
2.44166743824e-32
2.33500156399e-32
2.23222755405e-32
2.12629489058e-32
2.07407382294e-32
2.01211589566e-32
1.98896256975e-32
2.05386479622e-32
2.25821221872e-32
1.76863219257e-30
5.14331313832e-29
6.13250524266e-29
9.37523807477e-29
1.3662491821e-28
1.8254940406e-28
2.74824222539e-28
3.76448217321e-28
6.00578904257e-28
1.35996908576e-27
7.11656795904e-27
0
0
0
0
0
0
0
0
0
0
0
0
0
0
0
0
0
0
0
0
0
0
0
0
0
0
0
0
0
0
0
0
0
0
0
0
0
0
0
0
0
0
0
200
200
200
200
200
200
200
200
200
200
200
200
200
200
200
200
200
200
200
200
200
200
200
200
200
200
200
200
2.6614239186e-32
2.58688848636e-32
2.53071108606e-32
2.45250420718e-32
2.35430358054e-32
2.25291508057e-32
2.13616443065e-32
2.0200569997e-32
1.90704070705e-32
1.82037151524e-32
1.73935212318e-32
1.70228941182e-32
1.69915463577e-32
1.78213110662e-32
2.37284588801e-32
9.68269712237e-30
5.6505489747e-29
7.42127629577e-29
1.5475680834e-28
2.34088462855e-28
3.5111484344e-28
4.77396090845e-28
7.33827385021e-28
1.83531557432e-27
5.22559288664e-27
3.71137280507e-28
0
0
0
0
0
0
0
0
0
0
0
0
0
0
0
0
0
0
0
0
0
0
0
0
0
0
0
0
0
0
0
0
0
0
0
0
0
0
0
0
0
0
200
200
200
200
200
200
200
200
200
200
200
200
200
200
200
200
200
200
200
200
200
200
200
200
200
200
200
200
2.56295828585e-32
2.4683970981e-32
2.40642883703e-32
2.32348517057e-32
2.20195399809e-32
2.09241181223e-32
1.9632122934e-32
1.83077361599e-32
1.71456219809e-32
1.61044468889e-32
1.52382052074e-32
1.4577084769e-32
1.40704292963e-32
1.40954806887e-32
1.53357588752e-32
8.32929935353e-31
1.61510348865e-29
3.69579838534e-29
8.33536066501e-29
1.58136905772e-28
3.08243400629e-28
5.36411532515e-28
9.70649282836e-28
1.2505589388e-27
1.29133571989e-27
3.22737575359e-27
0
0
0
0
0
0
0
0
0
0
0
0
0
0
0
0
0
0
0
0
0
0
0
0
0
0
0
0
0
0
0
0
0
0
0
0
0
0
0
0
0
0
200
200
200
200
200
200
200
200
200
200
200
200
200
200
200
200
200
200
200
200
200
200
200
200
200
200
200
200
2.53318934748e-32
2.41008574133e-32
2.33076741777e-32
2.22618121342e-32
2.09953367202e-32
1.96116676597e-32
1.81865413953e-32
1.68373466405e-32
1.55357988803e-32
1.44197068503e-32
1.35280207874e-32
1.27347678235e-32
1.22431484288e-32
1.1811108762e-32
1.18141716863e-32
1.33606326478e-32
2.18726663078e-30
1.07449116468e-29
2.41688792261e-29
5.53284949002e-29
1.05949068604e-28
2.18307621334e-28
4.09596314472e-28
6.72839345526e-28
8.40854709562e-28
1.32288039436e-27
8.53287943545e-27
1.53396504601e-20
0
0
0
0
0
0
0
0
0
0
0
0
0
0
0
0
0
0
0
0
0
0
0
0
0
0
0
0
0
0
0
0
0
0
0
0
0
0
0
200
200
200
200
200
200
200
200
200
200
200
200
200
200
200
200
200
200
200
200
200
200
200
200
200
200
200
200
200
2.60882480587e-32
2.42363248473e-32
2.31559387989e-32
2.19000816276e-32
2.02815562834e-32
1.87179656509e-32
1.71536388023e-32
1.56326772204e-32
1.43289366739e-32
1.31440128524e-32
1.21877419494e-32
1.14545985405e-32
1.07582197984e-32
1.01026044277e-32
9.8276006344e-33
9.84806149493e-33
1.90022350768e-32
1.82883253158e-30
4.68548259697e-30
1.07458161291e-29
2.30479206844e-29
4.88953269558e-29
9.92181435333e-29
2.09470353252e-28
3.93618253843e-28
8.24045693469e-28
1.06704570835e-20
122.062659909
0
0
0
0
0
0
0
0
0
0
0
0
0
0
0
0
0
0
0
0
0
0
0
0
0
0
0
0
0
0
0
0
0
0
0
0
0
0
0
200
200
200
200
200
200
200
200
200
200
200
200
200
200
200
200
200
200
200
200
200
200
200
200
200
200
200
200
200
200
2.57821938212e-32
2.39055538014e-32
2.18930555027e-32
2.00099948831e-32
1.81419804445e-32
1.64392984005e-32
1.48533625257e-32
1.3496447295e-32
1.22813907171e-32
1.13386256122e-32
1.04074023887e-32
9.60572499706e-33
8.88362088359e-33
8.14884693385e-33
7.75145153067e-33
7.79062402715e-33
1.07467432087e-31
9.13123655896e-31
1.89670269951e-30
3.67247890193e-30
6.52876706152e-30
1.24284266045e-29
3.20801804301e-29
1.31977010557e-28
3.77025852926e-26
3.68317182148e-20
3.61959407824e-28
63.2852469258
0
0
0
0
0
0
0
0
0
0
0
0
0
0
0
0
0
0
0
0
0
0
0
0
0
0
0
0
0
0
0
0
0
0
0
0
0
0
200
200
200
200
200
200
200
200
200
200
200
200
200
200
200
200
200
200
200
200
200
200
200
200
200
200
200
200
200
6.20492026944e-18
3.00483969564e-32
2.62754511299e-32
2.29440741457e-32
2.0277276247e-32
1.79734644798e-32
1.59802450961e-32
1.4269520443e-32
1.27218974556e-32
1.16417975961e-32
1.05604484794e-32
9.60609698936e-33
8.65811375038e-33
7.74726442075e-33
6.90184491315e-33
6.21013104866e-33
5.76091555429e-33
5.91239118862e-33
9.71564521955e-32
3.04642166558e-31
5.58585212662e-31
9.26329956367e-31
1.3474004058e-30
1.8653292483e-30
3.34736285915e-30
1.61575253978e-29
1.13586876511e-28
1.38092452288e-29
200
0
0
0
0
0
0
0
0
0
0
0
0
0
0
0
0
0
0
0
0
0
0
0
0
0
0
0
0
0
0
0
0
0
0
0
0
0
200
200
200
200
200
200
200
200
200
200
200
200
200
200
200
200
200
200
200
200
200
200
200
200
200
200
200
200
200
200
1.44705651299e-26
4.27619250806e-32
3.21800034195e-32
2.5396000772e-32
2.11365662791e-32
1.81123841417e-32
1.58068281828e-32
1.38520736991e-32
1.23792954904e-32
1.10969674511e-32
1.00061565198e-32
8.99558517805e-33
7.96335640588e-33
6.92405087219e-33
5.99813449272e-33
5.24385921859e-33
4.59763226385e-33
4.12328854047e-33
5.30625126208e-33
3.41558977397e-32
6.33905004774e-32
1.0989824726e-31
1.58633107804e-31
1.47746077036e-31
1.05595411741e-31
3.14236055495e-32
2.7449952012e-32
1.19523746833e-32
1.86117878969e-31
200
0
0
0
0
0
0
0
0
0
0
0
0
0
0
0
0
0
0
0
0
0
0
0
0
0
0
0
0
0
0
0
0
0
0
0
0
200
200
200
200
200
200
200
200
200
200
200
200
200
200
200
200
200
200
200
200
200
200
200
200
200
200
200
200
200
200
1.07118925023e-25
1.29242598837e-23
172.951079885
2.99570622458e-32
2.25348525724e-32
1.85372730506e-32
1.57688012158e-32
1.3652929702e-32
1.21194972503e-32
1.08237875043e-32
9.61902100271e-33
8.57516842709e-33
7.51151997361e-33
6.45014156581e-33
5.50861525408e-33
4.65285527299e-33
3.68638715873e-33
2.38692477476e-33
2.58862828426e-33
4.59875274744e-33
8.44244584414e-33
1.18520986238e-32
1.13384204745e-32
6.46703022173e-33
8.4231332347e-33
1.17775771065e-32
2.00076182425e-32
3.39477369921e-32
2.2662901006e-31
3.15248790309e-30
0
0
0
0
0
0
0
0
0
0
0
0
0
0
0
0
0
0
0
0
0
0
0
0
0
0
0
0
0
0
0
0
0
0
0
2.43001281057e-35
200
200
200
200
200
200
200
200
200
200
200
200
200
200
200
200
200
200
200
200
200
200
200
200
200
200
200
200
200
200
3.89117145892e-25
1.2602183373e-26
1.40324163814e-20
200
8.01087677089e-16
1.90361748493e-32
1.57196055051e-32
1.35285166953e-32
1.19456956801e-32
1.06094722253e-32
9.44947612374e-33
8.3447640506e-33
7.18786004605e-33
6.13279494237e-33
5.11307968161e-33
4.0358231115e-33
2.86527775625e-33
1.53150720755e-33
2.71530609097e-34
4.85154340356e-34
5.66963858609e-34
6.43652722103e-34
1.43948463737e-33
2.09038981345e-33
3.44742434259e-33
7.17922731372e-33
1.79975328428e-32
6.90181666403e-32
3.83989021023e-31
3.45580795345e-31
1.15105869974e-35
0
0
0
0
0
0
0
0
0
0
0
0
0
0
0
0
0
0
0
0
0
0
0
0
0
0
0
0
0
0
0
0
0
0
200
200
200
200
200
200
200
200
200
200
200
200
200
200
200
200
200
200
200
200
200
200
200
200
200
200
200
200
200
200
200
3.09318547599e-25
3.28571207961e-25
3.38762285396e-25
6.57546118977e-25
1.37538763874e-19
200
200
1.40445389958e-32
1.21113110228e-32
1.0687239881e-32
9.44658400483e-33
8.30836801298e-33
6.99063791517e-33
5.98360521409e-33
4.93600800955e-33
4.06891647071e-33
3.00901086492e-33
1.44238555898e-33
2.71530609097e-34
4.38378929802e-34
5.54174317501e-34
6.30863180994e-34
7.96340495003e-34
1.86556127518e-33
2.63141513567e-33
5.5931626981e-33
1.61977795585e-32
3.39570605675e-32
6.39701836597e-32
2.62209156021e-33
1.86528135369e-30
0
0
0
0
0
0
0
0
0
0
0
0
0
0
0
0
0
0
0
0
0
0
0
0
0
0
0
0
0
0
0
0
0
0
200
200
200
200
200
200
200
200
200
200
200
200
200
200
200
200
200
200
200
200
200
200
200
200
200
200
200
200
200
200
199.93853036
)
;

boundaryField
{
    frontAndBack
    {
        type            empty;
    }
    leftWall
    {
        type            calculated;
        value           uniform 0;
    }
    outlet
    {
        type            calculated;
        value           uniform 0;
    }
    rightWall
    {
        type            calculated;
        value           uniform 0;
    }
    inlet
    {
        type            calculated;
        value           uniform 1.72046189939e-29;
    }
}


// ************************************************************************* //
