/*--------------------------------*- C++ -*----------------------------------*\
| =========                 |                                                 |
| \\      /  F ield         | OpenFOAM: The Open Source CFD Toolbox           |
|  \\    /   O peration     | Version:  v1906                                 |
|   \\  /    A nd           | Web:      www.OpenFOAM.com                      |
|    \\/     M anipulation  |                                                 |
\*---------------------------------------------------------------------------*/
FoamFile
{
    version     2.0;
    format      ascii;
    class       volScalarField;
    location    "664";
    object      alpha;
}
// * * * * * * * * * * * * * * * * * * * * * * * * * * * * * * * * * * * * * //

dimensions      [0 0 -1 0 0 0 0];


internalField   nonuniform List<scalar> 
9216
(
200
200
200
200
200
200
200
200
200
200
200
200
200
200
200
200
200
200
200
200
200
200
200
200
200
200
200
200
200
200
200
200
200
200
200
200
200
200
200
200
200
200
200
200
200
200
200
200
200
200
200
200
200
200
200
200
200
200
200
200
200
200
200
200
200
200
200
200
200
200
200
200
200
200
200
200
200
200
200
200
200
200
200
200
199.996314799
181.776033675
162.336725423
138.1467478
110.984154207
87.232491593
65.9749860118
48.9943307187
35.2285111216
22.7011524842
12.9761944343
1.56565593589
200
200
200
200
200
200
200
200
200
200
200
200
200
200
200
200
200
200
200
200
200
200
200
200
200
200
200
200
200
200
200
200
200
200
200
200
200
200
200
200
200
200
200
200
200
200
200
200
200
200
200
200
200
200
200
200
200
200
200
200
200
200
200
200
200
200
200
200
200
200
200
200
200
200
200
200
200
200
200
200
200
200
200
200
200
194.928911527
175.598887389
150.41953216
126.832051689
99.9481554496
76.4291417586
60.6084473438
47.6903887749
31.1059981745
20.5172569569
15.3679712134
200
200
200
200
200
200
200
200
200
200
200
200
200
200
200
200
200
200
200
200
200
200
200
200
200
200
200
200
200
200
200
200
200
200
200
200
200
200
200
200
200
200
200
200
200
200
200
200
200
200
200
200
200
200
200
200
200
200
200
200
200
200
200
200
200
200
200
200
200
200
200
200
200
200
200
200
200
200
200
200
200
200
200
200
200
191.6887663
166.411656479
150.515852812
131.867355225
101.790086535
73.7980021501
64.4943714172
47.2470977758
36.3620861346
31.8325872722
21.6355000097
200
200
200
200
200
200
200
200
200
200
200
200
200
200
200
200
200
200
200
200
200
200
200
200
200
200
200
200
200
200
200
200
200
200
200
200
200
200
200
200
200
200
200
200
200
200
200
200
200
200
200
200
200
200
200
200
200
200
200
200
200
200
200
200
200
200
200
200
200
200
200
200
200
200
200
200
200
200
200
200
200
200
200
200
200
184.869124315
164.017423296
148.662598364
124.688599358
106.285573422
85.9950520501
62.3401177657
55.9498773025
46.6838410607
40.602590196
28.2489558444
200
200
200
200
200
200
200
200
200
200
200
200
200
200
200
200
200
200
200
200
200
200
200
200
200
200
200
200
200
200
200
200
200
200
200
200
200
200
200
200
200
200
200
200
200
200
200
200
200
200
200
200
200
200
200
200
200
200
200
200
200
200
200
200
200
200
200
200
200
200
200
200
200
200
200
200
200
200
200
200
200
200
200
200
199.50729638
176.112270094
155.721008451
141.96151662
131.754416278
108.060873832
92.6535469364
72.0323784319
57.9400115473
56.6871425477
53.0786204134
40.7272334284
200
200
200
200
200
200
200
200
200
200
200
200
200
200
200
200
200
200
200
200
200
200
200
200
200
200
200
200
200
200
200
200
200
200
200
200
200
200
200
200
200
200
200
200
200
200
200
200
200
200
200
200
200
200
200
200
200
200
200
200
200
200
200
200
200
200
200
200
200
200
200
200
200
200
200
200
200
200
200
200
200
200
200
200
195.652052617
173.922694734
160.564442135
141.705378379
121.368580569
102.367620854
99.2813476838
86.7833740385
68.9731473125
65.7661513683
64.8678161546
52.0508978809
200
200
200
200
200
200
200
200
200
200
200
200
200
200
200
200
200
200
200
200
200
200
200
200
200
200
200
200
200
200
200
200
200
200
200
200
200
200
200
200
200
200
200
200
200
200
200
200
200
200
200
200
200
200
200
200
200
200
200
200
200
200
200
200
200
200
200
200
200
200
200
200
200
200
200
200
200
200
200
200
200
200
200
200
190.870201286
172.033892664
156.076746451
141.05142118
121.155378867
111.850937978
97.7496931698
96.1772777785
86.8953858266
76.369164211
76.1454287519
62.8812061816
200
200
200
200
200
200
200
200
200
200
200
200
200
200
200
200
200
200
200
200
200
200
200
200
200
200
200
200
200
200
200
200
200
200
200
200
200
200
200
200
200
200
200
200
200
200
200
200
200
200
200
200
200
200
200
200
200
200
200
200
200
200
200
200
200
200
200
200
200
200
200
200
200
200
200
200
200
200
200
200
200
200
200
200
186.814799732
170.569279932
151.791581214
136.954019399
124.506164088
117.42256163
108.516173264
98.8497176109
99.1774806257
86.1346439045
86.7692819669
73.5606083958
200
200
200
200
200
200
200
200
200
200
200
200
200
200
200
200
200
200
200
200
200
200
200
200
200
200
200
200
200
200
200
200
200
200
200
200
200
200
200
200
200
200
200
200
200
200
200
200
200
200
200
200
200
200
200
200
200
200
200
200
200
200
200
200
200
200
200
200
200
200
200
200
200
200
200
200
200
200
200
200
200
200
200
199.999998504
186.163851986
170.91979575
155.071523255
138.475535005
126.88050313
114.458298159
115.989613324
109.996094555
103.73997474
99.2341242748
95.6617014762
83.1500585225
200
200
200
200
200
200
200
200
200
200
200
200
200
200
200
200
200
200
200
200
200
200
200
200
200
200
200
200
200
200
200
200
200
200
200
200
200
200
200
200
200
200
200
200
200
200
200
200
200
200
200
200
200
200
200
200
200
200
200
200
200
200
200
200
200
200
200
200
200
200
200
200
200
200
200
200
200
200
200
200
200
200
200
199.091182483
184.954270126
170.305903159
154.514575351
141.299336605
130.771874985
123.067266763
116.435023462
117.263126547
112.655941041
110.483642486
104.128107017
93.1321922719
200
200
200
200
200
200
200
200
200
200
200
200
200
200
200
200
200
200
200
200
200
200
200
200
200
200
200
200
200
200
200
200
200
200
200
200
200
200
200
200
200
200
200
200
200
200
200
200
200
200
200
200
200
200
200
200
200
200
200
200
200
200
200
200
200
200
200
200
200
200
200
200
200
200
200
200
200
200
200
200
200
200
200
198.032220997
183.733968591
166.893158606
153.881838018
143.993291785
138.054754748
131.028615261
125.711213752
118.559360402
120.263191075
122.423993826
112.617626361
100.980974458
200
200
200
200
200
200
200
200
200
200
200
200
200
200
200
200
200
200
200
200
200
200
200
200
200
200
200
200
200
200
200
200
200
200
200
200
200
200
200
200
200
200
200
200
200
200
200
200
200
200
200
200
200
200
200
200
200
200
200
200
200
200
200
197.863692133
87.0657894353
15.3203907281
3.38753387742
1.03881366759
0.56403465174
0.58858532087
0.99248057055
2.2471027755
6.32468936714
21.6526473769
90.1581507296
173.207326056
195.480671205
199.937810563
200
199.928267806
200
200
200
196.900519527
181.823786295
167.460424513
157.405558171
149.18378827
141.427063886
136.237526745
131.406732247
127.764193729
123.078240726
128.263122165
120.261757115
107.152243337
200
200
200
200
200
200
200
200
200
200
200
200
200
200
200
200
200
200
200
200
200
200
200
200
200
200
200
200
200
200
200
200
200
200
200
200
200
200
200
200
200
200
200
200
200
200
200
200
200
200
200
200
200
200
200
200
200
200
200
200
38.6424109581
0.0603330796755
0.00354106845763
0.000582581465674
0.000140964943763
4.14766307031e-05
1.65055889742e-05
1.12932580865e-05
1.32491770423e-05
2.25575484026e-05
4.87801418093e-05
0.00012727686664
0.000393751364729
0.00142982257881
0.00607459536994
0.0317517338251
0.21312911128
1.93431198862
24.0634908712
165.519376984
198.396560415
199.991842905
199.610037588
196.122134097
181.048546486
171.029013667
161.602047516
152.878905691
145.267914062
140.24312465
135.473100546
131.984867153
129.836716585
132.043297767
126.716179698
112.658377687
200
200
200
200
200
200
200
200
200
200
200
200
200
200
200
200
200
200
200
200
200
200
200
200
200
200
200
200
200
200
200
200
200
200
200
200
200
200
200
200
200
200
200
200
200
200
200
200
200
200
200
200
200
200
200
200
200
200
1.20938200076
3.11255732098e-05
6.36133877237e-07
5.53917804976e-08
1.1114346695e-08
3.27686488506e-09
1.19486410775e-09
6.57092143092e-10
5.94041385948e-10
8.00358353055e-10
1.40365343867e-09
2.97048230397e-09
7.29032431048e-09
2.05615542902e-08
6.68272792787e-08
2.55796034769e-07
1.17794612257e-06
6.70919237217e-06
4.86896662114e-05
0.000455414880928
0.00517425905628
0.0736188673576
1.46369773647
41.702662207
184.984662595
195.353740135
183.963178516
172.366395592
164.159276703
155.476016074
148.633312113
145.552929955
139.760509827
136.715220188
134.016112125
132.088188175
134.522742623
117.381026274
200
200
200
200
200
200
200
200
200
200
200
200
200
200
200
200
200
200
200
200
200
200
200
200
200
200
200
200
200
200
200
200
200
200
200
200
200
200
200
200
200
200
200
200
200
200
200
200
200
200
200
200
200
200
200
200
9.00186941238
1.213808394e-06
2.41824908085e-10
1.94898898067e-11
3.49258864741e-12
9.1597549615e-13
3.27830591659e-13
1.55900015882e-13
1.12274015563e-13
1.21105846097e-13
1.73038084694e-13
2.97433022319e-13
5.92859969411e-13
1.36654077955e-12
3.58068704326e-12
1.0741231013e-11
3.71558297929e-11
1.50637877222e-10
7.24439663969e-10
4.23511224878e-09
2.91183119523e-08
2.44312973253e-07
2.55935924184e-06
3.52277503336e-05
0.00064741489845
0.0143787085854
0.42557771345
16.7751281146
160.883896699
175.306168644
163.393222993
157.764754749
153.764509128
149.835417443
144.04451746
140.626803815
137.261665107
135.433835808
139.725463845
121.390387227
200
200
200
200
200
200
200
200
200
200
200
200
200
200
200
200
200
200
200
200
200
200
200
200
200
200
200
200
200
200
200
200
200
200
200
200
200
200
200
200
200
200
200
200
200
200
200
200
200
200
200
200
200
200
200
9.04087587372e-07
2.59044415547e-12
2.2667468383e-14
2.97212789586e-15
7.12854861261e-16
2.43698979175e-16
1.07013835757e-16
6.14931030361e-17
5.16212126584e-17
6.05135773574e-17
8.90686544787e-17
1.53785782059e-16
3.03421883032e-16
6.69571859347e-16
1.68263649886e-15
4.77074700591e-15
1.53436013667e-14
5.60820327161e-14
2.31901028386e-13
1.11059370394e-12
6.24882184058e-12
4.13597567835e-11
3.25847691318e-10
3.1358527412e-09
3.67547046908e-08
5.39020772699e-07
1.03945317986e-05
0.000268936674743
0.00804168565414
0.257419441829
13.2234039908
151.946435651
163.452092473
158.445238257
151.856690187
146.313428811
143.257062932
140.994746755
138.004927151
140.829665359
124.339050665
200
200
200
200
200
200
200
200
200
200
200
200
200
200
200
200
200
200
200
200
200
200
200
200
200
200
200
200
200
200
200
200
200
200
200
200
200
200
200
200
200
200
200
200
200
200
200
200
200
200
200
200
200
200
4.74335223106e-13
2.04062282711e-16
1.0354874227e-17
1.88501145983e-18
5.28151773376e-19
2.03745869082e-19
1.00896921208e-19
6.33422918031e-20
5.55536564937e-20
6.55271606399e-20
9.57065113012e-20
1.61937294163e-19
3.08552429462e-19
6.64576303004e-19
1.61105512876e-18
4.30909788244e-18
1.30597954158e-17
4.49033220716e-17
1.72836703742e-16
7.40251796269e-16
3.59784623624e-15
2.00165590542e-14
1.24704999088e-13
8.93148581622e-13
7.70435819256e-12
7.96665545078e-11
1.00566871621e-09
1.56351610467e-08
3.09476483119e-07
6.79663288814e-06
0.000195939442196
0.00776386497012
0.528124643241
72.147095048
153.0158187
150.866294833
148.54007119
144.749481411
142.977340648
140.03529625
141.167021879
126.116415963
200
200
200
200
200
200
200
200
200
200
200
200
200
200
200
200
200
200
200
200
200
200
200
200
200
200
200
200
200
200
200
200
200
200
200
200
200
200
200
200
200
200
200
200
200
200
200
200
200
200
200
200
200
2.96730778325e-17
2.03647588598e-19
2.06660027984e-20
4.29362140774e-21
1.24749582897e-21
4.78730422287e-22
2.23509907327e-22
1.36343923536e-22
1.12146343535e-22
1.25405150881e-22
1.78631268999e-22
3.20614829778e-22
6.21191452938e-22
1.33496041716e-21
3.13103713503e-21
8.22015984638e-21
2.40821621672e-20
7.79006953727e-20
2.73436333624e-19
1.067036016e-18
4.53428389189e-18
2.20165852451e-17
1.18239330547e-16
7.01185865849e-16
4.73070423561e-15
3.70283651262e-14
3.27394695962e-13
3.44786097863e-12
4.50391424685e-11
6.60387451005e-10
1.16229482727e-08
2.52705267513e-07
8.12293055346e-06
0.000494556094663
0.039649818636
6.42790674191
143.223079607
150.276180586
147.583928705
143.026871429
141.856922853
140.280282011
127.254269731
200
200
200
200
200
200
200
200
200
200
200
200
200
200
200
200
200
200
200
200
200
200
200
200
200
200
200
200
200
200
200
200
200
200
200
200
200
200
200
200
200
200
200
200
200
200
200
200
200
200
200
119.459457193
3.84375882284e-20
8.97558164853e-22
2.13843662871e-23
0
0
0
0
0
0
0
0
0
4.55607060674e-25
1.49946264564e-24
7.60373407177e-24
2.26702062819e-23
7.67734698578e-23
2.5984114209e-22
9.10526200624e-22
3.31832383031e-21
1.30523974893e-20
5.53848251887e-20
2.51308036711e-19
1.25593378311e-18
6.936427455e-18
4.38931841581e-17
3.04673591212e-16
2.38230767431e-15
2.19129840035e-14
2.1470328625e-13
2.47921679674e-12
3.63114364159e-11
6.70389060385e-10
1.68574004154e-08
7.40520690713e-07
4.59046889422e-05
0.0057455883502
1.32607601899
131.038777869
148.465978921
144.537525126
142.683643002
139.66049964
128.374468728
200
200
200
200
200
200
200
200
200
200
200
200
200
200
200
200
200
200
200
200
200
200
200
200
200
200
200
200
200
200
200
200
200
200
200
200
200
200
200
200
200
200
200
200
200
200
200
200
200
200
51.7939143205
4.50995788277e-22
0
0
0
0
0
0
0
0
0
0
0
0
0
0
0
3.44139880714e-25
9.45429408711e-25
4.19964643836e-24
1.76989501531e-23
7.19790064435e-23
2.97084866187e-22
1.23216518095e-21
5.23852944019e-21
2.48668719393e-20
1.23252844707e-19
6.75918350439e-19
4.15045032349e-18
2.95990453865e-17
2.14158056242e-16
1.75576281769e-15
1.70296108982e-14
1.99703993889e-13
2.99695881069e-12
6.98727950278e-11
2.07113925386e-09
8.66972745281e-08
7.55823185127e-06
0.00132588802869
0.439703604399
121.166430484
147.350488199
142.836667833
140.769459287
129.295859998
200
200
200
200
200
200
200
200
200
200
200
200
200
200
200
200
200
200
200
200
200
200
200
200
200
200
200
200
200
200
200
200
200
200
200
200
200
200
200
200
200
200
200
200
200
200
200
200
200
37.5161190425
4.8379076379e-27
0
0
0
0
0
0
0
0
0
0
0
0
0
0
0
0
0
0
3.3168715528e-26
5.34792985135e-25
1.51397300463e-24
6.77946778224e-24
3.73430927534e-23
1.49379548535e-22
7.58894116535e-22
3.44524711709e-21
1.80434388094e-20
9.20321495572e-20
5.44759706242e-19
3.37595401608e-18
2.47801502453e-17
1.99331924959e-16
1.91356872892e-15
2.34612479445e-14
4.10199916801e-13
9.14845280371e-12
3.04855069359e-10
1.74678955852e-08
1.81094825736e-06
0.000449511144939
0.265330863806
125.320883295
143.690937274
141.545033282
129.485308672
200
200
200
200
200
200
200
200
200
200
200
200
200
200
200
200
200
200
200
200
200
200
200
200
200
200
200
200
200
200
200
200
200
200
200
200
200
200
200
200
200
200
200
200
200
200
200
200
87.1594620936
0
0
0
0
0
0
0
0
0
0
0
0
0
0
0
0
0
0
0
0
0
0
0
3.32360118159e-25
9.78452584933e-25
5.23699306359e-24
2.60890066138e-23
1.07843922658e-22
5.75437050522e-22
2.75267234964e-21
1.47357244261e-20
7.86504452145e-20
5.23942449396e-19
3.67897267522e-18
3.05253166051e-17
2.99876440253e-16
4.11193701383e-15
6.8150573847e-14
1.78416185251e-12
6.47404781297e-11
4.46515301976e-09
6.32122243505e-07
0.000246990322978
0.407387787726
132.255913411
140.385034453
128.051444784
200
200
200
200
200
200
200
200
200
200
200
200
200
200
200
200
200
200
200
200
200
200
200
200
200
200
200
200
200
200
200
200
200
200
200
200
200
200
200
200
200
200
200
200
200
200
200
200
0
0
0
0
0
0
0
0
0
0
0
0
0
0
0
0
0
0
0
0
0
0
0
0
0
0
2.56344384544e-25
9.70787431717e-25
4.64230550749e-24
2.36940110963e-23
1.09554615033e-22
6.06128794082e-22
3.00489655206e-21
1.72572490608e-20
1.10799203525e-19
7.49868077435e-19
6.19319584623e-18
6.86732148691e-17
8.33665669934e-16
1.45764440668e-14
3.90234600394e-13
1.87052096582e-11
1.65978693478e-09
3.36961530622e-07
0.000319816361165
1.85346071798
134.354928811
125.01071816
200
200
200
200
200
200
200
200
200
200
200
200
200
200
200
200
200
200
200
200
200
200
200
200
200
200
200
200
200
200
200
200
200
200
200
200
200
200
200
200
200
200
200
200
200
200
200
0
0
0
0
0
0
0
0
0
0
0
0
0
0
0
0
0
0
0
0
0
0
0
0
0
0
0
0
0
2.44349810673e-25
1.08847473026e-24
5.74458747879e-24
3.06329356434e-23
1.49313497708e-22
8.97085712608e-22
4.87933617577e-21
3.08016665841e-20
2.08095779458e-19
1.63759343889e-18
1.81815093796e-17
2.24865633562e-16
4.50112073243e-15
1.38818517211e-13
7.66893595972e-12
9.38683015764e-10
3.76564660256e-07
0.00118016590675
49.2730600204
120.35848913
200
200
200
200
200
200
200
200
200
200
200
200
200
200
200
200
200
200
200
200
200
200
200
200
200
200
200
200
200
200
200
200
200
200
200
200
200
200
200
200
200
200
200
200
200
200
0
0
0
0
0
0
0
0
0
0
0
0
0
0
0
0
0
0
0
0
0
0
0
0
0
0
0
0
0
0
0
0
3.19621379643e-25
1.50197058839e-24
8.33774474027e-24
4.72955545501e-23
2.76697613569e-22
1.56899558181e-21
1.05651247178e-20
7.05827810918e-20
6.04802907739e-19
5.9052671687e-18
8.80860015445e-17
1.85225811675e-15
6.4915915587e-14
4.53599751492e-12
9.68536376797e-10
1.02287362549e-06
0.0180230596309
111.042426722
200
200
200
200
200
200
200
200
200
200
200
200
200
200
200
200
200
200
200
200
200
200
200
200
200
200
200
200
200
200
200
200
200
200
200
200
200
200
200
200
200
200
200
200
200
0
0
0
0
0
0
0
0
0
0
0
0
0
0
0
0
0
0
0
0
0
0
0
0
0
0
0
0
0
0
0
0
0
0
0
5.1444943969e-25
2.64981876321e-24
2.0660452174e-23
1.07440777936e-22
6.8003062168e-22
4.64323137101e-21
2.90313003568e-20
2.4319538454e-19
2.75703018428e-18
4.29169381644e-17
9.56674829496e-16
3.95135267901e-14
4.37170362779e-12
2.06185998618e-09
1.11472514516e-05
25.93116993
200
200
200
200
200
200
200
200
200
200
200
200
200
200
200
200
200
200
200
200
200
200
200
200
200
200
200
200
200
200
200
200
200
200
200
200
200
200
200
200
200
200
200
200
200
0
0
0
0
0
0
0
0
0
0
0
0
0
0
0
0
0
0
0
0
0
0
0
0
0
0
0
0
0
0
0
0
0
0
0
0
1.56187674368e-25
1.15072185475e-24
8.43696344239e-24
5.12956731763e-23
3.4579300334e-22
2.28889256376e-21
1.58936884693e-20
1.33011377294e-19
1.45099595968e-18
2.38118498884e-17
5.91033854623e-16
3.66171771312e-14
7.92463960881e-12
1.47463567507e-08
0.00456272659954
200
200
200
200
200
200
200
200
200
200
200
200
200
200
200
200
200
200
200
200
200
200
200
200
200
200
200
200
200
200
200
200
200
200
200
200
200
200
200
200
200
200
200
200
200
0
0
0
0
0
0
0
0
0
0
0
0
0
0
0
0
0
0
0
0
0
0
0
0
0
0
0
0
0
0
0
0
0
0
0
0
0
0
5.45337574447e-25
4.58364491191e-24
2.75582668264e-23
2.06152476015e-22
1.29273441737e-21
8.44255320084e-21
7.01385028141e-20
8.93854198343e-19
1.55803095737e-17
5.56440674186e-16
5.69398424966e-14
4.33880570642e-11
1.44496291444e-06
200
200
200
200
200
200
200
200
200
200
200
200
200
200
200
200
200
200
200
200
200
200
200
200
200
200
200
200
200
200
200
200
200
200
200
200
200
200
200
200
200
200
200
200
0
0
0
0
0
0
0
0
0
0
0
0
0
0
0
0
0
0
0
0
0
0
0
0
0
0
0
0
0
0
0
0
0
0
0
0
0
0
0
0
2.45009742127e-25
2.86050074089e-24
1.98930392179e-23
1.40333580506e-22
8.62517189322e-22
6.91632264614e-21
5.38764694811e-20
7.27869114266e-19
1.69590141719e-17
8.05252928697e-16
2.31389236622e-13
1.43583562595e-09
200
200
200
200
200
200
200
200
200
200
200
200
200
200
200
200
200
200
200
200
200
200
200
200
200
200
200
200
200
200
200
200
200
200
200
200
200
200
200
200
200
200
200
200
0
0
0
0
0
0
0
0
0
0
0
2.31070078312e-25
1.15608067594e-24
1.78271402402e-24
3.05881097492e-24
0
0
0
0
0
0
0
0
0
0
0
0
0
0
0
0
0
0
0
0
0
0
0
0
0
0
1.03797790616e-25
1.97021909847e-24
1.76326457453e-23
1.17100395275e-22
7.7748228955e-22
6.04754921983e-21
5.83013667943e-20
8.51248539838e-19
2.32371603532e-17
2.64656339798e-15
3.74922727943e-12
200
200
200
2.93566373787e-28
0
0
0
0
0
0
0
0
0
0
0
0
0
0
0
0
0
0
0
3.66900538215e-23
5.32323842932e-21
200
200
200
200
200
200
200
200
200
200
200
200
200
200
200
200
200
200
200
0
0
0
0
0
0
0
0
0
8.01699406908e-25
1.32938263118e-23
8.19701724907e-23
5.86388815839e-22
3.86097947316e-21
7.33611327326e-21
1.0283312406e-20
2.76550605904e-22
1.87791216265e-23
0
0
0
0
0
0
0
0
0
0
0
0
0
0
0
0
0
0
0
0
0
0
0
0
1.83191075519e-26
1.65565964289e-24
1.32483733763e-23
9.35533333362e-23
7.52078696415e-22
6.06341168169e-21
5.90535221807e-20
1.20118317455e-18
6.34981846399e-17
2.51186795381e-14
3.65485194559e-29
1.92360628715e-29
0
0
0
0
0
0
0
0
0
0
0
0
0
0
0
0
0
0
0
0
0
0
0
0
0
0
0
0
2.10689969423e-22
2.88499726866e-20
200
200
200
200
200
200
200
200
200
200
200
0
0
0
0
0
0
0
0
2.00278475096e-25
1.72962984551e-23
8.75270566697e-22
7.68185651629e-20
200
200
200
200
200
200
200
200
200
199.999999994
199.995059737
0
0
0
0
0
0
0
0
0
0
0
0
0
0
0
0
0
0
0
0
0
7.19880209659e-28
1.92387037114e-24
1.52215463959e-23
1.35359612814e-22
1.0244404797e-21
8.61213464926e-21
1.11595135249e-19
3.00900404339e-18
4.12949937364e-16
0
0
0
0
0
0
0
0
0
0
0
0
0
0
0
0
0
0
0
0
0
0
0
0
0
0
0
0
0
0
0
0
0
0
0
2.89138023928e-22
1.41544779545e-20
200
200
200
200
200
200
0
0
0
0
0
0
0
2.16459433481e-24
5.04535968256e-22
3.85037441369e-19
200
200
200
200
200
200
200
200
200
200
200
200
200
199.998499655
0
0
0
0
0
0
0
0
0
0
0
0
0
0
0
0
0
0
0
0
0
6.93574601934e-26
2.76409177081e-24
2.43643048808e-23
1.73302239815e-22
1.62942582028e-21
1.6167544415e-20
2.57655882529e-19
1.56911561502e-17
0
0
0
0
0
0
0
0
0
0
0
0
0
0
0
0
0
0
0
0
0
0
0
0
0
0
0
0
0
0
0
0
0
0
0
0
0
0
2.37856155208e-24
2.10732492203e-22
2.64400948487e-21
6.14234573191e-21
1.38438104335e-22
0
0
0
0
0
0
2.19883274809e-23
1.40560296286e-20
200
200
200
200
200
200
200
200
200
200
200
200
200
200
200
200
199.998672756
0
0
0
0
0
0
0
0
0
0
0
0
0
0
0
0
0
0
0
0
0
2.17548548658e-25
5.38036441798e-24
3.7335816105e-23
3.04074232455e-22
2.70754076148e-21
3.71835915348e-20
1.08800062469e-18
0
0
0
0
0
0
0
0
0
0
0
0
0
0
0
0
0
0
0
0
0
0
0
0
0
0
0
0
0
0
0
0
0
0
0
0
0
0
0
0
0
0
1.59433697472e-23
0
0
2.83227473552e-27
4.86300348766e-27
3.03693498644e-25
1.75568775599e-22
8.68853779589e-19
200
200
200
200
200
200
200
200
200
200
200
200
200
200
200
200
200
200
199.998604206
0
0
0
0
0
0
0
0
0
0
0
0
0
0
0
0
0
0
0
0
0
6.41785145912e-25
9.96342677422e-24
8.35448302538e-23
7.34295395085e-22
7.92022106414e-21
1.28166246378e-19
0
0
0
0
0
0
0
0
0
0
0
0
0
0
0
0
0
0
0
0
0
0
0
0
0
0
0
0
0
0
0
0
0
0
0
0
0
0
0
0
0
0
0
0
3.6007472828e-27
2.35337744597e-26
1.83753970906e-24
3.57181350256e-22
1.32161410262e-16
200
200
200
200
200
200
200
200
200
200
200
200
200
200
200
200
200
200
200
200
199.99833295
0
0
0
0
0
0
0
0
0
0
0
0
0
0
0
0
0
0
0
0
0
2.14375591643e-24
1.98643619784e-23
2.2819362597e-22
2.24768030493e-21
2.48584723966e-20
0
0
0
0
0
0
0
0
0
0
0
0
0
0
0
0
0
0
0
0
0
0
0
0
0
0
0
0
0
0
0
0
0
0
0
0
0
0
0
0
0
0
0
0
0
1.23138497776e-24
1.38348125514e-22
200
200
200
200
200
200
200
200
200
200
200
200
200
200
200
200
200
200
200
200
200
200
200
199.997941914
0
0
0
0
0
0
0
0
0
0
0
0
0
0
0
0
0
0
0
0
3.09226433514e-25
7.1450787578e-24
5.94771805279e-23
6.68332797696e-22
6.73294907237e-21
0
0
0
0
0
0
0
0
0
0
0
0
0
0
0
0
0
0
0
0
0
0
0
0
0
0
0
0
0
0
0
0
0
0
0
0
0
0
0
0
0
0
0
0
0
0
1.28237328961e-20
200
200
200
200
200
200
200
200
200
200
200
200
200
200
200
200
200
200
200
200
200
200
200
200
199.996863152
0
0
0
0
0
0
0
0
0
0
0
0
0
0
0
0
0
0
0
0
1.94324221508e-24
2.29600887456e-23
2.53577586244e-22
2.26769737039e-21
0
0
0
0
0
0
0
0
0
0
0
0
0
0
0
0
0
0
0
0
0
0
0
0
0
0
0
0
0
0
0
0
0
0
0
0
0
0
0
0
0
0
0
0
0
0
0
0
2.67949809044e-28
200
200
200
200
200
200
200
200
200
200
200
200
200
200
200
200
200
200
200
200
200
200
200
199.9894242
0
0
0
0
0
0
0
0
0
0
0
0
0
0
0
0
0
0
0
5.35141895058e-25
9.90190482165e-24
1.10410396318e-22
9.26834711772e-22
0
0
0
0
0
0
0
0
0
0
0
0
0
0
0
0
0
0
0
0
0
0
0
0
0
0
0
0
0
0
0
0
0
0
0
0
0
0
0
0
0
0
0
0
0
0
0
0
0
2.4115482814e-28
3.22897276876e-27
1.85604283923e-21
200
200
200
200
200
200
200
200
200
200
200
200
200
200
200
200
200
200
200
200
200
0
0
0
0
0
0
0
0
0
0
0
0
0
0
0
0
0
0
0
1.33468503772e-25
4.84704664839e-24
5.43470897553e-23
4.46680316007e-22
0
0
0
0
0
0
0
0
0
0
0
0
0
0
0
0
0
0
0
0
0
0
0
0
0
0
0
0
0
0
0
0
0
0
0
0
0
0
0
0
0
0
0
0
0
0
0
0
0
0
2.17039345326e-28
1.21920140335e-27
1.49932240022e-26
6.83774899305e-21
200
200
200
200
200
200
200
200
200
200
200
200
200
200
200
200
200
200
200
199.993586068
0
0
0
0
0
0
0
0
0
0
0
0
0
0
0
0
0
0
0
2.21048325718e-24
2.72601980933e-23
2.46582883955e-22
0
0
0
0
0
0
0
0
0
0
0
0
0
0
0
0
0
0
0
0
0
0
0
0
0
0
0
0
0
0
0
0
0
0
0
0
0
0
0
0
0
0
0
0
0
0
0
0
0
0
0
4.12374756119e-28
9.21479393304e-28
1.28779499131e-26
3.69610087848e-26
1.40384321667e-19
200
200
200
200
200
200
200
200
200
200
200
200
200
200
200
200
200
200
0
0
0
0
0
0
0
0
0
0
0
0
0
0
0
0
0
0
0
1.08521604295e-24
1.49002920503e-23
1.52148530537e-22
0
0
0
0
0
0
0
0
0
0
0
0
0
0
0
0
0
0
0
0
0
0
0
0
0
0
0
0
0
0
0
0
0
0
0
0
0
0
0
0
0
0
0
0
0
0
0
0
0
0
0
0
3.71137280507e-28
8.29331453973e-28
1.14319332391e-26
2.51865410142e-26
2.81286876603e-21
200
200
200
200
200
200
200
200
200
200
200
200
200
200
200
200
200
199.981693353
0
0
0
0
0
0
0
0
0
0
0
0
0
0
0
0
0
0
6.6354061679e-25
1.12144796074e-23
1.02848445549e-22
0
0
0
0
0
0
0
0
0
0
0
0
0
0
0
0
0
0
0
0
0
0
0
0
0
0
0
0
0
0
0
0
0
0
0
0
0
0
0
0
0
0
0
0
0
0
0
0
0
0
0
0
0
5.2935896325e-28
1.81080963381e-27
8.77531014597e-27
1.36144004404e-26
2.73536913907e-22
200
200
200
200
200
200
200
200
200
200
200
200
200
200
200
200
200
0
0
0
0
0
0
0
0
0
0
0
0
0
0
0
0
0
0
3.93270903621e-25
9.0095402249e-24
7.6754108513e-23
0
0
0
0
0
0
0
0
0
0
0
0
0
0
0
0
0
0
0
0
0
0
0
0
0
0
0
0
0
0
0
0
0
0
0
0
0
0
0
0
0
0
0
0
0
0
0
0
0
0
0
0
0
1.58221682743e-28
3.34023552457e-28
2.7705656027e-27
7.37947188383e-27
1.2191345886e-26
1.18505550112e-26
200
200
200
200
200
200
200
200
200
200
200
200
200
200
200
200
0
0
0
0
0
0
0
0
0
0
0
0
0
0
0
0
0
0
3.2528793124e-25
7.26658918087e-24
6.30843315916e-23
0
0
0
0
0
0
0
0
0
0
0
0
0
0
0
0
0
0
0
0
0
0
0
0
0
0
0
0
0
0
0
0
0
0
0
0
0
0
0
0
0
0
0
0
0
0
0
0
0
0
0
0
0
1.58221682743e-28
3.00621197211e-28
3.00621197211e-28
2.92556596637e-27
7.10843850526e-27
1.07184238465e-26
1.02173798957e-26
200
200
200
200
200
200
200
200
200
200
200
200
200
200
200
0
0
0
0
0
0
0
0
0
0
0
0
0
0
0
0
0
0
2.99909845767e-25
7.11637691111e-24
5.84940436686e-23
0
0
0
0
0
0
0
0
0
0
0
0
0
0
0
0
0
0
0
0
0
0
0
0
0
0
0
0
0
0
0
0
0
0
0
0
0
0
0
0
0
0
0
0
0
0
0
0
0
0
0
0
0
0
3.00621197211e-28
3.00621197211e-28
3.00621197211e-28
3.54802872967e-27
8.16258466064e-27
8.80609353526e-27
4.50546518738e-23
200
200
200
200
200
200
200
200
200
200
200
200
200
200
0
0
0
0
0
0
0
0
0
0
0
0
0
0
0
0
0
0
3.06996265098e-25
7.04357354365e-24
5.98870093946e-23
0
0
0
0
0
0
0
0
0
0
0
0
0
0
0
0
0
0
0
0
0
0
0
0
0
0
0
0
0
0
0
0
0
0
0
0
0
0
0
0
0
0
0
0
0
0
0
0
0
0
0
0
0
0
0
3.00621197211e-28
3.00621197211e-28
3.00621197211e-28
4.23965402222e-27
6.37412780377e-27
6.1602320718e-27
9.62574757013e-22
200
200
200
200
200
200
200
200
200
200
200
200
200
0
0
0
0
0
0
0
0
0
0
0
0
0
0
0
0
0
0
4.26758618342e-25
7.3660055383e-24
6.60762366463e-23
0
0
0
0
0
0
0
0
0
0
0
0
0
0
0
0
0
0
0
0
0
0
0
0
0
0
0
0
0
0
0
0
0
0
0
0
0
0
0
0
0
0
0
0
0
0
0
0
0
0
0
0
0
0
0
0
0
1.58221682743e-28
4.76423066925e-28
4.02155260943e-27
5.30584857954e-27
3.81922225895e-27
200
200
200
200
200
200
200
200
200
200
200
200
200
0
0
0
0
0
0
0
0
0
0
0
0
0
0
0
0
0
0
5.85956425095e-25
9.9755191295e-24
7.78533725187e-23
0
0
0
0
0
0
0
0
0
0
0
0
0
0
0
0
0
0
0
0
0
0
0
0
0
0
0
0
0
0
0
0
0
0
0
0
0
0
0
0
0
0
0
0
0
0
0
0
0
0
0
0
0
0
0
0
0
0
8.29331453973e-28
1.09728126302e-27
9.87553136716e-28
1.99555591253e-27
2.56575222122e-25
200
200
200
200
200
200
200
200
200
200
200
200
0
0
0
0
0
0
0
0
0
0
0
0
0
0
0
0
0
0
8.61759724693e-25
1.28754445491e-23
9.76334931474e-23
0
0
0
0
0
0
0
0
0
0
0
0
0
0
0
0
0
0
0
0
0
0
0
0
0
0
0
0
0
0
0
0
0
0
0
0
0
0
0
0
0
0
0
0
0
0
0
0
0
0
0
0
0
0
0
0
0
0
2.17039345326e-28
9.21479393304e-28
1.39500327307e-27
1.09728126302e-27
5.46445294573e-26
200
200
200
200
200
200
200
200
200
200
200
200
0
0
0
0
0
0
0
0
0
0
0
0
0
0
0
0
0
0
1.47140806719e-24
1.64134291087e-23
1.20583989049e-22
0
0
0
0
0
0
0
0
0
0
0
0
0
0
0
0
0
0
0
0
0
0
0
0
0
0
0
0
0
0
0
0
0
0
0
0
0
0
0
0
0
0
0
0
0
0
0
0
0
0
0
0
0
0
0
0
0
0
0
0
1.02386599256e-27
1.55000363674e-27
2.21857863991e-26
4.65996910998e-25
200
200
200
200
200
200
200
200
200
200
200
1.58221682743e-28
0
0
0
0
0
0
0
0
0
0
0
0
0
0
0
0
8.1799923426e-26
2.56998704438e-24
2.35852893219e-23
1.4303243751e-22
0
0
0
0
0
0
0
0
0
0
0
0
0
0
0
0
0
0
0
0
0
0
0
0
0
0
0
0
0
0
0
0
0
0
0
0
0
0
0
0
0
0
0
0
0
0
0
0
0
0
0
0
0
0
0
0
0
0
0
0
0
1.13762888062e-27
2.50184318139e-26
1.75238209076e-25
200
200
200
200
200
200
200
200
200
200
200
1.58221682743e-28
1.58221682743e-28
0
0
0
0
0
0
0
0
0
0
0
0
0
0
0
2.584227354e-25
4.27493574526e-24
3.55270782374e-23
3.69359925623e-22
0
0
0
0
0
0
0
0
0
0
0
0
0
0
0
0
0
0
0
0
0
0
0
0
0
0
0
0
0
0
0
0
0
0
0
0
0
0
0
0
0
0
0
0
0
0
0
0
0
0
0
0
0
0
0
0
0
0
0
0
0
0
1.08087203112e-26
5.81461106989e-26
200
200
200
200
200
200
200
200
200
200
200
1.58221682743e-28
1.58221682743e-28
1.58221682743e-28
0
0
0
0
0
0
0
0
0
0
0
0
0
0
6.5556981063e-25
6.79249766956e-24
4.83963930484e-23
1.19915329677e-21
0
0
0
0
0
0
0
0
0
0
0
0
0
0
0
0
0
0
0
0
0
0
0
0
0
0
0
0
0
0
0
0
0
0
0
0
0
0
0
0
0
0
0
0
0
0
0
0
0
0
0
0
0
0
0
0
0
0
0
0
0
0
0
5.48689771045e-26
200
200
200
200
200
200
200
200
200
200
0
1.42399514468e-28
1.58221682743e-28
1.58221682743e-28
1.58221682743e-28
0
0
0
0
0
0
0
0
0
0
0
0
7.08044980691e-27
1.19842192076e-24
1.22550361082e-23
6.12550397204e-23
2.16609769753e-21
0
0
0
0
0
0
0
0
0
0
0
0
0
0
0
0
0
0
0
0
0
0
0
0
0
0
0
0
0
0
0
0
0
0
0
0
0
0
0
0
0
0
0
0
0
0
0
0
0
0
0
0
0
0
0
0
0
0
0
0
0
0
0
5.01568098049e-26
200
200
200
200
200
200
200
200
200
200
0
0
1.42399514468e-28
1.58221682743e-28
1.58221682743e-28
0
0
0
0
0
0
0
0
0
0
0
0
2.09568951656e-25
2.03364679895e-24
1.57732706053e-23
6.6597164855e-23
3.59445824182e-21
0
0
0
0
0
0
0
0
0
0
0
0
0
0
0
0
0
0
0
0
0
0
0
0
0
0
0
0
0
0
0
0
0
0
0
0
0
0
0
0
0
0
0
0
0
0
0
0
0
0
0
0
0
0
0
0
0
0
0
0
0
0
0
0
200
200
200
200
200
200
200
200
200
0
0
0
0
1.58221682743e-28
1.58221682743e-28
1.58221682743e-28
0
0
0
0
0
0
0
0
0
0
0
4.28708410005e-25
4.28766597835e-24
2.09163672753e-23
1.39058609928e-22
5.03889871672e-21
0
0
0
0
0
0
0
0
0
0
0
0
0
0
0
0
0
0
0
0
0
0
0
0
0
0
0
0
0
0
0
0
0
0
0
0
0
0
0
0
0
0
0
0
0
0
0
0
0
0
0
0
0
0
0
0
0
0
0
0
0
0
0
0
200
200
200
200
200
200
200
200
0
0
0
0
0
0
1.58221682743e-28
1.58221682743e-28
0
0
0
0
0
0
0
0
0
0
1.1084243622e-25
8.07496970911e-25
4.93163473171e-24
1.99842493295e-23
3.08943832824e-22
7.80985538038e-21
0
0
0
0
0
0
0
0
0
0
0
0
0
0
0
0
0
0
0
0
0
0
0
0
0
0
0
0
0
0
0
0
0
0
0
0
0
0
0
0
0
0
0
0
0
0
0
0
0
0
0
0
0
0
0
0
0
0
0
0
0
0
0
0
200
200
200
200
200
200
200
0
0
0
0
0
0
0
0
1.58221682743e-28
0
0
0
0
0
0
0
0
0
0
3.10996385381e-25
1.65564737262e-24
5.7408683644e-24
1.39626928228e-23
3.64683922466e-22
1.16423959106e-20
0
0
0
0
0
0
0
0
0
0
0
0
0
0
0
0
0
0
0
0
0
0
0
0
0
0
0
0
0
0
0
0
0
0
0
0
0
0
0
0
0
0
0
0
0
0
0
0
0
0
0
0
0
0
0
0
0
0
0
0
0
0
0
17.8224927498
200
200
200
200
200
200
0
0
0
0
0
0
0
0
0
0
0
0
0
0
0
0
0
0
0
1.22725589595e-25
4.57437291015e-25
1.83891604883e-24
3.40408291572e-24
3.12809487435e-23
5.58324622904e-22
1.64936188274e-20
0
0
0
0
0
0
0
0
0
0
0
0
0
0
0
0
0
0
0
0
0
0
0
0
0
0
0
0
0
0
0
0
0
0
0
0
0
0
0
0
0
0
0
0
0
0
0
0
0
0
0
0
0
0
0
0
0
0
0
0
0
0
0
200
200
200
200
200
200
0
0
0
0
0
0
0
0
0
0
0
0
0
0
0
0
0
0
0
0
3.3816449176e-25
1.25856380991e-24
2.11414534036e-24
6.04738284641e-25
3.0345106972e-23
9.46914136412e-22
1.77668530662e-20
0
0
0
0
0
0
0
0
0
0
0
0
0
0
0
0
0
0
0
0
0
0
0
0
0
0
0
0
0
0
0
0
0
0
0
0
0
0
0
0
0
0
0
0
0
0
0
0
0
0
0
0
0
0
0
0
0
0
0
0
0
0
0
200
200
200
200
0
0
0
0
0
0
0
0
0
0
0
0
0
0
0
0
0
0
0
0
0
1.90951958315e-25
7.02317862777e-25
2.28396220034e-24
3.85962214956e-24
2.52749954654e-25
7.80303999143e-24
1.58294418472e-21
1.63856468855e-20
0
0
0
0
0
0
0
0
0
0
0
0
0
0
0
0
0
0
0
0
0
0
0
0
0
0
0
0
0
0
0
0
0
0
0
0
0
0
0
0
0
0
0
0
0
0
0
0
0
0
0
0
0
0
0
0
0
0
0
0
0
0
0
200
0
0
0
0
0
0
0
0
0
0
0
0
0
0
0
0
0
0
0
0
0
0
0
1.27707064127e-25
3.31376149526e-25
9.04211375877e-25
2.16198807021e-24
2.44780226025e-24
7.62924092267e-24
3.06498959758e-23
8.01136743814e-22
8.84238348449e-21
0
0
0
0
0
0
0
0
0
0
0
0
0
0
0
0
0
0
0
0
0
0
0
0
0
0
0
0
0
0
0
0
0
0
0
0
0
0
0
0
0
0
0
0
0
0
0
0
0
0
0
0
0
0
0
0
0
0
0
0
0
0
0
0
0
0
0
0
0
0
0
0
0
0
0
0
0
0
0
0
0
0
0
0
0
0
8.61785056613e-26
4.25339546333e-25
6.58197156432e-25
9.20763066989e-25
9.57786425269e-25
4.48420314825e-23
5.57978706437e-23
1.04254495809e-22
5.97873343429e-22
1.41442719331e-20
3.65485194559e-29
0
0
0
0
0
0
0
0
0
0
0
0
0
0
0
0
0
0
0
0
0
0
0
0
0
0
0
0
0
0
0
0
0
0
0
0
0
0
0
0
0
0
0
0
0
0
0
0
0
0
0
0
0
0
0
0
0
0
0
0
0
0
0
0
0
0
0
0
0
0
0
0
0
0
0
0
0
0
0
0
0
0
0
0
7.66045359867e-26
4.65718937243e-25
7.01904845461e-25
7.6604956956e-25
1.5241789196e-24
1.11185725298e-23
1.24157286466e-23
1.87326381964e-23
4.40915859491e-23
2.58632907688e-22
8.26326027418e-21
200
200
8.80085502331e-29
0
0
0
0
0
0
0
0
0
0
0
0
0
0
0
0
0
0
0
0
0
0
0
0
0
0
0
0
0
0
0
0
0
0
0
0
0
0
0
0
0
0
0
0
0
0
0
0
0
0
0
0
0
0
0
0
0
0
0
0
0
0
0
0
0
0
0
0
0
0
0
0
0
0
0
0
0
0
0
0
0
1.21606380764e-25
5.19549719185e-25
5.15096836543e-25
9.54698131831e-25
4.62047081333e-24
4.1100437562e-24
4.44167005358e-24
7.05977410398e-24
1.24178729027e-23
3.01890889573e-23
1.68927144475e-22
7.5877704424e-21
200
200
200
200
200
0
0
0
0
0
0
0
0
0
0
0
0
0
0
0
0
0
0
0
0
0
0
0
0
0
0
0
0
0
0
0
0
0
0
0
0
0
0
0
0
0
0
0
0
0
0
0
0
0
0
0
0
0
0
0
0
0
0
0
0
0
0
0
0
0
0
0
0
0
0
0
0
0
0
5.2935896325e-28
5.88176625833e-28
3.71137280507e-28
5.91829291055e-26
4.09576252471e-25
5.32952505515e-25
5.20147335821e-25
2.69224899324e-24
2.56908636534e-24
2.61607971623e-24
3.04162885401e-24
3.86064009147e-24
5.17418974716e-24
7.27346853555e-24
1.31271878686e-23
6.59381903297e-23
5.37964033148e-21
200
200
200
200
200
27.946774148
6.01751171907e-28
0
0
0
0
0
0
0
0
0
0
0
0
0
0
0
0
0
0
0
0
0
0
0
0
0
0
0
0
0
0
0
0
0
0
0
0
0
0
0
0
0
0
0
0
0
0
0
0
0
0
0
0
0
0
0
0
0
0
0
0
0
0
0
0
0
0
2.28884808569e-25
2.91878224882e-25
1.919023393e-24
2.9287014392e-24
6.5017055019e-24
8.57828703613e-24
9.89809027581e-24
1.06208706195e-23
7.25263686405e-24
1.35738489331e-24
4.61365610656e-25
2.58980615047e-24
1.90804063967e-24
1.8111509154e-24
2.03373661746e-24
2.39420503967e-24
2.7907918e-24
3.33566707008e-24
4.14528341512e-24
5.22981264614e-24
7.15418442377e-24
1.54199651609e-23
3.1967646152e-21
200
200
200
200
7.14655116529e-18
4.40968012338e-22
3.26437206802e-21
9.2195468556e-22
1.59762429667e-28
0
0
0
0
0
0
0
0
0
0
0
0
0
0
0
0
0
0
0
0
0
0
0
0
0
0
0
0
0
0
0
0
0
0
0
0
0
0
0
0
0
0
0
0
0
0
0
0
0
0
0
0
0
0
0
0
0
0
0
0
0
0
2.48557781556e-24
1.31553202135e-23
2.68350145469e-23
4.10336931018e-23
4.8922781047e-23
5.26557023813e-23
5.88566597772e-23
5.25463340896e-23
4.71626351682e-23
3.31867579381e-23
1.2959483029e-23
5.37656249142e-24
2.38270641567e-24
1.63426525415e-24
1.63158171779e-24
1.80081197497e-24
1.99614065357e-24
2.25203326396e-24
2.5625543503e-24
2.95770110853e-24
3.47834037493e-24
4.13095919798e-24
5.0327496794e-24
6.93307401792e-24
1.50942878106e-21
200
200
200
4.68885221955e-18
6.82499154733e-21
7.46783433613e-22
1.15916869423e-22
7.92098822553e-25
1.65626644185e-24
1.72390744874e-26
0
0
0
0
0
0
0
0
0
0
0
0
0
0
0
0
0
0
0
0
0
0
0
0
0
0
0
0
0
0
0
0
0
0
0
0
0
0
0
0
0
0
0
0
0
0
0
0
0
0
0
0
0
0
0
0
0
0
0
0
0
1.20775359315e-23
3.49307261756e-23
3.77798229112e-23
3.91343047205e-23
4.25202995307e-23
4.55106601721e-23
4.83468477572e-23
4.92991545745e-23
4.69573532292e-23
4.21031628761e-23
3.37458261686e-23
7.20171728732e-24
2.76862330893e-24
2.06163475312e-24
1.85973467179e-24
1.88255440828e-24
1.99520727264e-24
2.18059457369e-24
2.41539143879e-24
2.70773065801e-24
3.06414328072e-24
3.49383013573e-24
4.01568275903e-24
4.79471026059e-24
6.07097402319e-22
200
65.0845940702
1.81655741965e-18
1.15581832922e-20
1.07359043184e-21
3.72979015534e-23
2.04509318024e-24
5.19584007095e-25
3.06639560518e-25
7.12685611864e-25
9.77688976001e-25
7.19926236666e-28
0
0
0
0
0
0
0
0
0
0
0
0
0
0
0
0
0
0
0
0
0
0
0
0
0
0
0
0
0
0
0
0
0
0
0
0
0
0
0
0
0
0
0
0
0
0
0
0
0
0
0
0
0
0
0
0
0
0
0
2.77036518224e-23
4.05007290105e-23
4.22845322174e-23
4.36636464637e-23
4.5815699191e-23
4.77057321994e-23
4.97824099366e-23
5.11609928666e-23
5.30220091254e-23
5.37051213646e-23
4.99659265432e-23
2.22562937313e-23
4.53585097881e-24
2.71919400918e-24
2.16540925435e-24
2.03630256576e-24
2.0623585957e-24
2.16801370294e-24
2.33573086214e-24
2.55298471056e-24
2.80731148018e-24
3.10556122157e-24
3.44055960031e-24
3.8838844295e-24
2.2563021731e-22
3.83752447203e-17
6.73701113503e-19
1.58548468236e-20
1.26468459326e-21
7.83657476759e-23
2.87047209415e-24
7.10506183857e-25
4.10485826201e-25
3.40787036673e-25
4.20680050157e-25
3.40616284681e-25
5.77064540681e-25
8.55303218406e-27
0
0
0
0
0
0
0
0
0
0
0
0
0
0
0
0
0
0
0
0
0
0
0
0
0
0
0
0
0
0
0
0
0
0
0
0
0
0
0
0
0
0
0
0
0
0
0
0
0
0
0
0
0
0
0
0
0
0
2.5172334336e-23
4.44695473482e-23
4.50046300244e-23
4.81556401227e-23
4.98591280694e-23
5.09871686092e-23
5.24415539053e-23
5.39394348517e-23
5.62547650235e-23
6.02110432585e-23
6.3261673265e-23
4.11363906571e-23
7.13208151853e-24
3.48702002988e-24
2.57466834806e-24
2.26285763349e-24
2.18671135116e-24
2.21824952512e-24
2.3237817119e-24
2.4745887288e-24
2.66058696921e-24
2.87635667696e-24
3.10692267346e-24
3.39607345478e-24
6.69945569752e-23
1.95562891361e-19
1.7097328093e-20
1.62719259243e-21
1.24911134619e-22
3.7106800973e-24
6.39445016876e-25
4.05153226058e-25
3.06708333006e-25
2.75975604466e-25
2.75939408421e-25
2.54760712104e-25
2.23252423898e-25
5.19296788292e-25
1.37547653525e-25
0
0
0
0
0
0
0
0
0
0
0
0
0
0
0
0
0
0
0
0
0
0
0
0
0
0
0
0
0
0
0
0
0
0
0
0
0
0
0
0
0
0
0
0
0
0
0
0
0
0
0
0
0
0
0
0
0
0
6.78975632849e-23
5.27200284985e-23
5.56080940787e-23
5.63677329848e-23
5.64048209042e-23
5.71661892825e-23
5.81292552862e-23
6.04922460377e-23
6.33043229949e-23
6.88075449685e-23
5.9613627732e-23
1.53002848221e-23
4.54530446415e-24
3.05632955135e-24
2.54374130399e-24
2.36177166062e-24
2.32399169226e-24
2.36612283263e-24
2.47556247393e-24
2.61373927951e-24
2.77318897225e-24
2.93781947218e-24
199.999999605
199.99999996
2.05302205588e-20
2.03703866415e-21
1.83958153053e-22
1.29036706648e-24
5.0002521584e-25
3.44476414386e-25
2.76037499705e-25
2.4837804402e-25
2.23478344379e-25
2.23442148333e-25
2.23357244028e-25
2.48174715587e-25
3.50179833565e-25
8.52009464143e-25
4.35431818883e-25
0
0
0
0
0
0
0
0
0
0
0
0
0
0
0
0
0
0
0
0
0
0
0
0
0
0
0
0
0
0
0
0
0
0
0
0
0
0
0
0
0
0
0
0
0
0
0
0
0
0
0
0
0
0
0
0
0
1.13729602599e-22
7.31556359098e-23
7.01864751581e-23
6.67253543651e-23
6.44088862561e-23
6.35043026229e-23
6.39885369364e-23
6.48879051685e-23
6.72084346071e-23
7.06521213396e-23
7.54843695845e-23
2.82486685405e-23
5.95585642252e-24
3.62267271487e-24
2.88030211608e-24
2.58076706823e-24
2.46362638928e-24
2.46610874714e-24
2.52267273802e-24
2.6235009142e-24
199.999999931
199.999999999
200
200
3.35966814435e-21
2.36665833917e-22
4.69885585902e-25
3.6855903111e-25
2.94955793166e-25
2.48137529735e-25
2.11702460069e-25
1.98682722189e-25
1.8098814015e-25
1.80955563709e-25
1.94833426416e-25
2.20845028472e-25
2.9165789617e-25
6.55828819755e-25
1.60881707076e-23
2.04530145697e-24
0
0
0
0
0
0
0
0
0
0
0
0
0
0
0
0
0
0
0
0
0
0
0
0
0
0
0
0
0
0
0
0
0
0
0
0
0
0
0
0
0
0
0
0
0
0
0
0
0
0
0
0
0
0
0
0
1.2106084225e-22
9.9497325198e-23
8.76058624235e-23
8.03597586521e-23
7.46694657153e-23
7.21421825461e-23
7.05616000123e-23
7.0230309771e-23
7.13257409576e-23
7.36261031812e-23
8.49154256509e-23
4.11724162135e-23
7.59321164003e-24
4.24807277797e-24
3.25638555344e-24
2.8365955914e-24
2.66240143542e-24
2.609695136e-24
199.999999965
200
200
200
200
200
3.296637052e-22
2.93521647251e-25
2.64780175791e-25
2.32860689613e-25
2.0168072769e-25
1.8103669501e-25
1.62889326135e-25
1.58040626273e-25
1.48602672296e-25
1.51239278508e-25
1.6279123485e-25
1.80834463357e-25
2.48030882615e-25
4.02693214017e-21
1.43449880586e-21
4.5060757872e-22
3.50403539593e-24
0
0
0
0
0
0
0
0
0
0
0
0
0
0
0
0
0
0
0
0
0
0
0
0
0
0
0
0
0
0
0
0
0
0
0
0
0
0
0
0
0
0
0
0
0
0
0
0
0
0
0
0
0
0
0
1.27618983858e-22
1.2309527265e-22
1.05759097655e-22
9.55723723992e-23
8.81864117313e-23
8.21628500108e-23
7.81912797335e-23
7.60903710554e-23
7.55658754398e-23
7.6392677378e-23
8.53348702685e-23
4.76001577031e-23
9.10969802551e-24
4.90690430411e-24
3.66513990229e-24
3.13356157566e-24
199.999999998
200
200
200
200
200
200
200
2.01957272124e-25
1.93576017995e-25
1.82027971581e-25
1.67716445992e-25
1.54333012529e-25
1.44556533298e-25
1.31890219026e-25
1.30783543802e-25
1.26177558283e-25
1.29315463711e-25
1.31792127741e-25
1.49312019819e-25
6.35363991657e-16
2.72489216868e-15
3.95320096624e-17
2.91262831076e-19
1.1529581593e-20
9.62451600111e-25
0
0
0
0
0
0
0
0
0
0
0
0
0
0
0
0
0
0
0
0
0
0
0
0
0
0
0
0
0
0
0
0
0
0
0
0
0
0
0
0
0
0
0
0
0
0
0
0
0
0
0
0
0
0
1.10018829931e-22
1.43334675975e-22
1.21403379864e-22
1.09970784645e-22
1.01278594608e-22
9.28263239439e-23
8.6442716361e-23
8.19101844806e-23
7.92709995993e-23
7.81237959396e-23
8.45939163555e-23
4.60823946148e-23
199.999999959
199.999999999
200
200
200
200
200
200
200
200
200
200
1.47448926363e-25
1.42974556899e-25
1.37428030236e-25
1.31198774377e-25
1.22557765212e-25
1.17773434306e-25
1.09445402422e-25
1.06751623471e-25
1.06751623471e-25
1.06719047029e-25
1.10990389927e-25
2.33023505557e-10
200
200
200
1.29123531542e-13
6.1367457783e-18
6.23748370568e-20
1.570696196e-25
0
0
0
0
0
0
0
0
0
0
0
0
0
0
0
0
0
0
0
0
0
0
0
0
0
0
0
0
0
0
0
0
0
0
0
0
0
0
0
0
0
0
0
0
0
0
0
0
0
0
0
0
0
7.79828724175e-23
1.56761195088e-22
199.999999999
200
200
200
200
200
200
200
200
200
200
200
200
200
200
200
200
200
200
200
200
200
1.15997223702e-25
1.14275078764e-25
1.11041228702e-25
1.06843877705e-25
1.02219980237e-25
9.60956971864e-26
9.39606096449e-26
8.98299444858e-26
8.76343442133e-26
8.89004965831e-26
9.52920309351e-26
200
200
200
200
200
200
1.10768202821e-16
5.05236175263e-20
4.08397818998e-28
0
0
0
0
0
0
0
0
0
0
0
0
0
0
0
0
0
0
0
0
0
0
0
0
0
0
0
0
0
0
0
0
0
0
0
0
0
0
0
0
0
0
0
0
0
0
0
0
0
0
0
0
200
200
200
200
200
200
200
200
200
200
200
200
200
200
200
200
200
200
200
200
200
200
200
200
9.76123843296e-26
9.47492333881e-26
9.28944619939e-26
9.00396082048e-26
8.58737443299e-26
8.234758972e-26
7.8476261136e-26
7.6737925124e-26
7.54815420383e-26
7.62074667326e-26
7.77424795695e-26
8.64131092964e-26
200
200
200
200
200
200
8.96871330923e-17
1.05721291507e-21
0
0
0
0
0
0
0
0
0
0
0
0
0
0
0
0
0
0
0
0
0
0
0
0
0
0
0
0
0
0
0
0
0
0
0
0
0
0
0
0
0
0
0
0
0
0
0
0
0
0
0
200
200
200
200
200
200
200
200
200
200
200
200
200
200
200
200
200
200
200
200
200
200
200
200
200
8.23159033848e-26
8.11846883511e-26
7.8539084571e-26
7.52263125905e-26
7.29933895243e-26
6.86580852732e-26
6.65277173845e-26
6.44837690933e-26
6.31304357967e-26
6.32217430524e-26
6.56842780126e-26
7.17432139927e-26
9.02268069771e-26
200
200
200
200
200
200
5.12402381786e-18
6.67627178816e-22
0
0
0
0
0
0
0
0
0
0
0
0
0
0
0
0
0
0
0
0
0
0
0
0
0
0
0
0
0
0
0
0
0
0
0
0
0
0
0
0
0
0
0
0
0
0
0
0
0
200
200
200
200
200
200
200
200
200
200
200
200
200
200
200
200
200
200
200
200
200
200
200
200
200
200
6.91875262694e-26
6.71512345541e-26
6.58750271849e-26
6.36014279138e-26
6.05816882073e-26
5.9035567764e-26
5.61048495272e-26
5.45188285022e-26
5.36687047644e-26
5.35989634769e-26
5.48349327626e-26
5.89706487916e-26
7.07750169373e-26
8.95161254889e-24
200
200
200
200
200
8.17604505666e-11
2.54648946579e-19
1.18574061915e-24
0
0
0
0
0
0
0
0
0
0
0
0
0
0
0
0
0
0
0
0
0
0
0
0
0
0
0
0
0
0
0
0
0
0
0
0
0
0
0
0
0
0
0
0
0
0
0
0
200
200
200
200
200
200
200
200
200
200
200
200
200
200
200
200
200
200
200
200
200
200
200
200
200
200
5.80818994645e-26
5.69861338945e-26
5.58181587907e-26
5.40662469303e-26
5.24136275287e-26
5.0078572746e-26
4.85807024628e-26
4.74497605155e-26
4.63695863192e-26
4.57648772951e-26
4.66062762391e-26
4.86032799626e-26
5.50575890281e-26
3.00570496617e-24
1.21318440967e-22
200
200
200
200
200
1.95720583256e-16
5.65412258912e-22
1.06754909845e-25
0
0
0
0
0
0
0
0
0
0
0
0
0
0
0
0
0
0
0
0
0
0
0
0
0
0
0
0
0
0
0
0
0
0
0
0
0
0
0
0
0
0
0
0
0
0
200
200
200
200
200
200
200
200
200
200
200
200
200
200
200
200
200
200
200
200
200
200
200
200
200
200
200
5.10120269066e-26
4.99149239641e-26
4.87164846606e-26
4.74472741816e-26
4.59213164318e-26
4.40520306788e-26
4.3171159916e-26
4.17124068549e-26
4.02621704648e-26
3.98212412708e-26
3.98265981193e-26
4.07351027377e-26
4.41542172642e-26
8.46417646337e-26
5.83993207815e-23
1.08008684201e-22
200
200
200
200
1.96109844263e-08
7.50615454859e-22
7.68462720092e-22
0
0
0
0
0
0
0
0
0
0
0
0
0
0
0
0
0
0
0
0
0
0
0
0
0
0
0
0
0
0
0
0
0
0
0
0
0
0
0
0
0
0
0
0
0
0
200
200
200
200
200
200
200
200
200
200
200
200
200
200
200
200
200
200
200
200
200
200
200
200
200
200
200
4.59493104656e-26
4.49564317342e-26
4.39572537062e-26
4.27489835092e-26
4.15016065445e-26
3.98989352642e-26
3.89056620603e-26
3.72263987025e-26
3.57723034024e-26
3.5160265074e-26
3.48210753426e-26
3.50823210244e-26
3.66535493221e-26
4.38635670937e-26
1.50212200492e-23
1.5321902487e-22
9.64336117741e-23
1.40073731039e-22
200
200
200
5.78375299032e-22
1.15636898764e-21
7.81407658008e-22
0
0
0
0
0
0
0
0
0
0
0
0
0
0
0
0
0
0
0
0
0
0
0
0
0
0
0
0
0
0
0
0
0
0
0
0
0
0
0
0
0
0
0
0
200
200
200
200
200
200
200
200
200
200
200
200
200
200
200
200
200
200
200
200
200
200
200
200
200
200
200
200
4.24973242786e-26
4.14332439799e-26
4.06726065427e-26
3.94137092614e-26
3.80131812343e-26
3.67238104603e-26
3.51195062512e-26
3.35737374859e-26
3.19804611068e-26
3.11950320349e-26
3.0263156079e-26
2.99149193212e-26
3.08910789022e-26
3.39645588914e-26
2.66010482823e-24
7.73578145293e-23
9.22357224622e-23
1.41007927896e-22
2.05490212218e-22
2.74562768432e-22
4.13348374162e-22
5.66195574569e-22
9.03298520551e-22
2.04545656608e-21
1.07036482021e-20
0
0
0
0
0
0
0
0
0
0
0
0
0
0
0
0
0
0
0
0
0
0
0
0
0
0
0
0
0
0
0
0
0
0
0
0
0
0
0
0
0
0
0
200
200
200
200
200
200
200
200
200
200
200
200
200
200
200
200
200
200
200
200
200
200
200
200
200
200
200
200
4.00290498249e-26
3.89080023623e-26
3.80630682127e-26
3.68868004901e-26
3.54098175304e-26
3.38848874775e-26
3.21289035658e-26
3.03825939659e-26
2.86827765194e-26
2.73792316866e-26
2.61606624617e-26
2.5603222097e-26
2.55560736117e-26
2.6804078209e-26
3.56887024327e-26
1.45632254539e-23
8.49868767113e-23
1.11619436698e-22
2.3276141574e-22
3.52079902701e-22
5.28093005556e-22
7.18025857253e-22
1.10371041429e-21
2.76039972646e-21
7.85953400968e-21
5.58207679336e-22
0
0
0
0
0
0
0
0
0
0
0
0
0
0
0
0
0
0
0
0
0
0
0
0
0
0
0
0
0
0
0
0
0
0
0
0
0
0
0
0
0
0
200
200
200
200
200
200
200
200
200
200
200
200
200
200
200
200
200
200
200
200
200
200
200
200
200
200
200
200
3.85480810503e-26
3.71258369391e-26
3.61938055581e-26
3.49462943541e-26
3.31184091665e-26
3.1470843897e-26
2.95276232246e-26
2.75356841052e-26
2.57878104934e-26
2.42218348762e-26
2.29189672201e-26
2.19246114249e-26
2.11625781006e-26
2.12002565562e-26
2.30656924598e-26
1.25276524532e-24
2.42919053849e-23
5.55865214391e-23
1.25367689467e-22
2.37845239012e-22
4.63612367641e-22
8.06787818041e-22
1.45990152991e-21
1.88089863176e-21
1.94222880132e-21
4.85412278522e-21
0
0
0
0
0
0
0
0
0
0
0
0
0
0
0
0
0
0
0
0
0
0
0
0
0
0
0
0
0
0
0
0
0
0
0
0
0
0
0
0
0
0
200
200
200
200
200
200
200
200
200
200
200
200
200
200
200
200
200
200
200
200
200
200
200
200
200
200
200
200
3.81003424135e-26
3.62488070945e-26
3.50558227287e-26
3.34827977191e-26
3.15779599707e-26
2.94968575436e-26
2.73534015595e-26
2.53241500868e-26
2.33665619033e-26
2.16879077376e-26
2.03467705519e-26
1.91536813115e-26
1.84142629457e-26
1.77644552534e-26
1.77690620336e-26
2.00950110283e-26
3.28975043517e-24
1.61608453531e-23
3.63511150551e-23
8.3216621885e-23
1.59352311987e-22
3.28344785303e-22
6.16051849745e-22
1.0119815749e-21
1.2646844732e-21
1.98967345443e-21
1.28338463363e-20
2.3071545584e-14
0
0
0
0
0
0
0
0
0
0
0
0
0
0
0
0
0
0
0
0
0
0
0
0
0
0
0
0
0
0
0
0
0
0
0
0
0
0
0
200
200
200
200
200
200
200
200
200
200
200
200
200
200
200
200
200
200
200
200
200
200
200
200
200
200
200
200
200
3.92379347796e-26
3.64525563968e-26
3.4827605683e-26
3.29387382639e-26
3.05044010961e-26
2.81526882817e-26
2.57998681645e-26
2.35122714191e-26
2.15513851832e-26
1.97692048114e-26
1.83309290314e-26
1.7228247349e-26
1.61808614301e-26
1.5194785512e-26
1.47811670551e-26
1.48119411381e-26
2.85802426798e-26
2.75064892957e-24
7.04718308936e-24
1.61622057364e-23
3.46651414301e-23
7.35408389938e-23
1.49228688571e-22
3.15053124328e-22
5.92020105664e-22
1.23940293357e-21
1.60488622375e-14
105.061349973
0
0
0
0
0
0
0
0
0
0
0
0
0
0
0
0
0
0
0
0
0
0
0
0
0
0
0
0
0
0
0
0
0
0
0
0
0
0
0
200
200
200
200
200
200
200
200
200
200
200
200
200
200
200
200
200
200
200
200
200
200
200
200
200
200
200
200
200
199.999999834
3.87776150148e-26
3.59550614061e-26
3.29281706463e-26
3.00959601578e-26
2.72863798232e-26
2.47254670766e-26
2.23401459817e-26
2.02992825553e-26
1.84717811205e-26
1.70538186872e-26
1.56532157788e-26
1.44474558083e-26
1.33613777381e-26
1.22562436465e-26
1.16585425331e-26
1.17174597842e-26
1.61636001071e-25
1.37338031956e-24
2.85272880923e-24
5.52357855954e-24
9.81956839624e-24
1.86929299133e-23
4.82500789091e-23
1.98499543587e-22
5.67064365304e-20
5.53966120637e-14
5.44403733248e-22
83.3283611651
0
0
0
0
0
0
0
0
0
0
0
0
0
0
0
0
0
0
0
0
0
0
0
0
0
0
0
0
0
0
0
0
0
0
0
0
0
0
200
200
200
200
200
200
200
200
200
200
200
200
200
200
200
200
200
200
200
200
200
200
200
200
200
200
200
200
200
9.33248780434e-12
4.51941823518e-26
3.95194968791e-26
3.45089514205e-26
3.04979637228e-26
2.70329239983e-26
2.40350296207e-26
2.14620204169e-26
1.91343236813e-26
1.7509803409e-26
1.58834041958e-26
1.4448015302e-26
1.3022204553e-26
1.16522449256e-26
1.03806947845e-26
9.34032505791e-27
8.66468412448e-27
8.89251050235e-27
1.46127809199e-25
4.5819594461e-25
8.40138061165e-25
1.39324320784e-24
2.02655268862e-24
2.80554168384e-24
5.03458895573e-24
2.43016674147e-23
1.7083992924e-22
2.0769745152e-23
200
0
0
0
0
0
0
0
0
0
0
0
0
0
0
0
0
0
0
0
0
0
0
0
0
0
0
0
0
0
0
0
0
0
0
0
0
0
200
200
200
200
200
200
200
200
200
200
200
200
200
200
200
200
200
200
200
200
200
200
200
200
200
200
200
200
200
200
2.17644009483e-20
6.43159181706e-26
4.84002173138e-26
3.81967627611e-26
3.17903757759e-26
2.72418656114e-26
2.37742025417e-26
2.08341611573e-26
1.86190344394e-26
1.66903536074e-26
1.50497233863e-26
1.35297772287e-26
1.19772572914e-26
1.04140935766e-26
9.0214724076e-27
7.88700741993e-27
6.91505211478e-27
6.20161715972e-27
7.98084794644e-27
5.13720539927e-26
9.53422521044e-26
1.65292059807e-25
2.38591549876e-25
2.22216950775e-25
1.58820395666e-25
4.72625598436e-26
4.12860006669e-26
1.79769257494e-26
2.79929920164e-25
200
0
0
0
0
0
0
0
0
0
0
0
0
0
0
0
0
0
0
0
0
0
0
0
0
0
0
0
0
0
0
0
0
0
0
0
0
200
200
200
200
200
200
200
200
200
200
200
200
200
200
200
200
200
200
200
200
200
200
200
200
200
200
200
200
200
200
1.61111830286e-19
1.94386861566e-17
143.91607756
4.50568107119e-26
3.38934631989e-26
2.78809182323e-26
2.37170082202e-26
2.05346393514e-26
1.82282858395e-26
1.62794783002e-26
1.44674536173e-26
1.28974509407e-26
1.12976743458e-26
9.70131200488e-27
8.28521277391e-27
6.99811008119e-27
5.54449722269e-27
3.59004554177e-27
3.89341697294e-27
6.91673737404e-27
1.26978300217e-26
1.78261059063e-26
1.70535101507e-26
9.72671332649e-27
1.26687829615e-26
1.77140220886e-26
3.00923855802e-26
5.10589705759e-26
3.40860539807e-25
4.74148798556e-24
0
0
0
0
0
0
0
0
0
0
0
0
0
0
0
0
0
0
0
0
0
0
0
0
0
0
0
0
0
0
0
0
0
0
0
3.65485194559e-29
200
200
200
200
200
200
200
200
200
200
200
200
200
200
200
200
200
200
200
200
200
200
200
200
200
200
200
200
200
200
5.85250230591e-19
1.895426815e-20
2.11054049138e-14
200
1.20487301238e-09
2.86312896714e-26
2.36430155901e-26
2.03475164204e-26
1.7966880219e-26
1.59571381828e-26
1.42124502577e-26
1.25509120747e-26
1.08108748068e-26
9.224007968e-27
7.69030893214e-27
6.07006509882e-27
4.30951060692e-27
2.30345785539e-27
4.08394626823e-28
7.29694624264e-28
8.52739933183e-28
9.68083539903e-28
2.1650516428e-27
3.14404320978e-27
5.18508606662e-27
1.07978907771e-26
2.70691239323e-26
1.03806522965e-25
5.77537293e-25
5.1976954061e-25
1.73124565844e-29
0
0
0
0
0
0
0
0
0
0
0
0
0
0
0
0
0
0
0
0
0
0
0
0
0
0
0
0
0
0
0
0
0
0
200
200
200
200
200
200
200
200
200
200
200
200
200
200
200
200
200
200
200
200
200
200
200
200
200
200
200
200
200
200
200
4.65229438537e-19
4.94186332458e-19
5.09514185476e-19
9.88979853031e-19
2.06864678471e-13
200
200
2.11236378881e-26
1.82159733738e-26
1.6074104343e-26
1.42081003767e-26
1.24961707465e-26
1.05142435769e-26
8.99961969882e-27
7.42398492662e-27
6.1198390456e-27
4.52569186719e-27
2.16941476341e-27
4.08394626823e-28
6.59342237838e-28
8.33503870312e-28
9.48847477031e-28
1.1977330304e-27
2.80589066304e-27
3.95777038148e-27
8.41237605014e-27
2.43622115391e-26
5.10729936658e-26
9.62141224902e-26
3.94374729164e-27
2.80546964813e-24
0
0
0
0
0
0
0
0
0
0
0
0
0
0
0
0
0
0
0
0
0
0
0
0
0
0
0
0
0
0
0
0
0
0
200
200
200
200
200
200
200
200
200
200
200
200
200
200
200
200
200
200
200
200
200
200
200
200
200
200
200
200
200
200
187.29936177
)
;

boundaryField
{
    frontAndBack
    {
        type            empty;
    }
    leftWall
    {
        type            calculated;
        value           uniform 0;
    }
    outlet
    {
        type            calculated;
        value           uniform 0;
    }
    rightWall
    {
        type            calculated;
        value           uniform 0;
    }
    inlet
    {
        type            calculated;
        value           uniform 2.58765447366e-23;
    }
}


// ************************************************************************* //
