/*--------------------------------*- C++ -*----------------------------------*\
| =========                 |                                                 |
| \\      /  F ield         | OpenFOAM: The Open Source CFD Toolbox           |
|  \\    /   O peration     | Version:  v1906                                 |
|   \\  /    A nd           | Web:      www.OpenFOAM.com                      |
|    \\/     M anipulation  |                                                 |
\*---------------------------------------------------------------------------*/
FoamFile
{
    version     2.0;
    format      ascii;
    class       volScalarField;
    location    "44";
    object      alpha;
}
// * * * * * * * * * * * * * * * * * * * * * * * * * * * * * * * * * * * * * //

dimensions      [0 0 -1 0 0 0 0];


internalField   nonuniform List<scalar> 
9216
(
111.667196427
194.232469031
194.675448306
194.675448306
194.675448306
195.040408379
195.040408379
195.040408379
195.040408379
195.040408379
194.681626414
193.948160423
194.043636748
193.185119574
193.185119574
193.185119574
193.948160423
194.566223511
194.566223511
194.566223511
194.566223511
193.201622387
192.901465157
192.901465157
192.901465157
192.901465157
191.849311297
191.372030735
190.970011358
190.187314935
189.97062299
187.640188944
188.369556924
190.691533357
190.903391813
192.125824982
192.195608191
192.195608191
192.195608191
192.195608191
192.195608191
191.475521106
190.214179674
190.096380155
191.032613451
191.032613451
191.032613451
191.032613451
191.032613451
190.974325463
191.26290433
191.567316419
191.903538236
192.195608191
192.195608191
191.999146316
191.336477453
190.485187846
189.086909179
187.041504828
185.249292155
183.638569118
182.400552902
180.891376765
178.068053483
173.918868164
170.084521356
169.07811977
166.337780902
163.673309165
162.15907952
160.68124417
160.670701527
161.138923321
160.132774264
157.478488985
154.90151953
152.513093972
148.049530973
141.487846847
136.307844832
132.539057592
128.097335926
118.125818275
107.214812767
101.402889287
93.9329785726
77.7709629214
56.4785770818
41.6575895927
29.190820886
21.3408627737
16.4391878174
11.9096948693
8.90545874626
0.858166783387
193.869756858
195.002497806
195.040408379
195.040408379
195.040408379
195.040408379
195.040408379
194.675448306
194.675448306
194.675448306
194.675448306
194.675448306
193.988711542
193.225670693
193.225670693
193.225670693
193.504853823
193.538143551
193.538143551
193.203830127
194.269937114
193.819369123
193.132632359
192.385573145
192.085937093
192.085937093
192.085937093
192.085937093
192.073099511
190.922942353
189.980916614
189.980916614
189.980916614
189.980916614
189.980916614
189.980916614
189.980916614
189.133093448
189.133093448
188.370052599
188.370052599
188.370052599
188.370052599
187.077836222
187.077836222
187.077836222
187.077836222
187.077836222
187.077836222
187.077836222
187.077836222
187.077836222
187.077836222
185.975312238
185.108294417
184.987706966
184.116109237
182.643962418
178.110548751
174.100422662
170.867861806
168.187956331
165.67515911
164.482687722
161.427067043
155.152607602
148.323372702
147.251304522
149.972660986
154.04815777
155.168087178
153.227885638
151.670025132
150.620424431
149.228566413
147.04010034
145.976751951
149.694421959
154.660450665
149.985289515
143.467688716
136.285893841
135.897500191
132.008013073
124.961794132
116.479197931
110.485387686
91.9479691369
76.4310356828
54.4805812574
36.599525224
30.5372650386
26.2945832604
15.0293982613
10.6214608655
11.5599537723
194.675448306
195.086882207
194.93194627
195.176079407
194.675448306
194.675448306
194.675448306
194.675448306
194.675448306
194.675448306
194.269937114
194.269937114
194.269937114
194.269937114
192.36959151
193.132632359
193.132632359
193.132632359
193.132632359
193.132632359
193.132632359
193.132632359
193.132632359
192.085937093
192.085937093
191.079133259
190.159901504
189.217875765
189.217875765
189.217875765
188.370052599
188.370052599
187.077836222
187.077836222
187.077836222
187.077836222
187.077836222
187.077836222
187.077836222
187.077836222
187.077836222
187.077836222
185.642040246
185.642040246
183.672498442
183.672498442
181.899910818
181.899910818
180.304581956
178.116202174
178.116202174
178.116202174
178.116202174
178.116202174
178.116202174
178.116202174
178.116202174
177.231831669
174.825248632
170.281493954
166.130243304
162.815250573
159.735887252
155.983475192
149.979370023
141.488100188
132.342852039
127.055169527
123.242032918
118.447930681
114.925721209
120.705628801
118.331668319
129.355009023
126.992925428
123.281512635
122.606155174
122.243970607
120.472383469
123.208598832
128.1934627
128.153357826
128.172432126
126.724359956
121.112767416
112.999283395
96.4719310196
95.2852657098
87.3406522697
60.8985988052
31.8137394184
36.4098991314
23.5159201804
17.3982387982
16.6603700959
11.4721001613
195.040408379
195.176079407
195.176079407
195.176079407
194.675448306
194.675448306
194.675448306
194.675448306
194.269937114
194.269937114
194.269937114
194.269937114
194.269937114
193.132632359
193.132632359
193.132632359
193.132632359
193.132632359
193.132632359
193.132632359
193.132632359
192.36959151
192.36959151
191.322896244
190.159901504
189.217875765
188.370052599
188.370052599
187.077836222
187.077836222
187.077836222
187.077836222
187.077836222
187.077836222
187.077836222
187.077836222
185.642040246
185.642040246
185.642040246
185.642040246
182.07716958
180.304581956
178.116202174
178.116202174
178.116202174
178.116202174
178.116202174
178.116202174
178.116202174
178.116202174
175.684669082
175.684669082
175.684669082
175.684669082
175.684669082
175.684669082
175.684669082
175.684669082
175.463793883
172.0856421
167.567172257
163.441055662
158.986837107
154.934395553
149.094572119
140.575762862
130.632428522
124.823291138
121.510456095
117.385252002
114.22718771
111.199876395
108.522882034
114.915985726
110.91054431
108.089644752
107.393843262
107.218651062
106.825270727
106.425015353
102.85339152
98.742372308
105.593763769
109.16912764
110.315229638
101.987525113
95.0034136958
95.2150058607
78.1931746415
70.8076735188
56.0488974142
30.3712132977
33.0484403526
25.0051854797
17.0424968641
8.30249336736
195.040408379
195.176079407
195.176079407
194.923023734
194.675448306
194.675448306
194.675448306
194.269937114
194.269937114
194.269937114
194.269937114
194.269937114
193.132632359
193.132632359
193.132632359
193.132632359
193.132632359
193.132632359
193.132632359
192.36959151
192.36959151
192.36959151
191.322896244
190.159901504
188.370052599
188.370052599
187.077836222
187.077836222
187.077836222
187.077836222
187.077836222
187.077836222
185.642040246
185.642040246
185.642040246
185.642040246
185.642040246
184.046711385
180.304581956
178.116202174
178.116202174
178.116202174
178.116202174
178.116202174
175.684669082
175.684669082
175.684669082
175.684669082
175.684669082
175.684669082
175.684669082
175.684669082
172.982965647
172.982965647
172.982965647
172.982965647
172.982965647
172.982965647
172.982965647
168.39077101
164.137537621
157.944956148
151.162961347
146.061135368
140.046407175
129.714977623
122.86462409
120.737014306
116.201948538
111.946109135
110.014325651
112.368349639
109.82775346
107.228791313
102.167405864
99.5541193413
106.286692556
106.974617795
106.998234278
106.365366683
102.341454568
98.5840758913
105.039562917
99.9090550704
93.9995384694
85.1967123581
78.9098778655
82.6313285547
90.701776934
73.905901106
66.7377231725
43.8441942242
25.8044425997
28.6675027916
23.3717676076
13.3682871587
195.040408379
195.176079407
195.176079407
194.675448306
194.675448306
194.675448306
194.269937114
194.269937114
194.269937114
194.269937114
194.269937114
193.819369123
193.132632359
193.132632359
193.132632359
193.132632359
193.132632359
192.36959151
192.36959151
192.36959151
192.36959151
191.322896244
190.159901504
188.370052599
187.077836222
187.077836222
187.077836222
187.077836222
187.077836222
187.077836222
185.642040246
185.642040246
185.642040246
185.642040246
185.642040246
184.046711385
180.304581956
180.304581956
178.116202174
178.116202174
178.116202174
178.116202174
175.684669082
175.684669082
175.684669082
175.684669082
175.684669082
172.982965647
172.982965647
172.982965647
172.982965647
172.982965647
169.981072941
169.981072941
169.981072941
166.645636601
166.645636601
162.939596223
162.939596223
158.576681798
141.698552883
129.214238877
120.146736757
113.999710148
109.424351657
105.296585365
93.7118
93.3292646909
92.118396218
90.7776830217
90.240021995
89.361398485
88.1193421666
85.1830428813
87.4104667093
96.682060721
97.6752302069
93.377535106
96.6338912314
103.076945653
102.691284941
94.27529661
92.5498764139
98.4745799088
93.6262860467
85.2737405696
91.3640360091
81.776707437
72.0538688752
61.3590619103
72.1477250215
61.8219779309
34.2588598846
27.3413550845
26.6044115871
15.4396935697
195.040408379
195.176079407
195.176079407
194.675448306
194.675448306
194.269937114
194.269937114
194.269937114
194.269937114
194.269937114
194.269937114
193.132632359
193.132632359
193.132632359
192.36959151
192.36959151
192.36959151
192.36959151
192.36959151
192.36959151
192.36959151
190.159901504
188.370052599
187.077836222
187.077836222
187.077836222
187.077836222
187.077836222
185.642040246
185.642040246
185.642040246
185.642040246
185.642040246
184.046711385
184.046711385
180.304581956
178.116202174
178.116202174
178.116202174
178.116202174
175.684669082
175.684669082
175.684669082
175.684669082
172.982965647
172.982965647
172.982965647
172.982965647
172.982965647
169.981072941
169.981072941
169.981072941
166.645636601
166.645636601
162.939596223
162.939596223
158.821773581
158.821773581
142.767277471
115.072942386
109.424351657
93.7118
93.7118
93.7118
81.902
81.902
81.902
81.902
68.78
68.78
68.78
68.78
68.78
68.78
68.78
81.902
81.902
81.902
89.9822121494
88.3854658996
82.1470505867
88.3421115223
81.8465769836
84.1944240328
85.4477690282
81.7356932319
81.596611917
82.6361109394
69.9294587276
71.5186264978
60.6261493672
67.4068289345
54.2104589491
30.8384650441
29.5881538624
17.2130397497
195.040408379
195.176079407
195.176079407
194.675448306
194.675448306
194.770568215
194.770568215
194.269937114
194.269937114
194.269937114
193.58320035
193.132632359
193.132632359
192.36959151
192.36959151
192.36959151
192.36959151
192.36959151
192.36959151
192.36959151
191.322896244
189.217875765
187.077836222
187.077836222
187.077836222
187.077836222
187.077836222
185.642040246
185.642040246
185.642040246
185.642040246
185.642040246
184.046711385
184.046711385
180.304581956
178.116202174
178.116202174
178.116202174
175.684669082
175.684669082
175.684669082
175.684669082
175.684669082
172.982965647
172.982965647
172.982965647
172.982965647
169.981072941
169.981072941
169.981072941
166.645636601
166.645636601
162.939596223
162.939596223
158.821773581
158.821773581
154.24641509
117.094540275
104.34062
93.7118
93.7118
81.902
81.902
68.78
68.78
54.2
54.2
38
38
38
20
20
20
20
20
24.9601193734
38
38
54.2
54.2
68.78
68.78
78.9855674092
84.7940087208
78.181586285
79.5960449477
69.3499490226
69.644399637
68.7544077179
73.4131457671
69.5116443774
59.52636044
62.9526297988
34.0151373061
32.0950197839
20.0596533312
195.253442495
195.176079407
195.176079407
195.176079407
194.770568215
194.770568215
194.770568215
194.269937114
194.269937114
194.269937114
193.58320035
193.132632359
192.36959151
192.36959151
192.36959151
192.36959151
192.36959151
192.36959151
192.36959151
192.36959151
190.159901504
188.370052599
187.077836222
187.077836222
187.077836222
187.077836222
185.642040246
185.642040246
185.642040246
185.642040246
185.642040246
184.046711385
184.046711385
180.304581956
178.116202174
178.116202174
178.116202174
175.684669082
175.684669082
175.684669082
175.684669082
172.982965647
172.982965647
172.982965647
172.982965647
169.981072941
169.981072941
169.981072941
166.645636601
166.645636601
162.939596223
162.939596223
158.821773581
158.821773581
154.24641509
139.524436508
104.34062
93.7118
93.7118
81.902
81.902
68.78
68.78
54.2
38
38
20
20
0
0
0
0
0
0
0
0
0
0
0
0
20
20
38
54.2
68.78
76.5323336261
75.6046042156
67.1650186754
64.7547463934
54.6844702776
71.1878764189
66.7134368678
58.3503526366
46.9815453213
31.6477790965
20.7948973114
195.54103948
195.176079407
195.176079407
195.176079407
194.770568215
194.770568215
194.770568215
194.269937114
194.269937114
194.269937114
193.58320035
193.132632359
192.36959151
192.36959151
192.36959151
192.36959151
192.36959151
192.36959151
192.36959151
191.322896244
188.370052599
187.077836222
187.077836222
187.077836222
187.077836222
185.642040246
185.642040246
185.642040246
185.642040246
185.642040246
184.046711385
182.274123761
180.304581956
178.116202174
178.116202174
178.116202174
175.684669082
175.684669082
175.684669082
175.684669082
172.982965647
172.982965647
172.982965647
172.982965647
169.981072941
169.981072941
166.645636601
166.645636601
162.939596223
162.939596223
162.939596223
158.821773581
158.821773581
154.24641509
125.831360651
104.34062
93.7118
81.902
81.902
68.78
68.78
54.2
38
20
20
0
0
0
0
0
0
0
0
0
0
0
0
0
0
0
0
0
0
0
20
38
54.2
63.4020686418
63.5252201531
59.7473030952
55.472684464
66.299289742
61.3049537803
55.6536621967
31.5308364876
24.7804375057
195.54103948
195.176079407
195.176079407
195.176079407
194.770568215
194.770568215
194.770568215
194.269937114
194.269937114
193.58320035
193.132632359
192.36959151
192.36959151
192.36959151
192.36959151
192.36959151
192.36959151
192.36959151
192.36959151
189.312078339
188.370052599
187.077836222
187.077836222
187.077836222
185.642040246
185.642040246
185.642040246
185.642040246
184.046711385
184.046711385
184.046711385
180.304581956
180.304581956
178.116202174
178.116202174
175.684669082
175.684669082
175.684669082
172.982965647
172.982965647
172.982965647
172.982965647
169.981072941
169.981072941
169.981072941
166.645636601
166.645636601
162.939596223
162.939596223
158.821773581
158.821773581
154.24641509
154.24641509
125.831360651
93.7118
93.7118
81.902
81.902
68.78
54.2
38
20
20
0
0
0
0
0
0
0
0
0
0
0
0
0
0
0
0
0
0
0
0
0
0
0
0
20
53.8231063757
61.3893839782
60.7491148715
51.3640985365
61.3019520759
67.7022796755
35.4844241384
24.6416888929
195.54103948
195.176079407
195.176079407
195.176079407
194.770568215
194.770568215
194.770568215
194.269937114
194.269937114
193.58320035
193.132632359
192.36959151
192.36959151
192.36959151
192.36959151
192.36959151
192.36959151
192.36959151
191.521768345
188.370052599
187.077836222
187.077836222
187.077836222
185.642040246
185.642040246
185.642040246
185.642040246
184.046711385
184.046711385
184.046711385
180.304581956
180.304581956
178.116202174
178.116202174
175.684669082
175.684669082
175.684669082
172.982965647
172.982965647
172.982965647
172.982965647
169.981072941
169.981072941
169.981072941
166.645636601
166.645636601
162.939596223
162.939596223
158.821773581
158.821773581
154.24641509
154.24641509
125.831360651
93.7118
81.902
81.902
68.78
68.78
54.2
38
20
0
0
0
0
0
0
0
0
0
0
0
0
0
0
0
0
0
0
0
0
0
0
0
0
0
0
0
0
38
54.9853467957
57.8667284294
50.4060009039
67.0431435421
41.316289562
23.096146795
196.159102567
195.794142495
195.176079407
195.176079407
194.770568215
194.770568215
194.770568215
194.269937114
194.269937114
193.58320035
193.132632359
192.36959151
192.36959151
192.36959151
192.36959151
192.36959151
192.36959151
191.521768345
189.312078339
188.370052599
187.077836222
187.077836222
187.077836222
185.642040246
185.642040246
185.642040246
184.046711385
184.046711385
184.046711385
182.274123761
180.304581956
178.116202174
178.116202174
175.684669082
175.684669082
175.684669082
172.982965647
172.982965647
172.982965647
169.981072941
169.981072941
169.981072941
166.645636601
166.645636601
166.645636601
162.939596223
162.939596223
158.821773581
158.821773581
154.24641509
154.24641509
141.414273653
93.7118
81.902
81.902
68.78
54.2
38
38
16.7564220665
0
0
0
0
0
0
0
0
0
0
0
0
0
0
0
0
0
0
0
0
0
0
0
0
0
0
0
0
0
0
20
47.3661822621
52.2026472383
63.8840983193
46.6904152729
22.4895362192
196.159102567
195.794142495
195.794142495
195.176079407
194.770568215
194.770568215
194.770568215
194.269937114
194.269937114
193.58320035
193.132632359
192.36959151
192.36959151
192.36959151
192.36959151
192.36959151
191.521768345
191.521768345
188.370052599
188.370052599
187.077836222
187.077836222
185.642040246
185.642040246
185.642040246
184.046711385
184.046711385
184.046711385
182.274123761
180.304581956
178.116202174
178.116202174
175.684669082
175.684669082
175.684669082
172.982965647
172.982965647
172.982965647
169.981072941
169.981072941
169.981072941
166.645636601
166.645636601
162.939596223
162.939596223
162.939596223
158.821773581
158.821773581
154.24641509
154.24641509
149.162683433
93.7118
81.902
81.902
68.78
54.2
38
20
0
0
0
0
0
0
0
0
0
0
0
0
0
0
0
0
0
0
0
0
0
0
0
0
0
0
0
0
0
0
0
0
0
20
44.0826638804
49.0175623101
57.2060244694
21.8987009775
196.159102567
195.794142495
195.794142495
195.794142495
194.770568215
194.770568215
194.770568215
194.269937114
194.269937114
193.132632359
193.132632359
192.36959151
192.36959151
192.36959151
192.36959151
191.521768345
191.521768345
190.475073079
188.370052599
187.077836222
187.077836222
187.077836222
185.642040246
185.642040246
184.046711385
184.046711385
184.046711385
182.274123761
180.304581956
180.304581956
178.116202174
178.116202174
175.684669082
175.684669082
172.982965647
172.982965647
172.982965647
169.981072941
169.981072941
169.981072941
166.645636601
166.645636601
162.939596223
162.939596223
158.821773581
158.821773581
158.821773581
154.24641509
154.24641509
149.162683433
93.7118
81.902
81.902
68.78
54.2
38
20
0
0
0
0
0
0
0
0
0
0
0
0
0
0
0
0
0
0
0
0
0
0
0
0
0
0
0
0
0
0
0
0
0
0
0
23.1675302809
42.4028639963
61.4986462688
22.7461188691
196.159102567
196.350399274
195.794142495
195.794142495
195.388631303
194.770568215
194.770568215
194.770568215
193.58320035
193.132632359
193.132632359
192.36959151
192.36959151
192.36959151
192.36959151
191.521768345
191.521768345
189.533047339
188.370052599
187.077836222
187.077836222
185.642040246
185.642040246
185.642040246
184.046711385
184.046711385
182.274123761
180.304581956
180.304581956
178.116202174
178.116202174
175.684669082
175.684669082
172.982965647
172.982965647
172.982965647
169.981072941
169.981072941
169.981072941
166.645636601
166.645636601
162.939596223
162.939596223
158.821773581
158.821773581
158.821773581
154.24641509
154.24641509
149.162683433
104.34062
81.902
81.902
68.78
54.2
38
0
0
0
0
0
0
0
0
0
0
0
0
0
0
0
0
0
0
0
0
0
0
0
0
0
0
0
0
0
0
0
0
0
0
0
0
0
0
29.7609359857
55.544574793
24.4360468928
196.159102567
196.350399274
196.350399274
195.794142495
195.388631303
194.770568215
194.770568215
194.770568215
193.58320035
193.132632359
192.36959151
192.36959151
192.36959151
192.36959151
191.521768345
191.521768345
190.579742606
188.370052599
188.370052599
187.077836222
187.077836222
185.642040246
185.642040246
184.046711385
184.046711385
182.274123761
182.274123761
180.304581956
178.116202174
178.116202174
175.684669082
175.684669082
172.982965647
172.982965647
172.982965647
169.981072941
169.981072941
166.645636601
166.645636601
166.645636601
162.939596223
162.939596223
158.821773581
158.821773581
154.24641509
154.24641509
154.24641509
149.162683433
143.514092704
81.902
81.902
68.78
54.2
20
0
0
0
0
0
0
0
0
0
0
0
0
0
0
0
0
0
0
0
0
0
0
0
0
0
0
0
0
0
0
0
0
0
0
0
0
0
0
0
9.54816776698
47.6907057815
26.2345480356
196.715359346
196.350399274
196.350399274
196.350399274
195.944888082
195.388631303
194.770568215
194.770568215
193.58320035
193.132632359
192.36959151
192.36959151
192.36959151
192.36959151
191.521768345
191.521768345
189.533047339
188.370052599
187.077836222
187.077836222
185.642040246
185.642040246
184.046711385
184.046711385
182.274123761
182.274123761
180.304581956
178.116202174
178.116202174
175.684669082
175.684669082
172.982965647
172.982965647
172.982965647
169.981072941
169.981072941
166.645636601
166.645636601
162.939596223
162.939596223
162.939596223
158.821773581
158.821773581
154.24641509
154.24641509
149.162683433
149.162683433
143.514092704
93.7118
81.902
68.78
54.2
20
0
0
0
0
0
0
0
0
0
0
0
0
0
0
0
0
0
0
0
0
0
0
0
0
0
0
0
0
0
0
0
0
0
0
0
0
0
0
0
0
0
33.319607145
28.2113040297
196.715359346
196.350399274
196.350399274
196.350399274
195.944888082
195.944888082
194.770568215
194.269937114
193.132632359
193.132632359
192.36959151
192.36959151
192.36959151
191.521768345
191.521768345
190.579742606
189.533047339
188.370052599
187.077836222
187.077836222
185.642040246
185.642040246
184.046711385
182.274123761
182.274123761
180.304581956
180.304581956
178.116202174
175.684669082
175.684669082
172.982965647
172.982965647
172.982965647
169.981072941
169.981072941
166.645636601
166.645636601
162.939596223
162.939596223
158.821773581
158.821773581
158.821773581
154.24641509
154.24641509
149.162683433
149.162683433
143.514092704
104.34062
81.902
68.78
38
20
0
0
0
0
0
0
0
0
0
0
0
0
0
0
0
0
0
0
0
0
0
0
0
0
0
0
0
0
0
0
0
0
0
0
0
0
0
0
0
0
0
0
13.8484196624
30.772128901
196.715359346
196.350399274
196.350399274
196.350399274
195.944888082
195.944888082
195.388631303
194.269937114
193.132632359
193.132632359
192.36959151
192.36959151
192.36959151
191.521768345
190.579742606
189.533047339
188.370052599
188.370052599
187.077836222
185.642040246
185.642040246
184.046711385
184.046711385
182.274123761
180.304581956
180.304581956
178.116202174
175.684669082
175.684669082
172.982965647
172.982965647
172.982965647
169.981072941
169.981072941
166.645636601
166.645636601
162.939596223
162.939596223
158.821773581
158.821773581
154.24641509
154.24641509
154.24641509
149.162683433
149.162683433
143.514092704
137.237880782
81.902
68.78
38
20
0
0
0
0
0
0
0
0
0
0
0
0
0
0
0
0
0
0
0
0
0
0
0
0
0
0
0
0
0
0
0
0
0
0
0
0
0
0
0
0
0
0
0
3.15585534909
31.6398517224
196.715359346
196.350399274
196.350399274
196.350399274
195.944888082
195.944888082
195.388631303
194.269937114
193.132632359
193.132632359
192.36959151
192.36959151
191.521768345
191.521768345
190.579742606
189.533047339
188.370052599
187.077836222
187.077836222
185.642040246
184.046711385
184.046711385
182.274123761
180.304581956
180.304581956
178.116202174
175.684669082
175.684669082
172.982965647
172.982965647
169.981072941
169.981072941
166.645636601
166.645636601
162.939596223
162.939596223
162.939596223
158.821773581
158.821773581
154.24641509
154.24641509
149.162683433
149.162683433
143.514092704
143.514092704
137.237880782
81.902
68.78
38
0
0
0
0
0
0
0
0
0
0
0
0
0
0
0
0
0
0
0
0
0
0
0
0
0
0
0
0
0
0
0
0
0
0
0
0
0
0
0
0
0
0
0
0
0
3.14750518267
30.9349296883
196.715359346
196.350399274
196.350399274
196.350399274
195.944888082
195.944888082
195.388631303
193.819369123
193.132632359
193.132632359
192.36959151
192.36959151
191.521768345
190.579742606
189.533047339
188.370052599
188.370052599
187.077836222
185.642040246
185.642040246
184.046711385
182.274123761
182.274123761
180.304581956
178.116202174
175.684669082
175.684669082
172.982965647
172.982965647
169.981072941
169.981072941
166.645636601
166.645636601
162.939596223
162.939596223
158.821773581
158.821773581
154.24641509
154.24641509
154.24641509
149.162683433
149.162683433
143.514092704
143.514092704
137.237880782
93.7118
68.78
38
0
0
0
0
0
0
0
0
0
0
0
0
0
0
0
0
0
0
0
0
0
0
0
0
0
0
0
0
0
0
0
0
0
0
0
0
0
0
0
0
0
0
0
0
0
0
3.14750518267
28.6293170956
196.715359346
196.350399274
196.350399274
196.350399274
195.944888082
195.944888082
195.388631303
193.819369123
193.132632359
193.132632359
192.36959151
192.36959151
191.521768345
190.579742606
189.533047339
188.370052599
187.077836222
185.642040246
185.642040246
184.046711385
182.274123761
182.274123761
180.304581956
178.116202174
175.684669082
175.684669082
172.982965647
172.982965647
169.981072941
169.981072941
166.645636601
162.939596223
162.939596223
162.939596223
158.821773581
158.821773581
154.24641509
154.24641509
149.162683433
149.162683433
143.514092704
143.514092704
137.237880782
130.26431198
113.906558
68.78
38
0
0
0
0
0
0
0
0
0
0
0
0
0
0
0
0
0
0
0
0
0
0
0
0
0
0
0
0
0
0
0
0
0
0
0
0
0
0
0
0
0
0
0
0
0
0
0
3.14750518267
24.785802245
196.715359346
196.350399274
196.350399274
196.350399274
195.944888082
195.944888082
194.437432211
193.819369123
193.132632359
193.132632359
192.36959151
191.521768345
190.579742606
189.533047339
188.370052599
187.077836222
187.077836222
185.642040246
184.046711385
182.274123761
182.274123761
180.304581956
178.116202174
175.684669082
175.684669082
172.982965647
169.981072941
169.981072941
166.645636601
166.645636601
162.939596223
162.939596223
158.821773581
158.821773581
154.24641509
154.24641509
149.162683433
149.162683433
143.514092704
143.514092704
137.237880782
137.237880782
130.26431198
113.906558
68.78
38
0
0
0
0
0
0
0
0
0
0
0
0
0
0
0
0
0
0
0
0
0
0
0
0
0
0
0
0
0
0
0
0
0
0
0
0
0
0
0
0
0
0
0
0
0
0
0
0
3.14750518267
20.9319329219
196.715359346
196.350399274
196.350399274
196.350399274
195.944888082
195.944888082
193.819369123
193.819369123
193.132632359
192.36959151
192.36959151
191.521768345
190.579742606
189.533047339
188.370052599
187.077836222
185.642040246
184.046711385
182.274123761
182.274123761
180.304581956
178.116202174
175.684669082
172.982965647
172.982965647
169.981072941
169.981072941
166.645636601
162.939596223
162.939596223
158.821773581
158.821773581
154.24641509
154.24641509
149.162683433
149.162683433
143.514092704
143.514092704
137.237880782
137.237880782
130.26431198
122.5159022
104.34062
81.902
38
0
0
0
0
0
0
0
0
0
0
0
0
0
0
0
0
0
0
0
0
0
0
0
0
0
0
0
0
0
0
0
0
0
0
0
0
0
0
0
0
0
0
0
0
0
0
0
0
0
3.14750518267
17.1004291791
196.715359346
196.350399274
196.350399274
196.350399274
195.944888082
195.944888082
193.819369123
193.132632359
193.132632359
192.36959151
191.521768345
190.579742606
189.533047339
188.370052599
187.077836222
185.642040246
184.046711385
182.274123761
180.304581956
178.116202174
178.116202174
175.684669082
172.982965647
169.981072941
169.981072941
166.645636601
162.939596223
162.939596223
158.821773581
158.821773581
154.24641509
154.24641509
149.162683433
149.162683433
143.514092704
143.514092704
137.237880782
137.237880782
130.26431198
122.5159022
113.906558
104.34062
81.902
38
0
0
0
0
0
0
0
0
0
0
0
0
0
0
0
0
0
0
0
0
0
0
0
0
0
0
0
0
0
0
0
0
0
0
0
0
0
0
0
0
0
0
0
0
0
0
0
0
0
0
3.14750518267
14.2970116898
196.715359346
196.350399274
196.350399274
196.350399274
195.944888082
195.494320091
193.819369123
193.132632359
192.36959151
192.36959151
190.579742606
189.533047339
188.370052599
187.077836222
185.642040246
184.046711385
182.274123761
180.304581956
178.116202174
175.684669082
172.982965647
169.981072941
169.981072941
166.645636601
162.939596223
158.821773581
158.821773581
154.24641509
154.24641509
149.162683433
149.162683433
143.514092704
143.514092704
137.237880782
137.237880782
130.26431198
130.26431198
122.5159022
113.906558
104.34062
93.7118
68.78
38
0
0
0
0
0
0
0
0
0
0
0
0
0
0
0
0
0
0
0
0
0
0
0
0
0
0
0
0
0
0
0
0
0
0
0
0
0
0
0
0
0
0
0
0
0
0
0
0
0
0
0
3.14750518267
13.8940538824
196.715359346
196.350399274
196.350399274
196.350399274
195.944888082
194.437432211
193.132632359
193.132632359
192.36959151
191.521768345
189.533047339
187.077836222
185.642040246
184.046711385
182.274123761
180.304581956
178.116202174
175.684669082
172.982965647
169.981072941
166.645636601
166.645636601
162.939596223
158.821773581
154.24641509
154.24641509
149.162683433
149.162683433
143.514092704
143.514092704
137.237880782
137.237880782
130.26431198
122.5159022
122.5159022
113.906558
113.906558
104.34062
93.7118
81.902
54.2
20
0
0
0
0
0
0
0
0
0
0
0
0
0
0
0
0
0
0
0
0
0
0
0
0
0
0
0
0
0
0
0
0
0
0
0
0
0
0
0
0
0
0
0
0
0
0
0
0
0
0
0
0
3.14750518267
13.568314825
196.715359346
196.350399274
196.350399274
195.944888082
195.388631303
193.819369123
193.132632359
192.36959151
190.579742606
188.370052599
187.077836222
184.046711385
182.274123761
178.116202174
175.684669082
172.982965647
169.981072941
166.645636601
162.939596223
158.821773581
154.24641509
154.24641509
149.162683433
149.162683433
143.514092704
137.237880782
137.237880782
130.26431198
130.26431198
122.5159022
122.5159022
113.906558
113.906558
104.34062
104.34062
93.7118
81.902
81.902
54.2
38
0
0
0
0
0
0
0
0
0
0
0
0
0
0
0
0
0
0
0
0
0
0
0
0
0
0
0
0
0
0
0
0
0
0
0
0
0
0
0
0
0
0
0
0
0
0
0
0
0
0
0
0
0
0
3.14750518267
12.7582526776
196.715359346
196.350399274
196.350399274
195.388631303
193.819369123
193.132632359
191.521768345
187.077836222
184.046711385
169.981072941
0
0
0
0
0
0
38
68.78
113.906558
122.5159022
130.26431198
122.5159022
122.5159022
122.5159022
122.5159022
113.906558
113.906558
104.34062
104.34062
104.34062
93.7118
93.7118
81.902
81.902
68.78
54.2
54.2
38
20
0
0
0
0
0
0
0
0
0
0
0
0
0
0
0
0
0
0
0
0
0
0
0
0
0
0
0
0
0
0
0
0
0
0
0
0
0
0
0
0
0
0
0
0
0
0
0
0
0
0
0
0
0
0
0
3.14750518267
12.4958568156
196.715359346
196.350399274
195.176079407
6.87623096867
0
0
0
0
0
0
0
0
0
0
0
0
0
0
0
0
0
0
0
0
0
0
0
0
38
38
38
38
38
20
20
0
0
0
0
0
0
0
0
0
0
0
0
0
0
0
0
0
0
0
0
0
0
0
0
0
0
0
0
0
0
0
0
0
0
0
0
0
0
0
0
0
0
0
0
0
0
0
0
0
0
0
0
0
0
0
0
0
0
0
3.14750518267
12.4813261396
0.856079182708
0.450567990899
0
0
0
0
0
0
0
0
0
0
0
0
0
0
0
0
0
0
0
0
0
0
0
0
0
0
0
0
0
0
0
0
0
0
0
0
0
0
0
0
0
0
0
0
0
0
0
0
0
0
0
0
0
0
0
0
0
0
0
0
0
0
0
0
0
0
0
0
0
0
0
0
0
0
0
0
0
0
0
0
0
0
0
0
0
0
0
0
0
0
0
0
3.14750518267
12.6061419677
0
0
0
0
0
0
0
0
0
0
0
0
0
0
0
0
0
0
0
0
0
0
0
0
0
0
0
0
0
0
0
0
0
0
0
0
0
0
0
0
0
0
0
0
0
0
0
0
0
0
0
0
0
0
0
0
0
0
0
0
0
0
0
0
0
0
0
0
0
0
0
0
0
0
0
0
0
0
0
0
0
0
0
0
0
0
0
0
0
0
0
0
0
0
3.14750518267
12.5627546319
0
0
0
0
0
0
0
0
0
0
0
0
0
0
0
0
0
0
0
0
0
0
0
0
0
0
0
0
0
0
0
0
0
0
0
0
0
0
0
0
0
0
0
0
0
0
0
0
0
0
0
14.58
43.902
81.902
81.902
68.78
0
0
0
0
0
0
0
0
0
0
0
0
0
0
0
0
0
0
0
0
0
0
0
0
0
0
0
0
0
0
0
0
0
0
0
0
0
0
3.14750518267
12.0443005773
0
0
0
0
0
0
0
0
0
0
0
0
0
0
0
0
0
0
0
0
0
0
0
0
0
0
0
0
0
0
0
0
0
0
0
0
0
0
0
0
0
0
0
0
0
66.34062
113.906558
122.5159022
130.26431198
130.26431198
137.237880782
137.237880782
137.237880782
143.514092704
143.514092704
143.514092704
137.237880782
113.906558
104.34062
64.9582288444
16.2
0
0
0
0
0
0
0
0
0
0
0
0
0
0
0
0
0
0
0
0
0
0
0
0
0
0
0
0
0
0
0
0
0
3.14750518267
10.9122141064
0
0
0
0
0
0
0
0
0
0
0
0
0
0
0
0
0
0
0
0
0
0
0
0
0
0
0
0
0
0
0
0
0
0
0
0
0
0
0
0
0
0
0
0
84.34062
113.906558
122.5159022
130.26431198
137.237880782
137.237880782
143.514092704
143.514092704
143.514092704
143.514092704
149.162683433
149.162683433
149.162683433
149.162683433
149.162683433
143.514092704
118.761582827
85.7865517404
95.8641503747
93.7118
81.902
54.2
0
0
0
0
0
0
0
0
0
0
0
0
0
0
0
0
0
0
0
0
0
0
0
0
0
0
0
0
3.14750518267
9.97168110222
0
0
0
0
0
0
0
0
0
0
0
0
0
0
0
0
0
0
0
0
0
0
0
0
0
0
0
0
0
0
0
0
0
0
0
0
0
0
0
0
0
0
0
0
0
22.43862
130.26431198
137.237880782
137.237880782
143.514092704
143.514092704
149.162683433
149.162683433
149.162683433
149.162683433
149.162683433
154.24641509
154.24641509
154.24641509
149.162683433
149.162683433
148.10148136
55.6980042386
111.100436111
104.34062
93.7118
81.902
0
0
0
0
0
0
0
0
0
0
0
0
0
0
0
0
0
0
0
0
0
0
0
0
0
0
0
3.14750518267
9.45746283317
0
0
0
0
0
0
0
0
0
0
0
0
0
0
0
0
0
0
0
0
0
0
0
0
0
0
0
0
0
0
0
0
0
0
0
0
0
0
0
0
0
0
0
0
0
0
0
23.331322782
143.514092704
143.514092704
149.162683433
149.162683433
154.24641509
154.24641509
154.24641509
154.24641509
154.24641509
154.24641509
154.24641509
154.24641509
154.24641509
154.24641509
154.24641509
120.230165909
122.5159022
113.906558
104.34062
81.902
0
0
0
0
0
0
0
0
0
0
0
0
0
0
0
0
0
0
0
0
0
0
0
0
0
0
1.85528880482
11.3500707451
0
0
0
0
0
0
0
0
0
0
0
0
0
0
0
0
0
0
0
0
0
0
0
0
0
0
0
0
0
0
0
0
0
0
0
0
0
0
0
0
0
0
0
0
0
0
0
0
6.2762119218
149.162683433
149.162683433
154.24641509
154.24641509
154.24641509
154.24641509
158.821773581
158.821773581
158.821773581
158.821773581
158.821773581
158.821773581
158.821773581
154.24641509
152.64431871
140.192024919
135.91290271
113.906558
104.34062
0
0
0
0
0
0
0
0
0
0
0
0
0
0
0
0
0
0
0
0
0
0
0
0
0
0
1.85528880482
11.9826945203
0
0
0
0
0
0
0
0
0
0
0
0
0
0
0
0
0
0
0
0
0
0
0
0
0
0
0
0
0
0
0
0
0
0
0
0
0
0
0
0
0
0
0
0
0
0
0
0
0
5.64859072962
75.6325128901
154.24641509
158.821773581
158.821773581
158.821773581
158.821773581
158.821773581
158.821773581
158.821773581
158.821773581
158.821773581
158.821773581
158.821773581
158.821773581
158.821773581
137.124990088
135.91290271
111.558262762
68.78
0
0
0
0
0
0
0
0
0
0
0
0
0
0
0
0
0
0
0
0
0
0
0
0
0
1.85528880482
11.035565842
0
0
0
0
0
0
0
0
0
0
0
0
0
0
0
0
0
0
0
0
0
0
0
0
0
0
0
0
0
0
0
0
0
0
0
0
0
0
0
0
0
0
0
0
0
0
0
0
0
0
5.08373165666
28.5574616011
158.821773581
158.821773581
158.821773581
162.939596223
162.939596223
162.939596223
162.939596223
162.939596223
162.939596223
162.939596223
162.939596223
158.821773581
158.821773581
158.821773581
147.440161133
103.259661071
93.7118
0
0
0
0
0
0
0
0
0
0
0
0
0
0
0
0
0
0
0
0
0
0
0
0
0
0.405511191809
11.4365139033
0
0
0
0
0
0
0
0
0
0
0
0
0
0
0
0
0
0
0
0
0
0
0
0
0
0
0
0
0
0
0
0
0
0
0
0
0
0
0
0
0
0
0
0
0
0
0
0
0
0
0
9.65909014765
21.5838927991
162.939596223
162.939596223
162.939596223
162.939596223
162.939596223
162.939596223
162.939596223
162.939596223
162.939596223
162.939596223
162.939596223
162.939596223
158.821773581
154.724485804
92.5196506438
78.7955316567
0
0
0
0
0
0
0
0
0
0
0
0
0
0
0
0
0
0
0
0
0
0
0
0
0
0.405511191809
9.73158239467
0
0
0
0
0
0
0
0
0
0
0
0
0
0
0
0
0
0
0
0
0
0
0
0
0
0
0
0
0
0
0
0
0
0
0
0
0
0
0
0
0
0
0
0
0
0
0
0
0
0
0
0
8.69318113289
19.4255035192
162.939596223
166.645636601
166.645636601
166.645636601
166.645636601
166.645636601
166.645636601
166.645636601
166.645636601
162.939596223
162.939596223
162.939596223
162.939596223
106.595350691
53.5610901477
0
0
0
0
0
0
0
0
0
0
0
0
0
0
0
0
0
0
0
0
0
0
0
0
0
0.405511191809
6.19707138452
0
0
0
0
0
0
0
0
0
0
0
0
0
0
0
0
0
0
0
0
0
0
0
0
0
0
0
0
0
0
0
0
0
0
0
0
0
0
0
0
0
0
0
0
0
0
0
0
0
0
0
0
0
12.3992215106
42.4147531672
139.998855367
147.747265147
147.747265147
154.720833949
154.720833949
154.720833949
160.997045871
160.997045871
160.997045871
160.997045871
151.014793572
151.014793572
151.014793572
48.8173483255
4.57535849099
0
0
0
0
0
0
0
0
0
0
0
0
0
0
0
0
0
0
0
0
0
0
0
0
0
4.49809598154
0
0
0
0
0
0
0
0
0
0
0
0
0
0
0
0
0
0
0
0
0
0
0
0
0
0
0
0
0
0
0
0
0
0
0
0
0
0
0
0
0
0
0
0
0
0
0
0
0
0
0
0
0
3.7060403777
7.8238630196
64.8952015595
141.42361134
148.397180142
148.397180142
148.397180142
154.673392063
154.673392063
154.673392063
151.337955723
145.061743802
149.637102293
149.637102293
145.931061915
129.096329046
4.57535849099
4.57535849099
0
0
0
0
0
0
0
0
0
0
0
0
0
0
0
0
0
0
0
0
0
0
0
0
2.75857825824
0
0
0
0
0
0
0
0
0
0
0
0
0
0
0
0
0
0
0
0
0
0
0
0
0
0
0
0
0
0
0
0
0
0
0
0
0
0
0
0
0
0
0
0
0
0
0
0
0
0
0
0
0
3.7060403777
7.04147671764
7.04147671764
68.5257886976
144.2793575
150.555569421
150.555569421
150.555569421
150.555569421
150.555569421
150.555569421
150.555569421
151.337955723
145.061743802
145.061743802
126.633724842
4.11782264189
4.11782264189
0
0
0
0
0
0
0
0
0
0
0
0
0
0
0
0
0
0
0
0
0
0
0
0
3.44379157889
0
0
0
0
0
0
0
0
0
0
0
0
0
0
0
0
0
0
0
0
0
0
0
0
0
0
0
0
0
0
0
0
0
0
0
0
0
0
0
0
0
0
0
0
0
0
0
0
0
0
0
0
0
0
7.04147671764
7.04147671764
7.04147671764
83.1057886976
144.2793575
150.555569421
150.555569421
150.555569421
150.555569421
150.555569421
142.182013136
135.421436988
107.549699123
121.291116424
90.6613225777
3.7060403777
4.11782264189
0
0
0
0
0
0
0
0
0
0
0
0
0
0
0
0
0
0
0
0
0
0
0
0
4.13052834295
0
0
0
0
0
0
0
0
0
0
0
0
0
0
0
0
0
0
0
0
0
0
0
0
0
0
0
0
0
0
0
0
0
0
0
0
0
0
0
0
0
0
0
0
0
0
0
0
0
0
0
0
0
0
0
7.04147671764
7.04147671764
7.04147671764
99.3057886976
144.2793575
144.291657113
123.121572877
107.649232644
90.132110523
62.3773574996
39.9387374996
39.9387374996
15.6508209176
3.7060403777
3.7060403777
3.7060403777
0
0
0
0
0
0
0
0
0
0
0
0
0
0
0
0
0
0
0
0
0
0
0
0
4.13052834295
0
0
0
0
0
0
0
0
0
0
0
0
0
0
0
0
0
0
0
0
0
0
0
0
0
0
0
0
0
0
0
0
0
0
0
0
0
0
0
0
0
0
0
0
0
0
0
0
0
0
0
0
0
0
0
0
0
3.7060403777
11.1592993595
94.1971801415
124.2793575
89.4579785637
75.4993574996
62.3773574996
39.9387374996
23.3992306976
23.3992306976
7.04147671764
7.04147671764
3.7060403777
3.7060403777
3.7060403777
0
0
0
0
0
0
0
0
0
0
0
0
0
0
0
0
0
0
0
0
0
0
0
4.13052834295
0
0
0
0
0
0
0
0
0
0
0
0
0
0
0
0
0
0
0
0
0
0
0
0
0
0
0
0
0
0
0
0
0
0
0
0
0
0
0
0
0
0
0
0
0
0
0
0
0
0
0
0
0
0
0
0
0
0
19.4255035192
25.701715441
23.1315438969
46.7420814872
44.0565601415
39.9387374996
14.7898864976
7.04147671764
7.04147671764
3.33543633993
3.33543633993
3.33543633993
7.04147671764
3.7060403777
3.7060403777
0
0
0
0
0
0
0
0
0
0
0
0
0
0
0
0
0
0
0
0
0
0
4.13052834295
0
0
0
0
0
0
0
0
0
0
0
0
0
0
0
0
0
0
0
0
0
0
0
0
0
0
0
0
0
0
0
0
0
0
0
0
0
0
0
0
0
0
0
0
0
0
0
0
0
0
0
0
0
0
0
0
0
0
5.08373165666
21.5838927991
32.675284243
25.701715441
25.701715441
19.4255035192
0
3.7060403777
7.04147671764
3.33543633993
3.33543633993
3.33543633993
3.33543633993
3.33543633993
3.7060403777
3.7060403777
0
0
0
0
0
0
0
0
0
0
0
0
0
0
0
0
0
0
0
0
0
4.13052834295
0
0
0
0
0
0
0
0
0
0
0
0
0
0
0
0
0
0
0
0
0
0
0
0
0
0
0
0
0
0
0
0
0
0
0
0
0
0
0
0
0
0
0
0
0
0
0
0
0
0
0
0
0
0
0
0
0
0
0
0
23.9821031101
36.3058713811
28.5574616011
21.5838927991
15.3076808773
15.3076808773
0
0
0
3.33543633993
3.33543633993
3.33543633993
3.33543633993
3.7060403777
3.7060403777
3.7060403777
0
0
0
0
0
0
0
0
0
0
0
0
0
0
0
0
0
0
0
4.71393550618
0
0
0
0
0
0
0
0
0
0
0
0
0
0
0
0
0
0
0
0
0
0
0
0
0
0
0
0
0
0
0
0
0
0
0
0
0
0
0
0
0
0
0
0
0
0
0
0
0
0
0
0
0
0
0
0
0
0
0
0
0
26.6467812334
40.3398570901
23.9821031101
17.0085343081
17.0085343081
0
0
0
0
0
0
3.33543633993
3.33543633993
0
3.7060403777
3.7060403777
0
0
0
0
0
0
0
0
0
0
0
0
0
0
0
0
0
0
43.618029672
0
0
0
0
0
0
0
0
0
0
0
0
0
0
0
0
0
0
0
0
0
0
0
0
0
0
0
0
0
0
0
0
0
0
0
0
0
0
0
0
0
0
0
0
0
0
0
0
0
0
0
0
0
0
0
0
0
0
0
0
0
0
0
39.1734727038
20.9981905038
6.2762119218
0
0
0
0
0
0
0
0
3.33543633993
3.7060403777
3.7060403777
3.7060403777
0
0
0
0
0
0
0
0
0
0
0
0
0
0
0
0
0
105.191610387
0
0
0
0
0
0
0
0
0
0
0
0
0
0
0
0
0
0
0
0
0
0
0
0
0
0
0
0
0
0
0
0
0
0
0
0
0
0
0
0
0
0
0
0
0
0
0
0
0
0
0
0
0
0
0
0
0
0
0
0
0
0
0
0
0
0
0
0
0
0
0
0
0
0
0
3.33543633993
3.7060403777
3.7060403777
3.7060403777
0
0
0
0
0
0
0
0
0
0
0
0
0
0
0
0
133.721674681
0
0
0
0
0
0
0
0
0
0
0
0
0
0
0
0
0
0
0
0
0
0
0
0
0
0
0
0
0
0
0
0
0
0
0
0
0
0
0
0
0
0
0
0
0
0
0
0
0
0
0
0
0
0
0
0
0
0
0
0
0
0
0
0
0
0
0
0
0
0
0
0
0
0
0
0
3.33543633993
3.7060403777
3.7060403777
0
0
0
0
0
0
0
0
0
0
0
0
0
0
0
0
148.911107629
0
0
0
0
0
0
0
0
0
0
0
0
0
0
0
0
0
0
0
0
0
0
0
0
0
0
0
0
0
0
0
0
0
0
0
0
0
0
0
0
0
0
0
0
0
0
0
0
0
0
0
0
0
0
0
0
0
0
0
0
0
0
0
0
0
0
0
0
0
0
0
0
0
0
0
0
0
3.7060403777
3.7060403777
3.7060403777
0
0
0
0
0
0
0
0
0
0
0
0
0
0
20
155.732354199
0
0
0
0
0
0
0
0
0
0
0
0
0
0
0
0
0
0
0
0
0
0
0
0
0
0
0
0
0
0
0
0
0
0
0
0
0
0
0
0
0
0
0
0
0
0
0
0
0
0
0
0
0
0
0
0
0
0
0
0
0
0
0
0
0
0
0
0
0
0
0
0
0
0
0
0
0
0
3.7060403777
3.7060403777
0
0
0
0
0
0
0
0
0
0
0
0
0
0
54.2
163.977625202
0
0
0
0
0
0
0
0
0
0
0
0
0
0
0
0
0
0
0
0
0
0
0
0
0
0
0
0
0
0
0
0
0
0
0
0
0
0
0
0
0
0
0
0
0
0
0
0
0
0
0
0
0
0
0
0
0
0
0
0
0
0
0
0
0
0
0
0
0
0
0
0
0
0
0
0
0
0
0
3.7060403777
0
0
0
0
0
0
0
0
0
0
0
0
0
0
93.7118
173.332730568
0
0
0
0
0
0
0
0
0
0
0
0
0
0
0
0
0
0
0
0
0
0
0
0
0
0
0
0
0
0
0
0
0
0
0
0
0
0
0
0
0
0
0
0
0
0
0
0
0
0
0
0
0
0
0
0
0
0
0
0
0
0
0
0
0
0
0
0
0
0
0
0
0
0
0
0
0
0
0
0
0
0
0
0
0
0
0
0
0
0
0
0
0
0
128.308570071
178.79076256
0
0
0
0
0
0
0
0
0
0
0
0
0
0
0
0
0
0
0
0
0
0
0
0
0
0
0
0
0
0
0
0
0
0
0
0
0
0
0
0
0
0
0
0
0
0
0
0
0
0
0
0
0
0
0
0
0
0
0
0
0
0
0
0
0
0
0
0
0
0
0
0
0
0
0
0
0
0
0
0
0
0
0
0
0
0
0
0
0
0
0
0
0
54.2
147.375246077
178.988738849
0
0
0
0
0
0
0
0
0
0
0
0
0
0
0
0
0
0
0
0
0
0
0
0
0
0
0
0
0
0
0
0
0
0
0
0
0
0
0
0
0
0
0
0
0
0
0
0
0
0
0
0
0
0
0
0
0
0
0
0
0
0
0
0
0
0
0
0
0
0
0
0
0
0
0
0
0
0
0
0
0
0
0
0
0
0
0
0
0
0
0
0
0
87.0146244337
159.954711194
166.893839461
0
0
0
0
0
0
0
0
0
0
0
0
0
0
0
0
0
0
0
0
0
0
0
0
0
0
0
0
0
0
0
0
0
0
0
0
0
0
0
0
0
0
0
0
0
0
0
0
0
0
0
0
0
0
0
0
0
0
0
0
0
0
0
0
0
0
0
0
0
0
0
0
0
0
0
0
0
0
0
0
0
0
0
0
0
0
0
0
0
0
0
0
43.059024308
53.3638174552
134.394837659
145.985519314
0
0
0
0
0
0
0
0
0
0
0
0
0
0
0
0
0
0
0
0
0
0
0
0
0
0
0
0
0
0
0
0
0
0
0
0
0
0
0
0
0
0
0
0
0
0
0
0
0
0
0
0
0
0
0
0
0
0
0
0
0
0
0
0
0
0
0
0
0
0
0
0
0
0
0
0
0
0
0
0
0
0
0
0
0
0
0
0
0
0
0
38
113.906558
74.8375752567
116.891255138
142.228509358
0.856079182708
0
0
0
0
0
0
0
0
0
0
0
0
0
0
0
0
0
0
0
0
0
0
0
0
0
0
0
0
0
0
0
0
0
0
0
0
0
0
0
0
0
0
0
0
0
0
0
0
0
0
0
0
0
0
0
0
0
0
0
0
0
0
0
0
0
0
0
0
0
0
0
0
0
0
0
0
0
0
0
0
0
0
0
0
0
0
0
0
0
20
137.237880782
133.720095423
115.078869763
155.597811746
166.374830038
196.715359346
195.794142495
2.06143200536
0
0
0
0
0
0
0
0
0
0
0
0
0
0
0
0
0
0
0
0
0
0
0
0
0
0
0
0
0
0
0
0
0
0
0
0
0
0
0
0
0
0
0
0
0
0
0
0
0
0
0
0
0
0
0
0
0
0
0
0
0
0
0
0
0
0
0
0
0
0
0
0
0
0
0
0
0
0
0
0
0
0
0
0
0
3.14934022554
55.3492564024
162.939596223
158.821773581
143.514092704
148.397180142
167.949916013
177.025701663
196.715359346
196.350399274
196.350399274
194.269937114
10.0954677498
0
0
0
0
0
0
0
0
0
0
0
0
0
0
0
0
0
0
0
0
0
0
0
0
0
0
0
0
0
0
0
0
0
0
0
0
0
0
0
0
0
0
0
0
0
0
0
0
0
0
0
0
0
0
0
0
0
0
0
0
0
0
0
0
0
0
0
0
0
0
0
0
0
0
12.3992215106
13.7769127895
8.69318113289
0
0
0
0
3.00189270594
48.0433694236
158.883950596
169.981072941
166.645636601
162.939596223
153.919294104
159.206052857
173.2208183
182.410806066
196.715359346
196.715359346
196.350399274
195.944888082
193.819369123
192.36959151
14.094870575
0
0
0
0
0
0
0
0
0
0
0
0
0
0
0
0
0
0
0
0
0
0
0
0
0
0
0
0
0
0
0
0
0
0
0
0
0
0
0
0
0
0
0
0
0
0
0
0
0
0
0
0
0
0
0
0
0
0
0
0
0
0
0
0
0
0
0
0
0
0
0
15.7346578505
20.8183895072
25.3199236795
25.3199236795
114.703604775
129.903696989
125.265190003
149.217688845
175.684669082
172.982965647
172.982965647
169.981072941
166.645636601
166.645636601
162.939596223
166.856377224
176.555774211
186.719374317
196.715359346
196.715359346
196.350399274
196.350399274
194.269937114
193.132632359
192.36959151
188.370052599
3.7421294283
0
0
0
0
0
0
0
0
0
0
0
0
0
0
0
0
0
0
0
0
0
0
0
0
0
0
0
0
0
0
0
0
0
0
0
0
0
0
0
0
0
0
0
0
0
0
0
0
0
0
0
0
0
0
0
0
0
0
0
0
0
0
0
0
0
0
0
0
0
26.5219856485
34.6021094699
34.0887858172
34.9315719412
154.4806601
172.412606032
178.116202174
178.116202174
175.684669082
175.684669082
172.982965647
172.982965647
169.981072941
166.645636601
162.939596223
171.978628704
182.130413208
187.96806916
196.715359346
196.715359346
196.350399274
196.350399274
195.388631303
193.819369123
193.132632359
192.36959151
188.370052599
185.642040246
0
0
0
0
0
0
0
0
0
0
0
0
0
0
0
0
0
0
0
0
0
0
0
0
0
0
0
0
0
0
0
0
0
0
0
0
0
0
0
0
0
0
0
0
0
0
0
0
0
0
0
0
0
0
0
0
0
0
0
0
0
0
0
0
0
0
0
10.0433694236
34.6021094699
36.7904892525
38.4557031859
54.444703999
136.209428547
175.482955537
178.116202174
178.116202174
178.116202174
175.684669082
175.684669082
172.982965647
172.982965647
169.981072941
166.645636601
172.349232742
183.398879596
187.365043952
196.715359346
196.715359346
196.350399274
196.350399274
195.944888082
193.819369123
193.132632359
192.36959151
191.521768345
188.370052599
185.642040246
16.8628955008
0
0
0
0
0
0
0
0
0
0
0
0
0
0
0
0
0
0
0
0
0
0
0
0
0
0
0
0
0
0
0
0
0
0
0
0
0
0
0
0
0
0
0
0
0
0
0
0
0
0
0
0
0
0
0
0
0
0
0
0
0
0
0
0
0
21.4382539918
28.9535187403
36.7904892525
36.7904892525
57.5967853434
117.009905272
177.602878521
180.304581956
178.116202174
178.116202174
175.684669082
175.684669082
175.684669082
172.982965647
169.981072941
169.981072941
177.364984618
182.904270461
183.852824384
196.715359346
196.715359346
196.350399274
196.350399274
196.350399274
194.269937114
193.819369123
193.132632359
192.36959151
189.533047339
188.370052599
185.642040246
178.116202174
0
0
0
0
0
0
0
0
0
0
0
0
0
0
0
0
0
0
0
0
0
0
0
0
0
0
0
0
0
0
0
0
0
0
0
0
0
0
0
0
0
0
0
0
0
0
0
0
0
0
0
0
0
0
0
0
0
0
0
0
0
0
0
0
28.9535187403
31.1418985229
31.1418985229
38.7600310569
65.0362429787
133.476649807
180.304581956
180.304581956
178.116202174
178.116202174
178.116202174
175.684669082
175.684669082
172.982965647
172.982965647
172.982965647
178.116202174
186.291358588
184.560032967
196.715359346
196.350399274
196.350399274
196.350399274
195.794142495
194.888000202
193.819369123
193.132632359
192.36959151
191.521768345
189.533047339
187.077836222
185.642040246
178.116202174
0
0
0
0
0
0
0
0
0
0
0
0
0
0
0
0
0
0
0
0
0
0
0
0
0
0
0
0
0
0
0
0
0
0
0
0
0
0
0
0
0
0
0
0
0
0
0
0
0
0
0
0
0
0
0
0
0
0
0
0
0
0
0
34.6021094699
31.1418985229
33.1114403273
41.3471009231
97.5445541925
167.147716456
182.274123761
180.304581956
180.304581956
178.116202174
178.116202174
178.116202174
175.684669082
175.684669082
172.982965647
175.684669082
179.551998149
186.296449328
184.746237993
196.715359346
196.350399274
196.350399274
196.350399274
195.794142495
194.888000202
193.819369123
193.132632359
192.36959151
191.521768345
189.533047339
188.370052599
187.077836222
184.046711385
175.684669082
0
0
0
0
0
0
0
0
0
0
0
0
0
0
0
0
0
0
0
0
0
0
0
0
0
0
0
0
0
0
0
0
0
0
0
0
0
0
0
0
0
0
0
0
0
0
0
0
0
0
0
0
0
0
0
0
0
0
0
0
0
9.03903248122
135.482518523
29.4913365673
62.985609029
95.954505393
130.885150027
182.274123761
182.274123761
180.304581956
180.304581956
180.304581956
178.116202174
178.116202174
175.684669082
175.684669082
175.684669082
175.684669082
183.335706793
187.500152974
186.108140862
196.715359346
196.350399274
196.350399274
196.350399274
195.794142495
194.269937114
193.819369123
193.132632359
193.132632359
192.36959151
190.579742606
189.533047339
187.077836222
185.642040246
180.304581956
172.982965647
0
0
0
0
0
0
0
0
0
0
0
0
0
0
0
0
0
0
0
0
0
0
0
0
0
0
0
0
0
0
0
0
0
0
0
0
0
0
0
0
0
0
0
0
0
0
0
0
0
0
0
0
0
0
0
0
0
0
0
0
107.754267357
141.934266671
128.953009485
128.595827951
144.873238681
172.029654417
184.046711385
182.274123761
182.274123761
180.304581956
180.304581956
178.116202174
178.116202174
178.116202174
175.684669082
175.684669082
178.116202174
185.108294417
189.567515236
185.413489164
196.159102567
196.350399274
196.350399274
195.794142495
195.293511394
194.269937114
193.819369123
193.132632359
193.132632359
192.36959151
191.521768345
189.533047339
188.370052599
187.077836222
184.046711385
178.116202174
169.981072941
0
0
0
0
0
0
0
0
0
0
0
0
0
0
0
0
0
0
0
0
0
0
0
0
0
0
0
0
0
0
0
0
0
0
0
0
0
0
0
0
0
0
0
0
0
0
0
0
0
0
0
0
0
0
0
0
0
0
26.6467812334
182.274123761
152.316198495
151.830657662
158.405499754
169.823094742
184.046711385
184.046711385
184.046711385
182.274123761
182.274123761
180.304581956
180.304581956
178.116202174
178.116202174
178.116202174
178.116202174
181.899910818
185.642040246
187.939641025
185.118192545
196.159102567
195.794142495
195.794142495
195.293511394
195.293511394
194.269937114
193.819369123
193.132632359
193.132632359
192.36959151
191.521768345
190.579742606
189.533047339
188.370052599
185.642040246
182.274123761
175.684669082
162.939596223
0
0
0
0
0
0
0
0
0
0
0
0
0
0
0
0
0
0
0
0
0
0
0
0
0
0
0
0
0
0
0
0
0
0
0
0
0
0
0
0
0
0
0
0
0
0
0
0
0
0
0
0
0
0
0
0
0
169.981072941
170.328055296
158.52037462
163.095733111
178.979825044
185.642040246
185.642040246
184.046711385
184.046711385
184.046711385
182.274123761
180.304581956
180.304581956
178.116202174
178.116202174
178.116202174
180.304581956
188.370052599
186.32877701
185.581271314
185.352178625
195.658471466
195.794142495
195.293511394
195.293511394
195.293511394
194.269937114
193.819369123
193.132632359
193.132632359
192.36959151
192.36959151
192.36959151
192.19060662
191.143911354
188.688700236
184.046711385
180.304581956
172.982965647
154.24641509
0
0
0
0
0
0
0
0
0
0
0
0
0
0
0
0
0
0
0
0
0
0
0
0
0
0
0
0
0
0
0
0
0
0
0
0
0
0
0
0
0
0
0
0
0
0
0
0
0
0
0
0
0
0
0
152.452436334
185.642040246
171.770155344
176.251289352
187.077836222
187.077836222
185.642040246
185.642040246
185.642040246
184.046711385
184.046711385
182.274123761
180.304581956
180.304581956
180.304581956
180.304581956
180.304581956
188.370052599
189.056789363
190.219784104
187.963888454
189.056796238
195.658471466
195.293511394
195.293511394
195.293511394
195.293511394
194.269937114
193.819369123
193.132632359
193.132632359
192.36959151
192.36959151
193.132632359
193.132632359
191.143911354
189.980916614
187.252904261
183.121946926
175.684669082
166.645636601
9.565938
0
0
0
0
0
0
0
0
0
0
0
0
0
0
0
0
0
0
0
0
0
0
0
0
0
0
0
0
0
0
0
0
0
0
0
0
0
0
0
0
0
0
0
0
0
0
0
0
0
0
0
0
0
0
169.981072941
187.077836222
178.710962452
188.370052599
188.370052599
188.370052599
187.077836222
187.077836222
185.642040246
185.642040246
184.046711385
184.046711385
182.274123761
182.274123761
182.274123761
187.077836222
189.056789363
189.056789363
190.219784104
190.982824952
190.837847191
191.531344452
195.658471466
195.293511394
195.293511394
195.293511394
195.293511394
194.269937114
193.819369123
193.132632359
193.132632359
193.132632359
193.132632359
193.132632359
193.132632359
193.132632359
191.143911354
188.688700236
185.657575399
181.152405122
172.982965647
158.821773581
0
0
0
0
0
0
0
0
0
0
0
0
0
0
0
0
0
0
0
0
0
0
0
0
0
0
0
0
0
0
0
0
0
0
0
0
0
0
0
0
0
0
0
0
0
0
0
0
0
0
0
0
0
158.821773581
187.077836222
188.370052599
189.533047339
189.533047339
189.533047339
189.533047339
188.370052599
187.077836222
187.077836222
187.077836222
185.642040246
185.642040246
186.405081095
187.091817859
189.819830212
189.819830212
190.982824952
190.982824952
190.982824952
190.982824952
190.837847191
191.959439417
195.658471466
195.293511394
195.293511394
195.293511394
194.888000202
194.269937114
193.819369123
193.132632359
193.132632359
193.132632359
193.132632359
193.132632359
193.132632359
193.132632359
192.085937093
190.922942353
189.630725975
184.89453455
178.964025339
166.645636601
137.237880782
0
0
0
0
0
0
0
0
0
0
0
0
0
0
0
0
0
0
0
0
0
0
0
0
0
0
0
0
0
0
0
0
0
0
0
0
0
0
0
0
0
0
0
0
0
0
0
0
0
0
0
122.5159022
174.578294508
188.370052599
189.533047339
190.579742606
190.579742606
190.579742606
189.533047339
189.533047339
188.370052599
188.370052599
187.077836222
187.840877071
187.840877071
189.819830212
189.819830212
189.819830212
190.982824952
190.982824952
190.982824952
190.982824952
190.982824952
190.151110427
191.959439417
195.658471466
195.293511394
195.293511394
195.293511394
194.269937114
194.269937114
193.819369123
193.132632359
193.132632359
193.132632359
193.132632359
193.819369123
193.132632359
193.132632359
192.085937093
192.085937093
192.085937093
189.630725975
185.83656029
172.982965647
158.821773581
0
0
0
0
0
0
0
0
0
0
0
0
0
0
0
0
0
0
0
0
0
0
0
0
0
0
0
0
0
0
0
0
0
0
0
0
0
0
0
0
0
0
0
0
0
0
0
0
0
0
0
166.645636601
188.370052599
189.533047339
190.579742606
191.521768345
191.521768345
192.36959151
192.36959151
191.521768345
189.533047339
190.380870505
191.143911354
191.143911354
190.982824952
190.982824952
190.982824952
190.982824952
190.982824952
190.982824952
190.982824952
190.982824952
191.60088804
190.151110427
190.348575403
195.658471466
195.293511394
195.293511394
195.293511394
194.269937114
193.819369123
193.819369123
193.132632359
193.132632359
193.819369123
193.819369123
193.819369123
193.819369123
193.819369123
192.085937093
192.085937093
192.085937093
193.132632359
192.36959151
191.521768345
170.968977815
137.237880782
0
0
0
0
0
0
0
0
0
0
0
0
0
0
0
0
0
0
0
0
0
0
0
0
0
0
0
0
0
0
0
0
0
0
0
0
0
0
0
0
0
0
0
0
0
0
0
0
0
122.5159022
174.578294508
189.533047339
191.521768345
192.36959151
192.36959151
192.36959151
192.36959151
193.132632359
193.132632359
193.132632359
193.132632359
193.132632359
192.877343384
192.877343384
191.830648118
191.830648118
191.830648118
190.982824952
190.982824952
190.982824952
190.982824952
191.60088804
190.151110427
190.904832182
195.658471466
195.293511394
195.293511394
195.293511394
193.819369123
193.819369123
193.819369123
193.132632359
193.819369123
193.819369123
193.819369123
193.819369123
193.819369123
193.819369123
193.132632359
192.085937093
193.132632359
193.132632359
192.36959151
192.36959151
190.579742606
163.625486042
81.902
0
0
0
0
0
0
0
0
0
0
0
0
0
0
0
0
0
0
0
0
0
0
0
0
0
0
0
0
0
0
0
0
0
0
0
0
0
0
0
0
0
0
0
0
0
0
0
0
166.645636601
188.370052599
192.36959151
193.132632359
193.132632359
193.538143551
193.538143551
193.538143551
194.224880315
194.224880315
194.224880315
193.819369123
193.819369123
193.819369123
193.819369123
193.819369123
192.877343384
192.877343384
191.830648118
191.053062303
190.982824952
191.60088804
191.60088804
190.151110427
190.904832182
195.658471466
195.293511394
195.293511394
195.293511394
193.819369123
193.819369123
193.819369123
193.819369123
193.819369123
193.819369123
193.819369123
193.819369123
193.819369123
193.819369123
193.819369123
193.132632359
193.132632359
193.132632359
193.132632359
192.36959151
192.36959151
189.533047339
142.041593243
0
0
0
0
0
0
0
0
0
0
0
0
0
0
0
0
0
0
0
0
0
0
0
0
0
0
0
0
0
0
0
0
0
0
0
0
0
0
0
0
0
0
0
0
0
0
0
122.5159022
183.453660464
192.36959151
193.132632359
193.538143551
194.224880315
194.224880315
194.224880315
194.224880315
194.224880315
194.224880315
194.224880315
194.224880315
194.224880315
193.819369123
193.819369123
193.819369123
193.819369123
193.819369123
192.877343384
193.495406472
193.495406472
193.495406472
190.837847191
190.151110427
190.904832182
195.658471466
195.293511394
195.293511394
195.293511394
193.819369123
193.819369123
193.819369123
192.772673857
192.772673857
192.772673857
193.819369123
193.819369123
193.819369123
193.819369123
193.819369123
193.132632359
193.132632359
193.132632359
193.132632359
193.132632359
192.36959151
192.36959151
188.370052599
93.7118
0
0
0
0
0
0
0
0
0
0
0
0
0
0
0
0
0
0
0
0
0
0
0
0
0
0
0
0
0
0
0
0
0
0
0
0
0
0
0
0
0
0
0
0
0
0
166.645636601
191.322896244
193.538143551
194.224880315
194.224880315
194.224880315
194.224880315
194.224880315
194.224880315
194.224880315
194.224880315
194.224880315
194.224880315
194.224880315
194.224880315
194.224880315
193.819369123
193.819369123
193.819369123
194.437432211
194.437432211
193.495406472
193.495406472
192.732365623
191.648373684
191.951527448
194.971734702
194.60677463
195.293511394
194.246816128
193.819369123
193.819369123
192.772673857
191.609679117
191.609679117
192.772673857
193.819369123
193.819369123
193.819369123
193.819369123
193.819369123
193.819369123
193.819369123
193.538143551
193.538143551
193.538143551
193.538143551
193.132632359
192.36959151
187.077836222
38
0
0
0
0
0
0
0
0
0
0
0
0
0
0
0
0
0
0
0
0
0
0
0
0
0
0
0
0
0
0
0
0
0
0
0
0
0
0
0
0
0
0
0
0
113.906558
185.642040246
193.538143551
194.224880315
194.224880315
194.224880315
194.224880315
194.224880315
194.224880315
194.224880315
194.224880315
194.224880315
194.224880315
194.224880315
194.224880315
194.224880315
194.224880315
194.224880315
193.819369123
193.819369123
194.437432211
194.437432211
194.437432211
193.575328521
192.732365623
192.49619685
191.586567375
193.306976349
193.560079364
193.560079364
193.237626969
192.227742205
191.609679117
190.922942353
191.609679117
191.609679117
191.609679117
193.819369123
193.819369123
193.819369123
193.819369123
193.819369123
194.224880315
194.224880315
194.224880315
194.224880315
194.224880315
194.224880315
193.538143551
193.538143551
192.36959151
185.642040246
0
0
0
0
0
0
0
0
0
0
0
0
0
0
0
0
0
0
0
0
0
0
0
0
0
0
0
0
0
0
0
0
0
0
0
0
0
0
0
0
0
0
0
0
175.684669082
193.538143551
194.224880315
194.224880315
194.224880315
194.224880315
194.224880315
194.224880315
194.224880315
194.224880315
194.224880315
194.224880315
194.224880315
194.224880315
194.224880315
194.224880315
194.224880315
194.224880315
194.224880315
194.224880315
194.437432211
194.437432211
194.437432211
194.437432211
193.674391362
192.49619685
191.886169872
192.143981609
191.779021536
192.397084624
191.634043775
191.541005441
191.541005441
190.922942353
190.159901504
190.159901504
190.159901504
193.056328275
193.056328275
193.819369123
194.224880315
194.224880315
194.224880315
194.224880315
194.224880315
194.224880315
194.224880315
194.224880315
194.224880315
194.224880315
193.538143551
193.538143551
182.274123761
0
0
0
0
0
0
0
0
0
0
0
0
0
0
0
0
0
0
0
0
0
0
0
0
0
0
0
0
0
0
0
0
0
0
0
0
0
0
0
0
0
0
68.78
190.036237167
194.224880315
195.293511394
195.293511394
194.842943403
194.842943403
194.842943403
194.842943403
194.224880315
194.224880315
194.224880315
194.224880315
194.224880315
194.224880315
194.224880315
194.224880315
194.224880315
194.224880315
194.224880315
194.224880315
194.224880315
194.437432211
194.437432211
194.437432211
193.674391362
193.35094456
192.434390541
191.38094076
191.015980687
191.015980687
191.634043775
190.777964592
190.777964592
190.777964592
190.159901504
190.159901504
190.159901504
191.322896244
193.461839466
193.178185049
194.224880315
194.224880315
194.224880315
194.224880315
194.224880315
194.224880315
194.224880315
194.224880315
194.224880315
194.224880315
194.224880315
194.224880315
192.491448285
180.304581956
0
0
0
0
0
0
0
0
0
0
0
0
0
0
0
0
0
0
0
0
0
0
0
0
0
0
0
0
0
0
0
0
0
0
0
0
0
0
0
0
0
178.521713366
194.675448306
195.293511394
195.293511394
195.658471466
195.658471466
195.605281702
195.207903476
195.207903476
195.207903476
195.207903476
194.842943403
194.842943403
194.224880315
194.224880315
194.224880315
194.224880315
194.224880315
194.224880315
194.224880315
194.224880315
194.224880315
194.842943403
194.842943403
194.437432211
193.674391362
193.803182662
193.37641628
190.43891502
191.38094076
191.015980687
190.073954948
190.241450044
190.241450044
190.241450044
190.565412696
190.565412696
190.565412696
190.565412696
191.25214946
192.015190309
193.178185049
193.178185049
194.224880315
194.224880315
194.224880315
194.224880315
194.224880315
194.224880315
194.675448306
194.675448306
194.675448306
194.224880315
194.224880315
189.938558531
162.939596223
0
0
0
0
0
0
0
0
0
0
0
0
0
0
0
0
0
0
0
0
0
0
0
0
0
0
0
0
0
0
0
0
0
0
0
0
0
0
0
0.405511191809
193.988711542
194.675448306
195.658471466
195.658471466
195.658471466
195.658471466
195.658471466
195.658471466
195.207903476
195.207903476
195.207903476
195.207903476
195.207903476
195.207903476
194.842943403
194.842943403
194.224880315
194.224880315
194.224880315
194.224880315
194.224880315
194.842943403
194.842943403
194.842943403
194.437432211
194.437432211
193.803182662
193.994479368
190.43891502
190.43891502
190.209689692
190.073954948
190.241450044
190.241450044
190.241450044
190.17301677
188.744754783
189.528412838
189.623386957
190.310123721
190.310123721
191.07316457
192.015190309
193.178185049
193.31932211
192.582724741
194.224880315
194.224880315
194.675448306
195.293511394
195.293511394
195.293511394
195.293511394
195.293511394
194.675448306
189.938558531
0
0
0
0
0
0
0
0
0
0
0
0
0
0
0
0
0
0
0
0
0
0
0
0
0
0
0
0
0
0
0
0
0
0
0
0
0
0
0
189.226131782
194.675448306
196.159102567
195.658471466
195.658471466
195.658471466
195.658471466
195.658471466
195.658471466
195.658471466
195.207903476
195.207903476
195.207903476
195.207903476
195.207903476
195.207903476
195.207903476
195.207903476
194.842943403
194.842943403
194.842943403
195.207903476
195.207903476
195.207903476
195.207903476
195.207903476
194.802392284
195.171385727
193.77740095
190.43891502
190.43891502
190.43891502
190.43891502
190.606410117
190.241450044
190.241450044
189.775704712
188.949233667
188.331170579
188.331170579
189.017907343
190.310123721
190.310123721
191.07316457
184.738067822
161.971873305
145.261023664
180.329310971
195.207903476
195.207903476
195.658471466
195.658471466
195.658471466
195.658471466
195.658471466
195.658471466
194.675448306
189.226131782
0
0
0
0
0
0
0
0
0
0
0
0
0
0
0
0
0
0
0
0
0
0
0
0
0
0
0
0
0
0
0
0
0
0
0
0
0
0.856079182708
194.489342643
196.159102567
196.715359346
196.715359346
196.715359346
195.658471466
195.658471466
195.658471466
195.658471466
195.658471466
195.207903476
195.207903476
195.207903476
195.207903476
195.207903476
195.207903476
195.207903476
195.207903476
195.207903476
195.207903476
195.207903476
195.207903476
195.207903476
195.207903476
195.207903476
195.207903476
195.207903476
195.252960275
194.888000202
189.922957239
190.046508494
190.321679842
190.43891502
189.988347029
190.188764969
190.100564593
189.721074871
189.314193739
188.949233667
188.949233667
189.635970431
189.635970431
190.928186808
187.687231929
163.91734735
129.869245638
84.0899521795
91.1958478689
159.712556178
188.209635764
195.658471466
195.658471466
195.08130162
196.715359346
196.715359346
196.715359346
196.715359346
194.091261867
181.160661139
0
0
0
0
0
0
0
0
0
0
0
0
0
0
0
0
0
0
0
0
0
0
0
0
0
0
0
0
0
0
0
0
0
0
0
0.856079182708
190.889757623
196.715359346
196.715359346
196.715359346
196.715359346
196.715359346
196.715359346
195.658471466
195.658471466
195.658471466
195.658471466
195.658471466
195.207903476
195.207903476
195.207903476
195.207903476
195.207903476
195.207903476
195.207903476
195.207903476
195.207903476
195.207903476
195.207903476
195.207903476
195.207903476
195.207903476
195.207903476
195.207903476
195.252960275
195.47481081
127.325902891
171.281868351
189.941652091
190.152237324
189.602256952
189.370653277
188.989396206
188.696130651
189.314193739
189.314193739
189.314193739
189.314193739
189.314193739
189.349921497
179.240959462
142.179668182
100.942045619
53.9540957498
9.5658632294
17.0917013019
19.9738023846
22.6755058199
50.7121948707
73.6432003675
121.450726548
196.715359346
196.715359346
196.715359346
196.715359346
196.715359346
0.405511191809
0
0
0
0
0
0
0
0
0
0
0
0
0
0
0
0
0
0
0
0
0
0
0
0
0
0
0
0
0
0
0
0
0
0
1.35671028371
196.715359346
196.715359346
196.715359346
196.715359346
196.715359346
196.715359346
196.715359346
195.658471466
195.658471466
195.658471466
195.658471466
195.207903476
195.207903476
195.207903476
195.207903476
195.207903476
195.207903476
195.207903476
195.207903476
195.207903476
195.207903476
195.207903476
195.207903476
195.207903476
195.207903476
195.207903476
195.207903476
194.802392284
195.530671454
194.37795207
48.9273843472
125.682650522
189.45013281
190.384999055
190.188439058
190.204807839
189.883351316
189.483026203
189.184520678
188.696130651
189.314193739
189.26335151
185.435245737
185.834320163
172.557657598
143.345527711
106.005678274
50.8143926283
9.5658632294
15.4438311728
19.5232343937
22.224937829
28.054606015
65.7226235518
92.7032034117
197.043823412
197.043823412
197.043823412
197.043823412
92.3747393463
193.606212814
0
0
0
0
0
0
0
0
0
0
0
0
0
0
0
0
0
0
0
0
0
0
0
0
0
0
0
0
0
0
0
0
0
0
196.715359346
196.715359346
197.043823412
197.043823412
197.043823412
197.043823412
196.543192311
195.986935532
195.536367541
195.536367541
195.536367541
195.536367541
195.130856349
195.207903476
195.207903476
195.207903476
195.207903476
195.207903476
195.207903476
195.207903476
195.207903476
195.536367541
195.536367541
195.536367541
195.536367541
195.536367541
195.536367541
195.536367541
195.718135617
194.126954869
118.308996595
)
;

boundaryField
{
    frontAndBack
    {
        type            empty;
    }
    leftWall
    {
        type            calculated;
        value           uniform 0;
    }
    outlet
    {
        type            calculated;
        value           uniform 0;
    }
    rightWall
    {
        type            calculated;
        value           uniform 0;
    }
    inlet
    {
        type            calculated;
        value           uniform 606108.581117;
    }
}


// ************************************************************************* //
