/*--------------------------------*- C++ -*----------------------------------*\
| =========                 |                                                 |
| \\      /  F ield         | OpenFOAM: The Open Source CFD Toolbox           |
|  \\    /   O peration     | Version:  v1906                                 |
|   \\  /    A nd           | Web:      www.OpenFOAM.com                      |
|    \\/     M anipulation  |                                                 |
\*---------------------------------------------------------------------------*/
FoamFile
{
    version     2.0;
    format      ascii;
    class       volScalarField;
    location    "118";
    object      alpha;
}
// * * * * * * * * * * * * * * * * * * * * * * * * * * * * * * * * * * * * * //

dimensions      [0 0 -1 0 0 0 0];


internalField   nonuniform List<scalar> 
9216
(
99.9986203111
99.9990288742
99.9990084472
99.9990084472
99.9989055429
99.9989805601
99.9989805601
99.9989805601
99.9989805601
99.9989805601
99.9988972076
99.9987560495
99.9985992071
99.9985992071
99.9985992071
99.9985992071
99.9985992071
99.9985992071
99.9985992071
99.9985992071
99.9985992071
99.9985992071
99.9985992071
99.9985992071
99.9985992071
99.9985992071
99.9983840597
99.9983840597
99.9985409021
99.9986820603
99.9986820603
99.9980056898
99.9979276871
99.9983148784
99.9984884277
99.9984884277
99.9984884277
99.9983958138
99.9983958138
99.9983958138
99.9983958138
99.9981567612
99.9981567612
99.9981567612
99.9981567612
99.9981567612
99.9981567612
99.9981567612
99.9981567612
99.9981567612
99.9981567612
99.9981567612
99.9981567612
99.9981567612
99.9981567612
99.9981567612
99.9981567612
99.9983472651
99.9983958138
99.9983958138
99.9983958138
99.9983958138
99.9983958138
99.9983685882
99.9980648941
99.9974484105
99.9970587727
99.996980764
99.9967619381
99.9966205358
99.9964872439
99.9963839004
99.9962907086
99.9962605234
99.9962299644
99.9962085909
99.996146106
99.9960095316
99.9958062428
99.9955069732
99.9950168032
99.9940896622
99.992803325
99.9907647092
99.9878084434
99.9833810214
99.9812398976
99.9765857896
99.9335420521
99.5490483231
98.6708001804
95.8225528948
78.8631929238
50.2784255608
26.6852822761
5.0152938136
99.9989055429
99.9990084472
99.9990834644
99.9990834644
99.9990834644
99.9990834644
99.9989805601
99.9989055429
99.9989055429
99.9989055429
99.9989055429
99.9989055429
99.9989055429
99.9989055429
99.9986075423
99.9986075423
99.9986075423
99.9989055429
99.9989055429
99.9989055429
99.9988221904
99.9986810322
99.9985884184
99.9985884184
99.9985884184
99.9985884184
99.9985884184
99.998373271
99.998373271
99.998373271
99.9981342184
99.9981342184
99.9979405858
99.9979405858
99.9979405858
99.9979405858
99.9979405858
99.9979405858
99.9979405858
99.9977663165
99.9976094741
99.9976094741
99.9976094741
99.9976094741
99.9976094741
99.9973438601
99.9973438601
99.9973438601
99.9973438601
99.9973438601
99.9973438601
99.9973438601
99.9973438601
99.9973438601
99.9973438601
99.9973438601
99.9973438601
99.997234217
99.9969390225
99.9969390225
99.9969390225
99.9969390225
99.9969390225
99.9969390225
99.9973756734
99.9966220932
99.9961677283
99.9957586285
99.9953902325
99.9954747015
99.9952792413
99.9950760368
99.9949326956
99.9948917679
99.9948683778
99.9948731185
99.9948883973
99.9947184883
99.9952004465
99.9948127181
99.99417753
99.9947125127
99.9936446657
99.9930150029
99.9907125979
99.9875544895
99.9844656491
99.9795390943
99.969185867
99.8192411223
99.2330749567
97.8178596226
91.085917559
65.2093757295
43.9662747657
26.9283522001
99.9989055429
99.9990834644
99.9990834644
99.9990084472
99.9990084472
99.9990084472
99.9990084472
99.9989055429
99.9989055429
99.9989055429
99.9988221904
99.9988221904
99.9988221904
99.9988221904
99.9988221904
99.9987295765
99.9987295765
99.9985884184
99.9985884184
99.9985884184
99.9985884184
99.9985884184
99.9985884184
99.9985884184
99.9985884184
99.9985884184
99.9982164286
99.997977376
99.997977376
99.9977837434
99.9977837434
99.9976094741
99.9976094741
99.9976094741
99.9973438601
99.9973438601
99.9973438601
99.9973438601
99.9973438601
99.9973438601
99.9973438601
99.9973438601
99.9973438601
99.9973438601
99.9970487335
99.9970487335
99.9970487335
99.9966438958
99.9962795419
99.9962795419
99.9959516234
99.9955018038
99.9955018038
99.9955018038
99.9955018038
99.9955018038
99.9955018038
99.9955018038
99.9955018038
99.9955018038
99.9955018038
99.9955018038
99.9955018038
99.9955018038
99.9951490631
99.9941693696
99.9930990486
99.9922682317
99.9915292711
99.9909923404
99.9915615406
99.9911822089
99.9908897161
99.9922618983
99.9921193552
99.9916608996
99.9912519352
99.9907294453
99.9901126411
99.9930330351
99.9921622795
99.9921971494
99.990367977
99.987671628
99.984325008
99.9815052622
99.9737874682
99.9649592291
99.9665167438
99.9266507983
99.2620378646
97.7912949214
93.5835193807
77.3630229821
65.9170333038
51.3090737241
99.9989805601
99.9990084472
99.9990084472
99.9990084472
99.9990084472
99.9990084472
99.9989055429
99.9989055429
99.9988221904
99.9988221904
99.9988221904
99.9988221904
99.9988221904
99.9987295765
99.9985884184
99.9985884184
99.9985884184
99.9985884184
99.9985884184
99.9985884184
99.9985884184
99.9985884184
99.998431576
99.998431576
99.9982164286
99.997977376
99.9977837434
99.9976094741
99.9976094741
99.9976094741
99.9973438601
99.9973438601
99.9973438601
99.9973438601
99.9973438601
99.9973438601
99.9973438601
99.9970487335
99.9970487335
99.9970487335
99.9970487335
99.9970487335
99.9963159773
99.9959516234
99.9959516234
99.9955018038
99.9955018038
99.9955018038
99.9955018038
99.9955018038
99.9955018038
99.9955018038
99.9955018038
99.9950020042
99.9950020042
99.9950020042
99.9950020042
99.9950020042
99.9950020042
99.9950020042
99.9950020042
99.9950020042
99.9950020042
99.9950020042
99.9947525473
99.9935070245
99.992167656
99.9912118691
99.9903837442
99.9898459346
99.9894948031
99.9892394667
99.9899652402
99.9897706048
99.989554486
99.9893203352
99.9890147907
99.9884618425
99.9876095232
99.986019716
99.9838251233
99.9811746456
99.9803115775
99.9759853578
99.9772798651
99.9699072756
99.9582886144
99.9663367869
99.954143282
99.8873194153
99.3699927269
98.4568145231
96.3226929315
93.8736146317
90.6605158273
77.6311432731
99.9989805601
99.9990084472
99.9990084472
99.9990084472
99.9990084472
99.9990084472
99.9990084472
99.9988221904
99.9988221904
99.9988221904
99.9988221904
99.9988221904
99.9987295765
99.9985884184
99.9985884184
99.9985884184
99.9985884184
99.9985884184
99.9985884184
99.9985884184
99.998431576
99.998431576
99.998431576
99.9982164286
99.997977376
99.9976094741
99.9976094741
99.9973438601
99.9973438601
99.9973438601
99.9973438601
99.9973438601
99.9973438601
99.9970487335
99.9970487335
99.9970487335
99.9970487335
99.9970487335
99.996720815
99.996720815
99.9959516234
99.9959516234
99.9955018038
99.9955018038
99.9955018038
99.9955018038
99.9955018038
99.9950020042
99.9950020042
99.9950020042
99.9950020042
99.9950020042
99.9950020042
99.9950020042
99.9944466713
99.9944466713
99.9944466713
99.9944466713
99.9944466713
99.9944466713
99.9944466713
99.9944466713
99.9944466713
99.9944466713
99.9930537561
99.9901826342
99.9886961523
99.9874093564
99.9865199267
99.986394597
99.986394597
99.986394597
99.986394597
99.9866245516
99.9869750771
99.9879384454
99.9881757406
99.9879419585
99.9876214268
99.9867342258
99.9860441301
99.9857437928
99.9809873851
99.9761885559
99.9700745152
99.9618078574
99.9509201408
99.9450136468
99.9377205568
99.7471959518
99.5440542702
99.0973121492
98.4200932566
97.6695605687
97.5606195159
94.7753582105
99.9990834644
99.9990084472
99.9990084472
99.9990084472
99.9990084472
99.9990084472
99.9989250947
99.9989250947
99.9988221904
99.9988221904
99.9988221904
99.9988221904
99.9985884184
99.9985884184
99.9985884184
99.9985884184
99.9985884184
99.9985884184
99.998431576
99.998431576
99.998431576
99.998431576
99.998431576
99.997977376
99.9976094741
99.9976094741
99.9973438601
99.9973438601
99.9973438601
99.9973438601
99.9973438601
99.9970487335
99.9970487335
99.9970487335
99.9970487335
99.9970487335
99.996720815
99.996720815
99.9959516234
99.9959516234
99.9955018038
99.9955018038
99.9955018038
99.9955018038
99.9950020042
99.9950020042
99.9950020042
99.9950020042
99.9950020042
99.9944466713
99.9944466713
99.9944466713
99.9944466713
99.9944466713
99.9938296348
99.9938296348
99.9938296348
99.9938296348
99.9931440387
99.9931440387
99.9923822652
99.9923822652
99.9923822652
99.9867401165
99.9834837759
99.9812990309
99.980656583
99.9779310753
99.9767700123
99.9767700123
99.975729911
99.9740727962
99.9752775739
99.9777104733
99.9777104733
99.9777104733
99.9785568883
99.9817461563
99.9824317524
99.981872363
99.9834392048
99.9813188023
99.9785647155
99.9770523254
99.9728407095
99.9643606197
99.958847964
99.9450805832
99.9203152598
99.709420556
99.5335967704
99.4497671529
99.2283203294
98.807299318
98.8482504328
97.8700621103
99.9990834644
99.9990084472
99.9990084472
99.9990084472
99.9990084472
99.9989250947
99.9989250947
99.9989250947
99.9988221904
99.9988221904
99.9988221904
99.9985884184
99.9985884184
99.9985884184
99.9985884184
99.9985884184
99.9985884184
99.998431576
99.998431576
99.998431576
99.998431576
99.998431576
99.9982164286
99.9976094741
99.9973438601
99.9973438601
99.9973438601
99.9973438601
99.9973438601
99.9973438601
99.9970487335
99.9970487335
99.9970487335
99.9970487335
99.9970487335
99.996720815
99.9963564611
99.9959516234
99.9955018038
99.9955018038
99.9955018038
99.9955018038
99.9950020042
99.9950020042
99.9950020042
99.9950020042
99.9944466713
99.9944466713
99.9944466713
99.9944466713
99.9944466713
99.9938296348
99.9938296348
99.9938296348
99.9931440387
99.9931440387
99.9923822652
99.9923822652
99.9915358502
99.9915358502
99.9915358502
99.9838333849
99.9803585698
99.9757250555
99.9730278394
99.9730278394
99.9700309327
99.9667010363
99.9667010363
99.9667010363
99.9651952273
99.9630011515
99.9630011515
99.9630011515
99.9667010363
99.9667010363
99.9667010363
99.9667010363
99.9700309327
99.9699465722
99.9718499679
99.9719828784
99.9691455773
99.9691734481
99.9679993466
99.9670925233
99.9585996709
99.9463389397
99.9245586945
99.8529531906
99.6587580144
99.5602868659
99.5916949947
99.3066040898
99.2416932479
98.7868853524
99.9990834644
99.9990084472
99.9990084472
99.9990084472
99.9990084472
99.9989250947
99.9989250947
99.9989250947
99.9988221904
99.9988221904
99.9986810322
99.9985884184
99.9985884184
99.9985884184
99.9985884184
99.9985884184
99.998431576
99.998431576
99.998431576
99.998431576
99.998431576
99.998431576
99.9976094741
99.9976094741
99.9973438601
99.9973438601
99.9973438601
99.9973438601
99.9970487335
99.9970487335
99.9970487335
99.9970487335
99.9970487335
99.996720815
99.996720815
99.9963564611
99.9959516234
99.9955018038
99.9955018038
99.9955018038
99.9950020042
99.9950020042
99.9950020042
99.9950020042
99.9944466713
99.9944466713
99.9944466713
99.9944466713
99.9944466713
99.9938296348
99.9938296348
99.9931440387
99.9931440387
99.9923822652
99.9923822652
99.9915358502
99.9915358502
99.9915358502
99.9905953891
99.9857996554
99.979313613
99.9757250555
99.9730278394
99.9700309327
99.9667010363
99.9630011515
99.9630011515
99.9588901683
99.9588901683
99.9588901683
99.9543224093
99.9543224093
99.9543224093
99.9543224093
99.9543224093
99.9543224093
99.9543224093
99.9588901683
99.9588901683
99.9588901683
99.9630011515
99.9630011515
99.9643254765
99.9634011011
99.9607721652
99.956289406
99.9432520029
99.9430703169
99.9384408936
99.921369358
99.8390185253
99.6865809998
99.6621414652
99.7019687095
99.4938707151
99.1737327115
99.9990834644
99.9990084472
99.9990084472
99.9990084472
99.9989250947
99.9989250947
99.9989250947
99.9989250947
99.9988221904
99.9988221904
99.9986810322
99.9985884184
99.9985884184
99.998431576
99.998431576
99.998431576
99.998431576
99.998431576
99.998431576
99.998431576
99.998431576
99.9978031067
99.9976094741
99.9973438601
99.9973438601
99.9973438601
99.9973438601
99.9970487335
99.9970487335
99.9970487335
99.9970487335
99.9970487335
99.996720815
99.996720815
99.9963564611
99.9959516234
99.9955018038
99.9955018038
99.9955018038
99.9950020042
99.9950020042
99.9950020042
99.9950020042
99.9944466713
99.9944466713
99.9944466713
99.9944466713
99.9938296348
99.9938296348
99.9938296348
99.9931440387
99.9931440387
99.9923822652
99.9923822652
99.9915358502
99.9915358502
99.9905953891
99.9905953891
99.979313613
99.9757250555
99.9730278394
99.9700309327
99.9667010363
99.9630011515
99.9588901683
99.9588901683
99.9543224093
99.9492471214
99.9492471214
99.9492471214
99.9436079127
99.9436079127
99.9436079127
99.9436079127
99.9436079127
99.9436079127
99.9436079127
99.9436079127
99.9436079127
99.9492471214
99.9492471214
99.9543224093
99.9543224093
99.9583610967
99.9567824808
99.9534575192
99.9483806888
99.9389786364
99.9273016483
99.9220319045
99.9115321724
99.8769483591
99.7555420395
99.8746216311
99.7408306397
99.4537998969
99.9990834644
99.9990084472
99.9990084472
99.9990084472
99.9989250947
99.9989250947
99.9989250947
99.9989250947
99.9988221904
99.9988221904
99.9986810322
99.9985884184
99.998431576
99.998431576
99.998431576
99.998431576
99.998431576
99.998431576
99.998431576
99.998431576
99.9982164286
99.9976094741
99.9973438601
99.9973438601
99.9973438601
99.9973438601
99.9970487335
99.9970487335
99.9970487335
99.9970487335
99.9970487335
99.996720815
99.996720815
99.9963564611
99.9959516234
99.9955018038
99.9955018038
99.9950020042
99.9950020042
99.9950020042
99.9950020042
99.9944466713
99.9944466713
99.9944466713
99.9944466713
99.9938296348
99.9938296348
99.9938296348
99.9931440387
99.9931440387
99.9923822652
99.9923822652
99.9915358502
99.9915358502
99.9905953891
99.9905953891
99.9895504324
99.9781525499
99.9730278394
99.9700309327
99.9667010363
99.9630011515
99.9588901683
99.9543224093
99.9492471214
99.9492471214
99.9436079127
99.9436079127
99.9373421252
99.9373421252
99.9328881346
99.9303801391
99.9303801391
99.9303801391
99.9303801391
99.9303801391
99.9303801391
99.9303801391
99.9303801391
99.9303801391
99.9373421252
99.9373421252
99.9436079127
99.9436079127
99.9491985168
99.9499284595
99.9461860512
99.9367127935
99.9292108441
99.924856538
99.9151786546
99.9149204447
99.9021582405
99.9031567844
99.8991633088
99.655220055
99.9990834644
99.9990084472
99.9990084472
99.9990084472
99.9989250947
99.9989250947
99.9989250947
99.9989250947
99.9988221904
99.9986810322
99.9986810322
99.9985884184
99.998431576
99.998431576
99.998431576
99.998431576
99.998431576
99.998431576
99.998431576
99.998431576
99.9978031067
99.9976094741
99.9973438601
99.9973438601
99.9973438601
99.9970487335
99.9970487335
99.9970487335
99.9970487335
99.9970487335
99.996720815
99.996720815
99.9963564611
99.9959516234
99.9955018038
99.9955018038
99.9950020042
99.9950020042
99.9950020042
99.9950020042
99.9944466713
99.9944466713
99.9944466713
99.9944466713
99.9938296348
99.9938296348
99.9938296348
99.9931440387
99.9931440387
99.9923822652
99.9923822652
99.9915358502
99.9915358502
99.9905953891
99.9905953891
99.9865243421
99.9757250555
99.9700309327
99.9667010363
99.9630011515
99.9588901683
99.9543224093
99.9492471214
99.9492471214
99.9436079127
99.9373421252
99.9373421252
99.9303801391
99.9303801391
99.922644599
99.922644599
99.922644599
99.922644599
99.9155823485
99.9140495544
99.9140495544
99.9140495544
99.9140495544
99.922644599
99.922644599
99.922644599
99.922644599
99.9303801391
99.9303801391
99.9373421252
99.9436079127
99.9413493666
99.9373646851
99.9311611326
99.9317308715
99.9191857909
99.9131129835
99.915804769
99.9052282468
99.9181016581
99.7902198288
99.9992105068
99.9990084472
99.9990084472
99.9990084472
99.9989250947
99.9989250947
99.9989250947
99.9989250947
99.9988221904
99.9986810322
99.9985884184
99.998431576
99.998431576
99.998431576
99.998431576
99.998431576
99.998431576
99.998431576
99.998431576
99.9982573066
99.9976094741
99.9973438601
99.9973438601
99.9973438601
99.9970487335
99.9970487335
99.9970487335
99.9970487335
99.996720815
99.996720815
99.996720815
99.9963564611
99.9959516234
99.9955018038
99.9955018038
99.9950020042
99.9950020042
99.9950020042
99.9950020042
99.9944466713
99.9944466713
99.9944466713
99.9938296348
99.9938296348
99.9938296348
99.9931440387
99.9931440387
99.9923822652
99.9923822652
99.9915358502
99.9915358502
99.9905953891
99.9905953891
99.9895504324
99.9867966902
99.9757250555
99.9700309327
99.9667010363
99.9630011515
99.9543224093
99.9492471214
99.9492471214
99.9436079127
99.9373421252
99.9303801391
99.9303801391
99.922644599
99.922644599
99.9140495544
99.9140495544
99.9140495544
99.9140495544
99.9044995049
99.9044995049
99.9044995049
99.9044995049
99.9044995049
99.9044995049
99.9044995049
99.9044995049
99.9140495544
99.9140495544
99.9140495544
99.922644599
99.922644599
99.9303801391
99.9303263926
99.9299423982
99.9356661838
99.9307743376
99.9261106597
99.9186860934
99.9147905262
99.9220721848
99.9095752929
99.8581730792
99.9992105068
99.9991354895
99.9991354895
99.9990084472
99.9989250947
99.9989250947
99.9989250947
99.9989250947
99.9988221904
99.9986810322
99.9985884184
99.998431576
99.998431576
99.998431576
99.998431576
99.998431576
99.998431576
99.998431576
99.9982573066
99.9976094741
99.9976094741
99.9973438601
99.9973438601
99.9970487335
99.9970487335
99.9970487335
99.9970487335
99.996720815
99.996720815
99.996720815
99.9963564611
99.9959516234
99.9955018038
99.9955018038
99.9950020042
99.9950020042
99.9950020042
99.9944466713
99.9944466713
99.9944466713
99.9944466713
99.9938296348
99.9938296348
99.9938296348
99.9931440387
99.9931440387
99.9923822652
99.9923822652
99.9915358502
99.9915358502
99.9905953891
99.9905953891
99.9895504324
99.9867966902
99.9730278394
99.9700309327
99.9630011515
99.9588901683
99.9543224093
99.9492471214
99.9436079127
99.9373421252
99.9303801391
99.922644599
99.922644599
99.9140495544
99.9140495544
99.9044995049
99.9044995049
99.9044995049
99.9044995049
99.8938883388
99.8938883388
99.8938883388
99.8938883388
99.8938883388
99.8938883388
99.8938883388
99.8938883388
99.8938883388
99.8938883388
99.9044995049
99.9044995049
99.9044995049
99.9140495544
99.9140495544
99.922644599
99.9303801391
99.9328121397
99.9288446459
99.9222892881
99.9223140884
99.9113886993
99.9135804108
99.9160802578
99.8719620591
99.9992105068
99.9992498276
99.9991354895
99.9990084472
99.9989250947
99.9989250947
99.9989250947
99.9989250947
99.9988221904
99.9986810322
99.9985884184
99.998431576
99.998431576
99.998431576
99.998431576
99.998431576
99.998431576
99.9982573066
99.9982573066
99.9976094741
99.9973438601
99.9973438601
99.9973438601
99.9970487335
99.9970487335
99.9970487335
99.996720815
99.996720815
99.996720815
99.9963564611
99.9959516234
99.9955018038
99.9955018038
99.9950020042
99.9950020042
99.9950020042
99.9944466713
99.9944466713
99.9944466713
99.9938296348
99.9938296348
99.9938296348
99.9931440387
99.9931440387
99.9931440387
99.9923822652
99.9923822652
99.9915358502
99.9915358502
99.9905953891
99.9905953891
99.9895504324
99.9883893693
99.9730278394
99.9667010363
99.9630011515
99.9543224093
99.9492471214
99.9436079127
99.9373421252
99.9303801391
99.922644599
99.9140495544
99.9140495544
99.9044995049
99.9044995049
99.8938883388
99.8938883388
99.8938883388
99.8938883388
99.8820981542
99.8820981542
99.8820981542
99.8820981542
99.8820981542
99.8820981542
99.8820981542
99.8820981542
99.8820981542
99.8820981542
99.8820981542
99.8820981542
99.8938883388
99.8938883388
99.8938883388
99.9044995049
99.9044995049
99.9140495544
99.922644599
99.9256455529
99.9188780417
99.9164661903
99.9157417223
99.9064575125
99.920272145
99.8679101156
99.9992105068
99.9992498276
99.9992498276
99.9991354895
99.9989250947
99.9989250947
99.9989250947
99.9989250947
99.9988221904
99.9986810322
99.9985884184
99.998431576
99.998431576
99.998431576
99.998431576
99.998431576
99.9982573066
99.9982573066
99.9978485267
99.9976094741
99.9973438601
99.9973438601
99.9970487335
99.9970487335
99.9970487335
99.996720815
99.996720815
99.9963564611
99.9963564611
99.9959516234
99.9959516234
99.9955018038
99.9955018038
99.9950020042
99.9950020042
99.9944466713
99.9944466713
99.9944466713
99.9938296348
99.9938296348
99.9938296348
99.9931440387
99.9931440387
99.9923822652
99.9923822652
99.9915358502
99.9915358502
99.9915358502
99.9905953891
99.9905953891
99.9895504324
99.9883893693
99.9730278394
99.9667010363
99.9588901683
99.9543224093
99.9436079127
99.9373421252
99.9303801391
99.9140495544
99.9140495544
99.9044995049
99.8938883388
99.8938883388
99.8820981542
99.8820981542
99.8820981542
99.8820981542
99.8820981542
99.8689979491
99.8689979491
99.8689979491
99.8689979491
99.8689979491
99.8689979491
99.8689979491
99.8689979491
99.8689979491
99.8689979491
99.8689979491
99.8689979491
99.8689979491
99.8820981542
99.8820981542
99.8820981542
99.8938883388
99.8938883388
99.9044995049
99.9140495544
99.9185465842
99.9206242356
99.9129413127
99.913516212
99.9113786247
99.9098275791
99.8651878101
99.9993248449
99.9992498276
99.9992498276
99.9992498276
99.999052137
99.9989250947
99.9989250947
99.9989250947
99.9986810322
99.9985884184
99.9985884184
99.998431576
99.998431576
99.998431576
99.998431576
99.9982573066
99.9982573066
99.998063674
99.9976094741
99.9973438601
99.9973438601
99.9973438601
99.9970487335
99.9970487335
99.996720815
99.996720815
99.9963564611
99.9963564611
99.9959516234
99.9959516234
99.9955018038
99.9955018038
99.9950020042
99.9950020042
99.9944466713
99.9944466713
99.9944466713
99.9938296348
99.9938296348
99.9931440387
99.9931440387
99.9931440387
99.9923822652
99.9923822652
99.9915358502
99.9915358502
99.9905953891
99.9905953891
99.9895504324
99.9895504324
99.9883893693
99.9730278394
99.9667010363
99.9588901683
99.9492471214
99.9373421252
99.922644599
99.9140495544
99.8938883388
99.8820981542
99.8820981542
99.8689979491
99.8689979491
99.8689979491
99.8689979491
99.8544421657
99.8544421657
99.8544421657
99.8544421657
99.8544421657
99.8544421657
99.8544421657
99.8544421657
99.8544421657
99.8544421657
99.8544421657
99.8544421657
99.8544421657
99.8544421657
99.8544421657
99.8544421657
99.8689979491
99.8689979491
99.8689979491
99.8689979491
99.8820981542
99.8820981542
99.8938883388
99.8938883388
99.9044995049
99.9119974249
99.9165416383
99.9111574361
99.910788662
99.9039656805
99.8696363168
99.9993248449
99.9992498276
99.9992498276
99.9992498276
99.9991664752
99.999052137
99.9989250947
99.9989250947
99.9986810322
99.9985884184
99.998431576
99.998431576
99.998431576
99.998431576
99.9982573066
99.9982573066
99.9982573066
99.9978485267
99.9976094741
99.9973438601
99.9973438601
99.9970487335
99.9970487335
99.996720815
99.996720815
99.9963564611
99.9963564611
99.9959516234
99.9959516234
99.9955018038
99.9955018038
99.9950020042
99.9950020042
99.9944466713
99.9944466713
99.9938296348
99.9938296348
99.9938296348
99.9931440387
99.9931440387
99.9923822652
99.9923822652
99.9923822652
99.9915358502
99.9915358502
99.9905953891
99.9905953891
99.9895504324
99.9895504324
99.9883893693
99.9730278394
99.9667010363
99.9543224093
99.9436079127
99.922644599
99.8820981542
99.838269073
99.8003321889
99.8003321889
99.8003321889
99.8003321889
99.82029897
99.82029897
99.82029897
99.82029897
99.82029897
99.838269073
99.838269073
99.838269073
99.838269073
99.838269073
99.838269073
99.838269073
99.838269073
99.838269073
99.838269073
99.838269073
99.838269073
99.838269073
99.8544421657
99.8544421657
99.8544421657
99.8544421657
99.8544421657
99.8544421657
99.8689979491
99.8689979491
99.8820981542
99.8820981542
99.8938883388
99.9044995049
99.9083774791
99.9067379678
99.9032629999
99.9010632423
99.8720665299
99.9993248449
99.9992498276
99.9992498276
99.9992498276
99.9991664752
99.999052137
99.9989250947
99.9989250947
99.9986810322
99.9985884184
99.998431576
99.998431576
99.998431576
99.998431576
99.9982573066
99.9982573066
99.998063674
99.9976094741
99.9976094741
99.9973438601
99.9970487335
99.9970487335
99.9970487335
99.996720815
99.996720815
99.9963564611
99.9959516234
99.9959516234
99.9955018038
99.9955018038
99.9950020042
99.9950020042
99.9944466713
99.9944466713
99.9938296348
99.9938296348
99.9938296348
99.9931440387
99.9931440387
99.9923822652
99.9923822652
99.9915358502
99.9915358502
99.9915358502
99.9905953891
99.9905953891
99.9895504324
99.9895504324
99.9883893693
99.9757250555
99.9630011515
99.9543224093
99.922644599
99.6956747278
99.4273583103
99.293034951
99.2814208441
99.293034951
99.293034951
99.3637314559
99.4846224793
99.5825442082
99.6618608086
99.726107255
99.7534965295
99.7781468766
99.7781468766
99.8003321889
99.8003321889
99.8003321889
99.82029897
99.82029897
99.82029897
99.82029897
99.82029897
99.82029897
99.82029897
99.838269073
99.838269073
99.838269073
99.838269073
99.838269073
99.838269073
99.838269073
99.8544421657
99.8544421657
99.8544421657
99.8689979491
99.8689979491
99.8820981542
99.8938883388
99.9042697549
99.909537307
99.9080183364
99.9001262107
99.8752204566
99.9993248449
99.9992498276
99.9992498276
99.9992498276
99.9991664752
99.9991664752
99.999052137
99.9989250947
99.9986810322
99.9985884184
99.998431576
99.998431576
99.998431576
99.9982573066
99.9982573066
99.998063674
99.9978485267
99.9976094741
99.9973438601
99.9973438601
99.9970487335
99.9970487335
99.996720815
99.996720815
99.9963564611
99.9959516234
99.9959516234
99.9955018038
99.9955018038
99.9950020042
99.9950020042
99.9944466713
99.9944466713
99.9938296348
99.9938296348
99.9931440387
99.9931440387
99.9931440387
99.9923822652
99.9923822652
99.9915358502
99.9915358502
99.9905953891
99.9905953891
99.9905953891
99.9895504324
99.9883893693
99.9870992992
99.9781525499
99.9630011515
99.9436079127
99.293034951
98.9224736336
98.8027484817
98.6697205353
98.6697205353
98.6697205353
98.8027484817
98.8027484817
98.9224736336
99.0302262702
99.1272036432
99.293034951
99.3637314559
99.5361602313
99.6242897874
99.6618608086
99.726107255
99.726107255
99.7534965295
99.7781468766
99.7781468766
99.7781468766
99.8003321889
99.8003321889
99.8003321889
99.8003321889
99.82029897
99.82029897
99.82029897
99.82029897
99.82029897
99.82029897
99.838269073
99.838269073
99.838269073
99.838269073
99.8544421657
99.8615937127
99.8689979491
99.8820981542
99.8938883388
99.9094842948
99.9120302623
99.9023354299
99.8705057252
99.9993248449
99.9992498276
99.9992498276
99.9992498276
99.9991664752
99.9991664752
99.999052137
99.9989250947
99.9985884184
99.9985884184
99.998431576
99.998431576
99.998431576
99.9982573066
99.998063674
99.9978485267
99.9976094741
99.9976094741
99.9973438601
99.9970487335
99.9970487335
99.996720815
99.996720815
99.9963564611
99.9959516234
99.9959516234
99.9955018038
99.9955018038
99.9950020042
99.9950020042
99.9944466713
99.9944466713
99.9938296348
99.9938296348
99.9931440387
99.9931440387
99.9923822652
99.9923822652
99.9915358502
99.9915358502
99.9915358502
99.9905953891
99.9905953891
99.9895504324
99.9895504324
99.9883893693
99.9870992992
99.9840732089
99.9630011515
99.4273583103
98.6697205353
98.3576796732
98.3576796732
98.3576796732
98.3576796732
98.3576796732
98.3576796732
98.3576796732
98.5219117059
98.5219117059
98.6697205353
98.6697205353
98.8027484817
98.9224736336
99.1269259503
99.2144832789
99.3637314559
99.4846224793
99.5825442082
99.6618608086
99.6956747278
99.726107255
99.7534965295
99.7534965295
99.7534965295
99.7781468766
99.7781468766
99.7781468766
99.8003321889
99.8003321889
99.8003321889
99.8003321889
99.8003321889
99.82029897
99.82029897
99.82029897
99.838269073
99.838269073
99.8544421657
99.8544421657
99.8689979491
99.8820981542
99.9044995049
99.9085458945
99.9051221936
99.8652826438
99.9993248449
99.9992498276
99.9992498276
99.9992498276
99.9991664752
99.9991664752
99.999052137
99.9988221904
99.9985884184
99.9985884184
99.998431576
99.998431576
99.9982573066
99.9982573066
99.998063674
99.9978485267
99.9976094741
99.9973438601
99.9973438601
99.9970487335
99.996720815
99.996720815
99.9963564611
99.9959516234
99.9959516234
99.9955018038
99.9955018038
99.9950020042
99.9944466713
99.9944466713
99.9944466713
99.9938296348
99.9938296348
99.9931440387
99.9931440387
99.9923822652
99.9923822652
99.9915358502
99.9915358502
99.9905953891
99.9905953891
99.9895504324
99.9895504324
99.9895504324
99.9883893693
99.9870992992
99.9840732089
99.9630011515
98.9224736336
98.1751996369
97.972444041
97.972444041
98.1751996369
98.1751996369
98.1751996369
98.1751996369
98.1751996369
98.1751996369
98.3576796732
98.3576796732
98.3576796732
98.3576796732
98.5219117059
98.5219117059
98.6697205353
98.8027484817
98.9224736336
99.0302262702
99.2144832789
99.3637314559
99.5361602313
99.5825442082
99.6618608086
99.6956747278
99.726107255
99.726107255
99.7534965295
99.7534965295
99.7534965295
99.7781468766
99.7781468766
99.7781468766
99.8003321889
99.8003321889
99.8003321889
99.8003321889
99.82029897
99.82029897
99.838269073
99.8544421657
99.8544421657
99.8820981542
99.8938883388
99.9066859766
99.9083191876
99.8601466046
99.9993248449
99.9992498276
99.9992498276
99.9992498276
99.9991664752
99.9991664752
99.999052137
99.9987295765
99.9985884184
99.9985884184
99.998431576
99.998431576
99.9982573066
99.998063674
99.9978485267
99.9976094741
99.9973438601
99.9973438601
99.9970487335
99.9970487335
99.996720815
99.9963564611
99.9959516234
99.9959516234
99.9955018038
99.9950020042
99.9950020042
99.9944466713
99.9944466713
99.9938296348
99.9938296348
99.9931440387
99.9931440387
99.9923822652
99.9923822652
99.9915358502
99.9915358502
99.9905953891
99.9905953891
99.9905953891
99.9895504324
99.9895504324
99.9883893693
99.9883893693
99.9870992992
99.9840732089
99.9630011515
98.5219117059
96.2893281124
96.8444445692
97.7471600455
97.972444041
97.972444041
98.1751996369
98.1751996369
98.1751996369
98.1751996369
98.1751996369
98.1751996369
98.1751996369
98.1751996369
98.1751996369
98.1751996369
98.3576796732
98.3576796732
98.3576796732
98.5219117059
98.6697205353
98.8027484817
98.9224736336
99.1272036432
99.293034951
99.4273583103
99.5361602313
99.6242897874
99.6618608086
99.6956747278
99.723845637
99.726107255
99.726107255
99.7534965295
99.7534965295
99.7781468766
99.7781468766
99.7781468766
99.8003321889
99.8003321889
99.82029897
99.82029897
99.838269073
99.8544421657
99.8689979491
99.8820981542
99.9043567584
99.9074408705
99.8575831749
99.9993248449
99.9992498276
99.9992498276
99.9992498276
99.9991664752
99.9991664752
99.999052137
99.9987295765
99.9985884184
99.9985884184
99.998431576
99.998431576
99.9982573066
99.998063674
99.9978485267
99.9976094741
99.9973438601
99.9970487335
99.9970487335
99.996720815
99.9963564611
99.9959516234
99.9959516234
99.9955018038
99.9950020042
99.9950020042
99.9944466713
99.9944466713
99.9938296348
99.9938296348
99.9931440387
99.9923822652
99.9923822652
99.9915358502
99.9915358502
99.9905953891
99.9905953891
99.9905953891
99.9895504324
99.9895504324
99.9883893693
99.9883893693
99.9870992992
99.985665888
99.9840732089
99.9667010363
98.3576796732
96.5663161797
94.7665236697
97.2187161056
97.7471600455
97.972444041
97.972444041
98.1751996369
98.1751996369
98.1751996369
98.1751996369
98.1751996369
98.1751996369
98.1751996369
98.1751996369
98.1751996369
98.1751996369
98.1751996369
98.1751996369
98.1751996369
98.1751996369
98.3576796732
98.3576796732
98.5219117059
98.6697205353
98.8027484817
99.0302262702
99.2144832789
99.3637314559
99.4846224793
99.5825442082
99.6242897874
99.6618608086
99.6956747278
99.726107255
99.726107255
99.726107255
99.7534965295
99.7534965295
99.7781468766
99.7781468766
99.8003321889
99.8003321889
99.82029897
99.838269073
99.8544421657
99.8689979491
99.8938883388
99.903501139
99.8603063018
99.9993248449
99.9992498276
99.9992498276
99.9992498276
99.9991664752
99.9991664752
99.9987295765
99.9987295765
99.9985884184
99.998431576
99.998431576
99.9982573066
99.998063674
99.9978485267
99.9976094741
99.9973438601
99.9970487335
99.9970487335
99.996720815
99.9963564611
99.9959516234
99.9959516234
99.9955018038
99.9950020042
99.9950020042
99.9944466713
99.9938296348
99.9938296348
99.9931440387
99.9931440387
99.9923822652
99.9923822652
99.9915358502
99.9915358502
99.9905953891
99.9905953891
99.9895504324
99.9895504324
99.9883893693
99.9883893693
99.9870992992
99.9870992992
99.985665888
99.9823035655
99.9667010363
98.6697205353
96.9096845617
95.2898713028
94.7665236697
97.2187161056
97.972444041
98.1751996369
98.1751996369
98.3576796732
98.3576796732
98.3576796732
98.3576796732
98.3576796732
98.3576796732
98.3576796732
98.1751996369
98.1751996369
98.1751996369
98.1751996369
98.1751996369
97.972444041
97.972444041
97.972444041
98.1751996369
98.1751996369
98.1751996369
98.3576796732
98.5219117059
98.7163111387
98.9224736336
99.2144832789
99.3637314559
99.4846224793
99.5825442082
99.6242897874
99.6618608086
99.6956747278
99.6956747278
99.726107255
99.726107255
99.7534965295
99.7534965295
99.7781468766
99.8003321889
99.8003321889
99.82029897
99.838269073
99.8689979491
99.8820981542
99.8977577712
99.8679625601
99.9993248449
99.9992498276
99.9992498276
99.9992498276
99.9991664752
99.9991664752
99.9987295765
99.9985884184
99.9985884184
99.998431576
99.998431576
99.9982573066
99.9978485267
99.9976094741
99.9973438601
99.9973438601
99.9970487335
99.996720815
99.9963564611
99.9959516234
99.9959516234
99.9955018038
99.9950020042
99.9944466713
99.9944466713
99.9938296348
99.9931440387
99.9931440387
99.9923822652
99.9923822652
99.9915358502
99.9905953891
99.9905953891
99.9895504324
99.9895504324
99.9895504324
99.9883893693
99.9883893693
99.9870992992
99.985665888
99.985665888
99.9840732089
99.9823035655
99.9700309327
99.2144832789
97.496844495
95.7608841725
94.1850262997
95.2898713028
97.496844495
97.972444041
98.3576796732
98.3848579595
98.5219117059
98.5219117059
98.6697205353
98.5219117059
98.5219117059
98.5219117059
98.3576796732
98.3576796732
98.3576796732
98.1751996369
98.1751996369
98.1425686807
97.972444041
97.972444041
97.972444041
97.972444041
97.972444041
97.972444041
97.972444041
98.1751996369
98.1751996369
98.5219117059
98.6697205353
98.9224736336
99.2144832789
99.3637314559
99.4846224793
99.5825442082
99.6242897874
99.6618608086
99.6618608086
99.6956747278
99.726107255
99.726107255
99.7534965295
99.7781468766
99.7781468766
99.8003321889
99.8246599245
99.8544421657
99.8689979491
99.8978275301
99.8801893052
99.9993248449
99.9992498276
99.9992498276
99.9992498276
99.9991664752
99.9991664752
99.9987295765
99.9985884184
99.9985884184
99.998431576
99.9982573066
99.998063674
99.9978485267
99.9973438601
99.9973438601
99.9970487335
99.996720815
99.9963564611
99.9959516234
99.9955018038
99.9950020042
99.9950020042
99.9944466713
99.9938296348
99.9938296348
99.9931440387
99.9923822652
99.9923822652
99.9915358502
99.9905953891
99.9905953891
99.9895504324
99.9895504324
99.9883893693
99.9883893693
99.9870992992
99.9870992992
99.985665888
99.985665888
99.9840732089
99.9823035655
99.980337295
99.9700309327
99.8544421657
98.1751996369
96.5663161797
94.7665236697
93.5389181108
95.7608841725
97.7471600455
98.3576796732
98.5219117059
98.8027484817
98.8027484817
98.9224736336
98.9224736336
98.9224736336
98.8027484817
98.8027484817
98.6697205353
98.5219117059
98.5219117059
98.3576796732
98.1751996369
98.1751996369
97.972444041
97.972444041
97.972444041
97.7471600455
97.7471600455
97.7471600455
97.7471600455
97.7471600455
97.7471600455
97.972444041
98.1751996369
98.3576796732
98.6697205353
99.0302262702
99.2144832789
99.3637314559
99.4846224793
99.5825442082
99.6242897874
99.6618608086
99.6618608086
99.6956747278
99.726107255
99.7534965295
99.7781468766
99.8003321889
99.82029897
99.838269073
99.8689979491
99.8945353058
99.884429472
99.9993248449
99.9992498276
99.9992498276
99.9992498276
99.9991664752
99.9989595232
99.9987295765
99.9985884184
99.998431576
99.9982573066
99.998063674
99.9978485267
99.9973438601
99.9973438601
99.9970487335
99.996720815
99.9963564611
99.9959516234
99.9955018038
99.9950020042
99.9944466713
99.9938296348
99.9938296348
99.9931440387
99.9923822652
99.9923822652
99.9915358502
99.9905953891
99.9905953891
99.9895504324
99.9895504324
99.9883893693
99.9870992992
99.9870992992
99.985665888
99.985665888
99.9840732089
99.9840732089
99.9823035655
99.980337295
99.9781525499
99.9700309327
99.9436079127
99.1272036432
97.496844495
95.7608841725
94.1850262997
94.1850262997
96.1847957552
98.1751996369
98.6697205353
98.9224736336
99.0302262702
99.1272036432
99.2144832789
99.2144832789
99.2144832789
99.1272036432
99.0302262702
98.9224736336
98.8027484817
98.6697205353
98.5219117059
98.5219117059
98.3576796732
98.1751996369
97.972444041
97.972444041
97.7471600455
97.7471600455
97.7471600455
97.496844495
97.496844495
97.496844495
97.496844495
97.7471600455
97.972444041
98.1751996369
98.5219117059
98.8027484817
99.1272036432
99.293034951
99.4273583103
99.5361602313
99.5825442082
99.6242897874
99.6618608086
99.6956747278
99.726107255
99.7534965295
99.7781468766
99.8003321889
99.82029897
99.8544421657
99.8827451213
99.8826985632
99.9993248449
99.9992498276
99.9992498276
99.9992498276
99.9991664752
99.9987295765
99.9985884184
99.998431576
99.998431576
99.998063674
99.9978485267
99.9973438601
99.9970487335
99.996720815
99.9963564611
99.9959516234
99.9955018038
99.9950020042
99.9950020042
99.9944466713
99.9938296348
99.9931440387
99.9923822652
99.9915358502
99.9915358502
99.9905953891
99.9895504324
99.9895504324
99.9883893693
99.9883893693
99.9870992992
99.9870992992
99.985665888
99.9840732089
99.9840732089
99.9823035655
99.9823035655
99.980337295
99.9781525499
99.9757250555
99.9667010363
99.9492471214
99.82029897
98.5219117059
96.9096845617
95.2898713028
93.5389181108
94.1850262997
96.9096845617
98.5219117059
99.0302262702
99.2144832789
99.3637314559
99.4273583103
99.4846224793
99.4846224793
99.4846224793
99.4273583103
99.3637314559
99.293034951
99.1272036432
99.0302262702
98.9224736336
98.6697205353
98.5219117059
98.3576796732
98.1751996369
98.1751996369
97.972444041
97.7471600455
97.7471600455
97.496844495
97.496844495
97.2187161056
97.2187161056
97.2187161056
97.496844495
97.7471600455
97.972444041
98.3576796732
98.6697205353
99.0302262702
99.2144832789
99.3637314559
99.4846224793
99.5361602313
99.6242897874
99.6618608086
99.6956747278
99.726107255
99.7534965295
99.7781468766
99.82029897
99.838269073
99.8827451213
99.8791249605
99.9993248449
99.9992498276
99.9992498276
99.9991664752
99.999052137
99.9987295765
99.9985884184
99.998431576
99.998063674
99.9976094741
99.9973438601
99.9970487335
99.996720815
99.9963564611
99.9955018038
99.9950020042
99.9944466713
99.9938296348
99.9938296348
99.9931440387
99.9923822652
99.9915358502
99.9905953891
99.9905953891
99.9895504324
99.9883893693
99.9883893693
99.9870992992
99.9870992992
99.985665888
99.9840732089
99.9840732089
99.9823035655
99.9823035655
99.980337295
99.9781525499
99.9757250555
99.9757250555
99.9700309327
99.9667010363
99.9543224093
99.9140495544
99.5825442082
97.972444041
96.1847957552
94.7665236697
93.5389181108
94.7665236697
97.7471600455
98.9224736336
99.293034951
99.4273583103
99.5361602313
99.6242897874
99.6618608086
99.6618608086
99.6618608086
99.6618608086
99.6242897874
99.5361602313
99.4821848847
98.8881319099
98.4284622075
97.967466791
97.7399890025
97.8322450515
97.9347517726
97.4271513579
97.522799711
97.8234570426
97.7471600455
97.496844495
97.496844495
97.2187161056
97.2187161056
96.9096845617
96.9096845617
96.9096845617
97.2187161056
97.7471600455
98.1751996369
98.5219117059
98.9224736336
99.1272036432
99.293034951
99.4273583103
99.5361602313
99.5825442082
99.6275341286
99.6956747278
99.726107255
99.7534965295
99.8003321889
99.838269073
99.8693793022
99.8778031049
99.9993248449
99.9992498276
99.9992498276
99.999052137
99.9987295765
99.998431576
99.9982573066
99.9976094741
99.9970487335
99.996720815
99.9959516234
99.9944466713
99.9895504324
99.9878610727
99.9887074877
99.9888861753
99.9915358502
99.9905953891
99.9905953891
99.9905953891
99.9895504324
99.9895504324
99.9883893693
99.9870992992
99.9870992992
99.985665888
99.985665888
99.9840732089
99.9823035655
99.9823035655
99.980337295
99.980337295
99.9781525499
99.9757250555
99.9757250555
99.9730278394
99.9700309327
99.9667010363
99.9588901683
99.9492471214
99.9303801391
99.8544421657
99.293034951
97.7471600455
95.7608841725
94.1850262997
94.1850262997
95.7608841725
98.3576796732
99.2144832789
99.4846224793
99.6242897874
99.6956747278
99.7534965295
99.7781468766
99.7781468766
99.7781468766
99.7781468766
99.7534965295
99.726107255
99.6767788818
98.870561852
98.2690482412
97.9226658051
97.8083554176
97.624098409
97.5130379296
97.107356245
97.0456309334
96.4392393143
96.0435992381
95.2949676097
95.3748366717
95.9422712286
96.9096845617
96.5663161797
96.5663161797
96.1847957552
96.2896874104
96.9096845617
97.496844495
97.972444041
98.5219117059
98.8027484817
99.1272036432
99.293034951
99.4273583103
99.5361602313
99.5825442082
99.6618608086
99.6956747278
99.7534965295
99.7781468766
99.82029897
99.8548235188
99.8719248807
99.9993248449
99.9992498276
99.9990084472
99.9981342184
0
0
0
0
0
0
0
0
0
0
0
0
0
0
0
0
0
0
17.3329503703
99.6956747278
99.8544421657
99.922644599
99.9716140723
99.9781525499
99.9757250555
99.9757250555
99.9757250555
99.9730278394
99.9700309327
99.9700309327
99.9667010363
99.9630011515
99.9588901683
99.9543224093
99.9436079127
99.9303801391
99.8938883388
99.7534965295
99.1272036432
97.496844495
95.2898713028
94.1850262997
94.1850262997
96.6050975942
98.9224736336
99.4846224793
99.6618608086
99.7534965295
99.82029897
99.838269073
99.8544421657
99.8544421657
99.8689979491
99.8544421657
99.8544421657
99.838269073
99.725453441
98.7153873973
98.2895468665
98.2181619261
97.6969741935
97.5053866653
96.9156437747
96.2399008954
95.6890841595
93.5957717834
92.609296435
90.9060189136
89.5865450268
89.3671326307
89.0581010868
89.0581010868
89.0581010868
90.1522909782
92.0233556923
93.5389181108
94.9196584911
97.2187161056
97.972444041
98.3576796732
98.8027484817
99.1272036432
99.293034951
99.4273583103
99.5361602313
99.5825442082
99.6618608086
99.726107255
99.7534965295
99.82029897
99.8548235188
99.8713760122
0.000278870656944
9.261387131e-05
0
0
0
0
0
0
0
0
0
0
0
0
0
0
0
0
0
0
0
0
0
0
0
0
0
0
0
99.1272036432
99.6956747278
99.838269073
99.9044995049
99.9492471214
99.9492471214
99.9492471214
99.9436079127
99.9303801391
99.9140495544
99.8820981542
99.82029897
99.6618608086
99.0302262702
97.2187161056
94.7665236697
94.1850262997
95.2898713028
97.496844495
99.3637314559
99.6956747278
99.82029897
99.8689979491
99.9044995049
99.9140495544
99.922644599
99.922644599
99.922644599
99.9140495544
99.9044995049
99.9044995049
99.8820981542
98.6881540833
98.0360413694
97.9904985908
97.0131019896
96.376623837
94.9938323801
93.1211858357
91.2100732074
88.6726389817
85.7652881307
82.3306332896
77.8769354804
75.1097856567
71.5900901925
68.618940391
71.7570463519
74.5813417167
79.4108867905
83.3228183003
87.8423345409
91.3489851158
95.2718450396
97.9379965689
98.5219117059
98.8027484817
99.1272036432
99.293034951
99.4273583103
99.5361602313
99.6242897874
99.6956747278
99.7534965295
99.8003321889
99.8386504261
99.8536131797
0
0
0
0
0
0
0
0
0
0
0
0
0
0
0
0
0
0
0
0
0
0
0
0
0
0
0
0
0
0
0
0
0
0
99.293034951
99.6618608086
99.7781468766
99.82029897
99.838269073
99.8003321889
99.6956747278
99.4846224793
98.9224736336
97.2187161056
94.1850262997
94.1850262997
96.0493565322
99.0302262702
99.8003321889
99.9044995049
99.9630011515
99.9700309327
99.9700309327
99.9700309327
99.9700309327
99.9700309327
99.9700309327
99.9667010363
99.9667010363
99.9630011515
99.9526243808
98.3653555966
97.9076124658
97.1864252109
96.0328812287
93.8044081809
91.8417077459
88.0036612616
84.6434092104
78.2779671473
69.707326578
62.1805115898
53.0311451782
41.7047279354
34.6681283894
27.1
27.1
27.1
40.951
52.17031
65.13215599
77.123207545
86.6247888248
92.8210201231
97.972444041
98.5219117059
98.9224736336
99.1272036432
99.3637314559
99.4846224793
99.5825442082
99.6618608086
99.726107255
99.7781468766
99.8386504261
99.8434952449
0
0
0
0
0
0
0
0
0
0
0
0
0
0
0
0
0
0
0
0
0
0
0
0
0
0
0
0
0
0
0
0
0
0
0
0
0
0
99.293034951
99.4846224793
99.4846224793
99.293034951
98.6697205353
97.2187161056
93.5389181108
94.7665236697
97.5071508572
99.9823035655
99.9840732089
99.985665888
99.985665888
99.985665888
99.9870992992
99.9870992992
99.985665888
99.9823035655
99.980337295
99.980337295
99.9781525499
99.9781525499
99.9757250555
98.534873101
97.5081761647
96.3915666022
93.9946696807
91.0349945228
86.9322357688
81.2143666496
70.2290405583
58.3552345484
35.6320392379
10.9750967967
0.922560489765
0.860835178167
0.753727935392
0.0470208825805
0
0
0
0
0
27.1
56.953279
79.4108867905
91.4276279786
98.1751996369
98.6697205353
99.0302262702
99.2144832789
99.363288023
99.5005248687
99.6242897874
99.6956747278
99.762643332
99.8205093494
99.8100336523
0
0
0
0
0
0
0
0
0
0
0
0
0
0
0
0
0
0
0
0
0
0
0
0
0
0
0
0
0
0
0
0
0
0
0
0
0
0
0
0
0
98.5219117059
98.1751996369
96.5744377969
92.0467690894
96.9892582657
99.9840732089
99.985665888
99.9870992992
99.9870992992
99.9870992992
99.9883893693
99.9883893693
99.9883893693
99.9883893693
99.9883893693
99.9883893693
99.9883893693
99.9870992992
99.9840732089
99.9541459304
97.7557142443
96.9658383639
95.0151929063
91.2501742966
87.137632816
76.5789286085
58.9438361105
36.2767920349
1.65184574643
1.45491426934
1.24203923792
1.28306622471
0.922560489765
0.860835178167
0.753727935392
0
0
0
0
0
0
0
19
65.5190955512
92.0306132718
98.3576796732
98.8027484817
99.1093005693
99.2411052641
99.3851615851
99.5762642583
99.6618608086
99.7534965295
99.819158474
99.803103645
0
0
0
0
0
0
0
0
0
0
0
0
0
0
0
0
0
0
0
0
0
0
0
0
0
0
0
0
0
0
0
0
0
0
0
0
0
0
0
0
0
0
0.0151513984507
0.044961440279
97.1230310783
99.985665888
99.985665888
99.9870992992
99.9870992992
99.9883893693
99.9883893693
99.9895504324
99.9895504324
99.9895504324
99.9895504324
99.9895504324
99.9895504324
99.9895504324
99.9895504324
99.9895504324
98.8407500431
96.8799659737
95.8375409046
92.3425938842
86.82930196
73.9749745926
49.08446501
11.0584648205
2.15340113093
1.91014890676
1.73885337234
1.51263525039
1.38667832369
1.17531358806
1.17287604026
0.740709645421
0.528443939943
0
0
0
0
0
0
0
0
46.8559
96.512585271
98.5219117059
98.8493460277
99.0800414508
99.219187747
99.4607033266
99.5835208668
99.7197637737
99.7935365126
99.8025965311
0
0
0
0
0
0
0
0
0
0
0
0
0
0
0
0
0
0
0
0
0
0
0
0
0
0
0
0
0
0
0
0
0
0
0
0
0
0
0
0
0
0
0
0.0833304917242
0.85686956572
7.16464576494
99.9870992992
99.9883893693
99.9883893693
99.9895504324
99.9895504324
99.9895504324
99.9895504324
99.9905953891
99.9905953891
99.9905953891
99.9905953891
99.9905953891
99.9905953891
99.9905953891
97.9349371874
96.1055708243
93.6297678177
87.2317657941
70.8545954387
36.62514352
2.23317724945
2.2031423041
2.16710674602
2.21173012282
1.9789472095
1.8353841627
1.672876394
1.46732323337
1.17531358806
1.02506721085
0.753727935392
0
0
0
0
0
0
0
0
0
34.5934262902
98.126090642
98.6907420524
98.8814008832
99.0023164474
99.2786374749
99.5173167553
99.6804551605
99.7736236683
99.6673229448
0
0
0
0
0
0
0
0
0
0
0
0
0
0
0
0
0
0
0
0
0
0
0
0
0
0
0
0
0
0
0
0
0
0
0
0
0
0
0
0
0
0
0
0
0
0.0671489671717
0.325238490571
4.22750519682
80.9895504324
99.9895504324
99.9905953891
99.9905953891
99.9905953891
99.9905953891
99.9915358502
99.9915358502
99.9915358502
99.9915358502
99.9915358502
99.9915358502
97.2668775882
95.5613988109
88.0663782491
67.6259068841
12.569137164
2.23850584251
2.23514351995
2.21200632277
2.16279007116
2.21584110599
2.0911090275
1.94851468228
1.78900018584
1.61657141038
1.38004359769
1.28428867493
0.860835178167
0.250315550499
0
0
0
0
0
0
0
0
0
55.0261698273
98.4533038061
98.6714915265
98.7121453685
99.0166198321
99.3041492046
99.5387190793
99.6509877685
99.563409517
0
0
0
0
0
0
0
0
0
0
0
0
0
0
0
0
0
0
0
0
0
0
0
0
0
0
0
0
0
0
0
0
0
0
0
0
0
0
0
0
0
0
0
0
0
0
0
0.0164775113783
0.189218243468
0.9249530606
80.9905953891
99.9905953891
99.9915358502
99.9915358502
99.9915358502
99.9915358502
99.9915358502
99.9915358502
99.9915358502
99.2693068123
95.9028714116
90.2842214327
67.6268473452
2.49469135521
2.38341367495
2.24343534362
2.24239038686
2.23424480603
2.16017642553
2.20433789728
2.13493810872
2.03098683105
1.87712974188
1.73746243376
1.46732323337
1.28306622471
1.17287604026
0.753727935392
0
0
0
0
0
0
0
0
0
0.185221599777
97.0988950105
98.3354794352
98.5327894053
98.6516867455
98.9907643834
99.4132700214
99.5466865633
99.4291841381
0
0
0
0
0
0
0
0
0
0
0
0
0
0
0
0
0
0
0
0
0
0
0
0
0
0
0
0
0
0
0
0
0
0
0
0
0
0
0
0
0
0
0
0
0
0
0
0
0.00245113314852
0.0637997746346
0.191203661319
2.64661930156
99.9915358502
99.9915358502
99.9923822652
99.9923822652
99.9923822652
99.9923822652
99.9923822652
97.5576591842
92.1407987903
71.3926065506
2.61738792685
2.49469135521
2.49469135521
2.26760999758
2.24343534362
2.24343534362
2.16328136664
2.16429701989
2.15733945941
2.0731389245
1.94851468228
1.78900018584
1.61657141038
1.38004359769
1.30590398674
1.13896356761
0
0
0
0
0
0
0
0
0
0
2.43875309194
97.6668230719
98.0268701231
98.3585179973
98.7233919453
99.0308653928
99.4071937851
99.2736175967
0
0
0
0
0
0
0
0
0
0
0
0
0
0
0
0
0
0
0
0
0
0
0
0
0
0
0
0
0
0
0
0
0
0
0
0
0
0
0
0
0
0
0
0
0
0
0
0
0
0.00220601983367
0.0296506802434
0.0976475114168
0.330521456548
11.7955245248
99.9923822652
99.9923822652
99.9923822652
99.9923822652
99.9923822652
93.9508162545
78.2708947276
12.7736661596
2.77366615963
2.49553777019
2.49553777019
2.49469135521
2.27878748775
2.24437580471
2.19913769994
2.16418220825
2.16688950892
2.0911090275
2.006336484
1.87712974188
1.68019826479
1.46732323337
1.20703817921
1.11000263975
0.528443939943
0
0
0
0
0
0
0
0
0
1.14293884093
94.149885468
97.2130932833
97.5776207546
97.9674480097
98.6361941344
99.1585088121
98.9808235567
0
0
0
0
0
0
0
0
0
0
0
0
0
0
0
0
0
0
0
0
0
0
0
0
0
0
0
0
0
0
0
0
0
0
0
0
0
0
0
0
0
0
0
0
0
0
0
0
0
0
0.0019854178503
0.00528296597711
0.06973766621
0.172083295187
0.865940395485
47.8228340387
99.9931440387
99.9931440387
97.2702959324
85.052746996
44.0344594769
3.07954334626
2.77442793311
2.49553777019
2.49553777019
2.49553777019
2.49553777019
2.42406654292
2.23413898536
2.19010560066
2.17548455348
2.1072821202
2.03098683105
1.91470076314
1.73746243376
1.46732323337
1.17531358806
1.02506721085
0.528443939943
0
0
0
0
0
0
0
0
0
0.594194809657
14.8087324826
96.2439740482
96.7580974381
97.0742518345
97.9485928972
98.2665600129
98.398581699
0
0
0
0
0
0
0
0
0
0
0
0
0
0
0
0
0
0
0
0
0
0
0
0
0
0
0
0
0
0
0
0
0
0
0
0
0
0
0
0
0
0
0
0
0
0
0
0
0
0
0
0.00283183282859
0.0047546693794
0.0542092343888
0.12414608954
0.410599830469
5.41449341633
99.9938296348
89.401593336
64.9694124621
3.32890574396
3.08345947694
2.77442793311
2.77442793311
2.49629954367
2.49424770011
2.49281428891
2.49006054673
2.48329347279
2.32104379872
2.18188619815
2.12183790363
2.04330975817
1.91470076314
1.78900018584
1.54587490548
1.28306622471
1.17287604026
0.753727935392
0
0
0
0
0
0
0
0
0
0
4.55503127845
91.0375345276
95.4159310196
95.4694976701
96.4951920786
96.8295947954
96.9649504429
0
0
0
0
0
0
0
0
0
0
0
0
0
0
0
0
0
0
0
0
0
0
0
0
0
0
0
0
0
0
0
0
0
0
0
0
0
0
0
0
0
0
0
0
0
0
0
0
0
0
0
0.000761773480459
0.00254864954573
0.00427920244146
0.0459055617629
0.0999412960079
0.240333105304
2.77511352925
4.23294546233
3.80903387958
3.4275134551
3.08414507307
2.77511352925
2.7726623961
2.58163854025
2.49241499932
2.49241499932
2.4893235769
2.48413988777
2.47601827053
2.43552106193
2.29314489319
2.07034174545
1.94851468228
1.78900018584
1.54587490548
1.28306622471
1.17287604026
0.753727935392
0
0
0
0
0
0
0
0
0
0
2.27033295764
68.2566550969
92.3065374403
91.7474537851
92.6351694651
92.4505319854
92.5922500604
0
0
0
0
0
0
0
0
0
0
0
0
0
0
0
0
0
0
0
0
0
0
0
0
0
0
0
0
0
0
0
0
0
0
0
0
0
0
0
0
0
0
0
0
0
0
0
0
0
0
0
0
0.00144736961287
0.00229378459116
0.00971918288146
0.0396530123041
0.0779459837506
0.156723047455
2.24728662582
3.8096509161
3.42530743527
3.08193905324
2.77161743933
2.77161743933
2.77161743933
2.49205563869
2.48977736345
2.48800772
2.48142921004
2.47497331377
2.43532252015
2.37309391522
2.30348769389
2.19883023278
1.9255751535
1.54587490548
1.28306622471
1.17287604026
0.543983329808
0
0
0
0
0
0
0
0
0
0
1.80796967383
39.5156909371
84.9101066208
85.0320659966
85.7593782834
88.2252834299
87.7617625929
0
0
0
0
0
0
0
0
0
0
0
0
0
0
0
0
0
0
0
0
0
0
0
0
0
0
0
0
0
0
0
0
0
0
0
0
0
0
0
0
0
0
0
0
0
0
0
0
0
0
0
0
0.00144736961287
0.00144736961287
0.00144736961287
0.0155488696897
0.0407629989343
0.0686555914213
0.122302241271
2.24530120797
3.4249840107
3.08161562867
2.77258408484
2.77196704832
2.77067697825
2.76924356705
2.4895224985
2.4829162434
2.48048874895
2.47479462616
2.42664651896
2.37394033019
2.30348769389
2.19883023278
2.03931573633
1.79619045598
1.50608633063
1.17287604026
0.250315550499
0
0
0
0
0
0
0
0
0
0
1.56933210907
20.7442847013
79.2029067587
80.1464492757
80.7896136674
83.5023284958
87.0392587869
0
0
0
0
0
0
0
0
0
0
0
0
0
0
0
0
0
0
0
0
0
0
0
0
0
0
0
0
0
0
0
0
0
0
0
0
0
0
0
0
0
0
0
0
0
0
0
0
0
0
0
0
0.000685596132413
0.00144736961287
0.00206440613204
0.00206440613204
0.0161358659094
0.0412066540342
0.061234699412
0.0871153335785
2.49477034349
3.08193027676
4.43945583983
2.77173766987
2.77044759979
2.76983056327
2.760225963
2.75845631955
2.47763071405
2.4714647298
2.42740829244
2.37299986911
2.30433410887
2.19883023278
1.98777798426
1.79619045598
1.53338177521
1.15189186767
0
0
0
0
0
0
0
0
0
0
0
1.380959147
16.2293998457
76.1959283322
77.3306128191
77.7019546664
80.4165128923
85.4902569192
0
0
0
0
0
0
0
0
0
0
0
0
0
0
0
0
0
0
0
0
0
0
0
0
0
0
0
0
0
0
0
0
0
0
0
0
0
0
0
0
0
0
0
0
0
0
0
0
0
0
0
0
0
0
0.000685596132413
0.00206440613204
0.00206440613204
0.0204228427164
0.0423677171045
0.0542727133206
0.525326559516
2.77289873294
84.2415357813
7.79342238165
2.76968582631
2.75597978236
2.7526174598
2.75575910349
2.75276219676
2.7370536733
2.69609522235
2.39549390187
2.28214879653
2.16501631364
1.98777798426
1.71763878387
1.42562913856
1.30319560029
0
0
0
0
0
0
0
0
0
0
0
1.00665767044
17.7946136318
76.4315835028
79.6744317956
77.4010427231
79.1411309985
85.9325450076
0
0
0
0
0
0
0
0
0
0
0
0
0
0
0
0
0
0
0
0
0
0
0
0
0
0
0
0
0
0
0
0
0
0
0
0
0
0
0
0
0
0
0
0
0
0
0
0
0
0
0
0
0
0
0
0.000685596132413
0.00144736961287
0.00291082111033
0.0212692576946
0.0361313661736
0.0468458627681
1.46970313264
64.0004274231
90.722362816
49.5791909748
2.72619443975
2.73183364848
2.73690893634
2.73629189982
2.71931161575
2.68723076897
2.63648783362
2.56019254447
2.40557368182
2.12066189924
1.63035914818
1.30590398674
1.13896356761
0
0
0
0
0
0
0
0
0
0
0
0.592680226397
21.7803101324
83.063832614
81.2885412503
80.3446871282
81.7218612443
86.605276887
0
0
0
0
0
0
0
0
0
0
0
0
0
0
0
0
0
0
0
0
0
0
0
0
0
0
0
0
0
0
0
0
0
0
0
0
0
0
0
0
0
0
0
0
0
0
0
0
0
0
0
0
0
0
0
0
0
0.00283183282859
0.00673033558999
0.0187216158306
0.0900845921244
0.390190548568
2.1696406849
90.6482399837
92.0414431213
77.5774592925
30.1142626699
2.80180605395
2.71296666618
2.70523112607
2.67585782937
2.62023856358
2.53478042394
2.36458987612
2.14501535032
1.66007110475
1.17287604026
1.03543709673
0
0
0
0
0
0
0
0
0
0
0
0
25.6794833765
88.6756036117
84.9555932202
82.8442490279
83.2074231745
87.0648316545
0
0
0
0
0
0
0
0
0
0
0
0
0
0
0
0
0
0
0
0
0
0
0
0
0
0
0
0
0
0
0
0
0
0
0
0
0
0
0
0
0
0
0
0
0
0
0
0
0
0
0
0
0
0
0
0
0
0
0.00528296597711
0.00830905628393
0.0676003471095
0.275643290872
0.985744020917
47.7380771565
93.0821781221
91.9500513467
77.4732919765
49.8520175758
2.99611757584
2.99611757584
2.78041205964
2.60226846058
2.50807674557
2.31744412578
1.99576717331
1.70375752801
1.30319560029
0
0
0
0
0
0
0
0
0
0
0
0
1.27168551664
41.6008370776
93.0874661154
89.1453222917
83.930670441
83.437967492
88.0935352993
0
0
0
0
0
0
0
0
0
0
0
0
0
0
0
0
0
0
0
0
0
0
0
0
0
0
0
0
0
0
0
0
0
0
0
0
0
0
0
0
0
0
0
0
0
0
0
0
0
0
0
0
0
0
0
0
0
0
0
0.00349608991184
0.00746264130565
0.200890413343
0.4614562211
2.13893100462
94.3910446706
94.3488925772
90.7107968558
80.0144722087
49.828930629
2.97303062901
2.94537464049
2.89153165658
2.75347887956
2.30693630429
1.90848753763
1.58403237618
1.26551507512
0
0
0
0
0
0
0
0
0
0
0
0
2.80449577247
51.5331151947
94.9098905773
90.6445721445
86.4820284952
84.7013260478
88.9376064638
0
0
0
0
0
0
0
0
0
0
0
0
0
0
0
0
0
0
0
0
0
0
0
0
0
0
0
0
0
0
0
0
0
0
0
0
0
0
0
0
0
0
0
0
0
0
0
0
0
0
0
0
0
0
0
0
0
0
0
0
0
0.122808248125
0.324804114584
1.20277350378
20.4507093407
95.1831467676
94.3242422301
89.7033135201
77.85329461
43.8963746405
2.92920154779
2.86907935134
2.67347668299
2.38396742577
1.70375752801
1.44748930117
0.440302089564
0
0
0
0
0
0
0
0
0
0
0.759036433042
1.22944130391
4.00219812954
55.9867319666
89.3570161706
92.1237883771
86.7474299824
84.3203782492
88.2056074657
0
0
0
0
0
0
0
0
0
0
0
0
0
0
0
0
0
0
0
0
0
0
0
0
0
0
0
0
0
0
0
0
0
0
0
0
0
0
0
0
0
0
0
0
0
0
0
0
0
0
0
0
0
0
0
0
0
0
0
0
0
0
0.241986645213
0.41091076271
2.77380528267
96.3368094444
95.5918004367
93.339471328
88.2245524795
75.0110291422
24.7232971742
2.98196128614
2.51829078508
2.21813611797
1.76065301005
1.06275947922
0
0
0
0
0
0
0
0
0
0
0
1.56921490926
4.8802351805
6.81366288525
66.4628520864
86.7263795701
86.7550362892
84.2429834704
80.1326286841
75.3092693749
0
0
0
0
0
0
0
0
0
0
0
0
0
0
0
0
0
0
0
0
0
0
0
0
0
0
0
0
0
0
0
0
0
0
0
0
0
0
0
0
0
0
0
0
0
0
0
0
0
0
0
0
0
0
0
0
0
0
0
0
0
0
0
0.326138219206
2.30348769389
43.4513071624
96.4906665336
95.6588589071
92.6514522082
86.9017129624
68.3193363398
2.96984405163
2.64816709916
1.89368095653
1.26613211164
0
0
0
0
0
0
0
0
0
0
0
0
2.09954635768
13.2834793306
58.1091231131
88.3961043961
92.1310475665
89.8661936081
84.8775661552
80.980116473
65.4159897122
0
0
0
0
0
0
0
0
0
0
0
0
0
0
0
0
0
0
0
0
0
0
0
0
0
0
0
0
0
0
0
0
0
0
0
0
0
0
0
0
0
0
0
0
0
0
0
0
0
0
0
0
0
0
0
0
0
0
0
0
0
0
0
0.331943271897
2.006336484
12.3160738256
97.7802300424
96.9410560504
95.2092005819
91.4658366158
84.8675465645
12.7267187713
2.23643230204
1.79136349347
0.000617036519172
0
0
0
0
0
0
0
0
0
0
0
0
4.75191236923
57.1499455127
98.590172107
96.8221774379
95.8702657457
94.6409445268
92.9836504055
91.3520516063
77.4484275471
0
0
0
0
0
0
0
0
0
0
0
0
0
0
0
0
0
0
0
0
0
0
0
0
0
0
0
0
0
0
0
0
0
0
0
0
0
0
0
0
0
0
0
0
0
0
0
0
0
0
0
0
0
0
0
0
0
0
0
0
0
0
0
0.0515377520732
1.33799505461
3.59335112132
99.8544421657
99.8897817605
98.6169903171
95.5208399791
91.3744853194
43.6886778783
2.17288391794
0
0
0.000555332867254
0
0
0
0
0
0
0
0
0
0
0
14.8723062504
99.4344314369
99.327178103
97.7471600455
97.4124823206
97.0460516061
96.7487738103
96.4543848011
92.7212453154
0
0
0
0
0
0
0
0
0
0
0
0
0
0
0
0
0
0
0
0
0
0
0
0
0
0
0
0
0
0
0
0
0
0
0
0
0
0
0
0
0
0
0
0
0
0
0
0
0
0
0
0
0
0
0
0
0
0
0
0
0
0
0
0
0.992140273377
3.54131149977
99.8003321889
99.8544421657
99.6947060262
99.3637314559
95.0264685005
22.0250451181
0
0
0
0.000555332867254
0.000555332867254
0
0
0
0
0
0
0
0.000846414978287
0.00178687606527
1.7794203984
87.6708581298
99.587220701
99.3040961499
97.7471600455
97.7471600455
97.6407093269
97.7163135129
97.7373933422
96.6284226266
0
0
0
0
0
0
0
0
0
0
0
0
0
0
0
0
0
0
0
0
0
0
0
0
0
0
0
0
0
0
0
0
0
0
0
0
0
0
0
0
0
0
0
0
0
0
0
0
0
0
0
0
0
0
0
0
0
0
0
0
0
0
0
0
1.01424852548
3.51087897255
99.7534965295
99.7781468766
99.5022028361
99.1272036432
98.3576796732
0
0
0
0
0
0.000555332867254
0
0
0
0
0.000685596132413
0.000685596132413
0.00144736961287
0.00160818845875
0.00359360630905
11.9802522982
99.7504661915
99.6803128705
99.3637314559
97.8209743113
97.7471600455
97.7471600455
97.7471600455
97.7471600455
97.5035097329
0
0
0
0
0
0
0
0
0
0
0
0
0
0
0
0
0
0
0
0
0
0
0
0
0
0
0
0
0
0
0
0
0
0
0
0
0
0
0
0
0
0
0
0
0
0
0
0
0
0
0
0
0
0
0
0
0
0
0
0
0
0
0
0
1.00605178271
3.05797360768
99.6956747278
99.726107255
99.2564103853
98.5219117059
86.4914828233
0
0
0
0
0
0
0.000499799580529
0.000555332867254
0.000555332867254
0.000617036519172
0.00130263265158
0.00130263265158
0.00144736961287
0.00229378459116
3.26654803255
99.6948510791
99.9811348912
99.4881185692
99.3637314559
97.7920108301
97.7471600455
97.7471600455
97.7471600455
97.7471600455
97.5937646491
0
0
0
0
0
0
0
0
0
0
0
0
0
0
0
0
0
0
0
0
0
0
0
0
0
0
0
0
0
0
0
0
0
0
0
0
0
0
0
0
0
0
0
0
0
0
0
0
0
0
0
0
0
0
0
0
0
0
0
0
0
0
0
0
0.950029592614
2.91830629956
99.6242897874
99.3990521279
98.8292350317
96.9096845617
0
0
0
0
0
0
0
0.000499799580529
0.000499799580529
0.000555332867254
0.000555332867254
0.000617036519172
0.00130263265158
0.00206440613204
0.603270196983
99.6146439309
99.7455004623
99.5401531272
99.4756463844
99.2257132398
97.7471600455
97.7471600455
97.7471600455
97.7471600455
97.7471600455
97.623035729
0
0
0
0
0
0
0
0
0
0
0
0
0
0
0
0
0
0
0
0
0
0
0
0
0
0
0
0
0
0
0
0
0
0
0
0
0
0
0
0
0
0
0
0
0
0
0
0
0
0
0
0
0
0
0
0
0
0
0
0
0
0
0
0
0
3.53215077851
99.4846224793
99.0742296439
97.3583834137
0
0
0
0
0
0
0
0
0.000499799580529
0.000499799580529
0.000499799580529
0.000555332867254
0.00117236938643
0.00130263265158
0.403544834239
99.4208440612
99.5493353095
99.5397538377
99.4864093553
99.4273583103
98.9461830858
97.7471600455
97.7471600455
97.7471600455
97.7471600455
97.829897482
97.8249224145
0
0
0
0
0
0
0
0
0
0
0
0
0
0
0
0
0
0
0
0
0
0
0
0
0
0
0
0
0
0
0
0
0
0
0
0
0
0
0
0
0
0
0
0
0
0
0
0
0
0
0
0
0
0
0
0
0
0
0
0
0
0
0
0
0
4.15594996384
99.3637314559
96.7469446009
0
0
0
0
0
0
0
0
0
0.000499799580529
0.000499799580529
0.000499799580529
0.00105513244778
0.00117236938643
0.36236370046
99.365795862
99.5382246375
99.5384540159
99.5377684198
99.4846224793
99.4273583103
98.1654748356
97.7471600455
97.7471600455
97.7471600455
97.8867685989
98.5442654792
98.7439405564
0
0
0
0
0
0
0
0
0
0
0
0
0
0
0
0
0
0
0
0
0
0
0
0
0
0
0
0
0
0
0
0
0
0
0
0
0
0
0
0
0
0
0
0
0
0
0
0
0
0
0
0
0
0
0
0
0
0
0
0
0
0
0
0
0
2.41431546438
12.4639100905
0.292009645303
0
0
0
0
0
0
0
0
0
0
0.000499799580529
0.00144026066751
0.00420161336844
0.509986733323
99.2948929165
99.4866868854
99.5846086143
99.5839915778
99.5361602313
99.4846224793
99.3836738528
97.7471600455
97.7471600455
97.7471600455
98.0323735415
99.4170203629
99.9659812639
99.986319921
0.000278870656944
0
0
0
0
0
0
0
0
0
0
0
0
0
0
0
0
0
0
0
0
0
0
0
0
0
0
0
0
0
0
0
0
0
0
0
0
0
0
0
0
0
0
0
0
0
0
0
0
0
0
0
0
0
0
0
0
0
0
0
0
0
0
0
0
0
0
0
0
0
0
0
0
0
0
0
0
0.00160818845875
0.00273649526828
0.00273649526828
2.24995163062
99.2155384113
99.4292162758
99.5844021737
99.62559242
99.5825442082
99.5825442082
99.5361602313
97.9698337126
97.7471600455
97.8209002111
99.3322881012
99.9261406889
99.9885095362
99.9882716686
99.9931637404
99.9993248449
99.9992498276
0.00160892166102
0
0
0
0
0
0
0
0
0
0
0
0
0
0
0
0
0
0
0
0
0
0
0
0
0
0
0
0
0
0
0
0
0
0
0
0
0
0
0
0
0
0
0
0
0
0
0
0
0
0
0
0
0
0
0
0
0
0
0
0
0
0
0
0
0
0
0
0
0
0
0
0
0
0
0.00323424567814
0.568978558698
9.30014606379
99.2149830785
99.3647865883
99.5373326007
99.62559242
99.6249753835
99.6242897874
99.5825442082
99.3142221043
98.005977542
98.4343261873
99.8863773567
99.9931440387
99.9923822652
99.9915358502
99.9917677585
99.9946215152
99.9993248449
99.9992498276
99.9992498276
99.9988221904
89.0649968126
0
0
0
0
0
0
0
0
0
0
0
0
0
0
0
0
0
0
0
0
0
0
0
0
0
0
0
0
0
0
0
0
0
0
0
0
0
0
0
0
0
0
0
0
0
0
0
0
0
0
0
0
0
0
0
0
0
0
0
0
0
0
0
0
0
0
0
0
0
0
0.922560489765
1.58403237618
2.44785439152
39.6377044034
98.8869138339
99.2118068645
99.4856776117
99.5837165776
99.6249068239
99.6618608086
99.6956747278
99.726107255
99.82029897
99.9270512141
99.9944466713
99.9944466713
99.9938296348
99.9931440387
99.9923822652
99.9940544342
99.9954679302
99.9993248449
99.9993248449
99.9992498276
99.999052137
99.9985884184
99.998431576
71.7675565268
0
0
0
0
0
0
0
0
0
0
0
0
0
0
0
0
0
0
0
0
0
0
0
0
0
0
0
0
0
0
0
0
0
0
0
0
0
0
0
0
0
0
0
0
0
0
0
0
0
0
0
0
0
0
0
0
0
0
0
0
0
0
0
0
0
2.52527483047
3.75538803613
5.26383037097
5.72134287443
5.49784724756
35.4007734239
98.2904142156
99.0803687706
99.4326127793
99.5377684198
99.6631634413
99.8565065718
99.9065639111
99.9395543687
99.9764655887
99.9955018038
99.9955018038
99.9950020042
99.9950020042
99.9944466713
99.9938296348
99.9938296348
99.9941991711
99.9969108634
99.9993248449
99.9993248449
99.9992498276
99.9992498276
99.9988221904
82.7986659946
99.998431576
34.8656925367
0.00749830109011
0
0
0
0
0
0
0
0
0
0
0
0
0
0
0
0
0
0
0
0
0
0
0
0
0
0
0
0
0
0
0
0
0
0
0
0
0
0
0
0
0
0
0
0
0
0
0
0
0
0
0
0
0
0
0
0
0
0
0
0
0
0
3.95792638423
6.78756974257
6.64636484296
6.71481476963
6.44951862583
6.5400975312
98.1870850766
99.2479649107
99.3725837801
99.4960510741
99.8621997669
99.9685240701
99.9944466713
99.9944466713
99.9959516234
99.9959516234
99.9955018038
99.9955018038
99.9955018038
99.9950020042
99.9950020042
99.9944466713
99.9944466713
99.9948847673
99.9977880932
99.9993248449
99.9993248449
99.9992498276
99.9992498276
95.8462427146
34.1388133063
0.968362148149
0.634700120071
1.07513584053
0.372758946071
0.00311953857983
0
0
0
0
0
0
0
0
0
0
0
0
0
0
0
0
0
0
0
0
0
0
0
0
0
0
0
0
0
0
0
0
0
0
0
0
0
0
0
0
0
0
0
0
0
0
0
0
0
0
0
0
0
0
0
0
0
0
0
0
6.08165422522
8.20538869501
7.95574854781
7.78541175322
7.79412318853
84.5278645293
99.222045533
99.37129371
99.4934748034
99.9345230135
99.9740991575
99.9950020042
99.9955018038
99.9959516234
99.9959516234
99.9959516234
99.9959516234
99.9959516234
99.9955018038
99.9955018038
99.9950020042
99.9950020042
99.9950020042
99.9961248489
99.9975094385
99.9993248449
99.9993248449
99.9992498276
99.9992498276
1.32933160177
0.784246297653
0.705553467376
0.571073265659
0.570898996321
0.512986994832
0.633317277571
0.0177990734506
0
0
0
0
0
0
0
0
0
0
0
0
0
0
0
0
0
0
0
0
0
0
0
0
0
0
0
0
0
0
0
0
0
0
0
0
0
0
0
0
0
0
0
0
0
0
0
0
0
0
0
0
0
0
0
0
0
0
0
5.42925429936
9.48666353246
9.61161944842
9.86437254672
51.6392980705
99.2204346503
99.3010020427
99.6127930833
99.946599287
99.9704120984
99.9959516234
99.9963564611
99.9963564611
99.9963564611
99.9963564611
99.9963564611
99.9959516234
99.9959516234
99.9959516234
99.9955018038
99.9955018038
99.9950020042
99.9950020042
99.9961248489
99.9978139769
99.9993248449
99.9993248449
98.6660087923
1.1965013459
0.784568858173
0.571463880099
0.513965939093
0.46242818702
0.462271344616
0.373558739304
0.335483051464
0.512426254189
0.15768255039
0
0
0
0
0
0
0
0
0
0
0
0
0
0
0
0
0
0
0
0
0
0
0
0
0
0
0
0
0
0
0
0
0
0
0
0
0
0
0
0
0
0
0
0
0
0
0
0
0
0
0
0
0
0
0
0
0
0
4.15280942241
11.8062901268
13.679184065
34.660607277
99.1272036432
99.222045533
99.9018554306
99.9575785671
99.9729505857
99.9907653502
99.9970487335
99.9970487335
99.9970487335
99.996720815
99.9963564611
99.9963564611
99.9959516234
99.9959516234
99.9959516234
99.9959516234
99.9955018038
99.9955018038
99.9955018038
99.9961248489
99.9971805774
98.8513354031
90.1348772809
0.872046184451
0.635518371756
0.531256168931
0.462661959055
0.416185368318
0.374298630975
0.336570767309
0.336202865373
0.301934746317
0.335483051464
0.41450452525
0.371212016389
0.0047546693794
0
0
0
0
0
0
0
0
0
0
0
0
0
0
0
0
0
0
0
0
0
0
0
0
0
0
0
0
0
0
0
0
0
0
0
0
0
0
0
0
0
0
0
0
0
0
0
0
0
0
0
0
0
0
0
0
0
16.277361934
74.1883154319
98.9224736336
99.1272036432
99.9836921473
99.9738714189
99.9816872036
99.9897881244
99.9973438601
99.9973438601
99.9973438601
99.9970487335
99.9970487335
99.996720815
99.9963564611
99.9963564611
99.9959516234
99.9959516234
99.9959516234
99.9959516234
99.9959516234
99.9959516234
99.9968402825
99.9973451514
80.0464801795
0.571891517345
0.514627348374
0.463089596301
0.416591281323
0.373313756401
0.336868767878
0.302913690578
0.302756848174
0.272150051614
0.271741271685
0.301934746317
0.301669132328
0.372431027566
0.459341572434
0.00830905628393
0
0
0
0
0
0
0
0
0
0
0
0
0
0
0
0
0
0
0
0
0
0
0
0
0
0
0
0
0
0
0
0
0
0
0
0
0
0
0
0
0
0
0
0
0
0
0
0
0
0
0
0
0
0
0
0
45.2461058403
98.5219117059
98.9224736336
99.6667155205
99.9906350111
99.987835596
99.9892917858
99.995456313
99.9973438601
99.9973438601
99.9973438601
99.9970487335
99.9970487335
99.9970487335
99.996720815
99.9963564611
99.9963564611
99.9959516234
99.9959516234
99.9959516234
99.9959516234
99.9959516234
99.9969814407
99.9973856352
0.416780636671
0.416705619435
0.374960040256
0.337389018995
0.303460761747
0.272714935392
0.272622321521
0.245091888857
0.244935046453
0.244935046453
0.244351997186
0.244112944596
0.271502219095
0.301669132328
0.413812252851
0.964775733982
0.0111985552647
0
0
0
0
0
0
0
0
0
0
0
0
0
0
0
0
0
0
0
0
0
0
0
0
0
0
0
0
0
0
0
0
0
0
0
0
0
0
0
0
0
0
0
0
0
0
0
0
0
0
0
0
0
0
0
97.7471600455
98.6697205353
99.1712254947
99.9963564611
99.9909629296
99.9912580563
99.9943177698
99.9973438601
99.9973438601
99.9973438601
99.9973438601
99.9973438601
99.9970487335
99.9970487335
99.9970487335
99.996720815
99.9963564611
99.9963564611
99.9963564611
99.9963564611
99.9963564611
99.9966843796
99.9974850183
99.997489115
0.303650117095
0.303575099859
0.273142572638
0.273028234525
0.245638960025
0.223559730265
0.220675313843
0.220441541808
0.198256229463
0.198099387059
0.197731485123
0.219701650136
0.219462597546
0.244112944596
0.335187924809
10.9378505365
4.23356249885
0.0102580941777
0
0
0
0
0
0
0
0
0
0
0
0
0
0
0
0
0
0
0
0
0
0
0
0
0
0
0
0
0
0
0
0
0
0
0
0
0
0
0
0
0
0
0
0
0
0
0
0
0
0
0
0
0
2.16167060738
97.972444041
98.8093269917
99.9895504324
99.996720815
99.9918666367
99.9944005895
99.9976094741
99.9976094741
99.9976094741
99.9973438601
99.9973438601
99.9973438601
99.9973438601
99.9973438601
99.9973438601
99.9973438601
99.9970159416
99.9970159416
99.9972815556
99.9976094741
99.9976094741
99.9976094741
99.997346734
99.9975819048
0.229878457913
0.220988612976
0.220988612976
0.220988612976
0.19870039633
0.198490001498
0.178523220388
0.178289448353
0.178289448353
0.178132605949
0.17795833661
0.177764704013
52.3680006071
85.2105692322
90.467644535
99.9968950843
99.9956760731
10.0568510389
0
0
0
0
0
0
0
0
0
0
0
0
0
0
0
0
0
0
0
0
0
0
0
0
0
0
0
0
0
0
0
0
0
0
0
0
0
0
0
0
0
0
0
0
0
0
0
0
0
0
0
0
0
96.5663161797
98.1751996369
99.9870992992
99.9923822652
99.9973438601
99.9937249298
99.9976094741
99.9976094741
99.9976094741
99.9976094741
99.9973438601
99.9973438601
99.9973438601
99.9973438601
99.9973438601
99.9973438601
99.9973438601
99.9976094741
99.9976094741
99.9976094741
99.9976094741
99.9976094741
99.9976094741
99.9975857866
99.9972539863
0.193896147015
0.178836519521
0.178836519521
0.17873361522
0.178606572872
0.160553117389
0.160553117389
0.160319345354
0.144146252654
0.14398941025
0.14398941025
0.160162502949
71.9173656973
85.1688259187
90.4245569942
99.9978686045
99.9966875728
99.9951762735
2.77366615963
0
0
0
0
0
0
0
0
0
0
0
0
0
0
0
0
0
0
0
0
0
0
0
0
0
0
0
0
0
0
0
0
0
0
0
0
0
0
0
0
0
0
0
0
0
0
0
0
0
0
0
0
97.2187161056
99.9823035655
99.9895504324
99.996720815
99.9976094741
99.9976094741
99.9978485267
99.9978485267
99.9978485267
99.9976094741
99.9976094741
99.9973438601
99.9973438601
99.9973438601
99.9973438601
99.9973438601
99.9976094741
99.9976094741
99.9976094741
99.9976094741
99.9976094741
99.9978485267
99.9978485267
99.9975857866
99.9975819048
0.160838529456
0.160866416522
0.160763512221
0.144590419521
0.144463377174
0.14438002469
0.12982424126
0.129590469225
0.129590469225
0.129433626821
0.129433626821
0.129590469225
65.2763022427
81.6301174568
88.0699978408
99.9985884184
99.9981342184
99.9964763677
99.9946209407
1.63291571596
0
0
0
0
0
0
0
0
0
0
0
0
0
0
0
0
0
0
0
0
0
0
0
0
0
0
0
0
0
0
0
0
0
0
0
0
0
0
0
0
0
0
0
0
0
0
0
0
0
0
87.4842583633
99.9044995049
99.985665888
99.9923822652
99.9973438601
99.9976094741
99.9978485267
99.9978485267
99.9978485267
99.9978485267
99.9978485267
99.9976094741
99.9976094741
99.9973438601
99.9973438601
99.9973438601
99.9976094741
99.9976094741
99.9976094741
99.9978485267
99.9978485267
99.9978485267
99.9978485267
99.9979896849
99.9981402789
99.9978209574
0.130109653328
0.130034636092
0.130034636092
0.130034636092
0.129907593744
0.116724036174
0.116631422303
0.116490264139
0.116490264139
0.116333421734
0.116490264139
0.116490264139
0.116490264139
61.3875415692
79.5891762389
99.9985884184
99.9985884184
99.9985884184
99.9973650269
99.9937670838
0.784056868174
0
0
0
0
0
0
0
0
0
0
0
0
0
0
0
0
0
0
0
0
0
0
0
0
0
0
0
0
0
0
0
0
0
0
0
0
0
0
0
0
0
0
0
0
0
0
0
0
0
98.5219117059
99.9781525499
99.9895504324
99.9944466713
99.9976094741
99.9978485267
99.998063674
99.998063674
99.998063674
99.998063674
99.998063674
99.9978485267
99.9980053691
99.9977663165
99.9977663165
99.9977663165
99.9977663165
99.9980053691
99.9980053691
99.9980053691
99.9978485267
99.9978485267
99.9979896849
99.9981465273
99.9981639542
99.9984743119
0.117009448241
0.116934431006
0.116934431006
0.116934431006
0.10782781903
0.104933851596
0.104841237725
0.104700079561
0.0940889134411
0.0940889134411
0.0940889134411
0.0940889134411
0.104841237725
0.104841237725
34.5234127546
58.6185585633
62.8596832664
34.8664324284
46.029080318
72.898022796
99.9915827882
0.230152378321
0
0
0
0
0
0
0
0
0
0
0
0
0
0
0
0
0
0
0
0
0
0
0
0
0
0
0
0
0
0
0
0
0
0
0
0
0
0
0
0
0
0
0
0
0
0
0
77.3059999788
99.9140495544
99.9840732089
99.9923822652
99.9973438601
99.9978485267
99.998063674
99.998063674
99.9982573066
99.998431576
99.998431576
99.9985884184
99.9983947858
99.9981796384
99.9980053691
99.9980053691
99.9981465273
99.9981465273
99.9981465273
99.9981465273
99.9981465273
99.9981465273
99.9981465273
99.9981465273
99.9981465273
99.9981167272
99.9984743119
0.105219263664
0.105144246428
0.105144246428
0.102662298495
0.0943226854762
0.0943226854762
0.0942300716049
0.0880490712923
0.0845388639331
0.0845388639331
0.0845388639331
0.084680022097
0.084680022097
0.0942300716049
0.104841237725
1.64090874519
31.3292750333
31.3796480274
38.7406373184
51.3029202806
80.9978485267
43.0348076983
0
0
0
0
0
0
0
0
0
0
0
0
0
0
0
0
0
0
0
0
0
0
0
0
0
0
0
0
0
0
0
0
0
0
0
0
0
0
0
0
0
0
0
0
0
0
0
97.7471600455
99.9700309327
99.9883893693
99.9938296348
99.9976094741
99.998063674
99.9982573066
99.998431576
99.998431576
99.9985884184
99.9985884184
99.9985884184
99.9985884184
99.9985884184
99.9985359439
99.9985359439
99.9985359439
99.9983616746
99.9981465273
99.9981465273
99.9981465273
99.9981465273
99.9981465273
99.9981465273
99.9981465273
99.9981167272
99.9984743119
0.0946080975436
0.0945330803079
0.0945330803079
0.0876938243062
0.0847726359683
0.084680022097
0.084680022097
0.0759438193759
0.0759438193759
0.0759438193759
0.0760849775398
0.0760849775398
0.0760849775398
0.0760849775398
0.084680022097
0.514107097257
25.4172467017
31.3796480274
38.7406373184
47.8282784184
72.898431576
80.9976094741
3.403714753
0
0
0
0
0
0
0
0
0
0
0
0
0
0
0
0
0
0
0
0
0
0
0
0
0
0
0
0
0
0
0
0
0
0
0
0
0
0
0
0
0
0
0
0
0
0
99.293034951
99.9781525499
99.9923822652
99.9950020042
99.9978485267
99.998431576
99.9985884184
99.9985884184
99.9985884184
99.9985884184
99.9985884184
99.9987295765
99.9987295765
99.9987295765
99.9987295765
99.9987295765
99.9987295765
99.9985359439
99.9985359439
99.9983616746
99.9983616746
99.9983616746
99.9981465273
99.9981465273
99.9981465273
99.9981167272
99.9985326168
0.0850580480357
0.0849830307999
0.0849830307999
0.0796927811672
0.0761775914111
0.0760849775398
0.0760849775398
0.0682082792745
0.0682082792745
0.0683494374383
0.0683494374383
0.061387451347
0.061387451347
0.061387451347
0.0683494374383
0.132426899043
12.1563950356
34.8664324284
34.954153915
43.0453094184
59.047431576
80.7961901706
89.9973438601
1.27388737739
0
0
0
0
0
0
0
0
0
0
0
0
0
0
0
0
0
0
0
0
0
0
0
0
0
0
0
0
0
0
0
0
0
0
0
0
0
0
0
0
0
0
0
0
0
99.9492471214
99.985665888
99.9938296348
99.9973438601
99.998431576
99.9985884184
99.9985884184
99.9986717708
99.998812929
99.998812929
99.998812929
99.998812929
99.998812929
99.9987295765
99.9987295765
99.9987295765
99.9987295765
99.9987295765
99.9985359439
99.9985359439
99.9985359439
99.9983616746
99.9983616746
99.9983616746
99.9984887169
99.9981498384
99.9985326168
0.0764630034785
0.0763879862427
0.0763879862427
0.0754020238204
0.0684420513096
0.0683494374383
0.0683494374383
0.0642765601905
0.061387451347
0.061387451347
0.058750188601
0.0551216638648
0.0551216638648
0.0551216638648
0.0551216638648
0.061387451347
2.25156953102
31.3796480274
34.8664324284
43.0453094184
59.0475884184
72.898063674
99.9976094741
99.996720815
0.167781083796
0
0
0
0
0
0
0
0
0
0
0
0
0
0
0
0
0
0
0
0
0
0
0
0
0
0
0
0
0
0
0
0
0
0
0
0
0
0
0
0
0
0
0
96.5663161797
99.9667010363
99.9915358502
99.9950020042
99.998022796
99.9985884184
99.998812929
99.998812929
99.998812929
99.998812929
99.998812929
99.998812929
99.998812929
99.998812929
99.998812929
99.998812929
99.9987295765
99.9987295765
99.9987295765
99.9987295765
99.9987295765
99.9985359439
99.9985359439
99.9983616746
99.9983616746
99.9984887169
99.9983649857
99.9985326168
0.0687274633771
0.0686524461413
0.0686524461413
0.0686524461413
0.067297115778
0.061387451347
0.061387451347
0.061387451347
0.0551216638648
0.0551216638648
0.0551216638648
0.0494824551309
0.0494824551309
0.0494824551309
0.048843461108
0.0494824551309
0.440148781477
13.5072467533
34.8664324284
47.1353270992
59.0475884184
73.0571839877
99.9978485267
99.9973438601
99.9955018038
0
0
0
0
0
0
0
0
0
0
0
0
0
0
0
0
0
0
0
0
0
0
0
0
0
0
0
0
0
0
0
0
0
0
0
0
0
0
0
0
0
0
0
98.1751996369
99.980337295
99.9931440387
99.9973438601
99.9985884184
99.998812929
99.998812929
99.998812929
99.998812929
99.998812929
99.998812929
99.998812929
99.998812929
99.998812929
99.998812929
99.998812929
99.998812929
99.998812929
99.9987295765
99.9987295765
99.9987295765
99.9987295765
99.9985359439
99.9985359439
99.9984887169
99.9984887169
99.9983649857
99.9983583475
0.0652057236764
0.0641624828563
0.0620278426566
0.06169046005
0.061387451347
0.061387451347
0.0551216638648
0.0551216638648
0.0551216638648
0.0494824551309
0.0494824551309
0.0444071672703
0.0444071672703
0.0398394081958
0.0398394081958
0.0398394081958
0.0482777721997
2.2516528835
18.5290148175
34.866656939
59.0476717708
80.9985884184
99.998431576
99.9976094741
99.996720815
96.7405305954
0
0
0
0
0
0
0
0
0
0
0
0
0
0
0
0
0
0
0
0
0
0
0
0
0
0
0
0
0
0
0
0
0
0
0
0
0
0
0
0
0
0
99.9303801391
99.9883893693
99.9959516234
99.9986717708
99.998812929
99.998812929
99.998812929
99.998812929
99.998812929
99.998812929
99.998812929
99.998812929
99.998812929
99.998812929
99.998812929
99.998812929
99.998812929
99.998812929
99.998812929
99.998812929
99.9987295765
99.9987295765
99.9987295765
99.9986629863
99.9986629863
99.9983318745
99.9982833302
99.9983976684
0.0616243191219
0.06169046005
0.06169046005
0.0600364560061
0.0559143135485
0.0551216638648
0.0551216638648
0.0495422408623
0.0490282552099
0.0464113908293
0.0444071672703
0.0398394081958
0.0398394081958
0.0357284250288
0.0320285401784
0.0321118926626
0.0358117775129
0.416268720802
3.81401717378
10.9407118422
31.379872538
59.047812929
99.9986717708
99.9982164286
99.9973438601
99.9959516234
86.4914828233
0
0
0
0
0
0
0
0
0
0
0
0
0
0
0
0
0
0
0
0
0
0
0
0
0
0
0
0
0
0
0
0
0
0
0
0
0
0
0
0
0
99.9630011515
99.9938296348
99.9974631977
99.998812929
99.998812929
99.998812929
99.998812929
99.9989399714
99.9989399714
99.998812929
99.998812929
99.998812929
99.998812929
99.998812929
99.998812929
99.998812929
99.998812929
99.998812929
99.998812929
99.998812929
99.998812929
99.9987295765
99.9988566189
99.9988566189
99.9986629863
99.9985061439
99.9982833302
99.9983976684
0.058464494467
0.0579892867469
0.0563189909794
0.0552095252368
0.0549065165339
0.0539513952219
0.0490282552099
0.0490282552099
0.0444027948322
0.0441920199393
0.0398394081958
0.0384215375183
0.0357284250288
0.0321118926626
0.0287819962973
0.0257850895685
0.0265405107707
0.0358117775129
0.968586658797
2.501968434
5.23228925928
18.5290148175
43.045533929
80.9986717708
99.9978670959
99.996720815
99.9950020042
0
0
0
0
0
0
0
0
0
0
0
0
0
0
0
0
0
0
0
0
0
0
0
0
0
0
0
0
0
0
0
0
0
0
0
0
0
0
0
0
90.1522909782
99.9823035655
99.9960349759
99.998812929
99.998812929
99.9989399714
99.9990325852
99.9990325852
99.9989399714
99.9989399714
99.9989399714
99.9989399714
99.9989399714
99.9989399714
99.998812929
99.998812929
99.998812929
99.998812929
99.998812929
99.998812929
99.998812929
99.998812929
99.998812929
99.998812929
99.9988566189
99.9986629863
99.9985061439
99.9983168395
99.9983976684
0.0563903168168
0.055068367073
0.054829314483
0.0543967690952
0.0522303835318
0.0490282552099
0.048887097046
0.044934622195
0.0436549667812
0.0390872077067
0.0394674184605
0.0358117775129
0.0321118926626
0.0287819962973
0.0230878735126
0.0206603790623
0.0206603790623
0.0257850895685
0.186605761233
0.784329650137
1.47690122315
2.501968434
4.70894162626
18.5290148175
43.0453927708
72.8976928266
65.6059516234
94.7665236697
0
0
0
0
0
0
0
0
0
0
0
0
0
0
0
0
0
0
0
0
0
0
0
0
0
0
0
0
0
0
0
0
0
0
0
0
0
0
0
99.8820981542
99.9932273912
99.9979519569
99.9989055429
99.9990325852
99.9991076025
99.9991076025
99.9991076025
99.9991076025
99.9990149886
99.9990149886
99.9990149886
99.9989399714
99.9989399714
99.9989399714
99.9989399714
99.998812929
99.998812929
99.998812929
99.998812929
99.998812929
99.998812929
99.998812929
99.9989399714
99.9989399714
99.9988566189
99.9985061439
99.9985326168
99.9983976684
0.0550493362612
0.0540612829431
0.0532700527482
0.0519234494206
0.0495701698196
0.0490974918777
0.0461449677499
0.0437383192654
0.0412248553506
0.0391705601909
0.0352007351877
0.0317083834729
0.0285668489663
0.0255699422375
0.0204452317313
0.0159445251205
0.0147397200979
0.018475634057
0.0299981241197
0.216815073948
0.442085789278
0.735025044801
1.07643190931
1.64122586971
2.501968434
11.7131979456
20.5865404221
22.8717944592
4.782969
0
0
0
0
0
0
0
0
0
0
0
0
0
0
0
0
0
0
0
0
0
0
0
0
0
0
0
0
0
0
0
0
0
0
0
0
0
0
99.9589735208
99.9961275898
99.9989055429
99.9989805601
99.9991076025
99.9991076025
99.9991076025
99.9991076025
99.9991076025
99.9991076025
99.9991076025
99.9990149886
99.9990149886
99.9990149886
99.9990149886
99.9989399714
99.9989399714
99.9989399714
99.9989399714
99.9989399714
99.998812929
99.998812929
99.9989399714
99.9989399714
99.9989399714
99.9989399714
99.9986997765
99.9985326168
99.9983976684
0.0550963663214
0.0531918963352
0.0523652501563
0.0509738890422
0.049190105749
0.0472978009011
0.0438653616128
0.0432547974887
0.0391705601909
0.0372782393241
0.0350595770238
0.0313072177394
0.0279773213741
0.0251372570496
0.0180842240538
0.0070619314613
0.00821753987928
0.0125894589485
0.0206603790623
0.0428386881513
0.105144246428
0.17873361522
0.272925330224
0.374742797842
0.514283063613
0.705870591896
1.64099209767
1.63974753942
7.10725805451
0
0
0
0
0
0
0
0
0
0
0
0
0
0
0
0
0
0
0
0
0
0
0
0
0
0
0
0
0
0
0
0
0
0
0
0
0
0
99.9925582316
99.9987643847
99.9989805601
99.9991076025
99.9991076025
99.9991076025
99.9991076025
99.9991076025
99.9991076025
99.9991076025
99.9991076025
99.9991076025
99.9990149886
99.9990149886
99.9990149886
99.9990149886
99.9990149886
99.9990149886
99.9989399714
99.9989399714
99.9989399714
99.9990149886
99.9990149886
99.9990149886
99.9990149886
99.9990149886
99.9990149886
99.9988674076
99.9983587089
0.0569405236807
0.0543325038421
0.0522748601125
0.0510137067553
0.0479146726849
0.0456095273542
0.0437650879257
0.0412301801194
0.0391705601909
0.0350595770238
0.0334058884673
0.0313072177394
0.0279773213741
0.0249804146453
0.0212395048743
0.00446883928807
0.00176419555248
0.00189123789996
0.00221915640475
0.00238678751182
0.00967815928491
0.0174598515627
0.0264569307525
0.0498604810696
0.0687274633771
0.0946080975436
0.105092221316
0.0843837185462
0.195795400855
84.9905364703
0
0
0
0
0
0
0
0
0
0
0
0
0
0
0
0
0
0
0
0
0
0
0
0
0
0
0
0
0
0
0
0
0
0
0
0
99.8204749364
99.9981273973
99.9990834644
99.9992105068
99.9993248449
99.9993248449
99.9993248449
99.9991076025
99.9991076025
99.9991076025
99.9991076025
99.9991076025
99.9991076025
99.9990149886
99.9990149886
99.9990149886
99.9990149886
99.9990149886
99.9990149886
99.9990149886
99.9990149886
99.9990149886
99.9990149886
99.9990149886
99.9990149886
99.9990149886
99.9990149886
99.9990149886
99.99902425
99.9986958509
0.435697581566
0.0574831687407
0.0535791982754
0.0503340781351
0.0473044878429
0.0451609996119
0.0431748119488
0.039842559531
0.0387754837242
0.0349929867734
0.0317111973728
0.0310902889387
0.0276292072788
0.0244151845938
0.0210201536595
0.0142892016945
0.00189123789996
0.00196625513572
0.00205886900703
0.00238678751182
0.00238678751182
0.00275114140602
0.00360579868873
0.00420850257071
0.00549521006987
0.00977441251133
0.0122255456599
0.0169069413082
0.129419612778
3.17275296248
0
0
0
0
0
0
0
0
0
0
0
0
0
0
0
0
0
0
0
0
0
0
0
0
0
0
0
0
0
0
0
0
0
0
0
0.000175966355489
99.9973276041
99.9990566444
99.9993248449
99.9993248449
99.9993248449
99.9993248449
99.9993248449
99.9993248449
99.9992219406
99.9991076025
99.9991076025
99.9991076025
99.9991076025
99.9990149886
99.9990149886
99.9990149886
99.9990149886
99.9990149886
99.9990149886
99.9990149886
99.9990149886
99.9990149886
99.9990149886
99.9990149886
99.9990149886
99.9990149886
99.9990149886
99.9991076025
99.99902425
99.9987997849
0.705647524949
4.25573218375
0.0558688843193
0.0505912914524
0.0471215709591
0.0450950541198
0.0424898609639
0.0391925114763
0.0377657492058
0.0350680040091
0.031233970539
0.0290525278207
0.0269764202984
0.0233404178926
0.0189710328697
0.0144888064182
0.00167112848142
0.00196625513572
0.00205886900703
0.00205886900703
0.00238678751182
0.00238678751182
0.00315597906625
0.00382304110291
0.00487817355069
0.00694257968274
0.00977441251133
0.0152516359667
0.117226690656
0.22027068536
0.000175966355489
0
0
0
0
0
0
0
0
0
0
0
0
0
0
0
0
0
0
0
0
0
0
0
0
0
0
0
0
0
0
0
0
0
0
0.000278870656944
99.9993248449
99.9993248449
99.9993248449
99.9993248449
99.9993248449
99.9993248449
99.9993248449
99.9993248449
99.9991076025
99.9991076025
99.9991076025
99.9991076025
99.9990149886
99.9990149886
99.9990149886
99.9990149886
99.9990149886
99.9990149886
99.9990149886
99.9990149886
99.9990149886
99.9990149886
99.9990149886
99.9990149886
99.9990149886
99.9990149886
99.9990149886
99.99902425
99.9990917655
99.9987784951
30.120513382
0.958925597819
10.0557423871
14.9833760284
1.96286640033
0.0453723206659
0.0420623728896
0.039336541211
0.0371124808492
0.0349409616617
0.0310216623307
0.0281071158599
0.0267336454405
0.0231992597287
0.0188298747058
0.0144888064182
0.00151428607712
0.00167112848142
0.00196625513572
0.00196625513572
0.00196625513572
0.00229417364051
0.00315597906625
0.00378765231364
0.00439035619562
0.00556272558205
0.0087969712602
0.0110029910939
0.0170887949331
0.021172294931
1.82300277772
0
0
0
0
0
0
0
0
0
0
0
0
0
0
0
0
0
0
0
0
0
0
0
0
0
0
0
0
0
0
0
0
0
0
99.9983167527
99.9993248449
99.9993923604
99.9993923604
99.9993923604
99.9993923604
99.9993923604
99.9992894561
99.9990825041
99.9990825041
99.9990825041
99.9990825041
99.9990825041
99.9990149886
99.9990149886
99.9990149886
99.9990149886
99.9990149886
99.9990149886
99.9990149886
99.9990149886
99.9990825041
99.9990825041
99.9990825041
99.9990825041
99.9990825041
99.9990825041
99.9990825041
99.9990917655
99.9988211231
99.9985973466
)
;

boundaryField
{
    frontAndBack
    {
        type            empty;
    }
    leftWall
    {
        type            calculated;
        value           uniform 0;
    }
    outlet
    {
        type            calculated;
        value           uniform 0;
    }
    rightWall
    {
        type            calculated;
        value           uniform 0;
    }
    inlet
    {
        type            calculated;
        value           uniform 249.170217438;
    }
}


// ************************************************************************* //
