/*--------------------------------*- C++ -*----------------------------------*\
| =========                 |                                                 |
| \\      /  F ield         | OpenFOAM: The Open Source CFD Toolbox           |
|  \\    /   O peration     | Version:  v1906                                 |
|   \\  /    A nd           | Web:      www.OpenFOAM.com                      |
|    \\/     M anipulation  |                                                 |
\*---------------------------------------------------------------------------*/
FoamFile
{
    version     2.0;
    format      ascii;
    class       volScalarField;
    location    "380";
    object      alpha;
}
// * * * * * * * * * * * * * * * * * * * * * * * * * * * * * * * * * * * * * //

dimensions      [0 0 -1 0 0 0 0];


internalField   nonuniform List<scalar> 
9216
(
100
100
100
100
100
100
100
100
100
100
100
100
100
100
100
100
100
100
100
100
100
100
100
100
100
100
100
100
100
100
100
100
100
100
100
100
100
100
100
100
100
100
100
100
100
100
100
100
100
100
100
100
100
100
100
100
100
100
100
100
100
100
100
100
100
100
100
100
100
100
100
100
100
100
100
100
100
100
100
100
100
100
100
100
100
100
100
100
100
100
100
100
100
99.9999999983
98.615570169
32.4546635778
100
100
100
100
100
100
100
100
100
100
100
100
100
100
100
100
100
100
100
100
100
100
100
100
100
100
100
100
100
100
100
100
100
100
100
100
100
100
100
100
100
100
100
100
100
100
100
100
100
100
100
100
100
100
100
100
100
100
100
100
100
100
100
100
100
100
100
100
100
100
100
100
100
100
100
100
100
100
100
100
100
100
100
100
100
100
100
100
100
100
100
100
100
99.9999999999
99.9999998451
98.6516056062
100
100
100
100
100
100
100
100
100
100
100
100
100
100
100
100
100
100
100
100
100
100
100
100
100
100
100
100
100
100
100
100
100
100
100
100
100
100
100
100
100
100
100
100
100
100
100
100
100
100
100
100
100
100
100
100
100
100
100
100
100
100
100
100
100
100
100
100
100
100
100
100
100
100
100
100
100
100
100
100
100
100
100
100
100
100
100
100
100
100
100
100
100
100
99.9999999999
99.9999999984
100
100
100
100
100
100
100
100
100
100
100
100
100
100
100
100
100
100
100
100
100
100
100
100
100
100
100
100
100
100
100
100
100
100
100
100
100
100
100
100
100
100
100
100
100
100
100
100
100
100
100
100
100
100
100
100
100
100
100
100
100
100
100
100
100
100
100
100
100
100
100
100
100
100
100
100
100
100
100
100
100
100
100
100
100
100
100
100
100
100
100
100
100
100
100
100
100
100
100
100
100
100
100
100
100
100
100
100
100
100
100
100
100
100
100
100
100
100
100
100
100
100
100
100
100
100
100
100
100
100
100
100
100
100
100
100
100
100
100
100
100
100
100
100
100
100
100
100
100
100
100
100
100
100
100
100
100
100
100
100
100
100
100
100
100
100
100
100
100
100
100
100
100
100
100
100
100
100
100
100
100
100
100
100
100
100
100
100
100
100
100
100
100
100
100
100
100
100
100
100
100
100
100
100
100
100
100
100
100
100
100
100
100
100
100
100
100
100
100
100
100
100
100
100
100
100
100
100
100
100
100
100
100
100
100
100
100
100
100
100
100
100
100
100
100
100
100
100
100
100
100
100
100
100
100
100
100
100
100
100
100
100
100
100
100
100
100
100
100
100
100
100
100
100
100
100
100
100
100
100
100
100
100
100
100
100
100
100
100
100
100
100
100
100
100
100
100
100
100
100
100
100
100
100
100
100
100
100
100
100
100
100
100
100
100
100
100
100
100
100
100
100
100
100
100
100
100
100
100
100
100
100
100
100
100
100
100
100
100
100
100
100
100
100
100
100
100
100
100
100
100
100
100
100
100
100
100
100
100
100
100
100
100
100
100
100
100
100
100
100
100
100
100
100
100
100
100
100
100
100
100
100
100
100
100
100
100
100
100
100
100
100
100
100
100
100
100
100
100
100
100
100
100
100
100
100
100
100
100
100
100
100
100
100
100
100
100
100
100
100
100
100
100
100
100
100
100
100
100
100
100
100
100
100
100
100
100
100
100
100
100
100
100
100
100
100
100
100
100
100
100
100
100
100
100
100
100
100
100
100
100
100
100
100
100
100
100
100
100
100
100
100
100
100
100
100
100
100
100
100
100
100
100
100
100
100
100
100
100
100
100
100
100
100
100
100
100
100
100
100
100
100
100
100
100
100
100
100
100
100
100
100
100
100
100
100
100
100
100
100
100
100
100
100
100
100
100
100
100
100
100
100
100
100
100
100
100
100
100
100
100
100
100
100
100
100
100
100
100
100
100
100
100
100
100
100
100
100
100
100
100
100
100
100
100
100
100
100
100
100
100
100
100
100
100
100
100
100
100
100
100
100
100
100
100
100
100
100
100
100
100
100
100
100
100
100
100
100
100
100
100
100
100
100
100
100
100
100
100
100
100
100
100
100
100
100
100
100
100
100
100
100
100
100
100
100
100
100
100
100
100
100
100
100
100
100
100
100
100
100
100
100
100
100
100
100
100
100
100
100
100
100
100
100
100
100
100
100
100
100
100
100
100
100
100
100
100
100
100
100
100
100
100
100
100
100
100
100
100
100
100
100
100
100
100
100
100
100
100
100
100
100
100
100
100
100
100
100
100
100
100
100
100
100
100
100
100
100
100
100
100
100
100
100
100
100
100
100
100
100
100
100
100
100
100
100
100
100
100
100
100
100
100
100
100
100
100
100
100
100
100
100
100
100
100
100
100
100
100
100
100
100
100
100
100
100
100
100
100
100
100
100
100
100
100
100
100
100
100
100
100
100
100
100
100
100
100
100
100
100
100
100
100
100
100
100
100
100
100
100
100
100
100
100
100
100
100
100
100
100
100
100
100
100
100
100
100
100
100
100
100
100
100
100
100
100
100
100
100
100
100
100
100
100
100
100
100
100
100
100
100
100
100
100
100
100
100
100
100
100
100
100
100
100
100
100
100
100
100
100
100
100
100
100
100
100
100
100
100
100
100
100
100
100
100
100
100
100
100
100
100
100
100
100
100
100
100
100
100
100
100
100
100
100
100
100
100
100
100
100
100
100
100
100
100
100
100
100
100
100
100
100
100
100
100
100
100
100
100
100
100
100
100
100
100
100
100
100
100
100
100
100
100
100
100
100
100
100
100
100
100
100
100
100
100
100
100
100
100
100
100
100
100
100
100
100
100
100
100
100
100
100
100
100
100
100
100
100
100
100
100
100
100
100
100
100
100
100
100
100
100
100
100
100
100
100
100
100
100
100
100
100
100
100
100
100
100
100
100
100
100
100
100
100
100
100
100
100
100
100
100
100
100
100
100
100
100
100
100
100
100
100
100
100
100
100
100
100
100
100
100
100
100
100
100
100
100
100
100
100
100
100
100
100
100
100
100
100
100
100
100
100
100
100
100
100
100
100
100
100
100
100
100
100
100
100
100
100
100
100
100
100
100
100
100
100
100
100
100
100
100
100
100
100
100
100
100
100
100
100
100
100
100
100
100
100
100
100
100
100
100
100
100
100
100
100
100
100
100
100
100
100
100
100
100
100
100
100
100
100
100
100
100
100
100
100
100
100
100
100
100
100
100
100
100
100
100
100
100
100
100
100
100
100
100
100
100
100
100
100
100
100
100
100
100
100
100
100
100
100
100
100
100
100
100
100
100
100
100
100
100
100
100
100
100
100
100
100
100
100
100
100
100
100
100
100
100
100
100
100
100
100
100
100
100
100
100
100
100
100
100
100
100
100
100
100
100
100
100
100
100
100
100
100
100
100
100
100
100
100
100
100
100
100
100
100
100
100
100
100
100
100
100
100
100
100
100
100
100
100
100
100
100
100
100
100
100
100
100
100
100
100
100
100
100
100
100
100
100
100
100
100
100
100
100
100
100
100
100
100
100
100
100
100
100
100
100
100
100
100
100
100
100
100
100
100
100
100
100
100
100
100
100
100
100
100
100
100
100
100
100
100
100
100
100
100
100
100
100
100
100
100
100
100
100
100
100
100
100
100
100
100
100
100
100
100
100
100
100
100
100
100
100
100
100
100
100
100
100
100
100
100
100
100
100
100
100
100
100
100
100
100
100
100
100
100
100
100
100
100
100
100
100
100
100
100
100
100
100
100
100
100
100
100
100
100
100
100
100
100
100
100
100
100
100
100
100
100
100
100
100
100
100
100
100
100
100
100
100
100
100
100
100
100
100
100
100
100
100
100
100
100
100
100
100
100
100
100
100
100
100
100
100
100
100
100
100
100
100
100
100
100
100
100
100
100
100
100
100
100
100
100
100
100
100
100
100
100
100
100
100
100
100
100
100
100
100
100
100
100
100
100
100
100
100
100
100
100
100
100
100
100
100
100
100
100
100
100
100
100
100
100
100
100
100
100
100
100
100
100
100
100
100
100
100
100
100
100
100
100
100
100
100
100
100
100
100
100
100
100
100
100
100
100
100
100
100
100
100
100
100
100
100
100
100
100
100
100
100
100
100
100
100
100
100
100
100
100
100
100
100
100
100
100
100
100
100
100
100
100
100
100
100
100
100
100
100
100
100
100
100
100
100
100
100
100
100
100
100
100
100
100
100
100
100
100
100
100
100
100
100
100
100
100
100
100
100
100
100
100
100
100
100
100
100
100
100
100
100
100
100
100
100
100
100
100
100
100
100
100
100
100
100
100
100
100
100
100
100
100
100
100
100
100
100
100
100
100
100
100
100
100
100
100
100
100
100
100
100
100
100
100
100
100
100
100
100
100
100
100
100
100
100
100
100
100
100
100
100
100
100
100
100
100
100
100
100
100
100
100
100
100
100
100
100
100
100
100
100
100
100
100
100
100
100
100
100
100
100
100
100
100
100
100
100
100
100
100
100
100
100
100
100
100
100
100
100
100
100
100
100
100
100
100
100
100
100
100
100
100
100
100
100
100
100
100
100
100
100
100
100
100
100
100
100
100
100
100
100
100
100
100
100
100
100
100
100
100
100
100
100
100
100
100
100
100
100
100
100
100
100
100
100
100
100
100
100
100
100
100
100
100
100
100
100
100
100
100
100
100
100
100
100
100
100
100
100
100
100
100
100
100
100
100
100
100
100
100
100
100
100
100
100
100
100
100
100
100
100
100
100
100
100
100
100
100
100
100
100
100
100
100
100
100
100
100
100
100
100
100
100
100
100
100
100
100
100
100
100
100
100
100
100
100
100
100
100
100
100
100
100
100
100
100
100
100
100
100
100
100
100
100
100
100
100
100
100
100
100
100
100
100
100
100
100
100
100
100
100
100
100
100
100
100
100
100
100
100
100
100
100
100
100
100
100
100
100
100
100
100
100
100
100
100
100
100
100
100
100
100
100
100
100
100
100
100
100
100
100
100
100
100
100
100
100
100
100
100
100
100
100
100
100
100
100
100
100
100
100
100
100
100
100
100
100
100
100
100
100
100
100
100
100
100
100
100
100
100
100
100
100
100
100
100
100
100
100
100
100
100
100
100
100
100
100
100
100
100
100
100
100
100
100
100
100
100
100
100
100
100
100
100
100
100
100
100
100
100
100
100
100
100
100
100
100
100
100
100
100
100
100
100
100
100
100
100
100
100
100
100
100
100
100
100
100
100
100
100
100
100
100
100
100
100
100
100
100
100
100
100
100
100
100
100
100
100
100
100
100
100
100
100
100
100
100
100
100
100
100
100
100
100
100
100
100
100
100
100
100
100
100
100
100
100
100
100
100
100
100
100
100
100
100
100
100
100
100
100
100
100
100
100
100
100
100
100
100
100
100
100
100
100
100
100
100
100
100
100
100
100
100
100
100
100
100
100
100
100
100
100
100
100
100
100
100
100
100
100
100
100
100
100
100
100
100
100
100
100
100
100
100
100
100
100
100
100
100
100
100
100
100
100
100
100
100
100
100
100
100
100
100
100
100
100
100
100
100
100
100
100
100
100
100
100
100
100
100
100
100
100
100
100
100
100
100
100
100
100
100
100
100
100
100
100
100
100
100
100
100
100
100
100
100
100
100
100
100
100
100
100
100
100
100
100
100
100
100
100
100
100
100
100
100
100
100
100
100
100
100
100
100
100
100
100
100
100
100
100
100
100
100
100
100
100
100
100
100
100
100
100
100
100
100
100
100
100
100
100
100
100
100
100
100
100
100
100
100
100
100
100
100
100
100
100
100
100
100
100
100
100
100
100
100
100
100
100
100
100
100
100
100
100
100
100
100
100
100
100
100
100
100
100
100
100
100
100
100
100
100
100
100
100
100
100
100
100
100
100
100
100
100
100
100
100
100
100
100
100
100
100
100
100
100
100
100
100
100
100
100
100
100
100
100
100
100
100
100
100
100
100
100
100
100
100
100
100
100
100
100
100
100
100
100
100
100
100
100
100
100
100
100
100
100
100
100
100
100
100
100
100
100
100
100
100
100
100
100
100
100
100
100
100
100
100
100
100
100
100
100
100
100
100
100
100
100
100
100
100
100
100
100
100
100
100
100
100
100
100
100
100
100
100
100
100
100
100
100
100
100
100
100
100
100
100
100
100
100
100
100
100
100
100
100
100
100
100
100
100
100
100
100
100
100
100
100
100
100
100
100
100
100
100
100
100
100
100
100
100
100
100
100
100
100
100
100
100
100
100
100
100
100
100
100
100
100
100
100
100
100
100
100
100
100
100
100
100
100
100
100
100
100
100
100
100
100
100
100
100
100
100
100
100
100
100
100
100
100
100
100
100
100
100
100
100
100
100
100
100
100
100
100
100
100
100
100
100
100
100
100
100
100
100
100
100
100
100
100
100
100
100
100
100
100
100
100
100
100
100
100
100
100
100
100
100
100
100
100
100
100
100
100
100
100
100
100
100
100
100
100
100
100
100
100
100
100
100
100
100
100
100
100
100
100
100
100
100
100
100
100
100
100
100
100
100
100
100
0
0
0
0
0
0
0
0
0
0
0
0
0
0
0
0
0
0
1.7799588681e-11
100
100
100
100
100
100
100
100
100
100
100
100
100
100
100
100
100
100
100
100
100
100
100
100
100
100
100
100
100
100
100
100
100
100
100
100
100
100
100
100
100
100
100
100
100
100
100
100
100
100
100
100
100
100
100
100
100
100
100
100
100
100
100
100
100
100
100
100
100
100
100
100
100
2.8637842276e-16
9.5107225271e-17
0
0
0
0
0
0
0
0
0
0
0
0
0
0
0
0
0
0
0
0
0
0
0
0
0
0
0
1.8304087921e-10
100
100
100
100
100
100
100
100
100
100
100
100
100
100
100
100
100
100
100
100
100
100
100
100
100
100
100
100
100
100
100
100
100
100
100
100
100
100
100
100
100
100
100
100
100
100
100
100
100
100
100
100
100
100
100
100
100
100
100
100
100
100
100
100
100
100
0
0
0
0
0
0
0
0
0
0
0
0
0
0
0
0
0
0
0
0
0
0
0
0
0
0
0
0
0
0
0
0
0
0
99.99993196
100
100
100
100
100
100
100
100
100
100
100
100
100
100
100
100
100
100
100
100
100
100
100
100
100
100
100
100
100
100
100
100
100
100
100
100
100
100
99.9999999999
99.9999999999
99.9999999999
99.9999999999
99.9999999999
99.9999999999
100
100
100
100
100
100
100
100
100
100
100
100
100
100
100
100
100
0
0
0
0
0
0
0
0
0
0
0
0
0
0
0
0
0
0
0
0
0
0
0
0
0
0
0
0
0
0
0
0
0
0
0
0
0
0
100
100
100
100
100
100
100
100
100
100
100
100
100
100
100
100
100
100
100
100
100
100
100
100
100
100
100
100
100
100
100
100
99.9999999999
99.9999999999
99.9999999999
99.9999999999
99.9999999998
99.9999999998
99.9999999998
99.9999999998
99.9999999998
99.9999999999
99.9999999999
99.9999999999
100
100
100
100
100
100
100
100
100
100
100
100
100
100
0
0
0
0
0
0
0
0
0
0
0
0
0
0
0
0
0
0
0
0
0
0
0
0
0
0
0
0
0
0
0
0
0
0
0
0
0
0
0
0
0
99.9999539488
100
100
100
100
100
100
100
100
100
100
100
100
100
100
100
100
100
100
100
100
100
100
100
100
100
100
99.9999999999
99.9999999999
99.9999999998
99.9999999998
99.9999999997
99.9999999996
99.9999999994
99.9999999993
99.9999999993
99.9999999993
99.9999999994
99.9999999995
99.9999999997
99.9999999998
99.9999999998
99.9999999999
100
100
100
100
100
100
100
100
100
100
100
100
0
0
0
0
0
0
0
0
0
0
0
0
0
0
0
0
0
0
0
0
0
0
0
0
0
0
0
0
0
0
0
0
0
0
0
0
0
0
0
0
0
0
1.55593049425e-14
4.61718937848e-14
100
100
100
100
100
100
100
100
100
100
100
100
100
100
100
100
100
100
100
100
100
100
99.9999999999
99.9999999999
99.9999999998
99.9999999997
99.9999999994
99.999999999
99.9999999984
99.9999999976
99.9999999967
99.9999999959
99.9999999959
99.9999999963
99.999999997
99.9999999978
99.9999999986
99.9999999991
99.9999999994
99.9999999997
99.9999999999
99.9999999999
100
100
100
100
100
100
100
100
100
100
0
0
0
0
0
0
0
0
0
0
0
0
0
0
0
0
0
0
0
0
0
0
0
0
0
0
0
0
0
0
0
0
0
0
0
0
0
0
0
0
0
0
0
8.55739182075e-14
8.79938238863e-13
7.35753261488e-12
2.49070283938e-10
100
100
100
100
100
100
100
100
100
100
100
100
100
100
100
100
100
100
99.9999999999
99.9999999999
99.9999999996
99.999999999
99.9999999973
99.9999999935
99.9999999839
99.9999999663
99.9999999409
99.9999999216
99.9999999129
99.9999999216
99.9999999416
99.9999999625
99.9999999819
99.9999999904
99.9999999944
99.9999999967
99.9999999984
99.9999999992
99.9999999998
99.9999999999
100
100
100
100
100
100
100
100
100
0
0
0
0
0
0
0
0
0
0
0
0
0
0
0
0
0
0
0
0
0
0
0
0
0
0
0
0
0
0
0
0
0
0
0
0
0
0
0
0
0
0
0
0
0
6.89567540714e-14
3.33994572864e-13
4.34131824317e-12
8.31699540103e-11
100
100
100
100
100
100
100
100
100
100
100
100
100
100
100
99.9999999999
99.9999999998
99.9999999988
99.9999999914
99.999999912
99.9999565716
99.9988761
99.9963564611
99.9931440387
99.9915156836
99.9905953891
99.9915358502
99.9944466713
99.998308123
99.9999232187
99.9999990831
99.9999998013
99.9999999216
99.9999999718
99.9999999882
99.9999999954
99.9999999984
99.9999999996
100
100
100
100
100
100
100
100
100
0
0
0
0
0
0
0
0
0
0
0
0
0
0
0
0
0
0
0
0
0
0
0
0
0
0
0
0
0
0
0
0
0
0
0
0
0
0
0
0
0
0
0
0
0
0
0
1.69211195299e-14
1.94312383797e-13
9.49854680032e-13
8.31710270995e-11
100
100
100
100
100
100
100
100
100
100
100
100
99.9999999999
99.9999999994
99.9999999869
99.996641454
99.9683147334
88.9045623081
2.26368316112e-12
2.19241498896e-12
2.08566513127e-12
1.92766589603e-12
1.78423845964e-12
1.50682656202e-12
1.31760897957e-12
1.20445225104e-12
7.74019825869e-13
98.3194362813
99.9409937723
99.9870992992
99.9994304167
99.9999982479
99.9999997752
99.9999999491
99.9999999869
99.9999999967
99.9999999993
100
100
100
100
100
100
100
100
0
0
0
0
0
0
0
0
0
0
0
0
0
0
0
0
0
0
0
0
0
0
0
0
0
0
0
0
0
0
0
0
0
0
0
0
0
0
0
0
0
0
0
0
0
0
0
0
2.51712264295e-15
6.55173944528e-14
1.96351253138e-13
2.7178716812e-12
2.00572175741e-10
100
100
100
100
100
100
100
100
100
99.9999999999
99.9999999982
99.980337295
2.32865867517e-12
2.30383319031e-12
2.30383319031e-12
2.22152130509e-12
2.22256430178e-12
2.21541942962e-12
2.12895204489e-12
2.00097266435e-12
1.83716371292e-12
1.6600928038e-12
1.41719718086e-12
1.34106158065e-12
1.16962678558e-12
0
0
0
93.6651764965
99.8950279204
99.9898834956
99.9999958636
99.9999997224
99.9999999642
99.9999999935
99.9999999994
100
100
100
100
100
100
100
0
0
0
0
0
0
0
0
0
0
0
0
0
0
0
0
0
0
0
0
0
0
0
0
0
0
0
0
0
0
0
0
0
0
0
0
0
0
0
0
0
0
0
0
0
0
0
0
0
2.26541037866e-15
3.0448936919e-14
1.00276381217e-13
3.39419767041e-13
1.21130840586e-11
99.9303801402
100
100
100
100
100
100
99.9999999999
99.9905953913
2.56272272743e-12
2.56272272743e-12
2.56185352524e-12
2.34013708613e-12
2.30479897052e-12
2.25834296387e-12
2.22244639918e-12
2.2252265859e-12
2.14740593965e-12
2.06035114669e-12
1.92766589603e-12
1.72543262266e-12
1.50682656202e-12
1.23953410431e-12
1.13988617058e-12
5.42670726624e-13
0
0
0
0
0
99.7594051332
99.9882310413
99.9999975185
99.9999999047
99.9999999887
100
100
100
100
100
100
100
0
0
0
0
0
0
0
0
0
0
0
0
0
0
0
0
0
0
0
0
0
0
0
0
0
0
0
0
0
0
0
0
0
0
0
0
0
0
0
0
0
0
0
0
0
0
0
0
0
0
2.03886934079e-15
5.4251941764e-15
7.16151461578e-14
1.76716127824e-13
8.89253273832e-13
4.91103220898e-11
100
100
100
100
99.9999999999
3.16245092255e-12
2.84912118131e-12
2.56272272743e-12
2.56272272743e-12
2.56272272743e-12
2.56272272743e-12
2.48932734922e-12
2.29428655516e-12
2.2490677021e-12
2.23405302656e-12
2.16401444493e-12
2.08566513127e-12
1.96624840568e-12
1.78423845964e-12
1.50682656202e-12
1.20695542258e-12
1.05266410702e-12
5.42670726624e-13
0
0
0
0
0
0
0
99.8426142496
99.9998859718
99.9999996879
99.9999999884
100
100
100
100
100
100
0
0
0
0
0
0
0
0
0
0
0
0
0
0
0
0
0
0
0
0
0
0
0
0
0
0
0
0
0
0
0
0
0
0
0
0
0
0
0
0
0
0
0
0
0
0
0
0
0
0
0
2.90807153344e-15
4.88267475876e-15
5.56686573389e-14
1.27488355009e-13
4.21654013813e-13
5.56026260204e-12
2.52771492e-10
99.9988568186
99.9938297987
3.41852666364e-12
3.16647248343e-12
2.84912118131e-12
2.84912118131e-12
2.56350500941e-12
2.56139792604e-12
2.5599259245e-12
2.55709804597e-12
2.55014878862e-12
2.38353102302e-12
2.24062701654e-12
2.17896209968e-12
2.09831981667e-12
1.96624840568e-12
1.83716371292e-12
1.58749300506e-12
1.31760897957e-12
1.20445225104e-12
7.74019825869e-13
0
0
0
0
0
0
0
0
98.3491666199
99.9855679669
99.9999993433
100
100
100
100
100
100
0
0
0
0
0
0
0
0
0
0
0
0
0
0
0
0
0
0
0
0
0
0
0
0
0
0
0
0
0
0
0
0
0
0
0
0
0
0
0
0
0
0
0
0
0
0
0
0
0
0
0
7.82281973388e-16
2.6172643801e-15
4.39440728288e-15
4.71414329411e-14
1.02631919159e-13
2.46803361774e-13
2.84982523509e-12
4.3469049717e-12
3.91158082613e-12
3.51978909512e-12
3.16717653721e-12
2.84982523509e-12
2.84730811245e-12
2.65114150551e-12
2.55951588522e-12
2.55951588522e-12
2.55634123541e-12
2.55101799081e-12
2.54267772311e-12
2.50109024721e-12
2.35488102215e-12
2.12607956009e-12
2.00097266435e-12
1.83716371292e-12
1.58749300506e-12
1.31760897957e-12
1.20445225104e-12
7.74019825869e-13
0
0
0
0
0
0
0
0
0
0
99.9276285039
99.9999991733
100
100
100
100
100
0
0
0
0
0
0
0
0
0
0
0
0
0
0
0
0
0
0
0
0
0
0
0
0
0
0
0
0
0
0
0
0
0
0
0
0
0
0
0
0
0
0
0
0
0
0
0
0
0
0
0
0
1.48633574944e-15
2.35553794209e-15
9.98084307116e-15
4.07205521218e-14
8.00444483174e-14
1.60942350953e-13
2.30778815686e-12
3.91221447453e-12
3.51752368474e-12
3.16491112683e-12
2.84623502332e-12
2.84623502332e-12
2.84623502332e-12
2.55914684987e-12
2.55680723882e-12
2.55498995296e-12
2.54823433612e-12
2.54160463398e-12
2.50088636027e-12
2.43698243461e-12
2.3655022721e-12
2.25802721907e-12
1.97741555677e-12
1.58749300506e-12
1.31760897957e-12
1.20445225104e-12
5.586284685e-13
0
0
0
0
0
0
0
0
0
0
1.85664389816e-12
99.8320036093
100
100
100
100
100
0
0
0
0
0
0
0
0
0
0
0
0
0
0
0
0
0
0
0
0
0
0
0
0
0
0
0
0
0
0
0
0
0
0
0
0
0
0
0
0
0
0
0
0
0
0
0
0
0
0
0
0
1.48633574944e-15
1.48633574944e-15
1.48633574944e-15
1.59674769165e-14
4.18604218518e-14
7.0503939713e-14
1.25594866591e-13
2.30574928752e-12
3.51719155293e-12
3.16457899502e-12
2.8472276929e-12
2.8465940445e-12
2.84526924311e-12
2.84379724156e-12
2.55654551238e-12
2.54976140345e-12
2.5472685559e-12
2.54142113574e-12
2.49197678347e-12
2.4378516368e-12
2.3655022721e-12
2.25802721907e-12
2.09421826764e-12
1.84454755978e-12
1.54663324077e-12
1.20445225104e-12
2.57054554717e-13
0
0
0
0
0
0
0
0
0
0
1.61158172433e-12
2.13027630772e-11
99.7943349367
100
99.9999999999
99.9999999997
99.9999999995
0
0
0
0
0
0
0
0
0
0
0
0
0
0
0
0
0
0
0
0
0
0
0
0
0
0
0
0
0
0
0
0
0
0
0
0
0
0
0
0
0
0
0
0
0
0
0
0
0
0
0
0
7.04053776049e-16
1.48633574944e-15
2.11998414788e-15
2.11998414788e-15
1.65702762694e-14
4.23160210502e-14
6.28832621831e-14
8.94606557098e-14
2.56193464005e-12
3.16490211407e-12
4.55897502898e-12
2.8463584907e-12
2.84503368931e-12
2.84440004091e-12
2.83453686525e-12
2.8327195794e-12
2.54433357688e-12
2.53800159179e-12
2.49275906544e-12
2.43688585659e-12
2.3663714743e-12
2.25802721907e-12
2.04129301436e-12
1.84454755978e-12
1.57466353429e-12
1.1829031418e-12
0
0
0
0
0
0
0
0
0
0
0
1.41813737862e-12
1.66663283297e-11
1.30797329999e-09
99.999550704
99.9999999994
99.9999999939
99.9999999625
0
0
0
0
0
0
0
0
0
0
0
0
0
0
0
0
0
0
0
0
0
0
0
0
0
0
0
0
0
0
0
0
0
0
0
0
0
0
0
0
0
0
0
0
0
0
0
0
0
0
0
0
0
0
7.04053776049e-16
2.11998414788e-15
2.11998414788e-15
2.09726672196e-14
4.35083423021e-14
5.57338452528e-14
5.3946941997e-13
99.9999999486
100
99.9999999949
99.9999999944
99.9999999914
99.9999999894
99.9999999839
99.9999999696
99.9999995072
2.7686795945e-12
2.45998547451e-12
2.34358888818e-12
2.22330296039e-12
2.04129301436e-12
1.76388111673e-12
1.4640099773e-12
1.33828027893e-12
0
0
0
0
0
0
0
0
0
0
0
1.0337589443e-12
1.82736808574e-11
8.01641664327e-10
0.000168675243906
99.999999998
99.9999991641
99.9998983051
0
0
0
0
0
0
0
0
0
0
0
0
0
0
0
0
0
0
0
0
0
0
0
0
0
0
0
0
0
0
0
0
0
0
0
0
0
0
0
0
0
0
0
0
0
0
0
0
0
0
0
0
0
0
0
7.04053776049e-16
1.48633574944e-15
2.98918634053e-15
2.18418694122e-14
3.7104096108e-14
4.81070487637e-14
1.50927053303e-12
100
100
99.9999999999
99.9999999999
99.9999999998
99.9999999995
99.9999999987
99.9999999937
99.9999999537
2.70746745353e-12
2.62911813987e-12
2.47033662266e-12
2.17775443486e-12
1.67425173557e-12
1.34106158065e-12
1.16962678558e-12
0
0
0
0
0
0
0
0
0
0
0
6.08636384683e-13
2.2366680422e-11
1.0327676379e-09
1.03753714635e-05
99.9999999966
99.9999235037
78.4795348505
0
0
0
0
0
0
0
0
0
0
0
0
0
0
0
0
0
0
0
0
0
0
0
0
0
0
0
0
0
0
0
0
0
0
0
0
0
0
0
0
0
0
0
0
0
0
0
0
0
0
0
0
0
0
0
0
0
2.90807153344e-15
6.91152992583e-15
1.92256398427e-14
9.25098527406e-14
4.00695272494e-13
2.22805182914e-12
100
100
100
99.9999999999
99.9999999998
99.9999999996
99.9999999992
99.9999999959
99.9999999429
2.60302187332e-12
2.42824944947e-12
2.20276353042e-12
1.7047635985e-12
1.20445225104e-12
1.06331317134e-12
0
0
0
0
0
0
0
0
0
0
0
0
2.63708273479e-11
1.68864021219e-09
1.30381416945e-05
99.9994286201
99.9995192772
24.5348573781
0
0
0
0
0
0
0
0
0
0
0
0
0
0
0
0
0
0
0
0
0
0
0
0
0
0
0
0
0
0
0
0
0
0
0
0
0
0
0
0
0
0
0
0
0
0
0
0
0
0
0
0
0
0
0
0
0
0
5.4251941764e-15
8.53275299486e-15
6.94202860759e-14
2.83064169423e-13
1.01228225676e-12
4.90232833797e-11
100
100
100
99.9999999999
99.9999999999
99.9999999997
99.999999999
99.9999999923
99.999999814
2.37983443955e-12
2.04949728864e-12
1.74962614921e-12
1.33828027893e-12
0
0
0
0
0
0
0
0
0
0
0
0
1.30592187968e-12
4.27208163037e-11
4.09507466592e-09
5.19274450286e-05
99.9999999995
99.9999993316
77.1634889116
0
0
0
0
0
0
0
0
0
0
0
0
0
0
0
0
0
0
0
0
0
0
0
0
0
0
0
0
0
0
0
0
0
0
0
0
0
0
0
0
0
0
0
0
0
0
0
0
0
0
0
0
0
0
0
0
0
0
0
3.59021176968e-15
7.6635508022e-15
2.06298792247e-13
4.73879562015e-13
2.19651538174e-12
2.66149587418e-08
100
100
100
99.9999999999
99.9999999999
99.9999999996
99.9999999982
99.9999999801
99.9999949404
1.95986790748e-12
1.62667775256e-12
1.29958531731e-12
0
0
0
0
0
0
0
0
0
0
0
0
2.87999850812e-12
5.89237202238e-11
1.77406819388e-08
0.000693487347837
99.9999999999
99.9999999996
99.9999999991
0
0
0
0
0
0
0
0
0
0
0
0
0
0
0
0
0
0
0
0
0
0
0
0
0
0
0
0
0
0
0
0
0
0
0
0
0
0
0
0
0
0
0
0
0
0
0
0
0
0
0
0
0
0
0
0
0
0
0
0
0
1.2611449618e-13
3.33548502592e-13
1.23515461513e-12
2.10012840702e-11
100
100
100
100
99.9999999999
99.9999999998
99.9999999994
99.9999999894
99.9999981508
1.74962614921e-12
1.48645865999e-12
4.52155918192e-13
0
0
0
0
0
0
0
0
0
0
7.79471239082e-13
1.26254036673e-12
4.10994545095e-12
1.05792709374e-10
2.04880942263e-07
61.1892880867
100
99.9999999999
99.9999999999
0
0
0
0
0
0
0
0
0
0
0
0
0
0
0
0
0
0
0
0
0
0
0
0
0
0
0
0
0
0
0
0
0
0
0
0
0
0
0
0
0
0
0
0
0
0
0
0
0
0
0
0
0
0
0
0
0
0
0
0
0
0
2.48501418343e-13
4.21973316983e-13
2.84848176786e-12
1.29521621825e-08
100
100
100
100
99.9999999999
99.9999999998
99.9999999914
99.9999987148
1.80805337346e-12
1.09137112799e-12
0
0
0
0
0
0
0
0
0
0
0
1.61146136926e-12
5.01162104685e-12
6.99710056152e-12
7.64601868453e-10
1.14294639156e-05
100
100
100
99.9999999999
0
0
0
0
0
0
0
0
0
0
0
0
0
0
0
0
0
0
0
0
0
0
0
0
0
0
0
0
0
0
0
0
0
0
0
0
0
0
0
0
0
0
0
0
0
0
0
0
0
0
0
0
0
0
0
0
0
0
0
0
0
0
0
3.34918524027e-13
2.3655022721e-12
4.46211048103e-11
100
100
100
100
100
99.9999999999
99.9999999937
99.9999988931
1.30021896571e-12
0
0
0
0
0
0
0
0
0
0
0
0
2.15607041993e-12
1.36410976369e-11
6.79991251416e-11
7.95516427015e-08
100
100
100
100
99.9999999999
0
0
0
0
0
0
0
0
0
0
0
0
0
0
0
0
0
0
0
0
0
0
0
0
0
0
0
0
0
0
0
0
0
0
0
0
0
0
0
0
0
0
0
0
0
0
0
0
0
0
0
0
0
0
0
0
0
0
0
0
0
0
0
3.40879860553e-13
2.06035114669e-12
1.26476476064e-11
100
100
100
100
100
99.9999999999
99.9999999923
99.9999983357
6.33648398444e-16
0
0
0
0
0
0
0
0
0
0
0
0
4.87984352426e-12
5.86885383931e-11
2.57393653345e-09
0.000234894800579
100
100
100
100
100
0
0
0
0
0
0
0
0
0
0
0
0
0
0
0
0
0
0
0
0
0
0
0
0
0
0
0
0
0
0
0
0
0
0
0
0
0
0
0
0
0
0
0
0
0
0
0
0
0
0
0
0
0
0
0
0
0
0
0
0
0
0
0
5.29252532807e-14
1.3740166054e-12
3.69009144893e-12
100
100
100
100
100
99.9999999999
99.9999999894
99.9999974634
0
5.702835586e-16
0
0
0
0
0
0
0
0
0
0
0
1.52726990121e-11
4.31396922002e-10
5.76552770256e-07
100
100
100
100
100
100
0
0
0
0
0
0
0
0
0
0
0
0
0
0
0
0
0
0
0
0
0
0
0
0
0
0
0
0
0
0
0
0
0
0
0
0
0
0
0
0
0
0
0
0
0
0
0
0
0
0
0
0
0
0
0
0
0
0
0
0
0
0
0
0
1.01885070936e-12
3.63665081483e-12
100
100
100
100
100
99.9999999999
99.9999999801
99.9939504545
0
5.702835586e-16
5.702835586e-16
0
0
0
0
0
0
0
8.69202192653e-16
1.83498240671e-15
1.8273260181e-12
1.04631251299e-10
2.65537202112e-08
100
100
100
100
100
100
100
0
0
0
0
0
0
0
0
0
0
0
0
0
0
0
0
0
0
0
0
0
0
0
0
0
0
0
0
0
0
0
0
0
0
0
0
0
0
0
0
0
0
0
0
0
0
0
0
0
0
0
0
0
0
0
0
0
0
0
0
0
0
0
0
1.04155416062e-12
3.60539898202e-12
100
100
100
100
100
99.9999999998
99.9999998925
0
0
0
5.702835586e-16
0
0
0
0
7.04053776049e-16
7.04053776049e-16
1.48633574944e-15
1.65148416604e-15
3.69035350683e-15
1.23027850798e-11
3.98119455338e-09
100
100
100
100
100
100
100
100
0
0
0
0
0
0
0
0
0
0
0
0
0
0
0
0
0
0
0
0
0
0
0
0
0
0
0
0
0
0
0
0
0
0
0
0
0
0
0
0
0
0
0
0
0
0
0
0
0
0
0
0
0
0
0
0
0
0
0
0
0
0
0
0
1.03313674485e-12
3.14030048269e-12
100
100
100
100
100
99.9999999821
0
0
0
0
0
5.1325520274e-16
5.702835586e-16
5.702835586e-16
6.33648398444e-16
1.33770217449e-15
1.33770217449e-15
1.48633574944e-15
2.35553794209e-15
3.3544901557e-12
1.05268048454e-09
100
100
100
100
100
100
100
100
100
0
0
0
0
0
0
0
0
0
0
0
0
0
0
0
0
0
0
0
0
0
0
0
0
0
0
0
0
0
0
0
0
0
0
0
0
0
0
0
0
0
0
0
0
0
0
0
0
0
0
0
0
0
0
0
0
0
0
0
0
0
0
0
0
9.75606323338e-13
2.9968730463e-12
100
100
100
100
99.9999999905
0
0
0
0
0
0
5.1325520274e-16
5.1325520274e-16
5.702835586e-16
5.702835586e-16
6.33648398444e-16
1.33770217449e-15
2.11998414788e-15
6.19511458837e-13
4.00384818895e-10
100
100
100
100
100
100
100
100
100
100
0
0
0
0
0
0
0
0
0
0
0
0
0
0
0
0
0
0
0
0
0
0
0
0
0
0
0
0
0
0
0
0
0
0
0
0
0
0
0
0
0
0
0
0
0
0
0
0
0
0
0
0
0
0
0
0
0
0
0
0
0
0
0
0
0
3.62724346829e-12
100
100
100
99.9999999923
0
0
0
0
0
0
0
5.1325520274e-16
5.1325520274e-16
5.1325520274e-16
5.702835586e-16
1.20393195704e-15
1.33770217449e-15
4.14409082723e-13
2.28908234395e-10
100
100
100
100
100
100
100
100
100
100
100
0
0
0
0
0
0
0
0
0
0
0
0
0
0
0
0
0
0
0
0
0
0
0
0
0
0
0
0
0
0
0
0
0
0
0
0
0
0
0
0
0
0
0
0
0
0
0
0
0
0
0
0
0
0
0
0
0
0
0
0
0
0
0
0
0
4.26783659764e-12
100
100
99.9999999882
0
0
0
0
0
0
0
0
5.1325520274e-16
5.1325520274e-16
5.1325520274e-16
1.08353876134e-15
1.20393195704e-15
3.72119268985e-13
1.85281944935e-10
100
100
100
100
100
100
100
100
100
100
100
100
0
0
0
0
0
0
0
0
0
0
0
0
0
0
0
0
0
0
0
0
0
0
0
0
0
0
0
0
0
0
0
0
0
0
0
0
0
0
0
0
0
0
0
0
0
0
0
0
0
0
0
0
0
0
0
0
0
0
0
0
0
0
0
0
0
2.4793137518e-12
99.9999999999
99.9999999663
0
0
0
0
0
0
0
0
0
0
5.1325520274e-16
1.4790354168e-15
4.31472935406e-15
5.23716614426e-13
2.30369012741e-10
100
100
100
100
100
100
100
100
100
100
100
100
100
2.8637842276e-16
0
0
0
0
0
0
0
0
0
0
0
0
0
0
0
0
0
0
0
0
0
0
0
0
0
0
0
0
0
0
0
0
0
0
0
0
0
0
0
0
0
0
0
0
0
0
0
0
0
0
0
0
0
0
0
0
0
0
0
0
0
0
0
0
0
99.9999999216
0
0
0
0
0
0
0
0
0
0
1.65148416604e-15
2.81016729192e-15
2.81016729192e-15
2.31052490902e-12
3.42234427588e-10
100
100
100
100
100
100
100
100
100
100
100
100
100
100
100
100
1.65223710761e-15
0
0
0
0
0
0
0
0
0
0
0
0
0
0
0
0
0
0
0
0
0
0
0
0
0
0
0
0
0
0
0
0
0
0
0
0
0
0
0
0
0
0
0
0
0
0
0
0
0
0
0
0
0
0
0
0
0
0
0
0
0
0
0
0
0
0
0
0
0
0
0
0
0
0
3.32131815615e-15
5.84296619837e-13
9.55052492927e-12
99.9239761706
100
100
100
100
100
100
100
100
100
100
100
100
100
100
100
100
100
100
100
100
0
0
0
0
0
0
0
0
0
0
0
0
0
0
0
0
0
0
0
0
0
0
0
0
0
0
0
0
0
0
0
0
0
0
0
0
0
0
0
0
0
0
0
0
0
0
0
0
0
0
0
0
0
0
0
0
0
0
0
0
0
0
0
0
0
0
0
0
0
0
9.47397696318e-13
1.62667775256e-12
2.51375561513e-12
4.07048321013e-11
99.9973438612
100
100
100
100
100
100
100
100
100
100
100
100
100
100
100
100
100
100
100
100
100
100
8.98142094852e-06
0
0
0
0
0
0
0
0
0
0
0
0
0
0
0
0
0
0
0
0
0
0
0
0
0
0
0
0
0
0
0
0
0
0
0
0
0
0
0
0
0
0
0
0
0
0
0
0
0
0
0
0
0
0
0
0
0
0
0
0
0
0
0
0
0
2.59326036991e-12
3.85649072736e-12
5.40554340078e-12
5.87537307225e-12
5.6458604881e-12
99.9647648727
99.9998609938
100
100
100
100
100
100
100
100
100
100
100
100
100
100
100
100
100
100
100
100
100
100
1.34804978891e-06
1.40865609628e-10
3.58043479601e-11
7.70017062067e-15
0
0
0
0
0
0
0
0
0
0
0
0
0
0
0
0
0
0
0
0
0
0
0
0
0
0
0
0
0
0
0
0
0
0
0
0
0
0
0
0
0
0
0
0
0
0
0
0
0
0
0
0
0
0
0
0
0
0
0
0
0
0
4.06448182013e-12
6.97030493833e-12
6.82529851535e-12
6.8955912534e-12
99.9140495544
99.9991664752
99.9999933707
100
100
100
100
100
100
100
100
100
100
100
100
100
100
100
100
100
100
100
100
100
100
7.05465255017e-08
3.50578996611e-11
9.9443242859e-13
6.5178753944e-13
1.10408068614e-12
3.8279437577e-13
3.20352290922e-15
0
0
0
0
0
0
0
0
0
0
0
0
0
0
0
0
0
0
0
0
0
0
0
0
0
0
0
0
0
0
0
0
0
0
0
0
0
0
0
0
0
0
0
0
0
0
0
0
0
0
0
0
0
0
0
0
0
0
0
0
6.24538473812e-12
8.42629446339e-12
99.8544421657
99.9978849192
99.9999563777
100
100
100
100
100
100
100
100
100
100
100
100
100
100
100
100
100
100
100
100
100
100
100
2.55620063254e-08
1.36511991478e-12
8.05359804572e-13
7.245484031e-13
5.86447720574e-13
5.86268759551e-13
5.26797649083e-13
6.50367468004e-13
1.82782607436e-14
0
0
0
0
0
0
0
0
0
0
0
0
0
0
0
0
0
0
0
0
0
0
0
0
0
0
0
0
0
0
0
0
0
0
0
0
0
0
0
0
0
0
0
0
0
0
0
0
0
0
0
0
0
0
0
0
0
0
0
5.57542087809e-12
99.9944466713
99.9998874032
99.9999965204
100
100
100
100
100
100
100
100
100
100
100
100
100
100
100
100
100
100
100
100
100
100
99.9302879362
8.57595925405e-09
1.22871359799e-12
8.05691049078e-13
5.8684885115e-13
5.27802948517e-13
4.74877695236e-13
4.74716630315e-13
3.83615701065e-13
3.44514938193e-13
5.2622181216e-13
1.6192768566e-13
0
0
0
0
0
0
0
0
0
0
0
0
0
0
0
0
0
0
0
0
0
0
0
0
0
0
0
0
0
0
0
0
0
0
0
0
0
0
0
0
0
0
0
0
0
0
0
0
0
0
0
0
0
0
0
0
0
0
99.9978485267
99.9999646659
99.9999991155
99.9999999967
100
100
100
100
100
100
100
100
100
100
100
100
100
100
100
100
100
100
100
100
100
5.97457691519e-07
2.32752120429e-09
8.95523443068e-13
6.52627820126e-13
5.45558666542e-13
4.75117760891e-13
4.27389925713e-13
3.84375512126e-13
3.45631937564e-13
3.45254130958e-13
3.10063444373e-13
3.44514938193e-13
4.25663830927e-13
3.81205799592e-13
4.88267475876e-15
0
0
0
0
0
0
0
0
0
0
0
0
0
0
0
0
0
0
0
0
0
0
0
0
0
0
0
0
0
0
0
0
0
0
0
0
0
0
0
0
0
0
0
0
0
0
0
0
0
0
0
0
0
0
0
99.9980100523
99.9999791356
99.9999994197
99.9999999944
100
100
100
100
100
100
100
100
100
100
100
100
100
100
100
100
100
100
100
100
100
100
3.72708564098e-10
5.87288001261e-13
5.28482164282e-13
4.75556911002e-13
4.27806766722e-13
3.83364122724e-13
3.45937960914e-13
3.11068743807e-13
3.10907678886e-13
2.79476885053e-13
2.79057099936e-13
3.10063444373e-13
3.09790679515e-13
3.82457629031e-13
4.71707982702e-13
8.53275299486e-15
0
0
0
0
0
0
0
0
0
0
0
0
0
0
0
0
0
0
0
0
0
0
0
0
0
0
0
0
0
0
0
0
0
0
0
0
0
0
0
0
0
0
0
0
0
0
0
0
0
0
0
0
0
99.9950020042
99.9999768173
99.9999995733
99.9999999923
100
100
100
100
100
100
100
100
100
100
100
100
100
100
100
100
100
100
100
100
100
100
100
4.28001219902e-13
4.27924183049e-13
3.85054727892e-13
3.4647221825e-13
3.11630543245e-13
2.80056976652e-13
2.79961869426e-13
2.51690261469e-13
2.51529196548e-13
2.51529196548e-13
2.50930450407e-13
2.50684962035e-13
2.78811611564e-13
3.09790679515e-13
4.24952921146e-13
9.90749460853e-13
1.15000431707e-14
0
0
0
0
0
0
0
0
0
0
0
0
0
0
0
0
0
0
0
0
0
0
0
0
0
0
0
0
0
0
0
0
0
0
0
0
0
0
0
0
0
0
0
0
0
0
0
0
0
0
0
0
99.9999179169
99.9999994197
99.9999999894
100
100
100
100
100
100
100
100
100
100
100
100
100
100
100
100
100
100
100
100
100
100
100
100
3.11824996425e-13
3.11747959573e-13
2.80496126763e-13
2.80378710435e-13
2.52252060907e-13
2.29578413332e-13
2.26616342547e-13
2.26376276893e-13
2.03593690775e-13
2.03432625853e-13
2.03054819248e-13
2.25616465831e-13
2.25370977459e-13
2.50684962035e-13
3.44211866128e-13
1.12323197405e-11
4.3475386201e-12
1.05342629566e-14
0
0
0
0
0
0
0
0
0
0
0
0
0
0
0
0
0
0
0
0
0
0
0
0
0
0
0
0
0
0
0
0
0
0
0
0
0
0
0
0
0
0
0
0
0
0
0
0
0
0
99.985665888
99.9999968684
99.9999999821
99.9999999993
100
100
100
100
100
100
100
100
100
100
100
100
100
100
100
100
100
100
100
100
100
100
100
100
2.36067253992e-13
2.26938076331e-13
2.26938076331e-13
2.26938076331e-13
2.04049815518e-13
2.03833756429e-13
1.83329428922e-13
1.83089363268e-13
1.83089363268e-13
1.82928298347e-13
1.82749337324e-13
1.82550491742e-13
8.70508277324e-08
3.08379405861e-07
1.19468595215e-07
3.69225576383e-09
2.1469944669e-10
1.03276019428e-11
0
0
0
0
0
0
0
0
0
0
0
0
0
0
0
0
0
0
0
0
0
0
0
0
0
0
0
0
0
0
0
0
0
0
0
0
0
0
0
0
0
0
0
0
0
0
0
0
0
0
99.9994531244
99.9999998925
99.9999999973
100
100
100
100
100
100
100
100
100
100
100
100
100
100
100
100
100
100
100
100
100
100
100
100
100
1.9911622603e-13
1.83651162706e-13
1.83651162706e-13
1.83545488011e-13
1.83415025425e-13
1.64875534167e-13
1.64875534167e-13
1.64635468512e-13
1.48026963232e-13
1.47865898311e-13
1.47865898311e-13
2.53612813881e-06
0.363657480598
5.23347633026
0.0853019035688
4.29579966211e-06
7.83897644723e-08
1.43045181524e-09
2.84833889934e-12
0
0
0
0
0
0
0
0
0
0
0
0
0
0
0
0
0
0
0
0
0
0
0
0
0
0
0
0
0
0
0
0
0
0
0
0
0
0
0
0
0
0
0
0
0
0
0
0
0
99.9999563777
99.9999999839
99.9999999997
100
100
100
100
100
100
100
100
100
100
100
100
100
100
100
100
100
100
100
100
100
100
100
100
100
1.65168630108e-13
1.6519726795e-13
1.65091593255e-13
1.48483087975e-13
1.48352625389e-13
1.48267028886e-13
1.33319374134e-13
1.3307930848e-13
1.3307930848e-13
1.32918243559e-13
1.32918243559e-13
32.9357113767
100
100
100
100
0.000452936156824
4.23037847483e-07
2.42248557475e-09
1.67687713136e-12
0
0
0
0
0
0
0
0
0
0
0
0
0
0
0
0
0
0
0
0
0
0
0
0
0
0
0
0
0
0
0
0
0
0
0
0
0
0
0
0
0
0
0
0
0
0
0
0
99.9999957042
99.999999997
100
100
100
100
100
100
100
100
100
100
100
100
100
100
100
100
100
100
100
100
100
100
100
100
100
100
1.33612470075e-13
1.33535433223e-13
1.33535433223e-13
1.33535433223e-13
1.33404970637e-13
1.19866484857e-13
1.19771377632e-13
1.19626419203e-13
1.19626419203e-13
1.19465354282e-13
1.19626419203e-13
99.9999999537
99.9999999994
100
100
100
100
0.00604270265812
4.88108535641e-07
1.15866358203e-09
8.05165275265e-13
0
0
0
0
0
0
0
0
0
0
0
0
0
0
0
0
0
0
0
0
0
0
0
0
0
0
0
0
0
0
0
0
0
0
0
0
0
0
0
0
0
0
0
0
0
0
0
99.9999996573
99.9999999995
100
100
100
100
100
100
100
100
100
100
100
100
100
100
100
100
100
100
100
100
100
100
100
100
100
100
1.20159580798e-13
1.20082543946e-13
1.20082543946e-13
1.20082543946e-13
1.10730763436e-13
1.07758884508e-13
1.07663777283e-13
1.07518818854e-13
9.66219785392e-14
9.66219785392e-14
9.66219785392e-14
9.66219785392e-14
99.9999999727
99.9999999991
99.9999999999
100
100
99.9999999999
0.00215733428155
1.07412172868e-07
1.14093804604e-10
2.36348548894e-13
0
0
0
0
0
0
0
0
0
0
0
0
0
0
0
0
0
0
0
0
0
0
0
0
0
0
0
0
0
0
0
0
0
0
0
0
0
0
0
0
0
0
0
0
0
0
99.9999999537
100
100
100
100
100
100
100
100
100
100
100
100
100
100
100
100
100
100
100
100
100
100
100
100
100
100
100
1.08051980449e-13
1.07974943597e-13
1.07974943597e-13
1.05426176572e-13
9.68620441935e-14
9.68620441935e-14
9.67669369682e-14
9.04195315438e-14
8.68148222563e-14
8.68148222563e-14
8.68148222563e-14
8.69597806853e-14
8.69597806853e-14
99.9999999216
99.9999999965
99.9999999992
99.9999999995
99.9999999995
99.9999999995
3.56655046016e-05
9.40180214887e-09
4.41933923327e-11
0
0
0
0
0
0
0
0
0
0
0
0
0
0
0
0
0
0
0
0
0
0
0
0
0
0
0
0
0
0
0
0
0
0
0
0
0
0
0
0
0
0
0
0
0
99.961164312
99.9999999894
100
100
100
100
100
100
100
100
100
100
100
100
100
100
100
100
100
100
100
100
100
100
100
100
100
100
100
9.71551401348e-14
9.70781032823e-14
9.70781032823e-14
9.00547205856e-14
8.70548879105e-14
8.69597806853e-14
8.69597806853e-14
7.79883816016e-14
7.79883816016e-14
7.79883816016e-14
7.81333400306e-14
7.81333400306e-14
7.81333400306e-14
7.81333400306e-14
99.999999577
99.9999999801
99.999999997
99.9999999987
99.9999999989
99.999999999
7.1152446142e-07
8.31782300179e-11
3.49534968351e-12
0
0
0
0
0
0
0
0
0
0
0
0
0
0
0
0
0
0
0
0
0
0
0
0
0
0
0
0
0
0
0
0
0
0
0
0
0
0
0
0
0
0
0
0
99.9963564611
99.9999999978
100
100
100
100
100
100
100
100
100
100
100
100
100
100
100
100
100
100
100
100
100
100
100
100
100
100
100
8.73479838519e-14
8.72709469994e-14
8.72709469994e-14
8.18382730765e-14
7.82284472559e-14
7.81333400306e-14
7.81333400306e-14
7.00445850125e-14
7.00445850125e-14
7.01895434415e-14
7.01895434415e-14
6.30401265112e-14
6.30401265112e-14
6.30401265112e-14
7.01895434415e-14
99.9999455469
99.9999998925
99.9999999855
99.9999999959
99.9999999971
0.000379280738405
8.29713880967e-11
9.24202555754e-11
1.308183019e-12
0
0
0
0
0
0
0
0
0
0
0
0
0
0
0
0
0
0
0
0
0
0
0
0
0
0
0
0
0
0
0
0
0
0
0
0
0
0
0
0
0
0
0
99.9998748924
99.9999999996
100
100
100
100
100
100
100
100
100
100
100
100
100
100
100
100
100
100
100
100
100
100
100
100
100
100
100
7.85215431972e-14
7.84445063448e-14
7.84445063448e-14
7.74319998068e-14
7.02846506667e-14
7.01895434415e-14
7.01895434415e-14
6.60070160465e-14
6.30401265112e-14
6.30401265112e-14
6.03318632831e-14
5.6605651274e-14
5.6605651274e-14
5.6605651274e-14
5.6605651274e-14
6.30401265112e-14
2.31218636659e-12
99.9999992836
99.9999999295
99.9999999821
59.0489999895
7.48606279556e-11
1.14099993541e-10
1.4086385281e-10
1.72298092144e-13
0
0
0
0
0
0
0
0
0
0
0
0
0
0
0
0
0
0
0
0
0
0
0
0
0
0
0
0
0
0
0
0
0
0
0
0
0
0
0
0
0
0
99.9999910186
100
100
100
100
100
100
100
100
100
100
100
100
100
100
100
100
100
100
100
100
100
100
100
100
100
100
100
100
7.05777466081e-14
7.05007097556e-14
7.05007097556e-14
7.05007097556e-14
6.91088911397e-14
6.30401265112e-14
6.30401265112e-14
6.30401265112e-14
5.6605651274e-14
5.6605651274e-14
5.6605651274e-14
5.08146235605e-14
5.08146235605e-14
5.08146235605e-14
5.01584265176e-14
5.08146235605e-14
4.51998482739e-13
1.38708893342e-11
3.58051077712e-11
8.56288846714e-06
6.91662218557e-06
7.5024032112e-11
1.02689994187e-10
1.93230770674e-10
3.63598298662e-10
0
0
0
0
0
0
0
0
0
0
0
0
0
0
0
0
0
0
0
0
0
0
0
0
0
0
0
0
0
0
0
0
0
0
0
0
0
0
0
0
0
0
99.9999994777
100
100
100
100
100
100
100
100
100
100
100
100
100
100
100
100
100
100
100
100
100
100
100
100
100
100
100
100
6.69611945051e-14
6.58898675182e-14
6.36977584586e-14
6.33512928253e-14
6.30401265112e-14
6.30401265112e-14
5.6605651274e-14
5.6605651274e-14
5.6605651274e-14
5.08146235605e-14
5.08146235605e-14
4.56026986183e-14
4.56026986183e-14
4.09119661704e-14
4.09119661704e-14
4.09119661704e-14
4.95775081122e-14
2.31227196309e-12
1.90278536182e-11
3.58053383261e-11
6.06373553055e-11
8.31792353173e-11
1.14100837775e-10
1.73907693607e-10
3.63599550491e-10
9.35175465072e-10
0
0
0
0
0
0
0
0
0
0
0
0
0
0
0
0
0
0
0
0
0
0
0
0
0
0
0
0
0
0
0
0
0
0
0
0
0
0
0
0
0
99.9999999696
100
100
100
100
100
100
100
100
100
100
100
100
100
100
100
100
100
100
100
100
100
100
100
100
100
100
100
100
6.32833712488e-14
6.33512928253e-14
6.33512928253e-14
6.16527596253e-14
5.74196407008e-14
5.6605651274e-14
5.6605651274e-14
5.08760188455e-14
5.0348195653e-14
4.76608799558e-14
4.56026986183e-14
4.09119661704e-14
4.09119661704e-14
3.66903069672e-14
3.28908136844e-14
3.29764101872e-14
3.677590347e-14
4.27475522215e-13
3.91669828076e-12
1.12352580783e-11
3.22246825906e-11
6.06375002639e-11
1.02690839594e-10
1.63564424581e-10
2.94515635898e-10
2.1802378314e-09
1.49574920771e-08
0
0
0
0
0
0
0
0
0
0
0
0
0
0
0
0
0
0
0
0
0
0
0
0
0
0
0
0
0
0
0
0
0
0
0
0
0
0
0
0
99.9999999976
100
100
100
100
100
100
100
100
100
100
100
100
100
100
100
100
100
100
100
100
100
100
100
100
100
100
100
100
6.00384776814e-14
5.9550476402e-14
5.78352128721e-14
5.6695878053e-14
5.63847117388e-14
5.54038766167e-14
5.0348195653e-14
5.0348195653e-14
4.55982084653e-14
4.53817590832e-14
4.09119661704e-14
3.94559235277e-14
3.66903069672e-14
3.29764101872e-14
2.95568662326e-14
2.64792766735e-14
2.72550353524e-14
3.677590347e-14
9.94662983522e-13
2.56932651781e-12
5.37315313815e-12
1.90278536182e-11
4.42044073354e-11
8.31793209138e-11
1.73907958164e-10
1.96221442242e-09
2.94513230995e-10
0
0
0
0
0
0
0
0
0
0
0
0
0
0
0
0
0
0
0
0
0
0
0
0
0
0
0
0
0
0
0
0
0
0
0
0
0
0
0
0
100
100
100
100
100
100
100
100
100
100
100
100
100
100
100
100
100
100
100
100
100
100
100
100
100
100
100
100
100
5.79084589462e-14
5.6550919624e-14
5.63054312516e-14
5.58612408613e-14
5.36365317882e-14
5.0348195653e-14
5.0203237224e-14
4.61443537034e-14
4.48302473607e-14
4.01395149127e-14
4.05299617141e-14
3.677590347e-14
3.29764101872e-14
2.95568662326e-14
2.37094460703e-14
2.12165985275e-14
2.12165985275e-14
2.64792766735e-14
1.91629568221e-13
8.05445401075e-13
1.51666241079e-12
2.56932651781e-12
4.8357159214e-12
1.90278536182e-11
4.4204262377e-11
7.48602471242e-11
6.73721974031e-11
80.4457900253
0
0
0
0
0
0
0
0
0
0
0
0
0
0
0
0
0
0
0
0
0
0
0
0
0
0
0
0
0
0
0
0
0
0
0
0
0
0
0
100
100
100
100
100
100
100
100
100
100
100
100
100
100
100
100
100
100
100
100
100
100
100
100
100
100
100
100
100
1.02291105518e-09
5.55167227391e-14
5.47041910165e-14
5.33213343859e-14
5.09046997072e-14
5.04192963128e-14
4.73872842247e-14
4.49158438634e-14
4.23347123831e-14
4.02251114155e-14
3.61484106414e-14
3.25620377086e-14
2.93359266975e-14
2.62583371384e-14
2.09956589923e-14
1.6373784197e-14
1.51365433704e-14
1.89730357389e-14
3.08057346919e-14
2.22652177135e-13
4.53987638733e-13
7.54813415387e-13
1.10541164773e-12
1.68541101136e-12
2.56932651781e-12
1.20285410803e-11
2.11407720008e-11
2.34875497289e-11
99.9999999988
0
0
0
0
0
0
0
0
0
0
0
0
0
0
0
0
0
0
0
0
0
0
0
0
0
0
0
0
0
0
0
0
0
0
0
0
0
99.9998093163
100
100
100
100
100
100
100
100
100
100
100
100
100
100
100
100
100
100
100
100
100
100
100
100
100
100
100
100
100
46.4375571352
5.46239304738e-14
5.37750292969e-14
5.2346209909e-14
5.05144035381e-14
4.85711539913e-14
4.50463064495e-14
4.44193046962e-14
4.02251114155e-14
3.82818454185e-14
3.60034522123e-14
3.21500717769e-14
2.87305278223e-14
2.58140031844e-14
1.85710881816e-14
7.25205303308e-15
8.43877278228e-15
1.29283928133e-14
2.12165985275e-14
4.39919928483e-14
1.07974943597e-13
1.83545488011e-13
2.80273035741e-13
3.84831636869e-13
5.28128610674e-13
7.24874065257e-13
1.68517094571e-12
1.68389288142e-12
99.999999999
5.25093466733
0
0
0
0
0
0
0
0
0
0
0
0
0
0
0
0
0
0
0
0
0
0
0
0
0
0
0
0
0
0
0
0
0
0
0
0
99.9999999663
100
100
100
100
100
100
100
100
100
100
100
100
100
100
100
100
100
100
100
100
100
100
100
100
100
100
100
100
100
1.10717439896e-11
5.57952454569e-14
5.36822057691e-14
5.2387099596e-14
4.92046332193e-14
4.68374286834e-14
4.49433331905e-14
4.23401805055e-14
4.02251114155e-14
3.60034522123e-14
3.43052429933e-14
3.21500717769e-14
2.87305278223e-14
2.56529382633e-14
2.18113155854e-14
4.58914953947e-15
1.81169128835e-15
1.94215387445e-15
2.27890061297e-15
2.45104469071e-15
9.93871503587e-15
1.7929906312e-14
2.716920519e-14
5.12028267271e-14
7.05777466081e-14
9.71551401348e-14
1.07921517863e-13
8.66555000397e-14
2.0106661165e-13
100
0
0
0
0
0
0
0
0
0
0
0
0
0
0
0
0
0
0
0
0
0
0
0
0
0
0
0
0
0
0
0
0
0
0
0
0
100
100
100
100
100
100
100
100
100
100
100
100
100
100
100
100
100
100
100
100
100
100
100
100
100
100
100
100
100
100
4.47427447465e-13
9.45073912508e-07
5.50216593707e-14
5.16891739897e-14
4.85780209592e-14
4.63768256612e-14
4.43371657827e-14
4.09152023459e-14
3.98193986861e-14
3.59350692168e-14
3.25649273644e-14
3.19273028112e-14
2.83730417869e-14
2.5072491068e-14
2.15860589893e-14
1.46738960944e-14
1.94215387445e-15
2.01919072692e-15
2.11429795219e-15
2.45104469071e-15
2.45104469071e-15
2.82520773351e-15
3.70287413019e-15
4.32180402768e-15
5.64315231222e-15
1.00375595951e-14
1.25546822381e-14
1.73621105878e-14
1.32903852229e-13
3.25816993139e-12
0
0
0
0
0
0
0
0
0
0
0
0
0
0
0
0
0
0
0
0
0
0
0
0
0
0
0
0
0
0
0
0
0
0
0
1.80703728015e-16
100
100
100
100
100
100
100
100
100
100
100
100
100
100
100
100
100
100
100
100
100
100
100
100
100
100
100
100
100
100
7.24644992894e-13
5.93025183549e-12
99.9998471701
99.9999998745
4.83901795805e-14
4.63091047822e-14
4.36337745228e-14
4.02476536742e-14
3.87824800588e-14
3.60121060693e-14
3.20748526127e-14
2.98346810154e-14
2.7702680452e-14
2.39687894592e-14
1.94817716962e-14
1.48788745836e-14
1.71611866226e-15
2.01919072692e-15
2.11429795219e-15
2.11429795219e-15
2.45104469071e-15
2.45104469071e-15
3.24094444773e-15
3.92596515243e-15
5.00950391377e-15
7.12948806165e-15
1.00375595951e-14
1.56622410565e-14
1.20382671821e-13
2.26200820642e-13
1.80703728015e-16
0
0
0
0
0
0
0
0
0
0
0
0
0
0
0
0
0
0
0
0
0
0
0
0
0
0
0
0
0
0
0
0
0
0
99.9999999978
100
100
100
100
100
100
100
100
100
100
100
100
100
100
100
100
100
100
100
100
100
100
100
100
100
100
100
100
100
100
1.11000824247e-09
9.84741827114e-13
1.26104164821e-11
1.42162113272e-10
5.81373263204
99.9999999978
99.9999999049
99.9976326076
3.81116243881e-14
3.58816434832e-14
3.18568286353e-14
2.88638166399e-14
2.74533696007e-14
2.38238310302e-14
1.93368132672e-14
1.48788745836e-14
1.55505374114e-15
1.71611866226e-15
2.01919072692e-15
2.01919072692e-15
2.01919072692e-15
2.35593746544e-15
3.24094444773e-15
3.88962362491e-15
4.5085535224e-15
5.71248547944e-15
9.03380363559e-15
1.12992140142e-14
1.75488600825e-14
2.17422962136e-14
1.87208172381e-12
0
0
0
0
0
0
0
0
0
0
0
0
0
0
0
0
0
0
0
0
0
0
0
0
0
0
0
0
0
0
0
0
0
0
100
100
100
100
100
100
100
100
100
100
100
100
100
100
100
100
100
100
100
100
100
100
100
100
100
100
100
100
100
100
100
)
;

boundaryField
{
    frontAndBack
    {
        type            empty;
    }
    leftWall
    {
        type            calculated;
        value           uniform 0;
    }
    outlet
    {
        type            calculated;
        value           uniform 0;
    }
    rightWall
    {
        type            calculated;
        value           uniform 0;
    }
    inlet
    {
        type            calculated;
        value           uniform 2.55878386958e-10;
    }
}


// ************************************************************************* //
