/*--------------------------------*- C++ -*----------------------------------*\
| =========                 |                                                 |
| \\      /  F ield         | OpenFOAM: The Open Source CFD Toolbox           |
|  \\    /   O peration     | Version:  v1906                                 |
|   \\  /    A nd           | Web:      www.OpenFOAM.com                      |
|    \\/     M anipulation  |                                                 |
\*---------------------------------------------------------------------------*/
FoamFile
{
    version     2.0;
    format      ascii;
    class       volScalarField;
    location    "319";
    object      alpha;
}
// * * * * * * * * * * * * * * * * * * * * * * * * * * * * * * * * * * * * * //

dimensions      [0 0 -1 0 0 0 0];


internalField   nonuniform List<scalar> 
9216
(
193.87258235
200
200
200
200
200
200
200
200
200
200
200
200
200
200
200
200
200
200
200
200
200
200
200
200
200
200
200
200
200
200
200
200
200
200
200
200
200
200
200
200
200
200
200
200
200
200
200
200
200
200
200
200
200
200
200
200
200
200
200
200
200
200
200
200
200
200
200
200
200
200
200
200
200
200
200
200
200
200
200
200
199.999999999
199.999999975
199.992574492
183.991547174
167.443949691
150.557846215
128.27349745
102.590684974
80.4304414636
60.6207075225
45.0110209146
32.5136381405
21.1003025641
12.3242974168
1.44036335538
200
200
200
200
200
200
200
200
200
200
200
200
200
200
200
200
200
200
200
200
200
200
200
200
200
200
200
200
200
200
200
200
200
200
200
200
200
200
200
200
200
200
200
200
200
200
200
200
200
200
200
200
200
200
200
200
200
200
200
200
200
200
200
200
200
200
200
200
200
200
200
200
200
200
200
200
200
200
200
200
200
200
199.999999999
199.999999833
199.125672852
180.732899087
164.140697366
140.793607329
118.911621844
93.2430893724
70.9231048167
56.5039953136
44.8169021725
29.0160204824
19.1563422293
14.7549236199
200
200
200
200
200
200
200
200
200
200
200
200
200
200
200
200
200
200
200
200
200
200
200
200
200
200
200
200
200
200
200
200
200
200
200
200
200
200
200
200
200
200
200
200
200
200
200
200
200
200
200
200
200
200
200
200
200
200
200
200
200
200
200
200
200
200
200
200
200
200
200
200
200
200
200
200
200
200
200
200
200
200
199.999999998
199.999998553
196.944216893
177.635284548
154.60699363
141.377471413
124.715625761
95.6191935759
68.2236901311
60.6495536985
44.1877048202
33.9756456968
29.8509548003
20.1229033339
200
200
200
200
200
200
200
200
200
200
200
200
200
200
200
200
200
200
200
200
200
200
200
200
200
200
200
200
200
200
200
200
200
200
200
200
200
200
200
200
200
200
200
200
200
200
200
200
200
200
200
200
200
200
200
200
200
200
200
200
200
200
200
200
200
200
200
200
200
200
200
200
200
200
200
200
200
200
200
200
200
199.999999998
199.999999885
199.999483749
191.370745801
170.873352996
152.700964608
139.953657455
117.469949023
100.775592466
81.5192946419
58.138241567
52.8547259231
43.8426525022
37.6586067752
25.5627092826
200
200
200
200
200
200
200
200
200
200
200
200
200
200
200
200
200
200
200
200
200
200
200
200
200
200
200
200
200
200
200
200
200
200
200
200
200
200
200
200
200
200
200
200
200
200
200
200
200
200
200
200
200
200
200
200
200
200
200
200
200
200
200
200
200
200
200
200
200
200
200
200
200
200
200
200
200
200
200
200
200
199.999999997
199.999999834
199.964775715
182.931934961
162.130736544
144.255013556
133.050394938
125.335387099
102.798327913
88.5751609852
68.0023860773
53.8327751837
53.0287023484
49.3367812183
37.1496963995
200
200
200
200
200
200
200
200
200
200
200
200
200
200
200
200
200
200
200
200
200
200
200
200
200
200
200
200
200
200
200
200
200
200
200
200
200
200
200
200
200
200
200
200
200
200
200
200
200
200
200
200
200
200
200
200
200
200
200
200
200
200
200
200
200
200
200
200
200
200
200
200
200
200
200
200
200
200
200
200
200
199.999999995
199.999988448
198.760207039
180.025434551
160.817804851
150.251473681
133.105156094
114.313707577
96.4757483552
95.0207872569
82.850924576
64.2905139057
61.0191896183
60.2079118362
47.4951626226
200
200
200
200
200
200
200
200
200
200
200
200
200
200
200
200
200
200
200
200
200
200
200
200
200
200
200
200
200
200
200
200
200
200
200
200
200
200
200
200
200
200
200
200
200
200
200
200
200
200
200
200
200
200
200
200
200
200
200
200
200
200
200
200
200
200
200
200
200
200
200
200
200
200
200
200
200
200
200
200
199.999999999
199.999999985
199.999585501
192.03988693
175.9896275
159.628022062
145.891354776
132.851724849
114.056685765
106.01013084
92.3424123241
91.6333589282
82.0616010095
70.7667764752
70.6373499226
57.4374596592
200
200
200
200
200
200
200
200
200
200
200
200
200
200
200
200
200
200
200
200
200
200
200
200
200
200
200
200
200
200
200
200
200
200
200
200
200
200
200
200
200
200
200
200
200
200
200
200
200
200
200
200
200
200
200
200
200
200
200
200
200
200
200
200
200
200
200
200
200
200
200
200
200
200
200
200
200
200
200
200
199.999999999
199.999999935
199.998436783
190.882533943
172.767475653
158.876847698
141.631127339
128.386977565
117.147765886
111.179577068
102.773709809
93.0950606808
93.7884508719
79.7622247729
80.5036977633
67.3721461794
200
200
200
200
200
200
200
200
200
200
200
200
200
200
200
200
200
200
200
200
200
200
200
200
200
200
200
200
200
200
200
200
200
200
200
200
200
200
200
200
200
200
200
200
200
200
200
200
200
200
200
200
200
200
200
200
200
200
200
200
200
200
200
200
200
200
200
200
200
200
200
200
200
200
200
200
200
200
200
200
199.999999999
199.999999394
199.980142058
187.221330647
173.192293276
159.931403956
145.5201894
129.830466231
119.070742549
106.963201707
109.633325193
103.766170776
97.3514453786
92.5656857387
88.6485431651
76.2590363937
200
200
200
200
200
200
200
200
200
200
200
200
200
200
200
200
200
200
200
200
200
200
200
200
200
200
200
200
200
200
200
200
200
200
200
200
200
200
200
200
200
200
200
200
200
200
200
200
200
200
200
200
200
200
200
200
200
200
200
200
200
200
200
200
200
200
200
200
200
200
200
200
200
200
200
200
200
200
200
200
199.999999996
199.999998213
199.091676161
184.537252334
172.727241662
159.733805136
145.026579902
132.61631742
122.646970265
115.32197542
108.889429272
110.353832692
105.702261861
103.455313514
96.485085231
85.7473286458
200
200
200
200
200
200
200
200
200
200
200
200
200
200
200
200
200
200
200
200
200
200
200
200
200
200
200
200
200
200
200
200
200
200
200
200
200
200
200
200
200
200
200
200
200
200
200
200
200
200
200
200
200
200
200
200
200
200
200
200
200
200
200
200
200
200
200
200
200
200
200
200
200
200
200
200
200
200
200
200
199.999999994
199.999996526
197.708194303
184.617826908
172.241156395
156.457952063
144.341079049
135.114706033
129.825501629
123.049266937
117.92995708
110.588921802
112.762745568
115.288245839
104.564689256
93.0967322676
200
200
200
200
200
200
200
200
200
200
200
200
200
200
200
200
200
200
200
200
200
200
200
200
200
200
200
200
200
200
200
200
200
200
200
200
200
200
200
200
200
200
200
200
200
200
200
200
200
200
200
200
200
200
200
200
200
200
200
200
200
200
200
200
200
200
200
200
200
200
200
200
200
200
200
200
200
200
200
199.999999999
199.999999993
199.999996127
196.460677412
184.562851018
171.03867802
157.477631079
148.130764369
140.375061945
132.880861681
127.97664376
123.257693955
119.689109166
114.819972161
120.670439937
111.965580046
98.853157469
200
200
200
200
200
200
200
200
200
200
200
200
200
200
200
200
200
200
200
200
200
200
200
200
200
200
200
200
200
200
200
200
200
200
200
200
200
200
200
200
200
200
200
200
200
200
200
200
200
200
200
200
200
200
200
200
200
200
200
200
200
200
200
200
200
200
200
200
200
200
200
200
200
200
200
200
200
200
200
200
199.999999995
199.999916775
194.845856185
184.984315724
171.212562397
161.797588828
152.769826331
144.212012938
136.712232202
131.829287587
127.044715259
123.539135946
121.436878461
124.052931788
118.268933055
104.076778539
200
200
200
200
200
200
200
200
200
200
200
200
200
200
200
200
200
200
200
200
200
200
200
200
200
200
200
200
200
200
200
200
200
200
200
200
200
200
200
200
200
200
200
200
200
200
200
200
200
200
200
200
200
200
200
200
200
200
200
200
200
200
200
200
200
200
200
200
200
200
200
200
200
200
200
200
200
200
200
199.999999999
199.999999985
199.999978016
196.670707673
185.756691756
176.308874201
164.04303473
155.969192885
147.100044321
140.199292106
137.261972219
131.267224559
128.187069179
125.411298918
123.486220524
126.185051923
108.603491944
200
200
200
200
200
200
200
200
200
200
200
200
200
200
200
200
200
200
200
200
200
200
200
200
200
200
200
200
200
200
200
200
200
200
200
200
200
200
200
200
200
200
200
200
200
200
200
200
200
200
200
200
200
200
200
200
200
200
200
200
200
200
200
197.303037175
192.806842194
194.273811703
198.469351851
200
200
200
200
200
200
200
200
200
200
200
200
199.999999999
199.999999976
199.999754075
199.14244726
189.46518217
176.96161524
168.098913612
156.1036676
149.815032544
145.729667857
141.731714593
135.664063873
132.113909699
128.573739262
126.692979641
131.413558465
112.52844118
200
200
200
200
200
200
200
200
200
200
200
200
200
200
200
200
200
200
200
200
200
200
200
200
200
200
200
200
200
200
200
200
200
200
200
200
200
200
200
200
200
200
200
200
200
200
200
200
200
200
200
200
200
200
200
200
200
138.5917128
18.1719585438
4.35848302645
1.490005781
0.654295863137
0.375976458031
0.315618495999
0.369987516555
0.544576799333
0.940265343256
1.85515902172
4.09384538501
10.2878482262
29.1689388384
93.8126815929
187.185511396
200
200
200
200
200
199.999999999
199.999999998
199.999999909
199.999466488
199.780045988
190.090155008
178.906847276
168.288043202
159.161828403
156.303543824
151.138618839
144.042328263
138.10260142
134.861506855
132.44289733
129.228487158
132.367034359
115.497820804
200
200
200
200
200
200
200
200
200
200
200
200
200
200
200
200
200
200
200
200
200
200
200
200
200
200
200
200
200
200
200
200
200
200
200
200
200
200
200
200
200
200
200
200
200
200
200
200
200
200
200
200
200
200
200
1.24766210328
0.0633109851835
0.0115251938351
0.00322918544117
0.00124572751111
0.000616896289001
0.000387282627479
0.00033966194529
0.000400641186504
0.000585161479139
0.000990104699165
0.00188652781887
0.004063301934
0.00985019085224
0.0263463588461
0.0798492087828
0.274544479831
1.05674504102
4.52599128472
21.9976780753
122.383724411
196.919099317
199.999999999
199.999999999
199.999999994
199.999999576
199.999986488
197.640785804
188.32068274
178.041083106
167.120267618
162.370271443
158.990116971
148.416390209
143.45855228
140.741164065
136.567645172
134.604097487
131.395437187
132.670967675
117.384533291
200
200
200
200
200
200
200
200
200
200
200
200
200
200
200
200
200
200
200
200
200
200
200
200
200
200
200
200
200
200
200
200
200
200
200
200
200
200
200
200
200
200
200
200
200
200
200
200
200
200
200
200
200
0.181424877775
0.00124512661204
0.000126354504004
2.62517337604e-05
7.62734420654e-06
2.92701717162e-06
1.36656729198e-06
8.33623657193e-07
6.85676652203e-07
7.6674264461e-07
1.09217373162e-06
1.96027883031e-06
3.79804158032e-06
8.16211354567e-06
1.91435493392e-05
5.0259076724e-05
0.00014724132604
0.000476294512364
0.00167182365399
0.0065239905303
0.0277231740343
0.134612132575
0.722929930413
4.28713734137
28.9241123749
166.210232941
199.758083249
199.968613525
199.925986932
193.102834377
185.365462218
175.908199871
166.398824826
164.179902095
156.506525981
150.180163802
146.355069963
142.925562103
139.888255046
134.849725288
133.500784728
131.791959402
118.726540554
200
200
200
200
200
200
200
200
200
200
200
200
200
200
200
200
200
200
200
200
200
200
200
200
200
200
200
200
200
200
200
200
200
200
200
200
200
200
200
200
200
200
200
200
200
200
200
200
200
200
200
200
0.000235012181267
5.48778193059e-06
1.30746667462e-07
0
0
0
0
0
0
0
0
0
2.78563807107e-09
9.16790057129e-09
4.64901730919e-08
1.38608452653e-07
4.69402515773e-07
1.58870096694e-06
5.56707010953e-06
2.02886434205e-05
7.98039769429e-05
0.000338629689753
0.00153652850242
0.00767893490459
0.042410177681
0.268368371357
1.86281212077
14.5657245626
131.103554051
193.168353134
188.132907836
181.755086581
173.949586108
166.971874783
167.180146385
158.946580692
153.986227841
149.81680202
145.71526656
141.19037187
136.803024451
134.667082063
131.340377339
120.171947157
200
200
200
200
200
200
200
200
200
200
200
200
200
200
200
200
200
200
200
200
200
200
200
200
200
200
200
200
200
200
200
200
200
200
200
200
200
200
200
200
200
200
200
200
200
200
200
200
200
200
200
2.75744417977e-06
0
0
0
0
0
0
0
0
0
0
0
0
0
0
0
2.1041139092e-09
5.78047265229e-09
2.56771591433e-08
1.08213576171e-07
4.40088571873e-07
1.81641371485e-06
7.53361072328e-06
3.20290186536e-05
0.000152039138902
0.000753583177744
0.0041326486186
0.0253763679959
0.180972234219
1.30938891468
10.7349516083
104.121152959
177.109101931
172.657279292
171.997596405
167.445923367
159.43012483
156.558508242
152.452400987
147.908511237
143.667045119
140.26402156
135.251023004
132.91286539
121.534290452
200
200
200
200
200
200
200
200
200
200
200
200
200
200
200
200
200
200
200
200
200
200
200
200
200
200
200
200
200
200
200
200
200
200
200
200
200
200
200
200
200
200
200
200
200
200
200
200
200
200
2.95795672713e-11
0
0
0
0
0
0
0
0
0
0
0
0
0
0
0
0
0
0
2.02797640157e-10
3.26979063347e-09
9.25661870569e-09
4.14505067764e-08
2.28320300198e-07
9.13325085051e-07
4.63997274275e-06
2.10646681362e-05
0.000110319822538
0.00056269597576
0.00333072840234
0.0206410015233
0.15150891171
1.21874010935
11.6997965198
126.730766401
170.886644139
165.531333212
160.329497909
157.742665972
153.539392235
149.278326022
144.883749673
142.62997918
136.743784764
134.368238833
122.318185727
200
200
200
200
200
200
200
200
200
200
200
200
200
200
200
200
200
200
200
200
200
200
200
200
200
200
200
200
200
200
200
200
200
200
200
200
200
200
200
200
200
200
200
200
200
200
200
200
200
0
0
0
0
0
0
0
0
0
0
0
0
0
0
0
0
0
0
0
0
0
0
0
2.03209098007e-09
5.98238044709e-09
3.20196250565e-08
1.59511421865e-07
6.59371117394e-07
3.51829348972e-06
1.68301801184e-05
9.00960465925e-05
0.000480878575877
0.00320344911234
0.0224936951841
0.186635571321
1.83348174489
25.1408928444
151.820540873
162.5848389
154.422769979
151.54150644
149.058516878
144.734927763
142.581554257
138.197615018
134.105841668
121.648765241
200
200
200
200
200
200
200
200
200
200
200
200
200
200
200
200
200
200
200
200
200
200
200
200
200
200
200
200
200
200
200
200
200
200
200
200
200
200
200
200
200
200
200
200
200
200
200
200
0
0
0
0
0
0
0
0
0
0
0
0
0
0
0
0
0
0
0
0
0
0
0
0
0
0
1.56732135766e-09
5.93551474973e-09
2.83836315884e-08
1.44868122256e-07
6.69830502729e-07
3.70594661609e-06
1.83723101715e-05
0.000105512960916
0.000677440071117
0.00458478642033
0.0378659674531
0.419876552219
5.09713529303
89.1221867221
150.172717036
148.811815734
147.048799047
143.826068043
141.688078018
138.275211119
132.613475584
119.461999252
200
200
200
200
200
200
200
200
200
200
200
200
200
200
200
200
200
200
200
200
200
200
200
200
200
200
200
200
200
200
200
200
200
200
200
200
200
200
200
200
200
200
200
200
200
200
200
0
0
0
0
0
0
0
0
0
0
0
0
0
0
0
0
0
0
0
0
0
0
0
0
0
0
0
0
0
1.4939850455e-09
6.65506948803e-09
3.51231202604e-08
1.87293567468e-07
9.12921242104e-07
5.48489329898e-06
2.98328664896e-05
0.000188325209364
0.0012723234026
0.0100124493715
0.111164003127
1.37485637031
27.5204103646
142.710422787
145.167018731
142.686633395
140.589505323
137.638156909
131.240118258
116.549445875
200
200
200
200
200
200
200
200
200
200
200
200
200
200
200
200
200
200
200
200
200
200
200
200
200
200
200
200
200
200
200
200
200
200
200
200
200
200
200
200
200
200
200
200
200
200
0
0
0
0
0
0
0
0
0
0
0
0
0
0
0
0
0
0
0
0
0
0
0
0
0
0
0
0
0
0
0
0
1.95420475298e-09
9.1832344443e-09
5.09780053475e-08
2.89170885878e-07
1.69176352402e-06
9.59303356621e-06
6.45964827586e-05
0.000431551876919
0.00369783998256
0.0361055358112
0.538568737429
11.3249358336
131.730092671
140.493261382
139.093414066
135.459716708
130.115276907
113.244510738
200
200
200
200
200
200
200
200
200
200
200
200
200
200
200
200
200
200
200
200
200
200
200
200
200
200
200
200
200
200
200
200
200
200
200
200
200
200
200
200
200
200
200
200
200
0
0
0
0
0
0
0
0
0
0
0
0
0
0
0
0
0
0
0
0
0
0
0
0
0
0
0
0
0
0
0
0
0
0
0
3.14540767372e-09
1.62013205356e-08
1.26320566798e-07
6.56906240572e-07
4.15779155496e-06
2.83892924328e-05
0.000177500970698
0.00148692674096
0.0168568244598
0.262399482282
5.84922854958
118.468606027
135.933491836
132.944779503
128.221011835
109.834094483
200
200
200
200
200
200
200
200
200
200
200
200
200
200
200
200
200
200
200
200
200
200
200
200
200
200
200
200
200
200
200
200
200
200
200
200
200
200
200
200
200
200
200
200
199.999999996
0
0
0
0
0
0
0
0
0
0
0
0
0
0
0
0
0
0
0
0
0
0
0
0
0
0
0
0
0
0
0
0
0
0
0
0
9.54950810699e-10
7.03565612671e-09
5.15846407968e-08
3.13628107233e-07
2.11422130594e-06
1.39945729918e-05
9.71759823571e-05
0.00081324805618
0.00887156924279
0.145588603244
3.61365428424
111.824243254
129.889742189
126.107822097
106.248431923
200
200
200
200
200
200
200
200
200
200
200
200
200
200
200
200
200
200
200
200
200
200
200
200
200
200
200
200
200
200
200
200
200
200
200
200
200
200
200
200
200
200
200
200
194.437432211
0
0
0
0
0
0
0
0
0
0
0
0
0
0
0
0
0
0
0
0
0
0
0
0
0
0
0
0
0
0
0
0
0
0
0
0
0
0
3.33426156021e-09
2.80249734322e-08
1.68494661015e-07
1.26044180436e-06
7.9039385463e-06
5.16188172732e-05
0.000428835504433
0.00546513542001
0.0952599449256
3.40214728897
111.27625625
123.796576798
101.732851112
200
200
200
200
200
200
200
200
200
200
200
200
200
200
200
200
200
200
200
200
200
200
200
200
200
200
200
200
200
200
200
200
200
200
200
200
200
200
200
200
200
200
200
199.999999999
0
0
0
0
0
0
0
0
0
0
0
0
0
0
0
0
0
0
0
0
0
0
0
0
0
0
0
0
0
0
0
0
0
0
0
0
0
0
0
0
1.49801994825e-09
1.74894562748e-08
1.21628508814e-07
8.58016914685e-07
5.27353706059e-06
4.22872543863e-05
0.000329407415898
0.00445028203131
0.103689515819
4.9234162695
114.112420005
97.0133874411
199.987306958
200
200
200
200
200
200
200
200
200
200
200
200
200
200
200
200
200
200
200
200
200
200
200
200
200
200
200
200
200
200
200
200
200
200
200
200
200
200
200
200
200
200
199.999929332
0
0
0
0
0
0
0
0
0
0
0
1.41279111496e-09
7.06842062406e-09
1.08997346261e-08
1.87019496391e-08
0
0
0
0
0
0
0
0
0
0
0
0
0
0
0
0
0
0
0
0
0
0
0
0
0
0
6.34632564312e-10
1.20461639048e-08
1.078081828e-07
7.15966338916e-07
4.75362313778e-06
3.69754659169e-05
0.000356461786825
0.00520463914017
0.142074880156
16.1814168288
91.9449950701
200
200
200
1.79490121597e-12
0
0
0
0
0
0
0
0
0
0
0
0
0
0
0
0
0
0
0
2.24327539182e-07
3.25469399183e-05
200
200
200
200
200
200
200
200
200
200
200
200
200
200
200
200
200
200
199.996127348
0
0
0
0
0
0
0
0
0
4.9016895966e-09
8.12801027042e-08
5.0117580014e-07
3.58525394106e-06
2.36065073183e-05
4.48539063408e-05
6.28734473353e-05
1.69086470093e-06
1.14817878517e-07
0
0
0
0
0
0
0
0
0
0
0
0
0
0
0
0
0
0
0
0
0
0
0
0
1.12005295417e-10
1.01229083833e-08
8.10021978196e-08
5.71996682035e-07
4.59830241893e-06
3.70724509759e-05
0.000361060558136
0.00734418289395
0.388235775616
69.5428526434
2.23462180519e-13
1.17611673957e-13
0
0
0
0
0
0
0
0
0
0
0
0
0
0
0
0
0
0
0
0
0
0
0
0
0
0
0
0
1.28818460177e-06
0.000176392310835
200
200
200
200
200
200
200
200
200
200
199.999999999
0
0
0
0
0
0
0
0
1.22452743427e-09
1.05751713755e-07
5.35151279147e-06
0.000469678234061
200
200
200
200
200
200
199.999999999
199.999999999
1.91047351772e-07
0
0
0
0
0
0
0
0
0
0
0
0
0
0
0
0
0
0
0
0
0
0
0
4.40143687781e-12
1.17627820379e-08
9.30664223645e-08
8.27605459369e-07
6.26355613888e-06
5.26556592795e-05
0.000682306496387
0.018397423883
2.52482712903
0
0
0
0
0
0
0
0
0
0
0
0
0
0
0
0
0
0
0
0
0
0
0
0
0
0
0
0
0
0
0
0
0
0
0
1.76782573575e-06
8.65422335818e-05
200
200
200
200
200
199.999999999
0
0
0
0
0
0
0
1.32345982052e-08
3.08479547995e-06
0.00235416666695
200
200
200
200
200
200
200
200
200
200
199.999999999
199.999999999
0
0
0
0
0
0
0
0
0
0
0
0
0
0
0
0
0
0
0
0
0
0
0
4.24060112989e-10
1.68999998756e-08
1.48966381581e-07
1.05959138631e-06
9.96251153843e-06
9.88503715714e-05
0.00157534001898
0.0959376746414
0
0
0
0
0
0
0
0
0
0
0
0
0
0
0
0
0
0
0
0
0
0
0
0
0
0
0
0
0
0
0
0
0
0
0
0
0
0
1.45428203067e-08
1.28844459132e-06
1.61658018874e-05
3.7555063548e-05
8.46427738307e-07
0
0
0
0
0
0
1.34439361101e-07
8.59403083076e-05
200
200
200
200
200
200
200
200
200
200
200
200
200
200
199.999999999
197.635402341
0
0
0
0
0
0
0
0
0
0
0
0
0
0
0
0
0
0
0
0
0
0
1.33011880578e-09
3.28962152975e-08
2.28275809868e-07
1.859147567e-06
1.65542399914e-05
0.000227345089967
0.00665217074774
0
0
0
0
0
0
0
0
0
0
0
0
0
0
0
0
0
0
0
0
0
0
0
0
0
0
0
0
0
0
0
0
0
0
0
0
0
0
0
0
0
0
9.74797398517e-08
0
0
1.73168789776e-11
2.9733006409e-11
1.85681971326e-09
1.07344926718e-06
0.00531227975931
200
200
200
200
200
200
200
200
200
200
200
200
200
200
200
200
199.999999999
199.999999999
0
0
0
0
0
0
0
0
0
0
0
0
0
0
0
0
0
0
0
0
0
0
3.92395397309e-09
6.09176269121e-08
5.10803452984e-07
4.4895731092e-06
4.84252138124e-05
0.000783624324895
0
0
0
0
0
0
0
0
0
0
0
0
0
0
0
0
0
0
0
0
0
0
0
0
0
0
0
0
0
0
0
0
0
0
0
0
0
0
0
0
0
0
0
0
2.20154154337e-11
1.43888415588e-10
1.12349456637e-08
2.18385107131e-06
0.808051252338
200
200
200
200
200
200
200
200
200
200
200
200
200
200
200
200
200
200
199.999999999
199.999999999
0
0
0
0
0
0
0
0
0
0
0
0
0
0
0
0
0
0
0
0
0
0
1.3107189531e-08
1.21453172615e-07
1.39520412862e-06
1.37425961305e-05
0.000151987783057
0
0
0
0
0
0
0
0
0
0
0
0
0
0
0
0
0
0
0
0
0
0
0
0
0
0
0
0
0
0
0
0
0
0
0
0
0
0
0
0
0
0
0
0
0
7.52884046423e-09
8.45877596637e-07
200
200
200
200
200
200
200
200
200
200
200
200
200
200
200
200
200
200
200
200
200
200
199.999999999
0
0
0
0
0
0
0
0
0
0
0
0
0
0
0
0
0
0
0
0
0
1.89064876322e-09
4.36858976222e-08
3.63650857811e-07
4.08626960841e-06
4.11660856152e-05
0
0
0
0
0
0
0
0
0
0
0
0
0
0
0
0
0
0
0
0
0
0
0
0
0
0
0
0
0
0
0
0
0
0
0
0
0
0
0
0
0
0
0
0
0
0
7.84058932621e-05
199.999999985
200
200
200
200
200
200
200
200
200
200
200
200
200
200
200
200
200
200
200
200
200
199.999999999
199.999999999
0
0
0
0
0
0
0
0
0
0
0
0
0
0
0
0
0
0
0
0
0
1.18812238942e-08
1.40380829986e-07
1.55040480972e-06
1.38649829511e-05
0
0
0
0
0
0
0
0
0
0
0
0
0
0
0
0
0
0
0
0
0
0
0
0
0
0
0
0
0
0
0
0
0
0
0
0
0
0
0
0
0
0
0
0
0
0
0
0
1.6382783623e-12
199.999999873
199.999999997
200
200
200
200
200
200
200
200
200
200
200
200
200
200
200
200
200
200
200
199.999999999
199.849089054
0
0
0
0
0
0
0
0
0
0
0
0
0
0
0
0
0
0
0
0
3.27192391201e-09
6.05414740644e-08
6.75062855634e-07
5.66678236919e-06
0
0
0
0
0
0
0
0
0
0
0
0
0
0
0
0
0
0
0
0
0
0
0
0
0
0
0
0
0
0
0
0
0
0
0
0
0
0
0
0
0
0
0
0
0
0
0
0
0
1.47445052607e-12
1.97423399493e-11
1.13480760962e-05
200
200
200
200
200
200
200
200
200
200
200
200
200
200
200
200
200
200
200
199.999999999
8.1142091993e-08
0
0
0
0
0
0
0
0
0
0
0
0
0
0
0
0
0
0
0
8.1604298416e-10
2.96354443148e-08
3.32284846619e-07
2.73105884713e-06
0
0
0
0
0
0
0
0
0
0
0
0
0
0
0
0
0
0
0
0
0
0
0
0
0
0
0
0
0
0
0
0
0
0
0
0
0
0
0
0
0
0
0
0
0
0
0
0
0
0
1.32700547346e-12
7.45434857938e-12
9.16704309343e-11
4.1806845327e-05
200
200
200
200
200
200
200
200
200
200
200
200
200
200
200
200
200
199.999999999
199.999999999
0
0
0
0
0
0
0
0
0
0
0
0
0
0
0
0
0
0
0
0
1.35151687675e-08
1.66672231816e-07
1.50763833248e-06
0
0
0
0
0
0
0
0
0
0
0
0
0
0
0
0
0
0
0
0
0
0
0
0
0
0
0
0
0
0
0
0
0
0
0
0
0
0
0
0
0
0
0
0
0
0
0
0
0
0
0
2.52131039957e-12
5.63403928794e-12
7.87373828281e-11
2.2598419143e-10
0.000858327152433
200
200
200
200
200
200
200
200
200
200
200
200
200
200
200
200
199.999999999
8.2218117113e-06
0
0
0
0
0
0
0
0
0
0
0
0
0
0
0
0
0
0
0
6.6351454697e-09
9.11022334555e-08
9.30254984404e-07
0
0
0
0
0
0
0
0
0
0
0
0
0
0
0
0
0
0
0
0
0
0
0
0
0
0
0
0
0
0
0
0
0
0
0
0
0
0
0
0
0
0
0
0
0
0
0
0
0
0
0
0
2.26917935962e-12
5.07063535914e-12
6.98962575551e-11
1.5399363527e-10
1.71982284735e-05
200
200
200
200
200
200
200
200
200
200
200
200
200
200
200
199.999999999
199.999999999
0
0
0
0
0
0
0
0
0
0
0
0
0
0
0
0
0
0
0
4.05696962005e-09
6.85667190837e-08
6.28828150838e-07
0
0
0
0
0
0
0
0
0
0
0
0
0
0
0
0
0
0
0
0
0
0
0
0
0
0
0
0
0
0
0
0
0
0
0
0
0
0
0
0
0
0
0
0
0
0
0
0
0
0
0
0
0
3.23656634977e-12
1.10715146687e-11
5.36533345026e-11
8.32401326825e-11
1.67243861431e-06
200
200
200
200
200
200
200
200
200
200
200
200
200
200
200
199.999999999
1.21452648674e-06
0
0
0
0
0
0
0
0
0
0
0
0
0
0
0
0
0
0
2.40450707623e-09
5.50854462533e-08
4.6928413811e-07
0
0
0
0
0
0
0
0
0
0
0
0
0
0
0
0
0
0
0
0
0
0
0
0
0
0
0
0
0
0
0
0
0
0
0
0
0
0
0
0
0
0
0
0
0
0
0
0
0
0
0
0
0
9.67386990152e-13
2.04226142365e-12
1.69395816866e-11
4.5119006263e-11
7.45394006568e-11
7.24557629852e-11
200
200
200
200
200
200
200
200
200
200
200
200
200
200
199.999999999
199.999999998
0
0
0
0
0
0
0
0
0
0
0
0
0
0
0
0
0
0
1.98885075219e-09
4.4428827418e-08
3.85705426755e-07
0
0
0
0
0
0
0
0
0
0
0
0
0
0
0
0
0
0
0
0
0
0
0
0
0
0
0
0
0
0
0
0
0
0
0
0
0
0
0
0
0
0
0
0
0
0
0
0
0
0
0
0
0
9.67386990152e-13
1.83803528129e-12
1.83803528129e-12
1.78872731325e-11
4.34618745742e-11
6.55337726432e-11
6.24703277907e-11
200
200
200
200
200
200
200
200
200
200
200
200
200
199.999999999
199.999999998
0
0
0
0
0
0
0
0
0
0
0
0
0
0
0
0
0
0
1.83368599034e-09
4.3510410972e-08
3.57639837129e-07
0
0
0
0
0
0
0
0
0
0
0
0
0
0
0
0
0
0
0
0
0
0
0
0
0
0
0
0
0
0
0
0
0
0
0
0
0
0
0
0
0
0
0
0
0
0
0
0
0
0
0
0
0
0
1.83803528129e-12
1.83803528129e-12
1.83803528129e-12
2.1693087662e-11
4.99070548982e-11
5.38415479623e-11
2.75469729009e-07
200
200
200
200
200
200
200
200
200
200
200
200
199.999999999
199.999999998
0
0
0
0
0
0
0
0
0
0
0
0
0
0
0
0
0
0
1.87701323696e-09
4.30652821547e-08
3.66156602326e-07
0
0
0
0
0
0
0
0
0
0
0
0
0
0
0
0
0
0
0
0
0
0
0
0
0
0
0
0
0
0
0
0
0
0
0
0
0
0
0
0
0
0
0
0
0
0
0
0
0
0
0
0
0
0
0
1.83803528129e-12
1.83803528129e-12
1.83803528129e-12
2.59217704726e-11
3.89722078798e-11
3.76644228482e-11
5.8853014381e-06
200
200
200
200
200
200
200
200
200
200
200
199.999999999
199.999999998
0
0
0
0
0
0
0
0
0
0
0
0
0
0
0
0
0
0
2.60925511701e-09
4.50366713564e-08
4.039983053e-07
0
0
0
0
0
0
0
0
0
0
0
0
0
0
0
0
0
0
0
0
0
0
0
0
0
0
0
0
0
0
0
0
0
0
0
0
0
0
0
0
0
0
0
0
0
0
0
0
0
0
0
0
0
0
0
0
0
9.67386990152e-13
2.91290971479e-12
2.45882713869e-11
3.24406162202e-11
2.33511985321e-11
200
200
200
200
200
200
200
200
200
200
200
199.999999999
199.999999998
0
0
0
0
0
0
0
0
0
0
0
0
0
0
0
0
0
0
3.58261025042e-09
6.09915610719e-08
4.76005174566e-07
0
0
0
0
0
0
0
0
0
0
0
0
0
0
0
0
0
0
0
0
0
0
0
0
0
0
0
0
0
0
0
0
0
0
0
0
0
0
0
0
0
0
0
0
0
0
0
0
0
0
0
0
0
0
0
0
0
0
5.07063535914e-12
6.70891372144e-12
6.03802234929e-12
1.22010763281e-11
1.56873272724e-09
200
200
200
200
200
200
200
200
200
199.999999999
199.999999999
199.999999997
0
0
0
0
0
0
0
0
0
0
0
0
0
0
0
0
0
0
5.26890582791e-09
7.87220647217e-08
5.96943285122e-07
0
0
0
0
0
0
0
0
0
0
0
0
0
0
0
0
0
0
0
0
0
0
0
0
0
0
0
0
0
0
0
0
0
0
0
0
0
0
0
0
0
0
0
0
0
0
0
0
0
0
0
0
0
0
0
0
0
0
1.32700547346e-12
5.63403928794e-12
8.52922301288e-12
6.70891372144e-12
3.34103429844e-10
200
200
200
200
200
200
200
200
200
199.999999999
199.999999999
199.999999995
0
0
0
0
0
0
0
0
0
0
0
0
0
0
0
0
0
0
8.99637139951e-09
1.00353741082e-07
7.37265463269e-07
0
0
0
0
0
0
0
0
0
0
0
0
0
0
0
0
0
0
0
0
0
0
0
0
0
0
0
0
0
0
0
0
0
0
0
0
0
0
0
0
0
0
0
0
0
0
0
0
0
0
0
0
0
0
0
0
0
0
0
0
6.26004365326e-12
9.47691445875e-12
1.35646649414e-10
2.84916290446e-09
200
200
200
200
200
200
200
200
199.999999999
199.999999998
199.999999984
9.67386990152e-13
0
0
0
0
0
0
0
0
0
0
0
0
0
0
0
0
5.00134876245e-10
1.57132195063e-08
1.44203383844e-07
8.74518061108e-07
0
0
0
0
0
0
0
0
0
0
0
0
0
0
0
0
0
0
0
0
0
0
0
0
0
0
0
0
0
0
0
0
0
0
0
0
0
0
0
0
0
0
0
0
0
0
0
0
0
0
0
0
0
0
0
0
0
0
0
0
0
6.95560405918e-12
1.52965794771e-10
1.07142814246e-09
200
200
200
200
200
200
200
199.999999999
199.999999998
199.999999996
199.999942759
9.67386990152e-13
9.67386990152e-13
0
0
0
0
0
0
0
0
0
0
0
0
0
0
0
1.58002865253e-09
2.61374873027e-08
2.17216962234e-07
2.25831239143e-06
0
0
0
0
0
0
0
0
0
0
0
0
0
0
0
0
0
0
0
0
0
0
0
0
0
0
0
0
0
0
0
0
0
0
0
0
0
0
0
0
0
0
0
0
0
0
0
0
0
0
0
0
0
0
0
0
0
0
0
0
0
0
6.60858564264e-11
3.55512531803e-10
200
200
200
200
200
200
199.999999999
199.999999999
199.999999997
199.999999986
199.999656769
9.67386990152e-13
9.67386990152e-13
9.67386990152e-13
0
0
0
0
0
0
0
0
0
0
0
0
0
0
4.00823512269e-09
4.15301731234e-08
2.95901548977e-07
7.33177196947e-06
0
0
0
0
0
0
0
0
0
0
0
0
0
0
0
0
0
0
0
0
0
0
0
0
0
0
0
0
0
0
0
0
0
0
0
0
0
0
0
0
0
0
0
0
0
0
0
0
0
0
0
0
0
0
0
0
0
0
0
0
0
0
0
3.35475730594e-10
200
200
200
200
200
199.999999999
199.999999999
199.999999997
199.999999992
199.9999662
0
8.70648291137e-13
9.67386990152e-13
9.67386990152e-13
9.67386990152e-13
0
0
0
0
0
0
0
0
0
0
0
0
4.32907482015e-11
7.32730024581e-09
7.49288105737e-08
3.74520909395e-07
1.32437899513e-05
0
0
0
0
0
0
0
0
0
0
0
0
0
0
0
0
0
0
0
0
0
0
0
0
0
0
0
0
0
0
0
0
0
0
0
0
0
0
0
0
0
0
0
0
0
0
0
0
0
0
0
0
0
0
0
0
0
0
0
0
0
0
0
3.06664955344e-10
200
200
200
199.999999999
199.999999999
199.999999999
199.999999997
199.999999993
199.99998545
199.999797326
0
0
8.70648291137e-13
9.67386990152e-13
9.67386990152e-13
0
0
0
0
0
0
0
0
0
0
0
0
1.28133056012e-09
1.24339687315e-08
9.64397326032e-08
4.07183324971e-07
2.19769634573e-05
0
0
0
0
0
0
0
0
0
0
0
0
0
0
0
0
0
0
0
0
0
0
0
0
0
0
0
0
0
0
0
0
0
0
0
0
0
0
0
0
0
0
0
0
0
0
0
0
0
0
0
0
0
0
0
0
0
0
0
0
0
0
0
0
200
200
199.999999999
199.999999999
199.999999999
199.999999997
199.999999994
199.999989393
199.999903061
0
0
0
0
9.67386990152e-13
9.67386990152e-13
9.67386990152e-13
0
0
0
0
0
0
0
0
0
0
0
2.62117638505e-09
2.62153215265e-08
1.27885263465e-07
8.50221586453e-07
3.08084516531e-05
0
0
0
0
0
0
0
0
0
0
0
0
0
0
0
0
0
0
0
0
0
0
0
0
0
0
0
0
0
0
0
0
0
0
0
0
0
0
0
0
0
0
0
0
0
0
0
0
0
0
0
0
0
0
0
0
0
0
0
0
0
0
0
0
200
200
199.999999999
199.999999999
199.999999997
199.999999993
199.999991408
199.99992148
0
0
0
0
0
0
9.67386990152e-13
9.67386990152e-13
0
0
0
0
0
0
0
0
0
0
6.77704401174e-10
4.9371366219e-09
3.01526263464e-08
1.22186178748e-07
1.88892090756e-06
4.77504243349e-05
0
0
0
0
0
0
0
0
0
0
0
0
0
0
0
0
0
0
0
0
0
0
0
0
0
0
0
0
0
0
0
0
0
0
0
0
0
0
0
0
0
0
0
0
0
0
0
0
0
0
0
0
0
0
0
0
0
0
0
0
0
0
0
0
199.999999999
200
199.999999999
199.999999998
199.999999991
199.999992268
199.999936399
0
0
0
0
0
0
0
0
9.67386990152e-13
0
0
0
0
0
0
0
0
0
0
1.90147046844e-09
1.01228333613e-08
3.51003811338e-08
8.53696355019e-08
2.22972272824e-06
7.1183052429e-05
0
0
0
0
0
0
0
0
0
0
0
0
0
0
0
0
0
0
0
0
0
0
0
0
0
0
0
0
0
0
0
0
0
0
0
0
0
0
0
0
0
0
0
0
0
0
0
0
0
0
0
0
0
0
0
0
0
0
0
0
0
0
0
20.0180390176
199.999999999
199.999999999
199.999999998
199.999999986
199.999993041
199.999929332
0
0
0
0
0
0
0
0
0
0
0
0
0
0
0
0
0
0
0
7.503594746e-10
2.79682832636e-09
1.12433607757e-08
2.08129851041e-08
1.91255599925e-07
3.41366598507e-06
0.000100844030967
0
0
0
0
0
0
0
0
0
0
0
0
0
0
0
0
0
0
0
0
0
0
0
0
0
0
0
0
0
0
0
0
0
0
0
0
0
0
0
0
0
0
0
0
0
0
0
0
0
0
0
0
0
0
0
0
0
0
0
0
0
0
0
199.999999956
199.999999998
199.999999997
199.999999933
199.999990454
199.999903061
0
0
0
0
0
0
0
0
0
0
0
0
0
0
0
0
0
0
0
0
2.06757964009e-09
7.69501521458e-09
1.29261467967e-08
3.69744486892e-09
1.85533747276e-07
5.78955046159e-06
0.000108628743003
0
0
0
0
0
0
0
0
0
0
0
0
0
0
0
0
0
0
0
0
0
0
0
0
0
0
0
0
0
0
0
0
0
0
0
0
0
0
0
0
0
0
0
0
0
0
0
0
0
0
0
0
0
0
0
0
0
0
0
0
0
0
0
199.999999939
199.999999996
199.999999383
199.999958271
0
0
0
0
0
0
0
0
0
0
0
0
0
0
0
0
0
0
0
0
0
1.16750395404e-09
4.29405851097e-09
1.39644281385e-08
2.35982084735e-08
1.54534456754e-09
4.77087542017e-08
9.67831705424e-06
0.000100183877124
0
0
0
0
0
0
0
0
0
0
0
0
0
0
0
0
0
0
0
0
0
0
0
0
0
0
0
0
0
0
0
0
0
0
0
0
0
0
0
0
0
0
0
0
0
0
0
0
0
0
0
0
0
0
0
0
0
0
0
0
0
0
0
199.999999806
0
0
0
0
0
0
0
0
0
0
0
0
0
0
0
0
0
0
0
0
0
0
0
7.80816827663e-10
2.02607487382e-09
5.52846048789e-09
1.32186631802e-08
1.49661665834e-08
4.66461251416e-08
1.87397265043e-07
4.89824940466e-06
5.40634292124e-05
0
0
0
0
0
0
0
0
0
0
0
0
0
0
0
0
0
0
0
0
0
0
0
0
0
0
0
0
0
0
0
0
0
0
0
0
0
0
0
0
0
0
0
0
0
0
0
0
0
0
0
0
0
0
0
0
0
0
0
0
0
0
0
0
0
0
0
0
0
0
0
0
0
0
0
0
0
0
0
0
0
0
0
0
0
0
5.26906071042e-10
2.60057873477e-09
4.02429904075e-09
5.62965958001e-09
5.85602498399e-09
2.74169741569e-07
3.41155100889e-07
6.37424916497e-07
3.65547176699e-06
8.64798327009e-05
2.23462180519e-13
0
0
0
0
0
0
0
0
0
0
0
0
0
0
0
0
0
0
0
0
0
0
0
0
0
0
0
0
0
0
0
0
0
0
0
0
0
0
0
0
0
0
0
0
0
0
0
0
0
0
0
0
0
0
0
0
0
0
0
0
0
0
0
0
0
0
0
0
0
0
0
0
0
0
0
0
0
0
0
0
0
0
0
0
4.68369633135e-10
2.84746333844e-09
4.29153327189e-09
4.68372206993e-09
9.31901893547e-09
6.79803313169e-08
7.5911304682e-08
1.14533673061e-07
2.69581424511e-07
1.58131367197e-06
5.05225980846e-05
200
200
5.38095190507e-13
0
0
0
0
0
0
0
0
0
0
0
0
0
0
0
0
0
0
0
0
0
0
0
0
0
0
0
0
0
0
0
0
0
0
0
0
0
0
0
0
0
0
0
0
0
0
0
0
0
0
0
0
0
0
0
0
0
0
0
0
0
0
0
0
0
0
0
0
0
0
0
0
0
0
0
0
0
0
0
0
0
7.43516493007e-10
3.17659141506e-09
3.14936593836e-09
5.83714277491e-09
2.82501315604e-08
2.51293172325e-08
2.71569215413e-08
4.31643343897e-08
7.59244149299e-08
1.84579833785e-07
1.03284151082e-06
4.63925694823e-05
200
200
200
200
199.998029977
0
0
0
0
0
0
0
0
0
0
0
0
0
0
0
0
0
0
0
0
0
0
0
0
0
0
0
0
0
0
0
0
0
0
0
0
0
0
0
0
0
0
0
0
0
0
0
0
0
0
0
0
0
0
0
0
0
0
0
0
0
0
0
0
0
0
0
0
0
0
0
0
0
0
3.23656634977e-12
3.59618483308e-12
2.26917935962e-12
3.61851768123e-10
2.50420000121e-09
3.25853771283e-09
3.18024531728e-09
1.64607442239e-08
1.5707712643e-08
1.59950358182e-08
1.8596896021e-08
2.36044322966e-08
3.16356377913e-08
4.44708886456e-08
8.02612545967e-08
4.03154273001e-07
3.28917881428e-05
200
200
200
200
200
44.8706473481
3.67918129122e-12
0
0
0
0
0
0
0
0
0
0
0
0
0
0
0
0
0
0
0
0
0
0
0
0
0
0
0
0
0
0
0
0
0
0
0
0
0
0
0
0
0
0
0
0
0
0
0
0
0
0
0
0
0
0
0
0
0
0
0
0
0
0
0
0
0
0
1.39943010474e-09
1.78457966421e-09
1.17331470125e-08
1.79064438022e-08
3.97522337477e-08
5.24487107752e-08
6.0518151458e-08
6.49373201151e-08
4.43435212226e-08
8.29921957382e-09
2.82084655981e-09
1.58343959788e-08
1.16659970966e-08
1.10736013067e-08
1.2434517893e-08
1.46384665299e-08
1.70632471652e-08
2.03946821392e-08
2.53447768774e-08
3.19757230937e-08
4.37415707931e-08
9.4279579301e-08
1.95454153041e-05
200
200
200
200
0.0436949001042
2.69613311409e-06
1.9958775655e-05
5.63694528373e-06
9.76807307923e-13
0
0
0
0
0
0
0
0
0
0
0
0
0
0
0
0
0
0
0
0
0
0
0
0
0
0
0
0
0
0
0
0
0
0
0
0
0
0
0
0
0
0
0
0
0
0
0
0
0
0
0
0
0
0
0
0
0
0
0
0
0
0
1.51971310133e-08
8.04332592425e-08
1.64072606884e-07
2.50885088418e-07
2.99119950481e-07
3.21943494456e-07
3.59856916987e-07
3.21274803158e-07
2.88358200293e-07
2.02907953689e-07
7.92358864094e-08
3.2872969847e-08
1.45681625168e-08
9.99210043728e-09
9.9756929632e-09
1.10103877427e-08
1.22046515073e-08
1.37692106618e-08
1.56677750929e-08
1.80837513769e-08
2.12670044187e-08
2.52571968374e-08
3.07708556764e-08
4.23896743508e-08
9.22883475922e-06
200
200
200
0.0286682239584
4.17288447218e-05
4.56592652546e-06
7.08730115084e-07
4.84299043323e-09
1.01266184273e-08
1.0540183932e-10
0
0
0
0
0
0
0
0
0
0
0
0
0
0
0
0
0
0
0
0
0
0
0
0
0
0
0
0
0
0
0
0
0
0
0
0
0
0
0
0
0
0
0
0
0
0
0
0
0
0
0
0
0
0
0
0
0
0
0
0
0
7.3843552481e-08
2.13570791772e-07
2.30990522544e-07
2.39271992302e-07
2.59974384486e-07
2.78257820297e-07
2.95598622923e-07
3.01421144904e-07
2.8710308106e-07
2.57423959248e-07
2.06326166184e-07
4.40321926157e-08
1.69277062616e-08
1.26050905542e-08
1.13706484183e-08
1.15101711172e-08
1.21989447006e-08
1.333242565e-08
1.47680028015e-08
1.65554010423e-08
1.87345520181e-08
2.13617107372e-08
2.45523823936e-08
2.93154531493e-08
3.71186880697e-06
200
49.4486533626
0.0111066573441
7.06681660366e-05
6.56406504163e-06
2.28043995597e-07
1.25039533262e-08
3.17680105559e-09
1.87483230092e-09
4.35744821465e-09
5.97771164738e-09
4.40171829264e-12
0
0
0
0
0
0
0
0
0
0
0
0
0
0
0
0
0
0
0
0
0
0
0
0
0
0
0
0
0
0
0
0
0
0
0
0
0
0
0
0
0
0
0
0
0
0
0
0
0
0
0
0
0
0
0
0
0
0
0
1.69383562911e-07
2.47626479868e-07
2.58532873894e-07
2.66964949427e-07
2.80122866688e-07
2.91678762894e-07
3.04375828119e-07
3.12804655117e-07
3.24183139318e-07
3.28359772264e-07
3.0549787141e-07
1.36077739987e-07
2.7732755398e-08
1.6625489393e-08
1.32395807244e-08
1.24502064192e-08
1.26095162175e-08
1.3255504646e-08
1.42809481568e-08
1.56092651288e-08
1.71642505386e-08
1.89877864449e-08
2.10360080773e-08
2.37465510619e-08
1.37953113017e-06
0.234631005326
0.00411909215701
9.69384997185e-05
7.73243844309e-06
4.79137899819e-07
1.75504223653e-08
4.34412292153e-09
2.5097612478e-09
2.08361420493e-09
2.5720899973e-09
2.08257020607e-09
3.52824416639e-09
5.22942994777e-11
0
0
0
0
0
0
0
0
0
0
0
0
0
0
0
0
0
0
0
0
0
0
0
0
0
0
0
0
0
0
0
0
0
0
0
0
0
0
0
0
0
0
0
0
0
0
0
0
0
0
0
0
0
0
0
0
0
0
1.53906773878e-07
2.71892327378e-07
2.75163889219e-07
2.94429555732e-07
3.04844892297e-07
3.11741872051e-07
3.20634164117e-07
3.29792393983e-07
3.43948609789e-07
3.68137785556e-07
3.86789715739e-07
2.51512994008e-07
4.36064308894e-08
2.13200729055e-08
1.57418415776e-08
1.38353921995e-08
1.3369824386e-08
1.35626526928e-08
1.42078895704e-08
1.5129942374e-08
1.62671586825e-08
1.75864014343e-08
1.89961105306e-08
2.07640142666e-08
4.09613029677e-07
0.00119569577052
0.000104535184286
9.94885730642e-06
7.63722167916e-07
2.26875582949e-08
3.90964613396e-09
2.4771570692e-09
1.87525278443e-09
1.68734907083e-09
1.68712776371e-09
1.55763858796e-09
1.36499300636e-09
3.17504496421e-09
8.40983411626e-10
0
0
0
0
0
0
0
0
0
0
0
0
0
0
0
0
0
0
0
0
0
0
0
0
0
0
0
0
0
0
0
0
0
0
0
0
0
0
0
0
0
0
0
0
0
0
0
0
0
0
0
0
0
0
0
0
0
0
4.15134122241e-07
3.22336792314e-07
3.39994783435e-07
3.44639309914e-07
3.44866070053e-07
3.49521170739e-07
3.5540947572e-07
3.69857094221e-07
3.87050481477e-07
4.20697863106e-07
3.64485112938e-07
9.35478388673e-08
2.77905551798e-08
1.86867779077e-08
1.55527497947e-08
1.44401648282e-08
1.42091734163e-08
1.44667684335e-08
1.51358959725e-08
1.59807260978e-08
1.69556212934e-08
1.79621925866e-08
1.92349734517e-08
1.1011946127e-07
0.000125524314552
1.2454707016e-05
1.12474296134e-06
7.88946426933e-09
3.05721618028e-09
2.1061715178e-09
1.68772750599e-09
1.51861416374e-09
1.3663743122e-09
1.36615300509e-09
1.36563388964e-09
1.51737098849e-09
2.14104292997e-09
5.20929152573e-09
2.66228414073e-09
0
0
0
0
0
0
0
0
0
0
0
0
0
0
0
0
0
0
0
0
0
0
0
0
0
0
0
0
0
0
0
0
0
0
0
0
0
0
0
0
0
0
0
0
0
0
0
0
0
0
0
0
0
0
0
0
0
6.95356894466e-07
4.47282630349e-07
4.29128813293e-07
4.07967091534e-07
3.93803918239e-07
3.88273181723e-07
3.91233850368e-07
3.96732699274e-07
4.10920704043e-07
4.31975831794e-07
4.61520796834e-07
1.72715862716e-07
3.64148447829e-08
2.21494702445e-08
1.76105243384e-08
1.5779129909e-08
1.50629172707e-08
1.50780947145e-08
1.54239339695e-08
1.60404099429e-08
1.67571342052e-08
1.75347413384e-08
1.85171597289e-08
5.58201588181e-08
2.05414276838e-05
1.44700425869e-06
2.87293874507e-09
2.25341562306e-09
1.80339629836e-09
1.51714362958e-09
1.29437509514e-09
1.2147708031e-09
1.10658393412e-09
1.10638475772e-09
1.19123573138e-09
1.35027389217e-09
1.78323254714e-09
4.0098187366e-09
9.83650708809e-08
1.2505226756e-08
0
0
0
0
0
0
0
0
0
0
0
0
0
0
0
0
0
0
0
0
0
0
0
0
0
0
0
0
0
0
0
0
0
0
0
0
0
0
0
0
0
0
0
0
0
0
0
0
0
0
0
0
0
0
0
0
7.40181002877e-07
6.08338985422e-07
5.35633107299e-07
4.91329530215e-07
4.56538373518e-07
4.410862508e-07
4.31422373173e-07
4.29396823552e-07
4.36094425677e-07
4.50159125592e-07
5.19183443217e-07
2.51733258727e-07
4.64258376393e-08
2.59732437893e-08
1.99099451144e-08
1.73432972262e-08
1.62782525539e-08
1.59559997029e-08
1.60770067484e-08
1.65404837989e-08
1.71224869696e-08
1.77259152377e-08
1.85804443294e-08
17.8668295151
2.01560477684e-06
1.79462775238e-09
1.6188988315e-09
1.42373913452e-09
1.23310098054e-09
1.10688080456e-09
9.9592554071e-10
9.66279988441e-10
9.08575167378e-10
9.24695704738e-10
9.95325798431e-10
1.10564433515e-09
1.51649157586e-09
2.4621162505e-05
8.77070359842e-06
2.7550706184e-06
2.14241069637e-08
0
0
0
0
0
0
0
0
0
0
0
0
0
0
0
0
0
0
0
0
0
0
0
0
0
0
0
0
0
0
0
0
0
0
0
0
0
0
0
0
0
0
0
0
0
0
0
0
0
0
0
0
0
0
0
7.80278293976e-07
7.52619762643e-07
6.4662423878e-07
5.84341337257e-07
5.39182657764e-07
5.02353854393e-07
4.78071181183e-07
4.65225964981e-07
4.62019133742e-07
4.67074303327e-07
5.21747979626e-07
2.91033267331e-07
5.56978234672e-08
3.00014214451e-08
2.2409119895e-08
1.91589840823e-08
1.77381853851e-08
1.71629294983e-08
1.71543046744e-08
1.73888213134e-08
1.78988579799e-08
73.6813163805
118.603644375
121.837773195
1.2347918075e-09
1.18354778036e-09
1.11294159244e-09
1.02543915015e-09
9.43611178211e-10
8.83836571761e-10
8.06393155492e-10
7.9962680593e-10
7.71465239255e-10
7.90650782189e-10
8.05793413213e-10
9.12912206107e-10
3.88469423967
16.6603286468
0.241703609639
0.00178081707016
7.04932917008e-05
5.88454844152e-09
0
0
0
0
0
0
0
0
0
0
0
0
0
0
0
0
0
0
0
0
0
0
0
0
0
0
0
0
0
0
0
0
0
0
0
0
0
0
0
0
0
0
0
0
0
0
0
0
0
0
0
0
0
0
6.72668770183e-07
8.76365984562e-07
7.4227532033e-07
6.72375015346e-07
6.19229887496e-07
5.6755165645e-07
5.28521488025e-07
5.00809026007e-07
4.84672722344e-07
4.77658576898e-07
5.17217695513e-07
2.81753475583e-07
6.13318356892e-08
3.36647954097e-08
2.50182187193e-08
2.12172106354e-08
1.94814757834e-08
1.86845512305e-08
1.85521939382e-08
107.316603989
169.911455161
187.016751981
192.042849945
191.617508696
9.01521021665e-10
8.74164171872e-10
8.40252020001e-10
8.0216557716e-10
7.49333375511e-10
7.20081383021e-10
6.69162763281e-10
6.52692664702e-10
6.52692664702e-10
6.524934883e-10
6.78609008487e-10
199.999835835
199.999999673
200
200
200
0.0375208247371
0.000381367489181
9.60343133227e-10
0
0
0
0
0
0
0
0
0
0
0
0
0
0
0
0
0
0
0
0
0
0
0
0
0
0
0
0
0
0
0
0
0
0
0
0
0
0
0
0
0
0
0
0
0
0
0
0
0
0
0
0
0
4.76796953007e-07
9.58457387509e-07
8.29180059461e-07
7.58516361052e-07
6.9797628067e-07
6.34028901315e-07
5.82607337455e-07
5.37456013949e-07
5.05197713872e-07
4.8159866083e-07
5.12939621953e-07
2.36169684292e-07
6.20450819272e-08
3.65810074149e-08
2.7685985502e-08
2.35423180093e-08
55.4547762032
155.928622766
184.790228938
193.763869711
197.321872423
198.700256396
199.062153279
198.901883404
7.09221411113e-10
6.9869200339e-10
6.78919843066e-10
6.53256718531e-10
6.24985635984e-10
5.87541009906e-10
5.74486819895e-10
5.49231420848e-10
5.35807248494e-10
5.43548661105e-10
5.82627294779e-10
199.998811994
199.999962445
200
200
200
200
0.677250528967
0.000308907663243
2.49699491281e-12
0
0
0
0
0
0
0
0
0
0
0
0
0
0
0
0
0
0
0
0
0
0
0
0
0
0
0
0
0
0
0
0
0
0
0
0
0
0
0
0
0
0
0
0
0
0
0
0
0
0
0
0
0
1.1318520344e-06
9.23159280966e-07
8.53634141978e-07
7.77329886447e-07
7.03699206241e-07
6.33242280907e-07
5.70044404925e-07
5.17088519661e-07
4.77889873008e-07
4.8378555517e-07
1.8054421162e-07
75.484350059
143.07600395
172.213628057
187.149488423
193.378407457
196.861011581
198.787921978
199.450446026
199.694772822
199.782198598
199.809868094
199.777197951
5.96814223192e-10
5.79308563262e-10
5.67968260938e-10
5.50513330827e-10
5.25042722466e-10
5.03483375885e-10
4.7981359282e-10
4.69185190863e-10
4.61503508866e-10
4.65941902473e-10
4.75327161322e-10
5.28340466761e-10
199.998906249
199.999913014
199.999978465
199.999982928
199.999985073
199.999985501
0.548358254277
6.463930873e-06
0
0
0
0
0
0
0
0
0
0
0
0
0
0
0
0
0
0
0
0
0
0
0
0
0
0
0
0
0
0
0
0
0
0
0
0
0
0
0
0
0
0
0
0
0
0
0
0
0
0
0
0
169.981072941
193.819370495
196.715360455
197.466687173
197.625243169
196.715360116
196.35039995
195.494320681
194.437432725
193.542231168
193.132632728
193.761658978
194.994798739
196.866059553
198.377085596
199.214435595
199.584546973
199.748214617
199.836195227
199.89104466
199.923832768
199.938590124
199.94209128
199.930867742
5.03289641702e-10
4.96373252698e-10
4.80197703092e-10
4.5994300437e-10
4.46290635828e-10
4.19784047994e-10
4.06758714525e-10
3.94261761191e-10
3.85987313582e-10
3.86545577467e-10
4.01601821606e-10
4.38646907587e-10
5.51657887336e-10
199.994687866
199.999576954
199.999892982
199.999943677
199.999959557
199.999960301
0.0313289170783
4.08195536707e-06
0
0
0
0
0
0
0
0
0
0
0
0
0
0
0
0
0
0
0
0
0
0
0
0
0
0
0
0
0
0
0
0
0
0
0
0
0
0
0
0
0
0
0
0
0
0
0
0
0
0
189.533047339
199.676538147
199.917782189
199.946057055
199.957694715
199.956735563
199.940062685
199.933402778
199.91778093
199.893616263
199.86764113
199.83953693
199.811167372
199.808999069
199.821244551
199.853028342
199.890543311
199.921091867
199.943213946
199.958479725
199.969723351
199.976881873
199.978868376
199.978254723
199.973415524
4.23021115903e-10
4.10570975825e-10
4.027680857e-10
3.88867017797e-10
3.70403954738e-10
3.60950782606e-10
3.43032007853e-10
3.33334878616e-10
3.28137116655e-10
3.27710709774e-10
3.35267579265e-10
3.60553859957e-10
4.32727230719e-10
5.47312692582e-08
199.828099956
199.998500303
199.999657593
199.999868221
199.999914954
199.999934689
0.00155695523967
7.24976519513e-09
0
0
0
0
0
0
0
0
0
0
0
0
0
0
0
0
0
0
0
0
0
0
0
0
0
0
0
0
0
0
0
0
0
0
0
0
0
0
0
0
0
0
0
0
0
0
0
0
187.077836222
199.908644819
199.98307327
199.992715601
199.994689387
199.996191886
199.99441876
199.994098318
199.992713628
199.991004174
199.987671054
199.98376659
199.979101035
199.974198686
199.970759407
199.968690312
199.970871245
199.9752022
199.980163494
199.984827854
199.988135602
199.990290028
199.991249452
199.991156713
199.990768118
199.989684458
3.55119936353e-10
3.48420289767e-10
3.41279145136e-10
3.30567738758e-10
3.20463418787e-10
3.06186604263e-10
2.97028439594e-10
2.90113720275e-10
2.8350940128e-10
2.79812135314e-10
2.84956552804e-10
2.97166481227e-10
3.36628927285e-10
1.83772529157e-08
7.41755993379e-07
6.0615726148e-07
199.996128094
199.999203681
199.999692643
199.999838753
1.19665991832
3.45700067059e-06
6.52712758001e-10
0
0
0
0
0
0
0
0
0
0
0
0
0
0
0
0
0
0
0
0
0
0
0
0
0
0
0
0
0
0
0
0
0
0
0
0
0
0
0
0
0
0
0
0
0
0
0
199.87468425
199.994687743
199.999425296
199.99965954
199.999692999
199.999611918
199.999528028
199.999354988
199.999114726
199.998650177
199.998094774
199.997319576
199.996403578
199.995219032
199.994138733
199.993441682
199.993386516
199.993584504
199.994083684
199.994735102
199.995427991
199.995937388
199.996101109
199.995932106
199.99575362
199.996311369
3.11893858764e-10
3.05186035316e-10
2.9785862879e-10
2.9009851852e-10
2.80768623597e-10
2.69339578683e-10
2.63953825598e-10
2.55034828475e-10
2.46167903335e-10
2.43472007561e-10
2.43504759998e-10
2.49059469902e-10
2.69964360139e-10
5.1751024582e-10
3.57060689651e-07
6.60378489903e-07
6.84925213335e-07
199.986289006
199.998334246
199.999420677
199.999579135
4.58935597859e-06
4.69847637155e-06
0
0
0
0
0
0
0
0
0
0
0
0
0
0
0
0
0
0
0
0
0
0
0
0
0
0
0
0
0
0
0
0
0
0
0
0
0
0
0
0
0
0
0
0
0
0
197.844947267
199.994687724
199.999899342
199.999957674
199.999946653
199.999938534
199.999920824
199.999893306
199.999840797
199.999775374
199.999657162
199.999478585
199.999282573
199.999015742
199.99876194
199.998424906
199.998147781
199.997954413
199.997897616
199.997895232
199.997958153
199.998065287
199.99811681
199.998050395
199.997965349
199.997984729
199.998607887
2.80939782591e-10
2.74869198895e-10
2.68760100519e-10
2.61372586691e-10
2.53745969235e-10
2.43947038272e-10
2.37874042723e-10
2.27606818299e-10
2.18716299305e-10
2.14974221063e-10
2.1290037298e-10
2.14497661478e-10
2.24104346146e-10
2.68187288951e-10
9.18416022377e-08
9.36800119512e-07
5.89607061602e-07
8.56428162817e-07
1.1865322124e-06
199.99717848
199.99865219
3.5362583055e-06
7.07018339752e-06
4.77762332734e-06
0
0
0
0
0
0
0
0
0
0
0
0
0
0
0
0
0
0
0
0
0
0
0
0
0
0
0
0
0
0
0
0
0
0
0
0
0
0
0
0
0
0
0
0
0
199.976778739
199.999979204
200
199.999997615
199.999992055
199.99998907
199.999983376
199.999976295
199.999964726
199.999946458
199.999919328
199.999877325
199.999814307
199.9997221
199.999618723
199.999492681
199.999373018
199.999270341
199.99920304
199.999151983
199.999117769
199.999102955
199.999078594
199.999058936
199.999190645
199.999450673
199.999557625
2.59833910946e-10
2.53327992037e-10
2.48677360416e-10
2.40980306315e-10
2.32417304272e-10
2.24533931458e-10
2.14725016566e-10
2.05273994636e-10
1.95532505264e-10
1.90730294513e-10
1.85032689353e-10
1.82903526629e-10
1.88871887365e-10
2.07663525177e-10
1.62642108127e-08
4.72975271562e-07
5.63940645748e-07
8.62139958257e-07
1.25639264137e-06
1.6787108161e-06
2.52726322103e-06
3.46178995966e-06
5.52287917723e-06
1.25061751123e-05
6.54434325209e-05
0
0
0
0
0
0
0
0
0
0
0
0
0
0
0
0
0
0
0
0
0
0
0
0
0
0
0
0
0
0
0
0
0
0
0
0
0
0
0
0
0
0
0
191.521768345
199.999817604
200
200
200
200
199.999998965
199.999996244
199.999994618
199.999992021
199.999987325
199.999980343
199.999972188
199.999958437
199.999936569
199.99990883
199.999867221
199.999816914
199.999764287
199.999714772
199.999674665
199.999641954
199.999624157
199.999633289
199.999773878
199.999849401
199.999856729
199.999862548
2.44742574832e-10
2.37888351619e-10
2.32722319444e-10
2.25530472713e-10
2.16500015729e-10
2.07176404272e-10
1.96440100868e-10
1.85762947405e-10
1.75370052735e-10
1.67400017967e-10
1.59949534606e-10
1.56541275085e-10
1.56253003399e-10
1.63883458278e-10
2.18205152608e-10
8.9041366484e-08
5.19620303861e-07
6.82455078455e-07
1.42313216175e-06
2.15266018831e-06
3.22882612743e-06
4.39009913723e-06
6.7482223496e-06
1.68774262586e-05
4.80541656354e-05
3.41295097759e-06
0
0
0
0
0
0
0
0
0
0
0
0
0
0
0
0
0
0
0
0
0
0
0
0
0
0
0
0
0
0
0
0
0
0
0
0
0
0
0
0
0
0
199.951450111
200
200
200
200
200
200
199.999999872
199.999998312
199.999997476
199.999996479
199.999995236
199.999993578
199.999991264
199.999986672
199.999981061
199.999972822
199.999960766
199.9999465
199.999931861
199.999916621
199.999902775
199.999913691
199.999948969
199.999963228
199.999958402
199.999952413
199.9999541
2.35687748082e-10
2.26991971207e-10
2.21293415758e-10
2.13665977546e-10
2.02490060824e-10
1.92416642443e-10
1.80535550264e-10
1.68356587457e-10
1.57669871432e-10
1.48095302304e-10
1.4012940788e-10
1.34049793233e-10
1.29390626984e-10
1.29620997735e-10
1.41026504192e-10
7.65956207159e-09
1.48523722084e-07
3.39862885641e-07
7.66513600879e-07
1.4542152877e-06
2.83458351065e-06
4.9328007733e-06
8.9260190036e-06
1.15000474942e-05
1.18750277568e-05
2.96787086929e-05
0
0
0
0
0
0
0
0
0
0
0
0
0
0
0
0
0
0
0
0
0
0
0
0
0
0
0
0
0
0
0
0
0
0
0
0
0
0
0
0
0
0
199.999797326
200
200
200
200
200
200
200
200
199.999999619
199.99999885
199.999998364
199.999997848
199.999997317
199.99999657
199.999995453
199.999993981
199.999991995
199.999989383
199.999986027
199.999982626
199.999985583
199.999988321
199.999989113
199.999987146
199.999984752
199.999982779
199.9999836
2.3295021853e-10
2.21629701972e-10
2.14335647611e-10
2.04717977624e-10
1.93071563402e-10
1.80347445074e-10
1.67242089367e-10
1.54834994205e-10
1.42866057281e-10
1.32602557534e-10
1.2440267846e-10
1.17107982883e-10
1.12587087295e-10
1.08614082478e-10
1.08642248904e-10
1.2286338951e-10
2.01139421391e-08
9.8809412676e-08
2.22255225531e-07
5.08796746315e-07
9.74299797567e-07
2.00754073703e-06
3.76661740902e-06
6.18738084985e-06
7.73243770901e-06
1.21651102498e-05
7.84677280899e-05
95.5717580822
0
0
0
0
0
0
0
0
0
0
0
0
0
0
0
0
0
0
0
0
0
0
0
0
0
0
0
0
0
0
0
0
0
0
0
0
0
0
0
180.304581956
200
200
200
200
200
200
200
200
200
200
200
199.999999882
199.999999506
199.999999015
199.999998697
199.999998343
199.999997891
199.999997284
199.99999679
199.99999662
199.999996641
199.999996629
199.999996082
199.99999535
199.999994448
199.999993591
199.999992983
199.99999345
2.39905599335e-10
2.22875450474e-10
2.12940300292e-10
2.01391530643e-10
1.86507691305e-10
1.7212902751e-10
1.57743593528e-10
1.43756943331e-10
1.31767841706e-10
1.20871369895e-10
1.12077573409e-10
1.05335640853e-10
9.89317934535e-11
9.29028030018e-11
9.03738884617e-11
9.05620450216e-11
1.74743148124e-10
1.68178086771e-08
4.30873513648e-08
9.88177302287e-08
2.11946973702e-07
4.49637809776e-07
9.12402708518e-07
1.92627387345e-06
3.61968434541e-06
7.57786324042e-06
98.1247340198
199.999998505
0
0
0
0
0
0
0
0
0
0
0
0
0
0
0
0
0
0
0
0
0
0
0
0
0
0
0
0
0
0
0
0
0
0
0
0
0
0
0
199.968146418
200
200
200
200
200
200
200
200
200
200
200
200
199.999999996
199.999999928
199.999999814
199.999999651
199.999999478
199.999999301
199.99999913
199.999998973
199.999998774
199.999998433
199.999998053
199.99999769
199.999997353
199.999997086
199.999996903
199.999997156
2.65823941832e-10
2.37091147207e-10
2.19833704404e-10
2.01326918919e-10
1.84010432756e-10
1.6683231016e-10
1.51174572035e-10
1.36590423046e-10
1.24112330959e-10
1.12938760549e-10
1.04269162383e-10
9.57057025051e-11
8.83335365134e-11
8.16931205019e-11
7.4936193613e-11
7.12817748817e-11
7.16420022617e-11
9.88262555838e-10
8.39701759357e-09
1.74419377208e-08
3.37718443197e-08
6.00380589485e-08
1.14290891694e-07
2.95006966184e-07
1.21365082641e-06
0.000346710185396
200
3.32855193931e-06
197.486903149
0
0
0
0
0
0
0
0
0
0
0
0
0
0
0
0
0
0
0
0
0
0
0
0
0
0
0
0
0
0
0
0
0
0
0
0
0
0
200
200
200
200
200
200
200
200
200
200
200
200
200
200
200
199.999999974
199.999999911
199.999999824
199.999999723
199.999999603
199.999999463
199.999999303
199.999999115
199.999998926
199.999998758
199.999998635
199.999998569
199.99999854
199.999998694
83.145713553
2.76322835656e-10
2.41627104929e-10
2.10992008613e-10
1.86468332406e-10
1.65282649814e-10
1.46953151805e-10
1.31221454442e-10
1.16989627931e-10
1.07057109521e-10
9.71131030335e-11
8.83369573271e-11
7.96193735861e-11
7.12432705287e-11
6.34688552746e-11
5.71079057445e-11
5.29769532879e-11
5.43699120161e-11
8.93443547483e-10
2.80146682852e-09
5.13670829569e-09
8.51846175581e-09
1.23905944612e-08
1.71534297842e-08
3.07821012399e-08
1.48583408345e-07
1.04453651409e-06
1.2698879762e-07
0
0
0
0
0
0
0
0
0
0
0
0
0
0
0
0
0
0
0
0
0
0
0
0
0
0
0
0
0
0
0
0
0
0
0
0
0
0
0
200
200
200
200
200
200
200
200
200
200
200
200
200
200
200
200
199.999999976
199.99999992
199.999999847
199.99999976
199.999999663
199.999999558
199.999999449
199.999999354
199.999999285
199.999999255
199.999999261
199.999999289
199.999999384
0.00013307024651
3.93235499834e-10
2.9592493101e-10
2.33539744493e-10
1.94370299978e-10
1.66560144749e-10
1.45358422698e-10
1.27382645065e-10
1.13839085602e-10
1.0204689181e-10
9.20158751755e-11
8.27227358714e-11
7.3230436439e-11
6.36730596313e-11
5.51584010981e-11
4.82221414727e-11
4.22794862e-11
3.79174564082e-11
4.87958940894e-11
3.14095109017e-10
5.82934353237e-10
1.01061615236e-09
1.45877832488e-09
1.35866199527e-09
9.71047595215e-10
2.8896915215e-10
2.52427728161e-10
1.0991315344e-10
1.71152624739e-09
199.999940913
0
0
0
0
0
0
0
0
0
0
0
0
0
0
0
0
0
0
0
0
0
0
0
0
0
0
0
0
0
0
0
0
0
0
0
0
199.99999871
200
200
200
200
200
200
200
200
200
200
200
200
200
200
200
200
199.999999996
199.999999963
199.999999908
199.99999984
199.999999767
199.999999694
199.999999626
199.999999577
199.999999557
199.99999957
199.999999607
199.999999653
199.999999713
0.000985057710653
0.118850537851
4.45605121073e-10
2.75482928414e-10
2.07228837296e-10
1.70467391724e-10
1.45008729523e-10
1.25551331598e-10
1.11450000204e-10
9.95347492272e-11
8.84558055979e-11
7.88566145289e-11
6.90753820314e-11
5.93150247061e-11
5.06568183904e-11
4.27873129071e-11
3.38997436204e-11
2.19499836619e-11
2.38048342147e-11
4.22897900842e-11
7.76361074739e-11
1.08991022216e-10
1.04267275952e-10
5.94703315366e-11
7.7458510146e-11
1.08305727854e-10
1.83988577345e-10
3.1218087818e-10
2.0840636122e-09
2.89900455594e-08
0
0
0
0
0
0
0
0
0
0
0
0
0
0
0
0
0
0
0
0
0
0
0
0
0
0
0
0
0
0
0
0
0
0
0
2.23462180519e-13
200
200
200
200
200
200
200
200
200
200
200
200
200
200
200
200
200
200
199.999999983
199.999999939
199.999999884
199.999999824
199.999999768
199.999999722
199.999999697
199.999999701
199.999999733
199.999999785
199.999999836
199.999999878
0.00357829248965
0.000115888746083
34.8520701741
174.713045588
2.24658428511e-10
1.75055255761e-10
1.44556329407e-10
1.24407238792e-10
1.09851733822e-10
9.75639217742e-11
8.68966834325e-11
7.67378329262e-11
6.60990292795e-11
5.63967286318e-11
4.70195025248e-11
3.71131307934e-11
2.63488822947e-11
1.40836269912e-11
2.49697539546e-12
4.46144342584e-12
5.21375770403e-12
5.91898281985e-12
1.3237394243e-11
1.92230700932e-11
3.17022592398e-11
6.60196433116e-11
1.655039807e-10
6.34685954977e-10
3.5311346327e-09
3.17793543052e-09
1.05850506561e-13
0
0
0
0
0
0
0
0
0
0
0
0
0
0
0
0
0
0
0
0
0
0
0
0
0
0
0
0
0
0
0
0
0
0
199.999749785
200
200
200
200
200
200
200
200
200
200
200
200
200
200
200
200
200
200
199.999999992
199.999999955
199.999999907
199.999999855
199.999999808
199.999999774
199.999999761
199.999999775
199.999999816
199.999999872
199.999999929
199.999999961
0.00284447048265
0.00302151652317
0.00311523291741
0.00604674546978
126.965294789
199.990406828
193.510609758
1.29152541696e-10
1.11374720261e-10
9.82790673835e-11
8.68700877209e-11
7.64031376566e-11
6.42853891529e-11
5.50247909265e-11
4.53911645269e-11
3.74174548767e-11
2.76706413297e-11
1.32640709035e-11
2.49697539546e-12
4.03130021048e-12
5.09614603008e-12
5.8013711459e-12
7.32308828474e-12
1.71555634864e-11
2.41982989353e-11
5.14343104315e-11
1.4895358263e-10
3.1226661709e-10
5.882650769e-10
2.4112560025e-11
1.7152989349e-08
0
0
0
0
0
0
0
0
0
0
0
0
0
0
0
0
0
0
0
0
0
0
0
0
0
0
0
0
0
0
0
0
0
0
200
200
200
200
200
200
200
200
200
200
200
200
200
200
200
200
200
200
200
199.999999995
199.999999967
199.999999928
199.999999885
199.999999847
199.999999821
199.999999813
199.999999828
199.999999866
199.999999916
199.999999965
142.16521014
)
;

boundaryField
{
    frontAndBack
    {
        type            empty;
    }
    leftWall
    {
        type            calculated;
        value           uniform 0;
    }
    outlet
    {
        type            calculated;
        value           uniform 0;
    }
    rightWall
    {
        type            calculated;
        value           uniform 0;
    }
    inlet
    {
        type            calculated;
        value           uniform 1.58212403599e-07;
    }
}


// ************************************************************************* //
