/*--------------------------------*- C++ -*----------------------------------*\
| =========                 |                                                 |
| \\      /  F ield         | OpenFOAM: The Open Source CFD Toolbox           |
|  \\    /   O peration     | Version:  v1906                                 |
|   \\  /    A nd           | Web:      www.OpenFOAM.com                      |
|    \\/     M anipulation  |                                                 |
\*---------------------------------------------------------------------------*/
FoamFile
{
    version     2.0;
    format      ascii;
    class       volScalarField;
    location    "346";
    object      alpha;
}
// * * * * * * * * * * * * * * * * * * * * * * * * * * * * * * * * * * * * * //

dimensions      [0 0 -1 0 0 0 0];


internalField   nonuniform List<scalar> 
9216
(
199.129266148
200
200
200
200
200
200
200
200
200
200
200
200
200
200
200
200
200
200
200
200
200
200
200
200
200
200
200
200
200
200
200
200
200
200
200
200
200
200
200
200
200
200
200
200
200
200
200
200
200
200
200
200
200
200
200
200
200
200
200
200
200
200
200
200
200
200
200
200
200
200
200
200
200
200
200
200
200
200
200
200
200
199.999999999
199.999568209
186.280360611
169.38205481
152.160650647
129.63196481
103.759172282
81.3854166002
61.3779359899
45.5773339519
32.9007328473
21.3285276564
12.4166491468
1.4579277166
200
200
200
200
200
200
200
200
200
200
200
200
200
200
200
200
200
200
200
200
200
200
200
200
200
200
200
200
200
200
200
200
200
200
200
200
200
200
200
200
200
200
200
200
200
200
200
200
200
200
200
200
200
200
200
200
200
200
200
200
200
200
200
200
200
200
200
200
200
200
200
200
200
200
200
200
200
200
200
200
200
200
200
199.99999999
199.948863083
182.654028624
165.691707141
142.117463959
120.013137529
94.1866431599
71.7060759209
57.0908468998
45.229609605
29.3180381653
19.3526052454
14.8419534905
200
200
200
200
200
200
200
200
200
200
200
200
200
200
200
200
200
200
200
200
200
200
200
200
200
200
200
200
200
200
200
200
200
200
200
200
200
200
200
200
200
200
200
200
200
200
200
200
200
200
200
200
200
200
200
200
200
200
200
200
200
200
200
200
200
200
200
200
200
200
200
200
200
200
200
200
200
200
200
200
200
200
200
199.999999916
199.199896337
179.53878201
156.216558798
142.637210695
125.710869902
96.4886881156
69.0215692356
61.2005102458
44.6296391908
34.3218588749
30.1382861388
20.3400373218
200
200
200
200
200
200
200
200
200
200
200
200
200
200
200
200
200
200
200
200
200
200
200
200
200
200
200
200
200
200
200
200
200
200
200
200
200
200
200
200
200
200
200
200
200
200
200
200
200
200
200
200
200
200
200
200
200
200
200
200
200
200
200
200
200
200
200
200
200
200
200
200
200
200
200
200
200
200
200
200
200
200
199.999999993
199.99996998
193.642685384
172.780057003
154.257508231
141.162190005
118.483412886
101.553418944
82.1562245057
58.7449257854
53.3013149632
44.2544534442
38.0879459746
25.9530564138
200
200
200
200
200
200
200
200
200
200
200
200
200
200
200
200
200
200
200
200
200
200
200
200
200
200
200
200
200
200
200
200
200
200
200
200
200
200
200
200
200
200
200
200
200
200
200
200
200
200
200
200
200
200
200
200
200
200
200
200
200
200
200
200
200
200
200
200
200
200
200
200
200
200
200
200
200
200
200
200
200
200
199.99999999
199.997951717
185.225417514
164.059536902
145.856207828
134.304148323
126.240516151
103.545456097
89.1550068373
68.5823701315
54.4303835648
53.5610808606
49.8840781881
37.6726375823
200
200
200
200
200
200
200
200
200
200
200
200
200
200
200
200
200
200
200
200
200
200
200
200
200
200
200
200
200
200
200
200
200
200
200
200
200
200
200
200
200
200
200
200
200
200
200
200
200
200
200
200
200
200
200
200
200
200
200
200
200
200
200
200
200
200
200
200
200
200
200
200
200
200
200
200
200
200
200
200
200
200
199.999999328
199.922823419
182.190744531
162.643673715
151.701866662
134.32775352
115.322790465
97.3220725474
95.6291294073
83.4139828395
64.9725331127
61.7162202122
60.8941341831
48.1664645504
200
200
200
200
200
200
200
200
200
200
200
200
200
200
200
200
200
200
200
200
200
200
200
200
200
200
200
200
200
200
200
200
200
200
200
200
200
200
200
200
200
200
200
200
200
200
200
200
200
200
200
200
200
200
200
200
200
200
200
200
200
200
200
200
200
200
200
200
200
200
200
200
200
200
200
200
200
200
200
200
200
199.999999999
199.999975897
194.519269816
178.070264091
161.381190625
147.34450983
134.027231475
115.080337862
106.852080478
93.1244169284
92.2876060359
82.7646212122
71.5948487866
71.4544071375
58.2460617314
200
200
200
200
200
200
200
200
200
200
200
200
200
200
200
200
200
200
200
200
200
200
200
200
200
200
200
200
200
200
200
200
200
200
200
200
200
200
200
200
200
200
200
200
200
200
200
200
200
200
200
200
200
200
200
200
200
200
200
200
200
200
200
200
200
200
200
200
200
200
200
200
200
200
200
200
200
200
200
200
200
199.999999996
199.999909099
193.193227764
174.757832952
160.551143236
143.101639893
129.631390823
118.218333476
112.085790684
103.608201006
93.9359208663
94.5776634477
80.7111936917
81.4407966733
68.2987634456
200
200
200
200
200
200
200
200
200
200
200
200
200
200
200
200
200
200
200
200
200
200
200
200
200
200
200
200
200
200
200
200
200
200
200
200
200
200
200
200
200
200
200
200
200
200
200
200
200
200
200
200
200
200
200
200
200
200
200
200
200
200
200
200
200
200
200
200
200
200
200
200
200
200
200
200
200
200
200
200
200
199.999999965
199.998845266
189.419178109
175.051950242
161.523511332
146.9137552
131.098584849
120.218758138
108.069506862
110.566942444
104.684888046
98.2995715474
93.5642267343
89.7078184037
77.3006414743
200
200
200
200
200
200
200
200
200
200
200
200
200
200
200
200
200
200
200
200
200
200
200
200
200
200
200
200
200
200
200
200
200
200
200
200
200
200
200
200
200
200
200
200
200
200
200
200
200
200
200
200
200
200
200
200
200
200
200
200
200
200
200
200
200
200
200
200
200
200
200
200
200
200
200
200
200
200
200
200
200
199.999999896
199.947062822
186.626805753
174.508653134
161.287792364
146.427458449
133.902026079
123.853806081
116.477421818
110.019315782
111.386672182
106.746257282
104.516983123
97.6515227269
86.8738710691
200
200
200
200
200
200
200
200
200
200
200
200
200
200
200
200
200
200
200
200
200
200
200
200
200
200
200
200
200
200
200
200
200
200
200
200
200
200
200
200
200
200
200
200
200
200
200
200
200
200
200
200
200
200
200
200
200
200
200
200
200
200
200
200
200
200
200
200
200
200
200
200
200
200
200
200
200
200
200
200
200
199.999999798
199.706924097
186.570611561
173.948202401
158.021208825
145.774965714
136.451428805
131.0650147
124.254556931
119.109139155
111.803002587
113.904529391
116.375357719
105.805887962
94.3125351614
200
200
200
200
200
200
200
200
200
200
200
200
200
200
200
200
200
200
200
200
200
200
200
200
200
200
200
200
200
200
200
200
200
200
200
200
200
200
200
200
200
200
200
200
200
200
200
200
200
200
200
200
200
200
200
200
200
200
200
200
200
200
200
200
200
200
200
200
200
200
200
200
200
200
200
200
200
200
200
200
200
199.999999775
198.577985749
186.394980831
172.687545196
159.01232538
149.559776835
141.729919492
134.19409268
129.245241829
124.511031062
120.93405475
116.098672745
121.842831393
113.257343119
100.147894679
200
200
200
200
200
200
200
200
200
200
200
200
200
200
200
200
200
200
200
200
200
200
200
200
200
200
200
200
200
200
200
200
200
200
200
200
200
200
200
200
200
200
200
200
200
200
200
200
200
200
200
200
200
200
200
200
200
200
200
200
200
200
200
200
200
200
200
200
200
200
200
200
200
200
200
200
200
200
200
200
200
199.99999516
196.827143252
186.70132628
172.806678801
163.27710433
154.180029387
145.579773468
138.054746706
133.145660099
128.363438333
124.862130143
122.75502971
125.304648203
119.599280077
105.432356589
200
200
200
200
200
200
200
200
200
200
200
200
200
200
200
200
200
200
200
200
200
200
200
200
200
200
200
200
200
200
200
200
200
200
200
200
200
200
200
200
200
200
200
200
200
200
200
200
200
200
200
200
200
200
200
200
200
200
200
200
200
200
200
200
200
200
200
200
200
200
200
200
200
200
200
200
200
200
200
200
199.999999999
199.999998722
198.469829328
187.358612444
177.782709596
165.4782013
157.349033835
148.461629823
141.554158904
138.58443511
132.619704518
129.544475117
126.782897756
124.858109177
127.513984132
110.009448925
200
200
200
200
200
200
200
200
200
200
200
200
200
200
200
200
200
200
200
200
200
200
200
200
200
200
200
200
200
200
200
200
200
200
200
200
200
200
200
200
200
200
200
200
200
200
200
200
200
200
200
200
200
200
200
200
200
200
200
200
200
188.484767687
116.555152196
55.4278659186
39.9173088313
43.0573310813
61.5210441319
105.747761394
162.855876735
190.442429787
199.747126029
200
200
200
200
200
200
200
200
200
199.999999999
199.9999857
199.943703039
190.894274106
178.34312994
169.43617393
157.461428512
151.154000062
147.054874324
143.053198564
137.023774101
133.492717145
129.982216101
128.111224839
132.759034383
113.970365938
200
200
200
200
200
200
200
200
200
200
200
200
200
200
200
200
200
200
200
200
200
200
200
200
200
200
200
200
200
200
200
200
200
200
200
200
200
200
200
200
200
200
200
200
200
200
200
200
200
200
200
200
200
200
200
200
200
8.05907165011
1.05669461015
0.25344464172
0.0866434442984
0.0380471323636
0.0218629321538
0.0183531325356
0.0215146767821
0.0316669976592
0.0546761824234
0.107877009212
0.238056032469
0.598235668681
1.69616612211
5.45518276217
19.9391088721
82.4488633632
187.858732245
200
200
200
200
200
199.999999995
199.999968976
199.987209732
191.333716173
180.136449191
169.537304284
160.43390761
157.550040575
152.402366001
145.353840957
139.465458138
136.249803884
133.856381783
130.681400463
133.76503794
116.963345122
200
200
200
200
200
200
200
200
200
200
200
200
200
200
200
200
200
200
200
200
200
200
200
200
200
200
200
200
200
200
200
200
200
200
200
200
200
200
200
200
200
200
200
200
200
200
200
200
200
200
200
200
200
200
153.262783957
0.0725512231744
0.00368151713783
0.000670186990421
0.000187776284138
7.24387271487e-05
3.58723569635e-05
2.25203829337e-05
1.97512527886e-05
2.32971796278e-05
3.40269861163e-05
5.75743278619e-05
0.000109701096516
0.000236279938826
0.000572786007488
0.00153203383789
0.00464321049062
0.0159646892978
0.0614494462147
0.263185202885
1.27915919476
7.11658138796
44.336954873
178.763329401
200
200
199.999541854
199.999999214
198.613875952
189.343241127
179.101381002
168.253735542
163.526727418
160.155811533
149.680669224
144.768803898
142.079574979
137.958682348
136.023317036
132.860618367
134.10967564
118.865920134
200
200
200
200
200
200
200
200
200
200
200
200
200
200
200
200
200
200
200
200
200
200
200
200
200
200
200
200
200
200
200
200
200
200
200
200
200
200
200
200
200
200
200
200
200
200
200
200
200
200
200
200
200
0.0105498089284
7.24037850259e-05
7.34748117697e-06
1.52653141404e-06
4.43528059642e-07
1.70205278733e-07
7.94655286255e-08
4.84749964253e-08
3.98719169947e-08
4.45858831331e-08
6.35096152552e-08
1.13989698435e-07
2.20855119022e-07
4.74624756069e-07
1.11319235938e-06
2.92255209352e-06
8.56204438518e-06
2.769640063e-05
9.72161057949e-05
0.000379368333547
0.00161209527898
0.00782766010667
0.0420381853252
0.249295908897
1.68192952765
13.1648688154
116.400176149
197.085673142
199.933010068
193.246364069
186.112602753
176.754534869
167.38147655
165.222703443
157.622249808
151.375861274
147.611534342
144.237250216
141.247405696
136.284066663
134.962741864
133.27610949
120.217643526
200
200
200
200
200
200
200
200
200
200
200
200
200
200
200
200
200
200
200
200
200
200
200
200
200
200
200
200
200
200
200
200
200
200
200
200
200
200
200
200
200
200
200
200
200
200
200
200
200
200
200
200
1.36658965332e-05
3.19113075994e-07
7.60288432693e-09
0
0
0
0
0
0
0
0
0
1.61984121219e-10
5.3311100709e-10
2.70339133852e-09
8.06004506818e-09
2.72956328408e-08
9.23825434039e-08
3.23723662747e-07
1.17977927905e-06
4.64058027102e-06
1.96912274006e-05
8.93487283133e-05
0.000446528045165
0.0024661406784
0.0156055502143
0.108322034909
0.846993052576
7.79082626998
76.3344692123
184.123915597
182.781397379
174.39470563
167.772054653
168.114754
159.950962626
155.093940201
151.018777563
146.993403903
142.542558315
138.223323175
136.130451926
132.857165026
121.665351987
200
200
200
200
200
200
200
200
200
200
200
200
200
200
200
200
200
200
200
200
200
200
200
200
200
200
200
200
200
200
200
200
200
200
200
200
200
200
200
200
200
200
200
200
200
200
200
200
200
200
200
1.60344653854e-07
0
0
0
0
0
0
0
0
0
0
0
0
0
0
0
1.22353670444e-10
3.36132964484e-10
1.49312005117e-09
6.29259099453e-09
2.55910347124e-08
1.05623979807e-07
4.38077482242e-07
1.86247901117e-06
8.84103594132e-06
4.38206635957e-05
0.000240312430298
0.00147562912506
0.0105234878247
0.0761406210231
0.624234612765
6.05461766101
71.0017002503
170.4701007
172.80005173
168.332812942
160.2975816
157.574334214
153.607910407
149.159386451
144.992126637
141.647151688
136.718045668
134.427106684
123.027676848
200
200
200
200
200
200
200
200
200
200
200
200
200
200
200
200
200
200
200
200
200
200
200
200
200
200
200
200
200
200
200
200
200
200
200
200
200
200
200
200
200
200
200
200
200
200
200
200
200
200
1.72004405749e-12
0
0
0
0
0
0
0
0
0
0
0
0
0
0
0
0
0
0
1.179262944e-11
1.90137465392e-10
5.38269943273e-10
2.41033606769e-09
1.3276765409e-08
5.3109613494e-08
2.69813194692e-07
1.22490491218e-06
6.41506866679e-06
3.27206230031e-05
0.000193680980625
0.00120026881006
0.00881020336956
0.0708694168337
0.680340090618
8.34128783115
126.048434106
166.338807029
160.854308552
158.616288884
154.660302132
150.506451859
146.187550588
143.97716885
138.187486998
135.866433767
123.806691063
200
200
200
200
200
200
200
200
200
200
200
200
200
200
200
200
200
200
200
200
200
200
200
200
200
200
200
200
200
200
200
200
200
200
200
200
200
200
200
200
200
200
200
200
200
200
200
200
200
0
0
0
0
0
0
0
0
0
0
0
0
0
0
0
0
0
0
0
0
0
0
0
1.18165556057e-10
3.4787384965e-10
1.86193277597e-09
9.27554723044e-09
3.83422570639e-08
2.04587841127e-07
9.78670547599e-07
5.23906141437e-06
2.79629627176e-05
0.000186279723385
0.00130800245918
0.0108528093877
0.106616481265
1.46193630693
24.2298940645
154.901014567
155.363342103
152.69916304
150.27982732
146.011809828
143.897802265
139.592845932
135.583126398
123.126957911
200
200
200
200
200
200
200
200
200
200
200
200
200
200
200
200
200
200
200
200
200
200
200
200
200
200
200
200
200
200
200
200
200
200
200
200
200
200
200
200
200
200
200
200
200
200
200
200
0
0
0
0
0
0
0
0
0
0
0
0
0
0
0
0
0
0
0
0
0
0
0
0
0
0
9.11393247469e-11
3.45148621675e-10
1.65050071206e-09
8.42404320931e-09
3.89504675703e-08
2.15499821073e-07
1.06834500461e-06
6.13555092767e-06
3.93929619708e-05
0.000266604124557
0.00220189604876
0.0244157110853
0.296397076759
5.18243171902
113.485096353
149.952211816
148.264653684
145.049764322
142.952606493
139.610597008
134.054034746
120.920010394
200
200
200
200
200
200
200
200
200
200
200
200
200
200
200
200
200
200
200
200
200
200
200
200
200
200
200
200
200
200
200
200
200
200
200
200
200
200
200
200
200
200
200
200
200
200
200
0
0
0
0
0
0
0
0
0
0
0
0
0
0
0
0
0
0
0
0
0
0
0
0
0
0
0
0
0
8.68748374823e-11
3.86990540466e-10
2.04240020587e-09
1.08910716906e-08
5.30861301328e-08
3.18945102825e-07
1.73477334042e-06
1.09510613956e-05
7.39852712442e-05
0.000582221297711
0.00646415754605
0.0799475363505
1.60030462492
49.3548003537
145.060386526
143.790089748
141.765600568
138.892249037
132.610445975
117.965412495
200
200
200
200
200
200
200
200
200
200
200
200
200
200
200
200
200
200
200
200
200
200
200
200
200
200
200
200
200
200
200
200
200
200
200
200
200
200
200
200
200
200
200
200
200
200
0
0
0
0
0
0
0
0
0
0
0
0
0
0
0
0
0
0
0
0
0
0
0
0
0
0
0
0
0
0
0
0
1.13636492436e-10
5.34002667773e-10
2.9643576039e-09
1.68152109627e-08
9.83756039929e-08
5.57832378936e-07
3.75626848373e-06
2.5094628146e-05
0.000215028422465
0.00209952741178
0.0313176304396
0.658542040301
23.0798607992
138.758073771
140.156181881
136.621656773
131.3771283
114.586158199
200
200
200
200
200
200
200
200
200
200
200
200
200
200
200
200
200
200
200
200
200
200
200
200
200
200
200
200
200
200
200
200
200
200
200
200
200
200
200
200
200
200
200
200
200
0
0
0
0
0
0
0
0
0
0
0
0
0
0
0
0
0
0
0
0
0
0
0
0
0
0
0
0
0
0
0
0
0
0
0
1.82904628994e-10
9.42102528246e-10
7.34550773737e-09
3.81989251249e-08
2.41774485434e-07
1.65082988867e-06
1.03216347639e-05
8.64643989293e-05
0.000980219909044
0.0152584608844
0.340131101828
14.0484300307
133.487721702
133.98285953
129.337497558
111.05086292
200
200
200
200
200
200
200
200
200
200
200
200
200
200
200
200
200
200
200
200
200
200
200
200
200
200
200
200
200
200
200
200
200
200
200
200
200
200
200
200
200
200
200
200
200
0
0
0
0
0
0
0
0
0
0
0
0
0
0
0
0
0
0
0
0
0
0
0
0
0
0
0
0
0
0
0
0
0
0
0
0
5.5530138493e-11
4.09121553412e-10
2.99963329573e-09
1.82373919524e-08
1.22941412907e-07
8.13780738946e-07
5.65075781708e-06
4.72901605851e-05
0.000515879418272
0.0084659389893
0.210133046248
13.0186772135
127.93366333
126.99775347
107.270454149
200
200
200
200
200
200
200
200
200
200
200
200
200
200
200
200
200
200
200
200
200
200
200
200
200
200
200
200
200
200
200
200
200
200
200
200
200
200
200
200
200
200
200
200
199.676538146
0
0
0
0
0
0
0
0
0
0
0
0
0
0
0
0
0
0
0
0
0
0
0
0
0
0
0
0
0
0
0
0
0
0
0
0
0
0
1.93886432826e-10
1.6296448346e-09
9.79792022447e-09
7.3294359431e-08
4.59611947755e-07
3.00162064885e-06
2.49366718003e-05
0.000317796187359
0.00553934074435
0.197833970099
20.244090018
123.234840408
102.465475033
200
200
200
200
200
200
200
200
200
200
200
200
200
200
200
200
200
200
200
200
200
200
200
200
200
200
200
200
200
200
200
200
200
200
200
200
200
200
200
200
200
200
200
200
0
0
0
0
0
0
0
0
0
0
0
0
0
0
0
0
0
0
0
0
0
0
0
0
0
0
0
0
0
0
0
0
0
0
0
0
0
0
0
0
8.7109466016e-11
1.01700728271e-09
7.07266579958e-09
4.98934579331e-08
3.06654793149e-07
2.45899272115e-06
1.91549546013e-05
0.00025878272971
0.00602951807486
0.286295361228
73.3380808871
97.2499972671
199.999261903
200
200
200
200
200
200
200
200
200
200
200
200
200
200
200
200
200
200
200
200
200
200
200
200
200
200
200
200
200
200
200
200
200
200
200
200
200
200
200
200
200
200
199.999995891
0
0
0
0
0
0
0
0
0
0
0
8.21534317749e-11
4.11026800316e-10
6.33816701912e-10
1.08751345296e-09
0
0
0
0
0
0
0
0
0
0
0
0
0
0
0
0
0
0
0
0
0
0
0
0
0
0
3.69037167083e-11
7.0048126296e-10
6.26901747657e-09
4.1633254311e-08
2.76421935273e-07
2.15011361863e-06
2.07281591555e-05
0.000302648397196
0.00826161691582
0.940945132933
85.9020730298
200
200
200
1.04373033655e-13
0
0
0
0
0
0
0
0
0
0
0
0
0
0
0
0
0
0
0
1.3044587406e-08
1.89259599651e-06
200
200
200
200
200
200
200
200
200
200
200
200
200
200
200
200
200
200
199.999774806
0
0
0
0
0
0
0
0
0
2.85031960913e-10
4.72641659583e-09
2.91432409704e-08
2.08481573762e-07
1.37271219212e-06
2.60824285728e-06
3.65607442702e-06
9.83233376665e-08
6.67662943903e-09
0
0
0
0
0
0
0
0
0
0
0
0
0
0
0
0
0
0
0
0
0
0
0
0
6.51307847143e-12
5.88644460194e-10
4.71025649988e-09
3.3261456627e-08
2.67390076321e-07
2.15575327431e-06
2.09955764978e-05
0.000427062303786
0.0225758082473
8.93056228131
1.29942670273e-14
6.83908790909e-15
0
0
0
0
0
0
0
0
0
0
0
0
0
0
0
0
0
0
0
0
0
0
0
0
0
0
0
0
7.49075958042e-08
1.02571664844e-05
200
200
200
200
200
200
200
200
200
200
200
0
0
0
0
0
0
0
0
7.12059482561e-11
6.14943434249e-09
3.11189061392e-07
2.73116657867e-05
200
200
200
200
200
200
200
200
169.981072952
0
0
0
0
0
0
0
0
0
0
0
0
0
0
0
0
0
0
0
0
0
0
0
2.5594239688e-13
6.8400268193e-10
5.41178798431e-09
4.81250398046e-08
3.6422414218e-07
3.06191273883e-06
3.96759433204e-05
0.00106980536033
0.146818033531
0
0
0
0
0
0
0
0
0
0
0
0
0
0
0
0
0
0
0
0
0
0
0
0
0
0
0
0
0
0
0
0
0
0
0
1.02798601601e-07
5.03240812244e-06
200
200
200
200
200
200
0
0
0
0
0
0
0
7.69588404976e-10
1.79380045867e-07
0.000136894172545
200
200
200
200
200
200
200
200
200
200
200
200
175.872644102
0
0
0
0
0
0
0
0
0
0
0
0
0
0
0
0
0
0
0
0
0
0
2.46589840438e-11
9.82730548119e-10
8.66235591121e-09
6.16149604443e-08
5.79317425849e-07
5.74812310953e-06
9.16056077939e-05
0.00557875054908
0
0
0
0
0
0
0
0
0
0
0
0
0
0
0
0
0
0
0
0
0
0
0
0
0
0
0
0
0
0
0
0
0
0
0
0
0
0
8.45661176119e-10
7.49227141284e-08
9.40037128194e-07
2.18381706845e-06
4.92195503746e-08
0
0
0
0
0
0
7.81761349087e-09
4.99740632605e-06
200
200
200
200
200
200
200
200
200
200
200
200
200
200
200
199.862499268
0
0
0
0
0
0
0
0
0
0
0
0
0
0
0
0
0
0
0
0
0
0
7.73460587388e-11
1.91290626794e-09
1.3274178308e-08
1.08108942071e-07
9.62624701783e-07
1.32200571905e-05
0.00038682197948
0
0
0
0
0
0
0
0
0
0
0
0
0
0
0
0
0
0
0
0
0
0
0
0
0
0
0
0
0
0
0
0
0
0
0
0
0
0
0
0
0
0
5.6684212355e-09
0
0
1.00697195826e-12
1.72896650299e-12
1.07973577988e-10
6.24207925725e-08
0.000308907670891
200
200
200
200
200
200
200
200
200
200
200
200
200
200
200
200
200
200
0
0
0
0
0
0
0
0
0
0
0
0
0
0
0
0
0
0
0
0
0
0
2.28176891547e-10
3.54234398379e-09
2.97030864513e-08
2.61067495556e-07
2.81591344751e-06
4.55675484018e-05
0
0
0
0
0
0
0
0
0
0
0
0
0
0
0
0
0
0
0
0
0
0
0
0
0
0
0
0
0
0
0
0
0
0
0
0
0
0
0
0
0
0
0
0
1.28019061748e-12
8.36707352422e-12
6.53309135586e-10
1.26990365451e-07
0.0469879678084
200
200
200
200
200
200
200
200
200
200
200
200
200
200
200
200
200
200
200
200
0
0
0
0
0
0
0
0
0
0
0
0
0
0
0
0
0
0
0
0
0
0
7.62179624075e-10
7.06247004575e-09
8.11307531445e-08
7.99128350726e-07
8.83804961241e-06
0
0
0
0
0
0
0
0
0
0
0
0
0
0
0
0
0
0
0
0
0
0
0
0
0
0
0
0
0
0
0
0
0
0
0
0
0
0
0
0
0
0
0
0
0
4.37800092933e-10
4.91875597812e-08
200
200
200
200
200
200
200
200
200
200
200
200
200
200
200
200
200
200
200
200
200
200
200
0
0
0
0
0
0
0
0
0
0
0
0
0
0
0
0
0
0
0
0
0
1.09940728347e-10
2.54032345747e-09
2.11462017426e-08
2.37615503053e-07
2.39379705197e-06
0
0
0
0
0
0
0
0
0
0
0
0
0
0
0
0
0
0
0
0
0
0
0
0
0
0
0
0
0
0
0
0
0
0
0
0
0
0
0
0
0
0
0
0
0
0
4.55928207268e-06
199.999999999
200
200
200
200
200
200
200
200
200
200
200
200
200
200
200
200
200
200
200
200
200
200
200
0
0
0
0
0
0
0
0
0
0
0
0
0
0
0
0
0
0
0
0
0
6.90890044721e-10
8.16310834398e-09
9.01556319335e-08
8.06245112156e-07
0
0
0
0
0
0
0
0
0
0
0
0
0
0
0
0
0
0
0
0
0
0
0
0
0
0
0
0
0
0
0
0
0
0
0
0
0
0
0
0
0
0
0
0
0
0
0
0
9.52654559053e-14
199.999999993
200
200
200
200
200
200
200
200
200
200
200
200
200
200
200
200
200
200
200
200
200
199.991224568
0
0
0
0
0
0
0
0
0
0
0
0
0
0
0
0
0
0
0
0
1.90261514978e-10
3.52047079462e-09
3.92547275156e-08
3.29521904422e-07
0
0
0
0
0
0
0
0
0
0
0
0
0
0
0
0
0
0
0
0
0
0
0
0
0
0
0
0
0
0
0
0
0
0
0
0
0
0
0
0
0
0
0
0
0
0
0
0
0
8.57389103147e-14
1.14801187588e-12
6.59887640484e-07
200
200
200
200
200
200
200
200
200
200
200
200
200
200
200
200
200
200
200
200
4.71839130927e-09
0
0
0
0
0
0
0
0
0
0
0
0
0
0
0
0
0
0
0
4.74526849121e-11
1.72329329287e-09
1.9322276441e-08
1.58810353701e-07
0
0
0
0
0
0
0
0
0
0
0
0
0
0
0
0
0
0
0
0
0
0
0
0
0
0
0
0
0
0
0
0
0
0
0
0
0
0
0
0
0
0
0
0
0
0
0
0
0
0
7.71650192833e-14
4.3346840942e-13
5.33061144978e-12
2.43105706069e-06
200
200
200
200
200
200
200
200
200
200
200
200
200
200
200
200
200
200
200
0
0
0
0
0
0
0
0
0
0
0
0
0
0
0
0
0
0
0
0
7.85903509381e-10
9.69194644583e-09
8.76687725294e-08
0
0
0
0
0
0
0
0
0
0
0
0
0
0
0
0
0
0
0
0
0
0
0
0
0
0
0
0
0
0
0
0
0
0
0
0
0
0
0
0
0
0
0
0
0
0
0
0
0
0
0
1.46613536638e-13
3.27617902858e-13
4.57855810376e-12
1.31409212985e-11
4.99114981765e-05
200
200
200
200
200
200
200
200
200
200
200
200
200
200
200
200
200
4.78096188701e-07
0
0
0
0
0
0
0
0
0
0
0
0
0
0
0
0
0
0
0
3.8583196404e-10
5.29757091583e-09
5.40940826889e-08
0
0
0
0
0
0
0
0
0
0
0
0
0
0
0
0
0
0
0
0
0
0
0
0
0
0
0
0
0
0
0
0
0
0
0
0
0
0
0
0
0
0
0
0
0
0
0
0
0
0
0
0
1.31952182974e-13
2.94856112572e-13
4.06444899433e-12
8.95468939109e-12
1.00007246265e-06
200
200
200
200
200
200
200
200
200
200
200
200
200
200
200
200
200
0
0
0
0
0
0
0
0
0
0
0
0
0
0
0
0
0
0
0
2.35911716435e-10
3.98713668188e-09
3.65661915913e-08
0
0
0
0
0
0
0
0
0
0
0
0
0
0
0
0
0
0
0
0
0
0
0
0
0
0
0
0
0
0
0
0
0
0
0
0
0
0
0
0
0
0
0
0
0
0
0
0
0
0
0
0
0
1.88205482032e-13
6.4380566621e-13
3.11992729066e-12
4.84039182359e-12
9.7251865576e-08
200
200
200
200
200
200
200
200
200
200
200
200
200
200
200
200
7.06243957872e-08
0
0
0
0
0
0
0
0
0
0
0
0
0
0
0
0
0
0
1.39821454105e-10
3.20320421232e-09
2.72887492108e-08
0
0
0
0
0
0
0
0
0
0
0
0
0
0
0
0
0
0
0
0
0
0
0
0
0
0
0
0
0
0
0
0
0
0
0
0
0
0
0
0
0
0
0
0
0
0
0
0
0
0
0
0
0
5.62532990575e-14
1.18756964677e-13
9.85032220018e-13
2.62365834803e-12
4.33444654456e-12
4.21328356194e-12
200
200
200
200
200
200
200
200
200
200
200
200
200
200
200
200
0
0
0
0
0
0
0
0
0
0
0
0
0
0
0
0
0
0
1.15651148178e-10
2.58352462971e-09
2.24286691265e-08
0
0
0
0
0
0
0
0
0
0
0
0
0
0
0
0
0
0
0
0
0
0
0
0
0
0
0
0
0
0
0
0
0
0
0
0
0
0
0
0
0
0
0
0
0
0
0
0
0
0
0
0
0
5.62532990575e-14
1.06881268209e-13
1.06881268209e-13
1.04014022836e-12
2.52729657615e-12
3.81077164402e-12
3.63263313152e-12
200
200
200
200
200
200
200
200
200
200
200
200
200
200
200
0
0
0
0
0
0
0
0
0
0
0
0
0
0
0
0
0
0
1.06628358085e-10
2.53011895492e-09
2.07966624709e-08
0
0
0
0
0
0
0
0
0
0
0
0
0
0
0
0
0
0
0
0
0
0
0
0
0
0
0
0
0
0
0
0
0
0
0
0
0
0
0
0
0
0
0
0
0
0
0
0
0
0
0
0
0
0
1.06881268209e-13
1.06881268209e-13
1.06881268209e-13
1.26144734233e-12
2.90208211693e-12
3.13087185385e-12
1.60184922942e-08
200
200
200
200
200
200
200
200
200
200
200
200
200
200
0
0
0
0
0
0
0
0
0
0
0
0
0
0
0
0
0
0
1.0914782608e-10
2.50423483126e-09
2.12919101272e-08
0
0
0
0
0
0
0
0
0
0
0
0
0
0
0
0
0
0
0
0
0
0
0
0
0
0
0
0
0
0
0
0
0
0
0
0
0
0
0
0
0
0
0
0
0
0
0
0
0
0
0
0
0
0
0
1.06881268209e-13
1.06881268209e-13
1.06881268209e-13
1.50734413563e-12
2.26622363864e-12
2.19017628299e-12
3.42228730809e-07
200
200
200
200
200
200
200
200
200
200
200
200
200
0
0
0
0
0
0
0
0
0
0
0
0
0
0
0
0
0
0
1.51727498828e-10
2.61887059487e-09
2.34923952029e-08
0
0
0
0
0
0
0
0
0
0
0
0
0
0
0
0
0
0
0
0
0
0
0
0
0
0
0
0
0
0
0
0
0
0
0
0
0
0
0
0
0
0
0
0
0
0
0
0
0
0
0
0
0
0
0
0
0
5.62532990575e-14
1.69384933829e-13
1.42980151451e-12
1.88641330142e-12
1.35786605335e-12
200
200
200
200
200
200
200
200
200
200
200
200
200
0
0
0
0
0
0
0
0
0
0
0
0
0
0
0
0
0
0
2.08327843846e-10
3.54664323573e-09
2.76795757131e-08
0
0
0
0
0
0
0
0
0
0
0
0
0
0
0
0
0
0
0
0
0
0
0
0
0
0
0
0
0
0
0
0
0
0
0
0
0
0
0
0
0
0
0
0
0
0
0
0
0
0
0
0
0
0
0
0
0
0
2.94856112572e-13
3.90121568478e-13
3.5110941163e-13
7.09489379632e-13
9.12213955168e-11
200
200
200
200
200
200
200
200
200
200
200
200
0
0
0
0
0
0
0
0
0
0
0
0
0
0
0
0
0
0
3.06385488187e-10
4.5776673599e-09
3.47120950356e-08
0
0
0
0
0
0
0
0
0
0
0
0
0
0
0
0
0
0
0
0
0
0
0
0
0
0
0
0
0
0
0
0
0
0
0
0
0
0
0
0
0
0
0
0
0
0
0
0
0
0
0
0
0
0
0
0
0
0
7.71650192833e-14
3.27617902858e-13
4.95972075039e-13
3.90121568478e-13
1.94280265772e-11
200
200
200
200
200
200
200
200
200
200
200
200
0
0
0
0
0
0
0
0
0
0
0
0
0
0
0
0
0
0
5.23136630863e-10
5.83554365118e-09
4.28717927905e-08
0
0
0
0
0
0
0
0
0
0
0
0
0
0
0
0
0
0
0
0
0
0
0
0
0
0
0
0
0
0
0
0
0
0
0
0
0
0
0
0
0
0
0
0
0
0
0
0
0
0
0
0
0
0
0
0
0
0
0
0
3.64019892065e-13
5.51080083377e-13
7.88781698879e-12
1.65678073573e-10
200
200
200
200
200
200
200
200
200
200
199.999999999
5.62532990575e-14
0
0
0
0
0
0
0
0
0
0
0
0
0
0
0
0
2.90827115197e-11
9.13719581763e-10
8.38538884548e-09
5.08529952578e-08
0
0
0
0
0
0
0
0
0
0
0
0
0
0
0
0
0
0
0
0
0
0
0
0
0
0
0
0
0
0
0
0
0
0
0
0
0
0
0
0
0
0
0
0
0
0
0
0
0
0
0
0
0
0
0
0
0
0
0
0
0
4.04466546739e-13
8.89492073639e-12
6.23032647015e-11
200
200
200
200
200
200
200
200
200
200
199.999996671
5.62532990575e-14
5.62532990575e-14
0
0
0
0
0
0
0
0
0
0
0
0
0
0
0
9.1878250602e-11
1.51988801257e-09
1.26311092265e-08
1.31320271633e-07
0
0
0
0
0
0
0
0
0
0
0
0
0
0
0
0
0
0
0
0
0
0
0
0
0
0
0
0
0
0
0
0
0
0
0
0
0
0
0
0
0
0
0
0
0
0
0
0
0
0
0
0
0
0
0
0
0
0
0
0
0
0
3.84287517082e-12
2.06729602256e-11
200
200
200
200
200
200
200
200
200
199.999999999
199.999980041
5.62532990575e-14
5.62532990575e-14
5.62532990575e-14
0
0
0
0
0
0
0
0
0
0
0
0
0
0
2.33077818231e-10
2.41496864481e-09
1.72065972518e-08
4.26340611791e-07
0
0
0
0
0
0
0
0
0
0
0
0
0
0
0
0
0
0
0
0
0
0
0
0
0
0
0
0
0
0
0
0
0
0
0
0
0
0
0
0
0
0
0
0
0
0
0
0
0
0
0
0
0
0
0
0
0
0
0
0
0
0
0
1.95078255049e-11
200
200
200
200
200
200
200
200
200
199.999998035
0
5.06279691518e-14
5.62532990575e-14
5.62532990575e-14
5.62532990575e-14
0
0
0
0
0
0
0
0
0
0
0
0
2.51734562258e-12
4.26080582236e-10
4.35709062881e-09
2.17782923835e-08
7.70122902592e-07
0
0
0
0
0
0
0
0
0
0
0
0
0
0
0
0
0
0
0
0
0
0
0
0
0
0
0
0
0
0
0
0
0
0
0
0
0
0
0
0
0
0
0
0
0
0
0
0
0
0
0
0
0
0
0
0
0
0
0
0
0
0
0
1.78324865013e-11
200
200
200
200
200
200
200
200
199.999999154
199.999988215
0
0
5.06279691518e-14
5.62532990575e-14
5.62532990575e-14
0
0
0
0
0
0
0
0
0
0
0
0
7.4509035085e-11
7.23032011641e-10
5.60794508752e-09
2.36776032591e-08
1.27795464517e-06
0
0
0
0
0
0
0
0
0
0
0
0
0
0
0
0
0
0
0
0
0
0
0
0
0
0
0
0
0
0
0
0
0
0
0
0
0
0
0
0
0
0
0
0
0
0
0
0
0
0
0
0
0
0
0
0
0
0
0
0
0
0
0
0
200
200
200
200
200
200
200
199.999999383
199.999994363
0
0
0
0
5.62532990575e-14
5.62532990575e-14
5.62532990575e-14
0
0
0
0
0
0
0
0
0
0
0
1.52420717429e-10
1.52441405222e-09
7.43649443703e-09
4.94401616465e-08
1.7915033611e-06
0
0
0
0
0
0
0
0
0
0
0
0
0
0
0
0
0
0
0
0
0
0
0
0
0
0
0
0
0
0
0
0
0
0
0
0
0
0
0
0
0
0
0
0
0
0
0
0
0
0
0
0
0
0
0
0
0
0
0
0
0
0
0
0
200
200
200
200
200
200
199.9999995
199.999995434
0
0
0
0
0
0
5.62532990575e-14
5.62532990575e-14
0
0
0
0
0
0
0
0
0
0
3.94083326941e-11
2.87093196111e-10
1.75336729199e-09
7.10509415958e-09
1.09840253994e-07
2.77667461686e-06
0
0
0
0
0
0
0
0
0
0
0
0
0
0
0
0
0
0
0
0
0
0
0
0
0
0
0
0
0
0
0
0
0
0
0
0
0
0
0
0
0
0
0
0
0
0
0
0
0
0
0
0
0
0
0
0
0
0
0
0
0
0
0
0
200
200
200
200
199.999999999
199.99999955
199.999996302
0
0
0
0
0
0
0
0
5.62532990575e-14
0
0
0
0
0
0
0
0
0
0
1.10570007659e-10
5.88640097688e-10
2.04107793164e-09
4.96422185248e-09
1.29657790237e-07
4.13927577782e-06
0
0
0
0
0
0
0
0
0
0
0
0
0
0
0
0
0
0
0
0
0
0
0
0
0
0
0
0
0
0
0
0
0
0
0
0
0
0
0
0
0
0
0
0
0
0
0
0
0
0
0
0
0
0
0
0
0
0
0
0
0
0
0
9.77338790419
200
200
200
199.999999999
199.999999595
199.999995891
0
0
0
0
0
0
0
0
0
0
0
0
0
0
0
0
0
0
0
4.36332061057e-11
1.6263483162e-10
6.53798472138e-10
1.21026961005e-09
1.1121462836e-08
1.98503779248e-07
5.86405387907e-06
0
0
0
0
0
0
0
0
0
0
0
0
0
0
0
0
0
0
0
0
0
0
0
0
0
0
0
0
0
0
0
0
0
0
0
0
0
0
0
0
0
0
0
0
0
0
0
0
0
0
0
0
0
0
0
0
0
0
0
0
0
0
0
199.999999997
200
200
199.999999996
199.999999445
199.999994363
0
0
0
0
0
0
0
0
0
0
0
0
0
0
0
0
0
0
0
0
1.20229212304e-10
4.47463110962e-10
7.51652036692e-10
2.15005446711e-10
1.07887386093e-08
3.36660836707e-07
6.31673283662e-06
0
0
0
0
0
0
0
0
0
0
0
0
0
0
0
0
0
0
0
0
0
0
0
0
0
0
0
0
0
0
0
0
0
0
0
0
0
0
0
0
0
0
0
0
0
0
0
0
0
0
0
0
0
0
0
0
0
0
0
0
0
0
0
199.999999996
200
199.999999964
199.999997573
0
0
0
0
0
0
0
0
0
0
0
0
0
0
0
0
0
0
0
0
0
6.78900478777e-11
2.49698373089e-10
8.12027823651e-10
1.37222961648e-09
8.98613801818e-11
2.77425150957e-09
5.62791591336e-07
5.8256661067e-06
0
0
0
0
0
0
0
0
0
0
0
0
0
0
0
0
0
0
0
0
0
0
0
0
0
0
0
0
0
0
0
0
0
0
0
0
0
0
0
0
0
0
0
0
0
0
0
0
0
0
0
0
0
0
0
0
0
0
0
0
0
0
0
199.999999989
0
0
0
0
0
0
0
0
0
0
0
0
0
0
0
0
0
0
0
0
0
0
0
4.54042931762e-11
1.17815721061e-10
3.21478523403e-10
7.68661787463e-10
8.70278650769e-10
2.71245990919e-09
1.08971016773e-08
2.84831914656e-07
3.14377419019e-06
0
0
0
0
0
0
0
0
0
0
0
0
0
0
0
0
0
0
0
0
0
0
0
0
0
0
0
0
0
0
0
0
0
0
0
0
0
0
0
0
0
0
0
0
0
0
0
0
0
0
0
0
0
0
0
0
0
0
0
0
0
0
0
0
0
0
0
0
0
0
0
0
0
0
0
0
0
0
0
0
0
0
0
0
0
0
3.06394494564e-11
1.51222969483e-10
2.34011930841e-10
3.27363223994e-10
3.40526312702e-10
1.59428983664e-08
1.98380793939e-08
3.70660912535e-08
2.12564721873e-07
5.02877952762e-06
1.29942670273e-14
0
0
0
0
0
0
0
0
0
0
0
0
0
0
0
0
0
0
0
0
0
0
0
0
0
0
0
0
0
0
0
0
0
0
0
0
0
0
0
0
0
0
0
0
0
0
0
0
0
0
0
0
0
0
0
0
0
0
0
0
0
0
0
0
0
0
0
0
0
0
0
0
0
0
0
0
0
0
0
0
0
0
0
0
2.7235570987e-11
1.65579244256e-10
2.495515311e-10
2.72357206562e-10
5.41898500224e-10
3.95303838746e-09
4.41422240281e-09
6.6601029665e-09
1.56760889362e-08
9.19529741442e-08
2.93787579133e-06
200
200
3.12900938106e-14
0
0
0
0
0
0
0
0
0
0
0
0
0
0
0
0
0
0
0
0
0
0
0
0
0
0
0
0
0
0
0
0
0
0
0
0
0
0
0
0
0
0
0
0
0
0
0
0
0
0
0
0
0
0
0
0
0
0
0
0
0
0
0
0
0
0
0
0
0
0
0
0
0
0
0
0
0
0
0
0
0
4.32352885258e-11
1.84717955352e-10
1.83134801042e-10
3.3942831721e-10
1.64273772054e-09
1.46126318814e-09
1.57916784544e-09
2.50999469267e-09
4.41498476028e-09
1.07332687907e-08
6.00594622203e-08
2.69771571429e-06
200
200
200
200
199.999885444
0
0
0
0
0
0
0
0
0
0
0
0
0
0
0
0
0
0
0
0
0
0
0
0
0
0
0
0
0
0
0
0
0
0
0
0
0
0
0
0
0
0
0
0
0
0
0
0
0
0
0
0
0
0
0
0
0
0
0
0
0
0
0
0
0
0
0
0
0
0
0
0
0
0
1.88205482032e-13
2.09117202258e-13
1.31952182974e-13
2.10415851504e-11
1.45618571474e-10
1.89483111015e-10
1.84930428805e-10
9.57187947496e-10
9.13399359107e-10
9.30107126181e-10
1.0814046127e-09
1.37259153015e-09
1.83960401749e-09
2.58597047903e-09
4.66717084633e-09
2.34433149467e-08
1.91264883006e-06
200
200
200
200
200
42.2056116337
2.13943424471e-13
0
0
0
0
0
0
0
0
0
0
0
0
0
0
0
0
0
0
0
0
0
0
0
0
0
0
0
0
0
0
0
0
0
0
0
0
0
0
0
0
0
0
0
0
0
0
0
0
0
0
0
0
0
0
0
0
0
0
0
0
0
0
0
0
0
0
8.13764925449e-11
1.03772838135e-10
6.82279412995e-10
1.04125499776e-09
2.31158193771e-09
3.04987873773e-09
3.5191145912e-09
3.77608808637e-09
2.57856409689e-09
4.82597435548e-10
1.64031485579e-10
9.20765961769e-10
6.78374663047e-10
6.4392700366e-10
7.23063945239e-10
8.51222978842e-10
9.92223335077e-10
1.18594540266e-09
1.47379210982e-09
1.85937988838e-09
2.54356083772e-09
5.48233274111e-09
1.13656075955e-06
200
200
200
200
0.00254084694943
1.56779431509e-07
1.16059755524e-06
3.2778688575e-07
5.68010880584e-14
0
0
0
0
0
0
0
0
0
0
0
0
0
0
0
0
0
0
0
0
0
0
0
0
0
0
0
0
0
0
0
0
0
0
0
0
0
0
0
0
0
0
0
0
0
0
0
0
0
0
0
0
0
0
0
0
0
0
0
0
0
0
8.83709171625e-10
4.67717287125e-09
9.54077893973e-09
1.45889019095e-08
1.73937464528e-08
1.87209295325e-08
2.09255850815e-08
1.86820453094e-08
1.67679535097e-08
1.17990441429e-08
4.60754595591e-09
1.91155455111e-09
8.47134818968e-10
5.81038012536e-10
5.80083922233e-10
6.40251151538e-10
7.09697275363e-10
8.00675978722e-10
9.11077001076e-10
1.05156538659e-09
1.23667071379e-09
1.46869935353e-09
1.78931716494e-09
2.46494841514e-09
5.36654314093e-07
200
200
200
0.00166704968352
2.42652134601e-06
2.65507426631e-07
4.12124697982e-08
2.81618620001e-10
5.8886019828e-10
6.1290892361e-12
0
0
0
0
0
0
0
0
0
0
0
0
0
0
0
0
0
0
0
0
0
0
0
0
0
0
0
0
0
0
0
0
0
0
0
0
0
0
0
0
0
0
0
0
0
0
0
0
0
0
0
0
0
0
0
0
0
0
0
0
0
4.29398315614e-09
1.24190853731e-08
1.34320381361e-08
1.39136034246e-08
1.51174420854e-08
1.61806190693e-08
1.71889821814e-08
1.75275603033e-08
1.66949686564e-08
1.49691355286e-08
1.19978123004e-08
2.56046042027e-09
9.84341667178e-10
7.32982700629e-10
6.61200215079e-10
6.69313423327e-10
7.09365426053e-10
7.7527704516e-10
8.5875547897e-10
9.6269221659e-10
1.08940927272e-09
1.2421778613e-09
1.42771457899e-09
1.70468589076e-09
2.15844194915e-07
200
182.867526546
0.000645849203544
4.10933526952e-06
3.81698655841e-07
1.32606983691e-08
7.27101597419e-10
1.84730145894e-10
1.09021005223e-10
2.53384467686e-10
3.47602360175e-10
2.55958761078e-13
0
0
0
0
0
0
0
0
0
0
0
0
0
0
0
0
0
0
0
0
0
0
0
0
0
0
0
0
0
0
0
0
0
0
0
0
0
0
0
0
0
0
0
0
0
0
0
0
0
0
0
0
0
0
0
0
0
0
0
9.84960963592e-09
1.43994146793e-08
1.50336186236e-08
1.55239415982e-08
1.62890710265e-08
1.69610433516e-08
1.76993743552e-08
1.81895084284e-08
1.88511642921e-08
1.90940343995e-08
1.77646208775e-08
7.91288479223e-09
1.61265243276e-09
9.66767835748e-10
7.69878137152e-10
7.23976228907e-10
7.33240051785e-10
7.70804109009e-10
8.30433379473e-10
9.0767466205e-10
9.98096654674e-10
1.10413478804e-09
1.22323833729e-09
1.38085569898e-09
8.02193724067e-08
0.0136437312525
0.000239524125621
5.6369482641e-06
4.49639261858e-07
2.78617428627e-08
1.02055244483e-09
2.52609605396e-10
1.459419565e-10
1.21161618032e-10
1.49566356891e-10
1.21100909773e-10
2.05166470358e-10
3.04089976139e-12
0
0
0
0
0
0
0
0
0
0
0
0
0
0
0
0
0
0
0
0
0
0
0
0
0
0
0
0
0
0
0
0
0
0
0
0
0
0
0
0
0
0
0
0
0
0
0
0
0
0
0
0
0
0
0
0
0
0
8.94963842396e-09
1.58104673302e-08
1.60007077908e-08
1.71210012317e-08
1.77266503138e-08
1.81277078726e-08
1.86447923176e-08
1.91773409757e-08
2.00005212018e-08
2.1407115411e-08
2.24917202457e-08
1.46254144544e-08
2.53570248786e-09
1.23975663234e-09
9.15383947679e-10
8.04524417734e-10
7.77451771824e-10
7.88664687151e-10
8.26185041885e-10
8.79802169921e-10
9.45930999171e-10
1.02264461824e-09
1.10461883143e-09
1.20742196873e-09
2.38188899487e-08
6.95293945911e-05
6.07869347378e-06
5.78523435849e-07
4.44102432077e-08
1.31927554809e-09
2.27344894465e-10
1.44046032089e-10
1.09045456229e-10
9.81189047008e-11
9.81060357503e-11
9.05762742355e-11
7.9373984331e-11
1.84628029642e-10
4.890296421e-11
0
0
0
0
0
0
0
0
0
0
0
0
0
0
0
0
0
0
0
0
0
0
0
0
0
0
0
0
0
0
0
0
0
0
0
0
0
0
0
0
0
0
0
0
0
0
0
0
0
0
0
0
0
0
0
0
0
0
2.41399400293e-08
1.87437996995e-08
1.97706072392e-08
2.00406852324e-08
2.00538712748e-08
2.03245641555e-08
2.06669675415e-08
2.15070927576e-08
2.25068837048e-08
2.44634700973e-08
2.11947134589e-08
5.43978222734e-09
1.61601347487e-09
1.08663122077e-09
9.04388310237e-10
8.3969178704e-10
8.26259697191e-10
8.4123877969e-10
8.80148370107e-10
9.29275019706e-10
9.85964918933e-10
1.04449677491e-09
1.11850864748e-09
6.40341771179e-09
7.2992058787e-06
7.24237937429e-07
6.54035073979e-08
4.58770272356e-10
1.77776316845e-10
1.22473319844e-10
9.81409106061e-11
8.83070142307e-11
7.94543069023e-11
7.94414379519e-11
7.94112515248e-11
8.82347239165e-11
1.2450108329e-10
3.02918932194e-10
1.54811122611e-10
0
0
0
0
0
0
0
0
0
0
0
0
0
0
0
0
0
0
0
0
0
0
0
0
0
0
0
0
0
0
0
0
0
0
0
0
0
0
0
0
0
0
0
0
0
0
0
0
0
0
0
0
0
0
0
0
0
4.04348205364e-08
2.60093673208e-08
2.49537276334e-08
2.37231790786e-08
2.28995942763e-08
2.25779834025e-08
2.27501455056e-08
2.30699021233e-08
2.38949308692e-08
2.51192810105e-08
2.68373129574e-08
1.00433819932e-08
2.11751364713e-09
1.28798586947e-09
1.02404735876e-09
9.17552254346e-10
8.7590467779e-10
8.76787242154e-10
8.96897703879e-10
9.32745619601e-10
9.74422946954e-10
1.01964059725e-09
1.07676796828e-09
0.288718770057
1.19447861748e-06
8.41429170848e-08
1.67060632452e-10
1.31035525839e-10
1.04867020462e-10
8.82215030557e-11
7.52675713658e-11
7.06386027195e-11
6.4347564741e-11
6.43359826856e-11
6.92700444882e-11
7.8518071712e-11
1.03694503632e-10
2.33169904963e-10
5.71990300201e-09
7.27175647023e-10
0
0
0
0
0
0
0
0
0
0
0
0
0
0
0
0
0
0
0
0
0
0
0
0
0
0
0
0
0
0
0
0
0
0
0
0
0
0
0
0
0
0
0
0
0
0
0
0
0
0
0
0
0
0
0
0
4.30413306519e-08
3.5374752011e-08
3.11469243196e-08
2.85706829639e-08
2.65475863519e-08
2.56490494797e-08
2.50870975372e-08
2.49693123595e-08
2.53587761616e-08
2.61766347627e-08
3.01903806794e-08
1.46382227899e-08
2.69965024887e-09
1.51033729546e-09
1.15775807215e-09
1.00850817247e-09
9.46576104879e-10
9.27837186342e-10
9.34873714218e-10
9.61824782807e-10
9.95668114121e-10
21.449153025
94.1337523033
109.359962834
1.17206887675e-07
1.04357131819e-10
9.41385412864e-11
8.27900562331e-11
7.17044977164e-11
6.43648276788e-11
5.79128082669e-11
5.61889271991e-11
5.28334070305e-11
5.37708120384e-11
5.78779334111e-11
6.42929273081e-11
8.81835863035e-11
1.43171412438e-06
5.10014107579e-07
1.60206631885e-07
1.24580618547e-09
0
0
0
0
0
0
0
0
0
0
0
0
0
0
0
0
0
0
0
0
0
0
0
0
0
0
0
0
0
0
0
0
0
0
0
0
0
0
0
0
0
0
0
0
0
0
0
0
0
0
0
0
0
0
0
4.53729775839e-08
4.3764641261e-08
3.76010294249e-08
3.39792950815e-08
3.13533297456e-08
2.92117445154e-08
2.77997134545e-08
2.70527675106e-08
2.68662911175e-08
2.71602478994e-08
3.03395077971e-08
1.69235079544e-08
3.23881378626e-09
1.74457476675e-09
1.30308442836e-09
1.11408988563e-09
1.03147081505e-09
9.98019836526e-10
9.97518305286e-10
21.0220815183
145.030532837
186.149600365
194.293841426
194.354177245
7.18028188598e-11
6.88229921582e-11
6.47172609004e-11
5.9629016894e-11
5.48707418461e-11
5.13948642016e-11
4.68915499129e-11
4.64980884654e-11
4.48605007697e-11
4.59761350455e-11
4.68566750571e-11
5.3085604692e-11
0.225893948374
0.968793729198
0.0140550013332
0.00010355404428
4.09916637288e-06
3.42184944256e-10
0
0
0
0
0
0
0
0
0
0
0
0
0
0
0
0
0
0
0
0
0
0
0
0
0
0
0
0
0
0
0
0
0
0
0
0
0
0
0
0
0
0
0
0
0
0
0
0
0
0
0
0
0
0
3.91155120763e-08
5.09604515207e-08
4.31631146611e-08
3.90984303098e-08
3.60080551023e-08
3.30029795582e-08
3.07333855291e-08
2.9121913151e-08
2.81835913369e-08
2.77757206239e-08
3.00760729674e-08
1.63838905049e-08
3.56643011524e-09
1.95759899933e-09
1.45480283881e-09
1.23377521839e-09
1.13284269323e-09
78.8626674372
170.34250879
194.465013619
198.250359031
199.245027542
199.537293817
199.512560335
5.24232103125e-11
5.08324166918e-11
4.88604339793e-11
4.66457173447e-11
4.35735387135e-11
4.18725430435e-11
3.8911638697e-11
3.79539067963e-11
3.79539067963e-11
3.79423247408e-11
3.94609353714e-11
199.999990454
199.999999981
200
200
45.9078964988
0.0021818260906
2.21764191974e-05
5.58437006298e-11
0
0
0
0
0
0
0
0
0
0
0
0
0
0
0
0
0
0
0
0
0
0
0
0
0
0
0
0
0
0
0
0
0
0
0
0
0
0
0
0
0
0
0
0
0
0
0
0
0
0
0
0
0
2.77256174212e-08
5.57340450123e-08
4.82166023858e-08
4.41075269077e-08
4.05871371553e-08
3.68686138638e-08
3.3878463449e-08
3.12529258618e-08
2.93771141962e-08
2.80048354683e-08
2.9827304115e-08
1.37332050296e-08
3.6079051964e-09
2.12717596048e-09
112.867929736
165.467884614
191.44462725
197.437261004
199.115555813
199.637370664
199.844267586
199.924420251
199.94546446
199.936144809
4.12410385331e-11
4.06287562433e-11
3.94790103204e-11
3.79867063781e-11
3.63427503631e-11
3.41653552045e-11
3.34062574886e-11
3.19376626761e-11
3.11570505843e-11
3.16072116916e-11
3.38796239622e-11
199.999930918
199.999997816
200
200
200
200
0.0393819401446
1.79628993758e-05
1.45199597478e-13
0
0
0
0
0
0
0
0
0
0
0
0
0
0
0
0
0
0
0
0
0
0
0
0
0
0
0
0
0
0
0
0
0
0
0
0
0
0
0
0
0
0
0
0
0
0
0
0
0
0
0
0
0
33.5906270747
137.237880836
159.310656309
157.384349162
145.096905443
143.514092741
143.514092737
143.514092734
156.326880018
172.922564812
185.002249834
192.759447703
196.689884601
198.384229779
199.252746131
199.614956135
199.817468649
199.929517982
199.968043581
199.98225112
199.987334906
199.98894388
199.987044119
3.47045901183e-11
3.36866405973e-11
3.30272049996e-11
3.20122054042e-11
3.05310962268e-11
2.92774258931e-11
2.7901034233e-11
2.72829954544e-11
2.68363076666e-11
2.70943990875e-11
2.76401494213e-11
3.07228591902e-11
199.999936399
199.999994942
199.999998748
199.999999007
199.999999132
199.999999157
0.0318868882697
3.75875880271e-07
0
0
0
0
0
0
0
0
0
0
0
0
0
0
0
0
0
0
0
0
0
0
0
0
0
0
0
0
0
0
0
0
0
0
0
0
0
0
0
0
0
0
0
0
0
0
0
0
0
0
0
0
198.254407286
199.64059802
199.808999074
199.852688525
199.861908515
199.808999055
199.787776717
199.737995933
199.676538176
199.624482441
199.600664399
199.63724211
199.708948863
199.817762187
199.905627954
199.954319636
199.975841516
199.985358746
199.990474796
199.993664276
199.995570895
199.996429032
199.996632623
199.995979977
2.92661603013e-11
2.88639740998e-11
2.79233701443e-11
2.67455647405e-11
2.59516831003e-11
2.44103319889e-11
2.36529122733e-11
2.29262177236e-11
2.24450607713e-11
2.24775236694e-11
2.33530403063e-11
2.55072023134e-11
3.20787610643e-11
199.999691101
199.9999754
199.999993777
199.999996725
199.999997648
199.999997691
0.00182176828869
2.37364631053e-07
0
0
0
0
0
0
0
0
0
0
0
0
0
0
0
0
0
0
0
0
0
0
0
0
0
0
0
0
0
0
0
0
0
0
0
0
0
0
0
0
0
0
0
0
0
0
0
0
0
0
199.391349456
199.981190778
199.995219056
199.996863232
199.997539959
199.997484184
199.996514661
199.996127389
199.995218983
199.993813814
199.992303367
199.990669115
199.989019432
199.988893346
199.989605418
199.991453637
199.993635122
199.995411513
199.996697906
199.997585607
199.998239421
199.998655687
199.998771202
199.998735518
199.99845412
2.45985666365e-11
2.38745942653e-11
2.34208582567e-11
2.2612514814e-11
2.15388925529e-11
2.09891930796e-11
1.99472210403e-11
1.93833355254e-11
1.90810870344e-11
1.90562915864e-11
1.94957215599e-11
2.09661121319e-11
2.51629746604e-11
3.18260891321e-09
199.990004058
199.999912793
199.999980089
199.999992337
199.999995055
199.999996202
9.05365377125e-05
4.21571939431e-10
0
0
0
0
0
0
0
0
0
0
0
0
0
0
0
0
0
0
0
0
0
0
0
0
0
0
0
0
0
0
0
0
0
0
0
0
0
0
0
0
0
0
0
0
0
0
0
0
199.248579575
199.99468772
199.999015715
199.999576414
199.999691189
199.999778559
199.999675452
199.999656819
199.999576299
199.999476895
199.999283075
199.999056031
199.998784731
199.99849966
199.998299667
199.99817935
199.998306171
199.998558014
199.998846512
199.999117744
199.999310088
199.999435368
199.999491158
199.999485765
199.999463168
199.999400154
2.06501309035e-11
2.02605482165e-11
1.98452925343e-11
1.92224270705e-11
1.86348635216e-11
1.78046705118e-11
1.72721256448e-11
1.68700365349e-11
1.64859971223e-11
1.62710020788e-11
1.65701486028e-11
1.72801527295e-11
1.95748835892e-11
1.06863242389e-09
4.31329159354e-08
122.515902235
199.99977485
199.999953694
199.999982127
199.999990624
0.0695854595323
2.01023679814e-07
3.79550752163e-11
0
0
0
0
0
0
0
0
0
0
0
0
0
0
0
0
0
0
0
0
0
0
0
0
0
0
0
0
0
0
0
0
0
0
0
0
0
0
0
0
0
0
0
0
0
0
180.304581956
199.992712922
199.999691094
199.999966581
199.999980202
199.999982148
199.999977433
199.999972555
199.999962493
199.999948522
199.999921508
199.999889212
199.999844134
199.999790869
199.999721988
199.999659169
199.999618636
199.999615428
199.999626941
199.999655968
199.999693848
199.999734139
199.99976376
199.99977328
199.999763453
199.999753074
199.999785507
1.813654586e-11
1.77464876906e-11
1.73204009282e-11
1.68691525569e-11
1.63266216209e-11
1.5662025665e-11
1.53488455395e-11
1.48302082024e-11
1.43145988375e-11
1.41578332073e-11
1.41597377529e-11
1.44827426729e-11
1.56983565423e-11
3.00930846908e-11
2.07629851973e-08
3.84008355103e-08
3.98282210222e-08
199.999202709
199.999903137
199.999966313
199.999975527
2.66869843169e-07
2.73215165321e-07
0
0
0
0
0
0
0
0
0
0
0
0
0
0
0
0
0
0
0
0
0
0
0
0
0
0
0
0
0
0
0
0
0
0
0
0
0
0
0
0
0
0
0
0
0
0
199.87468425
199.999691093
199.999994147
199.999997539
199.999996898
199.999996426
199.999995396
199.999993796
199.999990742
199.999986938
199.999980064
199.99996968
199.999958282
199.999942766
199.999928007
199.999908409
199.999892294
199.99988105
199.999877747
199.999877608
199.999881267
199.999887497
199.999890493
199.999886631
199.999881686
199.999882813
199.999919049
1.63365744714e-11
1.5983571626e-11
1.56283291621e-11
1.51987471759e-11
1.47552613766e-11
1.41854561182e-11
1.38323130242e-11
1.32352766242e-11
1.27182952829e-11
1.25006944173e-11
1.23801006967e-11
1.24729826027e-11
1.30316087896e-11
1.55950203201e-11
5.34056501606e-09
5.44746805741e-08
3.42854955673e-08
4.98010724298e-08
130.264312049
199.999835929
199.999921625
2.0563249044e-07
4.11129305129e-07
2.77817539984e-07
0
0
0
0
0
0
0
0
0
0
0
0
0
0
0
0
0
0
0
0
0
0
0
0
0
0
0
0
0
0
0
0
0
0
0
0
0
0
0
0
0
0
0
0
0
199.99864969
199.999998791
200
199.999999861
199.999999538
199.999999364
199.999999033
199.999998622
199.999997949
199.999996887
199.999995309
199.999992866
199.999989202
199.99998384
199.999977829
199.9999705
199.999963541
199.99995757
199.999953657
199.999950688
199.999948698
199.999947837
199.99994642
199.999945277
199.999952936
199.999968057
199.999974276
1.5109273586e-11
1.47309561125e-11
1.44605231068e-11
1.40129414352e-11
1.35150051183e-11
1.30565890625e-11
1.24862032413e-11
1.19366288016e-11
1.13701637566e-11
1.10909164645e-11
1.07596022228e-11
1.06357919704e-11
1.09828505776e-11
1.20755793742e-11
9.45759581323e-10
2.75033876503e-08
3.27930002356e-08
5.01332118325e-08
7.30589016684e-08
9.76165924602e-08
1.4695969164e-07
2.01302175714e-07
3.21153971655e-07
7.27230793695e-07
3.80551838967e-06
0
0
0
0
0
0
0
0
0
0
0
0
0
0
0
0
0
0
0
0
0
0
0
0
0
0
0
0
0
0
0
0
0
0
0
0
0
0
0
0
0
0
0
199.506993059
199.999989394
200
200
200
200
199.99999994
199.999999782
199.999999687
199.999999536
199.999999263
199.999998857
199.999998383
199.999997583
199.999996312
199.999994699
199.999992279
199.999989354
199.999986293
199.999983414
199.999981082
199.99997918
199.999978145
199.999978676
199.999986851
199.999991243
199.999991669
199.999992007
1.42317163599e-11
1.38331450827e-11
1.35327416704e-11
1.31145376744e-11
1.25894189758e-11
1.20472534217e-11
1.14229402023e-11
1.08020665365e-11
1.01977224447e-11
9.7342670191e-12
9.30102337107e-12
9.10283397632e-12
9.08607105356e-12
9.52977999801e-12
1.26885722369e-11
5.17773204343e-09
3.0215784011e-08
3.96845833286e-08
8.27547609261e-08
1.25176623807e-07
1.87755390138e-07
2.55283110247e-07
3.92407354867e-07
9.81417898223e-07
2.7943370936e-06
1.98462201751e-07
0
0
0
0
0
0
0
0
0
0
0
0
0
0
0
0
0
0
0
0
0
0
0
0
0
0
0
0
0
0
0
0
0
0
0
0
0
0
0
0
0
0
199.997176837
200
200
200
200
200
200
199.999999993
199.999999902
199.999999853
199.999999795
199.999999723
199.999999627
199.999999492
199.999999225
199.999998899
199.99999842
199.999997719
199.999996889
199.999996038
199.999995152
199.999994346
199.999994981
199.999997033
199.999997862
199.999997581
199.999997233
199.999997331
1.37051805658e-11
1.31995234275e-11
1.28681539268e-11
1.24246204008e-11
1.17747437826e-11
1.11889771531e-11
1.04980947675e-11
9.78989128337e-12
9.16846155708e-12
8.61170288039e-12
8.14848821458e-12
7.79496022178e-12
7.52403092979e-12
7.53742692835e-12
8.20065412919e-12
4.45401520022e-10
8.63661537789e-09
1.97629374171e-08
4.45725643004e-08
8.45622365255e-08
1.64830285657e-07
2.86841067656e-07
5.19045657543e-07
6.68724737313e-07
6.90529740962e-07
1.72580910508e-06
0
0
0
0
0
0
0
0
0
0
0
0
0
0
0
0
0
0
0
0
0
0
0
0
0
0
0
0
0
0
0
0
0
0
0
0
0
0
0
0
0
0
199.999988215
200
200
200
200
200
200
200
200
199.999999978
199.999999933
199.999999905
199.999999875
199.999999844
199.999999801
199.999999736
199.99999965
199.999999535
199.999999383
199.999999187
199.99999899
199.999999162
199.999999321
199.999999367
199.999999253
199.999999113
199.999998999
199.999999046
1.35459939423e-11
1.28877088817e-11
1.2463561539e-11
1.19042965586e-11
1.12270606346e-11
1.04871565002e-11
9.72508351254e-12
9.0036141919e-12
8.30762365755e-12
7.71080384653e-12
7.2339830349e-12
6.80979840558e-12
6.54690951613e-12
6.31588033093e-12
6.31751820117e-12
7.14447378731e-12
1.16962044548e-09
5.74574136053e-09
1.29240829122e-08
2.95863969862e-08
5.66552769907e-08
1.16737965881e-07
2.19027811726e-07
3.59794569156e-07
4.49639219171e-07
7.07397961638e-07
4.56287775166e-06
8.20273511797
0
0
0
0
0
0
0
0
0
0
0
0
0
0
0
0
0
0
0
0
0
0
0
0
0
0
0
0
0
0
0
0
0
0
0
0
0
0
0
198.854716621
200
200
200
200
200
200
200
200
200
200
200
199.999999993
199.999999971
199.999999943
199.999999924
199.999999904
199.999999877
199.999999842
199.999999813
199.999999803
199.999999805
199.999999804
199.999999772
199.99999973
199.999999677
199.999999627
199.999999592
199.999999619
1.39504475069e-11
1.29601488295e-11
1.23824224593e-11
1.17108645416e-11
1.08453731984e-11
1.00092576803e-11
9.17274847759e-12
8.35942844706e-12
7.66226534064e-12
7.0286383706e-12
6.51728141764e-12
6.12523981265e-12
5.75285777056e-12
5.4022735614e-12
5.25521784599e-12
5.26615910047e-12
1.01612681065e-11
9.77951151542e-10
2.50551815002e-09
5.74622502404e-09
1.23246607793e-08
2.61463203851e-08
5.30559775412e-08
1.12012319137e-07
2.1048369272e-07
4.40650754475e-07
5.70592747675
199.999999913
0
0
0
0
0
0
0
0
0
0
0
0
0
0
0
0
0
0
0
0
0
0
0
0
0
0
0
0
0
0
0
0
0
0
0
0
0
0
0
199.998147723
200
200
200
200
200
200
200
200
200
200
200
200
200
199.999999996
199.999999989
199.99999998
199.99999997
199.999999959
199.999999949
199.99999994
199.999999929
199.999999909
199.999999887
199.999999866
199.999999846
199.999999831
199.99999982
199.999999835
1.54575923067e-11
1.37867878558e-11
1.27832720955e-11
1.17071073868e-11
1.07001582705e-11
9.70125495941e-12
8.7907616054e-12
7.94269717724e-12
7.21709940408e-12
6.56735922338e-12
6.0632243701e-12
5.56526143036e-12
5.1365719168e-12
4.75043347214e-12
4.35751995061e-12
4.14501646248e-12
4.16596358989e-12
5.74672077119e-11
4.88284364676e-10
1.01424409129e-09
1.9638238653e-09
3.49119733803e-09
6.64598529382e-09
1.71545774977e-08
7.05734763695e-08
2.01611060971e-05
19.6954180437
1.93554419872e-07
161.853864079
0
0
0
0
0
0
0
0
0
0
0
0
0
0
0
0
0
0
0
0
0
0
0
0
0
0
0
0
0
0
0
0
0
0
0
0
0
0
200
200
200
200
200
200
200
200
200
200
200
200
200
200
200
199.999999998
199.999999995
199.99999999
199.999999984
199.999999977
199.999999969
199.999999959
199.999999949
199.999999938
199.999999928
199.999999921
199.999999917
199.999999915
199.999999924
80.3074696256
1.60681002213e-11
1.40505526044e-11
1.22691298106e-11
1.08430844888e-11
9.61114261783e-12
8.54528712924e-12
7.63049306495e-12
6.80291609626e-12
6.22534276296e-12
5.64710140095e-12
5.13677083622e-12
4.62984563438e-12
4.14277744448e-12
3.6906972421e-12
3.32080969984e-12
3.08059590092e-12
3.16159608462e-12
5.19535073132e-11
1.62904559301e-10
2.98698236456e-10
4.95346310771e-10
7.20509809229e-10
9.97467430654e-10
1.7899710915e-09
8.64008611828e-09
6.07395235843e-08
7.38436518392e-09
57.1517807238
0
0
0
0
0
0
0
0
0
0
0
0
0
0
0
0
0
0
0
0
0
0
0
0
0
0
0
0
0
0
0
0
0
0
0
0
0
0
200
200
200
200
200
200
200
200
200
200
200
200
200
200
200
200
199.999999999
199.999999995
199.999999991
199.999999986
199.99999998
199.999999974
199.999999968
199.999999962
199.999999958
199.999999957
199.999999957
199.999999959
199.999999964
7.73799983751e-06
2.28665408956e-11
1.72079569109e-11
1.3580274722e-11
1.13025818249e-11
9.68542861232e-12
8.45255405106e-12
7.40726730927e-12
6.61971288843e-12
5.93399992073e-12
5.35069894156e-12
4.8103053351e-12
4.25833061955e-12
3.70257167174e-12
3.20744651736e-12
2.80410484436e-12
2.45854100315e-12
2.20489011796e-12
2.83746840813e-12
1.82645479833e-11
3.38974793307e-11
5.87670634706e-11
8.48275759373e-11
7.90058377012e-11
5.64661622792e-11
1.68034801995e-11
1.46786060048e-11
6.39142096572e-12
9.95248011596e-11
199.999996564
0
0
0
0
0
0
0
0
0
0
0
0
0
0
0
0
0
0
0
0
0
0
0
0
0
0
0
0
0
0
0
0
0
0
0
0
199.999999925
200
200
200
200
200
200
200
200
200
200
200
200
200
200
200
200
200
199.999999998
199.999999995
199.999999991
199.999999986
199.999999982
199.999999978
199.999999975
199.999999974
199.999999975
199.999999977
199.99999998
199.999999983
5.72808468073e-05
0.00691112751868
2.59118205976e-11
1.60192598361e-11
1.20503023882e-11
9.91263399637e-12
8.43221948492e-12
7.30077691282e-12
6.48078820084e-12
5.78791949023e-12
5.14368183191e-12
4.5854913958e-12
4.01671529851e-12
3.44915308699e-12
2.94568066682e-12
2.48807099261e-12
1.971261176e-12
1.27638577716e-12
1.38424484899e-12
2.45914017131e-12
4.51451923155e-12
6.33779927752e-12
6.06311467465e-12
3.45818413834e-12
4.50419199364e-12
6.29794959065e-12
1.06988873842e-11
1.81532359635e-11
1.21187750947e-10
1.68576352499e-09
0
0
0
0
0
0
0
0
0
0
0
0
0
0
0
0
0
0
0
0
0
0
0
0
0
0
0
0
0
0
0
0
0
0
0
1.29942670273e-14
200
200
200
200
200
200
200
200
200
200
200
200
200
200
200
200
200
200
199.999999999
199.999999996
199.999999993
199.99999999
199.999999987
199.999999984
199.999999982
199.999999983
199.999999984
199.999999987
199.99999999
199.999999993
0.000208076767193
6.73890010632e-06
7.50370387779
198.177331555
1.30638285334e-11
1.01794170835e-11
8.40591253712e-12
7.23424821701e-12
6.38784943105e-12
5.67331639216e-12
5.05301928803e-12
4.46228480284e-12
3.84364116876e-12
3.27945493777e-12
2.73417170583e-12
2.15811879499e-12
1.53218057576e-12
8.18959205586e-13
1.45198462549e-13
2.59431761866e-13
3.03178639287e-13
3.441872943e-13
7.69750993833e-13
1.11781647031e-12
1.8434780372e-12
3.8390248956e-12
9.62401295066e-12
3.69068213614e-11
2.05334550214e-10
1.84796109497e-10
6.15517911818e-15
0
0
0
0
0
0
0
0
0
0
0
0
0
0
0
0
0
0
0
0
0
0
0
0
0
0
0
0
0
0
0
0
0
0
199.99998545
200
200
200
200
200
200
200
200
200
200
200
200
200
200
200
200
200
200
200
199.999999997
199.999999995
199.999999992
199.999999989
199.999999987
199.999999986
199.999999987
199.999999989
199.999999993
199.999999996
199.999999998
0.000165405210479
0.000175700391173
0.000181149974851
0.000351616658792
69.0826953574
199.99944216
199.622643664
7.51018633288e-12
6.47641069198e-12
5.71490192126e-12
5.0514727544e-12
4.44282236094e-12
3.73817847238e-12
3.19967712102e-12
2.6394842795e-12
2.1758151604e-12
1.60904051603e-12
7.71302234628e-13
1.45198462549e-13
2.34419047019e-13
2.96339551378e-13
3.37348206391e-13
4.25835657808e-13
9.97591504871e-13
1.40712471901e-12
2.99089162452e-12
8.6616116556e-12
1.81582216586e-11
3.42074595098e-11
1.40213902392e-12
9.97441819462e-10
0
0
0
0
0
0
0
0
0
0
0
0
0
0
0
0
0
0
0
0
0
0
0
0
0
0
0
0
0
0
0
0
0
0
200
200
200
200
200
200
200
200
200
200
200
200
200
200
200
200
200
200
200
200
199.999999998
199.999999996
199.999999993
199.999999991
199.99999999
199.999999989
199.99999999
199.999999992
199.999999995
199.999999998
146.108762538
)
;

boundaryField
{
    frontAndBack
    {
        type            empty;
    }
    leftWall
    {
        type            calculated;
        value           uniform 0;
    }
    outlet
    {
        type            calculated;
        value           uniform 0;
    }
    rightWall
    {
        type            calculated;
        value           uniform 0;
    }
    inlet
    {
        type            calculated;
        value           uniform 9.20000965991e-09;
    }
}


// ************************************************************************* //
