/*--------------------------------*- C++ -*----------------------------------*\
| =========                 |                                                 |
| \\      /  F ield         | OpenFOAM: The Open Source CFD Toolbox           |
|  \\    /   O peration     | Version:  v1906                                 |
|   \\  /    A nd           | Web:      www.OpenFOAM.com                      |
|    \\/     M anipulation  |                                                 |
\*---------------------------------------------------------------------------*/
FoamFile
{
    version     2.0;
    format      ascii;
    class       volScalarField;
    location    "596";
    object      alpha;
}
// * * * * * * * * * * * * * * * * * * * * * * * * * * * * * * * * * * * * * //

dimensions      [0 0 -1 0 0 0 0];


internalField   nonuniform List<scalar> 
9216
(
200
200
200
200
200
200
200
200
200
200
200
200
200
200
200
200
200
200
200
200
200
200
200
200
200
200
200
200
200
200
200
200
200
200
200
200
200
200
200
200
200
200
200
200
200
200
200
200
200
200
200
200
200
200
200
200
200
200
200
200
200
200
200
200
200
200
200
200
200
200
200
200
200
200
200
200
200
200
200
200
200
200
200
200
198.892163465
180.138173781
161.001972361
137.042966594
110.058682411
86.4901514889
65.3957950495
48.5662655673
34.9379064342
22.5299207971
12.906079874
1.55205118978
200
200
200
200
200
200
200
200
200
200
200
200
200
200
200
200
200
200
200
200
200
200
200
200
200
200
200
200
200
200
200
200
200
200
200
200
200
200
200
200
200
200
200
200
200
200
200
200
200
200
200
200
200
200
200
200
200
200
200
200
200
200
200
200
200
200
200
200
200
200
200
200
200
200
200
200
200
200
200
200
200
200
200
200
200
193.31104549
174.294930387
149.343995263
125.958725161
99.2187650084
75.8372935336
60.1702219876
47.3853052608
30.8856996238
20.3737009276
15.3023122172
200
200
200
200
200
200
200
200
200
200
200
200
200
200
200
200
200
200
200
200
200
200
200
200
200
200
200
200
200
200
200
200
200
200
200
200
200
200
200
200
200
200
200
200
200
200
200
200
200
200
200
200
200
200
200
200
200
200
200
200
200
200
200
200
200
200
200
200
200
200
200
200
200
200
200
200
200
200
200
200
200
200
200
200
200
190.09281656
165.079184922
149.498788784
131.080633589
101.120763504
73.2035551642
64.0852889862
46.9245026231
36.1118082808
31.6248971396
21.4754098809
200
200
200
200
200
200
200
200
200
200
200
200
200
200
200
200
200
200
200
200
200
200
200
200
200
200
200
200
200
200
200
200
200
200
200
200
200
200
200
200
200
200
200
200
200
200
200
200
200
200
200
200
200
200
200
200
200
200
200
200
200
200
200
200
200
200
200
200
200
200
200
200
200
200
200
200
200
200
200
200
200
200
200
200
199.999999978
183.290268977
162.753208094
147.702114316
123.90347728
105.690473927
85.515984529
61.8971720576
55.6236174895
46.3859555503
40.2960887115
27.968318576
200
200
200
200
200
200
200
200
200
200
200
200
200
200
200
200
200
200
200
200
200
200
200
200
200
200
200
200
200
200
200
200
200
200
200
200
200
200
200
200
200
200
200
200
200
200
200
200
200
200
200
200
200
200
200
200
200
200
200
200
200
200
200
200
200
200
200
200
200
200
200
200
200
200
200
200
200
200
200
200
200
200
200
200
197.670399037
174.559871335
154.466671564
140.996424572
131.061863878
107.497414907
92.2176728933
71.6070278898
57.5113996796
56.3056146428
52.690582357
40.3560126873
200
200
200
200
200
200
200
200
200
200
200
200
200
200
200
200
200
200
200
200
200
200
200
200
200
200
200
200
200
200
200
200
200
200
200
200
200
200
200
200
200
200
200
200
200
200
200
200
200
200
200
200
200
200
200
200
200
200
200
200
200
200
200
200
200
200
200
200
200
200
200
200
200
200
200
200
200
200
200
200
200
200
200
200
193.936310596
172.492881901
159.451611501
140.78844749
120.621413301
101.746295087
98.8292370912
86.3671419317
68.485895527
65.2762764303
64.3884035094
51.5824472254
200
200
200
200
200
200
200
200
200
200
200
200
200
200
200
200
200
200
200
200
200
200
200
200
200
200
200
200
200
200
200
200
200
200
200
200
200
200
200
200
200
200
200
200
200
200
200
200
200
200
200
200
200
200
200
200
200
200
200
200
200
200
200
200
200
200
200
200
200
200
200
200
200
200
200
200
200
200
200
200
200
200
200
199.999999998
189.263250497
170.708184816
155.00077407
140.18975187
120.413430674
111.239664245
97.185082187
95.7002856414
86.3927339252
75.7957423405
75.5836021416
62.3265569479
200
200
200
200
200
200
200
200
200
200
200
200
200
200
200
200
200
200
200
200
200
200
200
200
200
200
200
200
200
200
200
200
200
200
200
200
200
200
200
200
200
200
200
200
200
200
200
200
200
200
200
200
200
200
200
200
200
200
200
200
200
200
200
200
200
200
200
200
200
200
200
200
200
200
200
200
200
200
200
200
200
200
200
199.999999953
185.326965327
169.347162738
150.742646132
136.07217254
123.748608138
116.776992789
107.921813017
98.2562999783
98.6222464863
85.4884198452
86.1363332884
72.935927628
200
200
200
200
200
200
200
200
200
200
200
200
200
200
200
200
200
200
200
200
200
200
200
200
200
200
200
200
200
200
200
200
200
200
200
200
200
200
200
200
200
200
200
200
200
200
200
200
200
200
200
200
200
200
200
200
200
200
200
200
200
200
200
200
200
200
200
200
200
200
200
200
200
200
200
200
200
200
200
200
200
200
200
199.998066535
184.821445318
169.799608262
154.105047331
137.60327768
126.091264406
113.700968344
115.341791494
109.361744716
103.092132131
98.5629035817
94.9613025049
82.46201781
200
200
200
200
200
200
200
200
200
200
200
200
200
200
200
200
200
200
200
200
200
200
200
200
200
200
200
200
200
200
200
200
200
200
200
200
200
200
200
200
200
200
200
200
200
200
200
200
200
200
200
200
200
200
200
200
200
200
200
200
200
200
200
200
200
200
200
200
200
200
200
200
200
200
200
200
200
200
200
200
200
200
200
197.596456681
183.736036139
169.265199792
153.582758463
140.443926529
129.968320295
122.299084434
115.68477766
116.571692015
111.960798307
109.783862159
103.374116009
92.4028939953
200
200
200
200
200
200
200
200
200
200
200
200
200
200
200
200
200
200
200
200
200
200
200
200
200
200
200
200
200
200
200
200
200
200
200
200
200
200
200
200
200
200
200
200
200
200
200
200
200
200
200
200
200
200
200
200
200
200
200
200
200
200
200
200
200
200
200
200
200
200
200
200
200
200
200
200
200
200
200
200
200
200
200
196.708340866
182.65332136
165.918359477
152.98758947
143.150908817
137.263789415
130.254581102
124.951467372
117.779778437
119.525904798
121.721326783
111.832923729
100.212603902
200
200
200
200
200
200
200
200
200
200
200
200
200
200
200
200
200
200
200
200
200
200
200
200
200
200
200
200
200
200
200
200
200
200
200
200
200
200
200
200
200
200
200
200
200
200
200
200
200
200
200
200
200
200
200
200
200
200
200
200
200
200
200
200
200
200
194.44147362
176.479732684
164.921078661
166.415269229
176.776573942
188.760306481
197.250930064
200
200
200
200
200
200
200
200
200
200
195.747698417
180.915572947
166.60339445
156.597719067
148.389374555
140.636741441
135.458363487
130.628313848
126.987436136
122.283046345
127.527942904
119.464321073
106.355706208
200
200
200
200
200
200
200
200
200
200
200
200
200
200
200
200
200
200
200
200
200
200
200
200
200
200
200
200
200
200
200
200
200
200
200
200
200
200
200
200
200
200
200
200
200
200
200
200
200
200
200
200
200
200
200
200
200
200
200
200
200
77.9946569784
4.57766156104
0.753123192477
0.182230254015
0.0536182737846
0.0213373452374
0.0145991849805
0.0171276690037
0.0291609223231
0.063059774973
0.16453520371
0.509015995735
1.84838105685
7.85283934963
41.0465635349
162.780744762
196.721781602
200
199.98945275
199.885141841
200
200
195.210677276
180.445069649
170.345930241
160.923276882
152.147152399
144.511427456
139.474950669
134.688073886
131.189703456
129.042557664
131.284571291
125.917829008
111.849758813
200
200
200
200
200
200
200
200
200
200
200
200
200
200
200
200
200
200
200
200
200
200
200
200
200
200
200
200
200
200
200
200
200
200
200
200
200
200
200
200
200
200
200
200
200
200
200
200
200
200
200
200
200
200
200
200
200
200
198.177355355
0.0402371040698
0.000822352245472
7.16068687785e-05
1.43679000422e-05
4.23611647291e-06
1.54464212205e-06
8.49445719981e-07
7.67937827427e-07
1.03465090034e-06
1.81455130509e-06
3.84004512292e-06
9.42445416204e-06
2.65806317601e-05
8.63899332203e-05
0.000330676373484
0.00152277165799
0.00867320482368
0.0629428140412
0.588730553982
6.68894348476
95.1696538212
191.779893184
199.996025335
199.769064025
194.758374662
184.291760507
171.966303265
163.684821369
154.82509658
147.926866979
144.823162951
138.990949072
135.930863163
133.221070763
131.292543002
133.751330148
116.573555776
200
200
200
200
200
200
200
200
200
200
200
200
200
200
200
200
200
200
200
200
200
200
200
200
200
200
200
200
200
200
200
200
200
200
200
200
200
200
200
200
200
200
200
200
200
200
200
200
200
200
200
200
200
200
200
200
200
0.00156913205553
3.12615415231e-07
2.51952540496e-08
4.51499003509e-09
1.1841131765e-09
4.23797934417e-10
2.01537337842e-10
1.45140499681e-10
1.56557712207e-10
2.23692311622e-10
3.84501946106e-10
7.66410569443e-10
1.76657448817e-09
4.62887787574e-09
1.38855605067e-08
4.80326251375e-08
1.94734789357e-07
9.36508187493e-07
5.47487595337e-06
3.76422480788e-05
0.000315831823052
0.00330857213365
0.0455401301934
0.836935611423
18.5878534619
172.435635756
196.436745587
183.153186361
174.900251838
163.331795021
157.225290474
153.144158423
149.156539031
143.309750154
139.865953292
136.481869603
134.650369853
138.980209832
120.601319605
200
200
200
200
200
200
200
200
200
200
200
200
200
200
200
200
200
200
200
200
200
200
200
200
200
200
200
200
200
200
200
200
200
200
200
200
200
200
200
200
200
200
200
200
200
200
200
200
200
200
200
200
200
200
200
0.00116874526603
3.34875667568e-09
2.93030196802e-11
3.84217243642e-12
9.21532112706e-13
3.15038091689e-13
1.38340483474e-13
7.94942592626e-14
6.67325254363e-14
7.8227992569e-14
1.15142127519e-13
1.9880419472e-13
3.92243953302e-13
8.65578680435e-13
2.17520234759e-12
6.16730951341e-12
1.98352037032e-11
7.24991816739e-11
2.99786473012e-10
1.43570285898e-09
8.07806792884e-09
5.34671868299e-08
4.21234570624e-07
4.0538252017e-06
4.75140768566e-05
0.000696810779377
0.0134373704515
0.34766373287
10.3957649352
150.356526618
174.090262031
165.448939876
163.036720279
158.070949209
151.269558204
145.629344485
142.53654301
140.257528281
137.252478487
140.106012541
123.587921706
200
200
200
200
200
200
200
200
200
200
200
200
200
200
200
200
200
200
200
200
200
200
200
200
200
200
200
200
200
200
200
200
200
200
200
200
200
200
200
200
200
200
200
200
200
200
200
200
200
200
200
200
200
200
6.1318953413e-10
2.63798364477e-13
1.33861037383e-14
2.43681945295e-15
6.8276004836e-16
2.63389325645e-16
1.3043293666e-16
8.18847694826e-17
7.18161314726e-17
8.47092249288e-17
1.23723114412e-16
2.09341936101e-16
3.98876387965e-16
8.59120752123e-16
2.08266663688e-15
5.57051973867e-15
1.68828488309e-14
5.804807613e-14
2.23431979506e-13
9.56949077324e-13
4.65106015748e-12
2.58760975855e-11
1.61210461652e-10
1.15460403528e-09
9.95969006885e-09
1.02987707985e-07
1.30006270153e-06
2.02121129767e-05
0.000400070944059
0.00878624220029
0.253297687849
10.0366165365
150.539510767
165.170522554
155.071407842
150.471862261
147.961811379
144.09385918
142.299861079
139.341840521
140.48994583
125.425207534
200
200
200
200
200
200
200
200
200
200
200
200
200
200
200
200
200
200
200
200
200
200
200
200
200
200
200
200
200
200
200
200
200
200
200
200
200
200
200
200
200
200
200
200
200
200
200
200
200
200
200
200
200
3.83594131028e-14
2.63262275067e-16
2.67156559559e-17
5.55051276501e-18
1.61268096682e-18
6.18871359993e-19
2.88938980854e-19
1.76256501483e-19
1.44975453639e-19
1.6211557207e-19
2.30922814252e-19
4.14469869684e-19
8.03035657227e-19
1.72574946242e-18
4.04759990119e-18
1.06264846909e-17
3.11318432214e-17
1.0070492086e-16
3.53480597396e-16
1.37939433059e-15
5.86162547465e-15
2.84616005558e-14
1.52852068499e-13
9.064471991e-13
6.11554484053e-12
4.78678471581e-11
4.23234436986e-10
4.45716903204e-09
5.82236558505e-08
8.53705678393e-07
1.5025386877e-05
0.000326680831847
0.0105007930241
0.639329753548
51.2566906977
153.473754213
152.69129245
149.736616134
147.036839737
142.43199965
141.252887046
139.674038139
126.649770028
200
200
200
200
200
200
200
200
200
200
200
200
200
200
200
200
200
200
200
200
200
200
200
200
200
200
200
200
200
200
200
200
200
200
200
200
200
200
200
200
200
200
200
200
200
200
200
200
200
200
200
200
4.96895985598e-17
1.1603044559e-18
2.76443092617e-20
0
0
0
0
0
0
0
0
0
5.88978991381e-22
1.93840717774e-21
9.82960979071e-21
2.93065590567e-20
9.92477174844e-20
3.35905623501e-19
1.17706868387e-18
4.2897118841e-18
1.68732852757e-17
7.15978774104e-17
3.24874583306e-16
1.62358900172e-15
8.96695946764e-15
5.67422359428e-14
3.93862079721e-13
3.07969145407e-12
2.83276716507e-11
2.77554357464e-10
3.20496922545e-09
4.69410486401e-08
8.66635104456e-07
2.17921440446e-05
0.000957296686463
0.059342577687
7.42752060599
144.83990604
152.022227249
148.007469713
144.065122826
142.19789852
139.163179388
127.889084159
200
200
200
200
200
200
200
200
200
200
200
200
200
200
200
200
200
200
200
200
200
200
200
200
200
200
200
200
200
200
200
200
200
200
200
200
200
200
200
200
200
200
200
200
200
200
200
200
200
200
200
5.83017840205e-19
0
0
0
0
0
0
0
0
0
0
0
0
0
0
0
4.44881515965e-22
1.22218926709e-21
5.42902807468e-21
2.28800444713e-20
9.30497489502e-20
3.84051872644e-19
1.59286250835e-18
6.77202803099e-18
3.21462646604e-17
1.59333211503e-16
8.7378300878e-16
5.36543055695e-15
3.82637088015e-14
2.76849519792e-13
2.26973526692e-12
2.20147664867e-11
2.5816425391e-10
3.87427221808e-09
9.03269766706e-08
2.67743328417e-06
0.000112076562711
0.00977078749789
1.71402127233
130.514057046
149.96034718
147.022697184
142.500854466
140.42891167
128.962688868
200
200
200
200
200
200
200
200
200
200
200
200
200
200
200
200
200
200
200
200
200
200
200
200
200
200
200
200
200
200
200
200
200
200
200
200
200
200
200
200
200
200
200
200
200
200
200
200
200
200
6.2541303832e-24
0
0
0
0
0
0
0
0
0
0
0
0
0
0
0
0
0
0
4.28783447478e-23
6.91345372296e-22
1.95716522024e-21
8.76405227473e-21
4.82747064375e-20
1.93108104381e-19
9.81048648939e-19
4.4537900029e-18
2.33253768615e-17
1.18973140014e-16
7.04229697083e-16
4.36421241672e-15
3.20341565298e-14
2.57683267548e-13
2.47373642153e-12
3.03291659494e-11
5.30279607398e-10
1.18265210751e-08
3.94096682793e-07
2.25813522471e-05
0.00234107539177
0.581098590458
117.986485884
148.780838374
143.493880374
141.416319013
129.336975565
200
200
200
200
200
200
200
200
200
200
200
200
200
200
200
200
200
200
200
200
200
200
200
200
200
200
200
200
200
200
200
200
200
200
200
200
200
200
200
200
200
200
200
200
200
200
200
200
200
0
0
0
0
0
0
0
0
0
0
0
0
0
0
0
0
0
0
0
0
0
0
0
4.29653409846e-22
1.26487946814e-21
6.77004190387e-21
3.37261603865e-20
1.39413565495e-19
7.43887360126e-19
3.55847466827e-18
1.90493801763e-17
1.01674148389e-16
6.77318509793e-16
4.75593510857e-15
3.94611316143e-14
3.87660636905e-13
5.31564307068e-12
8.81006018366e-11
2.30644768059e-09
8.3692253263e-08
5.77225760735e-06
0.00081716626792
0.31929292556
119.930820524
144.25770786
140.519464093
128.099086383
200
200
200
200
200
200
200
200
200
200
200
200
200
200
200
200
200
200
200
200
200
200
200
200
200
200
200
200
200
200
200
200
200
200
200
200
200
200
200
200
200
200
200
200
200
200
200
200
0
0
0
0
0
0
0
0
0
0
0
0
0
0
0
0
0
0
0
0
0
0
0
0
0
0
3.31385244188e-22
1.2549704597e-21
6.00126874996e-21
3.06300669192e-20
1.41625036644e-19
7.83563637616e-19
3.88453361064e-18
2.23090422059e-17
1.43233959196e-16
9.69380376289e-16
8.00615828372e-15
8.87762379464e-14
1.07770841984e-12
1.88434729516e-11
5.04469752953e-10
2.41808709061e-08
2.14566392652e-06
0.000435601814745
0.413437661716
128.392388338
138.136950097
125.136303494
200
200
200
200
200
200
200
200
200
200
200
200
200
200
200
200
200
200
200
200
200
200
200
200
200
200
200
200
200
200
200
200
200
200
200
200
200
200
200
200
200
200
200
200
200
200
200
0
0
0
0
0
0
0
0
0
0
0
0
0
0
0
0
0
0
0
0
0
0
0
0
0
0
0
0
0
3.15879444058e-22
1.40710889736e-21
7.42622674494e-21
3.9600254464e-20
1.93022718194e-19
1.15969370056e-18
6.30768648572e-18
3.98183787817e-17
2.69012605104e-16
2.11697362746e-15
2.35038654589e-14
2.90691575007e-13
5.81875431243e-12
1.79455494239e-10
9.91389852439e-09
1.21346797179e-06
0.000486798148955
1.5256412497
130.658408014
121.288831729
200
200
200
200
200
200
200
200
200
200
200
200
200
200
200
200
200
200
200
200
200
200
200
200
200
200
200
200
200
200
200
200
200
200
200
200
200
200
200
200
200
200
200
200
200
200
0
0
0
0
0
0
0
0
0
0
0
0
0
0
0
0
0
0
0
0
0
0
0
0
0
0
0
0
0
0
0
0
4.13185602364e-22
1.941649282e-21
1.07784907465e-20
6.11405977214e-20
3.57696566678e-19
2.02829480713e-18
1.36579018132e-17
9.12448001898e-17
7.81849618523e-16
7.63394293256e-15
1.13871818114e-13
2.39447807452e-12
8.39190473265e-11
5.86384073436e-09
1.25206044322e-06
0.0013223040823
23.2990319932
116.143704643
200
200
200
200
200
200
200
200
200
200
200
200
200
200
200
200
200
200
200
200
200
200
200
200
200
200
200
200
200
200
200
200
200
200
200
200
200
200
200
200
200
200
200
200
200
0
0
0
0
0
0
0
0
0
0
0
0
0
0
0
0
0
0
0
0
0
0
0
0
0
0
0
0
0
0
0
0
0
0
0
6.65046568104e-22
3.42551228287e-21
2.6708480472e-20
1.38892406383e-19
8.79099083919e-19
6.00246564573e-18
3.75297651826e-17
3.14387077503e-16
3.5641081917e-15
5.54802090113e-14
1.23672661113e-12
5.10805015189e-11
5.6514523491e-09
2.66543765418e-06
0.0144104371581
103.730576445
200
200
200
200
200
200
200
200
200
200
200
200
200
200
200
200
200
200
200
200
200
200
200
200
200
200
200
200
200
200
200
200
200
200
200
200
200
200
200
200
200
200
200
200
200
0
0
0
0
0
0
0
0
0
0
0
0
0
0
0
0
0
0
0
0
0
0
0
0
0
0
0
0
0
0
0
0
0
0
0
0
2.01909203907e-22
1.4875779062e-21
1.09067541913e-20
6.63116892984e-20
4.47018564709e-19
2.95893051259e-18
2.05463203097e-17
1.71948403795e-16
1.87575261799e-15
3.07824011977e-14
7.64049887754e-13
4.73362902279e-11
1.02444554677e-08
1.90631249496e-05
5.8983943457
200
200
200
200
200
200
200
200
200
200
200
200
200
200
200
200
200
200
200
200
200
200
200
200
200
200
200
200
200
200
200
200
200
200
200
200
200
200
200
200
200
200
200
200
200
0
0
0
0
0
0
0
0
0
0
0
0
0
0
0
0
0
0
0
0
0
0
0
0
0
0
0
0
0
0
0
0
0
0
0
0
0
0
7.04976727281e-22
5.92543617096e-21
3.56255238354e-20
2.6650042959e-19
1.67116245333e-18
1.09139802653e-17
9.06704663078e-17
1.1555162104e-15
2.01412045821e-14
7.19330087994e-13
7.36081020197e-11
5.60892406932e-08
0.00186795349192
200
200
200
200
200
200
200
200
200
200
200
200
200
200
200
200
200
200
200
200
200
200
200
200
200
200
200
200
200
200
200
200
200
200
200
200
200
200
200
200
200
200
200
200
0
0
0
0
0
0
0
0
0
0
0
0
0
0
0
0
0
0
0
0
0
0
0
0
0
0
0
0
0
0
0
0
0
0
0
0
0
0
0
0
3.16732560252e-22
3.69786815578e-21
2.57164192247e-20
1.81414068915e-19
1.11500577595e-18
8.94096928648e-18
6.96479738641e-17
9.409415564e-16
2.1923503659e-14
1.04097828741e-12
2.99124862113e-10
1.85615433068e-06
200
200
200
200
200
200
200
200
200
200
200
200
200
200
200
200
200
200
200
200
200
200
200
200
200
200
200
200
200
200
200
200
200
200
200
200
200
200
200
200
200
200
200
200
0
0
0
0
0
0
0
0
0
0
0
2.98712275137e-22
1.49450543954e-21
2.30457602266e-21
3.95423064815e-21
0
0
0
0
0
0
0
0
0
0
0
0
0
0
0
0
0
0
0
0
0
0
0
0
0
0
1.34182990787e-22
2.54697031188e-21
2.27943304721e-20
1.51379727516e-19
1.00507822253e-18
7.81787585678e-18
7.53681915285e-17
1.10043840336e-15
3.00394801765e-14
3.42130395973e-12
4.84675566315e-09
200
200
200
3.79503395932e-25
0
0
0
0
0
0
0
0
0
0
0
0
0
0
0
0
0
0
0
4.74305004438e-20
6.88153426846e-18
200
200
200
200
200
200
200
200
200
200
200
200
200
200
200
200
200
200
200
0
0
0
0
0
0
0
0
0
1.03638452699e-21
1.71853886573e-20
1.05965674556e-19
7.58045085603e-19
4.99122158572e-18
9.48364713652e-18
1.32935932994e-17
3.5750652479e-19
2.42764194616e-20
0
0
0
0
0
0
0
0
0
0
0
0
0
0
0
0
0
0
0
0
0
0
0
0
2.36817433711e-23
2.14032843367e-21
1.71266300769e-20
1.20939626851e-19
9.72238119836e-19
7.83838180937e-18
7.63405287882e-17
1.55281099807e-15
8.20862975398e-14
3.24717850449e-11
4.72475340785e-26
2.48671231992e-26
0
0
0
0
0
0
0
0
0
0
0
0
0
0
0
0
0
0
0
0
0
0
0
0
0
0
0
0
2.72366204117e-19
3.72953566373e-17
200
200
200
200
200
200
200
200
200
200
200
0
0
0
0
0
0
0
0
2.58906905619e-22
2.23595227073e-20
1.13149250759e-18
9.93060137436e-17
200
200
200
200
200
200
200
200
200
199.999992487
193.613550731
0
0
0
0
0
0
0
0
0
0
0
0
0
0
0
0
0
0
0
0
0
9.30614023349e-25
2.48705371041e-21
1.96774190247e-20
1.74984048998e-19
1.32432960888e-18
1.11332040637e-17
1.44262887641e-16
3.88984350663e-15
5.3383465401e-13
0
0
0
0
0
0
0
0
0
0
0
0
0
0
0
0
0
0
0
0
0
0
0
0
0
0
0
0
0
0
0
0
0
0
0
3.73778715042e-19
1.82979827768e-17
200
200
200
200
200
200
0
0
0
0
0
0
0
2.79824589676e-21
6.52231081008e-19
4.97751205888e-16
200
200
200
200
200
200
200
200
200
200
200
200
200
198.06045254
0
0
0
0
0
0
0
0
0
0
0
0
0
0
0
0
0
0
0
0
0
8.96607855221e-23
3.57323694863e-21
3.14965788571e-20
2.24033794075e-19
2.10641506463e-18
2.09003433541e-17
3.33080662952e-16
2.02844997821e-14
0
0
0
0
0
0
0
0
0
0
0
0
0
0
0
0
0
0
0
0
0
0
0
0
0
0
0
0
0
0
0
0
0
0
0
0
0
0
3.07484871241e-21
2.72421174785e-19
3.41800242801e-18
7.94042258375e-18
1.78963721368e-19
0
0
0
0
0
0
2.84250707675e-20
1.81707152238e-17
200
200
200
200
200
200
200
200
200
200
200
200
200
200
200
200
198.284226027
0
0
0
0
0
0
0
0
0
0
0
0
0
0
0
0
0
0
0
0
0
2.812325265e-22
6.95538300805e-21
4.82652996628e-20
3.93087267944e-19
3.50013150467e-18
4.80685137006e-17
1.4064960047e-15
0
0
0
0
0
0
0
0
0
0
0
0
0
0
0
0
0
0
0
0
0
0
0
0
0
0
0
0
0
0
0
0
0
0
0
0
0
0
0
0
0
0
2.06105450145e-20
0
0
3.66137942325e-24
6.28657265541e-24
3.9259508019e-22
2.26963823206e-19
1.12319730516e-15
200
200
200
200
200
200
200
200
200
200
200
200
200
200
200
200
200
200
198.195608256
0
0
0
0
0
0
0
0
0
0
0
0
0
0
0
0
0
0
0
0
0
8.29657835774e-22
1.28800660892e-20
1.08001289061e-19
9.49249031683e-19
1.02387434623e-17
1.65684935631e-16
0
0
0
0
0
0
0
0
0
0
0
0
0
0
0
0
0
0
0
0
0
0
0
0
0
0
0
0
0
0
0
0
0
0
0
0
0
0
0
0
0
0
0
0
4.65481044061e-24
3.04229234818e-23
2.37545108028e-21
4.61740674305e-19
1.70849622041e-13
200
200
200
200
200
200
200
200
200
200
200
200
200
200
200
200
200
200
200
200
197.844947267
0
0
0
0
0
0
0
0
0
0
0
0
0
0
0
0
0
0
0
0
0
2.77130735322e-21
2.56793471663e-20
2.94993785795e-19
2.90565400147e-18
3.21354062814e-17
0
0
0
0
0
0
0
0
0
0
0
0
0
0
0
0
0
0
0
0
0
0
0
0
0
0
0
0
0
0
0
0
0
0
0
0
0
0
0
0
0
0
0
0
0
1.59185391273e-21
1.78847402637e-19
200
200
200
200
200
200
200
200
200
200
200
200
200
200
200
200
200
200
200
200
200
200
200
197.339441071
0
0
0
0
0
0
0
0
0
0
0
0
0
0
0
0
0
0
0
0
3.99747696293e-22
9.23669021696e-21
7.68882065736e-20
8.63976902621e-19
8.70391593096e-18
0
0
0
0
0
0
0
0
0
0
0
0
0
0
0
0
0
0
0
0
0
0
0
0
0
0
0
0
0
0
0
0
0
0
0
0
0
0
0
0
0
0
0
0
0
0
1.65776826542e-17
200
200
200
200
200
200
200
200
200
200
200
200
200
200
200
200
200
200
200
200
200
200
200
200
195.944888082
0
0
0
0
0
0
0
0
0
0
0
0
0
0
0
0
0
0
0
0
2.51209636249e-21
2.96813001348e-20
3.27808508414e-19
2.9315307537e-18
0
0
0
0
0
0
0
0
0
0
0
0
0
0
0
0
0
0
0
0
0
0
0
0
0
0
0
0
0
0
0
0
0
0
0
0
0
0
0
0
0
0
0
0
0
0
0
0
3.46387977478e-25
200
200
200
200
200
200
200
200
200
200
200
200
200
200
200
200
200
200
200
200
200
200
200
186.328297596
0
0
0
0
0
0
0
0
0
0
0
0
0
0
0
0
0
0
0
6.91796420211e-22
1.28005345351e-20
1.42731334684e-19
1.19815125979e-18
0
0
0
0
0
0
0
0
0
0
0
0
0
0
0
0
0
0
0
0
0
0
0
0
0
0
0
0
0
0
0
0
0
0
0
0
0
0
0
0
0
0
0
0
0
0
0
0
0
3.1174917973e-25
4.17420467919e-24
2.39937071605e-18
200
200
200
200
200
200
200
200
200
200
200
200
200
200
200
200
200
200
200
200
199.999999785
0
0
0
0
0
0
0
0
0
0
0
0
0
0
0
0
0
0
0
1.7253934699e-22
6.26594469787e-21
7.02563609554e-20
5.77439080076e-19
0
0
0
0
0
0
0
0
0
0
0
0
0
0
0
0
0
0
0
0
0
0
0
0
0
0
0
0
0
0
0
0
0
0
0
0
0
0
0
0
0
0
0
0
0
0
0
0
0
0
2.80574261757e-25
1.57610378508e-24
1.93822587765e-23
8.83939440992e-18
200
200
200
200
200
200
200
200
200
200
200
200
200
200
200
200
200
200
200
191.708488696
0
0
0
0
0
0
0
0
0
0
0
0
0
0
0
0
0
0
0
2.85756809245e-21
3.5240200084e-20
3.18766215056e-19
0
0
0
0
0
0
0
0
0
0
0
0
0
0
0
0
0
0
0
0
0
0
0
0
0
0
0
0
0
0
0
0
0
0
0
0
0
0
0
0
0
0
0
0
0
0
0
0
0
0
0
5.33091097339e-25
1.19122825455e-24
1.66477708657e-23
4.77807732881e-23
1.81479663767e-16
200
200
200
200
200
200
200
200
200
200
200
200
200
200
200
200
200
199.999999841
0
0
0
0
0
0
0
0
0
0
0
0
0
0
0
0
0
0
0
1.40289627967e-21
1.92621224309e-20
1.966876631e-19
0
0
0
0
0
0
0
0
0
0
0
0
0
0
0
0
0
0
0
0
0
0
0
0
0
0
0
0
0
0
0
0
0
0
0
0
0
0
0
0
0
0
0
0
0
0
0
0
0
0
0
0
4.79781987605e-25
1.07210542909e-24
1.47784551423e-23
3.25595119201e-23
3.6362926559e-18
200
200
200
200
200
200
200
200
200
200
200
200
200
200
200
200
200
176.334364894
0
0
0
0
0
0
0
0
0
0
0
0
0
0
0
0
0
0
8.57781884765e-22
1.44973453183e-20
1.32955739612e-19
0
0
0
0
0
0
0
0
0
0
0
0
0
0
0
0
0
0
0
0
0
0
0
0
0
0
0
0
0
0
0
0
0
0
0
0
0
0
0
0
0
0
0
0
0
0
0
0
0
0
0
0
0
6.84320624426e-25
2.34089618832e-24
1.1344146667e-23
1.75998059112e-23
3.53610621004e-19
200
200
200
200
200
200
200
200
200
200
200
200
200
200
200
200
199.999999597
0
0
0
0
0
0
0
0
0
0
0
0
0
0
0
0
0
0
5.08394887058e-22
1.16469439842e-20
9.92226884049e-20
0
0
0
0
0
0
0
0
0
0
0
0
0
0
0
0
0
0
0
0
0
0
0
0
0
0
0
0
0
0
0
0
0
0
0
0
0
0
0
0
0
0
0
0
0
0
0
0
0
0
0
0
0
2.04538636821e-25
4.31803788845e-25
3.58160589482e-24
9.53969831071e-24
1.57601741134e-23
1.53196219731e-23
200
200
200
200
200
200
200
200
200
200
200
200
200
200
200
200
0
0
0
0
0
0
0
0
0
0
0
0
0
0
0
0
0
0
4.20510949428e-22
9.3937709398e-21
8.15512954031e-20
0
0
0
0
0
0
0
0
0
0
0
0
0
0
0
0
0
0
0
0
0
0
0
0
0
0
0
0
0
0
0
0
0
0
0
0
0
0
0
0
0
0
0
0
0
0
0
0
0
0
0
0
0
2.04538636821e-25
3.8862340996e-25
3.8862340996e-25
3.78198022116e-24
9.18932409635e-24
1.38560768944e-23
1.32083600649e-23
200
200
200
200
200
200
200
200
200
200
200
200
200
200
200
0
0
0
0
0
0
0
0
0
0
0
0
0
0
0
0
0
0
3.87703821367e-22
9.19958634791e-21
7.56172715821e-20
0
0
0
0
0
0
0
0
0
0
0
0
0
0
0
0
0
0
0
0
0
0
0
0
0
0
0
0
0
0
0
0
0
0
0
0
0
0
0
0
0
0
0
0
0
0
0
0
0
0
0
0
0
0
3.8862340996e-25
3.8862340996e-25
3.8862340996e-25
4.58665934522e-24
1.05520552587e-23
1.13839414181e-23
5.82437053947e-20
200
200
200
200
200
200
200
200
200
200
200
200
200
200
0
0
0
0
0
0
0
0
0
0
0
0
0
0
0
0
0
0
3.96864680516e-22
9.10547091899e-21
7.74180065117e-20
0
0
0
0
0
0
0
0
0
0
0
0
0
0
0
0
0
0
0
0
0
0
0
0
0
0
0
0
0
0
0
0
0
0
0
0
0
0
0
0
0
0
0
0
0
0
0
0
0
0
0
0
0
0
0
3.8862340996e-25
3.8862340996e-25
3.8862340996e-25
5.48074726084e-24
8.24005527756e-24
7.96354487341e-24
1.24435365131e-18
200
200
200
200
200
200
200
200
200
200
200
200
200
0
0
0
0
0
0
0
0
0
0
0
0
0
0
0
0
0
0
5.51685613085e-22
9.5222899005e-21
8.54190344561e-20
0
0
0
0
0
0
0
0
0
0
0
0
0
0
0
0
0
0
0
0
0
0
0
0
0
0
0
0
0
0
0
0
0
0
0
0
0
0
0
0
0
0
0
0
0
0
0
0
0
0
0
0
0
0
0
0
0
2.04538636821e-25
6.15888561984e-25
5.19880002778e-24
6.85905380873e-24
4.93724059194e-24
200
200
200
200
200
200
200
200
200
200
200
200
200
0
0
0
0
0
0
0
0
0
0
0
0
0
0
0
0
0
0
7.57486119146e-22
1.28956982947e-20
1.00643744971e-19
0
0
0
0
0
0
0
0
0
0
0
0
0
0
0
0
0
0
0
0
0
0
0
0
0
0
0
0
0
0
0
0
0
0
0
0
0
0
0
0
0
0
0
0
0
0
0
0
0
0
0
0
0
0
0
0
0
0
1.07210542909e-24
1.41849340657e-24
1.27664406591e-24
2.57972408695e-24
3.31683655902e-22
200
200
200
200
200
200
200
200
200
200
200
200
0
0
0
0
0
0
0
0
0
0
0
0
0
0
0
0
0
0
1.11402657525e-21
1.6644532095e-20
1.26214190434e-19
0
0
0
0
0
0
0
0
0
0
0
0
0
0
0
0
0
0
0
0
0
0
0
0
0
0
0
0
0
0
0
0
0
0
0
0
0
0
0
0
0
0
0
0
0
0
0
0
0
0
0
0
0
0
0
0
0
0
2.80574261757e-25
1.19122825455e-24
1.8033689371e-24
1.41849340657e-24
7.06408715366e-23
200
200
200
200
200
200
200
200
200
200
200
200
0
0
0
0
0
0
0
0
0
0
0
0
0
0
0
0
0
0
1.90214005473e-21
2.12182069945e-20
1.55883089567e-19
0
0
0
0
0
0
0
0
0
0
0
0
0
0
0
0
0
0
0
0
0
0
0
0
0
0
0
0
0
0
0
0
0
0
0
0
0
0
0
0
0
0
0
0
0
0
0
0
0
0
0
0
0
0
0
0
0
0
0
0
1.3235869495e-24
2.00374326345e-24
2.86803327345e-23
6.02410309929e-22
200
200
200
200
200
200
200
200
200
200
200
2.04538636821e-25
0
0
0
0
0
0
0
0
0
0
0
0
0
0
0
0
1.05745587707e-22
3.32231106125e-21
3.04895185244e-20
1.84902974627e-19
0
0
0
0
0
0
0
0
0
0
0
0
0
0
0
0
0
0
0
0
0
0
0
0
0
0
0
0
0
0
0
0
0
0
0
0
0
0
0
0
0
0
0
0
0
0
0
0
0
0
0
0
0
0
0
0
0
0
0
0
0
1.47065216611e-24
3.23421913476e-23
2.26536488438e-22
200
200
200
200
200
200
200
200
200
200
200
2.04538636821e-25
2.04538636821e-25
0
0
0
0
0
0
0
0
0
0
0
0
0
0
0
3.34072000158e-22
5.52635716342e-21
4.59270817182e-20
4.77484339527e-19
0
0
0
0
0
0
0
0
0
0
0
0
0
0
0
0
0
0
0
0
0
0
0
0
0
0
0
0
0
0
0
0
0
0
0
0
0
0
0
0
0
0
0
0
0
0
0
0
0
0
0
0
0
0
0
0
0
0
0
0
0
0
1.39728062546e-23
7.51674866089e-23
200
200
200
200
200
200
200
200
200
200
200
2.04538636821e-25
2.04538636821e-25
2.04538636821e-25
0
0
0
0
0
0
0
0
0
0
0
0
0
0
8.47477748202e-22
8.78089646033e-21
6.25636896889e-20
1.55018690492e-18
0
0
0
0
0
0
0
0
0
0
0
0
0
0
0
0
0
0
0
0
0
0
0
0
0
0
0
0
0
0
0
0
0
0
0
0
0
0
0
0
0
0
0
0
0
0
0
0
0
0
0
0
0
0
0
0
0
0
0
0
0
0
0
7.09310227662e-23
200
200
200
200
200
200
200
200
200
200
0
1.84084773139e-25
2.04538636821e-25
2.04538636821e-25
2.04538636821e-25
0
0
0
0
0
0
0
0
0
0
0
0
9.15314213881e-24
1.54924142987e-21
1.58425086645e-20
7.91865065879e-20
2.80018934569e-18
0
0
0
0
0
0
0
0
0
0
0
0
0
0
0
0
0
0
0
0
0
0
0
0
0
0
0
0
0
0
0
0
0
0
0
0
0
0
0
0
0
0
0
0
0
0
0
0
0
0
0
0
0
0
0
0
0
0
0
0
0
0
0
6.48394412634e-23
200
200
200
200
200
200
200
200
200
200
0
0
1.84084773139e-25
2.04538636821e-25
2.04538636821e-25
0
0
0
0
0
0
0
0
0
0
0
0
2.70917025712e-22
2.6289654921e-21
2.03906519757e-20
8.60924563528e-20
4.64668038001e-18
0
0
0
0
0
0
0
0
0
0
0
0
0
0
0
0
0
0
0
0
0
0
0
0
0
0
0
0
0
0
0
0
0
0
0
0
0
0
0
0
0
0
0
0
0
0
0
0
0
0
0
0
0
0
0
0
0
0
0
0
0
0
0
0
200
200
200
200
200
200
200
200
200
0
0
0
0
2.04538636821e-25
2.04538636821e-25
2.04538636821e-25
0
0
0
0
0
0
0
0
0
0
0
5.54206176146e-22
5.54281397564e-21
2.70393107669e-20
1.7976587039e-19
6.51395849628e-18
0
0
0
0
0
0
0
0
0
0
0
0
0
0
0
0
0
0
0
0
0
0
0
0
0
0
0
0
0
0
0
0
0
0
0
0
0
0
0
0
0
0
0
0
0
0
0
0
0
0
0
0
0
0
0
0
0
0
0
0
0
0
0
0
200
200
200
200
200
200
200
200
0
0
0
0
0
0
2.04538636821e-25
2.04538636821e-25
0
0
0
0
0
0
0
0
0
0
1.43289847595e-22
1.04387923832e-21
6.37529463623e-21
2.58343296879e-20
3.99382368616e-19
1.00960699291e-17
0
0
0
0
0
0
0
0
0
0
0
0
0
0
0
0
0
0
0
0
0
0
0
0
0
0
0
0
0
0
0
0
0
0
0
0
0
0
0
0
0
0
0
0
0
0
0
0
0
0
0
0
0
0
0
0
0
0
0
0
0
0
0
0
200
200
200
200
200
200
200
0
0
0
0
0
0
0
0
2.04538636821e-25
0
0
0
0
0
0
0
0
0
0
4.02035774235e-22
2.14031257147e-21
7.42141891724e-21
1.80500555096e-20
4.71439508662e-19
1.50505275105e-17
0
0
0
0
0
0
0
0
0
0
0
0
0
0
0
0
0
0
0
0
0
0
0
0
0
0
0
0
0
0
0
0
0
0
0
0
0
0
0
0
0
0
0
0
0
0
0
0
0
0
0
0
0
0
0
0
0
0
0
0
0
0
0
19.4935076848
200
200
200
200
200
200
0
0
0
0
0
0
0
0
0
0
0
0
0
0
0
0
0
0
0
1.58651610599e-22
5.91344993389e-22
2.37723032226e-21
4.40057561731e-21
4.04379633914e-20
7.21765533604e-19
2.1321871015e-17
0
0
0
0
0
0
0
0
0
0
0
0
0
0
0
0
0
0
0
0
0
0
0
0
0
0
0
0
0
0
0
0
0
0
0
0
0
0
0
0
0
0
0
0
0
0
0
0
0
0
0
0
0
0
0
0
0
0
0
0
0
0
0
200
200
200
200
200
200
0
0
0
0
0
0
0
0
0
0
0
0
0
0
0
0
0
0
0
0
4.37156924177e-22
1.62698892825e-21
2.73302873831e-21
7.81766078011e-22
3.92281683942e-20
1.22410862589e-18
2.29678249136e-17
0
0
0
0
0
0
0
0
0
0
0
0
0
0
0
0
0
0
0
0
0
0
0
0
0
0
0
0
0
0
0
0
0
0
0
0
0
0
0
0
0
0
0
0
0
0
0
0
0
0
0
0
0
0
0
0
0
0
0
0
0
0
0
200
200
200
200
0
0
0
0
0
0
0
0
0
0
0
0
0
0
0
0
0
0
0
0
0
2.46850195087e-22
9.07910570646e-22
2.95255686143e-21
4.9894669266e-21
3.26738600459e-22
1.00872594403e-20
2.04632664812e-18
2.11822919545e-17
0
0
0
0
0
0
0
0
0
0
0
0
0
0
0
0
0
0
0
0
0
0
0
0
0
0
0
0
0
0
0
0
0
0
0
0
0
0
0
0
0
0
0
0
0
0
0
0
0
0
0
0
0
0
0
0
0
0
0
0
0
0
0
200
0
0
0
0
0
0
0
0
0
0
0
0
0
0
0
0
0
0
0
0
0
0
0
1.65091334867e-22
4.28381399592e-22
1.1689052917e-21
2.79487668845e-21
3.16435856857e-21
9.86258337828e-21
3.96221796717e-20
1.03565715297e-18
1.14308546895e-17
0
0
0
0
0
0
0
0
0
0
0
0
0
0
0
0
0
0
0
0
0
0
0
0
0
0
0
0
0
0
0
0
0
0
0
0
0
0
0
0
0
0
0
0
0
0
0
0
0
0
0
0
0
0
0
0
0
0
0
0
0
0
0
0
0
0
0
0
0
0
0
0
0
0
0
0
0
0
0
0
0
0
0
0
0
0
1.1140593227e-22
5.49851129662e-22
8.50874208911e-22
1.19030223477e-21
1.2381636094e-21
5.79688436675e-20
7.21318355433e-20
1.34773389371e-19
7.72891531279e-19
1.82847891002e-17
4.72475340785e-26
0
0
0
0
0
0
0
0
0
0
0
0
0
0
0
0
0
0
0
0
0
0
0
0
0
0
0
0
0
0
0
0
0
0
0
0
0
0
0
0
0
0
0
0
0
0
0
0
0
0
0
0
0
0
0
0
0
0
0
0
0
0
0
0
0
0
0
0
0
0
0
0
0
0
0
0
0
0
0
0
0
0
0
0
9.90293308314e-23
6.02050963649e-22
9.0737664889e-22
9.9029875033e-22
1.97035875919e-21
1.43733629248e-20
1.60502414618e-20
2.42163287252e-20
5.69987167939e-20
3.34343697138e-19
1.06822021033e-17
200
200
1.13771694127e-25
0
0
0
0
0
0
0
0
0
0
0
0
0
0
0
0
0
0
0
0
0
0
0
0
0
0
0
0
0
0
0
0
0
0
0
0
0
0
0
0
0
0
0
0
0
0
0
0
0
0
0
0
0
0
0
0
0
0
0
0
0
0
0
0
0
0
0
0
0
0
0
0
0
0
0
0
0
0
0
0
0
1.57204770668e-22
6.71639875653e-22
6.65883480388e-22
1.23417126576e-21
5.97304228629e-21
5.31319559113e-21
5.74190036549e-21
9.12641394316e-21
1.60530134158e-20
3.90264785152e-20
2.18377957143e-19
9.80897305539e-18
200
200
200
200
200
0
0
0
0
0
0
0
0
0
0
0
0
0
0
0
0
0
0
0
0
0
0
0
0
0
0
0
0
0
0
0
0
0
0
0
0
0
0
0
0
0
0
0
0
0
0
0
0
0
0
0
0
0
0
0
0
0
0
0
0
0
0
0
0
0
0
0
0
0
0
0
0
0
0
6.84320624426e-25
7.60356249362e-25
4.79781987605e-25
7.65078175917e-23
5.29473374968e-22
6.88966120691e-22
6.72412435329e-22
3.48036330745e-21
3.32114672233e-21
3.38189665094e-21
3.9320187267e-21
4.99078285528e-21
6.68885388647e-21
9.40266411931e-21
1.69699693834e-20
8.52405772123e-20
6.95444695642e-18
200
200
200
200
200
22.4355788324
7.77904534156e-25
0
0
0
0
0
0
0
0
0
0
0
0
0
0
0
0
0
0
0
0
0
0
0
0
0
0
0
0
0
0
0
0
0
0
0
0
0
0
0
0
0
0
0
0
0
0
0
0
0
0
0
0
0
0
0
0
0
0
0
0
0
0
0
0
0
0
2.95887301426e-22
3.77321067506e-22
2.48078785428e-21
3.78603355524e-21
8.40497937653e-21
1.10894480846e-20
1.27956033399e-20
1.37299664667e-20
9.37573429771e-21
1.75473835765e-21
5.96423267936e-22
3.34793190456e-21
2.46659006953e-21
2.34133737483e-21
2.6290816036e-21
3.0950715894e-21
3.60775299901e-21
4.31213208946e-21
5.35875111596e-21
6.7607595301e-21
9.24846142601e-21
1.99339218189e-20
4.1325680861e-18
200
200
200
200
9.238593649e-15
5.70054587727e-19
4.21996657661e-18
1.19184268127e-18
2.06530413613e-25
0
0
0
0
0
0
0
0
0
0
0
0
0
0
0
0
0
0
0
0
0
0
0
0
0
0
0
0
0
0
0
0
0
0
0
0
0
0
0
0
0
0
0
0
0
0
0
0
0
0
0
0
0
0
0
0
0
0
0
0
0
0
3.2131923343e-21
1.70063370378e-20
3.46905506208e-20
5.30456730411e-20
6.32441696448e-20
6.80698460491e-20
7.60860379563e-20
6.79284618792e-20
6.09687682432e-20
4.29016687947e-20
1.6753171542e-20
6.95046812621e-21
3.08020692081e-21
2.11267116803e-21
2.10920206785e-21
2.32797186926e-21
2.58048000189e-21
2.91128122203e-21
3.31270256076e-21
3.8235224299e-21
4.49657080088e-21
5.34023370547e-21
6.50600942326e-21
8.96262436364e-21
1.95129074539e-18
200
200
200
6.06144129312e-15
8.82290241899e-18
9.65392750627e-19
1.49849742749e-19
1.02397351984e-21
2.14111286364e-21
2.22855473068e-23
0
0
0
0
0
0
0
0
0
0
0
0
0
0
0
0
0
0
0
0
0
0
0
0
0
0
0
0
0
0
0
0
0
0
0
0
0
0
0
0
0
0
0
0
0
0
0
0
0
0
0
0
0
0
0
0
0
0
0
0
0
1.56130480524e-20
4.51561568003e-20
4.88392826043e-20
5.0590268045e-20
5.49674605432e-20
5.88332030798e-20
6.2499640779e-20
6.37307207098e-20
6.07033931869e-20
5.44282135751e-20
4.36243956156e-20
9.30990880128e-21
3.57909502454e-21
2.66514648762e-21
2.40414327557e-21
2.43364313751e-21
2.57927338812e-21
2.81892995847e-21
3.12245997966e-21
3.50037699048e-21
3.96112390413e-21
4.51659494994e-21
5.19121186932e-21
6.19828764082e-21
7.84815790955e-19
200
47.7818028595
2.3483265497e-15
1.49416629487e-17
1.38786745045e-18
4.82162862117e-20
2.64376262474e-21
6.71684200819e-22
3.96403556179e-22
9.21313318161e-22
1.26389232449e-21
9.30673524051e-25
0
0
0
0
0
0
0
0
0
0
0
0
0
0
0
0
0
0
0
0
0
0
0
0
0
0
0
0
0
0
0
0
0
0
0
0
0
0
0
0
0
0
0
0
0
0
0
0
0
0
0
0
0
0
0
0
0
0
0
3.58134680437e-20
5.2356691943e-20
5.466267599e-20
5.64455046333e-20
5.92275375606e-20
6.16708485428e-20
6.43554416159e-20
6.6137583408e-20
6.85433834354e-20
6.94264662328e-20
6.45926798748e-20
2.87714799993e-20
5.86365130206e-21
3.51519606067e-21
2.79929937141e-21
2.63239869363e-21
2.66608222393e-21
2.8026662321e-21
3.01947999947e-21
3.30033155679e-21
3.62910856044e-21
4.0146663075e-21
4.44773028798e-21
5.02083161429e-21
2.91679978839e-19
4.96090049525e-14
8.70916709974e-16
2.04961083721e-17
1.6349014764e-18
1.01306110043e-19
3.71075846871e-21
9.18495896263e-22
5.30649212359e-22
4.40547178611e-22
5.43827637941e-22
4.40326441611e-22
7.45991272895e-22
1.10568002646e-23
0
0
0
0
0
0
0
0
0
0
0
0
0
0
0
0
0
0
0
0
0
0
0
0
0
0
0
0
0
0
0
0
0
0
0
0
0
0
0
0
0
0
0
0
0
0
0
0
0
0
0
0
0
0
0
0
0
0
3.25411464563e-20
5.74873205554e-20
5.81790404214e-20
6.22524600624e-20
6.44546177972e-20
6.59128747837e-20
6.7793008914e-20
6.97293713745e-20
7.27224786966e-20
7.7836896285e-20
8.17805511125e-20
5.31784337197e-20
9.21988823662e-21
4.50779129078e-21
3.32836274429e-21
2.92527425857e-21
2.82683732807e-21
2.86760781539e-21
3.00403292003e-21
3.1989863621e-21
3.43943271486e-21
3.71836567225e-21
4.01642630341e-21
4.39022151038e-21
8.66061788789e-20
2.52810907572e-16
2.21023068444e-17
2.10352809382e-18
1.61476940176e-19
4.79692438877e-21
8.26632670104e-22
5.2375557588e-22
3.9649246075e-22
3.56763200561e-22
3.56716408682e-22
3.29337976099e-22
2.88606123127e-22
6.71312903147e-22
1.77812604836e-22
0
0
0
0
0
0
0
0
0
0
0
0
0
0
0
0
0
0
0
0
0
0
0
0
0
0
0
0
0
0
0
0
0
0
0
0
0
0
0
0
0
0
0
0
0
0
0
0
0
0
0
0
0
0
0
0
0
0
8.77735263399e-20
6.81530026437e-20
7.18865048198e-20
7.2868516284e-20
7.2916461119e-20
7.39007083317e-20
7.51456970345e-20
7.82004168349e-20
8.18356858922e-20
8.89498911079e-20
7.70645965895e-20
1.97792069092e-20
5.87587214924e-21
3.95102282616e-21
3.2883822857e-21
3.05314383954e-21
3.0043043689e-21
3.05876874995e-21
3.20024515607e-21
3.37887108751e-21
3.58499721529e-21
3.79782075156e-21
199.999488975
199.999948137
2.65401255628e-17
2.63335027346e-18
2.37809061346e-19
1.66810209701e-21
6.46399875487e-22
4.45316564672e-22
3.56843214675e-22
3.21086880505e-22
2.88898178341e-22
2.88851386461e-22
2.88741627732e-22
3.20824030813e-22
4.52689571733e-22
1.10142207651e-21
5.62897759138e-22
0
0
0
0
0
0
0
0
0
0
0
0
0
0
0
0
0
0
0
0
0
0
0
0
0
0
0
0
0
0
0
0
0
0
0
0
0
0
0
0
0
0
0
0
0
0
0
0
0
0
0
0
0
0
0
0
0
1.47022187342e-19
9.45708185212e-20
9.07324818146e-20
8.62581713623e-20
8.32635929895e-20
8.20942064678e-20
8.27201928983e-20
8.38828372906e-20
8.68826658846e-20
9.13344387244e-20
9.75812530147e-20
3.65180299889e-20
7.69934140914e-21
4.6831542043e-21
3.72346607774e-21
3.3362467706e-21
3.18481496698e-21
3.18802399676e-21
3.26114622241e-21
3.39149029e-21
199.999911353
199.999999126
199.999999915
199.999999957
4.34315910755e-18
3.05946101776e-19
6.07437334355e-22
4.76448995515e-22
3.81299546377e-22
3.20775959377e-22
2.73675085763e-22
2.56844020693e-22
2.33969623034e-22
2.33927510342e-22
2.5186790303e-22
2.8549399987e-22
3.77036240967e-22
8.47812578247e-22
2.07977342197e-20
2.64403187126e-21
0
0
0
0
0
0
0
0
0
0
0
0
0
0
0
0
0
0
0
0
0
0
0
0
0
0
0
0
0
0
0
0
0
0
0
0
0
0
0
0
0
0
0
0
0
0
0
0
0
0
0
0
0
0
0
0
1.56499534179e-19
1.28623630533e-19
1.1325112568e-19
1.03883836937e-19
9.6527798623e-20
9.32606923368e-20
9.12174186765e-20
9.07891483334e-20
9.22052500823e-20
9.51790078205e-20
1.09773105093e-19
5.32250052014e-20
9.81600707959e-21
5.49163047732e-21
4.20964213323e-21
3.66696514296e-21
3.44177833804e-21
3.37364308344e-21
199.999954513
199.999999617
199.999999983
199.999999998
199.999999999
199.999999999
4.26167663636e-19
3.79445576393e-22
3.42290483041e-22
3.01027060243e-22
2.60719646004e-22
2.34032391579e-22
2.1057266073e-22
2.04304578866e-22
1.9210380962e-22
1.95512241582e-22
2.10445854737e-22
2.33770959733e-22
3.2063809296e-22
5.20575433306e-18
1.85442617716e-18
5.82515988296e-19
4.52978764246e-21
0
0
0
0
0
0
0
0
0
0
0
0
0
0
0
0
0
0
0
0
0
0
0
0
0
0
0
0
0
0
0
0
0
0
0
0
0
0
0
0
0
0
0
0
0
0
0
0
0
0
0
0
0
0
0
1.6497747046e-19
1.59129512659e-19
1.36718440171e-19
1.23549708418e-19
1.14001621832e-19
1.06214755445e-19
1.01080569305e-19
9.83646520572e-20
9.76866184504e-20
9.87554538869e-20
1.10315335645e-19
6.15343687432e-20
1.17764214341e-20
6.34332475788e-21
4.73805300499e-21
4.05086333283e-21
199.999997523
199.999999791
199.999999991
199.999999999
200
200
200
200
2.61077144551e-22
2.50242407714e-22
2.35313849057e-22
2.16812845377e-22
1.99511618458e-22
1.86873225918e-22
1.70499043759e-22
1.69068406455e-22
1.63114089809e-22
1.6717056859e-22
1.70372237766e-22
1.93020807676e-22
8.21356987779e-13
3.52256226836e-12
5.11043949666e-14
3.76525526667e-16
1.49046885438e-17
1.24419444213e-21
0
0
0
0
0
0
0
0
0
0
0
0
0
0
0
0
0
0
0
0
0
0
0
0
0
0
0
0
0
0
0
0
0
0
0
0
0
0
0
0
0
0
0
0
0
0
0
0
0
0
0
0
0
0
1.42225143284e-19
1.85293688734e-19
1.56942344389e-19
1.42163033482e-19
1.30926339052e-19
1.19999796687e-19
1.11747486571e-19
1.05888125983e-19
1.02476360486e-19
1.00993330672e-19
1.09357478917e-19
5.95723039508e-20
199.999947447
199.999999061
199.999999824
199.999999985
199.999999998
200
200
200
200
200
200
200
1.90612322384e-22
1.8482815036e-22
1.77657963676e-22
1.69605189368e-22
1.5843465822e-22
1.5224978833e-22
1.41483853728e-22
1.38001512591e-22
1.38001512591e-22
1.37959399899e-22
1.43481112464e-22
3.0123753804e-07
200
200
200
1.66922451243e-10
7.93318333021e-15
8.06341073005e-17
2.03049324986e-22
0
0
0
0
0
0
0
0
0
0
0
0
0
0
0
0
0
0
0
0
0
0
0
0
0
0
0
0
0
0
0
0
0
0
0
0
0
0
0
0
0
0
0
0
0
0
0
0
0
0
0
0
0
1.00811153966e-19
2.02650613961e-19
199.999999277
199.999999636
199.999999734
199.999999785
199.999999826
199.999999873
199.999999917
199.999999956
199.999999979
199.999999991
199.999999997
199.999999999
200
200
200
200
200
200
200
200
200
200
1.49953619503e-22
1.47727343231e-22
1.43546833506e-22
1.38120772827e-22
1.32143300787e-22
1.24226228455e-22
1.21466127009e-22
1.16126273418e-22
1.13287945074e-22
1.14924743996e-22
1.2318730132e-22
200
200
200
200
200
200
1.43193883514e-13
6.53136262804e-17
5.27949973294e-25
0
0
0
0
0
0
0
0
0
0
0
0
0
0
0
0
0
0
0
0
0
0
0
0
0
0
0
0
0
0
0
0
0
0
0
0
0
0
0
0
0
0
0
0
0
0
0
0
0
0
0
0
199.999999987
199.999999999
200
200
200
200
200
200
200
200
200
200
200
200
200
200
200
200
200
200
200
200
200
200
1.26186902336e-22
1.22485608174e-22
1.20087881099e-22
1.16397312953e-22
1.11011956765e-22
1.06453574851e-22
1.01448974612e-22
9.92017675787e-23
9.7577597748e-23
9.85160256855e-23
1.00500389824e-22
1.11709212496e-22
200
200
200
200
200
200
1.15941656195e-13
1.36669566857e-18
0
0
0
0
0
0
0
0
0
0
0
0
0
0
0
0
0
0
0
0
0
0
0
0
0
0
0
0
0
0
0
0
0
0
0
0
0
0
0
0
0
0
0
0
0
0
0
0
0
0
0
199.999999998
200
200
200
200
200
200
200
200
200
200
200
200
200
200
200
200
200
200
200
200
200
200
200
200
1.0641261283e-22
1.04950252066e-22
1.01530188637e-22
9.7247653821e-23
9.43610770121e-23
8.8756679395e-23
8.60026792079e-23
8.33603966207e-23
8.16108959022e-23
8.17289319468e-23
8.49123359858e-23
9.2744931901e-23
1.16639311275e-22
200
200
200
200
200
200
6.62400265613e-15
8.63064724711e-19
0
0
0
0
0
0
0
0
0
0
0
0
0
0
0
0
0
0
0
0
0
0
0
0
0
0
0
0
0
0
0
0
0
0
0
0
0
0
0
0
0
0
0
0
0
0
0
0
0
199.999999997
200
200
200
200
200
200
200
200
200
200
200
200
200
200
200
200
200
200
200
200
200
200
200
200
200
8.94411060662e-23
8.68087213994e-23
8.51589240323e-23
8.22197636877e-23
7.83160418184e-23
7.63173184933e-23
7.25286777541e-23
7.04783735682e-23
6.93793892353e-23
6.9289232263e-23
7.08870124689e-23
7.62333954942e-23
9.14933101103e-23
1.15720588756e-20
200
200
200
200
200
1.05694559778e-07
3.29193492941e-16
1.53284787306e-21
0
0
0
0
0
0
0
0
0
0
0
0
0
0
0
0
0
0
0
0
0
0
0
0
0
0
0
0
0
0
0
0
0
0
0
0
0
0
0
0
0
0
0
0
0
0
0
0
200
200
200
200
200
200
200
200
200
200
200
200
200
200
200
200
200
200
200
200
200
200
200
200
200
200
7.50844785273e-23
7.36679445095e-23
7.2158062732e-23
6.98933057307e-23
6.7756907522e-23
6.47383015137e-23
6.2801952838e-23
6.13399451017e-23
5.99435665913e-23
5.91618383395e-23
6.024954383e-23
6.28311395522e-23
7.11748479175e-23
3.8855786755e-21
1.56832540942e-19
200
200
200
200
200
2.53014761334e-13
7.30927965593e-19
1.38005761e-22
0
0
0
0
0
0
0
0
0
0
0
0
0
0
0
0
0
0
0
0
0
0
0
0
0
0
0
0
0
0
0
0
0
0
0
0
0
0
0
0
0
0
0
0
0
0
200
200
200
200
200
200
200
200
200
200
200
200
200
200
200
200
200
200
200
200
200
200
200
200
200
200
200
6.59450099638e-23
6.45267470783e-23
6.29774831772e-23
6.13367309319e-23
5.93640726175e-23
5.69475823292e-23
5.58088502545e-23
5.39230697634e-23
5.20482990674e-23
5.14782946614e-23
5.14852196447e-23
5.26596749592e-23
5.70796824592e-23
1.0941933404e-22
7.54948200327e-20
1.39626558436e-19
199.999999998
200
200
200
2.5351797249e-05
9.70346536913e-19
9.93418313412e-19
0
0
0
0
0
0
0
0
0
0
0
0
0
0
0
0
0
0
0
0
0
0
0
0
0
0
0
0
0
0
0
0
0
0
0
0
0
0
0
0
0
0
0
0
0
0
200
200
200
200
200
200
200
200
200
200
200
200
200
200
200
200
200
200
200
200
200
200
200
200
200
200
200
5.94002614723e-23
5.81167328261e-23
5.68250608615e-23
5.52630882246e-23
5.36505609178e-23
5.15787323715e-23
5.02946937771e-23
4.81238520055e-23
4.62440927631e-23
4.54528896662e-23
4.50144073793e-23
4.53521286999e-23
4.7383309816e-23
5.67039489401e-23
1.94184502339e-20
1.98071528116e-19
1.24663062319e-19
1.81078152529e-19
200
200
200
7.4768573551e-19
1.49487815003e-18
1.01015268198e-18
0
0
0
0
0
0
0
0
0
0
0
0
0
0
0
0
0
0
0
0
0
0
0
0
0
0
0
0
0
0
0
0
0
0
0
0
0
0
0
0
0
0
0
0
199.999999999
200
200
200
200
200
200
200
200
200
200
200
200
200
200
200
200
200
200
200
200
200
200
200
200
200
200
200
5.49377596409e-23
5.35621862682e-23
5.25788839683e-23
5.09514639501e-23
4.91409529726e-23
4.74741388172e-23
4.54001993275e-23
4.34019306287e-23
4.13422471959e-23
4.03268958931e-23
3.9122227643e-23
3.86720499524e-23
3.99339651751e-23
4.39071589649e-23
3.43880943457e-21
1.00003120034e-19
1.19236305743e-19
1.82285821089e-19
2.65644298295e-19
3.54936778597e-19
5.34349727028e-19
7.31940584811e-19
1.16772521208e-18
2.64423238617e-18
1.38369759083e-17
0
0
0
0
0
0
0
0
0
0
0
0
0
0
0
0
0
0
0
0
0
0
0
0
0
0
0
0
0
0
0
0
0
0
0
0
0
0
0
0
0
0
0
200
200
200
200
200
200
200
200
200
200
200
200
200
200
200
200
200
200
200
200
200
200
200
200
200
200
200
200
5.17469359604e-23
5.02977191663e-23
4.92054435934e-23
4.76848416611e-23
4.57754947501e-23
4.3804164975e-23
4.15341438923e-23
3.92766291267e-23
3.70792163743e-23
3.53940789234e-23
3.38187923772e-23
3.30981699548e-23
3.30372194785e-23
3.46505581478e-23
4.61360189006e-23
1.8826384794e-20
1.09865472348e-19
1.44294302962e-19
3.00898725477e-19
4.55145856765e-19
6.82684077168e-19
9.28216837915e-19
1.42680459258e-18
3.56846411531e-18
1.01602912099e-17
7.21614356613e-19
0
0
0
0
0
0
0
0
0
0
0
0
0
0
0
0
0
0
0
0
0
0
0
0
0
0
0
0
0
0
0
0
0
0
0
0
0
0
0
0
0
0
200
200
200
200
200
200
200
200
200
200
200
200
200
200
200
200
200
200
200
200
200
200
200
200
200
200
200
200
4.98324364488e-23
4.79938523389e-23
4.67889831653e-23
4.51762823225e-23
4.28133119759e-23
4.06834474183e-23
3.81713789048e-23
3.55963303713e-23
3.33367937534e-23
3.1312402959e-23
2.96281409178e-23
2.83427028201e-23
2.73575960088e-23
2.74063042505e-23
2.98178177055e-23
1.61949292343e-21
3.14029855269e-20
7.18586171231e-20
1.62067144405e-19
3.07470759498e-19
5.9932772833e-19
1.0429624919e-18
1.88726515637e-18
2.43150265798e-18
2.51078628751e-18
6.27509226448e-18
0
0
0
0
0
0
0
0
0
0
0
0
0
0
0
0
0
0
0
0
0
0
0
0
0
0
0
0
0
0
0
0
0
0
0
0
0
0
0
0
0
0
200
200
200
200
200
200
200
200
200
200
200
200
200
200
200
200
200
200
200
200
200
200
200
200
200
200
200
200
4.92536292409e-23
4.6860085552e-23
4.53178734373e-23
4.32843696496e-23
4.08219200683e-23
3.81316070458e-23
3.53606874255e-23
3.27374039235e-23
3.02067620319e-23
2.8036707784e-23
2.63029733995e-23
2.47606257098e-23
2.38047540368e-23
2.2964725178e-23
2.2970680522e-23
2.59775151634e-23
4.25277406881e-21
2.08916832453e-20
4.6992342588e-20
1.07577002761e-19
2.06000240316e-19
4.24462650309e-19
7.96391514575e-19
1.30822355211e-18
1.63490132119e-18
2.5721196301e-18
1.65907566479e-17
2.98253842414e-11
0
0
0
0
0
0
0
0
0
0
0
0
0
0
0
0
0
0
0
0
0
0
0
0
0
0
0
0
0
0
0
0
0
0
0
0
0
0
0
200
200
200
200
200
200
200
200
200
200
200
200
200
200
200
200
200
200
200
200
200
200
200
200
200
200
200
200
200
5.07242342034e-23
4.71234793159e-23
4.50228493761e-23
4.25810451913e-23
3.9434093413e-23
3.63939529917e-23
3.33523811215e-23
3.03951257582e-23
2.78602203603e-23
2.55563342083e-23
2.36970254061e-23
2.22715506908e-23
2.09175587198e-23
1.96428243054e-23
1.91081254331e-23
1.91479081536e-23
3.69466673367e-23
3.55585892322e-21
9.11013710347e-21
2.08934418599e-20
4.48128262222e-20
9.50687838591e-20
1.92913082491e-19
4.07280060856e-19
7.65324848556e-19
1.60221900128e-18
2.07469188021e-11
116.027358303
0
0
0
0
0
0
0
0
0
0
0
0
0
0
0
0
0
0
0
0
0
0
0
0
0
0
0
0
0
0
0
0
0
0
0
0
0
0
0
200
200
200
200
200
200
200
200
200
200
200
200
200
200
200
200
200
200
200
200
200
200
200
200
200
200
200
200
200
199.99978528
5.01291629365e-23
4.64803503499e-23
4.25673840668e-23
3.89060876979e-23
3.5274046111e-23
3.1963465708e-23
2.88798787011e-23
2.62415840252e-23
2.3879109769e-23
2.20460607321e-23
2.02354529528e-23
1.86767253725e-23
1.72727147204e-23
1.5844069691e-23
1.50714008075e-23
1.51475651739e-23
2.0895244411e-22
1.7754161979e-21
3.68782111115e-21
7.14052087779e-21
1.26940953928e-20
2.41649964554e-20
6.2374544345e-20
2.56607219385e-19
7.33063700617e-17
7.1613114711e-11
7.03769518492e-19
68.9616568948
0
0
0
0
0
0
0
0
0
0
0
0
0
0
0
0
0
0
0
0
0
0
0
0
0
0
0
0
0
0
0
0
0
0
0
0
0
0
200
200
200
200
200
200
200
200
200
200
200
200
200
200
200
200
200
200
200
200
200
200
200
200
200
200
200
200
200
1.206442948e-08
5.84240812652e-23
5.10882192591e-23
4.46109139994e-23
3.94257715981e-23
3.49463950076e-23
3.10709133499e-23
2.77446954388e-23
2.47356014323e-23
2.26355279391e-23
2.05330254739e-23
1.86774486493e-23
1.68342538236e-23
1.50632596727e-23
1.34194828653e-23
1.20745609685e-23
1.12011365862e-23
1.14956556177e-23
1.88904468573e-22
5.92325731107e-22
1.08607550365e-21
1.80109363996e-21
2.61979469053e-21
3.62682068355e-21
6.50838711932e-21
3.14156052402e-20
2.20850680107e-19
2.68497672815e-20
199.999999999
0
0
0
0
0
0
0
0
0
0
0
0
0
0
0
0
0
0
0
0
0
0
0
0
0
0
0
0
0
0
0
0
0
0
0
0
0
199.999999996
200
200
200
200
200
200
200
200
200
200
200
200
200
200
200
200
200
200
200
200
200
200
200
200
200
200
200
200
200
2.81355932008e-17
8.31434099327e-23
6.2568633449e-23
4.93782751561e-23
4.109651732e-23
3.52165010512e-23
3.07337331717e-23
2.69330400775e-23
2.40694692228e-23
2.15761968634e-23
1.94552974827e-23
1.74904105611e-23
1.5483414389e-23
1.3462658638e-23
1.16623691291e-23
1.01958070367e-23
8.93932682668e-24
8.01704480668e-24
1.03171179281e-23
6.64104294193e-23
1.23252223961e-22
2.13678757578e-22
3.08435541342e-22
2.87267531239e-22
2.05312613706e-22
6.10979443241e-23
5.33718397492e-23
2.32393931304e-23
3.61875081109e-22
200
0
0
0
0
0
0
0
0
0
0
0
0
0
0
0
0
0
0
0
0
0
0
0
0
0
0
0
0
0
0
0
0
0
0
0
0
200
200
200
200
200
200
200
200
200
200
200
200
200
200
200
200
200
200
200
200
200
200
200
200
200
200
200
200
200
200
2.08274830423e-16
2.51290613218e-14
124.059786717
5.82464961994e-23
4.38152511064e-23
3.60426264574e-23
3.06597960958e-23
2.65458378887e-23
2.3564335005e-23
2.10450441556e-23
1.87025772313e-23
1.66729805179e-23
1.46048940315e-23
1.25412212692e-23
1.07105808583e-23
9.04669873002e-24
7.16756315651e-24
4.64097593017e-24
5.03315466261e-24
8.94150541957e-24
1.64149236577e-23
2.30444231074e-23
2.20456618762e-23
1.25740584354e-23
1.63773735193e-23
2.28995284832e-23
3.89014667179e-23
6.60056956674e-23
4.40642198652e-22
6.12948536673e-21
0
0
0
0
0
0
0
0
0
0
0
0
0
0
0
0
0
0
0
0
0
0
0
0
0
0
0
0
0
0
0
0
0
0
0
4.72475340785e-26
200
200
200
200
200
200
200
200
200
200
200
200
200
200
200
200
200
200
200
200
200
200
200
200
200
200
200
200
200
200
7.56573197108e-16
2.45028374249e-17
2.72836862546e-11
200
1.55758097894e-06
3.70126575468e-23
3.0564143266e-23
2.63039376094e-23
2.32264069261e-23
2.06283439469e-23
1.83729255763e-23
1.62249977508e-23
1.39755914455e-23
1.19241938469e-23
9.94152810441e-24
7.84698291162e-24
5.57105328186e-24
2.9777595684e-24
5.27945846659e-25
9.43301456258e-25
1.10236637908e-24
1.25147504532e-24
2.79883707459e-24
4.06441330346e-24
6.70293993518e-24
1.39588065416e-23
3.49931919133e-23
1.34194279396e-22
7.46602416154e-22
6.71924046406e-22
2.23804108793e-26
0
0
0
0
0
0
0
0
0
0
0
0
0
0
0
0
0
0
0
0
0
0
0
0
0
0
0
0
0
0
0
0
0
0
200
200
200
200
200
200
200
200
200
200
200
200
200
200
200
200
200
200
200
200
200
200
200
200
200
200
200
200
200
200
200
6.01418171758e-16
6.38851749169e-16
6.58666594438e-16
1.2784884314e-15
2.67421118316e-10
200
200
2.73072566505e-23
2.3548418255e-23
2.07795501442e-23
1.83673023349e-23
1.61542317441e-23
1.35921260041e-23
1.16341193773e-23
9.59724185933e-24
7.91132741262e-24
5.85051826741e-24
2.80447743139e-24
5.27945846659e-25
8.52354495214e-25
1.07749925588e-24
1.22660792212e-24
1.5483508775e-24
3.62727182102e-24
5.11634653763e-24
1.08749692197e-23
3.1493872722e-23
6.60238238002e-23
1.24379320937e-22
5.09821840482e-24
3.6267275605e-21
0
0
0
0
0
0
0
0
0
0
0
0
0
0
0
0
0
0
0
0
0
0
0
0
0
0
0
0
0
0
0
0
0
0
200
200
200
200
200
200
200
200
200
200
200
200
200
200
200
200
200
200
200
200
200
200
200
200
200
200
200
200
200
200
179.485372167
)
;

boundaryField
{
    frontAndBack
    {
        type            empty;
    }
    leftWall
    {
        type            calculated;
        value           uniform 0;
    }
    outlet
    {
        type            calculated;
        value           uniform 0;
    }
    rightWall
    {
        type            calculated;
        value           uniform 0;
    }
    inlet
    {
        type            calculated;
        value           uniform 3.34515035759e-20;
    }
}


// ************************************************************************* //
